remeshing time
0.00000e+00
1.00000e-01
2.00000e-01
3.00000e-01
5.00000e-01
7.00000e-01
8.00000e-01
9.00000e-01
1.00000e+00
1.10000e+00
1.20000e+00
1.40000e+00
1.70000e+00
1.90000e+00
2.00000e+00
2.10000e+00
2.50000e+00
2.70000e+00
2.90000e+00
3.00000e+00
3.20000e+00
3.50000e+00
3.70000e+00
4.00000e+00
4.10000e+00
4.20000e+00
4.30000e+00
4.50000e+00
4.70000e+00
4.80000e+00
4.90000e+00
5.00000e+00
5.10000e+00
5.30000e+00
5.50000e+00
5.80000e+00
5.90000e+00
6.00000e+00
6.20000e+00
6.60000e+00
6.80000e+00
7.00000e+00
7.10000e+00
7.30000e+00
7.50000e+00
7.60000e+00
7.80000e+00
8.10000e+00
8.30000e+00
8.40000e+00
8.70000e+00
8.80000e+00
9.10000e+00
9.20000e+00
9.40000e+00
9.70000e+00
9.90000e+00
1.00000e+01
1.01000e+01
1.02000e+01
1.03000e+01
1.05000e+01
1.07000e+01
1.08000e+01
1.09000e+01
1.10000e+01
1.11000e+01
1.13000e+01
1.15000e+01
1.18000e+01
1.19000e+01
1.20000e+01
1.22000e+01
1.26000e+01
1.28000e+01
1.30000e+01
1.31000e+01
1.32000e+01
1.35000e+01
1.38000e+01
1.40000e+01
1.41000e+01
1.42000e+01
1.43000e+01
1.45000e+01
1.47000e+01
1.50000e+01
1.51000e+01
1.52000e+01
1.53000e+01
1.55000e+01
1.57000e+01
1.58000e+01
1.59000e+01
1.60000e+01
1.61000e+01
1.62000e+01
1.63000e+01
1.65000e+01
1.67000e+01
1.70000e+01
1.71000e+01
1.72000e+01
1.73000e+01
1.75000e+01
1.77000e+01
1.78000e+01
1.79000e+01
1.80000e+01
1.81000e+01
1.82000e+01
1.83000e+01
1.85000e+01
1.87000e+01
1.90000e+01
1.91000e+01
1.93000e+01
1.95000e+01
1.98000e+01
1.99000e+01
2.02000e+01
2.03000e+01
2.06000e+01
2.08000e+01
2.09000e+01
2.10000e+01
2.12000e+01
2.14000e+01
2.16000e+01
2.18000e+01
2.25000e+01
2.27000e+01
2.29000e+01
2.32000e+01
2.34000e+01
2.36000e+01
2.38000e+01
2.39000e+01
2.42000e+01
2.44000e+01
2.47000e+01
2.50000e+01
2.51000e+01
2.52000e+01
2.53000e+01
2.55000e+01
2.57000e+01
2.58000e+01
2.59000e+01
2.60000e+01
2.61000e+01
2.62000e+01
2.63000e+01
2.65000e+01
2.67000e+01
2.70000e+01
2.71000e+01
2.73000e+01
2.75000e+01
2.78000e+01
2.79000e+01
2.82000e+01
2.83000e+01
2.86000e+01
2.88000e+01
2.89000e+01
2.90000e+01
2.91000e+01
2.93000e+01
2.96000e+01
2.98000e+01
3.05000e+01
3.07000e+01
3.09000e+01
3.12000e+01
3.14000e+01
3.16000e+01
3.18000e+01
3.19000e+01
3.22000e+01
3.24000e+01
3.27000e+01
3.30000e+01
3.32000e+01
3.34000e+01
3.37000e+01
3.38000e+01
3.39000e+01
3.42000e+01
3.43000e+01
3.46000e+01
3.48000e+01
3.49000e+01
3.50000e+01
3.51000e+01
3.52000e+01
3.54000e+01
3.56000e+01
3.58000e+01
3.59000e+01
3.62000e+01
3.64000e+01
3.67000e+01
3.70000e+01
3.71000e+01
3.72000e+01
3.73000e+01
3.75000e+01
3.77000e+01
3.78000e+01
3.79000e+01
3.80000e+01
3.81000e+01
3.82000e+01
3.85000e+01
3.87000e+01
3.89000e+01
3.92000e+01
3.94000e+01
3.96000e+01
3.98000e+01
4.06000e+01
4.08000e+01
4.09000e+01
4.13000e+01
4.15000e+01
4.16000e+01
4.18000e+01
4.21000e+01
4.23000e+01
4.24000e+01
4.27000e+01
4.28000e+01
4.33000e+01
4.35000e+01
4.38000e+01
4.39000e+01
4.40000e+01
4.42000e+01
4.46000e+01
4.48000e+01
4.50000e+01
4.51000e+01
4.52000e+01
4.55000e+01
4.58000e+01
4.60000e+01
4.61000e+01
4.62000e+01
4.65000e+01
4.67000e+01
4.69000e+01
4.73000e+01
4.75000e+01
4.78000e+01
4.80000e+01
4.81000e+01
4.82000e+01
4.85000e+01
4.87000e+01
4.89000e+01
4.90000e+01
4.91000e+01
4.93000e+01
4.95000e+01
4.96000e+01
4.98000e+01
5.01000e+01
5.03000e+01
5.04000e+01
5.07000e+01
5.08000e+01
5.13000e+01
5.15000e+01
5.18000e+01
5.19000e+01
5.20000e+01
5.22000e+01
5.26000e+01
5.28000e+01
5.30000e+01
5.32000e+01
5.34000e+01
5.36000e+01
5.38000e+01
5.41000e+01
5.43000e+01
5.44000e+01
5.47000e+01
5.48000e+01
5.53000e+01
5.55000e+01
5.58000e+01
5.59000e+01
5.60000e+01
5.62000e+01
5.64000e+01
5.67000e+01
5.68000e+01
5.71000e+01
5.72000e+01
5.74000e+01
5.77000e+01
5.79000e+01
5.80000e+01
5.81000e+01
5.82000e+01
5.83000e+01
5.85000e+01
5.87000e+01
5.88000e+01
5.89000e+01
5.90000e+01
5.91000e+01
5.93000e+01
5.95000e+01
5.98000e+01
5.99000e+01
6.00000e+01
6.02000e+01
6.06000e+01
6.08000e+01
6.10000e+01
6.11000e+01
6.12000e+01
6.15000e+01
6.18000e+01
6.20000e+01
6.21000e+01
6.22000e+01
6.25000e+01
6.27000e+01
6.29000e+01
6.32000e+01
6.34000e+01
6.36000e+01
6.38000e+01
6.46000e+01
6.48000e+01
6.50000e+01
6.51000e+01
6.52000e+01
6.54000e+01
6.56000e+01
6.58000e+01
6.61000e+01
6.63000e+01
6.64000e+01
6.67000e+01
6.68000e+01
6.73000e+01
6.75000e+01
6.78000e+01
6.79000e+01
6.80000e+01
6.82000e+01
6.86000e+01
6.88000e+01
6.90000e+01
6.92000e+01
6.94000e+01
6.96000e+01
6.98000e+01
7.01000e+01
7.03000e+01
7.04000e+01
7.07000e+01
7.08000e+01
7.13000e+01
7.15000e+01
7.18000e+01
7.19000e+01
7.20000e+01
7.22000e+01
7.24000e+01
7.27000e+01
7.28000e+01
7.31000e+01
7.32000e+01
7.34000e+01
7.37000e+01
7.39000e+01
7.40000e+01
7.41000e+01
7.42000e+01
7.43000e+01
7.45000e+01
7.47000e+01
7.48000e+01
7.49000e+01
7.50000e+01
7.51000e+01
7.52000e+01
7.54000e+01
7.57000e+01
7.59000e+01
7.60000e+01
7.61000e+01
7.65000e+01
7.67000e+01
7.69000e+01
7.73000e+01
7.76000e+01
7.77000e+01
7.80000e+01
7.81000e+01
7.85000e+01
7.87000e+01
7.89000e+01
7.93000e+01
7.96000e+01
7.97000e+01
8.00000e+01
8.01000e+01
8.02000e+01
8.03000e+01
8.05000e+01
8.07000e+01
8.08000e+01
8.09000e+01
8.10000e+01
8.12000e+01
8.13000e+01
8.15000e+01
8.18000e+01
8.19000e+01
8.20000e+01
8.22000e+01
8.24000e+01
8.27000e+01
8.28000e+01
8.33000e+01
8.35000e+01
8.38000e+01
8.39000e+01
8.40000e+01
8.42000e+01
8.44000e+01
8.47000e+01
8.48000e+01
8.53000e+01
8.55000e+01
8.58000e+01
8.59000e+01
8.60000e+01
8.62000e+01
8.64000e+01
8.67000e+01
8.68000e+01
8.71000e+01
8.72000e+01
8.74000e+01
8.77000e+01
8.79000e+01
8.80000e+01
8.81000e+01
8.82000e+01
8.83000e+01
8.85000e+01
8.87000e+01
8.88000e+01
8.89000e+01
8.90000e+01
8.91000e+01
8.92000e+01
8.94000e+01
8.97000e+01
8.99000e+01
9.00000e+01
9.01000e+01
9.02000e+01
9.03000e+01
9.05000e+01
9.07000e+01
9.08000e+01
9.09000e+01
9.10000e+01
9.11000e+01
9.13000e+01
9.15000e+01
9.18000e+01
9.19000e+01
9.20000e+01
9.22000e+01
9.26000e+01
9.28000e+01
9.30000e+01
9.32000e+01
9.35000e+01
9.38000e+01
9.40000e+01
9.41000e+01
9.42000e+01
9.45000e+01
9.47000e+01
9.49000e+01
9.50000e+01
9.52000e+01
9.55000e+01
9.58000e+01
9.60000e+01
9.61000e+01
9.62000e+01
9.65000e+01
9.67000e+01
9.69000e+01
9.70000e+01
9.71000e+01
9.72000e+01
9.74000e+01
9.76000e+01
9.78000e+01
9.86000e+01
9.88000e+01
9.90000e+01
9.92000e+01
9.95000e+01
9.98000e+01
1.00000e+02
1.00100e+02
1.00200e+02
1.00500e+02
1.00700e+02
1.00900e+02
1.01000e+02
1.01100e+02
1.01200e+02
1.01400e+02
1.01600e+02
1.01800e+02
1.02600e+02
1.02800e+02
1.03000e+02
1.03200e+02
1.03400e+02
1.03600e+02
1.03800e+02
1.04600e+02
1.04800e+02
1.05000e+02
1.05200e+02
1.05400e+02
1.05600e+02
1.05800e+02
1.06600e+02
1.06800e+02
1.07000e+02
1.07200e+02
1.07500e+02
1.07800e+02
1.08000e+02
1.08100e+02
1.08200e+02
1.08500e+02
1.08700e+02
1.08900e+02
1.09000e+02
1.09200e+02
1.09500e+02
1.09800e+02
1.10000e+02
1.10100e+02
1.10200e+02
1.10500e+02
1.10700e+02
1.10900e+02
1.11000e+02
1.11100e+02
1.11300e+02
1.11500e+02
1.11800e+02
1.12000e+02
1.12100e+02
1.12200e+02
1.12500e+02
1.12700e+02
1.12900e+02
1.13200e+02
1.13400e+02
1.13600e+02
1.13800e+02
1.14600e+02
1.14800e+02
1.15000e+02
1.15100e+02
1.15300e+02
1.15500e+02
1.15800e+02
1.16000e+02
1.16100e+02
1.16200e+02
1.16300e+02
1.16500e+02
1.16700e+02
1.17000e+02
1.17100e+02
1.17200e+02
1.17300e+02
1.17500e+02
1.17700e+02
1.17800e+02
1.17900e+02
1.18000e+02
1.18100e+02
1.18200e+02
1.18300e+02
1.18500e+02
1.18700e+02
1.19000e+02
1.19100e+02
1.19200e+02
1.19300e+02
1.19500e+02
1.19700e+02
1.19800e+02
1.19900e+02
1.20000e+02
1.20100e+02
1.20200e+02
1.20300e+02
1.20500e+02
1.20700e+02
1.21000e+02
1.21100e+02
1.21300e+02
1.21500e+02
1.21800e+02
1.21900e+02
1.22300e+02
1.22600e+02
1.22900e+02
1.23300e+02
1.23500e+02
1.23800e+02
1.23900e+02
1.24200e+02
1.24300e+02
1.24600e+02
1.24800e+02
1.24900e+02
1.25000e+02
1.25100e+02
1.25300e+02
1.25400e+02
1.25600e+02
1.25800e+02
1.25900e+02
1.26500e+02
1.26800e+02
1.26900e+02
1.27000e+02
1.27100e+02
1.27200e+02
1.27400e+02
1.27600e+02
1.27800e+02
1.27900e+02
1.28200e+02
1.28400e+02
1.28700e+02
1.29000e+02
1.29200e+02
1.29400e+02
1.29700e+02
1.29800e+02
1.29900e+02
1.30200e+02
1.30300e+02
1.30600e+02
1.30800e+02
1.30900e+02
1.31000e+02
1.31200e+02
1.31400e+02
1.31600e+02
1.31800e+02
1.32200e+02
1.32300e+02
1.32400e+02
1.32600e+02
1.32900e+02
1.33000e+02
1.33200e+02
1.33400e+02
1.33700e+02
1.33800e+02
1.33900e+02
1.34300e+02
1.34400e+02
1.34700e+02
1.35000e+02
1.35100e+02
1.35300e+02
1.35600e+02
1.35900e+02
1.36200e+02
1.36600e+02
1.36800e+02
1.37000e+02
1.37100e+02
1.37200e+02
1.37400e+02
1.37600e+02
1.37800e+02
1.38600e+02
1.38800e+02
1.39000e+02
1.39200e+02
1.39400e+02
1.39600e+02
1.39800e+02
1.40500e+02
1.40700e+02
1.40900e+02
1.41200e+02
1.41400e+02
1.41600e+02
1.41800e+02
1.42100e+02
1.42400e+02
1.42700e+02
1.43000e+02
1.43200e+02
1.43400e+02
1.43700e+02
1.43800e+02
1.43900e+02
1.44300e+02
1.44400e+02
1.44700e+02
1.45000e+02
1.45100e+02
1.45300e+02
1.45600e+02
1.45900e+02
1.46300e+02
1.46400e+02
1.46700e+02
1.47000e+02
1.47100e+02
1.47200e+02
1.47300e+02
1.47600e+02
1.47800e+02
1.47900e+02
1.48000e+02
1.48100e+02
1.48400e+02
1.48700e+02
1.48900e+02
1.49000e+02
1.49100e+02
1.49300e+02
1.49600e+02
1.49800e+02
1.50200e+02
1.50300e+02
1.50400e+02
1.50600e+02
1.50900e+02
1.51000e+02
1.51200e+02
1.51400e+02
1.51700e+02
1.51800e+02
1.51900e+02
1.52200e+02
1.52600e+02
1.52800e+02
1.53000e+02
1.53200e+02
1.53400e+02
1.53600e+02
1.53800e+02
1.54600e+02
1.54800e+02
1.55000e+02
1.55100e+02
1.55200e+02
1.55400e+02
1.55600e+02
1.55800e+02
1.56600e+02
1.56800e+02
1.57000e+02
1.57200e+02
1.57400e+02
1.57600e+02
1.57800e+02
1.58500e+02
1.58700e+02
1.58900e+02
1.59300e+02
1.59600e+02
1.59800e+02
1.60500e+02
1.60700e+02
1.60900e+02
1.61300e+02
1.61600e+02
1.61800e+02
1.62200e+02
1.62300e+02
1.62500e+02
1.62700e+02
1.62900e+02
1.63000e+02
1.63300e+02
1.63400e+02
1.63500e+02
1.63800e+02
1.63900e+02
1.64000e+02
1.64200e+02
1.64300e+02
1.64500e+02
1.64800e+02
1.65000e+02
1.65100e+02
1.65300e+02
1.65600e+02
1.65900e+02
1.66000e+02
1.66100e+02
1.66200e+02
1.66500e+02
1.66700e+02
1.66900e+02
1.67000e+02
1.67100e+02
1.67300e+02
1.67600e+02
1.67900e+02
1.68000e+02
1.68100e+02
1.68200e+02
1.68500e+02
1.68700e+02
1.68900e+02
1.69300e+02
1.69600e+02
1.69900e+02
1.70000e+02
1.70100e+02
1.70200e+02
1.70300e+02
1.70500e+02
1.70700e+02
1.71000e+02
1.71100e+02
1.71300e+02
1.71600e+02
1.71700e+02
1.71800e+02
1.71900e+02
1.72300e+02
1.72400e+02
1.72700e+02
1.73000e+02
1.73100e+02
1.73300e+02
1.73600e+02
1.73700e+02
1.73800e+02
1.73900e+02
1.74300e+02
1.74400e+02
1.74700e+02
1.75000e+02
1.75100e+02
1.75300e+02
1.75600e+02
1.75700e+02
1.75800e+02
1.75900e+02
1.76200e+02
1.76500e+02
1.76800e+02
1.77000e+02
1.77300e+02
1.77600e+02
1.78000e+02
1.78100e+02
1.78400e+02
1.78700e+02
1.79000e+02
1.79300e+02
1.79600e+02
1.80000e+02
1.80100e+02
1.80400e+02
1.80700e+02
1.81000e+02
1.81100e+02
1.81300e+02
1.81500e+02
1.81700e+02
1.81900e+02
1.82200e+02
1.82400e+02
1.82700e+02
1.83000e+02
1.83100e+02
1.83300e+02
1.83600e+02
1.83700e+02
1.83800e+02
1.83900e+02
1.84200e+02
1.84500e+02
1.84800e+02
1.85000e+02
1.85100e+02
1.85300e+02
1.85500e+02
1.85700e+02
1.85900e+02
1.86400e+02
1.86600e+02
1.86800e+02
1.87000e+02
1.87200e+02
1.87400e+02
1.87500e+02
1.87700e+02
1.87900e+02
1.88400e+02
1.88600e+02
1.88800e+02
1.89000e+02
1.89100e+02
1.89300e+02
1.89500e+02
1.89700e+02
1.89900e+02
1.90400e+02
1.90600e+02
1.90800e+02
1.91000e+02
1.91100e+02
1.91200e+02
1.91400e+02
1.91500e+02
1.91700e+02
1.91900e+02
1.92400e+02
1.92600e+02
1.92800e+02
1.93000e+02
1.93100e+02
1.93300e+02
1.93500e+02
1.93700e+02
1.93900e+02
1.94400e+02
1.94600e+02
1.94800e+02
1.95000e+02
1.95100e+02
1.95200e+02
1.95400e+02
1.95500e+02
1.95700e+02
1.95900e+02
1.96400e+02
1.96600e+02
1.96800e+02
1.97000e+02
1.97300e+02
1.97600e+02
1.98000e+02
1.98100e+02
1.98200e+02
1.98300e+02
1.98500e+02
1.98600e+02
1.98900e+02
1.99000e+02
1.99100e+02
1.99300e+02
1.99500e+02
1.99700e+02
2.00000e+02
2.00200e+02
2.00400e+02
2.00600e+02
2.00800e+02
2.01000e+02
2.01200e+02
2.01400e+02
2.01600e+02
2.01900e+02
2.02100e+02
2.02200e+02
2.02300e+02
2.02500e+02
2.02600e+02
2.02900e+02
2.03000e+02
2.03100e+02
2.03200e+02
2.03400e+02
2.03500e+02
2.03700e+02
2.03900e+02
2.04000e+02
2.04100e+02
2.04400e+02
2.04500e+02
2.04700e+02
2.04800e+02
2.05000e+02
2.05200e+02
2.05400e+02
2.05600e+02
2.05900e+02
2.06400e+02
2.06500e+02
2.06700e+02
2.06800e+02
2.07000e+02
2.07200e+02
2.07400e+02
2.07600e+02
2.07900e+02
2.08400e+02
2.08500e+02
2.08700e+02
2.08800e+02
2.09000e+02
2.09200e+02
2.09400e+02
2.09600e+02
2.09900e+02
2.10400e+02
2.10500e+02
2.10700e+02
2.10800e+02
2.11000e+02
2.11200e+02
2.11400e+02
2.11600e+02
2.11900e+02
2.12400e+02
2.12500e+02
2.12700e+02
2.12800e+02
2.13000e+02
2.13200e+02
2.13400e+02
2.13600e+02
2.13900e+02
2.14400e+02
2.14500e+02
2.14700e+02
2.14900e+02
2.15000e+02
2.15200e+02
2.15400e+02
2.15600e+02
2.15900e+02
2.16100e+02
2.16200e+02
2.16300e+02
2.16500e+02
2.16600e+02
2.16900e+02
2.17000e+02
2.17100e+02
2.17300e+02
2.17600e+02
2.17800e+02
2.17900e+02
2.18300e+02
2.18500e+02
2.18800e+02
2.19100e+02
2.19200e+02
2.19400e+02
2.19500e+02
2.19700e+02
2.19900e+02
2.20000e+02
2.20100e+02
2.20400e+02
2.20500e+02
2.20700e+02
2.20800e+02
2.21000e+02
2.21100e+02
2.21300e+02
2.21500e+02
2.21700e+02
2.22000e+02
2.22200e+02
2.22500e+02
2.22800e+02
2.23500e+02
2.23700e+02
2.24000e+02
2.24200e+02
2.24400e+02
2.24600e+02
2.24800e+02
2.25000e+02
2.25200e+02
2.25400e+02
2.25500e+02
2.25700e+02
2.26000e+02
2.26200e+02
2.26400e+02
2.26600e+02
2.26800e+02
2.27000e+02
2.27200e+02
2.27400e+02
2.27600e+02
2.27900e+02
2.28400e+02
2.28500e+02
2.28700e+02
2.28800e+02
2.29000e+02
2.29200e+02
2.29400e+02
2.29600e+02
2.29900e+02
2.30100e+02
2.30200e+02
2.30300e+02
2.30500e+02
2.30600e+02
2.30900e+02
2.31000e+02
2.31100e+02
2.31200e+02
2.31400e+02
2.31500e+02
2.31700e+02
2.31900e+02
2.32000e+02
2.32100e+02
2.32200e+02
2.32300e+02
2.32500e+02
2.32600e+02
2.32900e+02
2.33000e+02
2.33100e+02
2.33200e+02
2.33400e+02
2.33500e+02
2.33700e+02
2.33900e+02
2.34000e+02
2.34100e+02
2.34400e+02
2.34500e+02
2.34700e+02
2.34800e+02
2.35000e+02
2.35100e+02
2.35300e+02
2.35500e+02
2.35700e+02
2.36000e+02
2.36200e+02
2.36500e+02
2.36800e+02
2.37100e+02
2.37200e+02
2.37400e+02
2.37600e+02
2.37800e+02
2.37900e+02
2.38000e+02
2.38100e+02
2.38400e+02
2.38700e+02
2.39000e+02
2.39200e+02
2.39400e+02
2.39500e+02
2.39700e+02
2.39900e+02
2.40200e+02
2.40400e+02
2.40700e+02
2.41000e+02
2.41100e+02
2.41300e+02
2.41600e+02
2.41700e+02
2.41800e+02
2.41900e+02
2.42300e+02
2.42400e+02
2.42700e+02
2.43000e+02
2.43100e+02
2.43200e+02
2.43400e+02
2.43600e+02
2.43800e+02
2.43900e+02
2.44000e+02
2.44100e+02
2.44200e+02
2.44300e+02
2.44500e+02
2.44700e+02
2.45000e+02
2.45100e+02
2.45200e+02
2.45400e+02
2.45600e+02
2.45800e+02
2.45900e+02
2.46000e+02
2.46100e+02
2.46200e+02
2.46300e+02
2.46500e+02
2.46700e+02
2.47000e+02
2.47100e+02
2.47200e+02
2.47400e+02
2.47600e+02
2.47800e+02
2.47900e+02
2.48000e+02
2.48100e+02
2.48200e+02
2.48300e+02
2.48500e+02
2.48700e+02
2.49000e+02
2.49100e+02
2.49300e+02
2.49600e+02
2.49700e+02
2.49800e+02
2.49900e+02
2.50200e+02
2.50500e+02
2.50800e+02
2.51000e+02
2.51100e+02
2.51400e+02
2.51600e+02
2.52000e+02
2.52100e+02
2.52200e+02
2.52300e+02
2.52500e+02
2.52600e+02
2.52900e+02
2.53000e+02
2.53100e+02
2.53300e+02
2.53500e+02
2.53700e+02
2.54000e+02
2.54200e+02
2.54400e+02
2.54600e+02
2.54800e+02
2.55000e+02
2.55200e+02
2.55400e+02
2.55500e+02
2.55700e+02
2.56000e+02
2.56200e+02
2.56500e+02
2.56800e+02
2.57500e+02
2.57700e+02
2.58000e+02
2.58200e+02
2.58400e+02
2.58600e+02
2.58800e+02
2.59000e+02
2.59200e+02
2.59400e+02
2.59600e+02
2.59900e+02
2.60100e+02
2.60200e+02
2.60300e+02
2.60500e+02
2.60600e+02
2.60900e+02
2.61000e+02
2.61100e+02
2.61300e+02
2.61600e+02
2.61800e+02
2.61900e+02
2.62300e+02
2.62500e+02
2.62800e+02
2.63500e+02
2.63700e+02
2.63800e+02
2.63900e+02
2.64300e+02
2.64500e+02
2.64800e+02
2.65100e+02
2.65200e+02
2.65400e+02
2.65500e+02
2.65700e+02
2.65900e+02
2.66000e+02
2.66100e+02
2.66400e+02
2.66500e+02
2.66700e+02
2.66900e+02
2.67000e+02
2.67200e+02
2.67400e+02
2.67600e+02
2.67900e+02
2.68100e+02
2.68200e+02
2.68300e+02
2.68500e+02
2.68600e+02
2.68900e+02
2.69000e+02
2.69100e+02
2.69200e+02
2.69400e+02
2.69500e+02
2.69700e+02
2.69900e+02
2.70000e+02
2.70100e+02
2.70400e+02
2.70500e+02
2.70700e+02
2.70800e+02
2.71000e+02
2.71200e+02
2.71400e+02
2.71500e+02
2.71700e+02
2.72000e+02
2.72200e+02
2.72400e+02
2.72600e+02
2.72800e+02
2.73000e+02
2.73200e+02
2.73400e+02
2.73500e+02
2.73700e+02
2.74000e+02
2.74200e+02
2.74400e+02
2.74600e+02
2.74800e+02
2.75000e+02
2.75100e+02
2.75300e+02
2.75500e+02
2.75700e+02
2.76000e+02
2.76200e+02
2.76500e+02
2.76800e+02
2.77100e+02
2.77200e+02
2.77400e+02
2.77600e+02
2.77800e+02
2.77900e+02
2.78000e+02
2.78100e+02
2.78200e+02
2.78300e+02
2.78500e+02
2.78600e+02
2.78900e+02
2.79000e+02
2.79100e+02
2.79300e+02
2.79500e+02
2.79700e+02
2.80000e+02
2.80200e+02
2.80400e+02
2.80600e+02
2.80800e+02
2.81000e+02
2.81200e+02
2.81400e+02
2.81600e+02
2.81900e+02
2.82400e+02
2.82500e+02
2.82700e+02
2.82800e+02
2.83000e+02
2.83200e+02
2.83400e+02
2.83600e+02
2.83900e+02
2.84100e+02
2.84200e+02
2.84300e+02
2.84500e+02
2.84600e+02
2.84900e+02
2.85000e+02
2.85100e+02
2.85300e+02
2.85600e+02
2.85800e+02
2.85900e+02
2.86200e+02
2.86500e+02
2.86700e+02
2.86900e+02
2.87300e+02
2.87500e+02
2.87800e+02
2.88500e+02
2.88700e+02
2.88900e+02
2.89100e+02
2.89300e+02
2.89400e+02
2.89600e+02
2.89900e+02
2.90200e+02
2.90300e+02
2.90500e+02
2.90700e+02
2.90800e+02
2.90900e+02
2.91000e+02
2.91100e+02
2.91300e+02
2.91600e+02
2.91800e+02
2.91900e+02
2.92000e+02
2.92100e+02
2.92300e+02
2.92500e+02
2.92800e+02
2.93000e+02
2.93100e+02
2.93300e+02
2.93600e+02
2.93900e+02
2.94400e+02
2.94700e+02
2.94900e+02
2.95300e+02
2.95600e+02
2.95900e+02
2.96100e+02
2.96200e+02
2.96300e+02
2.96500e+02
2.96700e+02
2.97100e+02
2.97400e+02
2.97600e+02
2.97700e+02
2.97800e+02
2.97900e+02
2.98000e+02
2.98200e+02
2.98500e+02
2.98800e+02
2.99500e+02
2.99800e+02
2.99900e+02
3.00000e+02
3.00200e+02
3.00600e+02
3.00800e+02
3.00900e+02
3.01300e+02
3.01500e+02
3.01700e+02
3.02000e+02
3.02100e+02
3.02200e+02
3.02300e+02
3.02400e+02
3.02600e+02
3.02900e+02
3.03000e+02
3.03100e+02
3.03200e+02
3.03500e+02
3.03600e+02
3.03700e+02
3.03800e+02
3.04000e+02
3.04200e+02
3.04400e+02
3.04600e+02
3.04800e+02
3.05000e+02
3.05200e+02
3.05400e+02
3.05600e+02
3.05900e+02
3.06200e+02
3.06300e+02
3.06400e+02
3.06600e+02
3.06800e+02
3.06900e+02
3.07000e+02
3.07200e+02
3.07500e+02
3.07800e+02
3.08000e+02
3.08200e+02
3.08400e+02
3.08600e+02
3.08800e+02
3.09500e+02
3.09800e+02
3.10000e+02
3.10200e+02
3.10400e+02
3.10600e+02
3.10800e+02
3.11300e+02
3.11600e+02
3.11800e+02
3.11900e+02
3.12000e+02
3.12100e+02
3.12400e+02
3.12700e+02
3.12900e+02
3.13200e+02
3.13400e+02
3.13500e+02
3.13800e+02
3.14400e+02
3.14600e+02
3.14800e+02
3.15000e+02
3.15200e+02
3.15400e+02
3.15500e+02
3.15800e+02
3.16100e+02
3.16300e+02
3.16400e+02
3.16600e+02
3.16800e+02
3.17500e+02
3.17600e+02
3.17700e+02
3.17800e+02
3.18000e+02
3.18200e+02
3.18500e+02
3.18600e+02
3.18800e+02
3.19100e+02
3.19200e+02
3.19400e+02
3.19600e+02
3.19800e+02
3.19900e+02
3.20000e+02
3.20100e+02
3.20200e+02
3.20300e+02
3.20400e+02
3.20600e+02
3.20900e+02
3.21000e+02
3.21100e+02
3.21200e+02
3.21500e+02
3.21600e+02
3.21700e+02
3.21800e+02
3.22000e+02
3.22200e+02
3.22500e+02
3.22600e+02
3.22800e+02
3.23500e+02
3.23600e+02
3.23700e+02
3.23800e+02
3.24000e+02
3.24200e+02
3.24400e+02
3.24600e+02
3.24800e+02
3.25000e+02
3.25200e+02
3.25400e+02
3.25500e+02
3.25800e+02
3.26400e+02
3.26600e+02
3.26800e+02
3.27000e+02
3.27100e+02
3.27300e+02
3.27500e+02
3.27800e+02
3.28100e+02
3.28300e+02
3.28400e+02
3.28600e+02
3.28800e+02
3.29500e+02
3.29600e+02
3.29700e+02
3.29800e+02
3.30000e+02
3.30200e+02
3.30500e+02
3.30600e+02
3.30800e+02
3.31500e+02
3.31600e+02
3.31700e+02
3.31800e+02
3.32000e+02
3.32200e+02
3.32400e+02
3.32600e+02
3.32800e+02
3.33000e+02
3.33100e+02
3.33300e+02
3.33500e+02
3.33800e+02
3.34100e+02
3.34300e+02
3.34400e+02
3.34600e+02
3.34800e+02
3.35500e+02
3.35600e+02
3.35700e+02
3.35800e+02
3.36000e+02
3.36200e+02
3.36500e+02
3.36600e+02
3.36800e+02
3.37500e+02
3.37600e+02
3.37700e+02
3.37800e+02
3.38000e+02
3.38200e+02
3.38400e+02
3.38600e+02
3.38800e+02
3.39000e+02
3.39200e+02
3.39400e+02
3.39500e+02
3.39800e+02
3.40400e+02
3.40600e+02
3.40800e+02
3.41000e+02
3.41100e+02
3.41300e+02
3.41500e+02
3.41800e+02
3.42400e+02
3.42600e+02
3.42800e+02
3.43000e+02
3.43100e+02
3.43300e+02
3.43600e+02
3.43900e+02
3.44200e+02
3.44300e+02
3.44400e+02
3.44600e+02
3.44800e+02
3.44900e+02
3.45000e+02
3.45300e+02
3.45600e+02
3.45800e+02
3.45900e+02
3.46000e+02
3.46100e+02
3.46200e+02
3.46300e+02
3.46400e+02
3.46600e+02
3.46800e+02
3.46900e+02
3.47000e+02
3.47100e+02
3.47200e+02
3.47500e+02
3.47800e+02
3.48000e+02
3.48200e+02
3.48400e+02
3.48600e+02
3.48800e+02
3.49300e+02
3.49600e+02
3.49800e+02
3.49900e+02
3.50000e+02
3.50100e+02
3.50200e+02
3.50300e+02
3.50400e+02
3.50600e+02
3.50800e+02
3.50900e+02
3.51000e+02
3.51200e+02
3.51500e+02
3.51800e+02
3.52000e+02
3.52200e+02
3.52400e+02
3.52600e+02
3.52800e+02
3.53500e+02
3.53800e+02
3.54000e+02
3.54200e+02
3.54500e+02
3.54600e+02
3.54700e+02
3.54900e+02
3.55300e+02
3.55500e+02
3.55700e+02
3.56000e+02
3.56200e+02
3.56500e+02
3.56600e+02
3.56700e+02
3.56900e+02
3.57000e+02
3.57100e+02
3.57400e+02
3.57500e+02
3.57700e+02
3.58000e+02
3.58200e+02
3.58500e+02
3.58600e+02
3.58700e+02
3.58900e+02
3.59200e+02
3.59500e+02
3.59700e+02
3.60000e+02
3.60100e+02
3.60200e+02
3.60300e+02
3.60400e+02
3.60600e+02
3.60800e+02
3.60900e+02
3.61000e+02
3.61200e+02
3.61400e+02
3.61500e+02
3.61800e+02
3.61900e+02
3.62000e+02
3.62100e+02
3.62200e+02
3.62300e+02
3.62400e+02
3.62600e+02
3.62800e+02
3.62900e+02
3.63000e+02
3.63100e+02
3.63400e+02
3.63700e+02
3.63900e+02
3.64300e+02
3.64500e+02
3.64800e+02
3.64900e+02
3.65000e+02
3.65100e+02
3.65300e+02
3.65500e+02
3.65800e+02
3.66400e+02
3.66700e+02
3.66800e+02
3.67100e+02
3.67300e+02
3.67500e+02
3.67800e+02
3.68100e+02
3.68300e+02
3.68400e+02
3.68700e+02
3.69000e+02
3.69100e+02
3.69200e+02
3.69400e+02
3.69500e+02
3.69800e+02
3.69900e+02
3.70000e+02
3.70100e+02
3.70200e+02
3.70300e+02
3.70400e+02
3.70600e+02
3.70800e+02
3.70900e+02
3.71000e+02
3.71100e+02
3.71400e+02
3.71700e+02
3.71900e+02
3.72300e+02
3.72500e+02
3.72800e+02
3.72900e+02
3.73000e+02
3.73200e+02
3.73500e+02
3.73800e+02
3.74100e+02
3.74300e+02
3.74400e+02
3.74700e+02
3.75000e+02
3.75100e+02
3.75400e+02
3.75700e+02
3.75900e+02
3.76300e+02
3.76400e+02
3.76700e+02
3.77000e+02
3.77100e+02
3.77200e+02
3.77400e+02
3.77500e+02
3.77800e+02
3.77900e+02
3.78000e+02
3.78100e+02
3.78200e+02
3.78300e+02
3.78400e+02
3.78600e+02
3.78800e+02
3.78900e+02
3.79000e+02
3.79200e+02
3.79400e+02
3.79500e+02
3.79800e+02
3.79900e+02
3.80000e+02
3.80100e+02
3.80200e+02
3.80300e+02
3.80400e+02
3.80600e+02
3.80800e+02
3.80900e+02
3.81000e+02
3.81100e+02
3.81400e+02
3.81700e+02
3.81900e+02
3.82300e+02
3.82400e+02
3.82700e+02
3.83000e+02
3.83100e+02
3.83200e+02
3.83400e+02
3.83500e+02
3.83800e+02
3.83900e+02
3.84000e+02
3.84100e+02
3.84200e+02
3.84400e+02
3.84600e+02
3.84700e+02
3.84800e+02
3.85500e+02
3.85700e+02
3.86000e+02
3.86100e+02
3.86200e+02
3.86400e+02
3.86600e+02
3.86700e+02
3.86800e+02
3.87500e+02
3.87700e+02
3.88000e+02
3.88100e+02
3.88200e+02
3.88400e+02
3.88600e+02
3.88700e+02
3.88800e+02
3.89100e+02
3.89300e+02
3.89500e+02
3.89700e+02
3.90000e+02
3.90200e+02
3.90400e+02
3.90600e+02
3.90800e+02
3.91300e+02
3.91600e+02
3.91800e+02
3.91900e+02
3.92000e+02
3.92100e+02
3.92400e+02
3.92700e+02
3.92900e+02
3.93300e+02
3.93600e+02
3.93900e+02
3.94200e+02
3.94300e+02
3.94400e+02
3.94600e+02
3.94800e+02
3.94900e+02
3.95000e+02
3.95200e+02
3.95500e+02
3.95800e+02
3.96000e+02
3.96200e+02
3.96400e+02
3.96600e+02
3.96800e+02
3.97500e+02
3.97800e+02
3.98000e+02
3.98200e+02
3.98500e+02
3.98600e+02
3.98700e+02
3.98900e+02
3.99200e+02
3.99500e+02
3.99700e+02
4.00000e+02
4.00100e+02
4.00200e+02
4.00400e+02
4.00600e+02
4.00700e+02
4.00800e+02
4.01100e+02
4.01300e+02
4.01500e+02
4.01700e+02
4.02000e+02
4.02200e+02
4.02500e+02
4.02600e+02
4.02700e+02
4.02900e+02
4.03300e+02
4.03500e+02
4.03700e+02
4.04000e+02
4.04200e+02
4.04500e+02
4.04600e+02
4.04700e+02
4.04900e+02
4.05200e+02
4.05500e+02
4.05700e+02
4.06000e+02
4.06100e+02
4.06200e+02
4.06300e+02
4.06400e+02
4.06600e+02
4.06800e+02
4.06900e+02
4.07000e+02
4.07100e+02
4.07400e+02
4.07700e+02
4.07900e+02
4.08300e+02
4.08500e+02
4.08800e+02
4.08900e+02
4.09300e+02
4.09500e+02
4.09800e+02
4.10600e+02
4.10700e+02
4.10900e+02
4.11000e+02
4.11100e+02
4.11300e+02
4.11500e+02
4.11800e+02
4.12200e+02
4.12300e+02
4.12400e+02
4.12500e+02
4.12700e+02
4.12900e+02
4.13000e+02
4.13100e+02
4.13200e+02
4.13300e+02
4.13600e+02
4.13700e+02
4.13800e+02
4.13900e+02
4.14300e+02
4.14400e+02
4.14500e+02
4.14800e+02
4.15000e+02
4.15100e+02
4.15300e+02
4.15500e+02
4.15800e+02
4.16100e+02
4.16300e+02
4.16400e+02
4.16500e+02
4.16800e+02
4.16900e+02
4.17000e+02
4.17100e+02
4.17200e+02
4.17400e+02
4.17600e+02
4.17800e+02
4.17900e+02
4.18000e+02
4.18100e+02
4.18200e+02
4.18400e+02
4.18700e+02
4.18800e+02
4.19100e+02
4.19300e+02
4.19500e+02
4.19800e+02
4.20600e+02
4.20700e+02
4.20900e+02
4.21200e+02
4.21500e+02
4.21800e+02
4.22400e+02
4.22700e+02
4.22800e+02
4.23500e+02
4.23800e+02
4.24400e+02
4.24700e+02
4.24800e+02
4.25100e+02
4.25400e+02
4.25600e+02
4.25800e+02
4.26600e+02
4.26700e+02
4.26900e+02
4.27000e+02
4.27100e+02
4.27400e+02
4.27600e+02
4.27800e+02
4.28100e+02
4.28300e+02
4.28400e+02
4.28700e+02
4.29000e+02
4.29100e+02
4.29400e+02
4.29700e+02
4.29900e+02
4.30300e+02
4.30400e+02
4.30700e+02
4.31000e+02
4.31100e+02
4.31400e+02
4.31700e+02
4.31900e+02
4.32300e+02
4.32500e+02
4.32800e+02
4.32900e+02
4.33300e+02
4.33500e+02
4.33800e+02
4.34600e+02
4.34700e+02
4.34900e+02
4.35200e+02
4.35500e+02
4.35800e+02
4.36200e+02
4.36300e+02
4.36400e+02
4.36500e+02
4.36700e+02
4.36900e+02
4.37000e+02
4.37100e+02
4.37200e+02
4.37300e+02
4.37600e+02
4.37700e+02
4.37800e+02
4.37900e+02
4.38300e+02
4.38400e+02
4.38500e+02
4.38800e+02
4.38900e+02
4.39000e+02
4.39200e+02
4.39400e+02
4.39600e+02
4.39800e+02
4.39900e+02
4.40000e+02
4.40100e+02
4.40200e+02
4.40400e+02
4.40700e+02
4.40800e+02
4.41100e+02
4.41400e+02
4.41600e+02
4.41800e+02
4.42100e+02
4.42300e+02
4.42400e+02
4.42700e+02
4.43000e+02
4.43100e+02
4.43200e+02
4.43400e+02
4.43500e+02
4.43800e+02
4.43900e+02
4.44000e+02
4.44100e+02
4.44200e+02
4.44400e+02
4.44600e+02
4.44700e+02
4.44800e+02
4.45500e+02
4.45700e+02
4.46000e+02
4.46100e+02
4.46200e+02
4.46400e+02
4.46600e+02
4.46700e+02
4.46800e+02
4.47100e+02
4.47300e+02
4.47500e+02
4.47700e+02
4.48000e+02
4.48200e+02
4.48400e+02
4.48600e+02
4.48800e+02
4.49500e+02
4.49800e+02
4.50000e+02
4.50200e+02
4.50500e+02
4.50600e+02
4.50700e+02
4.50900e+02
4.51300e+02
4.51500e+02
4.51700e+02
4.52000e+02
4.52200e+02
4.52400e+02
4.52600e+02
4.52800e+02
4.53500e+02
4.53800e+02
4.54000e+02
4.54200e+02
4.54400e+02
4.54600e+02
4.54800e+02
4.55500e+02
4.55800e+02
4.56000e+02
4.56200e+02
4.56400e+02
4.56600e+02
4.56800e+02
4.57300e+02
4.57600e+02
4.57800e+02
4.57900e+02
4.58000e+02
4.58100e+02
4.58200e+02
4.58300e+02
4.58400e+02
4.58600e+02
4.58800e+02
4.58900e+02
4.59000e+02
4.59200e+02
4.59500e+02
4.59800e+02
4.60000e+02
4.60200e+02
4.60400e+02
4.60600e+02
4.60800e+02
4.61300e+02
4.61600e+02
4.61800e+02
4.61900e+02
4.62000e+02
4.62100e+02
4.62200e+02
4.62300e+02
4.62400e+02
4.62600e+02
4.62800e+02
4.62900e+02
4.63000e+02
4.63100e+02
4.63200e+02
4.63500e+02
4.63800e+02
4.64000e+02
4.64200e+02
4.64500e+02
4.64600e+02
4.64700e+02
4.64900e+02
4.65000e+02
4.65100e+02
4.65400e+02
4.65500e+02
4.65700e+02
4.66000e+02
4.66200e+02
4.66400e+02
4.66600e+02
4.66800e+02
4.67300e+02
4.67600e+02
4.67800e+02
4.67900e+02
4.68000e+02
4.68100e+02
4.68400e+02
4.68700e+02
4.68900e+02
4.69300e+02
4.69600e+02
4.69900e+02
4.70200e+02
4.70300e+02
4.70400e+02
4.70600e+02
4.70800e+02
4.70900e+02
4.71000e+02
4.71200e+02
4.71400e+02
4.71600e+02
4.71800e+02
4.71900e+02
4.72000e+02
4.72100e+02
4.72400e+02
4.72700e+02
4.72900e+02
4.73400e+02
4.73600e+02
4.73900e+02
4.74400e+02
4.74700e+02
4.74900e+02
4.75300e+02
4.75600e+02
4.75900e+02
4.76400e+02
4.76700e+02
4.76900e+02
4.77300e+02
4.77600e+02
4.77900e+02
4.78400e+02
4.78700e+02
4.78900e+02
4.79200e+02
4.79400e+02
4.79500e+02
4.79800e+02
4.80400e+02
4.80600e+02
4.80800e+02
4.81000e+02
4.81200e+02
4.81400e+02
4.81500e+02
4.81800e+02
4.82400e+02
4.82600e+02
4.82800e+02
4.83000e+02
4.83200e+02
4.83400e+02
4.83600e+02
4.83900e+02
4.84200e+02
4.84300e+02
4.84400e+02
4.84600e+02
4.84800e+02
4.84900e+02
4.85000e+02
4.85300e+02
4.85600e+02
4.85800e+02
4.85900e+02
4.86000e+02
4.86100e+02
4.86200e+02
4.86300e+02
4.86400e+02
4.86600e+02
4.86800e+02
4.86900e+02
4.87000e+02
4.87300e+02
4.87600e+02
4.87800e+02
4.87900e+02
4.88000e+02
4.88100e+02
4.88400e+02
4.88700e+02
4.88900e+02
4.89300e+02
4.89600e+02
4.89900e+02
4.90400e+02
4.90700e+02
4.90900e+02
4.91400e+02
4.91600e+02
4.91900e+02
4.92400e+02
4.92700e+02
4.92900e+02
4.93300e+02
4.93600e+02
4.93900e+02
4.94400e+02
4.94700e+02
4.94900e+02
4.95200e+02
4.95400e+02
4.95500e+02
4.95800e+02
4.96400e+02
4.96600e+02
4.96800e+02
4.97000e+02
4.97100e+02
4.97300e+02
4.97600e+02
4.97900e+02
4.98200e+02
4.98300e+02
4.98400e+02
4.98600e+02
4.98800e+02
4.98900e+02
4.99000e+02
4.99200e+02
4.99500e+02
4.99800e+02
5.00000e+02
5.00200e+02
5.00400e+02
5.00600e+02
5.00800e+02
5.01300e+02
5.01600e+02
5.01800e+02
5.01900e+02
5.02000e+02
5.02100e+02
5.02400e+02
5.02700e+02
5.02900e+02
5.03200e+02
5.03400e+02
5.03500e+02
5.03800e+02
5.04400e+02
5.04600e+02
5.04800e+02
5.05000e+02
5.05100e+02
5.05300e+02
5.05600e+02
5.05900e+02
5.06400e+02
5.06700e+02
5.06900e+02
5.07400e+02
5.07600e+02
5.07900e+02
5.08200e+02
5.08300e+02
5.08400e+02
5.08600e+02
5.08800e+02
5.08900e+02
5.09000e+02
5.09300e+02
5.09600e+02
5.09800e+02
5.09900e+02
5.10000e+02
5.10100e+02
5.10200e+02
5.10300e+02
5.10400e+02
5.10600e+02
5.10800e+02
5.10900e+02
5.11000e+02
5.11100e+02
5.11200e+02
5.11500e+02
5.11800e+02
5.12000e+02
5.12200e+02
5.12500e+02
5.12600e+02
5.12700e+02
5.12900e+02
5.13000e+02
5.13100e+02
5.13400e+02
5.13500e+02
5.13700e+02
5.14000e+02
5.14200e+02
5.14500e+02
5.14600e+02
5.14700e+02
5.14900e+02
5.15300e+02
5.15500e+02
5.15700e+02
5.16000e+02
5.16200e+02
5.16500e+02
5.16600e+02
5.16700e+02
5.16900e+02
5.17300e+02
5.17500e+02
5.17700e+02
5.18000e+02
5.18200e+02
5.18400e+02
5.18600e+02
5.18800e+02
5.19500e+02
5.19800e+02
5.20000e+02
5.20200e+02
5.20400e+02
5.20600e+02
5.20800e+02
5.21500e+02
5.21800e+02
5.22000e+02
5.22200e+02
5.22400e+02
5.22600e+02
5.22800e+02
5.23500e+02
5.23800e+02
5.24000e+02
5.24200e+02
5.24500e+02
5.24600e+02
5.24700e+02
5.24900e+02
5.25300e+02
5.25500e+02
5.25700e+02
5.26000e+02
5.26200e+02
5.26400e+02
5.26600e+02
5.26800e+02
5.27300e+02
5.27600e+02
5.27800e+02
5.27900e+02
5.28000e+02
5.28100e+02
5.28400e+02
5.28700e+02
5.28900e+02
5.29200e+02
5.29400e+02
5.29500e+02
5.29800e+02
5.30100e+02
5.30300e+02
5.30400e+02
5.30600e+02
5.30800e+02
5.31500e+02
5.31600e+02
5.31700e+02
5.31800e+02
5.32000e+02
5.32200e+02
5.32400e+02
5.32600e+02
5.32800e+02
5.33000e+02
5.33200e+02
5.33400e+02
5.33600e+02
5.33900e+02
5.34200e+02
5.34300e+02
5.34400e+02
5.34600e+02
5.34800e+02
5.34900e+02
5.35000e+02
5.35100e+02
5.35200e+02
5.35500e+02
5.35800e+02
5.36000e+02
5.36200e+02
5.36500e+02
5.36600e+02
5.36700e+02
5.36900e+02
5.37000e+02
5.37100e+02
5.37300e+02
5.37500e+02
5.37700e+02
5.38000e+02
5.38100e+02
5.38200e+02
5.38400e+02
5.38600e+02
5.38700e+02
5.38800e+02
5.39100e+02
5.39400e+02
5.39500e+02
5.39700e+02
5.40000e+02
5.40200e+02
5.40400e+02
5.40600e+02
5.40800e+02
5.41300e+02
5.41600e+02
5.41800e+02
5.41900e+02
5.42000e+02
5.42100e+02
5.42400e+02
5.42700e+02
5.42900e+02
5.43200e+02
5.43400e+02
5.43500e+02
5.43800e+02
5.44400e+02
5.44600e+02
5.44800e+02
5.45000e+02
5.45200e+02
5.45400e+02
5.45600e+02
5.45900e+02
5.46200e+02
5.46300e+02
5.46400e+02
5.46600e+02
5.46800e+02
5.46900e+02
5.47000e+02
5.47300e+02
5.47600e+02
5.47800e+02
5.47900e+02
5.48000e+02
5.48100e+02
5.48400e+02
5.48700e+02
5.48900e+02
5.49400e+02
5.49600e+02
5.49900e+02
5.50200e+02
5.50300e+02
5.50400e+02
5.50600e+02
5.50800e+02
5.50900e+02
5.51000e+02
5.51200e+02
5.51500e+02
5.51800e+02
5.52000e+02
5.52200e+02
5.52400e+02
5.52600e+02
5.52800e+02
5.53300e+02
5.53600e+02
5.53800e+02
5.53900e+02
5.54000e+02
5.54100e+02
5.54400e+02
5.54700e+02
5.54900e+02
5.55400e+02
5.55600e+02
5.55900e+02
5.56400e+02
5.56700e+02
5.56900e+02
5.57400e+02
5.57600e+02
5.57900e+02
5.58400e+02
5.58700e+02
5.58900e+02
5.59200e+02
5.59500e+02
5.59800e+02
5.60400e+02
5.60600e+02
5.60800e+02
5.61000e+02
5.61200e+02
5.61400e+02
5.61600e+02
5.61900e+02
5.62200e+02
5.62300e+02
5.62400e+02
5.62600e+02
5.62800e+02
5.62900e+02
5.63000e+02
5.63200e+02
5.63500e+02
5.63800e+02
5.64000e+02
5.64200e+02
5.64500e+02
5.64600e+02
5.64700e+02
5.64900e+02
5.65200e+02
5.65500e+02
5.65700e+02
5.66000e+02
5.66100e+02
5.66200e+02
5.66400e+02
5.66700e+02
5.66800e+02
5.67500e+02
5.67700e+02
5.68000e+02
5.68100e+02
5.68200e+02
5.68400e+02
5.68700e+02
5.68800e+02
5.69100e+02
5.69300e+02
5.69500e+02
5.69700e+02
5.70000e+02
5.70200e+02
5.70500e+02
5.70600e+02
5.70700e+02
5.70900e+02
5.71300e+02
5.71500e+02
5.71700e+02
5.72000e+02
5.72200e+02
5.72400e+02
5.72600e+02
5.72800e+02
5.73500e+02
5.73800e+02
5.74000e+02
5.74200e+02
5.74500e+02
5.74600e+02
5.74700e+02
5.74900e+02
5.75300e+02
5.75500e+02
5.75700e+02
5.76000e+02
5.76200e+02
5.76500e+02
5.76600e+02
5.76700e+02
5.76900e+02
5.77300e+02
5.77500e+02
5.77700e+02
5.78000e+02
5.78200e+02
5.78400e+02
5.78600e+02
5.78800e+02
5.79500e+02
5.79800e+02
5.80000e+02
5.80200e+02
5.80500e+02
5.80600e+02
5.80700e+02
5.80900e+02
5.81000e+02
5.81100e+02
5.81400e+02
5.81500e+02
5.81700e+02
5.82000e+02
5.82200e+02
5.82400e+02
5.82600e+02
5.82800e+02
5.83500e+02
5.83800e+02
5.84000e+02
5.84200e+02
5.84400e+02
5.84600e+02
5.84800e+02
5.85500e+02
5.85800e+02
5.86000e+02
5.86200e+02
5.86500e+02
5.86600e+02
5.86700e+02
5.86900e+02
5.87000e+02
5.87100e+02
5.87400e+02
5.87500e+02
5.87700e+02
5.88000e+02
5.88200e+02
5.88400e+02
5.88600e+02
5.88800e+02
5.89300e+02
5.89600e+02
5.89800e+02
5.89900e+02
5.90000e+02
5.90100e+02
5.90400e+02
5.90700e+02
5.90900e+02
5.91200e+02
5.91400e+02
5.91500e+02
5.91800e+02
5.92400e+02
5.92600e+02
5.92800e+02
5.93000e+02
5.93100e+02
5.93300e+02
5.93500e+02
5.93800e+02
5.94100e+02
5.94300e+02
5.94400e+02
5.94600e+02
5.94800e+02
5.95100e+02
5.95200e+02
5.95400e+02
5.95600e+02
5.95800e+02
5.95900e+02
5.96000e+02
5.96100e+02
5.96400e+02
5.96700e+02
5.96900e+02
5.97000e+02
5.97100e+02
5.97200e+02
5.97300e+02
5.97500e+02
5.97700e+02
5.98000e+02
5.98100e+02
5.98400e+02
5.98700e+02
5.98900e+02
5.99000e+02
5.99100e+02
5.99300e+02
5.99500e+02
5.99700e+02
5.99900e+02
6.00100e+02
6.00300e+02
6.00400e+02
6.00600e+02
6.00900e+02
6.01400e+02
6.01600e+02
6.01700e+02
6.01800e+02
6.01900e+02
6.02000e+02
6.02200e+02
6.02500e+02
6.02800e+02
6.03500e+02
6.03800e+02
6.03900e+02
6.04000e+02
6.04200e+02
6.04600e+02
6.04800e+02
6.04900e+02
6.05200e+02
6.05500e+02
6.05700e+02
6.05900e+02
6.06100e+02
6.06300e+02
6.06400e+02
6.06600e+02
6.06900e+02
6.07100e+02
6.07200e+02
6.07400e+02
6.07600e+02
6.07800e+02
6.07900e+02
6.08000e+02
6.08100e+02
6.08200e+02
6.08300e+02
6.08500e+02
6.08700e+02
6.09500e+02
6.09800e+02
6.09900e+02
6.10000e+02
6.10100e+02
6.10200e+02
6.10300e+02
6.10500e+02
6.10700e+02
6.11100e+02
6.11400e+02
6.11600e+02
6.11700e+02
6.11800e+02
6.11900e+02
6.12000e+02
6.12200e+02
6.12600e+02
6.12800e+02
6.12900e+02
6.13300e+02
6.13500e+02
6.13700e+02
6.14000e+02
6.14100e+02
6.14400e+02
6.14700e+02
6.14900e+02
6.15000e+02
6.15200e+02
6.15500e+02
6.15700e+02
6.15900e+02
6.16500e+02
6.16700e+02
6.16900e+02
6.17000e+02
6.17100e+02
6.17400e+02
6.17500e+02
6.17700e+02
6.17900e+02
6.18100e+02
6.18300e+02
6.18400e+02
6.18600e+02
6.18900e+02
6.19400e+02
6.19600e+02
6.19700e+02
6.19800e+02
6.19900e+02
6.20000e+02
6.20200e+02
6.20500e+02
6.20800e+02
6.21500e+02
6.21800e+02
6.21900e+02
6.22000e+02
6.22200e+02
6.22600e+02
6.22800e+02
6.22900e+02
6.23000e+02
6.23200e+02
6.23500e+02
6.23700e+02
6.23900e+02
6.24100e+02
6.24300e+02
6.24400e+02
6.24600e+02
6.24900e+02
6.25100e+02
6.25200e+02
6.25400e+02
6.25600e+02
6.25800e+02
6.25900e+02
6.26000e+02
6.26100e+02
6.26200e+02
6.26300e+02
6.26500e+02
6.26700e+02
6.27500e+02
6.27800e+02
6.27900e+02
6.28000e+02
6.28100e+02
6.28200e+02
6.28300e+02
6.28500e+02
6.28700e+02
6.29500e+02
6.29800e+02
6.29900e+02
6.30000e+02
6.30100e+02
6.30200e+02
6.30300e+02
6.30500e+02
6.30700e+02
6.31500e+02
6.31800e+02
6.31900e+02
6.32000e+02
6.32100e+02
6.32400e+02
6.32700e+02
6.32900e+02
6.33000e+02
6.33100e+02
6.33300e+02
6.33600e+02
6.33900e+02
6.34100e+02
6.34200e+02
6.34300e+02
6.34500e+02
6.34700e+02
6.35500e+02
6.35800e+02
6.35900e+02
6.36000e+02
6.36100e+02
6.36200e+02
6.36300e+02
6.36500e+02
6.36700e+02
6.37100e+02
6.37400e+02
6.37600e+02
6.37700e+02
6.37800e+02
6.37900e+02
6.38000e+02
6.38200e+02
6.38600e+02
6.38800e+02
6.38900e+02
6.39000e+02
6.39200e+02
6.39500e+02
6.39700e+02
6.39900e+02
6.40500e+02
6.40700e+02
6.40900e+02
6.41000e+02
6.41200e+02
6.41300e+02
6.41500e+02
6.41700e+02
6.42000e+02
6.42100e+02
6.42400e+02
6.42600e+02
6.42800e+02
6.42900e+02
6.43000e+02
6.43200e+02
6.43500e+02
6.43700e+02
6.43900e+02
6.44100e+02
6.44300e+02
6.44400e+02
6.44600e+02
6.44900e+02
6.45100e+02
6.45200e+02
6.45400e+02
6.45600e+02
6.45800e+02
6.45900e+02
6.46000e+02
6.46100e+02
6.46400e+02
6.46700e+02
6.46900e+02
6.47300e+02
6.47600e+02
6.47900e+02
6.48400e+02
6.48700e+02
6.48900e+02
6.49000e+02
6.49200e+02
6.49300e+02
6.49400e+02
6.49500e+02
6.49800e+02
6.50600e+02
6.50800e+02
6.51000e+02
6.51200e+02
6.51300e+02
6.51400e+02
6.51500e+02
6.51800e+02
6.52600e+02
6.52800e+02
6.53000e+02
6.53100e+02
6.53300e+02
6.53600e+02
6.53900e+02
6.54400e+02
6.54700e+02
6.54900e+02
6.55000e+02
6.55100e+02
6.55300e+02
6.55600e+02
6.55900e+02
6.56100e+02
6.56200e+02
6.56300e+02
6.56500e+02
6.56700e+02
6.57500e+02
6.57800e+02
6.57900e+02
6.58000e+02
6.58100e+02
6.58200e+02
6.58300e+02
6.58500e+02
6.58700e+02
6.59100e+02
6.59400e+02
6.59600e+02
6.59700e+02
6.59800e+02
6.59900e+02
6.60000e+02
6.60200e+02
6.60500e+02
6.60800e+02
6.61200e+02
6.61400e+02
6.61600e+02
6.61800e+02
6.61900e+02
6.62000e+02
6.62100e+02
6.62200e+02
6.62300e+02
6.62500e+02
6.62700e+02
6.63100e+02
6.63400e+02
6.63600e+02
6.63700e+02
6.63800e+02
6.63900e+02
6.64000e+02
6.64200e+02
6.64500e+02
6.64800e+02
6.65500e+02
6.65800e+02
6.65900e+02
6.66000e+02
6.66200e+02
6.66600e+02
6.66800e+02
6.66900e+02
6.67000e+02
6.67100e+02
6.67300e+02
6.67500e+02
6.67700e+02
6.67900e+02
6.68100e+02
6.68300e+02
6.68400e+02
6.68600e+02
6.68900e+02
6.69100e+02
6.69200e+02
6.69400e+02
6.69600e+02
6.69800e+02
6.69900e+02
6.70000e+02
6.70100e+02
6.70200e+02
6.70300e+02
6.70500e+02
6.70700e+02
6.71500e+02
6.71800e+02
6.71900e+02
6.72000e+02
6.72100e+02
6.72200e+02
6.72300e+02
6.72500e+02
6.72700e+02
6.73100e+02
6.73400e+02
6.73600e+02
6.73700e+02
6.73800e+02
6.73900e+02
6.74000e+02
6.74200e+02
6.74600e+02
6.74800e+02
6.74900e+02
6.75300e+02
6.75500e+02
6.75800e+02
6.76400e+02
6.76600e+02
6.76800e+02
6.76900e+02
6.77000e+02
6.77200e+02
6.77300e+02
6.77500e+02
6.77800e+02
6.78400e+02
6.78600e+02
6.78800e+02
6.78900e+02
6.79000e+02
6.79100e+02
6.79400e+02
6.79500e+02
6.79700e+02
6.79900e+02
6.80100e+02
6.80300e+02
6.80400e+02
6.80600e+02
6.80900e+02
6.81400e+02
6.81600e+02
6.81700e+02
6.81800e+02
6.81900e+02
6.82000e+02
6.82200e+02
6.82600e+02
6.82800e+02
6.82900e+02
6.83200e+02
6.83500e+02
6.83700e+02
6.83900e+02
6.84500e+02
6.84700e+02
6.84900e+02
6.85200e+02
6.85300e+02
6.85500e+02
6.85800e+02
6.86400e+02
6.86600e+02
6.86800e+02
6.86900e+02
6.87000e+02
6.87200e+02
6.87500e+02
6.87700e+02
6.87900e+02
6.88100e+02
6.88300e+02
6.88400e+02
6.88600e+02
6.88900e+02
6.89100e+02
6.89200e+02
6.89400e+02
6.89600e+02
6.89800e+02
6.89900e+02
6.90000e+02
6.90100e+02
6.90200e+02
6.90300e+02
6.90500e+02
6.90700e+02
6.91500e+02
6.91800e+02
6.91900e+02
6.92000e+02
6.92100e+02
6.92200e+02
6.92300e+02
6.92500e+02
6.92700e+02
6.93500e+02
6.93800e+02
6.93900e+02
6.94000e+02
6.94100e+02
6.94400e+02
6.94700e+02
6.94900e+02
6.95300e+02
6.95600e+02
6.95900e+02
6.96100e+02
6.96200e+02
6.96300e+02
6.96500e+02
6.96700e+02
6.97100e+02
6.97400e+02
6.97600e+02
6.97700e+02
6.97800e+02
6.97900e+02
6.98000e+02
6.98200e+02
6.98600e+02
6.98800e+02
6.98900e+02
6.99200e+02
6.99500e+02
6.99700e+02
6.99900e+02
7.00100e+02
7.00300e+02
7.00400e+02
7.00600e+02
7.00900e+02
7.01100e+02
7.01200e+02
7.01400e+02
7.01600e+02
7.01800e+02
7.01900e+02
7.02000e+02
7.02100e+02
7.02400e+02
7.02700e+02
7.02900e+02
7.03200e+02
7.03300e+02
7.03400e+02
7.03500e+02
7.03800e+02
7.04600e+02
7.04800e+02
7.05000e+02
7.05100e+02
7.05300e+02
7.05400e+02
7.05500e+02
7.05800e+02
7.06600e+02
7.06800e+02
7.07000e+02
7.07100e+02
7.07300e+02
7.07600e+02
7.07900e+02
7.08100e+02
7.08200e+02
7.08300e+02
7.08500e+02
7.08700e+02
7.09500e+02
7.09800e+02
7.09900e+02
7.10000e+02
7.10100e+02
7.10400e+02
7.10700e+02
7.10900e+02
7.11000e+02
7.11100e+02
7.11300e+02
7.11600e+02
7.11900e+02
7.12400e+02
7.12700e+02
7.12900e+02
7.13200e+02
7.13300e+02
7.13400e+02
7.13500e+02
7.13800e+02
7.14100e+02
7.14400e+02
7.14600e+02
7.14900e+02
7.15200e+02
7.15400e+02
7.15600e+02
7.15800e+02
7.15900e+02
7.16000e+02
7.16100e+02
7.16200e+02
7.16300e+02
7.16500e+02
7.16700e+02
7.16800e+02
7.16900e+02
7.17000e+02
7.17100e+02
7.17200e+02
7.17400e+02
7.17600e+02
7.17800e+02
7.17900e+02
7.18000e+02
7.18100e+02
7.18400e+02
7.18600e+02
7.18700e+02
7.18800e+02
7.19000e+02
7.19100e+02
7.19200e+02
7.19400e+02
7.19500e+02
7.19800e+02
7.20100e+02
7.20300e+02
7.20500e+02
7.20800e+02
7.21100e+02
7.21200e+02
7.21400e+02
7.21500e+02
7.21700e+02
7.21900e+02
7.22000e+02
7.22100e+02
7.22400e+02
7.22500e+02
7.22700e+02
7.22900e+02
7.23000e+02
7.23100e+02
7.23200e+02
7.23500e+02
7.23700e+02
7.24000e+02
7.24200e+02
7.24500e+02
7.24800e+02
7.25100e+02
7.25200e+02
7.25400e+02
7.25600e+02
7.25800e+02
7.25900e+02
7.26000e+02
7.26100e+02
7.26400e+02
7.26700e+02
7.27000e+02
7.27300e+02
7.27600e+02
7.28000e+02
7.28100e+02
7.28200e+02
7.28300e+02
7.28500e+02
7.28600e+02
7.28900e+02
7.29000e+02
7.29100e+02
7.29200e+02
7.29400e+02
7.29600e+02
7.29800e+02
7.29900e+02
7.30000e+02
7.30100e+02
7.30400e+02
7.30700e+02
7.31000e+02
7.31200e+02
7.31400e+02
7.31600e+02
7.32000e+02
7.32100e+02
7.32400e+02
7.32700e+02
7.33000e+02
7.33200e+02
7.33400e+02
7.33600e+02
7.34000e+02
7.34100e+02
7.34200e+02
7.34300e+02
7.34500e+02
7.34600e+02
7.34900e+02
7.35000e+02
7.35100e+02
7.35300e+02
7.35500e+02
7.35700e+02
7.36000e+02
7.36200e+02
7.36400e+02
7.36600e+02
7.36800e+02
7.37000e+02
7.37200e+02
7.37400e+02
7.37600e+02
7.37900e+02
7.38400e+02
7.38500e+02
7.38700e+02
7.38800e+02
7.39000e+02
7.39100e+02
7.39200e+02
7.39500e+02
7.39700e+02
7.40000e+02
7.40200e+02
7.40400e+02
7.40600e+02
7.40800e+02
7.41000e+02
7.41200e+02
7.41400e+02
7.41600e+02
7.41900e+02
7.42100e+02
7.42200e+02
7.42300e+02
7.42500e+02
7.42600e+02
7.42900e+02
7.43000e+02
7.43100e+02
7.43300e+02
7.43600e+02
7.43800e+02
7.43900e+02
7.44300e+02
7.44500e+02
7.44800e+02
7.45500e+02
7.45700e+02
7.45800e+02
7.45900e+02
7.46200e+02
7.46500e+02
7.46700e+02
7.46900e+02
7.47300e+02
7.47500e+02
7.47800e+02
7.48500e+02
7.48700e+02
7.48900e+02
7.49100e+02
7.49300e+02
7.49400e+02
7.49600e+02
7.49900e+02
7.50400e+02
7.50600e+02
7.50700e+02
7.50800e+02
7.51000e+02
7.51100e+02
7.51300e+02
7.51400e+02
7.51600e+02
7.51900e+02
7.52400e+02
7.52600e+02
7.52700e+02
7.52800e+02
7.53000e+02
7.53100e+02
7.53300e+02
7.53500e+02
7.53800e+02
7.54500e+02
7.54700e+02
7.54900e+02
7.55100e+02
7.55300e+02
7.55400e+02
7.55600e+02
7.55900e+02
7.56200e+02
7.56300e+02
7.56500e+02
7.56700e+02
7.56800e+02
7.56900e+02
7.57000e+02
7.57100e+02
7.57200e+02
7.57400e+02
7.57600e+02
7.57800e+02
7.57900e+02
7.58000e+02
7.58100e+02
7.58400e+02
7.58600e+02
7.58700e+02
7.58800e+02
7.59000e+02
7.59100e+02
7.59300e+02
7.59500e+02
7.59800e+02
7.60100e+02
7.60300e+02
7.60500e+02
7.60800e+02
7.61100e+02
7.61200e+02
7.61400e+02
7.61500e+02
7.61700e+02
7.61900e+02
7.62000e+02
7.62100e+02
7.62400e+02
7.62500e+02
7.62700e+02
7.62800e+02
7.63000e+02
7.63200e+02
7.63500e+02
7.63700e+02
7.64000e+02
7.64200e+02
7.64400e+02
7.64600e+02
7.64800e+02
7.65000e+02
7.65200e+02
7.65500e+02
7.65700e+02
7.66000e+02
7.66200e+02
7.66400e+02
7.66600e+02
7.66800e+02
7.67000e+02
7.67200e+02
7.67400e+02
7.67600e+02
7.67900e+02
7.68100e+02
7.68200e+02
7.68300e+02
7.68500e+02
7.68600e+02
7.68900e+02
7.69000e+02
7.69200e+02
7.69400e+02
7.69500e+02
7.69700e+02
7.69900e+02
7.70000e+02
7.70100e+02
7.70200e+02
7.70300e+02
7.70500e+02
7.70600e+02
7.70900e+02
7.71000e+02
7.71100e+02
7.71300e+02
7.71600e+02
7.71800e+02
7.71900e+02
7.72200e+02
7.72500e+02
7.72700e+02
7.72900e+02
7.73100e+02
7.73300e+02
7.73400e+02
7.73600e+02
7.73900e+02
7.74200e+02
7.74300e+02
7.74500e+02
7.74700e+02
7.74800e+02
7.74900e+02
7.75000e+02
7.75100e+02
7.75300e+02
7.75600e+02
7.75800e+02
7.75900e+02
7.76000e+02
7.76100e+02
7.76400e+02
7.76600e+02
7.76900e+02
7.77300e+02
7.77600e+02
7.77800e+02
7.77900e+02
7.78000e+02
7.78100e+02
7.78400e+02
7.78600e+02
7.78900e+02
7.79200e+02
7.79400e+02
7.79600e+02
7.79800e+02
7.79900e+02
7.80000e+02
7.80100e+02
7.80400e+02
7.80600e+02
7.80700e+02
7.80800e+02
7.81000e+02
7.81100e+02
7.81200e+02
7.81400e+02
7.81500e+02
7.81800e+02
7.82100e+02
7.82300e+02
7.82500e+02
7.82800e+02
7.83500e+02
7.83700e+02
7.83800e+02
7.83900e+02
7.84200e+02
7.84500e+02
7.84700e+02
7.84900e+02
7.85200e+02
7.85400e+02
7.85500e+02
7.85800e+02
7.86500e+02
7.86700e+02
7.86900e+02
7.87100e+02
7.87300e+02
7.87400e+02
7.87600e+02
7.87900e+02
7.88400e+02
7.88600e+02
7.88700e+02
7.88800e+02
7.89000e+02
7.89100e+02
7.89200e+02
7.89400e+02
7.89500e+02
7.89800e+02
7.90500e+02
7.90700e+02
7.90900e+02
7.91100e+02
7.91300e+02
7.91400e+02
7.91600e+02
7.91900e+02
7.92400e+02
7.92600e+02
7.92700e+02
7.92800e+02
7.93000e+02
7.93100e+02
7.93300e+02
7.93500e+02
7.93800e+02
7.94500e+02
7.94700e+02
7.94900e+02
7.95200e+02
7.95400e+02
7.95500e+02
7.95800e+02
7.96100e+02
7.96300e+02
7.96500e+02
7.96800e+02
7.97100e+02
7.97200e+02
7.97400e+02
7.97500e+02
7.97700e+02
7.97900e+02
7.98000e+02
7.98100e+02
7.98200e+02
7.98300e+02
7.98500e+02
7.98600e+02
7.98900e+02
7.99000e+02
7.99100e+02
7.99200e+02
7.99400e+02
7.99500e+02
7.99700e+02
7.99900e+02
8.00000e+02
8.00100e+02
8.00200e+02
8.00300e+02
8.00500e+02
8.00600e+02
8.00900e+02
8.01000e+02
8.01200e+02
8.01400e+02
8.01500e+02
8.01700e+02
8.01900e+02
8.02000e+02
8.02100e+02
8.02400e+02
8.02500e+02
8.02700e+02
8.02800e+02
8.03000e+02
8.03200e+02
8.03400e+02
8.03600e+02
8.03900e+02
8.04100e+02
8.04200e+02
8.04300e+02
8.04500e+02
8.04600e+02
8.04900e+02
8.05000e+02
8.05100e+02
8.05200e+02
8.05400e+02
8.05500e+02
8.05700e+02
8.05900e+02
8.06000e+02
8.06100e+02
8.06200e+02
8.06300e+02
8.06500e+02
8.06600e+02
8.06900e+02
8.07000e+02
8.07100e+02
8.07200e+02
8.07400e+02
8.07500e+02
8.07700e+02
8.07900e+02
8.08000e+02
8.08100e+02
8.08200e+02
8.08300e+02
8.08500e+02
8.08600e+02
8.08900e+02
8.09000e+02
8.09100e+02
8.09300e+02
8.09600e+02
8.09800e+02
8.09900e+02
8.10200e+02
8.10500e+02
8.10700e+02
8.10900e+02
8.11100e+02
8.11300e+02
8.11400e+02
8.11600e+02
8.11900e+02
8.12400e+02
8.12600e+02
8.12700e+02
8.12800e+02
8.13000e+02
8.13100e+02
8.13300e+02
8.13400e+02
8.13600e+02
8.13900e+02
8.14200e+02
8.14300e+02
8.14500e+02
8.14700e+02
8.14800e+02
8.14900e+02
8.15000e+02
8.15200e+02
8.15400e+02
8.15600e+02
8.15800e+02
8.15900e+02
8.16000e+02
8.16100e+02
8.16200e+02
8.16300e+02
8.16500e+02
8.16700e+02
8.16800e+02
8.16900e+02
8.17000e+02
8.17100e+02
8.17300e+02
8.17600e+02
8.17800e+02
8.17900e+02
8.18000e+02
8.18100e+02
8.18300e+02
8.18500e+02
8.18800e+02
8.19000e+02
8.19200e+02
8.19300e+02
8.19400e+02
8.19500e+02
8.19800e+02
8.20100e+02
8.20400e+02
8.20600e+02
8.20900e+02
8.21300e+02
8.21600e+02
8.21800e+02
8.21900e+02
8.22000e+02
8.22100e+02
8.22300e+02
8.22500e+02
8.22800e+02
8.23000e+02
8.23100e+02
8.23300e+02
8.23400e+02
8.23500e+02
8.23800e+02
8.24100e+02
8.24400e+02
8.24600e+02
8.24900e+02
8.25300e+02
8.25600e+02
8.25800e+02
8.25900e+02
8.26000e+02
8.26100e+02
8.26300e+02
8.26500e+02
8.26800e+02
8.27000e+02
8.27200e+02
8.27300e+02
8.27400e+02
8.27500e+02
8.27800e+02
8.28600e+02
8.28800e+02
8.29000e+02
8.29100e+02
8.29300e+02
8.29400e+02
8.29500e+02
8.29800e+02
8.30600e+02
8.30800e+02
8.31000e+02
8.31100e+02
8.31300e+02
8.31600e+02
8.31900e+02
8.32400e+02
8.32700e+02
8.32900e+02
8.33300e+02
8.33600e+02
8.33900e+02
8.34400e+02
8.34700e+02
8.34900e+02
8.35300e+02
8.35600e+02
8.35900e+02
8.36400e+02
8.36700e+02
8.36900e+02
8.37000e+02
8.37100e+02
8.37300e+02
8.37600e+02
8.37900e+02
8.38100e+02
8.38200e+02
8.38300e+02
8.38500e+02
8.38700e+02
8.39500e+02
8.39800e+02
8.39900e+02
8.40000e+02
8.40100e+02
8.40200e+02
8.40300e+02
8.40500e+02
8.40700e+02
8.41500e+02
8.41800e+02
8.41900e+02
8.42000e+02
8.42100e+02
8.42200e+02
8.42300e+02
8.42500e+02
8.42700e+02
8.43100e+02
8.43400e+02
8.43600e+02
8.43700e+02
8.43800e+02
8.43900e+02
8.44000e+02
8.44200e+02
8.44500e+02
8.44800e+02
8.45200e+02
8.45400e+02
8.45600e+02
8.45800e+02
8.45900e+02
8.46000e+02
8.46100e+02
8.46400e+02
8.46700e+02
8.46900e+02
8.47000e+02
8.47100e+02
8.47300e+02
8.47400e+02
8.47500e+02
8.47800e+02
8.48100e+02
8.48400e+02
8.48600e+02
8.48900e+02
8.49300e+02
8.49600e+02
8.49800e+02
8.49900e+02
8.50000e+02
8.50100e+02
8.50300e+02
8.50500e+02
8.50800e+02
8.51000e+02
8.51100e+02
8.51300e+02
8.51600e+02
8.51900e+02
8.52100e+02
8.52200e+02
8.52300e+02
8.52500e+02
8.52700e+02
8.53100e+02
8.53400e+02
8.53600e+02
8.53700e+02
8.53800e+02
8.53900e+02
8.54000e+02
8.54200e+02
8.54500e+02
8.54800e+02
8.55200e+02
8.55400e+02
8.55600e+02
8.55800e+02
8.55900e+02
8.56000e+02
8.56100e+02
8.56200e+02
8.56300e+02
8.56500e+02
8.56700e+02
8.57100e+02
8.57400e+02
8.57600e+02
8.57700e+02
8.57800e+02
8.57900e+02
8.58000e+02
8.58200e+02
8.58600e+02
8.58800e+02
8.58900e+02
8.59200e+02
8.59500e+02
8.59700e+02
8.59900e+02
8.60500e+02
8.60700e+02
8.60900e+02
8.61200e+02
8.61500e+02
8.61700e+02
8.61900e+02
8.62500e+02
8.62700e+02
8.62900e+02
8.63200e+02
8.63500e+02
8.63700e+02
8.63900e+02
8.64500e+02
8.64700e+02
8.64900e+02
8.65300e+02
8.65500e+02
8.65800e+02
8.66400e+02
8.66600e+02
8.66800e+02
8.66900e+02
8.67000e+02
8.67200e+02
8.67300e+02
8.67500e+02
8.67800e+02
8.68400e+02
8.68600e+02
8.68800e+02
8.68900e+02
8.69000e+02
8.69300e+02
8.69500e+02
8.69700e+02
8.69900e+02
8.70500e+02
8.70700e+02
8.70900e+02
8.71300e+02
8.71500e+02
8.71800e+02
8.72400e+02
8.72600e+02
8.72800e+02
8.72900e+02
8.73000e+02
8.73200e+02
8.73300e+02
8.73500e+02
8.73800e+02
8.74400e+02
8.74600e+02
8.74800e+02
8.74900e+02
8.75000e+02
8.75200e+02
8.75300e+02
8.75500e+02
8.75800e+02
8.76100e+02
8.76200e+02
8.76300e+02
8.76400e+02
8.76600e+02
8.76900e+02
8.77000e+02
8.77100e+02
8.77200e+02
8.77500e+02
8.77700e+02
8.77800e+02
8.78000e+02
8.78200e+02
8.78400e+02
8.78600e+02
8.78800e+02
8.79000e+02
8.79100e+02
8.79200e+02
8.79400e+02
8.79500e+02
8.79800e+02
8.80400e+02
8.80600e+02
8.80800e+02
8.81000e+02
8.81200e+02
8.81400e+02
8.81600e+02
8.82000e+02
8.82100e+02
8.82200e+02
8.82300e+02
8.82400e+02
8.82600e+02
8.82900e+02
8.83000e+02
8.83200e+02
8.83400e+02
8.83600e+02
8.83800e+02
8.83900e+02
8.84000e+02
8.84100e+02
8.84500e+02
8.84700e+02
8.84900e+02
8.85400e+02
8.85600e+02
8.86000e+02
8.86100e+02
8.86500e+02
8.86700e+02
8.86900e+02
8.87200e+02
8.87400e+02
8.87500e+02
8.87800e+02
8.88100e+02
8.88300e+02
8.88400e+02
8.88600e+02
8.88800e+02
8.89100e+02
8.89200e+02
8.89400e+02
8.89600e+02
8.89800e+02
8.89900e+02
8.90000e+02
8.90100e+02
8.90400e+02
8.90600e+02
8.90800e+02
8.90900e+02
8.91000e+02
8.91100e+02
8.91400e+02
8.91500e+02
8.91700e+02
8.91900e+02
8.92500e+02
8.92700e+02
8.92900e+02
8.93000e+02
8.93300e+02
8.93500e+02
8.93700e+02
8.93900e+02
8.94500e+02
8.94700e+02
8.94900e+02
8.95000e+02
8.95100e+02
8.95400e+02
8.95500e+02
8.95700e+02
8.95900e+02
8.96100e+02
8.96300e+02
8.96400e+02
8.96600e+02
8.96900e+02
8.97100e+02
8.97200e+02
8.97400e+02
8.97600e+02
8.97800e+02
8.97900e+02
8.98000e+02
8.98100e+02
8.98200e+02
8.98300e+02
8.98500e+02
8.98700e+02
8.99100e+02
8.99400e+02
8.99600e+02
8.99700e+02
8.99800e+02
8.99900e+02
9.00000e+02
9.00200e+02
9.00500e+02
9.00800e+02
9.01200e+02
9.01400e+02
9.01600e+02
9.01800e+02
9.01900e+02
9.02000e+02
9.02100e+02
9.02400e+02
9.02700e+02
9.02900e+02
9.03200e+02
9.03300e+02
9.03400e+02
9.03500e+02
9.03800e+02
9.04100e+02
9.04400e+02
9.04600e+02
9.04900e+02
9.05300e+02
9.05600e+02
9.05800e+02
9.05900e+02
9.06000e+02
9.06100e+02
9.06400e+02
9.06600e+02
9.06900e+02
9.07300e+02
9.07600e+02
9.07800e+02
9.07900e+02
9.08000e+02
9.08100e+02
9.08300e+02
9.08500e+02
9.08800e+02
9.09000e+02
9.09100e+02
9.09300e+02
9.09600e+02
9.09900e+02
9.10400e+02
9.10700e+02
9.10900e+02
9.11000e+02
9.11200e+02
9.11300e+02
9.11400e+02
9.11500e+02
9.11800e+02
9.12600e+02
9.12800e+02
9.13000e+02
9.13100e+02
9.13300e+02
9.13400e+02
9.13500e+02
9.13800e+02
9.14100e+02
9.14400e+02
9.14600e+02
9.14900e+02
9.15300e+02
9.15600e+02
9.15800e+02
9.15900e+02
9.16000e+02
9.16100e+02
9.16300e+02
9.16500e+02
9.16800e+02
9.17000e+02
9.17200e+02
9.17300e+02
9.17400e+02
9.17500e+02
9.17800e+02
9.18600e+02
9.18800e+02
9.19000e+02
9.19100e+02
9.19300e+02
9.19600e+02
9.19900e+02
9.20100e+02
9.20200e+02
9.20300e+02
9.20500e+02
9.20700e+02
9.21500e+02
9.21800e+02
9.21900e+02
9.22000e+02
9.22100e+02
9.22400e+02
9.22700e+02
9.22900e+02
9.23300e+02
9.23600e+02
9.23900e+02
9.24100e+02
9.24200e+02
9.24300e+02
9.24500e+02
9.24700e+02
9.25100e+02
9.25400e+02
9.25600e+02
9.25700e+02
9.25800e+02
9.25900e+02
9.26000e+02
9.26200e+02
9.26500e+02
9.26800e+02
9.27200e+02
9.27400e+02
9.27600e+02
9.27800e+02
9.27900e+02
9.28000e+02
9.28100e+02
9.28200e+02
9.28300e+02
9.28500e+02
9.28700e+02
9.29500e+02
9.29800e+02
9.29900e+02
9.30000e+02
9.30100e+02
9.30400e+02
9.30700e+02
9.30900e+02
9.31200e+02
9.31300e+02
9.31400e+02
9.31500e+02
9.31800e+02
9.32100e+02
9.32400e+02
9.32600e+02
9.32900e+02
9.33200e+02
9.33400e+02
9.33600e+02
9.33800e+02
9.33900e+02
9.34000e+02
9.34100e+02
9.34200e+02
9.34300e+02
9.34500e+02
9.34700e+02
9.34800e+02
9.34900e+02
9.35000e+02
9.35100e+02
9.35300e+02
9.35600e+02
9.35800e+02
9.35900e+02
9.36000e+02
9.36100e+02
9.36300e+02
9.36500e+02
9.36800e+02
9.37000e+02
9.37100e+02
9.37300e+02
9.37600e+02
9.37900e+02
9.38100e+02
9.38200e+02
9.38300e+02
9.38500e+02
9.38700e+02
9.39500e+02
9.39800e+02
9.39900e+02
9.40000e+02
9.40100e+02
9.40200e+02
9.40300e+02
9.40500e+02
9.40700e+02
9.41500e+02
9.41800e+02
9.41900e+02
9.42000e+02
9.42100e+02
9.42400e+02
9.42700e+02
9.42900e+02
9.43200e+02
9.43300e+02
9.43400e+02
9.43500e+02
9.43800e+02
9.44100e+02
9.44400e+02
9.44600e+02
9.44900e+02
9.45200e+02
9.45400e+02
9.45600e+02
9.45800e+02
9.45900e+02
9.46000e+02
9.46100e+02
9.46200e+02
9.46300e+02
9.46500e+02
9.46700e+02
9.46800e+02
9.46900e+02
9.47000e+02
9.47200e+02
9.47400e+02
9.47600e+02
9.47800e+02
9.47900e+02
9.48000e+02
9.48100e+02
9.48200e+02
9.48300e+02
9.48500e+02
9.48700e+02
9.48800e+02
9.48900e+02
9.49000e+02
9.49100e+02
9.49200e+02
9.49400e+02
9.49600e+02
9.49800e+02
9.49900e+02
9.50000e+02
9.50100e+02
9.50200e+02
9.50300e+02
9.50500e+02
9.50700e+02
9.50800e+02
9.50900e+02
9.51000e+02
9.51100e+02
9.51300e+02
9.51600e+02
9.51800e+02
9.51900e+02
9.52000e+02
9.52100e+02
9.52300e+02
9.52500e+02
9.52800e+02
9.53000e+02
9.53100e+02
9.53300e+02
9.53400e+02
9.53500e+02
9.53800e+02
9.54600e+02
9.54800e+02
9.55000e+02
9.55200e+02
9.55300e+02
9.55400e+02
9.55500e+02
9.55800e+02
9.56600e+02
9.56800e+02
9.57000e+02
9.57100e+02
9.57300e+02
9.57600e+02
9.57900e+02
9.58100e+02
9.58200e+02
9.58300e+02
9.58500e+02
9.58700e+02
9.59500e+02
9.59800e+02
9.59900e+02
9.60000e+02
9.60100e+02
9.60200e+02
9.60300e+02
9.60500e+02
9.60700e+02
9.61500e+02
9.61800e+02
9.61900e+02
9.62000e+02
9.62100e+02
9.62200e+02
9.62300e+02
9.62500e+02
9.62700e+02
9.63100e+02
9.63400e+02
9.63600e+02
9.63700e+02
9.63800e+02
9.63900e+02
9.64000e+02
9.64200e+02
9.64600e+02
9.64800e+02
9.64900e+02
9.65200e+02
9.65500e+02
9.65700e+02
9.65900e+02
9.66100e+02
9.66300e+02
9.66400e+02
9.66600e+02
9.66900e+02
9.67100e+02
9.67200e+02
9.67400e+02
9.67600e+02
9.67800e+02
9.67900e+02
9.68000e+02
9.68100e+02
9.68400e+02
9.68700e+02
9.68900e+02
9.69000e+02
9.69100e+02
9.69300e+02
9.69400e+02
9.69500e+02
9.69800e+02
9.70600e+02
9.70800e+02
9.71000e+02
9.71200e+02
9.71300e+02
9.71400e+02
9.71500e+02
9.71800e+02
9.72100e+02
9.72400e+02
9.72600e+02
9.72900e+02
9.73200e+02
9.73400e+02
9.73600e+02
9.73800e+02
9.73900e+02
9.74000e+02
9.74100e+02
9.74200e+02
9.74300e+02
9.74500e+02
9.74700e+02
9.74800e+02
9.74900e+02
9.75000e+02
9.75100e+02
9.75300e+02
9.75600e+02
9.75800e+02
9.75900e+02
9.76000e+02
9.76100e+02
9.76400e+02
9.76600e+02
9.76900e+02
9.77200e+02
9.77400e+02
9.77600e+02
9.77800e+02
9.77900e+02
9.78000e+02
9.78100e+02
9.78400e+02
9.78600e+02
9.78700e+02
9.78800e+02
9.79000e+02
9.79100e+02
9.79300e+02
9.79500e+02
9.79800e+02
9.80100e+02
9.80200e+02
9.80300e+02
9.80500e+02
9.80700e+02
9.80800e+02
9.80900e+02
9.81000e+02
9.81100e+02
9.81200e+02
9.81400e+02
9.81600e+02
9.81800e+02
9.81900e+02
9.82000e+02
9.82100e+02
9.82400e+02
9.82600e+02
9.82700e+02
9.82800e+02
9.83000e+02
9.83100e+02
9.83300e+02
9.83500e+02
9.83800e+02
9.84100e+02
9.84300e+02
9.84500e+02
9.84800e+02
9.85100e+02
9.85200e+02
9.85400e+02
9.85500e+02
9.85700e+02
9.85900e+02
9.86000e+02
9.86100e+02
9.86400e+02
9.86500e+02
9.86700e+02
9.86800e+02
9.87000e+02
9.87100e+02
9.87200e+02
9.87500e+02
9.87700e+02
9.88000e+02
9.88200e+02
9.88400e+02
9.88600e+02
9.88800e+02
9.89000e+02
9.89200e+02
9.89400e+02
9.89600e+02
9.89900e+02
9.90400e+02
9.90500e+02
9.90700e+02
9.90800e+02
9.91000e+02
9.91200e+02
9.91500e+02
9.91700e+02
9.92000e+02
9.92200e+02
9.92400e+02
9.92600e+02
9.92800e+02
9.93000e+02
9.93200e+02
9.93400e+02
9.93600e+02
9.93900e+02
9.94100e+02
9.94200e+02
9.94300e+02
9.94500e+02
9.94600e+02
9.94900e+02
9.95000e+02
9.95100e+02
9.95300e+02
9.95600e+02
9.95800e+02
9.95900e+02
9.96200e+02
9.96500e+02
9.96700e+02
9.96900e+02
9.97100e+02
9.97300e+02
9.97500e+02
9.97800e+02
9.98300e+02
9.98500e+02
9.98700e+02
9.98800e+02
9.99000e+02
9.99100e+02
9.99300e+02
9.99500e+02
9.99800e+02
1.00010e+03
1.00020e+03
1.00030e+03
1.00050e+03
1.00070e+03
1.00080e+03
1.00090e+03
1.00100e+03
1.00120e+03
1.00140e+03
1.00160e+03
1.00180e+03
1.00190e+03
1.00200e+03
1.00210e+03
1.00240e+03
1.00260e+03
1.00270e+03
1.00280e+03
1.00300e+03
1.00310e+03
1.00320e+03
1.00340e+03
1.00350e+03
1.00380e+03
1.00410e+03
1.00430e+03
1.00450e+03
1.00480e+03
1.00550e+03
1.00570e+03
1.00580e+03
1.00590e+03
1.00630e+03
1.00650e+03
1.00680e+03
1.00710e+03
1.00720e+03
1.00740e+03
1.00750e+03
1.00770e+03
1.00790e+03
1.00800e+03
1.00810e+03
1.00820e+03
1.00830e+03
1.00850e+03
1.00860e+03
1.00890e+03
1.00900e+03
1.00910e+03
1.00930e+03
1.00960e+03
1.00980e+03
1.00990e+03
1.01030e+03
1.01050e+03
1.01080e+03
1.01110e+03
1.01120e+03
1.01140e+03
1.01150e+03
1.01170e+03
1.01190e+03
1.01200e+03
1.01210e+03
1.01240e+03
1.01250e+03
1.01270e+03
1.01280e+03
1.01300e+03
1.01320e+03
1.01350e+03
1.01370e+03
1.01400e+03
1.01420e+03
1.01440e+03
1.01460e+03
1.01480e+03
1.01500e+03
1.01510e+03
1.01520e+03
1.01550e+03
1.01570e+03
1.01600e+03
1.01620e+03
1.01650e+03
1.01680e+03
1.01710e+03
1.01720e+03
1.01740e+03
1.01760e+03
1.01780e+03
1.01790e+03
1.01800e+03
1.01810e+03
1.01820e+03
1.01830e+03
1.01850e+03
1.01860e+03
1.01890e+03
1.01900e+03
1.01910e+03
1.01920e+03
1.01940e+03
1.01960e+03
1.01980e+03
1.01990e+03
1.02000e+03
1.02010e+03
1.02040e+03
1.02070e+03
1.02100e+03
1.02120e+03
1.02150e+03
1.02170e+03
1.02190e+03
1.02220e+03
1.02250e+03
1.02260e+03
1.02290e+03
1.02310e+03
1.02320e+03
1.02340e+03
1.02360e+03
1.02380e+03
1.02390e+03
1.02400e+03
1.02410e+03
1.02420e+03
1.02430e+03
1.02450e+03
1.02470e+03
1.02500e+03
1.02510e+03
1.02520e+03
1.02540e+03
1.02560e+03
1.02580e+03
1.02590e+03
1.02600e+03
1.02610e+03
1.02620e+03
1.02630e+03
1.02650e+03
1.02670e+03
1.02700e+03
1.02720e+03
1.02740e+03
1.02760e+03
1.02780e+03
1.02790e+03
1.02800e+03
1.02810e+03
1.02820e+03
1.02850e+03
1.02870e+03
1.02890e+03
1.02900e+03
1.02910e+03
1.02940e+03
1.02960e+03
1.02970e+03
1.02990e+03
1.03010e+03
1.03030e+03
1.03040e+03
1.03070e+03
1.03080e+03
1.03110e+03
1.03120e+03
1.03130e+03
1.03150e+03
1.03170e+03
1.03180e+03
1.03190e+03
1.03200e+03
1.03210e+03
1.03220e+03
1.03230e+03
1.03250e+03
1.03270e+03
1.03290e+03
1.03300e+03
1.03310e+03
1.03330e+03
1.03340e+03
1.03350e+03
1.03380e+03
1.03390e+03
1.03400e+03
1.03420e+03
1.03440e+03
1.03460e+03
1.03480e+03
1.03500e+03
1.03510e+03
1.03540e+03
1.03560e+03
1.03570e+03
1.03590e+03
1.03640e+03
1.03660e+03
1.03680e+03
1.03700e+03
1.03710e+03
1.03720e+03
1.03750e+03
1.03770e+03
1.03790e+03
1.03840e+03
1.03860e+03
1.03880e+03
1.03900e+03
1.03910e+03
1.03930e+03
1.03960e+03
1.04000e+03
1.04010e+03
1.04020e+03
1.04050e+03
1.04070e+03
1.04090e+03
1.04120e+03
1.04150e+03
1.04170e+03
1.04190e+03
1.04240e+03
1.04260e+03
1.04280e+03
1.04300e+03
1.04310e+03
1.04320e+03
1.04350e+03
1.04370e+03
1.04390e+03
1.04410e+03
1.04430e+03
1.04440e+03
1.04470e+03
1.04480e+03
1.04510e+03
1.04520e+03
1.04530e+03
1.04550e+03
1.04570e+03
1.04580e+03
1.04590e+03
1.04600e+03
1.04610e+03
1.04640e+03
1.04670e+03
1.04690e+03
1.04720e+03
1.04740e+03
1.04760e+03
1.04780e+03
1.04810e+03
1.04840e+03
1.04870e+03
1.04900e+03
1.04910e+03
1.04930e+03
1.04960e+03
1.04990e+03
1.05020e+03
1.05060e+03
1.05080e+03
1.05100e+03
1.05120e+03
1.05140e+03
1.05160e+03
1.05180e+03
1.05220e+03
1.05230e+03
1.05250e+03
1.05270e+03
1.05290e+03
1.05300e+03
1.05310e+03
1.05320e+03
1.05330e+03
1.05350e+03
1.05370e+03
1.05380e+03
1.05390e+03
1.05400e+03
1.05410e+03
1.05420e+03
1.05430e+03
1.05450e+03
1.05470e+03
1.05490e+03
1.05500e+03
1.05510e+03
1.05530e+03
1.05540e+03
1.05550e+03
1.05580e+03
1.05590e+03
1.05600e+03
1.05620e+03
1.05640e+03
1.05660e+03
1.05680e+03
1.05700e+03
1.05710e+03
1.05740e+03
1.05760e+03
1.05770e+03
1.05790e+03
1.05840e+03
1.05860e+03
1.05880e+03
1.05900e+03
1.05910e+03
1.05920e+03
1.05950e+03
1.05970e+03
1.05990e+03
1.06040e+03
1.06060e+03
1.06080e+03
1.06100e+03
1.06110e+03
1.06120e+03
1.06150e+03
1.06170e+03
1.06190e+03
1.06240e+03
1.06260e+03
1.06280e+03
1.06300e+03
1.06310e+03
1.06320e+03
1.06350e+03
1.06370e+03
1.06390e+03
1.06410e+03
1.06430e+03
1.06440e+03
1.06470e+03
1.06480e+03
1.06530e+03
1.06540e+03
1.06550e+03
1.06580e+03
1.06590e+03
1.06600e+03
1.06620e+03
1.06640e+03
1.06660e+03
1.06680e+03
1.06700e+03
1.06710e+03
1.06730e+03
1.06760e+03
1.06790e+03
1.06800e+03
1.06810e+03
1.06820e+03
1.06830e+03
1.06850e+03
1.06870e+03
1.06900e+03
1.06910e+03
1.06920e+03
1.06940e+03
1.06960e+03
1.06980e+03
1.06990e+03
1.07000e+03
1.07010e+03
1.07020e+03
1.07030e+03
1.07050e+03
1.07070e+03
1.07100e+03
1.07120e+03
1.07140e+03
1.07160e+03
1.07180e+03
1.07190e+03
1.07200e+03
1.07210e+03
1.07220e+03
1.07230e+03
1.07250e+03
1.07270e+03
1.07300e+03
1.07310e+03
1.07320e+03
1.07340e+03
1.07360e+03
1.07380e+03
1.07390e+03
1.07400e+03
1.07410e+03
1.07420e+03
1.07450e+03
1.07470e+03
1.07490e+03
1.07530e+03
1.07560e+03
1.07590e+03
1.07600e+03
1.07610e+03
1.07620e+03
1.07630e+03
1.07650e+03
1.07670e+03
1.07700e+03
1.07710e+03
1.07730e+03
1.07760e+03
1.07770e+03
1.07780e+03
1.07790e+03
1.07800e+03
1.07820e+03
1.07850e+03
1.07860e+03
1.07890e+03
1.07930e+03
1.07960e+03
1.07970e+03
1.07980e+03
1.07990e+03
1.08000e+03
1.08020e+03
1.08050e+03
1.08060e+03
1.08090e+03
1.08110e+03
1.08120e+03
1.08140e+03
1.08160e+03
1.08180e+03
1.08190e+03
1.08200e+03
1.08210e+03
1.08220e+03
1.08230e+03
1.08250e+03
1.08270e+03
1.08300e+03
1.08310e+03
1.08320e+03
1.08340e+03
1.08360e+03
1.08380e+03
1.08390e+03
1.08400e+03
1.08410e+03
1.08420e+03
1.08430e+03
1.08450e+03
1.08470e+03
1.08500e+03
1.08510e+03
1.08530e+03
1.08560e+03
1.08570e+03
1.08580e+03
1.08590e+03
1.08600e+03
1.08620e+03
1.08650e+03
1.08680e+03
1.08700e+03
1.08710e+03
1.08730e+03
1.08750e+03
1.08770e+03
1.08790e+03
1.08840e+03
1.08860e+03
1.08880e+03
1.08900e+03
1.08920e+03
1.08940e+03
1.08960e+03
1.09000e+03
1.09010e+03
1.09020e+03
1.09030e+03
1.09050e+03
1.09060e+03
1.09090e+03
1.09100e+03
1.09110e+03
1.09130e+03
1.09150e+03
1.09170e+03
1.09200e+03
1.09220e+03
1.09250e+03
1.09280e+03
1.09350e+03
1.09370e+03
1.09400e+03
1.09420e+03
1.09450e+03
1.09480e+03
1.09550e+03
1.09570e+03
1.09600e+03
1.09620e+03
1.09650e+03
1.09680e+03
1.09710e+03
1.09720e+03
1.09740e+03
1.09760e+03
1.09780e+03
1.09790e+03
1.09800e+03
1.09810e+03
1.09820e+03
1.09830e+03
1.09850e+03
1.09860e+03
1.09890e+03
1.09900e+03
1.09910e+03
1.09930e+03
1.09950e+03
1.09970e+03
1.10000e+03
1.10020e+03
1.10050e+03
1.10080e+03
1.10110e+03
1.10120e+03
1.10140e+03
1.10160e+03
1.10180e+03
1.10190e+03
1.10200e+03
1.10210e+03
1.10220e+03
1.10230e+03
1.10250e+03
1.10260e+03
1.10290e+03
1.10300e+03
1.10310e+03
1.10330e+03
1.10350e+03
1.10370e+03
1.10400e+03
1.10420e+03
1.10440e+03
1.10460e+03
1.10480e+03
1.10500e+03
1.10510e+03
1.10530e+03
1.10550e+03
1.10570e+03
1.10600e+03
1.10620e+03
1.10650e+03
1.10680e+03
1.10710e+03
1.10720e+03
1.10740e+03
1.10760e+03
1.10780e+03
1.10790e+03
1.10800e+03
1.10810e+03
1.10840e+03
1.10870e+03
1.10900e+03
1.10910e+03
1.10930e+03
1.10950e+03
1.10970e+03
1.10990e+03
1.11040e+03
1.11060e+03
1.11080e+03
1.11100e+03
1.11130e+03
1.11160e+03
1.11200e+03
1.11210e+03
1.11220e+03
1.11230e+03
1.11250e+03
1.11260e+03
1.11290e+03
1.11300e+03
1.11310e+03
1.11330e+03
1.11350e+03
1.11370e+03
1.11400e+03
1.11420e+03
1.11440e+03
1.11460e+03
1.11480e+03
1.11500e+03
1.11520e+03
1.11550e+03
1.11570e+03
1.11600e+03
1.11620e+03
1.11640e+03
1.11660e+03
1.11680e+03
1.11700e+03
1.11720e+03
1.11740e+03
1.11760e+03
1.11790e+03
1.11840e+03
1.11850e+03
1.11870e+03
1.11880e+03
1.11900e+03
1.11920e+03
1.11940e+03
1.11960e+03
1.11990e+03
1.12010e+03
1.12020e+03
1.12030e+03
1.12050e+03
1.12060e+03
1.12090e+03
1.12100e+03
1.12110e+03
1.12120e+03
1.12140e+03
1.12150e+03
1.12170e+03
1.12190e+03
1.12200e+03
1.12210e+03
1.12240e+03
1.12250e+03
1.12270e+03
1.12280e+03
1.12300e+03
1.12310e+03
1.12330e+03
1.12350e+03
1.12370e+03
1.12400e+03
1.12420e+03
1.12440e+03
1.12460e+03
1.12480e+03
1.12500e+03
1.12510e+03
1.12520e+03
1.12550e+03
1.12570e+03
1.12600e+03
1.12620e+03
1.12640e+03
1.12660e+03
1.12680e+03
1.12700e+03
1.12720e+03
1.12750e+03
1.12770e+03
1.12800e+03
1.12820e+03
1.12840e+03
1.12860e+03
1.12880e+03
1.12900e+03
1.12920e+03
1.12940e+03
1.12960e+03
1.12990e+03
1.13040e+03
1.13050e+03
1.13070e+03
1.13090e+03
1.13100e+03
1.13120e+03
1.13140e+03
1.13160e+03
1.13190e+03
1.13210e+03
1.13220e+03
1.13230e+03
1.13250e+03
1.13260e+03
1.13290e+03
1.13300e+03
1.13310e+03
1.13330e+03
1.13360e+03
1.13380e+03
1.13390e+03
1.13430e+03
1.13450e+03
1.13480e+03
1.13550e+03
1.13570e+03
1.13580e+03
1.13590e+03
1.13620e+03
1.13650e+03
1.13670e+03
1.13690e+03
1.13700e+03
1.13710e+03
1.13730e+03
1.13750e+03
1.13780e+03
1.13810e+03
1.13840e+03
1.13860e+03
1.13890e+03
1.13930e+03
1.13960e+03
1.13980e+03
1.13990e+03
1.14030e+03
1.14050e+03
1.14080e+03
1.14110e+03
1.14120e+03
1.14140e+03
1.14150e+03
1.14170e+03
1.14190e+03
1.14200e+03
1.14210e+03
1.14220e+03
1.14230e+03
1.14250e+03
1.14260e+03
1.14290e+03
1.14300e+03
1.14320e+03
1.14340e+03
1.14350e+03
1.14370e+03
1.14390e+03
1.14400e+03
1.14410e+03
1.14420e+03
1.14430e+03
1.14450e+03
1.14460e+03
1.14490e+03
1.14500e+03
1.14510e+03
1.14530e+03
1.14560e+03
1.14580e+03
1.14590e+03
1.14630e+03
1.14650e+03
1.14680e+03
1.14710e+03
1.14720e+03
1.14740e+03
1.14750e+03
1.14770e+03
1.14790e+03
1.14800e+03
1.14810e+03
1.14820e+03
1.14830e+03
1.14850e+03
1.14860e+03
1.14890e+03
1.14900e+03
1.14910e+03
1.14920e+03
1.14940e+03
1.14950e+03
1.14970e+03
1.14990e+03
1.15000e+03
1.15010e+03
1.15040e+03
1.15050e+03
1.15070e+03
1.15080e+03
1.15100e+03
1.15120e+03
1.15140e+03
1.15160e+03
1.15190e+03
1.15240e+03
1.15250e+03
1.15270e+03
1.15280e+03
1.15300e+03
1.15320e+03
1.15340e+03
1.15360e+03
1.15390e+03
1.15410e+03
1.15420e+03
1.15430e+03
1.15450e+03
1.15460e+03
1.15490e+03
1.15500e+03
1.15510e+03
1.15520e+03
1.15540e+03
1.15550e+03
1.15570e+03
1.15590e+03
1.15600e+03
1.15610e+03
1.15640e+03
1.15650e+03
1.15670e+03
1.15680e+03
1.15700e+03
1.15720e+03
1.15740e+03
1.15760e+03
1.15790e+03
1.15840e+03
1.15850e+03
1.15870e+03
1.15880e+03
1.15900e+03
1.15920e+03
1.15950e+03
1.15970e+03
1.16000e+03
1.16020e+03
1.16040e+03
1.16060e+03
1.16080e+03
1.16100e+03
1.16110e+03
1.16120e+03
1.16150e+03
1.16170e+03
1.16200e+03
1.16220e+03
1.16250e+03
1.16280e+03
1.16350e+03
1.16370e+03
1.16400e+03
1.16420e+03
1.16440e+03
1.16460e+03
1.16480e+03
1.16500e+03
1.16510e+03
1.16530e+03
1.16550e+03
1.16570e+03
1.16600e+03
1.16620e+03
1.16650e+03
1.16680e+03
1.16750e+03
1.16770e+03
1.16800e+03
1.16820e+03
1.16840e+03
1.16860e+03
1.16880e+03
1.16900e+03
1.16920e+03
1.16940e+03
1.16960e+03
1.16990e+03
1.17010e+03
1.17020e+03
1.17030e+03
1.17050e+03
1.17060e+03
1.17090e+03
1.17100e+03
1.17120e+03
1.17140e+03
1.17150e+03
1.17170e+03
1.17190e+03
1.17200e+03
1.17210e+03
1.17220e+03
1.17230e+03
1.17250e+03
1.17260e+03
1.17290e+03
1.17300e+03
1.17310e+03
1.17330e+03
1.17360e+03
1.17380e+03
1.17390e+03
1.17420e+03
1.17450e+03
1.17470e+03
1.17490e+03
1.17500e+03
1.17510e+03
1.17530e+03
1.17550e+03
1.17580e+03
1.17610e+03
1.17620e+03
1.17630e+03
1.17650e+03
1.17670e+03
1.17680e+03
1.17690e+03
1.17700e+03
1.17710e+03
1.17730e+03
1.17760e+03
1.17780e+03
1.17790e+03
1.17800e+03
1.17810e+03
1.17830e+03
1.17850e+03
1.17860e+03
1.17880e+03
1.17900e+03
1.17920e+03
1.17930e+03
1.17940e+03
1.17950e+03
1.17980e+03
1.18060e+03
1.18080e+03
1.18100e+03
1.18110e+03
1.18130e+03
1.18160e+03
1.18190e+03
1.18210e+03
1.18220e+03
1.18230e+03
1.18250e+03
1.18270e+03
1.18310e+03
1.18340e+03
1.18360e+03
1.18370e+03
1.18380e+03
1.18390e+03
1.18400e+03
1.18420e+03
1.18450e+03
1.18480e+03
1.18520e+03
1.18540e+03
1.18560e+03
1.18580e+03
1.18590e+03
1.18600e+03
1.18610e+03
1.18620e+03
1.18630e+03
1.18650e+03
1.18670e+03
1.18710e+03
1.18740e+03
1.18760e+03
1.18770e+03
1.18780e+03
1.18790e+03
1.18800e+03
1.18820e+03
1.18860e+03
1.18880e+03
1.18890e+03
1.18920e+03
1.18950e+03
1.18970e+03
1.18990e+03
1.19010e+03
1.19030e+03
1.19040e+03
1.19060e+03
1.19090e+03
1.19110e+03
1.19120e+03
1.19140e+03
1.19160e+03
1.19180e+03
1.19190e+03
1.19200e+03
1.19210e+03
1.19240e+03
1.19270e+03
1.19290e+03
1.19300e+03
1.19320e+03
1.19330e+03
1.19340e+03
1.19350e+03
1.19380e+03
1.19410e+03
1.19440e+03
1.19460e+03
1.19490e+03
1.19530e+03
1.19560e+03
1.19580e+03
1.19590e+03
1.19600e+03
1.19610e+03
1.19630e+03
1.19650e+03
1.19660e+03
1.19680e+03
1.19700e+03
1.19720e+03
1.19730e+03
1.19740e+03
1.19750e+03
1.19780e+03
1.19810e+03
1.19840e+03
1.19860e+03
1.19890e+03
1.19920e+03
1.19940e+03
1.19960e+03
1.19980e+03
1.19990e+03
1.20000e+03
1.20010e+03
1.20040e+03
1.20060e+03
1.20070e+03
1.20080e+03
1.20100e+03
1.20110e+03
1.20130e+03
1.20150e+03
1.20180e+03
1.20210e+03
1.20240e+03
1.20260e+03
1.20290e+03
1.20320e+03
1.20340e+03
1.20350e+03
1.20370e+03
1.20390e+03
1.20400e+03
1.20410e+03
1.20420e+03
1.20430e+03
1.20450e+03
1.20460e+03
1.20490e+03
1.20500e+03
1.20510e+03
1.20520e+03
1.20540e+03
1.20550e+03
1.20570e+03
1.20590e+03
1.20600e+03
1.20610e+03
1.20640e+03
1.20670e+03
1.20680e+03
1.20700e+03
1.20710e+03
1.20730e+03
1.20750e+03
1.20770e+03
1.20800e+03
1.20820e+03
1.20840e+03
1.20860e+03
1.20880e+03
1.20900e+03
1.20920e+03
1.20940e+03
1.20960e+03
1.20990e+03
1.21040e+03
1.21070e+03
1.21080e+03
1.21100e+03
1.21120e+03
1.21150e+03
1.21170e+03
1.21200e+03
1.21220e+03
1.21240e+03
1.21260e+03
1.21280e+03
1.21300e+03
1.21320e+03
1.21340e+03
1.21360e+03
1.21390e+03
1.21440e+03
1.21470e+03
1.21480e+03
1.21500e+03
1.21510e+03
1.21520e+03
1.21550e+03
1.21570e+03
1.21600e+03
1.21620e+03
1.21640e+03
1.21660e+03
1.21680e+03
1.21700e+03
1.21710e+03
1.21730e+03
1.21750e+03
1.21770e+03
1.21800e+03
1.21820e+03
1.21850e+03
1.21880e+03
1.21950e+03
1.21970e+03
1.22000e+03
1.22020e+03
1.22040e+03
1.22060e+03
1.22080e+03
1.22100e+03
1.22120e+03
1.22150e+03
1.22170e+03
1.22200e+03
1.22220e+03
1.22240e+03
1.22260e+03
1.22280e+03
1.22300e+03
1.22310e+03
1.22320e+03
1.22350e+03
1.22370e+03
1.22400e+03
1.22420e+03
1.22450e+03
1.22480e+03
1.22550e+03
1.22570e+03
1.22600e+03
1.22620e+03
1.22650e+03
1.22680e+03
1.22710e+03
1.22720e+03
1.22740e+03
1.22760e+03
1.22780e+03
1.22790e+03
1.22800e+03
1.22810e+03
1.22820e+03
1.22830e+03
1.22850e+03
1.22860e+03
1.22890e+03
1.22900e+03
1.22910e+03
1.22920e+03
1.22940e+03
1.22960e+03
1.22980e+03
1.22990e+03
1.23000e+03
1.23010e+03
1.23040e+03
1.23070e+03
1.23100e+03
1.23120e+03
1.23150e+03
1.23170e+03
1.23190e+03
1.23240e+03
1.23260e+03
1.23280e+03
1.23300e+03
1.23320e+03
1.23350e+03
1.23370e+03
1.23390e+03
1.23420e+03
1.23450e+03
1.23460e+03
1.23490e+03
1.23530e+03
1.23560e+03
1.23570e+03
1.23580e+03
1.23590e+03
1.23600e+03
1.23620e+03
1.23650e+03
1.23660e+03
1.23690e+03
1.23730e+03
1.23760e+03
1.23770e+03
1.23780e+03
1.23790e+03
1.23800e+03
1.23820e+03
1.23850e+03
1.23860e+03
1.23890e+03
1.23910e+03
1.23920e+03
1.23940e+03
1.23960e+03
1.23980e+03
1.23990e+03
1.24000e+03
1.24010e+03
1.24020e+03
1.24030e+03
1.24050e+03
1.24070e+03
1.24100e+03
1.24120e+03
1.24140e+03
1.24160e+03
1.24180e+03
1.24190e+03
1.24200e+03
1.24210e+03
1.24220e+03
1.24230e+03
1.24250e+03
1.24270e+03
1.24300e+03
1.24310e+03
1.24330e+03
1.24360e+03
1.24370e+03
1.24380e+03
1.24390e+03
1.24400e+03
1.24420e+03
1.24450e+03
1.24480e+03
1.24500e+03
1.24520e+03
1.24550e+03
1.24570e+03
1.24590e+03
1.24620e+03
1.24650e+03
1.24660e+03
1.24690e+03
1.24730e+03
1.24760e+03
1.24770e+03
1.24780e+03
1.24790e+03
1.24800e+03
1.24820e+03
1.24850e+03
1.24860e+03
1.24890e+03
1.24910e+03
1.24920e+03
1.24940e+03
1.24960e+03
1.24980e+03
1.24990e+03
1.25000e+03
1.25010e+03
1.25020e+03
1.25050e+03
1.25070e+03
1.25090e+03
1.25100e+03
1.25110e+03
1.25140e+03
1.25160e+03
1.25170e+03
1.25190e+03
1.25240e+03
