0.00000e+00 0.0000000000e+00 0.0000000000e+00
1.00000e+00 1.2166639451e-01 1.2166639451e-01
2.00000e+00 2.4821245977e-01 2.4809079337e-01
3.00000e+00 3.5644701543e-01 1.0823455566e-01
4.00000e+00 4.6205512342e-01 2.2715283611e-01
5.00000e+00 5.8298532714e-01 2.4710651179e-01
6.00000e+00 7.2341320809e-01 1.4042788095e-01
7.00000e+00 8.5118889665e-01 3.5470137184e-01
8.00000e+00 9.7501858032e-01 4.7817635413e-01
9.00000e+00 1.1107798666e+00 3.8360398882e-01
1.00000e+01 1.2348084583e+00 2.4434193178e-01
1.10000e+01 1.3548996184e+00 2.4325854618e-01
1.20000e+01 1.4860697836e+00 3.7396266906e-01
1.30000e+01 1.6124009020e+00 2.4932792436e-01
1.40000e+01 1.7358727623e+00 5.0773844524e-01
1.50000e+01 1.8693142088e+00 3.5286153450e-02
1.60000e+01 2.0045881997e+00 2.8951155412e-01
1.70000e+01 2.1360656983e+00 2.6532222763e-01
1.80000e+01 2.2695993978e+00 2.6331661398e-01
1.90000e+01 2.4004308822e+00 2.6240728322e-01
2.00000e+01 2.5429171246e+00 2.3152095930e-01
2.10000e+01 2.6796935027e+00 2.6690347189e-01
2.20000e+01 2.8140268925e+00 5.7331417815e-01
2.30000e+01 2.9432676225e+00 1.3279034284e+00
2.40000e+01 3.0746471834e+00 5.2326504208e-01
2.50000e+01 3.2196039107e+00 8.0556837084e-01
2.60000e+01 3.3532515880e+00 5.2308863014e-01
2.70000e+01 3.4832028991e+00 5.2168536819e-01
2.80000e+01 3.6228120679e+00 5.8168084681e-01
2.90000e+01 3.7576208699e+00 5.7077328786e-01
3.00000e+01 3.8914669383e+00 5.2067636147e-01
3.10000e+01 4.0202361698e+00 5.1968418663e-01
3.20000e+01 4.1500980637e+00 5.6868484757e-01
3.30000e+01 4.2928245425e+00 5.2033529297e-01
3.40000e+01 4.4317564170e+00 5.1913766335e-01
3.50000e+01 4.5642777409e+00 5.1786820709e-01
3.60000e+01 4.6947627906e+00 5.1797349466e-01
3.70000e+01 4.8330630979e+00 2.7367594417e-01
3.80000e+01 4.9650516131e+00 5.1750534031e-01
3.90000e+01 5.0925770052e+00 2.5771486009e-01
4.00000e+01 5.2156765192e+00 1.6200188842e-02
4.10000e+01 5.3358451645e+00 2.6279000953e-01
4.20000e+01 5.4546136933e+00 2.3461050990e-01
4.30000e+01 5.5821377409e+00 2.2810945962e-01
4.40000e+01 5.7064913195e+00 4.9776546741e-01
4.50000e+01 5.8270635537e+00 2.3477948840e-01
4.60000e+01 5.9496915209e+00 5.0506963988e-01
4.70000e+01 6.0672902975e+00 2.4063327265e-01
4.80000e+01 6.1817493689e+00 2.3222374364e-01
4.90000e+01 6.2945165226e+00 2.2220587955e-01
5.00000e+01 6.4107625584e+00 2.3202221585e-01
5.10000e+01 6.5402245522e+00 2.6031992876e-01
5.20000e+01 6.6655345826e+00 2.4995591575e-01
5.30000e+01 6.7842830865e+00 2.2996646331e-01
5.40000e+01 6.9012154507e+00 2.3042282521e-01
5.50000e+01 7.0256664729e+00 2.4469498830e-01
5.60000e+01 7.1480209629e+00 2.4149475285e-01
5.70000e+01 7.2678430389e+00 2.3662431182e-01
5.80000e+01 7.3852132763e+00 7.0521518051e-01
5.90000e+01 7.5016002572e+00 1.2527647052e+00
6.00000e+01 7.6225832425e+00 2.3501618282e-01
6.10000e+01 7.7429604701e+00 2.3182112612e-01
6.20000e+01 7.8662924708e+00 5.0370448916e-01
6.30000e+01 7.9843985104e+00 5.0853967064e-01
6.40000e+01 8.1010712710e+00 2.6529663536e-01
6.50000e+01 8.2169715848e+00 2.6377877732e-01
6.60000e+01 8.3319228296e+00 2.2782654881e-01
6.70000e+01 8.4584500110e+00 2.4148627209e-01
6.80000e+01 8.5819416250e+00 2.4375341446e-01
6.90000e+01 8.6999506904e+00 2.2648312153e-01
7.00000e+01 8.8166906835e+00 2.2804538668e-01
7.10000e+01 8.9400757150e+00 2.4036751112e-01
7.20000e+01 9.0615380240e+00 2.3809783866e-01
7.30000e+01 9.1804387585e+00 2.3337544377e-01
7.40000e+01 9.2980465362e+00 5.0826867122e-01
7.50000e+01 9.4149185618e+00 7.1663561327e-01
7.60000e+01 9.5312525850e+00 4.7946197845e-01
7.70000e+01 9.6481864523e+00 4.5101953877e-01
7.80000e+01 9.7593042738e+00 7.0370479850e-01
7.90000e+01 9.8659602795e+00 2.4053152103e-01
8.00000e+01 9.9705014550e+00 2.0354712977e-01
8.10000e+01 1.0086646246e+01 2.2503388079e-01
8.20000e+01 1.0213332968e+01 2.3836648134e-01
8.30000e+01 1.0335406930e+01 2.4130134227e-01
8.40000e+01 1.0455941945e+01 2.3490833358e-01
8.50000e+01 1.0574732566e+01 2.3139008504e-01
8.60000e+01 1.0693013606e+01 2.2890472002e-01
8.70000e+01 1.0810388051e+01 2.2725963872e-01
8.80000e+01 1.0927057323e+01 2.2514409583e-01
8.90000e+01 1.1043607578e+01 4.7612170370e-01
9.00000e+01 1.1159205067e+01 4.7457379912e-01
9.10000e+01 1.1274814196e+01 2.2236081098e-01
9.20000e+01 1.1395449916e+01 2.2938705966e-01
9.30000e+01 1.1516220052e+01 6.8473137646e-01
9.40000e+01 1.1640405931e+01 7.3211380769e-01
9.50000e+01 1.1759454342e+01 9.4711768157e-01
9.60000e+01 1.1875337985e+01 2.2539922333e-01
9.70000e+01 1.1989254084e+01 2.2004151275e-01
9.80000e+01 1.2105513938e+01 9.5748027051e-01
9.90000e+01 1.2221462208e+01 9.5173365203e-01
1.00000e+02 1.2335030806e+01 2.1750642701e-01
1.01000e+02 1.2446622436e+01 2.1496445080e-01
1.02000e+02 1.2560777643e+01 6.7476350694e-01
1.03000e+02 1.2675548861e+01 2.1872599906e-01
1.04000e+02 1.2788714681e+01 2.1751788643e-01
1.05000e+02 1.2902701869e+01 2.1651633809e-01
1.06000e+02 1.3015612902e+01 2.1604503441e-01
1.07000e+02 1.3129317342e+01 2.1554624232e-01
1.08000e+02 1.3242399654e+01 2.1426319924e-01
1.09000e+02 1.3353284415e+01 4.3503661916e-01
1.10000e+02 1.3461573175e+01 4.2980803155e-01
1.11000e+02 1.3569373043e+01 2.0459877868e-01
1.12000e+02 1.3675695456e+01 2.0242783269e-01
1.13000e+02 1.3781906495e+01 2.0063657598e-01
1.14000e+02 1.3894907341e+01 2.1542050859e-01
1.15000e+02 1.4009203470e+01 4.1050076591e-01
1.16000e+02 1.4117129403e+01 2.0203945926e-01
1.17000e+02 1.4246149320e+01 1.9266524108e-02
1.18000e+02 1.4377342425e+01 1.7454381858e+00
1.19000e+02 1.4503002045e+01 1.7344767150e+00
1.20000e+02 1.4630997924e+01 2.4108814981e-01
1.21000e+02 1.4755457945e+01 2.3964746186e-01
1.22000e+02 1.4891980206e+01 1.7529827508e+00
1.23000e+02 1.5025301618e+01 2.2237887129e+00
1.24000e+02 1.5157392217e+01 4.8003705194e-01
1.25000e+02 1.5287626931e+01 2.1777600468e-01
1.26000e+02 1.5415023364e+01 9.0895456715e-01
1.27000e+02 1.5539815683e+01 5.0606180817e-01
1.28000e+02 1.5663845806e+01 2.3527894974e-01
1.29000e+02 1.5799134835e+01 2.5407032697e-01
1.30000e+02 1.5932080479e+01 2.5467130151e-01
1.31000e+02 1.6059147542e+01 2.3731841515e-01
1.32000e+02 1.6188821222e+01 5.0544093796e-01
1.33000e+02 1.6328134941e+01 5.2137303815e-01
1.34000e+02 1.6475468963e+01 2.3629847874e-01
1.35000e+02 1.6617852794e+01 4.9757361180e-01
1.36000e+02 1.6759678896e+01 2.6965801758e-01
1.37000e+02 1.6898225027e+01 1.1479067929e-02
1.38000e+02 1.7034574156e+01 5.2456604086e-01
1.39000e+02 1.7168191482e+01 5.1911267054e-01
1.40000e+02 1.7306426541e+01 5.2941304354e-01
1.41000e+02 1.7441196397e+01 1.5009855865e+00
1.42000e+02 1.7573736346e+01 2.5108602867e-01
1.43000e+02 1.7721868635e+01 2.7513681845e-01
1.44000e+02 1.7866470942e+01 2.7763788689e-01
1.45000e+02 1.8006737010e+01 2.6949402720e-01
1.46000e+02 1.8146648479e+01 2.6453369475e-01
1.47000e+02 1.8284481673e+01 2.6183628714e-01
1.48000e+02 1.8422575460e+01 1.2652971330e+00
1.49000e+02 1.8562886316e+01 2.5637594335e-01
1.50000e+02 1.8693785779e+01 7.4372371682e-01
1.51000e+02 1.8829383359e+01 1.0433638107e+00
1.52000e+02 1.8972782350e+01 2.6506197319e-01
1.53000e+02 1.9108531064e+01 5.0834115814e-01
1.54000e+02 1.9242351859e+01 5.5204630268e-01
1.55000e+02 1.9374604547e+01 2.9262340215e-01
1.56000e+02 1.9506614867e+01 2.4758766508e-01
1.57000e+02 1.9638246497e+01 2.4671901956e-01
1.58000e+02 1.9773126333e+01 2.9524150655e-01
1.59000e+02 1.9905472178e+01 7.9086932285e-01
1.60000e+02 2.0034340681e+01 4.9280598633e-01
1.61000e+02 2.0162426573e+01 2.3953998614e-01
1.62000e+02 2.0288396317e+01 2.3640168819e-01
1.63000e+02 2.0438146881e+01 2.7894989550e-01
1.64000e+02 2.0600798585e+01 5.1512315277e-01
1.65000e+02 2.0745820463e+01 4.9335547424e-01
1.66000e+02 2.0887226809e+01 1.5436601708e-02
1.67000e+02 2.1025281840e+01 2.6155559021e-01
1.68000e+02 2.1160285108e+01 2.5489095710e-01
1.69000e+02 2.1294888194e+01 2.5118412098e-01
1.70000e+02 2.1427698821e+01 2.4874029527e-01
1.71000e+02 2.1587651462e+01 5.2481010733e-01
1.72000e+02 2.1762397351e+01 5.0495630319e-01
1.73000e+02 2.1929339771e+01 1.3129655135e+00
1.74000e+02 2.2094424716e+01 3.1325904620e-01
1.75000e+02 2.2255987310e+01 3.0756596195e-01
1.76000e+02 2.2417139156e+01 3.0332529649e-01
1.77000e+02 2.2576656583e+01 5.3304433568e-01
1.78000e+02 2.2737889343e+01 2.8422132535e-02
1.79000e+02 2.2891904213e+01 2.9629704985e-01
1.80000e+02 2.3041159714e+01 2.8402349459e-01
1.81000e+02 2.3188624111e+01 2.7718899793e-01
1.82000e+02 2.3338807938e+01 1.3876863117e+00
1.83000e+02 2.3507481058e+01 3.1013249603e-01
1.84000e+02 2.3672043068e+01 3.1323252860e-01
1.85000e+02 2.3825754128e+01 3.8197824514e-01
1.86000e+02 2.3976310002e+01 3.1019441043e-01
1.87000e+02 2.4125084664e+01 3.0494781776e-01
1.88000e+02 2.4273257668e+01 2.7636680910e-01
1.89000e+02 2.4421254728e+01 2.7531284075e-01
1.90000e+02 2.4568558592e+01 2.7416838781e-01
1.91000e+02 2.4716211089e+01 2.7354965584e-01
1.92000e+02 2.4863207362e+01 2.7296851553e-01
1.93000e+02 2.5010749397e+01 2.7258508615e-01
1.94000e+02 2.5157458364e+01 2.7202519436e-01
1.95000e+02 2.5304870451e+01 2.7162322087e-01
1.96000e+02 2.5451498498e+01 2.7127067763e-01
1.97000e+02 2.5598885392e+01 2.7097421319e-01
1.98000e+02 2.5749295103e+01 2.7806601911e-01
1.99000e+02 2.5923763481e+01 1.4478541370e+00
2.00000e+02 2.6106962325e+01 1.6600674846e+00
2.01000e+02 2.6269393695e+01 1.5044476689e-02
2.02000e+02 2.6430968286e+01 4.3727010609e-01
2.03000e+02 2.6613590030e+01 1.6665607841e+00
2.04000e+02 2.6798101010e+01 4.5080546438e+00
2.05000e+02 2.6961630774e+01 1.7670337986e+00
2.06000e+02 2.7118153016e+01 1.6598418752e+00
2.07000e+02 2.7271984803e+01 6.1213641338e-01
2.08000e+02 2.7423582358e+01 2.8086690451e-01
2.09000e+02 2.7574515819e+01 2.7768771193e-01
2.10000e+02 2.7723854354e+01 2.7515100374e-01
2.11000e+02 2.7873138033e+01 2.7322607127e-01
2.12000e+02 2.8021109810e+01 2.7158608767e-01
2.13000e+02 2.8169288223e+01 2.7020923533e-01
2.14000e+02 2.8316345302e+01 2.6902432769e-01
2.15000e+02 2.8463731999e+01 2.6796358658e-01
2.16000e+02 2.8610086502e+01 2.6699304755e-01
2.17000e+02 2.8788635240e+01 3.3875536931e-01
2.18000e+02 2.8985449437e+01 2.8644784870e-02
2.19000e+02 2.9173319431e+01 2.3333519646e+00
2.20000e+02 2.9352089520e+01 1.3680482194e+00
2.21000e+02 2.9517681054e+01 2.8493089187e-01
2.22000e+02 2.9681228547e+01 9.7721064712e-01
2.23000e+02 2.9855932423e+01 1.3535140521e+00
2.24000e+02 3.0027109443e+01 2.0010818908e+00
2.25000e+02 3.0190702590e+01 1.9852539164e+00
2.26000e+02 3.0350569657e+01 1.3484801121e+00
2.27000e+02 3.0508055286e+01 3.3316541114e-01
2.28000e+02 3.0666440930e+01 2.9667710083e-01
2.29000e+02 3.0821220654e+01 3.2846111962e-01
2.30000e+02 3.0972431418e+01 3.2095777888e-01
2.31000e+02 3.1148131666e+01 1.6820200829e+00
2.32000e+02 3.1326097997e+01 6.4416180841e-01
2.33000e+02 3.1497728891e+01 3.2125989157e-01
2.34000e+02 3.1672154610e+01 3.1739801958e-01
2.35000e+02 3.1833108409e+01 2.8391839031e-01
2.36000e+02 3.1995575124e+01 2.9198148840e-01
2.37000e+02 3.2169133516e+01 9.5945278486e-01
2.38000e+02 3.2331630199e+01 1.1929035810e-02
2.39000e+02 3.2485083724e+01 6.4449167917e-03
2.40000e+02 3.2638302530e+01 6.5986358211e-01
2.41000e+02 3.2799247743e+01 2.4530285216e-02
2.42000e+02 3.2956558439e+01 9.2012125215e-01
2.43000e+02 3.3110560948e+01 2.8176566619e-01
2.44000e+02 3.3260759014e+01 1.2298617056e-02
2.45000e+02 3.3408925821e+01 5.7040779835e-01
2.46000e+02 3.3557140014e+01 5.6785351798e-01
2.47000e+02 3.3704340081e+01 2.6532423470e-01
2.48000e+02 3.3852587702e+01 2.6509233801e-01
2.49000e+02 3.3999783310e+01 2.6482278716e-01
2.50000e+02 3.4156496241e+01 2.8088613632e-01
2.51000e+02 3.4312696740e+01 9.4960809517e-01
2.52000e+02 3.4467688924e+01 1.4563612641e+00
2.53000e+02 3.4629378703e+01 1.4494170949e-02
2.54000e+02 3.4799926431e+01 3.6403647193e-02
2.55000e+02 3.4961909141e+01 7.8753820509e-01
2.56000e+02 3.5121078776e+01 1.0722484914e+00
2.57000e+02 3.5290334866e+01 5.4637180185e-01
2.58000e+02 3.5457616325e+01 7.8348439796e-01
2.59000e+02 3.5619359019e+01 2.8918023361e-01
2.60000e+02 3.5784959886e+01 2.5088359201e-02
2.61000e+02 3.5960836283e+01 5.8274180529e-01
2.62000e+02 3.6143850483e+01 3.0462379378e-01
2.63000e+02 3.6321039466e+01 8.8080724959e-01
2.64000e+02 3.6497688221e+01 3.2117585753e-01
2.65000e+02 3.6671628013e+01 3.1760549034e-01
2.66000e+02 3.6847087739e+01 8.8840880971e-01
2.67000e+02 3.7023907768e+01 1.7537464659e+00
2.68000e+02 3.7189929249e+01 5.8257967825e-01
2.69000e+02 3.7362264455e+01 6.2163265959e-01
2.70000e+02 3.7535186411e+01 6.1847325724e-01
2.71000e+02 3.7699181100e+01 3.0481477920e-01
2.72000e+02 3.7862612924e+01 9.3798243013e-01
2.73000e+02 3.8022381429e+01 9.3507025758e-01
2.74000e+02 3.8179634657e+01 2.8312740416e-01
2.75000e+02 3.8336127919e+01 2.7956903440e-01
2.76000e+02 3.8491310858e+01 2.7721917611e-01
2.77000e+02 3.8662522588e+01 3.0891808555e-01
2.78000e+02 3.8827173475e+01 8.2710698999e-03
2.79000e+02 3.8987323424e+01 2.9119809145e-01
2.80000e+02 3.9154412327e+01 8.7632349826e-01
2.81000e+02 3.9316143043e+01 2.8217941068e-01
2.82000e+02 3.9478769122e+01 9.0852251850e-01
2.83000e+02 3.9635824387e+01 1.1722511374e+00
2.84000e+02 3.9789055068e+01 5.4712261163e-01
2.85000e+02 3.9961806880e+01 5.8466568965e-01
2.86000e+02 4.0145987622e+01 2.9898907064e-01
2.87000e+02 4.0315173674e+01 2.8245425974e-01
2.88000e+02 4.0480419651e+01 5.7413207457e-01
2.89000e+02 4.0644392250e+01 2.9334556562e-01
2.90000e+02 4.0810301507e+01 4.0241590449e-02
2.91000e+02 4.0997533311e+01 3.1317007399e-01
2.92000e+02 4.1194349512e+01 5.8785948464e-01
2.93000e+02 4.1373214227e+01 1.4892115996e-02
2.94000e+02 4.1551103148e+01 3.2483656713e-01
2.95000e+02 4.1724450560e+01 6.5600415079e-01
2.96000e+02 4.1893518084e+01 3.0610683167e-01
2.97000e+02 4.2090392602e+01 5.9691433844e-01
2.98000e+02 4.2300763685e+01 2.8432106339e-02
2.99000e+02 4.2502268591e+01 1.5084595840e+00
3.00000e+02 4.2702342526e+01 3.6466919657e-01
3.01000e+02 4.2894889384e+01 3.8563692908e-01
3.02000e+02 4.3087914828e+01 3.0534711573e-01
3.03000e+02 4.3295530005e+01 4.0344886075e-01
3.04000e+02 4.3511875895e+01 2.6556902858e-02
3.05000e+02 4.3712037002e+01 3.1265601678e-01
3.06000e+02 4.3912504899e+01 4.1048786463e-01
3.07000e+02 4.4133054763e+01 3.9465033974e-02
3.08000e+02 4.4363129056e+01 3.2607176299e-01
3.09000e+02 4.4584659430e+01 7.3660603235e-01
3.10000e+02 4.4805363835e+01 4.0387123067e-01
3.11000e+02 4.5021878024e+01 3.9845117523e-01
3.12000e+02 4.5241080686e+01 2.2811850014e+00
3.13000e+02 4.5459158931e+01 1.0656507032e+00
3.14000e+02 4.5664067022e+01 1.8564800536e+00
3.15000e+02 4.5862096872e+01 1.1754957637e+00
3.16000e+02 4.6057465585e+01 3.5348704718e-01
3.17000e+02 4.6268121648e+01 5.8581263074e-03
3.18000e+02 4.6475781854e+01 7.4803495021e-01
3.19000e+02 4.6677965712e+01 7.3881471090e-01
3.20000e+02 4.6882049345e+01 3.2560584641e-01
3.21000e+02 4.7084070420e+01 1.4579711766e+00
3.22000e+02 4.7288934007e+01 3.6640058392e-01
3.23000e+02 4.7490260357e+01 3.6517667430e-01
3.24000e+02 4.7691226542e+01 3.6091409554e-01
3.25000e+02 4.7896449402e+01 3.6032656889e-01
3.26000e+02 4.8098343861e+01 7.4053444740e-01
3.27000e+02 4.8293940024e+01 7.3016721602e-01
3.28000e+02 4.8489345589e+01 3.4890569622e-01
3.29000e+02 4.8697302805e+01 3.6718404789e-01
3.30000e+02 4.8902828249e+01 3.7137612257e-01
3.31000e+02 4.9102979625e+01 3.6319890745e-01
3.32000e+02 4.9303710870e+01 3.5804150900e-01
3.33000e+02 4.9505101913e+01 3.5435167116e-01
3.34000e+02 4.9704086206e+01 3.7783670997e-01
3.35000e+02 4.9907708629e+01 3.6115451356e-01
3.36000e+02 5.0109976278e+01 3.6232976302e-01
3.37000e+02 5.0307891008e+01 3.5625974100e-01
3.38000e+02 5.0506737069e+01 3.5248189389e-01
3.39000e+02 5.0708143938e+01 3.7747469859e-01
3.40000e+02 5.0907448225e+01 7.1701683457e-01
3.41000e+02 5.1100542976e+01 7.0798769929e-01
3.42000e+02 5.1294305439e+01 3.4187760843e-01
3.43000e+02 5.1485293926e+01 3.3942946743e-01
3.44000e+02 5.1688516529e+01 1.4986934811e+00
3.45000e+02 5.1911283382e+01 2.1901182011e+00
3.46000e+02 5.2132406220e+01 3.3207556181e+00
3.47000e+02 5.2346939805e+01 3.9024918103e-01
3.48000e+02 5.2567961291e+01 7.0868489610e-01
3.49000e+02 5.2782306669e+01 1.0765362708e+00
3.50000e+02 5.2996866342e+01 3.8329576675e-01
3.51000e+02 5.3209121079e+01 3.8063362202e-01
3.52000e+02 5.3424705130e+01 3.8351282886e-01
3.53000e+02 5.3636220669e+01 3.8029947745e-01
3.54000e+02 5.3847097202e+01 3.7521165938e-01
3.55000e+02 5.4061704015e+01 2.3618326288e-02
3.56000e+02 5.4272700141e+01 1.1251931425e+00
3.57000e+02 5.4477190253e+01 1.1139512474e+00
3.58000e+02 5.4681466004e+01 3.6084218776e-01
3.59000e+02 5.4882963795e+01 3.5748902511e-01
3.60000e+02 5.5094931066e+01 2.9667846710e+00
3.61000e+02 5.5327277755e+01 7.0463900808e-01
3.62000e+02 5.5558260953e+01 1.1006108832e+00
3.63000e+02 5.5782306510e+01 4.0666208421e-01
3.64000e+02 5.6014253638e+01 7.4576469434e-01
3.65000e+02 5.6235022762e+01 1.9271333251e-02
3.66000e+02 5.6457787517e+01 1.1209872746e+00
3.67000e+02 5.6673793327e+01 5.5788065266e+00
3.68000e+02 5.6886222350e+01 3.8453687021e-01
3.69000e+02 5.7118910269e+01 1.1410277563e+00
3.70000e+02 5.7344307699e+01 7.8987924896e-01
3.71000e+02 5.7563893894e+01 7.8463000829e-01
3.72000e+02 5.7791206020e+01 4.1055762795e-01
3.73000e+02 5.8010794603e+01 4.5082079788e-01
3.74000e+02 5.8225545643e+01 4.5269199331e-01
3.75000e+02 5.8451244360e+01 4.5204445468e-01
3.76000e+02 5.8675115855e+01 4.4815177928e-01
3.77000e+02 5.8893962525e+01 3.9196499397e-01
3.78000e+02 5.9116386367e+01 3.9166219522e-01
3.79000e+02 5.9336757846e+01 3.9960232494e-01
3.80000e+02 5.9555962893e+01 3.9598392748e-01
3.81000e+02 5.9774026726e+01 3.8573378981e-01
3.82000e+02 5.9998211815e+01 3.9188662171e-01
3.83000e+02 6.0218548713e+01 3.9298496405e-01
3.84000e+02 6.0438421463e+01 3.8601575905e-01
3.85000e+02 6.0665184137e+01 3.9514715999e-01
3.86000e+02 6.0880349672e+01 1.5607969369e+00
3.87000e+02 6.1087049221e+01 1.1547827188e+00
3.88000e+02 6.1289899921e+01 3.5687855317e-01
3.89000e+02 6.1489086399e+01 3.4900860429e-01
3.90000e+02 6.1694612801e+01 1.1721033710e+00
3.91000e+02 6.1916734636e+01 3.8396138000e-01
3.92000e+02 6.2126499542e+01 7.0774513924e-01
3.93000e+02 6.2325887710e+01 2.0168984102e-04
3.94000e+02 6.2517473043e+01 3.3759571635e-01
3.95000e+02 6.2722072117e+01 1.0792023783e+00
3.96000e+02 6.2939417093e+01 7.6932928563e-01
3.97000e+02 6.3150399844e+01 6.9589830993e-01
3.98000e+02 6.3359653871e+01 6.8711146273e-01
3.99000e+02 6.3568040977e+01 2.2418144577e+00
4.00000e+02 6.3777105020e+01 3.7754741511e-01
4.01000e+02 6.3978008078e+01 7.1594287739e-01
4.02000e+02 6.4177478556e+01 1.0727239069e+00
4.03000e+02 6.4375254701e+01 3.6655890586e-01
4.04000e+02 6.4570751792e+01 3.4168376399e-01
4.05000e+02 6.4766183745e+01 3.3578483300e-01
4.06000e+02 6.4963595262e+01 3.4350570413e-01
4.07000e+02 6.5186192522e+01 3.8376865536e-01
4.08000e+02 6.5417691263e+01 7.0335091344e-01
4.09000e+02 6.5628981845e+01 2.0891803102e-02
4.10000e+02 6.5835185301e+01 3.6702632344e-01
4.11000e+02 6.6039514912e+01 3.5466515290e-01
4.12000e+02 6.6247783664e+01 3.9083890419e-02
4.13000e+02 6.6482708324e+01 7.1497496390e-01
4.14000e+02 6.6726412759e+01 3.8738709164e-01
4.15000e+02 6.6948061759e+01 1.7319388396e-02
4.16000e+02 6.7164068515e+01 3.8141585712e-01
4.17000e+02 6.7400369732e+01 1.4807362042e+00
4.18000e+02 6.7634128954e+01 1.4819093840e+00
4.19000e+02 6.7853878801e+01 1.1046695513e+00
4.20000e+02 6.8064929951e+01 4.0071019520e-01
4.21000e+02 6.8271290538e+01 7.6605551373e-01
4.22000e+02 6.8477622051e+01 1.0734009863e+00
4.23000e+02 6.8680652070e+01 3.8358965818e-01
4.24000e+02 6.8879542116e+01 3.7576460274e-01
4.25000e+02 6.9077683424e+01 3.3890246887e-01
4.26000e+02 6.9281322190e+01 3.5221127348e-01
4.27000e+02 6.9485016543e+01 3.4919282682e-01
4.28000e+02 6.9685090387e+01 3.4527871179e-01
4.29000e+02 6.9913885006e+01 1.7503138997e-02
4.30000e+02 7.0139486070e+01 1.1133317915e+00
4.31000e+02 7.0357502451e+01 1.0764304839e+00
4.32000e+02 7.0575711043e+01 3.7697992479e-01
4.33000e+02 7.0787669989e+01 3.5319802734e-01
4.34000e+02 7.0994912748e+01 3.9154131250e-01
4.35000e+02 7.1197591330e+01 3.8186940709e-01
4.36000e+02 7.1406991305e+01 3.4907349515e-01
4.37000e+02 7.1637959278e+01 1.8718644205e+00
4.38000e+02 7.1875684993e+01 3.6947709306e-01
4.39000e+02 7.2104400142e+01 7.5640932877e-01
4.40000e+02 7.2332879027e+01 1.8647122196e+00
4.41000e+02 7.2553710570e+01 7.6684132067e-01
4.42000e+02 7.2764913299e+01 7.5961288965e-01
4.43000e+02 7.2985530465e+01 2.1830241468e-02
4.44000e+02 7.3199910790e+01 1.4098560626e-02
4.45000e+02 7.3407578201e+01 7.4568914595e-01
4.46000e+02 7.3606192165e+01 1.5002319251e+00
4.47000e+02 7.3799114802e+01 3.2970697727e-01
4.48000e+02 7.3996598108e+01 8.0889879937e-03
4.49000e+02 7.4210552305e+01 2.0747430367e-02
4.50000e+02 7.4419804540e+01 3.7830119790e-01
4.51000e+02 7.4619020411e+01 1.0998423175e+00
4.52000e+02 7.4814101426e+01 6.6883882362e-01
4.53000e+02 7.5021006368e+01 3.5502987877e-01
4.54000e+02 7.5226427733e+01 6.8813692645e-01
4.55000e+02 7.5427395717e+01 6.8151183187e-01
4.56000e+02 7.5628992587e+01 3.3971287711e-01
4.57000e+02 7.5828201707e+01 3.3761430034e-01
4.58000e+02 7.6031053196e+01 1.0417216856e+00
4.59000e+02 7.6232519167e+01 1.7443504651e+00
4.60000e+02 7.6435791682e+01 3.3895233218e-01
4.61000e+02 7.6636407420e+01 3.4001999672e-01
4.62000e+02 7.6837981629e+01 6.8807831411e-01
4.63000e+02 7.7039014381e+01 3.3873589242e-01
4.64000e+02 7.7242674530e+01 3.4006761033e-01
4.65000e+02 7.7450202989e+01 3.4011171968e-01
4.66000e+02 7.7653855058e+01 1.0290650887e+00
4.67000e+02 7.7859691477e+01 3.4494822368e-01
4.68000e+02 7.8063819744e+01 3.4095121396e-01
4.69000e+02 7.8268448414e+01 1.3715411882e+00
4.70000e+02 7.8463716670e+01 1.6962012098e+00
4.71000e+02 7.8665714099e+01 3.4157493962e-01
4.72000e+02 7.8867743710e+01 3.4031824120e-01
4.73000e+02 7.9061534356e+01 3.2383183019e-01
4.74000e+02 7.9249500247e+01 3.1620563201e-01
4.75000e+02 7.9432759347e+01 3.0535788033e-01
4.76000e+02 7.9613952591e+01 2.9827987611e-01
4.77000e+02 7.9793062192e+01 2.9383209652e-01
4.78000e+02 7.9970758492e+01 2.9004132082e-01
4.79000e+02 8.0147327655e+01 2.8721084215e-01
4.80000e+02 8.0334145167e+01 3.2776871835e-01
4.81000e+02 8.0520746553e+01 2.2454011059e+00
4.82000e+02 8.0703164411e+01 1.2134303479e+00
4.83000e+02 8.0886294378e+01 2.9789429258e-01
4.84000e+02 8.1065920530e+01 2.8885348355e-01
4.85000e+02 8.1271876954e+01 3.4393691839e-01
4.86000e+02 8.1478775831e+01 1.2138916818e+00
4.87000e+02 8.1677868434e+01 1.2058139700e+00
4.88000e+02 8.1879546092e+01 3.3277396901e-01
4.89000e+02 8.2067402146e+01 3.1265260244e-01
4.90000e+02 8.2248392715e+01 3.3935960469e-01
4.91000e+02 8.2425077136e+01 3.1504752989e-01
4.92000e+02 8.2600175513e+01 2.8318505287e-01
4.93000e+02 8.2773799961e+01 2.7984189528e-01
4.94000e+02 8.2946453656e+01 2.7711737003e-01
4.95000e+02 8.3118511956e+01 2.7527410488e-01
4.96000e+02 8.3302980805e+01 2.9964738960e-01
4.97000e+02 8.3488096861e+01 8.8794737315e-01
4.98000e+02 8.3662903054e+01 2.7715132924e-01
4.99000e+02 8.3866122041e+01 3.3656757795e-01
5.00000e+02 8.4084331102e+01 2.7616380135e+00
5.01000e+02 8.4294124495e+01 2.7628333507e+00
5.02000e+02 8.4496965253e+01 8.4480122925e-01
5.03000e+02 8.4688299518e+01 2.9615014250e-01
5.04000e+02 8.4877365063e+01 1.2492408128e+00
5.05000e+02 8.5062697610e+01 6.6159452121e-01
5.06000e+02 8.5242631375e+01 3.0098156365e-01
5.07000e+02 8.5419055328e+01 3.6959354060e-01
5.08000e+02 8.5592675448e+01 3.6291030279e-01
5.09000e+02 8.5793366036e+01 8.6981261647e-01
5.10000e+02 8.5996504628e+01 6.6537577378e-01
5.11000e+02 8.6192431441e+01 6.3156203610e-01
5.12000e+02 8.6403928784e+01 6.5422120835e-01
5.13000e+02 8.6604971173e+01 2.9443396480e-01
5.14000e+02 8.6799438929e+01 6.0288997771e-01
5.15000e+02 8.6991474037e+01 3.1455568366e-01
5.16000e+02 8.7181355333e+01 3.0965466729e-01
5.17000e+02 8.7371224646e+01 3.0717921856e-01
5.18000e+02 8.7559421965e+01 3.0518806297e-01
5.19000e+02 8.7771540475e+01 6.5589210257e-01
5.20000e+02 8.7981320021e+01 9.1353490221e-01
5.21000e+02 8.8184824383e+01 9.0400722026e-01
5.22000e+02 8.8388722753e+01 3.3385731312e-01
5.23000e+02 8.8589329162e+01 3.3062550293e-01
5.24000e+02 8.8790726515e+01 3.2779386036e-01
5.25000e+02 8.8992667196e+01 3.1695424284e-01
5.26000e+02 8.9190435002e+01 6.7960385355e-01
5.27000e+02 8.9394441076e+01 3.3086573123e-01
5.28000e+02 8.9598455026e+01 3.2826357863e-01
5.29000e+02 8.9798756616e+01 1.9193168611e+00
5.30000e+02 8.9989029214e+01 3.2303965826e-01
5.31000e+02 9.0185490961e+01 7.5443264105e-03
5.32000e+02 9.0378890597e+01 3.1500036631e-01
5.33000e+02 9.0567485149e+01 9.8829473864e-01
5.34000e+02 9.0759894129e+01 1.9361864048e+00
5.35000e+02 9.0961510976e+01 1.9112274656e+00
5.36000e+02 9.1168949356e+01 3.2495102557e-01
5.37000e+02 9.1364747040e+01 7.2031326894e-03
5.38000e+02 9.1562934986e+01 3.2508588017e-01
5.39000e+02 9.1755751254e+01 6.3481058790e-01
5.40000e+02 9.1946021042e+01 3.1056861964e-01
5.41000e+02 9.2155622687e+01 6.5245133743e-01
5.42000e+02 9.2358430993e+01 2.2229794565e+00
5.43000e+02 9.2549589115e+01 1.6581445320e-03
5.44000e+02 9.2735999700e+01 3.2983147098e-01
5.45000e+02 9.2918593911e+01 6.2655621658e-01
5.46000e+02 9.3099981026e+01 2.9641154518e-01
5.47000e+02 9.3301126323e+01 6.4268281024e-01
5.48000e+02 9.3503304177e+01 3.2654081253e-01
5.49000e+02 9.3688203173e+01 3.1392127227e-01
5.50000e+02 9.3866963527e+01 3.2620099059e-01
5.51000e+02 9.4064280355e+01 3.2238580182e-01
5.52000e+02 9.4275676412e+01 6.3708326812e-01
5.53000e+02 9.4480422611e+01 6.3988711166e-01
5.54000e+02 9.4679888402e+01 3.1935135248e-01
5.55000e+02 9.4872835224e+01 3.0985735074e-01
5.56000e+02 9.5056734975e+01 3.2720281241e-01
5.57000e+02 9.5235281122e+01 3.1247493465e-01
5.58000e+02 9.5411542648e+01 2.7678791200e-01
5.59000e+02 9.5585858658e+01 2.7228098614e-01
5.60000e+02 9.5769144447e+01 6.3612242896e-01
5.61000e+02 9.5952056476e+01 9.0551407579e-01
5.62000e+02 9.6127557609e+01 2.7124831240e-01
5.63000e+02 9.6328305790e+01 3.2246335493e-01
5.64000e+02 9.6542009812e+01 9.0691652624e-01
5.65000e+02 9.6737339125e+01 2.8339434803e-01
5.66000e+02 9.6927142308e+01 1.4302050656e-02
5.67000e+02 9.7112294531e+01 2.9610102608e-01
5.68000e+02 9.7293871455e+01 2.8757866527e-01
5.69000e+02 9.7474806030e+01 2.8307343824e-01
5.70000e+02 9.7663157764e+01 8.4577722174e-01
5.71000e+02 9.7852313031e+01 2.9807038354e-01
5.72000e+02 9.8037731287e+01 2.9483883465e-01
5.73000e+02 9.8250576244e+01 9.0581199490e-01
5.74000e+02 9.8460423570e+01 5.7702657138e-01
5.75000e+02 9.8653880786e+01 2.9884594474e-01
5.76000e+02 9.8842618742e+01 3.0186679879e-01
5.77000e+02 9.9029500682e+01 2.9498965608e-01
5.78000e+02 9.9215079407e+01 2.9153543546e-01
5.79000e+02 9.9423424440e+01 5.7194962133e-01
5.80000e+02 9.9630216824e+01 5.9018682258e-01
5.81000e+02 9.9822960558e+01 2.9710569361e-01
5.82000e+02 1.0001196387e+02 3.0023317089e-01
5.83000e+02 1.0021641708e+02 5.8570481667e-01
5.84000e+02 1.0042026938e+02 3.2673753275e-01
5.85000e+02 1.0061911392e+02 3.2080211233e-01
5.86000e+02 1.0081901378e+02 3.1652886750e-01
5.87000e+02 1.0101615442e+02 3.0432984786e-01
5.88000e+02 1.0120964963e+02 3.5784223608e-01
5.89000e+02 1.0141152223e+02 3.1924040455e-01
5.90000e+02 1.0161418905e+02 1.1382311659e+00
5.91000e+02 1.0181215722e+02 1.5644693489e+00
5.92000e+02 1.0199951690e+02 3.1278563545e-01
5.93000e+02 1.0218162855e+02 6.5492824199e-01
5.94000e+02 1.0236190148e+02 2.7894058670e-01
5.95000e+02 1.0255753801e+02 6.2360656102e-03
5.96000e+02 1.0274956953e+02 1.5522695730e+00
5.97000e+02 1.0293395163e+02 5.7754842256e-01
5.98000e+02 1.0310983283e+02 2.4169703995e+00
5.99000e+02 1.0328083994e+02 2.6260819522e-01
6.00000e+02 1.0345464463e+02 6.4682505363e-03
6.01000e+02 1.0364371305e+02 2.9389158022e-01
6.02000e+02 1.0382862551e+02 5.9130161549e-01
6.03000e+02 1.0400836919e+02 2.8092588795e-01
6.04000e+02 1.0418785133e+02 2.7521464487e-01
6.05000e+02 1.0436629494e+02 5.5097679699e-01
6.06000e+02 1.0454133090e+02 5.5165709500e-01
6.07000e+02 1.0472274881e+02 2.7661365023e-01
6.08000e+02 1.0490257463e+02 8.2711076956e-01
6.09000e+02 1.0507926204e+02 3.4900331215e+00
6.10000e+02 1.0525584239e+02 2.6818703110e-01
6.11000e+02 1.0543096470e+02 2.6635374554e-01
6.12000e+02 1.0561341389e+02 2.7930409508e-01
6.13000e+02 1.0579470808e+02 2.7151105080e-01
6.14000e+02 1.0597660307e+02 8.0587927572e-01
6.15000e+02 1.0615185982e+02 8.0932302659e-01
6.16000e+02 1.0632583966e+02 2.7018342599e-01
6.17000e+02 1.0649805762e+02 5.2733669076e-01
6.18000e+02 1.0666834271e+02 5.2311460084e-01
6.19000e+02 1.0685615596e+02 5.3540778925e-01
6.20000e+02 1.0704118468e+02 7.9273171830e-01
6.21000e+02 1.0722103461e+02 5.3398800306e-01
6.22000e+02 1.0740106690e+02 2.7317777343e-01
6.23000e+02 1.0757967393e+02 2.6248088743e-01
6.24000e+02 1.0775535011e+02 2.8356528667e-01
6.25000e+02 1.0793758943e+02 2.7529399736e-01
6.26000e+02 1.0811906822e+02 5.4197963973e-01
6.27000e+02 1.0829747565e+02 8.1814104696e-01
6.28000e+02 1.0847557652e+02 5.4295117557e-01
6.29000e+02 1.0865222431e+02 2.6723032823e-01
6.30000e+02 1.0882963235e+02 2.6627026551e-01
6.31000e+02 1.0900578810e+02 2.6551194922e-01
6.32000e+02 1.0918302260e+02 2.6507290683e-01
6.33000e+02 1.0936102629e+02 5.4212046981e-01
6.34000e+02 1.0953250977e+02 1.3391209297e+00
6.35000e+02 1.0971009681e+02 2.6623911855e-01
6.36000e+02 1.0988872960e+02 2.6737116573e-01
6.37000e+02 1.1006366016e+02 2.6444731697e-01
6.38000e+02 1.1025049984e+02 2.8182609329e-01
6.39000e+02 1.1043416149e+02 1.0867446097e+00
6.40000e+02 1.1061329469e+02 1.0731591009e+00
6.41000e+02 1.1078902741e+02 2.6574873786e-01
6.42000e+02 1.1096647035e+02 5.3611520337e-01
6.43000e+02 1.1113979414e+02 1.3293074765e+00
6.44000e+02 1.1131352065e+02 2.6007628882e-01
6.45000e+02 1.1150503087e+02 1.0761764825e+00
6.46000e+02 1.1168764043e+02 5.2902176836e-01
6.47000e+02 1.1185944067e+02 1.5235516948e-03
6.48000e+02 1.1202426208e+02 2.4671857783e-01
6.49000e+02 1.1218496254e+02 2.3537207323e-01
6.50000e+02 1.1235139663e+02 7.6415398730e-03
6.51000e+02 1.1251672303e+02 4.9796696292e-01
6.52000e+02 1.1267912692e+02 4.7850483926e-01
6.53000e+02 1.1284178305e+02 2.3443289135e-01
6.54000e+02 1.1300291175e+02 2.3144399113e-01
6.55000e+02 1.1316146729e+02 2.3495824514e-01
6.56000e+02 1.1331699942e+02 2.2912671636e-01
6.57000e+02 1.1349827266e+02 5.3483542588e-01
6.58000e+02 1.1368145227e+02 4.6890801730e-01
6.59000e+02 1.1385773958e+02 4.6345317645e-01
6.60000e+02 1.1404761840e+02 1.7948729487e+00
6.61000e+02 1.1423264625e+02 1.0012343828e+00
6.62000e+02 1.1441205549e+02 2.6431985401e-01
6.63000e+02 1.1458818918e+02 2.6390191224e-01
6.64000e+02 1.1477294498e+02 2.7837663084e-01
6.65000e+02 1.1495509139e+02 2.7521681466e-01
6.66000e+02 1.1513643931e+02 2.7153371787e-01
6.67000e+02 1.1532056363e+02 2.4447515764e-01
6.68000e+02 1.1550061413e+02 8.1028632318e-01
6.69000e+02 1.1568500385e+02 2.7350549957e-01
6.70000e+02 1.1586633046e+02 2.6555536671e-01
6.71000e+02 1.1604455244e+02 2.9817811009e-01
6.72000e+02 1.1622270011e+02 2.9470099635e-01
6.73000e+02 1.1639938077e+02 2.6206497055e-01
6.74000e+02 1.1658405521e+02 2.7655850764e-01
6.75000e+02 1.1676835126e+02 5.8664080537e-01
6.76000e+02 1.1695264863e+02 1.1201763044e+00
6.77000e+02 1.1713000469e+02 1.3608636281e+00
6.78000e+02 1.1730328108e+02 2.5707071895e-01
6.79000e+02 1.1747413671e+02 2.5031321109e-01
6.80000e+02 1.1764938098e+02 2.6842575998e-01
6.81000e+02 1.1784206540e+02 2.8457664638e-01
6.82000e+02 1.1803005725e+02 2.8760948155e-01
6.83000e+02 1.1820818528e+02 7.8323268651e-01
6.84000e+02 1.1838275688e+02 7.8038838699e-01
6.85000e+02 1.1855491052e+02 2.5239022690e-01
6.86000e+02 1.1873017424e+02 2.5205023047e-01
6.87000e+02 1.1890186492e+02 2.5919967141e-01
6.88000e+02 1.1907297918e+02 2.4868050236e-01
6.89000e+02 1.1926412506e+02 2.8578332731e-01
6.90000e+02 1.1944714096e+02 1.0437662088e+00
6.91000e+02 1.1962451096e+02 1.0434117787e+00
6.92000e+02 1.1980294542e+02 2.6069185656e-01
6.93000e+02 1.1997858814e+02 2.5870389453e-01
6.94000e+02 1.2015601035e+02 2.5743294108e-01
6.95000e+02 1.2032930594e+02 2.5003673410e-01
6.96000e+02 1.2049618752e+02 7.7427681425e-01
6.97000e+02 1.2067279229e+02 2.5813756066e-01
6.98000e+02 1.2086242638e+02 7.5054906789e-01
6.99000e+02 1.2104263459e+02 7.7499067059e-01
7.00000e+02 1.2121821643e+02 7.7868325214e-01
7.01000e+02 1.2140515239e+02 1.2561216731e+00
7.02000e+02 1.2158624450e+02 2.6154932771e-01
7.03000e+02 1.2175996070e+02 7.7832517571e-01
7.04000e+02 1.2193041169e+02 1.2109733814e-02
7.05000e+02 1.2209711712e+02 2.5799514428e-01
7.06000e+02 1.2226144677e+02 2.3437522226e-01
7.07000e+02 1.2242494618e+02 2.3093482121e-01
7.08000e+02 1.2258887479e+02 5.0066208893e-01
7.09000e+02 1.2277123384e+02 2.6704205897e-01
7.10000e+02 1.2295411265e+02 2.6856170344e-01
7.11000e+02 1.2312036317e+02 2.3877279685e-01
7.12000e+02 1.2328098583e+02 2.3522807421e-01
7.13000e+02 1.2343860001e+02 2.2087917396e-01
7.14000e+02 1.2360327603e+02 2.3105026339e-01
7.15000e+02 1.2378555299e+02 5.2492192337e-01
7.16000e+02 1.2395653677e+02 4.2625790757e-01
7.17000e+02 1.2412193077e+02 6.7715973218e-01
7.18000e+02 1.2428885699e+02 2.3427208680e-01
7.19000e+02 1.2444928597e+02 4.1184976630e-03
7.20000e+02 1.2461178306e+02 5.1017617589e-02
7.21000e+02 1.2478117707e+02 6.4698651185e-01
7.22000e+02 1.2494017699e+02 7.9262950254e-03
7.23000e+02 1.2509351541e+02 4.3876034149e-02
7.24000e+02 1.2524752674e+02 6.3785376818e-01
7.25000e+02 1.2540660302e+02 1.8236098101e-02
7.26000e+02 1.2555596774e+02 9.6352073193e-03
7.27000e+02 1.2570130659e+02 6.2921634897e-01
7.28000e+02 1.2584090487e+02 8.7616758670e-01
7.29000e+02 1.2598719247e+02 1.9738748232e-01
7.30000e+02 1.2613468183e+02 4.3632866813e-01
7.31000e+02 1.2627379443e+02 1.7957894569e-01
7.32000e+02 1.2640940391e+02 1.7541057562e-01
7.33000e+02 1.2654158215e+02 1.6830080379e-01
7.34000e+02 1.2667307547e+02 1.6401634365e-01
7.35000e+02 1.2682030395e+02 4.3683321185e-01
7.36000e+02 1.2698169967e+02 1.9157365637e+00
7.37000e+02 1.2713290098e+02 1.4315963213e+00
7.38000e+02 1.2727756530e+02 1.3170985846e-02
7.39000e+02 1.2741808490e+02 1.8535151639e-01
7.40000e+02 1.2756373983e+02 7.2227224144e-01
7.41000e+02 1.2770981329e+02 1.9152942397e-01
7.42000e+02 1.2785076874e+02 1.8145730235e-01
7.43000e+02 1.2801128829e+02 1.3291076656e-02
7.44000e+02 1.2818368992e+02 9.5119030261e-01
7.45000e+02 1.2835010410e+02 1.1793327603e+00
7.46000e+02 1.2851532246e+02 2.3078576014e-01
7.47000e+02 1.2867640241e+02 1.5006488638e-02
7.48000e+02 1.2883361274e+02 4.4086232193e-01
7.49000e+02 1.2898811351e+02 4.3384228296e-01
7.50000e+02 1.2914464848e+02 1.5579519093e-02
7.51000e+02 1.2929753837e+02 6.3629120257e-01
7.52000e+02 1.2944687390e+02 6.2845547032e-01
7.53000e+02 1.2959529480e+02 1.9627689484e-01
7.54000e+02 1.2974853092e+02 2.0645669086e-01
7.55000e+02 1.2990218205e+02 2.0540058527e-01
7.56000e+02 1.3005123774e+02 1.9580077917e-01
7.57000e+02 1.3022418381e+02 9.8870957394e-01
7.58000e+02 1.3039883769e+02 1.3915980886e+00
7.59000e+02 1.3055300552e+02 2.0135190805e-01
7.60000e+02 1.3070930586e+02 2.0825939926e-01
7.61000e+02 1.3088046575e+02 6.4922411162e-01
7.62000e+02 1.3104153293e+02 1.8756385705e-01
7.63000e+02 1.3119152805e+02 1.3777794058e-02
7.64000e+02 1.3134155445e+02 2.2667486903e-01
7.65000e+02 1.3148903343e+02 4.2832719194e-01
7.66000e+02 1.3163392519e+02 1.8981542321e-01
7.67000e+02 1.3177867785e+02 1.8689928877e-01
7.68000e+02 1.3192175599e+02 2.0893701778e-01
7.69000e+02 1.3208303071e+02 5.8962837483e-01
7.70000e+02 1.3224548136e+02 2.2121918043e-01
7.71000e+02 1.3240237627e+02 2.1661816097e-01
7.72000e+02 1.3257117383e+02 1.0338165344e+00
7.73000e+02 1.3273125994e+02 1.5333445311e-02
7.74000e+02 1.3288735950e+02 4.3549466532e-01
7.75000e+02 1.3305713455e+02 2.2336516369e-01
7.76000e+02 1.3323779378e+02 2.7179785850e-02
7.77000e+02 1.3341312967e+02 6.5018789882e-01
7.78000e+02 1.3358784311e+02 2.4661135943e-01
7.79000e+02 1.3376006993e+02 2.4325567097e-01
7.80000e+02 1.3393190984e+02 4.4893259808e-01
7.81000e+02 1.3410290356e+02 6.4683534858e-01
7.82000e+02 1.3426659468e+02 7.1639941720e-01
7.83000e+02 1.3443399233e+02 4.8291663222e-03
7.84000e+02 1.3459804027e+02 2.2752258168e-01
7.85000e+02 1.3475937606e+02 7.1693270247e-01
7.86000e+02 1.3491800183e+02 2.1558085456e-01
7.87000e+02 1.3507344381e+02 2.0947145997e-01
7.88000e+02 1.3523264678e+02 2.2681868184e-01
7.89000e+02 1.3538803648e+02 7.0568133987e-01
7.90000e+02 1.3554220481e+02 2.0480454847e-01
7.91000e+02 1.3569588157e+02 2.0283452431e-01
7.92000e+02 1.3584887649e+02 6.9876760830e-01
7.93000e+02 1.3599991815e+02 2.0025170068e-01
7.94000e+02 1.3615249362e+02 2.0103883503e-01
7.95000e+02 1.3630550736e+02 2.0017477230e-01
7.96000e+02 1.3645630278e+02 1.9819455039e-01
7.97000e+02 1.3662823847e+02 2.3183310124e-01
7.98000e+02 1.3679317601e+02 8.9869821535e-01
7.99000e+02 1.3695244832e+02 1.1252954010e+00
8.00000e+02 1.3711259578e+02 2.1377945435e-01
8.01000e+02 1.3726988797e+02 2.1158556097e-01
8.02000e+02 1.3742884990e+02 2.1018843800e-01
8.03000e+02 1.3758268605e+02 4.0162863694e-01
8.04000e+02 1.3773058810e+02 6.2490207942e-01
8.05000e+02 1.3788830034e+02 2.1039830514e-01
8.06000e+02 1.3804799155e+02 2.1091719087e-01
8.07000e+02 1.3820375168e+02 2.0875415748e-01
8.08000e+02 1.3836202261e+02 2.0712511625e-01
8.09000e+02 1.3851767425e+02 2.0680950632e-01
8.10000e+02 1.3868588800e+02 8.4150462160e-01
8.11000e+02 1.3885079649e+02 4.3410974491e-01
8.12000e+02 1.3901131452e+02 6.3795198876e-01
8.13000e+02 1.3916598872e+02 8.6237071811e-01
8.14000e+02 1.3931769526e+02 1.9864435087e-01
8.15000e+02 1.3948815691e+02 1.4810010587e-02
8.16000e+02 1.3966070579e+02 4.2833649740e-01
8.17000e+02 1.3982790668e+02 4.2464739318e-01
8.18000e+02 1.4000840557e+02 4.4596078347e-01
8.19000e+02 1.4018155942e+02 8.4400509673e-01
8.20000e+02 1.4034976404e+02 1.2942459227e+00
8.21000e+02 1.4052879409e+02 1.9111564440e+00
8.22000e+02 1.4070567495e+02 8.6621406199e-01
8.23000e+02 1.4087631818e+02 2.3046269331e-01
8.24000e+02 1.4104389383e+02 2.2960325827e-01
8.25000e+02 1.4122106872e+02 2.4560854067e-01
8.26000e+02 1.4139670180e+02 2.4411515379e-01
8.27000e+02 1.4156648614e+02 2.2851475470e-01
8.28000e+02 1.4173381329e+02 2.2803775426e-01
8.29000e+02 1.4189810094e+02 2.2231302963e-01
8.30000e+02 1.4206206131e+02 2.1872392362e-01
8.31000e+02 1.4222512632e+02 2.1728255317e-01
8.32000e+02 1.4239382374e+02 2.4855299549e-01
8.33000e+02 1.4255939688e+02 1.1180065145e+00
8.34000e+02 1.4272048214e+02 8.7771423948e-01
8.35000e+02 1.4288070419e+02 2.1112800595e-01
8.36000e+02 1.4303826769e+02 2.0739512336e-01
8.37000e+02 1.4319562513e+02 2.0432311920e-01
8.38000e+02 1.4335104995e+02 2.0198010315e-01
8.39000e+02 1.4353539607e+02 5.0847997708e-01
8.40000e+02 1.4372205315e+02 1.5460323800e+00
8.41000e+02 1.4390120395e+02 1.0479562857e+00
8.42000e+02 1.4408319044e+02 2.4984715224e-01
8.43000e+02 1.4426055176e+02 2.4780782790e-01
8.44000e+02 1.4445180153e+02 6.4125721081e-01
8.45000e+02 1.4463877770e+02 1.5564212275e+00
8.46000e+02 1.4481989074e+02 2.4668657720e-01
8.47000e+02 1.4499714523e+02 2.2167516862e-01
8.48000e+02 1.4517103777e+02 1.1562217327e+00
8.49000e+02 1.4535062804e+02 2.3905400056e-01
8.50000e+02 1.4552644081e+02 1.1526022280e+00
8.51000e+02 1.4569802970e+02 1.1635894025e+00
8.52000e+02 1.4586905005e+02 5.1767329957e-01
8.53000e+02 1.4604894775e+02 4.9185304396e-01
8.54000e+02 1.4623737469e+02 1.2614177249e-02
8.55000e+02 1.4642060709e+02 2.5912045894e-01
8.56000e+02 1.4660125937e+02 4.9090042830e-01
8.57000e+02 1.4677932823e+02 2.4570390917e-01
8.58000e+02 1.4696388585e+02 2.5499202577e-01
8.59000e+02 1.4714680120e+02 1.1326449619e-02
8.60000e+02 1.4732579690e+02 5.0277945075e-01
8.61000e+02 1.4750088424e+02 4.9444866509e-01
8.62000e+02 1.4767503777e+02 2.3595240379e-01
8.63000e+02 1.4784790396e+02 2.3349530904e-01
8.64000e+02 1.4802009793e+02 2.3130224512e-01
8.65000e+02 1.4819189427e+02 2.3000109446e-01
8.66000e+02 1.4836875285e+02 7.4265762179e-01
8.67000e+02 1.4854264612e+02 1.4953234192e+00
8.68000e+02 1.4871192831e+02 4.6880804902e-01
8.69000e+02 1.4888046953e+02 2.2337314683e-01
8.70000e+02 1.4905200827e+02 2.2911586409e-01
8.71000e+02 1.4922379833e+02 2.2888047009e-01
8.72000e+02 1.4939204859e+02 2.2211783181e-01
8.73000e+02 1.4955881534e+02 2.2012124965e-01
8.74000e+02 1.4972245601e+02 2.1529154370e-01
8.75000e+02 1.4988627029e+02 2.1212377867e-01
8.76000e+02 1.5004812348e+02 2.1012417671e-01
8.77000e+02 1.5024224070e+02 3.5854200689e-02
8.78000e+02 1.5045163165e+02 9.5731239967e-01
8.79000e+02 1.5063841844e+02 6.6172118474e-01
8.80000e+02 1.5081885385e+02 8.9860773142e-01
8.81000e+02 1.5099857170e+02 2.4391571765e-01
8.82000e+02 1.5117723652e+02 1.6811637045e-02
8.83000e+02 1.5138287405e+02 9.6787539966e-01
8.84000e+02 1.5159018214e+02 1.4034609987e+00
8.85000e+02 1.5177338022e+02 4.8028250882e-01
8.86000e+02 1.5194947677e+02 4.7723394447e-01
8.87000e+02 1.5212285147e+02 2.3274349562e-01
8.88000e+02 1.5230366074e+02 2.4404566270e-01
8.89000e+02 1.5250787242e+02 1.6579680096e+00
8.90000e+02 1.5270044987e+02 6.9758233459e-01
8.91000e+02 1.5287646090e+02 3.8710740775e-03
8.92000e+02 1.5305220576e+02 5.0644163578e-03
8.93000e+02 1.5322517145e+02 2.3581472835e-01
8.94000e+02 1.5339479716e+02 2.2945976043e-01
8.95000e+02 1.5356447723e+02 2.2212006370e-01
8.96000e+02 1.5373216910e+02 2.1996411074e-01
8.97000e+02 1.5392175823e+02 6.8226219751e-01
8.98000e+02 1.5410495895e+02 5.5095207467e-03
8.99000e+02 1.5428196916e+02 1.0886500281e+00
9.00000e+02 1.5446762298e+02 1.3816737786e+00
9.01000e+02 1.5464927747e+02 2.4957610878e-01
9.02000e+02 1.5482797796e+02 2.3825985061e-01
9.03000e+02 1.5500431838e+02 4.4424447770e-01
9.04000e+02 1.5517534843e+02 2.9586749912e-01
9.05000e+02 1.5535175501e+02 5.2479184926e-03
9.06000e+02 1.5552485552e+02 2.3153054907e-01
9.07000e+02 1.5569455998e+02 2.2459691050e-01
9.08000e+02 1.5586405669e+02 2.2076850208e-01
9.09000e+02 1.5603518855e+02 5.1676756702e-01
9.10000e+02 1.5620889663e+02 6.7778972314e-01
9.11000e+02 1.5637486329e+02 2.8519787322e-01
9.12000e+02 1.5653842584e+02 2.1625397922e-01
9.13000e+02 1.5670032329e+02 2.0680331627e-01
9.14000e+02 1.5686059937e+02 2.0331003980e-01
9.15000e+02 1.5703762066e+02 2.2786456865e-01
9.16000e+02 1.5721214785e+02 2.3266718371e-01
9.17000e+02 1.5737740295e+02 2.0646437383e-01
9.18000e+02 1.5754003227e+02 2.0861116211e-01
9.19000e+02 1.5770031065e+02 2.0342582603e-01
9.20000e+02 1.5786557336e+02 2.7646731124e-01
9.21000e+02 1.5804824792e+02 9.5296037254e-01
9.22000e+02 1.5823124189e+02 9.5630089234e-01
9.23000e+02 1.5839803855e+02 6.2837700545e-01
9.24000e+02 1.5855860246e+02 6.2304982664e-01
9.25000e+02 1.5873608751e+02 2.4088065219e-01
9.26000e+02 1.5892590930e+02 4.0832657146e-01
9.27000e+02 1.5910941963e+02 6.4684178978e-01
9.28000e+02 1.5928856074e+02 2.3678690763e-01
9.29000e+02 1.5946446292e+02 2.3496725847e-01
9.30000e+02 1.5964124515e+02 2.3237341291e-01
9.31000e+02 1.5981413652e+02 2.1355579044e-01
9.32000e+02 1.5998575288e+02 4.6537242267e-01
9.33000e+02 1.6016314005e+02 3.0071991271e-01
9.34000e+02 1.6033144883e+02 8.4734430222e-03
9.35000e+02 1.6049613793e+02 2.1246298033e-01
9.36000e+02 1.6066948264e+02 5.3710509461e-01
9.37000e+02 1.6084086568e+02 4.7601171705e-01
9.38000e+02 1.6101088252e+02 5.3538146394e-01
9.39000e+02 1.6118888679e+02 2.5150506420e-01
9.40000e+02 1.6136790484e+02 4.7421333961e-01
9.41000e+02 1.6154303164e+02 2.3267176565e-01
9.42000e+02 1.6172022597e+02 2.3061537175e-01
9.43000e+02 1.6189130820e+02 5.3303694557e-01
9.44000e+02 1.6206315885e+02 3.0065348562e-01
9.45000e+02 1.6224148491e+02 6.9659780055e-01
9.46000e+02 1.6240999581e+02 8.6834201883e-03
9.47000e+02 1.6257472665e+02 2.1131406154e-01
9.48000e+02 1.6274056232e+02 2.0842750176e-01
9.49000e+02 1.6290463001e+02 2.0755592927e-01
9.50000e+02 1.6307034009e+02 2.0722278777e-01
9.51000e+02 1.6323453154e+02 2.0713931522e-01
9.52000e+02 1.6340973254e+02 6.9775749979e-01
9.53000e+02 1.6358503911e+02 3.0427635435e-01
9.54000e+02 1.6375611371e+02 6.9512515643e-01
9.55000e+02 1.6392340890e+02 6.8641865185e-01
9.56000e+02 1.6408948613e+02 2.1075925345e-01
9.57000e+02 1.6425424437e+02 2.0801155659e-01
9.58000e+02 1.6442159255e+02 1.1064072941e+00
9.59000e+02 1.6460585876e+02 2.0074760967e-02
9.60000e+02 1.6479008224e+02 2.4550026682e-01
9.61000e+02 1.6496846103e+02 2.3936734065e-01
9.62000e+02 1.6514857631e+02 2.3501977662e-01
9.63000e+02 1.6532520123e+02 2.3303089048e-01
9.64000e+02 1.6551306227e+02 4.3622021000e-01
9.65000e+02 1.6569608595e+02 1.9563508674e-01
9.66000e+02 1.6587418105e+02 4.1526086113e-01
9.67000e+02 1.6606108763e+02 8.9517995291e-01
9.68000e+02 1.6624303453e+02 2.3462948475e-01
9.69000e+02 1.6641903313e+02 1.3476932037e+00
9.70000e+02 1.6659055614e+02 2.6871306858e-01
9.71000e+02 1.6675789619e+02 4.9023666649e-01
9.72000e+02 1.6692295646e+02 2.0799853603e-01
9.73000e+02 1.6710134417e+02 2.2587598818e-01
9.74000e+02 1.6727350507e+02 9.7860053432e-03
9.75000e+02 1.6744117559e+02 2.1566423717e-01
9.76000e+02 1.6761589076e+02 6.8322884293e-01
9.77000e+02 1.6778752668e+02 2.2170926826e-01
9.78000e+02 1.6795678425e+02 2.1254524430e-01
9.79000e+02 1.6812778947e+02 4.7124152135e-01
9.80000e+02 1.6829027700e+02 9.2309679421e-01
9.81000e+02 1.6845790380e+02 2.3819356738e-01
9.82000e+02 1.6862617480e+02 2.3696880306e-01
9.83000e+02 1.6878691568e+02 1.9819850450e-01
9.84000e+02 1.6895008558e+02 2.3078601881e-01
9.85000e+02 1.6911945238e+02 2.0855813688e-01
9.86000e+02 1.6927873601e+02 1.7158590608e-01
9.87000e+02 1.6943365471e+02 1.6270206522e-02
9.88000e+02 1.6958866326e+02 2.0018822976e-01
9.89000e+02 1.6973985119e+02 6.2218169611e-01
9.90000e+02 1.6988703466e+02 1.9895018566e-01
9.91000e+02 1.7003047606e+02 1.8851074379e-01
9.92000e+02 1.7017780369e+02 1.7285262690e-01
9.93000e+02 1.7032484746e+02 1.6853561321e-01
9.94000e+02 1.7046785032e+02 1.8414162025e-01
9.95000e+02 1.7062860744e+02 3.7537188319e-01
9.96000e+02 1.7079959499e+02 7.7501014615e-01
9.97000e+02 1.7095722379e+02 1.0585038816e-02
9.98000e+02 1.7111168434e+02 1.1457683473e-02
9.99000e+02 1.7126211026e+02 1.7966429201e-01
1.00000e+03 1.7140967960e+02 1.7259342198e-01
1.00100e+03 1.7157967625e+02 4.0123310703e-01
1.00200e+03 1.7175182379e+02 6.0811901332e-01
1.00300e+03 1.7190573253e+02 1.7529839137e-01
1.00400e+03 1.7206288381e+02 1.8876518512e-01
1.00500e+03 1.7223305613e+02 7.7973072843e-01
1.00600e+03 1.7239971566e+02 4.2572234920e-01
1.00700e+03 1.7256239621e+02 2.0228753356e-01
1.00800e+03 1.7272148011e+02 1.3063636828e-02
1.00900e+03 1.7287782976e+02 4.1164962039e-01
1.01000e+03 1.7304127492e+02 1.9887088018e-01
1.01100e+03 1.7320272978e+02 1.9744631726e-01
1.01200e+03 1.7336121118e+02 4.1063547258e-01
1.01300e+03 1.7352210142e+02 2.3742353312e-02
1.01400e+03 1.7367834507e+02 8.1790239189e-01
1.01500e+03 1.7382957809e+02 9.9926512506e-01
1.01600e+03 1.7397847582e+02 1.7210991543e-01
1.01700e+03 1.7413620033e+02 3.7303436337e-03
1.01800e+03 1.7428722106e+02 7.4606768278e-03
1.01900e+03 1.7443476980e+02 1.8987110742e-01
1.02000e+03 1.7458262788e+02 1.8651859140e-01
1.02100e+03 1.7472932785e+02 9.7483201795e-01
1.02200e+03 1.7487589955e+02 2.3260256073e-03
1.02300e+03 1.7502514301e+02 1.5912074821e-01
1.02400e+03 1.7516529086e+02 3.5287515644e-01
1.02500e+03 1.7530262310e+02 5.0990758060e-01
1.02600e+03 1.7544043541e+02 1.4647675336e-01
1.02700e+03 1.7557709446e+02 1.4565708703e-01
1.02800e+03 1.7571487309e+02 1.4547774184e-01
1.02900e+03 1.7585317485e+02 1.0721900625e-02
1.03000e+03 1.7599342113e+02 6.3254288009e-03
1.03100e+03 1.7613463836e+02 6.3615859565e-01
1.03200e+03 1.7626562896e+02 6.7880301844e-03
1.03300e+03 1.7639392851e+02 1.3019153377e-01
1.03400e+03 1.7653017188e+02 9.6080451622e-01
1.03500e+03 1.7666755439e+02 1.4944449863e-01
1.03600e+03 1.7680275526e+02 6.0625621887e-01
1.03700e+03 1.7693505826e+02 6.0057043775e-01
1.03800e+03 1.7706685273e+02 1.3455690475e-01
1.03900e+03 1.7719746577e+02 1.3273239716e-01
1.04000e+03 1.7732999136e+02 1.5820401973e+00
1.04100e+03 1.7745928658e+02 7.2474666045e-01
1.04200e+03 1.7758910554e+02 1.3062415604e-01
1.04300e+03 1.7771873729e+02 1.2951223130e-01
1.04400e+03 1.7784701642e+02 1.2784288031e-01
1.04500e+03 1.7798947136e+02 1.4929479791e-01
1.04600e+03 1.7812476787e+02 4.2329292195e-01
1.04700e+03 1.7825207233e+02 2.5621781535e-01
1.04800e+03 1.7837715095e+02 3.2005115429e-03
1.04900e+03 1.7850811867e+02 2.5654408058e-01
1.05000e+03 1.7863596864e+02 3.9703964659e-01
1.05100e+03 1.7876077076e+02 1.1968810829e-01
1.05200e+03 1.7888638734e+02 5.3797826302e-01
1.05300e+03 1.7901811137e+02 5.5490540482e-01
1.05400e+03 1.7915054914e+02 2.6256608827e-01
1.05500e+03 1.7927995860e+02 1.3137765282e-01
1.05600e+03 1.7941823604e+02 1.2450852809e-01
1.05700e+03 1.7955232407e+02 1.3496044359e-01
1.05800e+03 1.7968396581e+02 2.6095702470e-01
1.05900e+03 1.7981378439e+02 1.3075208044e-01
1.06000e+03 1.7994321005e+02 1.2840524971e-01
1.06100e+03 1.8007221461e+02 1.2746282228e-01
1.06200e+03 1.8020083932e+02 1.2653440907e-01
1.06300e+03 1.8032952150e+02 1.2608549451e-01
1.06400e+03 1.8045785349e+02 1.2566668766e-01
1.06500e+03 1.8060077797e+02 2.7426028888e-01
1.06600e+03 1.8074124454e+02 5.2093071239e-01
1.06700e+03 1.8087378057e+02 1.2939487644e-01
1.06800e+03 1.8100963450e+02 1.5094685354e-01
1.06900e+03 1.8115542901e+02 5.2748663582e-01
1.07000e+03 1.8130164430e+02 6.7198294190e-01
1.07100e+03 1.8144390757e+02 1.5667813074e-01
1.07200e+03 1.8158763513e+02 1.5403372703e-01
1.07300e+03 1.8172878435e+02 1.5276564020e-01
1.07400e+03 1.8187149092e+02 1.5159189042e-01
1.07500e+03 1.8200899212e+02 6.4792122357e-01
1.07600e+03 1.8214139905e+02 8.3264648614e-01
1.07700e+03 1.8228279438e+02 1.5168640747e-01
1.07800e+03 1.8243572356e+02 1.4172810162e-01
1.07900e+03 1.8258425281e+02 9.8223571367e-01
1.08000e+03 1.8273135717e+02 4.8732654946e-01
1.08100e+03 1.8287662405e+02 1.5963386591e-01
1.08200e+03 1.8302017782e+02 1.5238191321e-01
1.08300e+03 1.8316235183e+02 1.6367490415e-01
1.08400e+03 1.8330410276e+02 1.6170839550e-01
1.08500e+03 1.8344514878e+02 1.4975200987e-01
1.08600e+03 1.8359323578e+02 1.6045687953e-01
1.08700e+03 1.8374210930e+02 4.8369995823e-01
1.08800e+03 1.8388827222e+02 7.9972201984e-01
1.08900e+03 1.8403104167e+02 3.2545576033e-01
1.09000e+03 1.8417682440e+02 4.7802400734e-01
1.09100e+03 1.8433375417e+02 2.5300180318e-02
1.09200e+03 1.8449731396e+02 1.7119372829e-01
1.09300e+03 1.8465531191e+02 3.4405002503e-01
1.09400e+03 1.8481248114e+02 1.8159447752e-01
1.09500e+03 1.8496729971e+02 1.7823349062e-01
1.09600e+03 1.8512215903e+02 1.7574534782e-01
1.09700e+03 1.8527557461e+02 1.7416662144e-01
1.09800e+03 1.8543115084e+02 1.8870242986e-01
1.09900e+03 1.8558603745e+02 5.2596185771e-01
1.10000e+03 1.8574227964e+02 1.7537532503e-01
1.10100e+03 1.8589649789e+02 1.7600261594e-01
1.10200e+03 1.8605089187e+02 5.2425365049e-01
1.10300e+03 1.8620515377e+02 1.7457524631e-01
1.10400e+03 1.8636149074e+02 1.7592138348e-01
1.10500e+03 1.8652139275e+02 1.6311871435e-01
1.10600e+03 1.8667910528e+02 8.8312991491e-01
1.10700e+03 1.8683764055e+02 1.8006248728e-01
1.10800e+03 1.8699365400e+02 1.7602014431e-01
1.10900e+03 1.8715120796e+02 1.7012218447e+00
1.11000e+03 1.8730148883e+02 1.7245076707e-01
1.11100e+03 1.8744683623e+02 8.9398434354e-01
1.11200e+03 1.8759356027e+02 9.0628403108e-01
1.11300e+03 1.8775012373e+02 1.7804701594e-01
1.11400e+03 1.8791247525e+02 3.4620116750e-01
1.11500e+03 1.8806561628e+02 7.7936190777e-03
1.11600e+03 1.8821633599e+02 1.6852884301e-01
1.11700e+03 1.8836525477e+02 1.6413806688e-01
1.11800e+03 1.8851845651e+02 6.4777087048e-03
1.11900e+03 1.8866862514e+02 3.3325330957e-01
1.12000e+03 1.8881510388e+02 3.2619705296e-01
1.12100e+03 1.8898253255e+02 3.5672018021e-01
1.12200e+03 1.8915106925e+02 5.4675567369e-01
1.12300e+03 1.8930265688e+02 1.6223957332e-01
1.12400e+03 1.8945477141e+02 1.6536874152e-01
1.12500e+03 1.8960461818e+02 1.6613136840e-01
1.12600e+03 1.8975195695e+02 1.6118948323e-01
1.12700e+03 1.8989942062e+02 1.5864518423e-01
1.12800e+03 1.9004549757e+02 1.5722472222e-01
1.12900e+03 1.9019213002e+02 1.5623627491e-01
1.13000e+03 1.9033969614e+02 1.6316471781e-01
1.13100e+03 1.9048497433e+02 3.1616915003e-01
1.13200e+03 1.9062691005e+02 3.1022258603e-01
1.13300e+03 1.9079348658e+02 1.9922218505e-01
1.13400e+03 1.9097195230e+02 6.6840576673e-01
1.13500e+03 1.9114278163e+02 1.0258863791e+00
1.13600e+03 1.9131212790e+02 2.0314529528e-01
1.13700e+03 1.9147509794e+02 1.6677292000e-01
1.13800e+03 1.9163398896e+02 3.8115884959e-01
1.13900e+03 1.9180305957e+02 2.0118343924e-01
1.14000e+03 1.9197081005e+02 1.9938646233e-01
1.14100e+03 1.9213483603e+02 1.9414244358e-01
1.14200e+03 1.9229984587e+02 4.5332236520e-01
1.14300e+03 1.9246284119e+02 8.6621105171e-01
1.14400e+03 1.9262523168e+02 6.0489923038e-01
1.14500e+03 1.9278646020e+02 1.8560431406e-01
1.14600e+03 1.9295412448e+02 1.9386210403e-01
1.14700e+03 1.9311907691e+02 1.9459468833e-01
1.14800e+03 1.9328217753e+02 1.8612884298e-01
1.14900e+03 1.9344434075e+02 1.8687741772e-01
1.15000e+03 1.9360607494e+02 1.8532410438e-01
1.15100e+03 1.9377083234e+02 4.0025690478e-01
1.15200e+03 1.9392851705e+02 9.9537680144e-01
1.15300e+03 1.9408017214e+02 7.5093675355e-01
1.15400e+03 1.9422939723e+02 1.6195501858e-01
1.15500e+03 1.9439236732e+02 1.8594566222e-01
1.15600e+03 1.9455625334e+02 1.8791154602e-01
1.15700e+03 1.9470821656e+02 1.6210118050e-01
1.15800e+03 1.9485586127e+02 1.6035871110e-01
1.15900e+03 1.9500022708e+02 1.5260094783e-01
1.16000e+03 1.9515267917e+02 5.8289172152e-01
1.16100e+03 1.9530430397e+02 1.3050276002e+00
1.16200e+03 1.9545274046e+02 6.6471772490e-01
1.16300e+03 1.9561703855e+02 5.5185367579e-01
1.16400e+03 1.9577776159e+02 8.5619217240e-01
1.16500e+03 1.9593006284e+02 1.6100781769e-01
1.16600e+03 1.9607943526e+02 1.6178273546e-01
1.16700e+03 1.9623833286e+02 2.9742747963e-01
1.16800e+03 1.9639550579e+02 1.7614844119e-01
1.16900e+03 1.9654721864e+02 1.6103254249e-01
1.17000e+03 1.9670170390e+02 1.5928890088e-01
1.17100e+03 1.9686536030e+02 6.6721019258e-01
1.17200e+03 1.9702957715e+02 6.6687381632e-01
1.17300e+03 1.9718977729e+02 1.8395042343e-01
1.17400e+03 1.9735906460e+02 1.5413414579e-01
1.17500e+03 1.9752171985e+02 1.0942409340e-02
1.17600e+03 1.9768383933e+02 5.5890131548e-01
1.17700e+03 1.9785777681e+02 1.3737348370e-02
1.17800e+03 1.9804019760e+02 2.4064949696e-02
1.17900e+03 1.9821068273e+02 4.0334958156e-01
1.18000e+03 1.9837753044e+02 5.9222450483e-01
1.18100e+03 1.9854256322e+02 1.9066023103e-01
1.18200e+03 1.9871095486e+02 1.9995771363e-02
1.18300e+03 1.9889932523e+02 1.4432885745e-02
1.18400e+03 1.9909576204e+02 6.0743182050e-01
1.18500e+03 1.9928446223e+02 9.9062015986e-01
1.18600e+03 1.9947096026e+02 2.3418971883e-01
1.18700e+03 1.9965378113e+02 5.9188910474e-01
1.18800e+03 1.9984252983e+02 2.3557439414e-01
1.18900e+03 2.0002636161e+02 1.8798992157e-02
1.19000e+03 2.0020584684e+02 4.4636958770e-01
1.19100e+03 2.0039433458e+02 2.3512637377e-01
1.19200e+03 2.0058011789e+02 5.9058249477e-01
1.19300e+03 2.0076024907e+02 1.3952731850e+00
1.19400e+03 2.0093299450e+02 2.2815144852e-01
1.19500e+03 2.0111232253e+02 9.1597093468e-03
1.19600e+03 2.0128837043e+02 2.1303989266e-01
1.19700e+03 2.0145964255e+02 6.6128685805e-01
1.19800e+03 2.0162827917e+02 1.9714320554e-01
1.19900e+03 2.0180439076e+02 2.0961041464e-01
1.20000e+03 2.0197824646e+02 2.1124391032e-01
1.20100e+03 2.0214875109e+02 4.1524281260e-01
1.20200e+03 2.0231217767e+02 5.2100404754e-03
1.20300e+03 2.0248048780e+02 7.8014647768e-03
1.20400e+03 2.0264256549e+02 4.0304957018e-01
1.20500e+03 2.0280169694e+02 8.1649859793e-01
1.20600e+03 2.0296106693e+02 1.7497529174e-01
1.20700e+03 2.0312049496e+02 1.6281438474e-02
1.20800e+03 2.0327813201e+02 5.7895275563e-03
1.20900e+03 2.0343082717e+02 1.6738053977e-01
1.21000e+03 2.0358103824e+02 1.4032172000e+00
1.21100e+03 2.0372744781e+02 3.4707098441e-01
1.21200e+03 2.0387605573e+02 1.5818402608e-01
1.21300e+03 2.0402405555e+02 3.6117783578e-01
1.21400e+03 2.0416918000e+02 1.4768913322e-01
1.21500e+03 2.0431200072e+02 1.4395259275e-01
1.21600e+03 2.0445780971e+02 3.5801773118e-01
1.21700e+03 2.0460403000e+02 1.4803284542e-01
1.21800e+03 2.0474803414e+02 1.4607996222e-01
1.21900e+03 2.0491058180e+02 5.6106019847e-01
1.22000e+03 2.0507008774e+02 8.6977524362e-01
1.22100e+03 2.0521925436e+02 1.4888021120e-01
1.22200e+03 2.0536553390e+02 1.5100672993e-01
1.22300e+03 2.0551016625e+02 1.4632145264e-01
1.22400e+03 2.0565417797e+02 1.4390730983e-01
1.22500e+03 2.0581352114e+02 2.9887830870e-01
1.22600e+03 2.0597098207e+02 2.9286145282e-01
1.22700e+03 2.0612402381e+02 2.8626716403e-01
1.22800e+03 2.0627731477e+02 2.9050536884e-01
1.22900e+03 2.0642832636e+02 7.6133184777e-01
1.23000e+03 2.0657885683e+02 4.6122563626e-01
1.23100e+03 2.0672858592e+02 4.4973230647e-01
1.23200e+03 2.0687472927e+02 1.6757458481e-01
1.23300e+03 2.0701624895e+02 3.0805773538e-01
1.23400e+03 2.0715578711e+02 1.3570153496e-01
1.23500e+03 2.0730505605e+02 1.5255508255e-01
1.23600e+03 2.0745154460e+02 3.0687309798e-01
1.23700e+03 2.0759452778e+02 1.4395258645e-01
1.23800e+03 2.0773732120e+02 1.4011349065e-01
1.23900e+03 2.0787851513e+02 1.3818412353e-01
1.24000e+03 2.0802070450e+02 8.3411024984e-03
1.24100e+03 2.0816215032e+02 4.3697383763e-01
1.24200e+03 2.0830257675e+02 4.3477392277e-01
1.24300e+03 2.0844269483e+02 1.3446692191e-01
1.24400e+03 2.0858798549e+02 1.4054318858e-01
1.24500e+03 2.0873467465e+02 1.4073532362e-01
1.24600e+03 2.0887920869e+02 2.9694624753e-01
1.24700e+03 2.0902594360e+02 1.4594362739e-01
1.24800e+03 2.0917057975e+02 1.4514317295e-01
1.24900e+03 2.0931276003e+02 1.4044339707e-01
1.25000e+03 2.0945571832e+02 1.3686431217e-01
1.25100e+03 2.0960341524e+02 5.9758997757e-01
1.25200e+03 2.0974324962e+02 2.8140098514e-01
