remeshing time
0.00000e+00
2.00000e-01
6.00000e-01
9.00000e-01
1.20000e+00
1.50000e+00
1.80000e+00
2.40000e+00
2.70000e+00
2.80000e+00
2.90000e+00
3.00000e+00
3.10000e+00
3.30000e+00
3.40000e+00
3.60000e+00
3.80000e+00
4.00000e+00
4.20000e+00
4.40000e+00
4.70000e+00
5.10000e+00
5.20000e+00
5.40000e+00
5.60000e+00
5.70000e+00
6.00000e+00
6.10000e+00
6.20000e+00
6.30000e+00
6.50000e+00
6.70000e+00
6.90000e+00
7.00000e+00
7.20000e+00
7.40000e+00
7.50000e+00
7.80000e+00
7.90000e+00
8.20000e+00
8.60000e+00
8.90000e+00
9.20000e+00
9.50000e+00
9.80000e+00
1.04000e+01
1.07000e+01
1.08000e+01
1.09000e+01
1.13000e+01
1.15000e+01
1.18000e+01
1.24000e+01
1.27000e+01
1.28000e+01
1.29000e+01
1.32000e+01
1.33000e+01
1.34000e+01
1.36000e+01
1.38000e+01
1.40000e+01
1.42000e+01
1.46000e+01
1.49000e+01
1.52000e+01
1.55000e+01
1.58000e+01
1.61000e+01
1.62000e+01
1.63000e+01
1.65000e+01
1.67000e+01
1.70000e+01
1.71000e+01
1.72000e+01
1.74000e+01
1.76000e+01
1.78000e+01
1.79000e+01
1.80000e+01
1.81000e+01
1.82000e+01
1.84000e+01
1.87000e+01
1.88000e+01
1.89000e+01
1.90000e+01
1.92000e+01
1.93000e+01
1.94000e+01
1.96000e+01
1.98000e+01
2.00000e+01
2.02000e+01
2.06000e+01
2.09000e+01
2.12000e+01
2.15000e+01
2.18000e+01
2.24000e+01
2.27000e+01
2.28000e+01
2.29000e+01
2.30000e+01
2.32000e+01
2.33000e+01
2.34000e+01
2.36000e+01
2.38000e+01
2.40000e+01
2.42000e+01
2.44000e+01
2.47000e+01
2.55000e+01
2.58000e+01
2.59000e+01
2.63000e+01
2.66000e+01
2.70000e+01
2.71000e+01
2.72000e+01
2.74000e+01
2.76000e+01
2.77000e+01
2.80000e+01
2.81000e+01
2.82000e+01
2.83000e+01
2.85000e+01
2.87000e+01
2.89000e+01
2.90000e+01
2.91000e+01
2.92000e+01
2.94000e+01
2.96000e+01
2.97000e+01
3.00000e+01
3.01000e+01
3.02000e+01
3.03000e+01
3.05000e+01
3.07000e+01
3.09000e+01
3.10000e+01
3.11000e+01
3.13000e+01
3.15000e+01
3.18000e+01
3.19000e+01
3.22000e+01
3.26000e+01
3.29000e+01
3.30000e+01
3.32000e+01
3.35000e+01
3.38000e+01
3.41000e+01
3.42000e+01
3.43000e+01
3.45000e+01
3.47000e+01
3.50000e+01
3.51000e+01
3.53000e+01
3.55000e+01
3.57000e+01
3.59000e+01
3.63000e+01
3.65000e+01
3.68000e+01
3.75000e+01
3.77000e+01
3.79000e+01
3.82000e+01
3.84000e+01
3.86000e+01
3.88000e+01
3.90000e+01
3.91000e+01
3.92000e+01
3.95000e+01
3.97000e+01
3.98000e+01
3.99000e+01
4.00000e+01
4.01000e+01
4.02000e+01
4.03000e+01
4.05000e+01
4.07000e+01
4.09000e+01
4.10000e+01
4.11000e+01
4.12000e+01
4.15000e+01
4.18000e+01
4.19000e+01
4.22000e+01
4.23000e+01
4.26000e+01
4.29000e+01
4.31000e+01
4.33000e+01
4.36000e+01
4.37000e+01
4.40000e+01
4.41000e+01
4.42000e+01
4.44000e+01
4.47000e+01
4.49000e+01
4.50000e+01
4.52000e+01
4.54000e+01
4.56000e+01
4.57000e+01
4.60000e+01
4.61000e+01
4.62000e+01
4.63000e+01
4.65000e+01
4.67000e+01
4.70000e+01
4.71000e+01
4.73000e+01
4.75000e+01
4.77000e+01
4.78000e+01
4.79000e+01
4.83000e+01
4.86000e+01
4.87000e+01
4.90000e+01
4.91000e+01
4.93000e+01
4.95000e+01
4.97000e+01
4.98000e+01
4.99000e+01
5.02000e+01
5.04000e+01
5.05000e+01
5.06000e+01
5.08000e+01
5.10000e+01
5.11000e+01
5.12000e+01
5.15000e+01
5.17000e+01
5.20000e+01
5.21000e+01
5.22000e+01
5.23000e+01
5.25000e+01
5.27000e+01
5.28000e+01
5.29000e+01
5.30000e+01
5.31000e+01
5.32000e+01
5.33000e+01
5.36000e+01
5.38000e+01
5.39000e+01
5.40000e+01
5.41000e+01
5.45000e+01
5.47000e+01
5.49000e+01
5.52000e+01
5.55000e+01
5.57000e+01
5.60000e+01
5.62000e+01
5.64000e+01
5.67000e+01
5.70000e+01
5.71000e+01
5.72000e+01
5.74000e+01
5.76000e+01
5.78000e+01
5.79000e+01
5.80000e+01
5.81000e+01
5.82000e+01
5.83000e+01
5.85000e+01
5.87000e+01
5.90000e+01
5.91000e+01
5.93000e+01
5.95000e+01
5.97000e+01
5.98000e+01
5.99000e+01
6.02000e+01
6.04000e+01
6.05000e+01
6.06000e+01
6.08000e+01
6.10000e+01
6.12000e+01
6.15000e+01
6.17000e+01
6.20000e+01
6.21000e+01
6.22000e+01
6.23000e+01
6.25000e+01
6.27000e+01
6.28000e+01
6.29000e+01
6.30000e+01
6.32000e+01
6.34000e+01
6.36000e+01
6.38000e+01
6.39000e+01
6.40000e+01
6.42000e+01
6.44000e+01
6.47000e+01
6.50000e+01
6.51000e+01
6.52000e+01
6.53000e+01
6.56000e+01
6.58000e+01
6.59000e+01
6.60000e+01
6.61000e+01
6.62000e+01
6.63000e+01
6.65000e+01
6.67000e+01
6.68000e+01
6.69000e+01
6.70000e+01
6.71000e+01
6.73000e+01
6.75000e+01
6.78000e+01
6.79000e+01
6.80000e+01
6.82000e+01
6.84000e+01
6.87000e+01
6.90000e+01
6.91000e+01
6.93000e+01
6.95000e+01
6.98000e+01
6.99000e+01
7.00000e+01
7.02000e+01
7.04000e+01
7.07000e+01
7.10000e+01
7.11000e+01
7.13000e+01
7.15000e+01
7.18000e+01
7.19000e+01
7.20000e+01
7.22000e+01
7.26000e+01
7.28000e+01
7.30000e+01
7.31000e+01
7.33000e+01
7.35000e+01
7.38000e+01
7.40000e+01
7.41000e+01
7.42000e+01
7.43000e+01
7.45000e+01
7.47000e+01
7.50000e+01
7.51000e+01
7.52000e+01
7.53000e+01
7.56000e+01
7.58000e+01
7.59000e+01
7.60000e+01
7.61000e+01
7.62000e+01
7.63000e+01
7.65000e+01
7.67000e+01
7.70000e+01
7.72000e+01
7.74000e+01
7.77000e+01
7.78000e+01
7.79000e+01
7.83000e+01
7.86000e+01
7.89000e+01
7.93000e+01
7.95000e+01
7.98000e+01
7.99000e+01
8.02000e+01
8.03000e+01
8.06000e+01
8.07000e+01
8.09000e+01
8.10000e+01
8.12000e+01
8.15000e+01
8.18000e+01
8.25000e+01
8.27000e+01
8.29000e+01
8.30000e+01
8.33000e+01
8.34000e+01
8.36000e+01
8.38000e+01
8.39000e+01
8.43000e+01
8.46000e+01
8.47000e+01
8.49000e+01
8.50000e+01
8.51000e+01
8.53000e+01
8.56000e+01
8.59000e+01
8.61000e+01
8.62000e+01
8.63000e+01
8.65000e+01
8.67000e+01
8.69000e+01
8.70000e+01
8.71000e+01
8.72000e+01
8.75000e+01
8.78000e+01
8.79000e+01
8.80000e+01
8.81000e+01
8.84000e+01
8.85000e+01
8.87000e+01
8.89000e+01
8.90000e+01
8.91000e+01
8.93000e+01
8.96000e+01
8.99000e+01
9.04000e+01
9.06000e+01
9.08000e+01
9.10000e+01
9.12000e+01
9.15000e+01
9.18000e+01
9.22000e+01
9.23000e+01
9.25000e+01
9.27000e+01
9.29000e+01
9.30000e+01
9.31000e+01
9.33000e+01
9.36000e+01
9.39000e+01
9.43000e+01
9.44000e+01
9.47000e+01
9.50000e+01
9.51000e+01
9.52000e+01
9.55000e+01
9.58000e+01
9.59000e+01
9.60000e+01
9.61000e+01
9.62000e+01
9.63000e+01
9.65000e+01
9.67000e+01
9.69000e+01
9.70000e+01
9.71000e+01
9.73000e+01
9.76000e+01
9.79000e+01
9.83000e+01
9.84000e+01
9.87000e+01
9.90000e+01
9.91000e+01
9.93000e+01
9.96000e+01
9.99000e+01
1.00300e+02
1.00400e+02
1.00700e+02
1.01000e+02
1.01100e+02
1.01200e+02
1.01500e+02
1.01800e+02
1.01900e+02
1.02000e+02
1.02100e+02
1.02200e+02
1.02300e+02
1.02500e+02
1.02700e+02
1.02900e+02
1.03000e+02
1.03100e+02
1.03300e+02
1.03600e+02
1.03900e+02
1.04300e+02
1.04400e+02
1.04700e+02
1.05000e+02
1.05100e+02
1.05300e+02
1.05600e+02
1.05900e+02
1.06300e+02
1.06400e+02
1.06700e+02
1.07000e+02
1.07100e+02
1.07200e+02
1.07500e+02
1.07800e+02
1.07900e+02
1.08000e+02
1.08100e+02
1.08200e+02
1.08300e+02
1.08500e+02
1.08700e+02
1.08900e+02
1.09000e+02
1.09100e+02
1.09200e+02
1.09500e+02
1.09800e+02
1.09900e+02
1.10000e+02
1.10100e+02
1.10400e+02
1.10500e+02
1.10700e+02
1.10900e+02
1.11000e+02
1.11200e+02
1.11500e+02
1.11800e+02
1.12200e+02
1.12300e+02
1.12500e+02
1.12700e+02
1.13000e+02
1.13100e+02
1.13300e+02
1.13600e+02
1.13900e+02
1.14300e+02
1.14400e+02
1.14600e+02
1.14700e+02
1.15000e+02
1.15100e+02
1.15200e+02
1.15500e+02
1.15800e+02
1.15900e+02
1.16000e+02
1.16100e+02
1.16200e+02
1.16300e+02
1.16500e+02
1.16700e+02
1.16900e+02
1.17000e+02
1.17100e+02
1.17300e+02
1.17600e+02
1.17900e+02
1.18300e+02
1.18400e+02
1.18700e+02
1.19000e+02
1.19100e+02
1.19200e+02
1.19500e+02
1.19800e+02
1.19900e+02
1.20000e+02
1.20100e+02
1.20200e+02
1.20300e+02
1.20500e+02
1.20700e+02
1.20900e+02
1.21000e+02
1.21100e+02
1.21300e+02
1.21600e+02
1.21900e+02
1.22200e+02
1.22600e+02
1.22800e+02
1.23000e+02
1.23200e+02
1.23400e+02
1.23600e+02
1.23800e+02
1.24500e+02
1.24700e+02
1.24900e+02
1.25300e+02
1.25600e+02
1.25800e+02
1.26200e+02
1.26300e+02
1.26500e+02
1.26700e+02
1.26900e+02
1.27000e+02
1.27100e+02
1.27300e+02
1.27400e+02
1.27500e+02
1.27800e+02
1.27900e+02
1.28000e+02
1.28200e+02
1.28400e+02
1.28700e+02
1.28800e+02
1.29500e+02
1.29800e+02
1.29900e+02
1.30000e+02
1.30200e+02
1.30600e+02
1.30800e+02
1.31000e+02
1.31200e+02
1.31400e+02
1.31600e+02
1.31700e+02
1.31900e+02
1.32100e+02
1.32300e+02
1.32400e+02
1.32700e+02
1.32800e+02
1.33100e+02
1.33200e+02
1.33300e+02
1.33500e+02
1.33700e+02
1.33800e+02
1.33900e+02
1.34000e+02
1.34100e+02
1.34400e+02
1.34700e+02
1.34900e+02
1.35300e+02
1.35600e+02
1.35800e+02
1.36500e+02
1.36700e+02
1.36900e+02
1.37300e+02
1.37600e+02
1.37800e+02
1.38200e+02
1.38300e+02
1.38500e+02
1.38700e+02
1.38900e+02
1.39000e+02
1.39100e+02
1.39200e+02
1.39300e+02
1.39500e+02
1.39700e+02
1.39800e+02
1.39900e+02
1.40000e+02
1.40100e+02
1.40400e+02
1.40700e+02
1.40900e+02
1.41200e+02
1.41400e+02
1.41600e+02
1.41800e+02
1.42100e+02
1.42400e+02
1.42700e+02
1.43000e+02
1.43100e+02
1.43200e+02
1.43500e+02
1.43800e+02
1.43900e+02
1.44000e+02
1.44100e+02
1.44200e+02
1.44300e+02
1.44500e+02
1.44700e+02
1.44900e+02
1.45000e+02
1.45100e+02
1.45300e+02
1.45600e+02
1.45900e+02
1.46300e+02
1.46400e+02
1.46700e+02
1.47000e+02
1.47100e+02
1.47200e+02
1.47500e+02
1.47800e+02
1.47900e+02
1.48000e+02
1.48100e+02
1.48400e+02
1.48500e+02
1.48700e+02
1.48900e+02
1.49000e+02
1.49200e+02
1.49500e+02
1.49800e+02
1.50200e+02
1.50300e+02
1.50500e+02
1.50700e+02
1.50900e+02
1.51000e+02
1.51100e+02
1.51300e+02
1.51600e+02
1.51900e+02
1.52300e+02
1.52400e+02
1.52700e+02
1.53000e+02
1.53100e+02
1.53200e+02
1.53500e+02
1.53800e+02
1.53900e+02
1.54000e+02
1.54100e+02
1.54200e+02
1.54300e+02
1.54500e+02
1.54700e+02
1.54900e+02
1.55000e+02
1.55100e+02
1.55200e+02
1.55500e+02
1.55800e+02
1.55900e+02
1.56000e+02
1.56100e+02
1.56400e+02
1.56500e+02
1.56700e+02
1.56900e+02
1.57000e+02
1.57100e+02
1.57300e+02
1.57400e+02
1.57600e+02
1.57800e+02
1.57900e+02
1.58300e+02
1.58600e+02
1.58700e+02
1.58900e+02
1.59000e+02
1.59100e+02
1.59300e+02
1.59400e+02
1.59600e+02
1.59800e+02
1.59900e+02
1.60200e+02
1.60400e+02
1.60700e+02
1.61000e+02
1.61100e+02
1.61200e+02
1.61300e+02
1.61600e+02
1.61800e+02
1.61900e+02
1.62000e+02
1.62100e+02
1.62200e+02
1.62300e+02
1.62500e+02
1.62700e+02
1.63000e+02
1.63200e+02
1.63400e+02
1.63700e+02
1.63800e+02
1.63900e+02
1.64300e+02
1.64600e+02
1.64900e+02
1.65200e+02
1.65300e+02
1.65600e+02
1.65800e+02
1.65900e+02
1.66000e+02
1.66100e+02
1.66200e+02
1.66300e+02
1.66500e+02
1.66700e+02
1.67000e+02
1.67100e+02
1.67300e+02
1.67500e+02
1.67800e+02
1.67900e+02
1.68200e+02
1.68300e+02
1.68600e+02
1.68700e+02
1.68900e+02
1.69000e+02
1.69200e+02
1.69500e+02
1.69800e+02
1.70200e+02
1.70300e+02
1.70500e+02
1.70700e+02
1.70900e+02
1.71000e+02
1.71100e+02
1.71200e+02
1.71500e+02
1.71800e+02
1.71900e+02
1.72000e+02
1.72100e+02
1.72200e+02
1.72300e+02
1.72500e+02
1.72700e+02
1.72900e+02
1.73000e+02
1.73100e+02
1.73200e+02
1.73500e+02
1.73800e+02
1.73900e+02
1.74000e+02
1.74100e+02
1.74400e+02
1.74700e+02
1.74900e+02
1.75000e+02
1.75100e+02
1.75300e+02
1.75400e+02
1.75600e+02
1.75800e+02
1.75900e+02
1.76300e+02
1.76600e+02
1.76700e+02
1.76900e+02
1.77000e+02
1.77200e+02
1.77500e+02
1.77800e+02
1.78500e+02
1.78700e+02
1.78900e+02
1.79000e+02
1.79100e+02
1.79300e+02
1.79400e+02
1.79600e+02
1.79800e+02
1.79900e+02
1.80200e+02
1.80400e+02
1.80700e+02
1.81000e+02
1.81100e+02
1.81300e+02
1.81500e+02
1.81800e+02
1.81900e+02
1.82200e+02
1.82300e+02
1.82600e+02
1.82700e+02
1.82900e+02
1.83000e+02
1.83100e+02
1.83300e+02
1.83600e+02
1.83900e+02
1.84100e+02
1.84200e+02
1.84300e+02
1.84500e+02
1.84700e+02
1.84900e+02
1.85000e+02
1.85100e+02
1.85200e+02
1.85500e+02
1.85800e+02
1.85900e+02
1.86000e+02
1.86100e+02
1.86200e+02
1.86300e+02
1.86500e+02
1.86700e+02
1.86900e+02
1.87000e+02
1.87100e+02
1.87200e+02
1.87500e+02
1.87800e+02
1.87900e+02
1.88000e+02
1.88100e+02
1.88400e+02
1.88700e+02
1.88900e+02
1.89000e+02
1.89100e+02
1.89200e+02
1.89400e+02
1.89600e+02
1.89800e+02
1.89900e+02
1.90300e+02
1.90600e+02
1.90700e+02
1.90900e+02
1.91000e+02
1.91100e+02
1.91300e+02
1.91600e+02
1.91900e+02
1.92100e+02
1.92200e+02
1.92300e+02
1.92500e+02
1.92700e+02
1.92900e+02
1.93000e+02
1.93100e+02
1.93200e+02
1.93500e+02
1.93800e+02
1.93900e+02
1.94000e+02
1.94100e+02
1.94400e+02
1.94700e+02
1.94900e+02
1.95000e+02
1.95100e+02
1.95300e+02
1.95400e+02
1.95600e+02
1.95800e+02
1.95900e+02
1.96200e+02
1.96400e+02
1.96700e+02
1.97000e+02
1.97100e+02
1.97300e+02
1.97500e+02
1.97800e+02
1.97900e+02
1.98200e+02
1.98300e+02
1.98600e+02
1.98700e+02
1.98900e+02
1.99000e+02
1.99200e+02
1.99500e+02
1.99800e+02
2.00200e+02
2.00300e+02
2.00500e+02
2.00700e+02
2.00900e+02
2.01000e+02
2.01100e+02
2.01300e+02
2.01600e+02
2.01900e+02
2.02200e+02
2.02600e+02
2.02800e+02
2.03000e+02
2.03200e+02
2.03400e+02
2.03600e+02
2.03800e+02
2.04200e+02
2.04300e+02
2.04500e+02
2.04700e+02
2.04900e+02
2.05000e+02
2.05300e+02
2.05400e+02
2.05500e+02
2.05800e+02
2.05900e+02
2.06000e+02
2.06200e+02
2.06600e+02
2.06800e+02
2.07000e+02
2.07100e+02
2.07200e+02
2.07400e+02
2.07600e+02
2.07700e+02
2.07900e+02
2.08300e+02
2.08500e+02
2.08800e+02
2.09000e+02
2.09200e+02
2.09400e+02
2.09600e+02
2.10000e+02
2.10100e+02
2.10200e+02
2.10300e+02
2.10500e+02
2.10700e+02
2.11000e+02
2.11100e+02
2.11200e+02
2.11400e+02
2.11500e+02
2.11700e+02
2.11900e+02
2.12000e+02
2.12100e+02
2.12200e+02
2.12300e+02
2.12500e+02
2.12700e+02
2.13000e+02
2.13100e+02
2.13300e+02
2.13600e+02
2.13900e+02
2.14000e+02
2.14200e+02
2.14500e+02
2.14800e+02
2.15000e+02
2.15200e+02
2.15300e+02
2.15500e+02
2.15700e+02
2.15900e+02
2.16200e+02
2.16500e+02
2.16800e+02
2.17500e+02
2.17700e+02
2.17800e+02
2.17900e+02
2.18000e+02
2.18200e+02
2.18500e+02
2.18800e+02
2.19100e+02
2.19200e+02
2.19400e+02
2.19500e+02
2.19700e+02
2.19900e+02
2.20000e+02
2.20100e+02
2.20200e+02
2.20300e+02
2.20500e+02
2.20700e+02
2.21000e+02
2.21100e+02
2.21200e+02
2.21400e+02
2.21500e+02
2.21700e+02
2.21900e+02
2.22000e+02
2.22100e+02
2.22200e+02
2.22500e+02
2.22700e+02
2.22900e+02
2.23000e+02
2.23200e+02
2.23400e+02
2.23600e+02
2.23700e+02
2.23900e+02
2.24100e+02
2.24300e+02
2.24400e+02
2.24700e+02
2.24800e+02
2.25100e+02
2.25200e+02
2.25300e+02
2.25500e+02
2.25700e+02
2.25800e+02
2.25900e+02
2.26000e+02
2.26100e+02
2.26200e+02
2.26300e+02
2.26500e+02
2.26700e+02
2.26900e+02
2.27000e+02
2.27100e+02
2.27300e+02
2.27400e+02
2.27500e+02
2.27800e+02
2.27900e+02
2.28000e+02
2.28200e+02
2.28400e+02
2.28700e+02
2.28800e+02
2.29100e+02
2.29200e+02
2.29300e+02
2.29500e+02
2.29700e+02
2.29800e+02
2.29900e+02
2.30000e+02
2.30100e+02
2.30200e+02
2.30300e+02
2.30500e+02
2.30700e+02
2.30900e+02
2.31000e+02
2.31100e+02
2.31300e+02
2.31400e+02
2.31500e+02
2.31800e+02
2.31900e+02
2.32000e+02
2.32200e+02
2.32400e+02
2.32700e+02
2.32800e+02
2.33500e+02
2.33800e+02
2.33900e+02
2.34000e+02
2.34200e+02
2.34400e+02
2.34700e+02
2.34800e+02
2.35100e+02
2.35200e+02
2.35300e+02
2.35500e+02
2.35700e+02
2.35800e+02
2.35900e+02
2.36000e+02
2.36100e+02
2.36200e+02
2.36300e+02
2.36500e+02
2.36700e+02
2.36900e+02
2.37000e+02
2.37100e+02
2.37300e+02
2.37400e+02
2.37500e+02
2.37800e+02
2.37900e+02
2.38000e+02
2.38200e+02
2.38600e+02
2.38800e+02
2.39000e+02
2.39200e+02
2.39400e+02
2.39600e+02
2.40000e+02
2.40100e+02
2.40200e+02
2.40500e+02
2.40700e+02
2.40900e+02
2.41000e+02
2.41100e+02
2.41300e+02
2.41500e+02
2.41700e+02
2.41900e+02
2.42100e+02
2.42300e+02
2.42400e+02
2.42700e+02
2.42800e+02
2.43100e+02
2.43200e+02
2.43300e+02
2.43500e+02
2.43700e+02
2.43800e+02
2.43900e+02
2.44000e+02
2.44100e+02
2.44200e+02
2.44300e+02
2.44500e+02
2.44700e+02
2.44900e+02
2.45000e+02
2.45100e+02
2.45300e+02
2.45400e+02
2.45500e+02
2.45800e+02
2.45900e+02
2.46000e+02
2.46200e+02
2.46400e+02
2.46700e+02
2.46800e+02
2.47100e+02
2.47200e+02
2.47300e+02
2.47500e+02
2.47700e+02
2.47800e+02
2.47900e+02
2.48000e+02
2.48100e+02
2.48400e+02
2.48700e+02
2.48900e+02
2.49200e+02
2.49400e+02
2.49600e+02
2.49800e+02
2.50100e+02
2.50400e+02
2.50700e+02
2.51000e+02
2.51100e+02
2.51200e+02
2.51500e+02
2.51800e+02
2.51900e+02
2.52000e+02
2.52100e+02
2.52200e+02
2.52300e+02
2.52500e+02
2.52700e+02
2.52900e+02
2.53000e+02
2.53100e+02
2.53300e+02
2.53600e+02
2.53900e+02
2.54200e+02
2.54600e+02
2.54800e+02
2.55000e+02
2.55100e+02
2.55300e+02
2.55400e+02
2.55600e+02
2.55800e+02
2.56100e+02
2.56400e+02
2.56700e+02
2.57000e+02
2.57100e+02
2.57300e+02
2.57600e+02
2.57900e+02
2.58300e+02
2.58400e+02
2.58700e+02
2.59000e+02
2.59100e+02
2.59200e+02
2.59500e+02
2.59800e+02
2.59900e+02
2.60000e+02
2.60100e+02
2.60200e+02
2.60300e+02
2.60500e+02
2.60700e+02
2.60900e+02
2.61000e+02
2.61100e+02
2.61300e+02
2.61600e+02
2.61900e+02
2.62300e+02
2.62400e+02
2.62700e+02
2.63000e+02
2.63100e+02
2.63300e+02
2.63600e+02
2.63900e+02
2.64300e+02
2.64400e+02
2.64700e+02
2.65000e+02
2.65100e+02
2.65200e+02
2.65500e+02
2.65800e+02
2.65900e+02
2.66000e+02
2.66100e+02
2.66200e+02
2.66300e+02
2.66500e+02
2.66700e+02
2.66900e+02
2.67000e+02
2.67100e+02
2.67200e+02
2.67500e+02
2.67800e+02
2.67900e+02
2.68000e+02
2.68100e+02
2.68400e+02
2.68500e+02
2.68700e+02
2.68900e+02
2.69000e+02
2.69100e+02
2.69200e+02
2.69400e+02
2.69600e+02
2.69800e+02
2.69900e+02
2.70300e+02
2.70600e+02
2.70700e+02
2.70900e+02
2.71000e+02
2.71100e+02
2.71300e+02
2.71400e+02
2.71600e+02
2.71800e+02
2.71900e+02
2.72200e+02
2.72400e+02
2.72700e+02
2.73000e+02
2.73100e+02
2.73300e+02
2.73500e+02
2.73800e+02
2.73900e+02
2.74300e+02
2.74600e+02
2.74900e+02
2.75300e+02
2.75500e+02
2.75800e+02
2.75900e+02
2.76200e+02
2.76300e+02
2.76600e+02
2.76700e+02
2.76900e+02
2.77000e+02
2.77100e+02
2.77300e+02
2.77600e+02
2.77900e+02
2.78400e+02
2.78600e+02
2.78800e+02
2.79000e+02
2.79100e+02
2.79200e+02
2.79400e+02
2.79600e+02
2.79800e+02
2.79900e+02
2.80200e+02
2.80400e+02
2.80700e+02
2.81000e+02
2.81100e+02
2.81200e+02
2.81300e+02
2.81600e+02
2.81800e+02
2.81900e+02
2.82000e+02
2.82100e+02
2.82200e+02
2.82300e+02
2.82500e+02
2.82700e+02
2.83000e+02
2.83100e+02
2.83200e+02
2.83300e+02
2.83600e+02
2.83800e+02
2.83900e+02
2.84000e+02
2.84100e+02
2.84200e+02
2.84500e+02
2.84700e+02
2.84900e+02
2.85300e+02
2.85500e+02
2.85800e+02
2.86000e+02
2.86100e+02
2.86200e+02
2.86300e+02
2.86500e+02
2.86700e+02
2.87000e+02
2.87100e+02
2.87300e+02
2.87500e+02
2.87800e+02
2.87900e+02
2.88300e+02
2.88600e+02
2.88900e+02
2.89200e+02
2.89300e+02
2.89600e+02
2.89800e+02
2.89900e+02
2.90000e+02
2.90100e+02
2.90200e+02
2.90300e+02
2.90500e+02
2.90700e+02
2.91000e+02
2.91100e+02
2.91200e+02
2.91300e+02
2.91600e+02
2.91800e+02
2.91900e+02
2.92000e+02
2.92100e+02
2.92200e+02
2.92500e+02
2.92700e+02
2.92900e+02
2.93000e+02
2.93200e+02
2.93400e+02
2.93600e+02
2.93800e+02
2.94100e+02
2.94300e+02
2.94400e+02
2.94700e+02
2.95000e+02
2.95100e+02
2.95300e+02
2.95500e+02
2.95800e+02
2.95900e+02
2.96000e+02
2.96200e+02
2.96400e+02
2.96700e+02
2.97000e+02
2.97100e+02
2.97200e+02
2.97300e+02
2.97600e+02
2.97800e+02
2.97900e+02
2.98000e+02
2.98100e+02
2.98200e+02
2.98300e+02
2.98500e+02
2.98700e+02
2.98800e+02
2.98900e+02
2.99000e+02
2.99100e+02
2.99200e+02
2.99300e+02
2.99600e+02
2.99800e+02
2.99900e+02
3.00000e+02
3.00100e+02
3.00500e+02
3.00700e+02
3.00900e+02
3.01300e+02
3.01600e+02
3.02000e+02
3.02100e+02
3.02500e+02
3.02700e+02
3.02900e+02
3.03000e+02
3.03200e+02
3.03500e+02
3.03700e+02
3.04000e+02
3.04100e+02
3.04500e+02
3.04600e+02
3.04800e+02
3.04900e+02
3.05000e+02
3.05200e+02
3.05500e+02
3.05700e+02
3.06000e+02
3.06200e+02
3.06400e+02
3.06700e+02
3.07000e+02
3.07100e+02
3.07300e+02
3.07500e+02
3.07700e+02
3.07800e+02
3.07900e+02
3.08200e+02
3.08400e+02
3.08500e+02
3.08600e+02
3.08800e+02
3.09000e+02
3.09200e+02
3.09500e+02
3.09700e+02
3.10000e+02
3.10200e+02
3.10400e+02
3.10500e+02
3.10600e+02
3.10800e+02
3.11000e+02
3.11200e+02
3.11500e+02
3.11700e+02
3.12000e+02
3.12100e+02
3.12200e+02
3.12300e+02
3.12500e+02
3.12700e+02
3.12800e+02
3.12900e+02
3.13000e+02
3.13100e+02
3.13300e+02
3.13500e+02
3.13800e+02
3.13900e+02
3.14000e+02
3.14200e+02
3.14400e+02
3.14700e+02
3.15000e+02
3.15100e+02
3.15200e+02
3.15300e+02
3.15600e+02
3.15800e+02
3.15900e+02
3.16000e+02
3.16100e+02
3.16500e+02
3.16700e+02
3.16900e+02
3.17000e+02
3.17200e+02
3.17500e+02
3.17700e+02
3.18000e+02
3.18200e+02
3.18400e+02
3.18700e+02
3.19000e+02
3.19100e+02
3.19200e+02
3.19400e+02
3.19600e+02
3.19800e+02
3.19900e+02
3.20000e+02
3.20100e+02
3.20200e+02
3.20400e+02
3.20700e+02
3.20900e+02
3.21000e+02
3.21100e+02
3.21300e+02
3.21500e+02
3.21800e+02
3.21900e+02
3.22400e+02
3.22600e+02
3.22900e+02
3.23100e+02
3.23300e+02
3.23600e+02
3.23700e+02
3.24000e+02
3.24100e+02
3.24200e+02
3.24400e+02
3.24700e+02
3.24900e+02
3.25000e+02
3.25200e+02
3.25400e+02
3.25600e+02
3.25700e+02
3.26000e+02
3.26100e+02
3.26200e+02
3.26400e+02
3.26700e+02
3.26900e+02
3.27000e+02
3.27100e+02
3.27300e+02
3.27600e+02
3.27700e+02
3.28000e+02
3.28100e+02
3.28200e+02
3.28300e+02
3.28500e+02
3.28700e+02
3.29000e+02
3.29100e+02
3.29300e+02
3.29500e+02
3.29700e+02
3.29800e+02
3.29900e+02
3.30300e+02
3.30400e+02
3.30700e+02
3.31000e+02
3.31100e+02
3.31300e+02
3.31500e+02
3.31700e+02
3.31800e+02
3.31900e+02
3.32300e+02
3.32400e+02
3.32700e+02
3.33000e+02
3.33100e+02
3.33300e+02
3.33500e+02
3.33700e+02
3.33800e+02
3.33900e+02
3.34300e+02
3.34400e+02
3.34700e+02
3.35000e+02
3.35100e+02
3.35300e+02
3.35500e+02
3.35700e+02
3.35800e+02
3.35900e+02
3.36200e+02
3.36400e+02
3.36500e+02
3.36600e+02
3.36800e+02
3.37000e+02
3.37100e+02
3.37200e+02
3.37500e+02
3.37700e+02
3.38000e+02
3.38100e+02
3.38500e+02
3.38700e+02
3.38900e+02
3.39000e+02
3.39200e+02
3.39500e+02
3.39700e+02
3.40000e+02
3.40200e+02
3.40400e+02
3.40500e+02
3.40600e+02
3.40800e+02
3.41000e+02
3.41200e+02
3.41500e+02
3.41700e+02
3.42000e+02
3.42100e+02
3.42500e+02
3.42700e+02
3.42900e+02
3.43000e+02
3.43200e+02
3.43500e+02
3.43700e+02
3.44000e+02
3.44200e+02
3.44400e+02
3.44700e+02
3.45000e+02
3.45100e+02
3.45200e+02
3.45400e+02
3.45600e+02
3.45800e+02
3.45900e+02
3.46000e+02
3.46100e+02
3.46200e+02
3.46400e+02
3.46700e+02
3.46900e+02
3.47000e+02
3.47100e+02
3.47300e+02
3.47500e+02
3.47800e+02
3.47900e+02
3.48200e+02
3.48400e+02
3.48500e+02
3.48800e+02
3.49100e+02
3.49200e+02
3.49300e+02
3.49600e+02
3.49800e+02
3.49900e+02
3.50000e+02
3.50100e+02
3.50200e+02
3.50300e+02
3.50500e+02
3.50700e+02
3.50900e+02
3.51000e+02
3.51100e+02
3.51200e+02
3.51500e+02
3.51800e+02
3.51900e+02
3.52200e+02
3.52300e+02
3.52600e+02
3.52900e+02
3.53000e+02
3.53100e+02
3.53400e+02
3.53600e+02
3.53900e+02
3.54400e+02
3.54600e+02
3.54900e+02
3.55300e+02
3.55500e+02
3.55800e+02
3.55900e+02
3.56200e+02
3.56400e+02
3.56500e+02
3.56800e+02
3.57500e+02
3.57800e+02
3.57900e+02
3.58300e+02
3.58600e+02
3.58800e+02
3.59100e+02
3.59200e+02
3.59300e+02
3.59600e+02
3.59800e+02
3.59900e+02
3.60000e+02
3.60100e+02
3.60200e+02
3.60300e+02
3.60500e+02
3.60700e+02
3.60900e+02
3.61000e+02
3.61100e+02
3.61200e+02
3.61500e+02
3.61800e+02
3.61900e+02
3.62300e+02
3.62600e+02
3.62800e+02
3.63100e+02
3.63200e+02
3.63300e+02
3.63600e+02
3.63800e+02
3.63900e+02
3.64000e+02
3.64100e+02
3.64200e+02
3.64300e+02
3.64500e+02
3.64700e+02
3.64900e+02
3.65000e+02
3.65100e+02
3.65200e+02
3.65500e+02
3.65800e+02
3.65900e+02
3.66200e+02
3.66300e+02
3.66600e+02
3.66900e+02
3.67300e+02
3.67500e+02
3.67800e+02
3.67900e+02
3.68400e+02
3.68600e+02
3.68900e+02
3.69300e+02
3.69500e+02
3.69800e+02
3.69900e+02
3.70200e+02
3.70400e+02
3.70500e+02
3.70800e+02
3.71100e+02
3.71200e+02
3.71300e+02
3.71600e+02
3.71800e+02
3.71900e+02
3.72000e+02
3.72100e+02
3.72200e+02
3.72300e+02
3.72500e+02
3.72700e+02
3.72900e+02
3.73000e+02
3.73100e+02
3.73200e+02
3.73300e+02
3.73600e+02
3.73800e+02
3.73900e+02
3.74000e+02
3.74100e+02
3.74200e+02
3.74300e+02
3.74400e+02
3.74700e+02
3.74800e+02
3.74900e+02
3.75000e+02
3.75100e+02
3.75300e+02
3.75600e+02
3.75900e+02
3.76000e+02
3.76100e+02
3.76200e+02
3.76300e+02
3.76400e+02
3.76700e+02
3.76800e+02
3.76900e+02
3.77000e+02
3.77200e+02
3.77500e+02
3.77700e+02
3.77800e+02
3.77900e+02
3.78000e+02
3.78100e+02
3.78200e+02
3.78300e+02
3.78400e+02
3.78700e+02
3.78800e+02
3.78900e+02
3.79000e+02
3.79100e+02
3.79300e+02
3.79500e+02
3.79900e+02
3.80400e+02
3.80600e+02
3.80800e+02
3.81000e+02
3.81100e+02
3.81300e+02
3.81600e+02
3.81900e+02
3.82000e+02
3.82100e+02
3.82200e+02
3.82300e+02
3.82500e+02
3.82700e+02
3.82900e+02
3.83000e+02
3.83100e+02
3.83200e+02
3.83500e+02
3.83800e+02
3.83900e+02
3.84200e+02
3.84300e+02
3.84600e+02
3.84900e+02
3.85000e+02
3.85100e+02
3.85300e+02
3.85500e+02
3.85800e+02
3.85900e+02
3.86400e+02
3.86600e+02
3.86900e+02
3.87000e+02
3.87100e+02
3.87400e+02
3.87600e+02
3.87900e+02
3.88400e+02
3.88600e+02
3.88900e+02
3.89300e+02
3.89500e+02
3.89800e+02
3.89900e+02
3.90200e+02
3.90400e+02
3.90500e+02
3.90800e+02
3.91500e+02
3.91800e+02
3.91900e+02
3.92300e+02
3.92600e+02
3.92800e+02
3.93100e+02
3.93200e+02
3.93300e+02
3.93600e+02
3.93800e+02
3.93900e+02
3.94000e+02
3.94100e+02
3.94200e+02
3.94300e+02
3.94400e+02
3.94700e+02
3.94800e+02
3.94900e+02
3.95000e+02
3.95200e+02
3.95500e+02
3.95700e+02
3.95800e+02
3.95900e+02
3.96000e+02
3.96100e+02
3.96200e+02
3.96300e+02
3.96400e+02
3.96700e+02
3.96800e+02
3.96900e+02
3.97000e+02
3.97100e+02
3.97300e+02
3.97600e+02
3.97900e+02
3.98000e+02
3.98100e+02
3.98200e+02
3.98300e+02
3.98400e+02
3.98700e+02
3.98800e+02
3.98900e+02
3.99000e+02
3.99100e+02
3.99200e+02
3.99500e+02
3.99700e+02
3.99800e+02
3.99900e+02
4.00000e+02
4.00100e+02
4.00200e+02
4.00300e+02
4.00500e+02
4.00700e+02
4.00900e+02
4.01000e+02
4.01100e+02
4.01200e+02
4.01500e+02
4.01800e+02
4.01900e+02
4.02300e+02
4.02600e+02
4.02800e+02
4.03500e+02
4.03800e+02
4.03900e+02
4.04300e+02
4.04600e+02
4.04800e+02
4.05100e+02
4.05200e+02
4.05300e+02
4.05600e+02
4.05800e+02
4.05900e+02
4.06000e+02
4.06100e+02
4.06200e+02
4.06300e+02
4.06500e+02
4.06700e+02
4.06900e+02
4.07000e+02
4.07100e+02
4.07200e+02
4.07300e+02
4.07600e+02
4.07800e+02
4.07900e+02
4.08000e+02
4.08100e+02
4.08200e+02
4.08300e+02
4.08500e+02
4.08700e+02
4.08900e+02
4.09000e+02
4.09100e+02
4.09200e+02
4.09500e+02
4.09800e+02
4.09900e+02
4.10200e+02
4.10300e+02
4.10600e+02
4.10900e+02
4.11000e+02
4.11100e+02
4.11300e+02
4.11600e+02
4.11700e+02
4.12000e+02
4.12100e+02
4.12200e+02
4.12300e+02
4.12500e+02
4.12700e+02
4.13000e+02
4.13100e+02
4.13200e+02
4.13400e+02
4.13600e+02
4.13800e+02
4.13900e+02
4.14000e+02
4.14100e+02
4.14200e+02
4.14400e+02
4.14700e+02
4.14900e+02
4.15000e+02
4.15100e+02
4.15300e+02
4.15500e+02
4.15800e+02
4.15900e+02
4.16400e+02
4.16600e+02
4.16900e+02
4.17000e+02
4.17100e+02
4.17300e+02
4.17500e+02
4.17800e+02
4.17900e+02
4.18400e+02
4.18600e+02
4.18900e+02
4.19300e+02
4.19500e+02
4.19800e+02
4.19900e+02
4.20400e+02
4.20600e+02
4.20900e+02
4.21000e+02
4.21100e+02
4.21300e+02
4.21600e+02
4.21700e+02
4.22000e+02
4.22100e+02
4.22200e+02
4.22400e+02
4.22700e+02
4.22900e+02
4.23000e+02
4.23100e+02
4.23300e+02
4.23600e+02
4.23700e+02
4.24000e+02
4.24100e+02
4.24200e+02
4.24300e+02
4.24500e+02
4.24700e+02
4.25000e+02
4.25100e+02
4.25300e+02
4.25500e+02
4.25700e+02
4.25800e+02
4.25900e+02
4.26300e+02
4.26400e+02
4.26700e+02
4.27000e+02
4.27100e+02
4.27200e+02
4.27400e+02
4.27600e+02
4.27800e+02
4.27900e+02
4.28000e+02
4.28100e+02
4.28200e+02
4.28300e+02
4.28500e+02
4.28700e+02
4.29000e+02
4.29100e+02
4.29200e+02
4.29400e+02
4.29600e+02
4.29800e+02
4.29900e+02
4.30000e+02
4.30100e+02
4.30200e+02
4.30400e+02
4.30700e+02
4.30900e+02
4.31000e+02
4.31100e+02
4.31300e+02
4.31600e+02
4.31700e+02
4.32000e+02
4.32100e+02
4.32200e+02
4.32400e+02
4.32700e+02
4.32900e+02
4.33000e+02
4.33200e+02
4.33400e+02
4.33600e+02
4.33700e+02
4.34000e+02
4.34100e+02
4.34200e+02
4.34300e+02
4.34500e+02
4.34700e+02
4.35000e+02
4.35100e+02
4.35300e+02
4.35500e+02
4.35700e+02
4.35800e+02
4.35900e+02
4.36300e+02
4.36400e+02
4.36700e+02
4.37000e+02
4.37100e+02
4.37300e+02
4.37500e+02
4.37700e+02
4.37800e+02
4.37900e+02
4.38300e+02
4.38400e+02
4.38700e+02
4.39000e+02
4.39100e+02
4.39200e+02
4.39400e+02
4.39600e+02
4.39800e+02
4.39900e+02
4.40000e+02
4.40100e+02
4.40200e+02
4.40400e+02
4.40700e+02
4.40900e+02
4.41000e+02
4.41100e+02
4.41300e+02
4.41600e+02
4.41700e+02
4.42000e+02
4.42100e+02
4.42200e+02
4.42400e+02
4.42700e+02
4.42900e+02
4.43000e+02
4.43200e+02
4.43400e+02
4.43600e+02
4.43700e+02
4.44000e+02
4.44100e+02
4.44200e+02
4.44400e+02
4.44700e+02
4.44900e+02
4.45000e+02
4.45100e+02
4.45300e+02
4.45600e+02
4.45700e+02
4.46000e+02
4.46100e+02
4.46200e+02
4.46300e+02
4.46500e+02
4.46700e+02
4.47000e+02
4.47100e+02
4.47300e+02
4.47500e+02
4.47700e+02
4.47800e+02
4.47900e+02
4.48200e+02
4.48400e+02
4.48500e+02
4.48600e+02
4.48800e+02
4.49000e+02
4.49100e+02
4.49200e+02
4.49500e+02
4.49700e+02
4.50000e+02
4.50100e+02
4.50200e+02
4.50300e+02
4.50500e+02
4.50700e+02
4.50800e+02
4.50900e+02
4.51000e+02
4.51100e+02
4.51200e+02
4.51300e+02
4.51600e+02
4.51800e+02
4.51900e+02
4.52000e+02
4.52100e+02
4.52500e+02
4.52700e+02
4.52900e+02
4.53200e+02
4.53500e+02
4.53700e+02
4.54000e+02
4.54200e+02
4.54400e+02
4.54700e+02
4.55000e+02
4.55100e+02
4.55200e+02
4.55400e+02
4.55600e+02
4.55800e+02
4.55900e+02
4.56000e+02
4.56100e+02
4.56200e+02
4.56300e+02
4.56500e+02
4.56700e+02
4.57000e+02
4.57100e+02
4.57300e+02
4.57500e+02
4.57700e+02
4.57800e+02
4.57900e+02
4.58300e+02
4.58400e+02
4.58700e+02
4.59000e+02
4.59100e+02
4.59200e+02
4.59400e+02
4.59600e+02
4.59800e+02
4.59900e+02
4.60000e+02
4.60100e+02
4.60200e+02
4.60400e+02
4.60700e+02
4.60900e+02
4.61000e+02
4.61200e+02
4.61400e+02
4.61600e+02
4.61900e+02
4.62000e+02
4.62100e+02
4.62200e+02
4.62300e+02
4.62500e+02
4.62700e+02
4.63000e+02
4.63100e+02
4.63200e+02
4.63400e+02
4.63600e+02
4.63800e+02
4.63900e+02
4.64000e+02
4.64100e+02
4.64200e+02
4.64300e+02
4.64500e+02
4.64700e+02
4.65000e+02
4.65100e+02
4.65200e+02
4.65400e+02
4.65600e+02
4.65800e+02
4.65900e+02
4.66000e+02
4.66100e+02
4.66200e+02
4.66300e+02
4.66500e+02
4.66700e+02
4.67000e+02
4.67100e+02
4.67300e+02
4.67500e+02
4.67700e+02
4.67800e+02
4.67900e+02
4.68200e+02
4.68400e+02
4.68500e+02
4.68600e+02
4.68800e+02
4.69000e+02
4.69100e+02
4.69300e+02
4.69600e+02
4.70000e+02
4.70100e+02
4.70500e+02
4.70700e+02
4.70900e+02
4.71000e+02
4.71100e+02
4.71200e+02
4.71500e+02
4.71700e+02
4.72000e+02
4.72200e+02
4.72400e+02
4.72500e+02
4.72600e+02
4.72800e+02
4.73000e+02
4.73100e+02
4.73200e+02
4.73500e+02
4.73700e+02
4.74000e+02
4.74200e+02
4.74400e+02
4.74500e+02
4.74600e+02
4.74800e+02
4.75000e+02
4.75200e+02
4.75500e+02
4.75700e+02
4.76000e+02
4.76100e+02
4.76200e+02
4.76300e+02
4.76500e+02
4.76700e+02
4.76800e+02
4.76900e+02
4.77000e+02
4.77100e+02
4.77200e+02
4.77300e+02
4.77600e+02
4.77800e+02
4.77900e+02
4.78000e+02
4.78100e+02
4.78500e+02
4.78700e+02
4.78900e+02
4.79000e+02
4.79100e+02
4.79300e+02
4.79600e+02
4.80000e+02
4.80100e+02
4.80200e+02
4.80300e+02
4.80500e+02
4.80700e+02
4.80800e+02
4.80900e+02
4.81000e+02
4.81100e+02
4.81300e+02
4.81500e+02
4.81800e+02
4.81900e+02
4.82000e+02
4.82200e+02
4.82400e+02
4.82700e+02
4.83000e+02
4.83100e+02
4.83200e+02
4.83300e+02
4.83600e+02
4.83800e+02
4.83900e+02
4.84000e+02
4.84100e+02
4.84200e+02
4.84300e+02
4.84500e+02
4.84700e+02
4.84800e+02
4.84900e+02
4.85000e+02
4.85100e+02
4.85200e+02
4.85300e+02
4.85600e+02
4.85800e+02
4.85900e+02
4.86000e+02
4.86100e+02
4.86200e+02
4.86300e+02
4.86500e+02
4.86700e+02
4.86800e+02
4.86900e+02
4.87000e+02
4.87300e+02
4.87600e+02
4.87800e+02
4.87900e+02
4.88000e+02
4.88100e+02
4.88500e+02
4.88600e+02
4.88800e+02
4.88900e+02
4.89000e+02
4.89100e+02
4.89200e+02
4.89500e+02
4.89700e+02
4.90000e+02
4.90200e+02
4.90400e+02
4.90700e+02
4.91000e+02
4.91100e+02
4.91300e+02
4.91500e+02
4.91700e+02
4.91800e+02
4.91900e+02
4.92300e+02
4.92400e+02
4.92700e+02
4.93000e+02
4.93100e+02
4.93300e+02
4.93500e+02
4.93700e+02
4.93800e+02
4.93900e+02
4.94300e+02
4.94400e+02
4.94700e+02
4.95000e+02
4.95100e+02
4.95200e+02
4.95400e+02
4.95600e+02
4.95800e+02
4.95900e+02
4.96000e+02
4.96100e+02
4.96200e+02
4.96300e+02
4.96500e+02
4.96700e+02
4.97000e+02
4.97100e+02
4.97200e+02
4.97400e+02
4.97600e+02
4.97800e+02
4.97900e+02
4.98000e+02
4.98100e+02
4.98200e+02
4.98300e+02
4.98500e+02
4.98700e+02
4.99000e+02
4.99100e+02
4.99200e+02
4.99400e+02
4.99600e+02
4.99800e+02
4.99900e+02
5.00000e+02
5.00100e+02
5.00200e+02
5.00300e+02
5.00500e+02
5.00700e+02
5.01000e+02
5.01100e+02
5.01300e+02
5.01500e+02
5.01700e+02
5.01800e+02
5.01900e+02
5.02300e+02
5.02400e+02
5.02700e+02
5.03000e+02
5.03100e+02
5.03200e+02
5.03400e+02
5.03600e+02
5.03800e+02
5.03900e+02
5.04000e+02
5.04100e+02
5.04200e+02
5.04300e+02
5.04500e+02
5.04700e+02
5.05000e+02
5.05100e+02
5.05300e+02
5.05500e+02
5.05700e+02
5.05800e+02
5.05900e+02
5.06300e+02
5.06400e+02
5.06700e+02
5.07000e+02
5.07100e+02
5.07200e+02
5.07400e+02
5.07600e+02
5.07800e+02
5.07900e+02
5.08000e+02
5.08100e+02
5.08200e+02
5.08400e+02
5.08700e+02
5.08900e+02
5.09000e+02
5.09100e+02
5.09300e+02
5.09600e+02
5.09700e+02
5.10000e+02
5.10100e+02
5.10200e+02
5.10400e+02
5.10700e+02
5.10900e+02
5.11000e+02
5.11100e+02
5.11300e+02
5.11500e+02
5.11800e+02
5.11900e+02
5.12200e+02
5.12400e+02
5.12500e+02
5.12800e+02
5.13500e+02
5.13800e+02
5.13900e+02
5.14300e+02
5.14600e+02
5.14800e+02
5.15100e+02
5.15200e+02
5.15300e+02
5.15600e+02
5.15800e+02
5.15900e+02
5.16000e+02
5.16100e+02
5.16200e+02
5.16300e+02
5.16400e+02
5.16700e+02
5.16800e+02
5.16900e+02
5.17000e+02
5.17100e+02
5.17200e+02
5.17500e+02
5.17700e+02
5.17800e+02
5.17900e+02
5.18000e+02
5.18100e+02
5.18200e+02
5.18300e+02
5.18500e+02
5.18700e+02
5.18900e+02
5.19000e+02
5.19100e+02
5.19200e+02
5.19300e+02
5.19600e+02
5.19800e+02
5.19900e+02
5.20000e+02
5.20100e+02
5.20200e+02
5.20300e+02
5.20400e+02
5.20700e+02
5.20800e+02
5.20900e+02
5.21000e+02
5.21100e+02
5.21300e+02
5.21500e+02
5.21900e+02
5.22200e+02
5.22500e+02
5.22800e+02
5.23100e+02
5.23200e+02
5.23400e+02
5.23600e+02
5.23800e+02
5.23900e+02
5.24000e+02
5.24100e+02
5.24200e+02
5.24300e+02
5.24500e+02
5.24700e+02
5.25000e+02
5.25100e+02
5.25200e+02
5.25400e+02
5.25600e+02
5.25800e+02
5.25900e+02
5.26000e+02
5.26100e+02
5.26200e+02
5.26300e+02
5.26500e+02
5.26700e+02
5.27000e+02
5.27100e+02
5.27300e+02
5.27500e+02
5.27700e+02
5.27900e+02
5.28300e+02
5.28500e+02
5.28800e+02
5.29500e+02
5.29700e+02
5.29900e+02
5.30300e+02
5.30500e+02
5.30800e+02
5.31500e+02
5.31700e+02
5.31900e+02
5.32300e+02
5.32500e+02
5.32800e+02
5.33500e+02
5.33700e+02
5.33900e+02
5.34300e+02
5.34500e+02
5.34800e+02
5.35100e+02
5.35200e+02
5.35400e+02
5.35600e+02
5.35800e+02
5.35900e+02
5.36000e+02
5.36100e+02
5.36200e+02
5.36400e+02
5.36700e+02
5.36800e+02
5.36900e+02
5.37000e+02
5.37200e+02
5.37500e+02
5.37800e+02
5.38100e+02
5.38200e+02
5.38300e+02
5.38500e+02
5.38700e+02
5.39000e+02
5.39100e+02
5.39200e+02
5.39400e+02
5.39600e+02
5.39800e+02
5.39900e+02
5.40000e+02
5.40100e+02
5.40200e+02
5.40400e+02
5.40700e+02
5.40800e+02
5.40900e+02
5.41000e+02
5.41200e+02
5.41300e+02
5.41400e+02
5.41600e+02
5.41800e+02
5.42000e+02
5.42200e+02
5.42400e+02
5.42700e+02
5.43200e+02
5.43400e+02
5.43600e+02
5.43700e+02
5.43800e+02
5.43900e+02
5.44000e+02
5.44100e+02
5.44200e+02
5.44300e+02
5.44500e+02
5.44700e+02
5.44900e+02
5.45000e+02
5.45100e+02
5.45300e+02
5.45500e+02
5.45800e+02
5.45900e+02
5.46300e+02
5.46600e+02
5.47000e+02
5.47100e+02
5.47200e+02
5.47400e+02
5.47600e+02
5.47700e+02
5.47800e+02
5.47900e+02
5.48000e+02
5.48100e+02
5.48200e+02
5.48300e+02
5.48500e+02
5.48700e+02
5.48900e+02
5.49000e+02
5.49200e+02
5.49400e+02
5.49500e+02
5.49800e+02
5.49900e+02
5.50200e+02
5.50600e+02
5.50900e+02
5.51300e+02
5.51400e+02
5.51600e+02
5.51800e+02
5.52000e+02
5.52200e+02
5.52600e+02
5.52900e+02
5.53000e+02
5.53100e+02
5.53200e+02
5.53500e+02
5.53800e+02
5.54400e+02
5.54700e+02
5.54800e+02
5.54900e+02
5.55000e+02
5.55100e+02
5.55300e+02
5.55400e+02
5.55600e+02
5.55800e+02
5.56000e+02
5.56200e+02
5.56600e+02
5.56900e+02
5.57200e+02
5.57500e+02
5.57800e+02
5.58100e+02
5.58200e+02
5.58300e+02
5.58500e+02
5.58700e+02
5.59000e+02
5.59100e+02
5.59200e+02
5.59400e+02
5.59600e+02
5.59800e+02
5.59900e+02
5.60000e+02
5.60100e+02
5.60200e+02
5.60400e+02
5.60700e+02
5.60800e+02
5.60900e+02
5.61000e+02
5.61100e+02
5.61300e+02
5.61500e+02
5.61800e+02
5.62100e+02
5.62200e+02
5.62300e+02
5.62500e+02
5.62700e+02
5.63000e+02
5.63100e+02
5.63200e+02
5.63400e+02
5.63600e+02
5.63800e+02
5.63900e+02
5.64000e+02
5.64100e+02
5.64200e+02
5.64400e+02
5.64700e+02
5.64800e+02
5.64900e+02
5.65000e+02
5.65100e+02
5.65300e+02
5.65500e+02
5.65800e+02
5.66400e+02
5.66700e+02
5.66800e+02
5.66900e+02
5.67000e+02
5.67200e+02
5.67300e+02
5.67400e+02
5.67600e+02
5.67800e+02
5.68000e+02
5.68200e+02
5.68600e+02
5.68900e+02
5.69000e+02
5.69100e+02
5.69300e+02
5.69400e+02
5.69600e+02
5.69800e+02
5.70000e+02
5.70200e+02
5.70600e+02
5.70900e+02
5.71000e+02
5.71100e+02
5.71300e+02
5.71500e+02
5.71800e+02
5.72400e+02
5.72700e+02
5.72800e+02
5.72900e+02
5.73000e+02
5.73200e+02
5.73500e+02
5.73800e+02
5.74100e+02
5.74200e+02
5.74300e+02
5.74500e+02
5.74700e+02
5.75000e+02
5.75100e+02
5.75300e+02
5.75500e+02
5.75700e+02
5.75900e+02
5.76200e+02
5.76400e+02
5.76600e+02
5.76800e+02
5.77000e+02
5.77200e+02
5.77500e+02
5.77700e+02
5.77800e+02
5.77900e+02
5.78000e+02
5.78100e+02
5.78200e+02
5.78300e+02
5.78500e+02
5.78700e+02
5.78900e+02
5.79000e+02
5.79100e+02
5.79200e+02
5.79300e+02
5.79600e+02
5.79800e+02
5.79900e+02
5.80000e+02
5.80100e+02
5.80200e+02
5.80300e+02
5.80500e+02
5.80700e+02
5.80900e+02
5.81000e+02
5.81100e+02
5.81200e+02
5.81300e+02
5.81600e+02
5.81800e+02
5.81900e+02
5.82000e+02
5.82100e+02
5.82200e+02
5.82300e+02
5.82400e+02
5.82700e+02
5.82800e+02
5.82900e+02
5.83000e+02
5.83200e+02
5.83500e+02
5.83700e+02
5.83800e+02
5.83900e+02
5.84000e+02
5.84100e+02
5.84200e+02
5.84300e+02
5.84400e+02
5.84700e+02
5.84800e+02
5.84900e+02
5.85000e+02
5.85100e+02
5.85300e+02
5.85500e+02
5.85900e+02
5.86200e+02
5.86500e+02
5.86800e+02
5.87500e+02
5.87700e+02
5.87900e+02
5.88300e+02
5.88500e+02
5.88800e+02
5.89100e+02
5.89200e+02
5.89400e+02
5.89600e+02
5.89800e+02
5.89900e+02
5.90000e+02
5.90100e+02
5.90200e+02
5.90400e+02
5.90700e+02
5.90800e+02
5.90900e+02
5.91000e+02
5.91100e+02
5.91200e+02
5.91500e+02
5.91800e+02
5.92100e+02
5.92200e+02
5.92300e+02
5.92500e+02
5.92700e+02
5.93000e+02
5.93100e+02
5.93200e+02
5.93400e+02
5.93600e+02
5.93800e+02
5.93900e+02
5.94000e+02
5.94100e+02
5.94200e+02
5.94300e+02
5.94500e+02
5.94700e+02
5.95000e+02
5.95100e+02
5.95300e+02
5.95500e+02
5.95700e+02
5.95900e+02
5.96300e+02
5.96500e+02
5.96800e+02
5.97500e+02
5.97700e+02
5.97900e+02
5.98300e+02
5.98500e+02
5.98800e+02
5.99100e+02
5.99200e+02
5.99400e+02
5.99600e+02
5.99800e+02
5.99900e+02
6.00000e+02
6.00100e+02
6.00200e+02
6.00400e+02
6.00700e+02
6.00800e+02
6.00900e+02
6.01000e+02
6.01200e+02
6.01300e+02
6.01400e+02
6.01600e+02
6.01800e+02
6.02000e+02
6.02200e+02
6.02400e+02
6.02700e+02
6.03500e+02
6.03800e+02
6.03900e+02
6.04200e+02
6.04600e+02
6.04900e+02
6.05200e+02
6.05500e+02
6.05800e+02
6.06400e+02
6.06700e+02
6.06800e+02
6.06900e+02
6.07000e+02
6.07100e+02
6.07200e+02
6.07300e+02
6.07400e+02
6.07600e+02
6.07800e+02
6.08000e+02
6.08200e+02
6.08600e+02
6.08900e+02
6.09000e+02
6.09100e+02
6.09300e+02
6.09500e+02
6.09800e+02
6.10400e+02
6.10700e+02
6.10800e+02
6.10900e+02
6.11000e+02
6.11200e+02
6.11500e+02
6.11800e+02
6.12400e+02
6.12700e+02
6.12800e+02
6.12900e+02
6.13000e+02
6.13100e+02
6.13200e+02
6.13500e+02
6.13800e+02
6.14400e+02
6.14700e+02
6.14800e+02
6.14900e+02
6.15000e+02
6.15100e+02
6.15300e+02
6.15400e+02
6.15600e+02
6.15800e+02
6.16000e+02
6.16200e+02
6.16400e+02
6.16700e+02
6.17500e+02
6.17800e+02
6.17900e+02
6.18300e+02
6.18600e+02
6.19000e+02
6.19100e+02
6.19200e+02
6.19400e+02
6.19600e+02
6.19700e+02
6.19800e+02
6.19900e+02
6.20000e+02
6.20100e+02
6.20200e+02
6.20400e+02
6.20700e+02
6.20800e+02
6.21000e+02
6.21100e+02
6.21200e+02
6.21300e+02
6.21400e+02
6.21600e+02
6.21800e+02
6.22400e+02
6.22600e+02
6.22900e+02
6.23100e+02
6.23300e+02
6.23600e+02
6.23900e+02
6.24000e+02
6.24100e+02
6.24200e+02
6.24400e+02
6.24700e+02
6.24800e+02
6.25000e+02
6.25100e+02
6.25200e+02
6.25300e+02
6.25400e+02
6.25600e+02
6.25800e+02
6.26100e+02
6.26300e+02
6.26500e+02
6.26700e+02
6.27000e+02
6.27100e+02
6.27500e+02
6.27700e+02
6.27900e+02
6.28200e+02
6.28400e+02
6.28600e+02
6.28900e+02
6.29000e+02
6.29100e+02
6.29200e+02
6.29300e+02
6.29400e+02
6.29600e+02
6.29800e+02
6.30100e+02
6.30300e+02
6.30500e+02
6.30700e+02
6.31000e+02
6.31200e+02
6.31400e+02
6.31600e+02
6.31800e+02
6.31900e+02
6.32000e+02
6.32100e+02
6.32200e+02
6.32300e+02
6.32500e+02
6.32600e+02
6.32800e+02
6.32900e+02
6.33000e+02
6.33100e+02
6.33500e+02
6.33700e+02
6.33900e+02
6.34200e+02
6.34400e+02
6.34600e+02
6.34900e+02
6.35100e+02
6.35300e+02
6.35600e+02
6.35900e+02
6.36000e+02
6.36100e+02
6.36200e+02
6.36300e+02
6.36500e+02
6.36700e+02
6.36900e+02
6.37000e+02
6.37200e+02
6.37400e+02
6.37500e+02
6.37800e+02
6.37900e+02
6.38200e+02
6.38600e+02
6.38900e+02
6.39000e+02
6.39200e+02
6.39300e+02
6.39400e+02
6.39600e+02
6.39800e+02
6.40000e+02
6.40200e+02
6.40600e+02
6.40900e+02
6.41300e+02
6.41400e+02
6.41600e+02
6.41800e+02
6.42000e+02
6.42200e+02
6.42600e+02
6.42900e+02
6.43200e+02
6.43500e+02
6.43800e+02
6.44100e+02
6.44200e+02
6.44300e+02
6.44500e+02
6.44700e+02
6.45000e+02
6.45100e+02
6.45200e+02
6.45400e+02
6.45600e+02
6.45800e+02
6.45900e+02
6.46000e+02
6.46100e+02
6.46200e+02
6.46400e+02
6.46700e+02
6.46800e+02
6.46900e+02
6.47300e+02
6.47500e+02
6.47800e+02
6.48100e+02
6.48200e+02
6.48300e+02
6.48500e+02
6.48700e+02
6.49000e+02
6.49100e+02
6.49200e+02
6.49400e+02
6.49600e+02
6.49800e+02
6.49900e+02
6.50000e+02
6.50100e+02
6.50200e+02
6.50400e+02
6.50700e+02
6.50800e+02
6.50900e+02
6.51000e+02
6.51200e+02
6.51500e+02
6.51800e+02
6.52400e+02
6.52700e+02
6.52800e+02
6.52900e+02
6.53000e+02
6.53100e+02
6.53200e+02
6.53300e+02
6.53400e+02
6.53600e+02
6.53800e+02
6.54000e+02
6.54200e+02
6.54600e+02
6.54900e+02
6.55200e+02
6.55500e+02
6.55800e+02
6.56400e+02
6.56700e+02
6.56800e+02
6.56900e+02
6.57000e+02
6.57100e+02
6.57300e+02
6.57500e+02
6.57800e+02
6.58100e+02
6.58200e+02
6.58300e+02
6.58500e+02
6.58700e+02
6.59000e+02
6.59100e+02
6.59300e+02
6.59500e+02
6.59700e+02
6.59900e+02
6.60200e+02
6.60400e+02
6.60600e+02
6.60800e+02
6.61000e+02
6.61200e+02
6.61500e+02
6.61700e+02
6.61800e+02
6.61900e+02
6.62000e+02
6.62100e+02
6.62200e+02
6.62300e+02
6.62500e+02
6.62700e+02
6.62900e+02
6.63000e+02
6.63100e+02
6.63200e+02
6.63300e+02
6.63600e+02
6.63800e+02
6.63900e+02
6.64000e+02
6.64100e+02
6.64200e+02
6.64300e+02
6.64400e+02
6.64700e+02
6.64800e+02
6.64900e+02
6.65000e+02
6.65100e+02
6.65300e+02
6.65600e+02
6.65900e+02
6.66000e+02
6.66100e+02
6.66200e+02
6.66300e+02
6.66500e+02
6.66700e+02
6.66900e+02
6.67000e+02
6.67100e+02
6.67200e+02
6.67300e+02
6.67600e+02
6.67800e+02
6.67900e+02
6.68000e+02
6.68100e+02
6.68200e+02
6.68300e+02
6.68500e+02
6.68700e+02
6.68900e+02
6.69000e+02
6.69100e+02
6.69200e+02
6.69300e+02
6.69600e+02
6.69800e+02
6.69900e+02
6.70000e+02
6.70100e+02
6.70200e+02
6.70300e+02
6.70500e+02
6.70700e+02
6.70900e+02
6.71000e+02
6.71100e+02
6.71200e+02
6.71500e+02
6.71800e+02
6.71900e+02
6.72200e+02
6.72300e+02
6.72600e+02
6.72900e+02
6.73300e+02
6.73500e+02
6.73800e+02
6.73900e+02
6.74200e+02
6.74400e+02
6.74500e+02
6.74800e+02
6.75100e+02
6.75200e+02
6.75300e+02
6.75600e+02
6.75800e+02
6.75900e+02
6.76000e+02
6.76100e+02
6.76200e+02
6.76300e+02
6.76400e+02
6.76700e+02
6.76800e+02
6.76900e+02
6.77000e+02
6.77100e+02
6.77200e+02
6.77500e+02
6.77700e+02
6.77800e+02
6.77900e+02
6.78000e+02
6.78100e+02
6.78200e+02
6.78300e+02
6.78400e+02
6.78700e+02
6.78800e+02
6.78900e+02
6.79000e+02
6.79100e+02
6.79300e+02
6.79500e+02
6.79900e+02
6.80200e+02
6.80500e+02
6.80800e+02
6.81500e+02
6.81700e+02
6.81900e+02
6.82200e+02
6.82400e+02
6.82600e+02
6.82800e+02
6.83000e+02
6.83100e+02
6.83300e+02
6.83500e+02
6.83900e+02
6.84200e+02
6.84500e+02
6.84800e+02
6.85500e+02
6.85700e+02
6.85900e+02
6.86200e+02
6.86400e+02
6.86600e+02
6.86800e+02
6.87000e+02
6.87200e+02
6.87500e+02
6.87700e+02
6.87800e+02
6.87900e+02
6.88000e+02
6.88100e+02
6.88200e+02
6.88300e+02
6.88400e+02
6.88700e+02
6.88800e+02
6.88900e+02
6.89000e+02
6.89100e+02
6.89300e+02
6.89500e+02
6.89900e+02
6.90200e+02
6.90500e+02
6.90800e+02
6.91500e+02
6.91700e+02
6.91900e+02
6.92200e+02
6.92400e+02
6.92600e+02
6.92800e+02
6.93000e+02
6.93100e+02
6.93300e+02
6.93500e+02
6.93900e+02
6.94400e+02
6.94600e+02
6.94800e+02
6.95000e+02
6.95100e+02
6.95300e+02
6.95500e+02
6.95900e+02
6.96200e+02
6.96500e+02
6.96800e+02
6.97100e+02
6.97200e+02
6.97400e+02
6.97600e+02
6.97800e+02
6.97900e+02
6.98000e+02
6.98100e+02
6.98200e+02
6.98300e+02
6.98500e+02
6.98700e+02
6.99000e+02
6.99100e+02
6.99300e+02
6.99500e+02
6.99800e+02
6.99900e+02
7.00200e+02
7.00400e+02
7.00600e+02
7.00800e+02
7.01000e+02
7.01200e+02
7.01500e+02
7.01700e+02
7.01800e+02
7.01900e+02
7.02000e+02
7.02100e+02
7.02200e+02
7.02300e+02
7.02500e+02
7.02700e+02
7.02900e+02
7.03000e+02
7.03100e+02
7.03200e+02
7.03300e+02
7.03600e+02
7.03800e+02
7.03900e+02
7.04000e+02
7.04100e+02
7.04200e+02
7.04300e+02
7.04400e+02
7.04700e+02
7.04800e+02
7.04900e+02
7.05000e+02
7.05200e+02
7.05500e+02
7.05700e+02
7.05800e+02
7.05900e+02
7.06000e+02
7.06100e+02
7.06200e+02
7.06300e+02
7.06400e+02
7.06700e+02
7.06800e+02
7.06900e+02
7.07000e+02
7.07100e+02
7.07300e+02
7.07600e+02
7.07900e+02
7.08000e+02
7.08100e+02
7.08200e+02
7.08300e+02
7.08500e+02
7.08700e+02
7.08900e+02
7.09000e+02
7.09100e+02
7.09200e+02
7.09300e+02
7.09600e+02
7.09800e+02
7.09900e+02
7.10000e+02
7.10100e+02
7.10200e+02
7.10300e+02
7.10500e+02
7.10700e+02
7.10900e+02
7.11000e+02
7.11100e+02
7.11200e+02
7.11500e+02
7.11800e+02
7.11900e+02
7.12300e+02
7.12600e+02
7.12800e+02
7.13500e+02
7.13800e+02
7.13900e+02
7.14300e+02
7.14600e+02
7.14800e+02
7.15100e+02
7.15200e+02
7.15300e+02
7.15600e+02
7.15800e+02
7.15900e+02
7.16000e+02
7.16100e+02
7.16200e+02
7.16300e+02
7.16400e+02
7.16700e+02
7.16800e+02
7.16900e+02
7.17000e+02
7.17100e+02
7.17300e+02
7.17500e+02
7.17900e+02
7.18400e+02
7.18600e+02
7.18800e+02
7.19000e+02
7.19100e+02
7.19200e+02
7.19500e+02
7.19700e+02
7.19800e+02
7.19900e+02
7.20000e+02
7.20100e+02
7.20200e+02
7.20300e+02
7.20400e+02
7.20700e+02
7.20800e+02
7.20900e+02
7.21000e+02
7.21100e+02
7.21300e+02
7.21600e+02
7.21900e+02
7.22000e+02
7.22100e+02
7.22200e+02
7.22300e+02
7.22400e+02
7.22700e+02
7.22800e+02
7.22900e+02
7.23000e+02
7.23200e+02
7.23500e+02
7.23700e+02
7.23800e+02
7.23900e+02
7.24000e+02
7.24100e+02
7.24200e+02
7.24300e+02
7.24500e+02
7.24700e+02
7.24900e+02
7.25000e+02
7.25100e+02
7.25200e+02
7.25300e+02
7.25600e+02
7.25800e+02
7.25900e+02
7.26000e+02
7.26100e+02
7.26200e+02
7.26300e+02
7.26400e+02
7.26700e+02
7.26800e+02
7.26900e+02
7.27000e+02
7.27100e+02
7.27300e+02
7.27500e+02
7.27900e+02
7.28400e+02
7.28600e+02
7.28800e+02
7.29000e+02
7.29100e+02
7.29300e+02
7.29500e+02
7.29900e+02
7.30400e+02
7.30600e+02
7.30800e+02
7.31000e+02
7.31100e+02
7.31300e+02
7.31500e+02
7.31900e+02
7.32400e+02
7.32600e+02
7.32800e+02
7.33000e+02
7.33100e+02
7.33200e+02
7.33500e+02
7.33700e+02
7.33800e+02
7.33900e+02
7.34000e+02
7.34100e+02
7.34200e+02
7.34300e+02
7.34500e+02
7.34700e+02
7.34900e+02
7.35000e+02
7.35100e+02
7.35200e+02
7.35300e+02
7.35600e+02
7.35800e+02
7.35900e+02
7.36000e+02
7.36100e+02
7.36200e+02
7.36300e+02
7.36400e+02
7.36700e+02
7.36800e+02
7.36900e+02
7.37000e+02
7.37200e+02
7.37500e+02
7.37700e+02
7.37800e+02
7.37900e+02
7.38000e+02
7.38100e+02
7.38200e+02
7.38300e+02
7.38500e+02
7.38700e+02
7.38900e+02
7.39000e+02
7.39100e+02
7.39200e+02
7.39300e+02
7.39600e+02
7.39800e+02
7.39900e+02
7.40000e+02
7.40100e+02
7.40200e+02
7.40300e+02
7.40500e+02
7.40700e+02
7.40900e+02
7.41000e+02
7.41100e+02
7.41200e+02
7.41500e+02
7.41800e+02
7.41900e+02
7.42200e+02
7.42300e+02
7.42600e+02
7.42900e+02
7.43000e+02
7.43100e+02
7.43400e+02
7.43600e+02
7.43900e+02
7.44400e+02
7.44600e+02
7.44900e+02
7.45000e+02
7.45200e+02
7.45400e+02
7.45600e+02
7.45700e+02
7.46000e+02
7.46100e+02
7.46200e+02
7.46400e+02
7.46700e+02
7.46900e+02
7.47000e+02
7.47200e+02
7.47400e+02
7.47600e+02
7.47900e+02
7.48000e+02
7.48100e+02
7.48200e+02
7.48300e+02
7.48500e+02
7.48700e+02
7.49000e+02
7.49100e+02
7.49200e+02
7.49400e+02
7.49600e+02
7.49800e+02
7.49900e+02
7.50000e+02
7.50100e+02
7.50200e+02
7.50400e+02
7.50700e+02
7.50900e+02
7.51000e+02
7.51100e+02
7.51300e+02
7.51500e+02
7.51800e+02
7.51900e+02
7.52400e+02
7.52600e+02
7.52900e+02
7.53300e+02
7.53500e+02
7.53800e+02
7.53900e+02
7.54200e+02
7.54400e+02
7.54500e+02
7.54800e+02
7.55500e+02
7.55800e+02
7.55900e+02
7.56200e+02
7.56300e+02
7.56600e+02
7.56900e+02
7.57000e+02
7.57200e+02
7.57400e+02
7.57600e+02
7.57700e+02
7.58000e+02
7.58100e+02
7.58200e+02
7.58300e+02
7.58500e+02
7.58700e+02
7.59000e+02
7.59100e+02
7.59300e+02
7.59500e+02
7.59700e+02
7.59800e+02
7.59900e+02
7.60200e+02
7.60400e+02
7.60500e+02
7.60600e+02
7.60900e+02
7.61200e+02
7.61500e+02
7.61700e+02
7.62000e+02
7.62200e+02
7.62400e+02
7.62700e+02
7.63000e+02
7.63100e+02
7.63200e+02
7.63400e+02
7.63600e+02
7.63800e+02
7.63900e+02
