0.00000e+00 0.0000000000e+00 0.0000000000e+00
1.00000e+00 8.7583874367e-01 8.7583874367e-01
2.00000e+00 1.7588789370e+00 8.8304019328e-01
3.00000e+00 2.5911270948e+00 1.7144053110e+00
4.00000e+00 3.4535053540e+00 1.7373411641e+00
5.00000e+00 4.3539138008e+00 9.0040844684e-01
6.00000e+00 5.1887990163e+00 2.5475761211e+00
7.00000e+00 6.0188149962e+00 3.3750445249e+00
8.00000e+00 6.8908310600e+00 1.7715241022e+00
9.00000e+00 7.7497226162e+00 2.5035116544e+00
1.00000e+01 8.6032425926e+00 2.4825120553e+00
1.10000e+01 9.4565647767e+00 1.6991842042e+00
1.20000e+01 1.0313206971e+01 1.6807355538e+00
1.30000e+01 1.1122620152e+01 8.3061169315e-01
1.40000e+01 1.1886472085e+01 4.1245119700e+00
1.50000e+01 1.2637883760e+01 5.7315642121e+00
1.60000e+01 1.3365143505e+01 3.2158890318e+00
1.70000e+01 1.4071363212e+01 4.0171939837e+00
1.80000e+01 1.4825628878e+01 1.4932080847e+00
1.90000e+01 1.5621739076e+01 5.7211985923e-02
2.00000e+01 1.6348614911e+01 3.0542129374e+00
2.10000e+01 1.7009472473e+01 1.4463527316e+00
2.20000e+01 1.7665185801e+01 9.8552338610e-02
2.30000e+01 1.8344706734e+01 2.9088707013e+00
2.40000e+01 1.8967065004e+01 1.3403888139e+00
2.50000e+01 1.9534546489e+01 1.9182986342e-01
2.60000e+01 2.0056881016e+01 4.2323224239e+00
2.70000e+01 2.0681653206e+01 5.8640181784e+00
2.80000e+01 2.1373003138e+01 4.3841220320e+00
2.90000e+01 2.2046348970e+01 1.3481028431e+00
3.00000e+01 2.2695503032e+01 1.2560642761e+00
3.10000e+01 2.3293438802e+01 1.1041223109e+00
3.20000e+01 2.3869664864e+01 2.6132801804e+00
3.30000e+01 2.4459148529e+01 1.1557165251e+00
3.40000e+01 2.4994947899e+01 1.1335469163e-01
3.50000e+01 2.5481982296e+01 1.4260975018e+00
3.60000e+01 2.5926096270e+01 2.4494690396e+00
3.70000e+01 2.6364198671e+01 8.6108870092e-01
3.80000e+01 2.6851421892e+01 1.0655579665e+00
3.90000e+01 2.7358149269e+01 1.9599762404e-01
4.00000e+01 2.7798001345e+01 1.8710633922e+00
4.10000e+01 2.8189327024e+01 1.0769498965e-01
4.20000e+01 2.8583558439e+01 2.8879343131e-01
4.30000e+01 2.8984323397e+01 1.7632299090e+00
4.40000e+01 2.9328540306e+01 1.1952128173e-02
4.50000e+01 2.9633088935e+01 2.4124876292e-01
4.60000e+01 2.9939390219e+01 1.6735365479e+00
4.70000e+01 3.0244887358e+01 8.3327642196e-02
4.80000e+01 3.0495696312e+01 3.3441546902e-01
4.90000e+01 3.0757977440e+01 2.3261272628e+00
5.00000e+01 3.1058794824e+01 3.5932037394e+00
5.10000e+01 3.1376209860e+01 6.0177821341e+00
5.20000e+01 3.1700063494e+01 1.0967577213e+00
5.30000e+01 3.2083007591e+01 1.0368846978e+00
5.40000e+01 3.2520800245e+01 8.1899063019e-01
5.50000e+01 3.2955462053e+01 1.1724677165e-01
5.60000e+01 3.3382719255e+01 1.1392513811e+00
5.70000e+01 3.3878810918e+01 9.3131920585e-01
5.80000e+01 3.4429954819e+01 2.3048077148e-01
5.90000e+01 3.4962257334e+01 1.8573679803e+00
6.00000e+01 3.5468429733e+01 2.7118098126e+00
6.10000e+01 3.5926323736e+01 2.3871184678e+00
6.20000e+01 3.6362763139e+01 1.9024044164e+00
6.30000e+01 3.6798229605e+01 1.9013066708e+00
6.40000e+01 3.7237033964e+01 8.4540459244e-01
6.50000e+01 3.7680270382e+01 6.5538824723e-01
6.60000e+01 3.8064676047e+01 1.2176673354e-01
6.70000e+01 3.8454221791e+01 7.4651374966e-01
6.80000e+01 3.8881281961e+01 1.7753216332e+00
6.90000e+01 3.9318569350e+01 8.4638011001e-01
7.00000e+01 3.9757019320e+01 1.6873478903e+00
7.10000e+01 4.0168151610e+01 2.0023564798e+00
7.20000e+01 4.0564996126e+01 1.1412664149e+00
7.30000e+01 4.0960848866e+01 7.6138794810e-01
7.40000e+01 4.1410006707e+01 8.5588721186e-01
7.50000e+01 4.1873515625e+01 1.0493644674e+00
7.60000e+01 4.2306944666e+01 8.6637719705e-01
7.70000e+01 4.2756526508e+01 8.6732577753e-01
7.80000e+01 4.3192235936e+01 7.9949147232e-01
7.90000e+01 4.3694997547e+01 2.1294636203e+00
8.00000e+01 4.4206854815e+01 3.0005529950e+00
8.10000e+01 4.4712486647e+01 9.8417490931e-01
8.20000e+01 4.5225142452e+01 9.8398927117e-01
8.30000e+01 4.5734219303e+01 9.8645030137e-01
8.40000e+01 4.6248261151e+01 9.8684989409e-01
8.50000e+01 4.6758966874e+01 9.8749191614e-01
8.60000e+01 4.7273878651e+01 9.8737435425e-01
8.70000e+01 4.7725215529e+01 8.5417611871e-01
8.80000e+01 4.8168028058e+01 8.6011313952e-01
8.90000e+01 4.8619730337e+01 4.7902641758e+00
9.00000e+01 4.9048722342e+01 4.7810368749e+00
9.10000e+01 4.9499831040e+01 8.6077988208e-01
9.20000e+01 4.9943894654e+01 3.1473489242e+00
9.30000e+01 5.0451030171e+01 1.8225126169e+00
9.40000e+01 5.0966585059e+01 1.8213332148e+00
9.50000e+01 5.1410886660e+01 3.1371662981e+00
9.60000e+01 5.1819803591e+01 1.7855434211e+00
9.70000e+01 5.2223234077e+01 1.7428867627e+00
9.80000e+01 5.2675140068e+01 3.9425835180e+00
9.90000e+01 5.3126979929e+01 4.7897657455e+00
1.00000e+02 5.3578034109e+01 1.7105532153e+00
1.01000e+02 5.4041306616e+01 1.8310821085e+00
1.02000e+02 5.4439192760e+01 6.5114136486e-01
1.03000e+02 5.4789036729e+01 8.0486249878e-01
1.04000e+02 5.5140025018e+01 1.7780108278e-02
1.05000e+02 5.5492165972e+01 5.3935867100e-01
1.06000e+02 5.5786182957e+01 7.0018847656e-01
1.07000e+02 5.6042221933e+01 7.6042664381e-02
1.08000e+02 5.6300187141e+01 4.4579623161e-01
1.09000e+02 5.6552180155e+01 5.9934034847e-01
1.10000e+02 5.6748134648e+01 1.7402911377e-01
1.11000e+02 5.6912974718e+01 3.5415152869e-01
1.12000e+02 5.7081829554e+01 5.0963063626e-01
1.13000e+02 5.7238500894e+01 2.6917675950e-01
1.14000e+02 5.7379162464e+01 2.4095733295e+00
1.15000e+02 5.7558987903e+01 1.5586683616e+00
1.16000e+02 5.7735225864e+01 1.6180195294e+00
1.17000e+02 5.7957168619e+01 2.1219709942e+00
1.18000e+02 5.8193247166e+01 6.6307195495e-01
1.19000e+02 5.8373704829e+01 5.2473859826e-01
1.20000e+02 5.8563314242e+01 3.2245795076e-01
1.21000e+02 5.8744816430e+01 6.8723973145e-01
1.22000e+02 5.8867461535e+01 1.4162989451e-01
1.23000e+02 5.8960627475e+01 2.3484376973e-01
1.24000e+02 5.9029777875e+01 6.5173522533e-01
1.25000e+02 5.9158656103e+01 4.5960832935e-01
1.26000e+02 5.9346617756e+01 7.3385257336e-01
1.27000e+02 5.9544556880e+01 4.5491590151e-01
1.28000e+02 5.9740141115e+01 1.2643383489e-01
1.29000e+02 5.9919061810e+01 3.2672887939e-01
1.30000e+02 6.0089566668e+01 3.0132277324e-01
1.31000e+02 6.0337638801e+01 2.9963976878e-01
1.32000e+02 6.0648777800e+01 4.6169679701e-01
1.33000e+02 6.0958408655e+01 5.3902058159e-01
1.34000e+02 6.1279348783e+01 1.1242732619e+00
1.35000e+02 6.1588306265e+01 9.1062452326e-01
1.36000e+02 6.1838884347e+01 6.8894405308e-01
1.37000e+02 6.2051343332e+01 9.1571315413e-01
1.38000e+02 6.2230620446e+01 9.2356969667e-01
1.39000e+02 6.2404467868e+01 3.0288115100e-01
1.40000e+02 6.2620639784e+01 7.2055324743e-02
1.41000e+02 6.2828237809e+01 5.4785313043e-02
1.42000e+02 6.2967424737e+01 1.1059845575e+00
1.43000e+02 6.3074340450e+01 6.6931709655e-02
1.44000e+02 6.3188823059e+01 1.3440219528e-01
1.45000e+02 6.3286519150e+01 9.9497663924e-01
1.46000e+02 6.3326009975e+01 1.6656088161e-01
1.47000e+02 6.3379270660e+01 1.2514820500e+00
1.48000e+02 6.3467117705e+01 1.2871536293e+00
1.49000e+02 6.3578033434e+01 7.2393100104e-01
1.50000e+02 6.3718591632e+01 9.9803961269e-01
1.51000e+02 6.3831142952e+01 1.4926898762e-01
1.52000e+02 6.3891152004e+01 6.2652298938e-02
1.53000e+02 6.3926068135e+01 3.7729821587e-01
1.54000e+02 6.3962485639e+01 4.4979023161e-02
1.55000e+02 6.4010489586e+01 4.3132006028e-01
1.56000e+02 6.4069564523e+01 5.5669502673e-02
1.57000e+02 6.4129077525e+01 6.7122888405e-02
1.58000e+02 6.4149707565e+01 4.5398733557e-01
1.59000e+02 6.4163647686e+01 7.9571867443e-02
1.60000e+02 6.4228494608e+01 7.2827749790e-02
1.61000e+02 6.4261985526e+01 7.9060401449e-02
1.62000e+02 6.4224495714e+01 3.1678027707e-01
1.63000e+02 6.4167194557e+01 1.5136443252e-03
1.64000e+02 6.4094340579e+01 1.2479591436e-02
1.65000e+02 6.4067200221e+01 2.9865209962e-01
1.66000e+02 6.4098996626e+01 1.9313691322e-01
1.67000e+02 6.4149681830e+01 6.3927123647e-02
1.68000e+02 6.4201231779e+01 1.2440392675e-01
1.69000e+02 6.4239410941e+01 9.5480318095e-02
1.70000e+02 6.4315601104e+01 7.5206438283e-02
1.71000e+02 6.4396579023e+01 1.0542394697e-01
1.72000e+02 6.4482246755e+01 1.1479609228e-01
1.73000e+02 6.4530427237e+01 2.0763333931e-01
1.74000e+02 6.4510300731e+01 1.1426027513e-01
1.75000e+02 6.4468993954e+01 1.1032658929e-01
1.76000e+02 6.4438897891e+01 1.1576379517e-01
1.77000e+02 6.4421460414e+01 9.9382131475e-02
1.78000e+02 6.4370633731e+01 1.0322446870e-01
1.79000e+02 6.4357180571e+01 1.2838591025e-01
1.80000e+02 6.4363667005e+01 1.3682920265e-01
1.81000e+02 6.4325234815e+01 1.1277344463e-01
1.82000e+02 6.4301688792e+01 9.2732709606e-02
1.83000e+02 6.4252844219e+01 3.9114622049e-02
1.84000e+02 6.4186149461e+01 2.8592192707e-02
1.85000e+02 6.4125750710e+01 1.1554178604e-02
1.86000e+02 6.4032022703e+01 2.1287511223e-01
1.87000e+02 6.3949311152e+01 9.7821991647e-02
1.88000e+02 6.3886514050e+01 3.8976558240e-03
1.89000e+02 6.3825277077e+01 1.6164774083e-01
1.90000e+02 6.3761784396e+01 6.9557858438e-04
1.91000e+02 6.3743047314e+01 2.9597695102e-02
1.92000e+02 6.3754427048e+01 5.3576602245e-03
1.93000e+02 6.3718444734e+01 2.4559776366e-02
1.94000e+02 6.3629634544e+01 4.9178162058e-03
1.95000e+02 6.3525060540e+01 9.4439903982e-02
1.96000e+02 6.3423246432e+01 1.1319384214e-01
1.97000e+02 6.3283297463e+01 1.0396665511e-01
1.98000e+02 6.3128338753e+01 1.2103412708e-01
1.99000e+02 6.3027599618e+01 8.2002052127e-02
2.00000e+02 6.2926129318e+01 2.5764975278e-01
2.01000e+02 6.2813002605e+01 1.8062294158e-01
2.02000e+02 6.2696260746e+01 1.0077099309e-01
2.03000e+02 6.2617747213e+01 3.8848043877e-02
2.04000e+02 6.2599777930e+01 5.5069377493e-02
2.05000e+02 6.2603024064e+01 6.8084964093e-02
2.06000e+02 6.2603651920e+01 7.8560518356e-02
2.07000e+02 6.2639546535e+01 1.1440814830e-01
2.08000e+02 6.2729800468e+01 4.0206336710e-02
2.09000e+02 6.2809074637e+01 1.9349048403e-01
2.10000e+02 6.2853861557e+01 2.9236755375e-02
2.11000e+02 6.2867470755e+01 1.2673591162e-01
2.12000e+02 6.2850892134e+01 9.7087264280e-02
2.13000e+02 6.2829151668e+01 3.5349665109e-02
2.14000e+02 6.2841640599e+01 8.2365007882e-02
2.15000e+02 6.2825042941e+01 8.7176590912e-02
2.16000e+02 6.2741009952e+01 1.2881990798e-01
2.17000e+02 6.2671329964e+01 8.5062320982e-02
2.18000e+02 6.2634096232e+01 9.6578180624e-02
2.19000e+02 6.2623544260e+01 6.8484536444e-02
2.20000e+02 6.2625486615e+01 6.0611592281e-02
2.21000e+02 6.2662164550e+01 9.8763208701e-03
2.22000e+02 6.2750456686e+01 1.6303243502e-01
2.23000e+02 6.2852508818e+01 1.1260410446e-01
2.24000e+02 6.2976954464e+01 1.7486536865e-01
2.25000e+02 6.3068103327e+01 1.6543908483e-01
2.26000e+02 6.3100200377e+01 4.1019224509e-02
2.27000e+02 6.3106878843e+01 2.8539207898e-01
2.28000e+02 6.3115038555e+01 1.0101035648e-01
2.29000e+02 6.3092807362e+01 1.1338005511e-01
2.30000e+02 6.3052604597e+01 1.6003400774e-02
2.31000e+02 6.3059562901e+01 2.1312671112e-02
2.32000e+02 6.3089242209e+01 1.5047339830e-02
2.33000e+02 6.3118117151e+01 6.8843454695e-03
2.34000e+02 6.3112840292e+01 2.7788747354e-01
2.35000e+02 6.3141084108e+01 1.3844788602e-01
2.36000e+02 6.3233298259e+01 1.1800301873e-01
2.37000e+02 6.3315652673e+01 2.0648322427e-01
2.38000e+02 6.3361441014e+01 2.9477622415e-01
2.39000e+02 6.3378266065e+01 4.0287913194e-02
2.40000e+02 6.3388116859e+01 1.0974848777e-01
2.41000e+02 6.3368706055e+01 5.4586835374e-02
2.42000e+02 6.3331525389e+01 6.1227523194e-02
2.43000e+02 6.3341764701e+01 9.1003109110e-02
2.44000e+02 6.3349297759e+01 2.7437709098e-02
2.45000e+02 6.3385458994e+01 1.7298081796e-01
2.46000e+02 6.3476589329e+01 1.5105581314e-01
2.47000e+02 6.3584413574e+01 9.7584933335e-02
2.48000e+02 6.3689994120e+01 1.6832745570e-01
2.49000e+02 6.3777863583e+01 2.1179326805e-01
2.50000e+02 6.3856589823e+01 1.1444720131e-01
2.51000e+02 6.3996952616e+01 1.4676163649e-01
2.52000e+02 6.4148986133e+01 2.8289239270e-01
2.53000e+02 6.4244145071e+01 1.2162223006e-01
2.54000e+02 6.4318168318e+01 1.1679761440e-01
2.55000e+02 6.4454836421e+01 2.3635473153e-01
2.56000e+02 6.4603073896e+01 2.3232233438e-01
2.57000e+02 6.4748394413e+01 2.4074242616e-01
2.58000e+02 6.4926164423e+01 1.8412702437e-01
2.59000e+02 6.5096804049e+01 7.0474994211e-01
2.60000e+02 6.5245104443e+01 2.4056460394e-01
2.61000e+02 6.5357397080e+01 1.3381451508e-01
2.62000e+02 6.5433509236e+01 3.6252172943e-01
2.63000e+02 6.5565150615e+01 2.2664490124e-01
2.64000e+02 6.5746710671e+01 5.8760307609e-01
2.65000e+02 6.5917963396e+01 2.9943203620e-01
2.66000e+02 6.6060801738e+01 2.2095620370e-01
2.67000e+02 6.6168711343e+01 3.5777617570e-01
2.68000e+02 6.6263884697e+01 1.0339681082e+00
2.69000e+02 6.6368732654e+01 1.0299578522e+00
2.70000e+02 6.6444653414e+01 2.2622686041e-01
2.71000e+02 6.6568878006e+01 2.1331845963e-01
2.72000e+02 6.6755032691e+01 4.4970949312e-01
2.73000e+02 6.6950775701e+01 9.0895053295e-02
2.74000e+02 6.7139361825e+01 3.2577050525e-01
2.75000e+02 6.7377272775e+01 4.0070579215e-01
2.76000e+02 6.7669230917e+01 1.9660761521e-01
2.77000e+02 6.7963129935e+01 3.0645727158e-01
2.78000e+02 6.8268851606e+01 7.5348554925e-01
2.79000e+02 6.8556784782e+01 7.6235124294e-01
2.80000e+02 6.8786281400e+01 7.0006850353e-01
2.81000e+02 6.8979406898e+01 1.1810920605e+00
2.82000e+02 6.9138673327e+01 8.4173415597e-01
2.83000e+02 6.9359684891e+01 3.9544961598e-01
2.84000e+02 6.9636649905e+01 5.0980934512e-01
2.85000e+02 6.9918032048e+01 8.2837554683e-01
2.86000e+02 7.0213429168e+01 8.1722262051e-01
2.87000e+02 7.0491785864e+01 4.9972305534e-01
2.88000e+02 7.0712832798e+01 4.6229908025e-01
2.89000e+02 7.0939393806e+01 4.6738622515e-01
2.90000e+02 7.1170132355e+01 4.0091585580e-01
2.91000e+02 7.1400435013e+01 4.0425659010e-01
2.92000e+02 7.1633551345e+01 4.0623011685e-01
2.93000e+02 7.1812530175e+01 8.0225872985e-01
2.94000e+02 7.1985946897e+01 1.2198039820e-01
2.95000e+02 7.2169816283e+01 3.0057260106e-01
2.96000e+02 7.2326246630e+01 7.9862038942e-01
2.97000e+02 7.2472680529e+01 2.4533306239e-01
2.98000e+02 7.2665108824e+01 3.1928360152e-01
2.99000e+02 7.2842348498e+01 8.7369704396e-01
3.00000e+02 7.2948973784e+01 1.2497658028e-01
3.01000e+02 7.3065851209e+01 4.1725025660e-01
3.02000e+02 7.3190900441e+01 1.8378932617e-01
3.03000e+02 7.3268411795e+01 6.8922544300e-02
3.04000e+02 7.3348223209e+01 3.5026225751e-01
3.05000e+02 7.3412505717e+01 1.9549997398e-01
3.06000e+02 7.3459550747e+01 1.3374311696e+00
3.07000e+02 7.3511847002e+01 4.0836279838e-02
3.08000e+02 7.3535969036e+01 1.0092719795e-01
3.09000e+02 7.3569250962e+01 1.5283257002e-01
3.10000e+02 7.3605362092e+01 1.6466883322e-01
3.11000e+02 7.3598172563e+01 1.8443901885e-01
3.12000e+02 7.3569735471e+01 3.7826540707e-01
3.13000e+02 7.3594039701e+01 1.8776663158e-03
3.14000e+02 7.3668492931e+01 6.8203643034e-02
3.15000e+02 7.3757785963e+01 6.8304719827e-01
3.16000e+02 7.3873136733e+01 2.7163927473e-01
3.17000e+02 7.3958154314e+01 1.0085676410e-01
3.18000e+02 7.3986559192e+01 5.8304625878e-03
3.19000e+02 7.3990369606e+01 2.8236757812e-01
3.20000e+02 7.3996404741e+01 8.5597291712e-03
3.21000e+02 7.4014033235e+01 8.2404689321e-02
3.22000e+02 7.4042346945e+01 2.2278575548e-02
3.23000e+02 7.4025842155e+01 1.0152237049e-01
3.24000e+02 7.3945316793e+01 3.1364978101e-02
3.25000e+02 7.3880700510e+01 3.1640435950e-02
3.26000e+02 7.3824750356e+01 2.4575207712e-02
3.27000e+02 7.3772782462e+01 1.2648389923e-02
3.28000e+02 7.3742543348e+01 3.8984964366e-02
3.29000e+02 7.3736004527e+01 1.9110181990e-03
3.30000e+02 7.3748859779e+01 1.2073339491e-01
3.31000e+02 7.3797860770e+01 6.2022904790e-02
3.32000e+02 7.3858976828e+01 1.1706621220e-01
3.33000e+02 7.3869122621e+01 2.0040506275e-02
3.34000e+02 7.3860561991e+01 1.3954157625e-03
3.35000e+02 7.3850631184e+01 2.0076599481e-02
3.36000e+02 7.3878366056e+01 3.7536473020e-02
3.37000e+02 7.3880225706e+01 6.5425895617e-02
3.38000e+02 7.3859778960e+01 8.7805172901e-03
3.39000e+02 7.3843440118e+01 1.8198491237e-02
3.40000e+02 7.3791484800e+01 1.1310743349e-01
3.41000e+02 7.3718255610e+01 1.0079731977e-01
3.42000e+02 7.3641406828e+01 1.0458365426e-01
3.43000e+02 7.3531221835e+01 1.7108184970e-01
3.44000e+02 7.3365347898e+01 1.4845999555e-01
3.45000e+02 7.3216566214e+01 1.8901093881e-01
3.46000e+02 7.3096166937e+01 1.0084978710e-01
3.47000e+02 7.3007371223e+01 1.3936377522e-01
3.48000e+02 7.2957987845e+01 1.1175900711e-01
3.49000e+02 7.2862786795e+01 8.5764994325e-02
3.50000e+02 7.2712090418e+01 5.0977585484e-02
3.51000e+02 7.2547897372e+01 1.1057180098e-01
3.52000e+02 7.2390322101e+01 1.0819189337e-01
3.53000e+02 7.2191416303e+01 1.0370474840e-01
3.54000e+02 7.1935528201e+01 2.1565295410e-01
3.55000e+02 7.1673406791e+01 9.7928364730e-02
3.56000e+02 7.1402808327e+01 5.0545766168e-01
3.57000e+02 7.1157833648e+01 1.9694193173e-01
3.58000e+02 7.0966117893e+01 2.1054088899e-01
3.59000e+02 7.0806368038e+01 3.7555621675e-01
3.60000e+02 7.0655275169e+01 3.3880712563e-02
3.61000e+02 7.0529450770e+01 9.1180068100e-02
3.62000e+02 7.0418499163e+01 4.7106058342e-02
3.63000e+02 7.0265663318e+01 1.9531650955e-01
3.64000e+02 7.0123240980e+01 2.2309673228e-01
3.65000e+02 6.9947465638e+01 1.8719989189e-01
3.66000e+02 6.9711614926e+01 3.2002029793e-01
3.67000e+02 6.9464681872e+01 2.6060050653e-01
3.68000e+02 6.9228876480e+01 2.3031404858e-01
3.69000e+02 6.8948035727e+01 1.0506541121e-01
3.70000e+02 6.8653677173e+01 4.7782345992e-01
3.71000e+02 6.8419049303e+01 2.4138131186e-01
3.72000e+02 6.8184120775e+01 2.8604465401e-01
3.73000e+02 6.7962551278e+01 5.0774121105e-01
3.74000e+02 6.7759174185e+01 2.2786628700e-01
3.75000e+02 6.7559586673e+01 4.3367537952e-02
3.76000e+02 6.7384549702e+01 3.5720460302e-02
3.77000e+02 6.7208894932e+01 4.0784439276e-01
3.78000e+02 6.7009182624e+01 3.6647846800e-03
3.79000e+02 6.6817298369e+01 2.7981482295e-02
3.80000e+02 6.6625643349e+01 8.0572879867e-03
3.81000e+02 6.6435460204e+01 1.7011093550e-03
3.82000e+02 6.6253915553e+01 9.2605567461e-02
3.83000e+02 6.6098426565e+01 2.0661972705e-01
3.84000e+02 6.5970969409e+01 1.4578073348e-01
3.85000e+02 6.5832860946e+01 1.7762948114e-01
3.86000e+02 6.5724346767e+01 3.2026182475e-01
3.87000e+02 6.5624064334e+01 9.0428397910e-02
3.88000e+02 6.5531560869e+01 7.4327255743e-02
3.89000e+02 6.5436496385e+01 5.2179490089e-03
3.90000e+02 6.5295091700e+01 1.9139938061e-01
3.91000e+02 6.5178613002e+01 1.8808514948e-02
3.92000e+02 6.5129470678e+01 1.5913601829e-01
3.93000e+02 6.5104577770e+01 1.2103640549e-01
3.94000e+02 6.5073924575e+01 1.1075149104e-01
3.95000e+02 6.5073609431e+01 9.3782708991e-02
3.96000e+02 6.5084955096e+01 2.5548833646e-02
3.97000e+02 6.5048192092e+01 1.2416127242e-01
3.98000e+02 6.5020592923e+01 4.0316712093e-02
3.99000e+02 6.4964643459e+01 3.0334784663e-02
4.00000e+02 6.4888365926e+01 2.6631074872e-02
4.01000e+02 6.4816300950e+01 1.6115512821e-02
4.02000e+02 6.4708892290e+01 1.8996288216e-01
4.03000e+02 6.4582470150e+01 8.9659136116e-02
4.04000e+02 6.4433762798e+01 1.8926271489e-01
4.05000e+02 6.4318808823e+01 2.7783931166e-01
4.06000e+02 6.4253282762e+01 5.3479246221e-03
4.07000e+02 6.4211665305e+01 3.4495174534e-02
4.08000e+02 6.4175033260e+01 3.0322723896e-02
4.09000e+02 6.4125644737e+01 5.1377747722e-02
4.10000e+02 6.4110989057e+01 2.7148541971e-02
4.11000e+02 6.4059369969e+01 1.6932703099e-01
4.12000e+02 6.3984605922e+01 1.4901877274e-01
4.13000e+02 6.3913713061e+01 1.9273772546e-02
4.14000e+02 6.3804886694e+01 1.9514210835e-01
4.15000e+02 6.3677325511e+01 5.1051267034e-02
4.16000e+02 6.3547127728e+01 2.5532288932e-01
4.17000e+02 6.3377970133e+01 2.5142791211e-01
4.18000e+02 6.3193486850e+01 1.0971923613e-01
4.19000e+02 6.3063947698e+01 1.7887618221e-01
4.20000e+02 6.2963166676e+01 1.4928054542e-01
4.21000e+02 6.2802835675e+01 3.2957194115e-02
4.22000e+02 6.2582245450e+01 1.6276407353e-01
4.23000e+02 6.2354623321e+01 2.1813682848e-01
4.24000e+02 6.2115614167e+01 3.3754054962e-01
4.25000e+02 6.1901537624e+01 3.6294441604e-01
4.26000e+02 6.1740396204e+01 1.5535544249e-01
4.27000e+02 6.1577124617e+01 1.6554189593e-01
4.28000e+02 6.1380554393e+01 1.9389869106e-01
4.29000e+02 6.1163844255e+01 2.7521095742e-01
4.30000e+02 6.0930159838e+01 3.5725673483e-01
4.31000e+02 6.0696107534e+01 1.7342166230e-02
4.32000e+02 6.0493357248e+01 1.0196926408e-01
4.33000e+02 6.0303883756e+01 4.4792458508e-01
4.34000e+02 6.0074605951e+01 4.4066113827e-03
4.35000e+02 5.9864735132e+01 1.5099436312e-01
4.36000e+02 5.9720901087e+01 3.0210381021e-01
4.37000e+02 5.9607094916e+01 7.5667320736e-02
4.38000e+02 5.9491748395e+01 8.2965096805e-04
4.39000e+02 5.9401461605e+01 1.3696256913e-02
4.40000e+02 5.9365391910e+01 1.0776434992e-01
4.41000e+02 5.9350310864e+01 9.8725124958e-02
4.42000e+02 5.9333531795e+01 9.8567452412e-02
4.43000e+02 5.9347800023e+01 1.0455501799e-01
4.44000e+02 5.9413751748e+01 1.4817399769e-01
4.45000e+02 5.9493941845e+01 9.5271142757e-02
4.46000e+02 5.9570053161e+01 1.4757585354e-01
4.47000e+02 5.9627828710e+01 1.8996055810e-01
4.48000e+02 5.9719827794e+01 1.1666663520e-01
4.49000e+02 5.9782923327e+01 1.1982331685e-01
4.50000e+02 5.9773803572e+01 8.4960496771e-02
4.51000e+02 5.9739962162e+01 2.4933009008e-02
4.52000e+02 5.9713878306e+01 1.1808294059e-01
4.53000e+02 5.9698528755e+01 9.6954536166e-02
4.54000e+02 5.9648080340e+01 3.3433474111e-02
4.55000e+02 5.9590517662e+01 1.4168612576e-01
4.56000e+02 5.9579828880e+01 6.2298821472e-03
4.57000e+02 5.9529156767e+01 1.1376764589e-01
4.58000e+02 5.9405879357e+01 2.3079401839e-01
4.59000e+02 5.9267160499e+01 8.7379831782e-02
4.60000e+02 5.9142271241e+01 1.8943310146e-01
4.61000e+02 5.9031915896e+01 1.1683256109e-01
4.62000e+02 5.8886949446e+01 2.5451124024e-01
4.63000e+02 5.8768235795e+01 4.5820890603e-02
4.64000e+02 5.8669860208e+01 3.9322013065e-02
4.65000e+02 5.8574747146e+01 2.3600590434e-02
4.66000e+02 5.8485394736e+01 3.2600166404e-02
4.67000e+02 5.8350742657e+01 1.8517688881e-01
4.68000e+02 5.8220711836e+01 4.3562816004e-02
4.69000e+02 5.8110897537e+01 2.1661876133e-01
4.70000e+02 5.7972298738e+01 1.5830428854e-02
4.71000e+02 5.7862521232e+01 1.4664445112e-02
4.72000e+02 5.7771429380e+01 1.6389221513e-02
4.73000e+02 5.7682494062e+01 2.0842188734e-02
4.74000e+02 5.7622363159e+01 1.6618559125e-01
4.75000e+02 5.7584621301e+01 7.2072441207e-02
4.76000e+02 5.7559967930e+01 1.2011699385e-01
4.77000e+02 5.7521485987e+01 1.1973623876e-01
4.78000e+02 5.7516058894e+01 1.2460372732e-01
4.79000e+02 5.7515956718e+01 1.6211880600e-01
4.80000e+02 5.7473308217e+01 1.7995130038e-02
4.81000e+02 5.7468125651e+01 8.2266654078e-02
4.82000e+02 5.7527344552e+01 1.1934980378e-01
4.83000e+02 5.7602759919e+01 7.5517543526e-02
4.84000e+02 5.7698376824e+01 1.1574646178e-01
4.85000e+02 5.7755854235e+01 6.1360573242e-02
4.86000e+02 5.7750327244e+01 2.4201819744e-02
4.87000e+02 5.7754434504e+01 1.2852027998e-01
4.88000e+02 5.7762755962e+01 1.4224020789e-01
4.89000e+02 5.7771744250e+01 4.8810284635e-03
4.90000e+02 5.7782698653e+01 7.5090924233e-03
4.91000e+02 5.7792896071e+01 1.2091300316e-03
4.92000e+02 5.7818549786e+01 2.7734027321e-02
4.93000e+02 5.7863632364e+01 8.5297925305e-02
4.94000e+02 5.7943265201e+01 6.9228560303e-02
4.95000e+02 5.7988179170e+01 1.5142850374e-02
4.96000e+02 5.7980020297e+01 1.7905354802e-02
4.97000e+02 5.7949022056e+01 2.4966751660e-01
4.98000e+02 5.7894514171e+01 1.1936608368e-01
4.99000e+02 5.7882107524e+01 5.1022274814e-03
5.00000e+02 5.7921612110e+01 5.2466749141e-02
5.01000e+02 5.7979226063e+01 8.1690707185e-02
5.02000e+02 5.8038057365e+01 1.1333918627e-01
5.03000e+02 5.8081326232e+01 7.4267108099e-02
5.04000e+02 5.8159804809e+01 8.0454756564e-02
5.05000e+02 5.8210166201e+01 5.7861705409e-02
5.06000e+02 5.8235737415e+01 6.7675644304e-02
5.07000e+02 5.8301796098e+01 8.8819032130e-02
5.08000e+02 5.8385719635e+01 9.4175173040e-02
5.09000e+02 5.8426624818e+01 5.8151758984e-02
5.10000e+02 5.8407249708e+01 1.4191063128e-01
5.11000e+02 5.8399560871e+01 1.2474006203e-01
5.12000e+02 5.8397255254e+01 1.7069491821e-02
5.13000e+02 5.8353072623e+01 8.7003801743e-02
5.14000e+02 5.8309772318e+01 1.2722384238e-01
5.15000e+02 5.8240285831e+01 1.1039166913e-01
5.16000e+02 5.8115326580e+01 3.5736834958e-02
5.17000e+02 5.7975066457e+01 2.2317411074e-01
5.18000e+02 5.7841868159e+01 8.9897993276e-02
5.19000e+02 5.7670700581e+01 1.0168109046e-01
5.20000e+02 5.7442561660e+01 2.1351088871e-01
5.21000e+02 5.7233261804e+01 2.0161101956e-01
5.22000e+02 5.7032288106e+01 8.5454495588e-02
5.23000e+02 5.6836530657e+01 1.3542406774e-02
5.24000e+02 5.6644962902e+01 9.4059442476e-03
5.25000e+02 5.6410472186e+01 1.6927765970e-01
5.26000e+02 5.6167086370e+01 4.3931924132e-01
5.27000e+02 5.5962512083e+01 8.8168377334e-03
5.28000e+02 5.5773730189e+01 8.1282986266e-02
5.29000e+02 5.5588338643e+01 1.9182740324e-02
5.30000e+02 5.5422962101e+01 1.0221754219e-01
5.31000e+02 5.5282392179e+01 3.2945232075e-01
5.32000e+02 5.5164351253e+01 1.3570042597e-01
5.33000e+02 5.5076051875e+01 5.0231558551e-03
5.34000e+02 5.5036125924e+01 1.6434004595e-01
5.35000e+02 5.5015439406e+01 1.1988340301e-01
5.36000e+02 5.4997982355e+01 9.5565743687e-02
5.37000e+02 5.5013841550e+01 6.0017133488e-02
5.38000e+02 5.5040465159e+01 1.6959381146e-01
5.39000e+02 5.5016321301e+01 1.9558582873e-01
5.40000e+02 5.4973760897e+01 7.1101929350e-02
5.41000e+02 5.4928925142e+01 2.0691896243e-02
5.42000e+02 5.4879532273e+01 2.7503669871e-02
5.43000e+02 5.4830257353e+01 4.4391650783e-03
5.44000e+02 5.4778853101e+01 6.4461091127e-03
5.45000e+02 5.4780950267e+01 1.3762028628e-02
5.46000e+02 5.4796674138e+01 1.2015673051e-01
5.47000e+02 5.4811010545e+01 1.1965301603e-01
5.48000e+02 5.4856374175e+01 1.6572086968e-01
5.49000e+02 5.4917530017e+01 8.1842360022e-02
5.50000e+02 5.5007330677e+01 9.5400126778e-02
5.51000e+02 5.5063713354e+01 1.2681437341e-01
5.52000e+02 5.5062329906e+01 1.7107319024e-02
5.53000e+02 5.5036261665e+01 1.1851140579e-01
5.54000e+02 5.5011492445e+01 1.1456988022e-01
5.55000e+02 5.4954465717e+01 1.1340940560e-01
5.56000e+02 5.4838572866e+01 3.8834919093e-03
5.57000e+02 5.4737458187e+01 5.7309712308e-02
5.58000e+02 5.4664981181e+01 3.6080119347e-02
5.59000e+02 5.4593153224e+01 5.0845268456e-02
5.60000e+02 5.4499612276e+01 2.2351902793e-02
5.61000e+02 5.4381673558e+01 2.0632578709e-01
5.62000e+02 5.4255445434e+01 1.0145890418e-01
5.63000e+02 5.4094717356e+01 8.8900120509e-02
5.64000e+02 5.3880606922e+01 3.2148615509e-01
5.65000e+02 5.3656753772e+01 2.0727187820e-01
5.66000e+02 5.3441304000e+01 8.9221647106e-02
5.67000e+02 5.3244961667e+01 4.1346716602e-01
5.68000e+02 5.3064126715e+01 2.5379106566e-01
5.69000e+02 5.2813873844e+01 8.9524793805e-02
5.70000e+02 5.2548040551e+01 5.7119744206e-01
5.71000e+02 5.2292253455e+01 3.3967728039e-01
5.72000e+02 5.1996375213e+01 8.1767808223e-02
5.73000e+02 5.1692010715e+01 1.1597230894e-01
5.74000e+02 5.1392789849e+01 2.4303372772e-01
5.75000e+02 5.1043255482e+01 1.7543331134e-01
5.76000e+02 5.0638314565e+01 1.0906267456e-01
5.77000e+02 5.0235835562e+01 9.8114505484e-02
5.78000e+02 4.9848377004e+01 8.8237692147e-02
5.79000e+02 4.9403577609e+01 2.0421863924e-01
5.80000e+02 4.8902447656e+01 9.6189036629e-02
5.81000e+02 4.8409283140e+01 9.0685513475e-02
5.82000e+02 4.7919141551e+01 5.2126111120e-01
5.83000e+02 4.7435168785e+01 9.8952837108e-01
5.84000e+02 4.7001713448e+01 2.0283458753e-01
5.85000e+02 4.6614254801e+01 7.1185616413e-01
5.86000e+02 4.6275824200e+01 6.3436940042e-01
5.87000e+02 4.5864181001e+01 6.2936652092e-02
5.88000e+02 4.5389749150e+01 4.9003685177e-01
5.89000e+02 4.4937051069e+01 1.7135706770e-01
5.90000e+02 4.4491507770e+01 2.8888551769e-02
5.91000e+02 4.4016619764e+01 5.0246333918e-01
5.92000e+02 4.3543678038e+01 1.0014959678e+00
5.93000e+02 4.3086191878e+01 4.7880785056e-03
5.94000e+02 4.2672359722e+01 6.9152112663e-01
5.95000e+02 4.2299141463e+01 7.3690367939e-01
5.96000e+02 4.1943394637e+01 1.1719490115e-01
5.97000e+02 4.1598100061e+01 1.9611312692e-01
5.98000e+02 4.1303337764e+01 8.3943093109e-02
5.99000e+02 4.1042630348e+01 1.1251084339e-01
6.00000e+02 4.0789255958e+01 1.0237243565e-01
6.01000e+02 4.0550464662e+01 1.0650328098e-01
6.02000e+02 4.0362260883e+01 1.0655851767e-01
6.03000e+02 4.0201670234e+01 1.0011676731e-01
6.04000e+02 4.0073551624e+01 1.4743827564e-01
6.05000e+02 3.9887246647e+01 2.3534893050e-01
6.06000e+02 3.9636324375e+01 3.0733984813e-01
6.07000e+02 3.9375009245e+01 3.9028035507e-01
6.08000e+02 3.9101605741e+01 2.5536136455e-01
6.09000e+02 3.8848951166e+01 2.0607706535e-01
6.10000e+02 3.8611199152e+01 3.7671981750e-01
6.11000e+02 3.8338238102e+01 1.1645919298e-02
6.12000e+02 3.8076028353e+01 3.6920472125e-01
6.13000e+02 3.7835387151e+01 3.0159523218e-01
6.14000e+02 3.7609629542e+01 3.6452140735e-02
6.15000e+02 3.7309652972e+01 3.0588537894e-01
6.16000e+02 3.6940977332e+01 1.4255789932e-01
6.17000e+02 3.6593193259e+01 9.5129498006e-02
6.18000e+02 3.6274992088e+01 6.7069046688e-01
6.19000e+02 3.5960169380e+01 6.4842329932e-01
6.20000e+02 3.5618022382e+01 2.6528642697e-02
6.21000e+02 3.5259751569e+01 4.1772959202e-01
6.22000e+02 3.4891213915e+01 3.9603950591e-01
6.23000e+02 3.4540745822e+01 6.0975906707e-01
6.24000e+02 3.4235002662e+01 2.3676757850e-01
6.25000e+02 3.3929625364e+01 3.5947524993e-02
6.26000e+02 3.3616933974e+01 6.9482293558e-03
6.27000e+02 3.3354042704e+01 1.4165620711e-02
6.28000e+02 3.3129494155e+01 5.3944456796e-01
6.29000e+02 3.2837284284e+01 1.3167426511e-02
6.30000e+02 3.2484890149e+01 4.2755899969e-01
6.31000e+02 3.2129904076e+01 4.9233837294e-01
6.32000e+02 3.1786256011e+01 1.1909951549e-01
6.33000e+02 3.1385018248e+01 4.1544471412e-01
6.34000e+02 3.0924835225e+01 4.3433959242e-01
6.35000e+02 3.0469087714e+01 1.0076143822e-01
6.36000e+02 3.0013023322e+01 6.9667604662e-01
6.37000e+02 2.9559782823e+01 1.5975541355e-01
6.38000e+02 2.9138104895e+01 7.8029863262e-02
6.39000e+02 2.8643954153e+01 9.2912978041e-02
6.40000e+02 2.8084755172e+01 9.9015958530e-02
6.41000e+02 2.7537037234e+01 1.7242927213e-01
6.42000e+02 2.6994797188e+01 8.6175654280e-02
6.43000e+02 2.6456871312e+01 9.7920627419e-03
6.44000e+02 2.5923041257e+01 8.4099908941e-03
6.45000e+02 2.5383567522e+01 4.9542246419e-01
6.46000e+02 2.4865840766e+01 4.5345481640e-01
6.47000e+02 2.4329394817e+01 1.4799262238e-03
6.48000e+02 2.3797519372e+01 4.9297243124e-01
6.49000e+02 2.3270951045e+01 9.8776214693e-03
6.50000e+02 2.2746860303e+01 7.7847031426e-03
6.51000e+02 2.2220782651e+01 1.3396083585e-02
6.52000e+02 2.1714705996e+01 2.5032788309e-02
6.53000e+02 2.1186958276e+01 1.1793928371e-03
6.54000e+02 2.0662541567e+01 1.3056719861e-02
6.55000e+02 2.0146430173e+01 9.9662581071e-03
6.56000e+02 1.9674669569e+01 1.4491775932e-01
6.57000e+02 1.9205636320e+01 1.1965534855e-01
6.58000e+02 1.8701050485e+01 1.1447111561e-02
6.59000e+02 1.8208847001e+01 1.2086493150e-01
6.60000e+02 1.7717766698e+01 9.2764666100e-02
6.61000e+02 1.7229746762e+01 4.1835476819e-03
6.62000e+02 1.6741628050e+01 2.9615910436e-03
6.63000e+02 1.6213080491e+01 7.9983843488e-04
6.64000e+02 1.5685184143e+01 1.0621842018e-01
6.65000e+02 1.5195060842e+01 1.0691816060e+00
6.66000e+02 1.4683004959e+01 8.4752118240e-02
6.67000e+02 1.4165332948e+01 2.9652074493e-02
6.68000e+02 1.3706622568e+01 9.7796970892e-01
6.69000e+02 1.3294004067e+01 7.7504799460e-02
6.70000e+02 1.2890602883e+01 1.0865469881e-01
6.71000e+02 1.2490533209e+01 8.5938940251e-01
6.72000e+02 1.2106917603e+01 1.0370406709e-01
6.73000e+02 1.1693866307e+01 9.3840609208e-03
6.74000e+02 1.1278269527e+01 2.8209193427e-03
6.75000e+02 1.0877308307e+01 6.4665370198e-02
6.76000e+02 1.0490778326e+01 6.4603027388e-03
6.77000e+02 1.0072613801e+01 5.1132291100e-03
6.78000e+02 9.6646280608e+00 8.7077452191e-01
6.79000e+02 9.2830150487e+00 8.3889825791e-01
6.80000e+02 8.8697043333e+00 2.8220511418e-03
6.81000e+02 8.4542637391e+00 8.6717981640e-01
6.82000e+02 8.0812154836e+00 3.4602681391e-02
6.83000e+02 7.6300646553e+00 8.8709856070e-01
6.84000e+02 7.1609693437e+00 8.4810948755e-01
6.85000e+02 6.7610438160e+00 1.6255563107e-02
6.86000e+02 6.3970525373e+00 8.1242827170e-01
6.87000e+02 5.9459013386e+00 3.7040326362e-07
6.88000e+02 5.4260166101e+00 9.7577662100e-01
6.89000e+02 4.9288068893e+00 1.0090667954e+00
6.90000e+02 4.4385992926e+00 6.7825260187e-04
6.91000e+02 3.9215346409e+00 1.1247864453e-01
6.92000e+02 3.4079542808e+00 1.0789484472e+00
6.93000e+02 2.9001636681e+00 7.5691913871e-01
6.94000e+02 2.4185628093e+00 1.1760958009e-01
6.95000e+02 1.8627912280e+00 1.0238925189e+00
6.96000e+02 1.2939606256e+00 8.3495983355e-02
6.97000e+02 7.9936945767e-01 1.0237734542e+00
6.98000e+02 3.0466737912e-01 7.3728393799e-01
6.99000e+02 -1.9707112533e-01 5.9379917290e-02
7.00000e+02 -6.4231170322e-01 8.9915965620e-01
7.01000e+02 -1.0862304999e+00 5.7001650960e-02
7.02000e+02 -1.5719522595e+00 8.6404254839e-01
7.03000e+02 -2.0674572858e+00 1.0520638412e-01
7.04000e+02 -2.5564836352e+00 1.0301751713e+00
7.05000e+02 -3.1079002834e+00 9.7067635736e-01
7.06000e+02 -3.7173562732e+00 2.2883540798e-01
7.07000e+02 -4.3026131901e+00 1.0103402628e+00
7.08000e+02 -4.8813928804e+00 3.0676299571e-02
7.09000e+02 -5.4539292508e+00 1.2720546570e-02
7.10000e+02 -6.0211832314e+00 1.2201340266e-01
7.11000e+02 -6.5814672106e+00 1.9440206483e-01
7.12000e+02 -7.1422648723e+00 6.4563189267e-03
7.13000e+02 -7.6954994553e+00 1.3499258874e-02
7.14000e+02 -8.2768383321e+00 2.5591865166e-03
7.15000e+02 -8.8662581726e+00 1.0246458187e+00
7.16000e+02 -9.4552347322e+00 1.2229968318e+00
7.17000e+02 -1.0043102774e+01 1.3077319820e-01
7.18000e+02 -1.0590938274e+01 1.2962161870e-02
7.19000e+02 -1.1133529133e+01 2.3592923372e-02
7.20000e+02 -1.1682672454e+01 1.3078207599e-03
7.21000e+02 -1.2175915696e+01 1.0277970701e+00
7.22000e+02 -1.2619874236e+01 9.8170146416e-01
7.23000e+02 -1.3148948973e+01 1.2209609843e-02
7.24000e+02 -1.3693243728e+01 1.0219207076e+00
7.25000e+02 -1.4227429564e+01 3.8186492276e-02
7.26000e+02 -1.4808426994e+01 1.0232797253e+00
7.27000e+02 -1.5373149238e+01 9.8611030235e-01
7.28000e+02 -1.5924482776e+01 7.0387836018e-03
7.29000e+02 -1.6431566309e+01 9.9456005371e-01
7.30000e+02 -1.6877965735e+01 1.3638165126e-01
7.31000e+02 -1.7314933262e+01 6.6129263800e-02
7.32000e+02 -1.7789872781e+01 1.1403704013e-01
7.33000e+02 -1.8275636290e+01 7.1926990348e-02
7.34000e+02 -1.8739103325e+01 1.1753039426e-01
7.35000e+02 -1.9222815034e+01 1.0021426995e+00
7.36000e+02 -1.9704839475e+01 1.0082254789e+00
7.37000e+02 -2.0181086640e+01 9.9527901539e-02
7.38000e+02 -2.0611708204e+01 1.3228790953e-02
7.39000e+02 -2.1000858924e+01 4.7816806744e-02
7.40000e+02 -2.1377543912e+01 1.2424608288e-01
7.41000e+02 -2.1759045766e+01 5.3183373389e-03
7.42000e+02 -2.2107650399e+01 9.7794792329e-02
7.43000e+02 -2.2447101495e+01 1.4739662223e-01
7.44000e+02 -2.2777557273e+01 1.8148854370e-02
7.45000e+02 -2.3202191675e+01 7.9529214663e-01
7.46000e+02 -2.3645697075e+01 7.4355348313e-01
7.47000e+02 -2.4020055544e+01 1.6776668158e-02
7.48000e+02 -2.4360665694e+01 7.5758390869e-01
7.49000e+02 -2.4700738399e+01 7.2254055998e-01
7.50000e+02 -2.5032136113e+01 3.7854881708e-02
7.51000e+02 -2.5461624165e+01 4.8536502663e-03
7.52000e+02 -2.5964727313e+01 1.0218700403e+00
7.53000e+02 -2.6456661606e+01 7.8924808783e-01
7.54000e+02 -2.6945995367e+01 1.1264877344e-01
7.55000e+02 -2.7433972516e+01 3.9571436821e-03
7.56000e+02 -2.7889264793e+01 1.2874335812e-01
7.57000e+02 -2.8425749049e+01 9.5303325385e-01
7.58000e+02 -2.8976787392e+01 8.4611085402e-01
7.59000e+02 -2.9515295531e+01 1.7683500413e-01
7.60000e+02 -3.0102335000e+01 8.3936320085e-02
7.61000e+02 -3.0686703914e+01 2.2500638068e-01
7.62000e+02 -3.1268049872e+01 9.2012196257e-02
7.63000e+02 -3.1853299546e+01 1.2137030622e+00
7.64000e+02 -3.2419777928e+01 1.0129455905e+00
7.65000e+02 -3.2978045325e+01 5.5961896215e-01
7.66000e+02 -3.3525173061e+01 3.9106069619e-03
7.67000e+02 -3.4030826905e+01 3.3201278092e-01
7.68000e+02 -3.4502821283e+01 9.2415509597e-01
7.69000e+02 -3.4971818653e+01 9.3176723813e-02
7.70000e+02 -3.5393850509e+01 2.0658488785e-01
7.71000e+02 -3.5775555051e+01 1.2394930116e-01
7.72000e+02 -3.6145455050e+01 1.0209437914e-01
7.73000e+02 -3.6520879013e+01 2.0894495172e-01
7.74000e+02 -3.6863857143e+01 7.6544317632e-01
7.75000e+02 -3.7198062839e+01 7.1717888585e-01
7.76000e+02 -3.7578290003e+01 1.9840884091e-01
7.77000e+02 -3.7960726505e+01 1.1981743485e-01
7.78000e+02 -3.8279448690e+01 2.3846044335e-02
7.79000e+02 -3.8601049025e+01 6.7983962365e-01
7.80000e+02 -3.8967864827e+01 4.0839858746e-01
7.81000e+02 -3.9325410394e+01 2.1002132325e-01
7.82000e+02 -3.9669167882e+01 4.9051594248e-01
7.83000e+02 -3.9976479025e+01 2.6894552646e-02
7.84000e+02 -4.0260373862e+01 9.6332328023e-02
7.85000e+02 -4.0533307677e+01 8.4611751609e-02
7.86000e+02 -4.0759830100e+01 1.4410272249e-01
7.87000e+02 -4.0956169970e+01 1.7626350808e-01
7.88000e+02 -4.1146928903e+01 9.3135903505e-02
7.89000e+02 -4.1321667776e+01 9.8194943004e-02
7.90000e+02 -4.1447597666e+01 2.7667977774e-01
7.91000e+02 -4.1549357351e+01 1.8762295210e-01
7.92000e+02 -4.1650738128e+01 8.9378155838e-02
7.93000e+02 -4.1730240612e+01 9.5236388272e-02
7.94000e+02 -4.1760658964e+01 2.8294686801e-01
7.95000e+02 -4.1802274209e+01 4.9298530263e-01
7.96000e+02 -4.1882026187e+01 2.8706382396e-01
7.97000e+02 -4.1988688186e+01 2.4829198869e-01
7.98000e+02 -4.2102923260e+01 9.7328419409e-02
7.99000e+02 -4.2256895452e+01 1.7037218874e-01
8.00000e+02 -4.2469969645e+01 3.8136591112e-01
8.01000e+02 -4.2694106700e+01 1.1747505640e-01
8.02000e+02 -4.2931730718e+01 5.0164451883e-01
8.03000e+02 -4.3144664182e+01 1.2938335468e-01
8.04000e+02 -4.3342786257e+01 1.0240546454e-01
8.05000e+02 -4.3577289212e+01 3.5522077080e-01
8.06000e+02 -4.3801565071e+01 5.1416026979e-02
8.07000e+02 -4.4065310906e+01 3.9250277809e-01
8.08000e+02 -4.4388715843e+01 3.7495131631e-01
8.09000e+02 -4.4694133214e+01 9.2483907222e-02
8.10000e+02 -4.4993373157e+01 6.8226429393e-02
8.11000e+02 -4.5326738062e+01 1.5022656051e-01
8.12000e+02 -4.5665140066e+01 4.4283786493e-01
8.13000e+02 -4.5977317158e+01 6.7597200341e-03
8.14000e+02 -4.6244541457e+01 2.3680594855e-01
8.15000e+02 -4.6479210734e+01 4.3984029582e-01
8.16000e+02 -4.6701565293e+01 1.0929448555e-01
8.17000e+02 -4.6931285953e+01 1.0364424447e-01
8.18000e+02 -4.7164239957e+01 1.0599445445e-02
8.19000e+02 -4.7371551382e+01 1.3170347657e-01
8.20000e+02 -4.7523628383e+01 2.1833821868e-01
8.21000e+02 -4.7682144595e+01 3.4945940009e-01
8.22000e+02 -4.7879965782e+01 4.2077350476e-02
8.23000e+02 -4.8099682584e+01 1.0003858052e-02
8.24000e+02 -4.8321280228e+01 4.9534699836e-01
8.25000e+02 -4.8586883192e+01 1.0708675199e-01
8.26000e+02 -4.8910752026e+01 1.1605379289e-01
8.27000e+02 -4.9216715756e+01 3.1677218491e-01
8.28000e+02 -4.9498662933e+01 2.3578511453e-01
8.29000e+02 -4.9777689248e+01 2.4897268006e-01
8.30000e+02 -5.0081197059e+01 2.0361023100e-02
8.31000e+02 -5.0374962831e+01 2.2335137230e-01
8.32000e+02 -5.0659045225e+01 2.1352164947e-03
8.33000e+02 -5.0940180731e+01 4.2422725187e-03
8.34000e+02 -5.1223720184e+01 5.4294134734e-04
8.35000e+02 -5.1458506009e+01 4.4883862286e-01
8.36000e+02 -5.1676059757e+01 2.7194335406e-02
8.37000e+02 -5.1881620319e+01 8.6614527404e-02
8.38000e+02 -5.2040236341e+01 3.2346635297e-01
8.39000e+02 -5.2170722241e+01 7.7132784262e-02
8.40000e+02 -5.2295661994e+01 9.2613995782e-02
8.41000e+02 -5.2399082021e+01 9.7114729162e-02
8.42000e+02 -5.2452743141e+01 1.8201055268e-01
8.43000e+02 -5.2515704894e+01 2.1369034563e-01
8.44000e+02 -5.2615195862e+01 2.0401684297e-01
8.45000e+02 -5.2710181397e+01 2.1224731865e-01
8.46000e+02 -5.2791174271e+01 2.7331753724e-02
8.47000e+02 -5.2845382239e+01 1.6879931331e-01
8.48000e+02 -5.2882550663e+01 8.7771329071e-02
8.49000e+02 -5.2936030640e+01 1.2944745033e-01
8.50000e+02 -5.2998395253e+01 1.5451419240e-01
8.51000e+02 -5.3017671700e+01 7.5709087870e-02
8.52000e+02 -5.2982356909e+01 2.8493817904e-01
8.53000e+02 -5.2932065636e+01 3.7823120925e-02
8.54000e+02 -5.2886627977e+01 1.0780227253e-01
8.55000e+02 -5.2805175259e+01 1.0072916502e-01
8.56000e+02 -5.2672991266e+01 1.3465449953e-01
8.57000e+02 -5.2530949986e+01 1.9944447697e-01
8.58000e+02 -5.2395000939e+01 1.6311118833e-01
8.59000e+02 -5.2217981295e+01 1.4733422496e-01
8.60000e+02 -5.1991147501e+01 2.9389483307e-01
8.61000e+02 -5.1760035196e+01 2.5201910230e-01
8.62000e+02 -5.1515895519e+01 7.5183111609e-01
8.63000e+02 -5.1277269030e+01 4.4314322406e-01
8.64000e+02 -5.1072340608e+01 2.1616626568e-01
8.65000e+02 -5.0815271862e+01 3.7365003987e-01
8.66000e+02 -5.0500444905e+01 7.8246032774e-01
8.67000e+02 -5.0185492314e+01 7.6326101999e-02
8.68000e+02 -4.9884015848e+01 4.6982443392e-01
8.69000e+02 -4.9529339610e+01 8.7928535952e-01
8.70000e+02 -4.9169866246e+01 1.8011154851e+00
8.71000e+02 -4.8877067624e+01 1.1478661757e+00
8.72000e+02 -4.8580583977e+01 5.7129382691e-01
8.73000e+02 -4.8291256850e+01 2.3554160753e+00
8.74000e+02 -4.8066334957e+01 1.3455147140e-01
8.75000e+02 -4.7836614479e+01 4.1289558514e-01
8.76000e+02 -4.7602593696e+01 4.2158157985e-01
8.77000e+02 -4.7419371043e+01 2.1147089580e-01
8.78000e+02 -4.7239146404e+01 1.0420982490e+00
8.79000e+02 -4.7050782314e+01 1.4851901835e+00
8.80000e+02 -4.6892420199e+01 1.1477744124e+00
8.81000e+02 -4.6678124060e+01 4.0573565939e-01
8.82000e+02 -4.6450360509e+01 3.9907269045e-01
8.83000e+02 -4.6225764090e+01 4.0897389881e-01
8.84000e+02 -4.5995716406e+01 4.1084905837e-01
8.85000e+02 -4.5768252115e+01 4.1330607981e-01
8.86000e+02 -4.5513958324e+01 1.4994216030e+00
8.87000e+02 -4.5248657310e+01 7.6936923273e-02
8.88000e+02 -4.4976322724e+01 1.3407600943e+00
8.89000e+02 -4.4727962879e+01 2.2301362999e+00
8.90000e+02 -4.4492971341e+01 4.3780138214e-01
8.91000e+02 -4.4260900997e+01 4.2107408077e-01
8.92000e+02 -4.3981440348e+01 5.0144373156e-01
8.93000e+02 -4.3708097703e+01 1.0798704242e+00
8.94000e+02 -4.3509076480e+01 1.2776637506e+00
8.95000e+02 -4.3347796753e+01 7.0790617583e-02
8.96000e+02 -4.3181005058e+01 5.6391387870e-01
8.97000e+02 -4.3007827994e+01 1.4691825875e+00
8.98000e+02 -4.2868996156e+01 2.5377347936e-01
8.99000e+02 -4.2673975954e+01 1.2439419993e+00
9.00000e+02 -4.2463680252e+01 3.5817509775e-01
9.01000e+02 -4.2310028679e+01 2.4589155214e-01
9.02000e+02 -4.2178317136e+01 4.1050015172e-01
9.03000e+02 -4.1978697594e+01 3.6241626226e-01
9.04000e+02 -4.1720906996e+01 1.5480701981e+00
9.05000e+02 -4.1459867915e+01 7.5147137477e-01
9.06000e+02 -4.1206572529e+01 4.8363768931e-01
9.07000e+02 -4.0897649923e+01 1.0930306376e-01
9.08000e+02 -4.0535361178e+01 8.5521805102e-01
9.09000e+02 -4.0175424916e+01 5.8205123202e-01
9.10000e+02 -3.9825723150e+01 2.0560014137e-01
9.11000e+02 -3.9500954890e+01 1.2697549304e+00
9.12000e+02 -3.9140348030e+01 2.3171348226e+00
9.13000e+02 -3.8781643981e+01 6.6980778131e-01
9.14000e+02 -3.8424499766e+01 6.6567532777e-01
9.15000e+02 -3.8072682104e+01 2.2091589883e+00
9.16000e+02 -3.7788873597e+01 1.1700231961e+00
9.17000e+02 -3.7546131413e+01 1.0486290295e+00
9.18000e+02 -3.7336042235e+01 1.5332305946e+00
9.19000e+02 -3.7056333230e+01 1.1396395715e+00
9.20000e+02 -3.6717386734e+01 1.2272649045e+00
9.21000e+02 -3.6377601853e+01 1.0471327437e+00
9.22000e+02 -3.6026634021e+01 1.0399092283e+00
9.23000e+02 -3.5687142026e+01 1.2137119729e+00
9.24000e+02 -3.5370937475e+01 1.0233436667e+00
9.25000e+02 -3.5026552360e+01 6.4242729376e-01
9.26000e+02 -3.4689719777e+01 1.2674340511e-01
9.27000e+02 -3.4302803804e+01 1.6831927197e+00
9.28000e+02 -3.3863568583e+01 7.6481553604e-01
9.29000e+02 -3.3427338068e+01 9.1845399874e-02
9.30000e+02 -3.2985237632e+01 8.2467102481e-01
9.31000e+02 -3.2549367854e+01 8.2348561736e-01
9.32000e+02 -3.2142078820e+01 1.2176227268e+00
9.33000e+02 -3.1661984579e+01 8.5722898899e-01
9.34000e+02 -3.1174614216e+01 3.2546802912e+00
9.35000e+02 -3.0695828731e+01 9.1008038217e-01
9.36000e+02 -3.0176304463e+01 9.9470473368e-01
9.37000e+02 -2.9657331590e+01 8.3103093879e-02
9.38000e+02 -2.9133881513e+01 9.8703176399e-01
9.39000e+02 -2.8611481980e+01 2.9629886107e+00
9.40000e+02 -2.8141788239e+01 8.9149367961e-01
9.41000e+02 -2.7720027389e+01 3.0277790709e+00
9.42000e+02 -2.7344014489e+01 1.8463088821e+00
9.43000e+02 -2.6978031067e+01 6.8398876487e-01
9.44000e+02 -2.6568463664e+01 7.8782725309e-01
9.45000e+02 -2.6153003026e+01 7.0134239960e-01
9.46000e+02 -2.5807398796e+01 6.7125821944e-01
9.47000e+02 -2.5456799769e+01 1.4330026902e+00
9.48000e+02 -2.5067381342e+01 1.5552651327e+00
9.49000e+02 -2.4667074576e+01 1.6544180523e+00
9.50000e+02 -2.4253887795e+01 7.5467308443e-01
9.51000e+02 -2.3844639295e+01 7.6286014466e-01
9.52000e+02 -2.3431552347e+01 7.6199745254e-01
9.53000e+02 -2.3023704421e+01 7.3781586081e-01
9.54000e+02 -2.2675257222e+01 6.3906492546e-01
9.55000e+02 -2.2367900086e+01 1.5038008137e+00
9.56000e+02 -2.2063733152e+01 1.0892001482e-01
9.57000e+02 -2.1767714385e+01 4.5175509128e-01
9.58000e+02 -2.1529092039e+01 7.5625020368e-01
9.59000e+02 -2.1281668754e+01 1.2907440712e+00
9.60000e+02 -2.1026839667e+01 4.3958501143e-01
9.61000e+02 -2.0770196650e+01 4.4836515858e-01
9.62000e+02 -2.0485640086e+01 1.0835195193e+00
9.63000e+02 -2.0205972314e+01 1.1782883838e+00
9.64000e+02 -1.9929350522e+01 1.1691753236e+00
9.65000e+02 -1.9616727362e+01 5.5579901947e-01
9.66000e+02 -1.9289642067e+01 1.5758999030e+00
9.67000e+02 -1.8985692668e+01 5.1650014616e-01
9.68000e+02 -1.8729394484e+01 4.4938589081e-01
9.69000e+02 -1.8505744808e+01 1.3818054486e+00
9.70000e+02 -1.8317891603e+01 3.3778657376e+00
9.71000e+02 -1.8067589037e+01 4.8587806664e-01
9.72000e+02 -1.7805049190e+01 5.1537024196e-01
9.73000e+02 -1.7599557186e+01 3.2839019225e-01
9.74000e+02 -1.7418820316e+01 3.2094546587e-01
9.75000e+02 -1.7165760711e+01 4.7432989880e-01
9.76000e+02 -1.6900514506e+01 4.5282553650e-01
9.77000e+02 -1.6695722237e+01 3.1992478515e-01
9.78000e+02 -1.6515253859e+01 3.1933636863e-01
9.79000e+02 -1.6260380698e+01 4.5418626596e-01
9.80000e+02 -1.5947578912e+01 5.5216363947e-01
9.81000e+02 -1.5648626070e+01 9.1894901189e-01
9.82000e+02 -1.5380113715e+01 4.5699823041e-01
9.83000e+02 -1.5109402563e+01 4.7237922267e-01
9.84000e+02 -1.4816522127e+01 8.9810871316e-01
9.85000e+02 -1.4528946601e+01 5.1349919479e-01
9.86000e+02 -1.4255989079e+01 4.7635201071e-01
9.87000e+02 -1.4019278084e+01 3.5093575767e-01
9.88000e+02 -1.3825866557e+01 7.4103458913e-01
9.89000e+02 -1.3569521061e+01 4.6151000331e-01
9.90000e+02 -1.3262378219e+01 5.2724810116e-01
9.91000e+02 -1.2951345440e+01 3.2992165947e+00
9.92000e+02 -1.2644208515e+01 5.7477389192e-01
9.93000e+02 -1.2278974319e+01 2.2806917311e-01
9.94000e+02 -1.1861566979e+01 4.6144414964e-01
9.95000e+02 -1.1461475685e+01 1.1002193275e+00
9.96000e+02 -1.1090028446e+01 7.8737931287e-01
9.97000e+02 -1.0761369758e+01 1.4064403670e+00
9.98000e+02 -1.0451705847e+01 3.0286971285e+00
9.99000e+02 -1.0140051346e+01 1.2998071813e+00
1.00000e+03 -9.8237239441e+00 5.5723140922e-01
1.00100e+03 -9.5192563267e+00 1.1080507734e-01
1.00200e+03 -9.2758851567e+00 2.1056164339e-01
1.00300e+03 -9.0676665247e+00 1.1612204629e+00
1.00400e+03 -8.8902085515e+00 1.5968591055e+00
1.00500e+03 -8.6468914562e+00 7.5584544148e-01
1.00600e+03 -8.3901018873e+00 1.1734776413e+00
1.00700e+03 -8.1911170735e+00 3.0436790839e-01
1.00800e+03 -8.0156994660e+00 3.0202317481e-01
1.00900e+03 -7.7671508080e+00 1.1775357263e+00
1.01000e+03 -7.4600834090e+00 1.1881674338e+00
1.01100e+03 -7.1663947638e+00 1.3718762733e+00
1.01200e+03 -6.8822483802e+00 9.0770973564e-01
1.01300e+03 -6.5670064267e+00 1.1755845092e+00
1.01400e+03 -6.2524900921e+00 2.6778601929e-01
1.01500e+03 -5.8900685220e+00 6.1857020420e-01
1.01600e+03 -5.5209242989e+00 1.1630571209e+00
1.01700e+03 -5.1575795750e+00 6.5811992554e-01
1.01800e+03 -4.7901830938e+00 6.5571406362e-01
1.01900e+03 -4.4829790551e+00 6.7745860978e-01
1.02000e+03 -4.2103002614e+00 1.2335758987e+00
1.02100e+03 -3.8593530712e+00 6.4266081586e-01
1.02200e+03 -3.4531728076e+00 3.6581205365e-01
1.02300e+03 -3.0515890405e+00 1.5862023696e+00
1.02400e+03 -2.6594360065e+00 7.6149239540e-01
1.02500e+03 -2.2015885076e+00 1.0690030866e-01
1.02600e+03 -1.6909145637e+00 1.6891098475e+00
1.02700e+03 -1.1908187426e+00 8.5924295700e-01
1.02800e+03 -6.8807315275e-01 3.8038269938e+00
1.02900e+03 -1.8427613809e-01 2.7676726408e+00
1.03000e+03 2.9385708432e-01 9.0396990584e-01
1.03100e+03 7.9129081728e-01 9.2144674140e-01
1.03200e+03 1.2801395551e+00 2.0348911214e-01
1.03300e+03 1.8290483258e+00 1.7347390657e+00
1.03400e+03 2.3824735801e+00 2.6678446633e+00
1.03500e+03 2.8622260312e+00 3.0897304676e+00
1.03600e+03 3.3030715954e+00 1.6850011531e+00
1.03700e+03 3.7360741963e+00 9.1574309529e-01
1.03800e+03 4.1598467874e+00 7.7525964564e-01
1.03900e+03 4.5839613044e+00 7.6559630210e-01
1.04000e+03 5.0640841417e+00 8.9790254203e-01
1.04100e+03 5.5611867856e+00 1.9178705898e+00
1.04200e+03 5.9817740231e+00 1.4243253076e+00
1.04300e+03 6.3502719938e+00 5.5616546243e-02
1.04400e+03 6.7215345788e+00 9.6469408552e-01
1.04500e+03 7.0947836085e+00 1.2990473681e+00
1.04600e+03 7.4072725469e+00 1.6365922876e-01
1.04700e+03 7.6800121370e+00 2.7998318922e-02
1.04800e+03 7.9540194031e+00 1.2004930018e+00
1.04900e+03 8.2223622606e+00 2.6840174169e-01
1.05000e+03 8.4333770363e+00 7.3503842079e-02
1.05100e+03 8.6121802123e+00 1.1053560946e+00
1.05200e+03 8.7940211548e+00 3.6029966352e-01
1.05300e+03 8.9632128515e+00 1.7258149909e-01
1.05400e+03 9.0764785241e+00 1.0065016354e+00
1.05500e+03 9.2026014822e+00 2.7901834204e+00
1.05600e+03 9.3379375853e+00 1.7564021355e-01
1.05700e+03 9.4770388749e+00 1.8844290485e-01
1.05800e+03 9.6427452607e+00 2.4607319457e+00
1.05900e+03 9.8258238497e+00 2.3857320319e+00
1.06000e+03 1.0022732483e+01 1.9564511220e+00
1.06100e+03 1.0268770154e+01 1.0693638169e-01
1.06200e+03 1.0565734933e+01 5.8384429166e-01
1.06300e+03 1.0849626177e+01 1.2956592544e+00
1.06400e+03 1.1106465877e+01 4.1658750448e-01
1.06500e+03 1.1365290554e+01 4.2895792231e-01
1.06600e+03 1.1644034387e+01 8.2355675096e-01
1.06700e+03 1.1939115289e+01 1.1033871401e+00
1.06800e+03 1.2253711781e+01 1.5152162834e+00
1.06900e+03 1.2550454645e+01 4.8868266850e-01
1.07000e+03 1.2797223746e+01 4.1845836551e-01
1.07100e+03 1.3009219661e+01 1.1869544425e+00
1.07200e+03 1.3186198738e+01 8.2401368727e-01
1.07300e+03 1.3426167727e+01 3.9918421954e-01
1.07400e+03 1.3678296404e+01 4.0414461097e-01
1.07500e+03 1.3928492535e+01 4.1396760739e-01
1.07600e+03 1.4213622074e+01 4.9457969198e-01
1.07700e+03 1.4508414693e+01 8.2290139000e-01
1.07800e+03 1.4807325097e+01 6.2568516851e-01
1.07900e+03 1.5083049755e+01 9.8966165919e-01
1.08000e+03 1.5392676056e+01 8.1710829741e-01
1.08100e+03 1.5699086208e+01 7.7178752991e-01
1.08200e+03 1.5937312107e+01 8.8456901798e-01
1.08300e+03 1.6181920012e+01 8.7809622362e-01
1.08400e+03 1.6433121652e+01 4.0527571188e-01
1.08500e+03 1.6684740117e+01 4.1188099643e-01
1.08600e+03 1.6940644344e+01 4.1617170318e-01
1.08700e+03 1.7195557621e+01 4.1905034332e-01
1.08800e+03 1.7474861671e+01 7.6519025316e-01
1.08900e+03 1.7765305704e+01 6.2071089699e-01
1.09000e+03 1.8065665701e+01 1.7087681294e+00
1.09100e+03 1.8420388259e+01 9.9809281060e-02
1.09200e+03 1.8824045690e+01 5.6781838392e-01
1.09300e+03 1.9211166810e+01 1.7850213843e+00
1.09400e+03 1.9571688656e+01 6.2295838297e-01
1.09500e+03 1.9889791504e+01 1.7494375510e+00
1.09600e+03 2.0188437467e+01 1.9488812086e+00
1.09700e+03 2.0489664009e+01 1.8480731099e+00
1.09800e+03 2.0762078493e+01 4.9734222028e-01
1.09900e+03 2.1021521494e+01 4.3818503028e-01
1.10000e+03 2.1274295232e+01 4.1810609932e-01
1.10100e+03 2.1527413284e+01 4.1136304541e-01
1.10200e+03 2.1834128300e+01 5.1452272912e-01
1.10300e+03 2.2141130109e+01 7.9007689888e-01
1.10400e+03 2.2401942080e+01 4.1898991577e-01
1.10500e+03 2.2738868282e+01 6.0453906832e-01
1.10600e+03 2.3143623468e+01 2.6366096134e+00
1.10700e+03 2.3542279262e+01 5.1022491127e-01
1.10800e+03 2.3947236439e+01 1.3972436704e+00
1.10900e+03 2.4346211849e+01 2.0051573768e+00
1.11000e+03 2.4686459907e+01 1.2540030015e+00
1.11100e+03 2.4984070936e+01 1.1700459771e+00
1.11200e+03 2.5244055032e+01 1.1680480556e+00
1.11300e+03 2.5497054125e+01 4.1528599672e-01
1.11400e+03 2.5793559530e+01 8.9245262088e-02
1.11500e+03 2.6092567137e+01 1.0672318195e+00
1.11600e+03 2.6350256589e+01 4.1257606708e-01
1.11700e+03 2.6682012050e+01 1.3657969207e+00
1.11800e+03 2.7080819826e+01 1.5699318649e+00
1.11900e+03 2.7474974266e+01 5.0731032422e-01
1.12000e+03 2.7854493524e+01 1.2182980540e-01
1.12100e+03 2.8300103600e+01 1.6822165493e+00
1.12200e+03 2.8752905845e+01 2.4871773830e+00
1.12300e+03 2.9134226779e+01 6.6219330787e-01
1.12400e+03 2.9520655279e+01 1.4651936629e+00
1.12500e+03 2.9910693297e+01 2.3575341494e+00
1.12600e+03 3.0275418358e+01 1.4526263461e+00
1.12700e+03 3.0663421934e+01 6.7467219928e-01
1.12800e+03 3.1041726277e+01 7.8966163933e-01
1.12900e+03 3.1477787005e+01 1.4416243715e+00
1.13000e+03 3.1968204290e+01 1.2569222428e-01
1.13100e+03 3.2452003232e+01 3.2555225684e-01
1.13200e+03 3.2940187276e+01 1.1009797740e+00
1.13300e+03 3.3422363197e+01 8.6849888240e-01
1.13400e+03 3.3905610103e+01 8.6269324620e-01
1.13500e+03 3.4392574252e+01 8.7555677507e-01
1.13600e+03 3.4818805708e+01 1.4136119588e+00
1.13700e+03 3.5197518210e+01 2.5182160013e+00
1.13800e+03 3.5570974243e+01 1.0979087265e-01
1.13900e+03 3.5941751853e+01 5.1738116476e-01
1.14000e+03 3.6254495662e+01 8.3268195124e-01
1.14100e+03 3.6529188104e+01 2.1370114157e-01
1.14200e+03 3.6802873312e+01 4.0482560948e-01
1.14300e+03 3.7081723096e+01 9.5324411815e-01
1.14400e+03 3.7330130161e+01 2.0429676265e+00
1.14500e+03 3.7568590841e+01 3.8242152356e-01
1.14600e+03 3.7856480469e+01 4.6189885876e-01
1.14700e+03 3.8139506652e+01 7.4409784211e-01
1.14800e+03 3.8352155470e+01 6.8456670536e-02
1.14900e+03 3.8529316166e+01 3.8590447445e-01
1.15000e+03 3.8680112549e+01 6.6994699064e-01
1.15100e+03 3.8898270187e+01 1.4414686293e+00
1.15200e+03 3.9177656991e+01 1.9238682650e+00
1.15300e+03 3.9462087126e+01 6.8908989445e-01
1.15400e+03 3.9761844050e+01 7.0026810113e-01
1.15500e+03 4.0060366573e+01 4.9158763704e-01
1.15600e+03 4.0328983476e+01 1.1782052023e-01
1.15700e+03 4.0583128143e+01 7.7655180406e-01
1.15800e+03 4.0883859583e+01 4.9207056552e-01
1.15900e+03 4.1184860113e+01 4.9405650174e-01
1.16000e+03 4.1486219439e+01 4.9419033122e-01
1.16100e+03 4.1786320004e+01 4.9279617641e-01
1.16200e+03 4.2045459374e+01 7.6629771864e-01
1.16300e+03 4.2375118845e+01 4.9964104266e-01
1.16400e+03 4.2772711265e+01 1.9879089907e+00
1.16500e+03 4.3166337639e+01 9.3525808777e-02
1.16600e+03 4.3544735223e+01 1.1925821380e-01
1.16700e+03 4.3899596692e+01 1.0859914386e+00
1.16800e+03 4.4241607561e+01 1.0485187327e+00
1.16900e+03 4.4679414285e+01 2.0940683342e+00
1.17000e+03 4.5180981157e+01 1.9740673417e-01
1.17100e+03 4.5669418739e+01 6.8188461359e-01
1.17200e+03 4.6159266802e+01 1.4554271288e+00
1.17300e+03 4.6650376550e+01 2.8477413975e+00
1.17400e+03 4.7115349321e+01 8.4516389904e-01
1.17500e+03 4.7599911767e+01 8.6302315964e-01
1.17600e+03 4.8075003575e+01 8.0330323815e-01
1.17700e+03 4.8610692160e+01 1.1394099234e+00
1.17800e+03 4.9151582981e+01 4.3829340844e+00
1.17900e+03 4.9683908108e+01 9.5959933960e-01
1.18000e+03 5.0255109763e+01 7.6783374971e-01
1.18100e+03 5.0824757025e+01 8.5084816629e-02
1.18200e+03 5.1388154021e+01 2.1852154415e+00
1.18300e+03 5.2021835157e+01 1.0135600767e-01
1.18400e+03 5.2658334385e+01 1.1555027999e+00
1.18500e+03 5.3284028193e+01 1.1463599689e+00
1.18600e+03 5.3949823663e+01 1.7959354718e-01
1.18700e+03 5.4609891840e+01 2.2090527804e+00
1.18800e+03 5.5260578550e+01 1.3337579742e+00
1.18900e+03 5.5874897359e+01 5.1644851228e+00
1.19000e+03 5.6522617560e+01 3.3118757339e+00
1.19100e+03 5.7197387033e+01 3.1452885535e+00
1.19200e+03 5.7838317525e+01 2.3706736888e+00
1.19300e+03 5.8471595778e+01 1.1559815710e+00
1.19400e+03 5.9096851392e+01 1.1391507107e+00
1.19500e+03 5.9748100625e+01 1.3236052720e+00
1.19600e+03 6.0394825791e+01 1.1417582807e+00
1.19700e+03 6.1105879197e+01 2.4208439491e+00
1.19800e+03 6.1818481246e+01 3.6397395348e+00
1.19900e+03 6.2451099099e+01 1.1589155662e+00
1.20000e+03 6.3081343359e+01 1.3260445871e+00
1.20100e+03 6.3704744147e+01 1.1543778741e+00
1.20200e+03 6.4325989583e+01 1.1229858110e+00
1.20300e+03 6.4945545988e+01 1.1180184425e+00
1.20400e+03 6.5533934512e+01 1.2143666384e+00
1.20500e+03 6.6224207893e+01 1.2798354201e+00
1.20600e+03 6.6978611774e+01 2.3780333264e+00
1.20700e+03 6.7707206957e+01 1.5871842676e-01
1.20800e+03 6.8427960644e+01 1.3749683834e+00
1.20900e+03 6.9140539097e+01 1.3078970356e+00
1.21000e+03 6.9828082935e+01 1.3777108995e+00
1.21100e+03 7.0620287955e+01 1.1769714876e+00
1.21200e+03 7.1471803285e+01 1.5622602956e+00
1.21300e+03 7.2294899198e+01 5.2641825491e+00
1.21400e+03 7.3091070859e+01 2.5379197120e+00
1.21500e+03 7.3880568533e+01 1.5579906891e+00
1.21600e+03 7.4668664026e+01 1.5483565312e+00
1.21700e+03 7.5391078830e+01 2.6792824118e+00
1.21800e+03 7.6055711296e+01 2.7093158423e+00
1.21900e+03 7.6706793724e+01 2.6352741493e+00
1.22000e+03 7.7405725899e+01 2.8296520875e+00
1.22100e+03 7.8098596829e+01 2.8071149126e+00
1.22200e+03 7.8750525200e+01 1.1708084801e+00
1.22300e+03 7.9388583971e+01 1.1566140146e+00
1.22400e+03 8.0080921931e+01 1.2528291226e+00
1.22500e+03 8.0814299220e+01 1.3567334582e+00
1.22600e+03 8.1473385950e+01 2.2099612118e+00
1.22700e+03 8.2066070889e+01 1.0436127690e-01
1.22800e+03 8.2656314568e+01 6.1408941867e-03
1.22900e+03 8.3243384970e+01 1.1396410127e+00
1.23000e+03 8.3798251840e+01 1.1626528150e+00
1.23100e+03 8.4456054358e+01 3.5225081767e+00
1.23200e+03 8.5180792772e+01 3.8160322540e+00
1.23300e+03 8.5881922372e+01 1.1319490048e+00
1.23400e+03 8.6562688013e+01 1.2016575482e+00
1.23500e+03 8.7335075614e+01 2.7259797257e-01
1.23600e+03 8.8164089062e+01 1.2350920893e+00
1.23700e+03 8.8964941549e+01 1.3001787782e+00
1.23800e+03 8.9755382547e+01 3.6724409586e+00
1.23900e+03 9.0574505728e+01 3.6853670276e+00
1.24000e+03 9.1366161950e+01 1.4709593947e+00
1.24100e+03 9.2162268177e+01 1.4456765603e+00
1.24200e+03 9.2948466883e+01 3.7775843985e-01
1.24300e+03 9.3692838205e+01 3.8143201463e+00
1.24400e+03 9.4470373412e+01 1.4313250923e+00
1.24500e+03 9.5240845898e+01 1.4042600259e+00
1.24600e+03 9.5973850934e+01 2.4092280037e+00
1.24700e+03 9.6690336850e+01 1.4020083616e+00
1.24800e+03 9.7459978499e+01 1.3949622085e+00
1.24900e+03 9.8278748867e+01 1.4691356228e+00
1.25000e+03 9.9023338216e+01 5.4008717145e+00
1.25100e+03 9.9695622996e+01 1.3493661105e+00
1.25200e+03 1.0036270102e+02 1.0256362675e-01
1.25300e+03 1.0102477645e+02 1.1827091250e+00
1.25400e+03 1.0168616094e+02 1.1758328836e+00
1.25500e+03 1.0238293987e+02 2.4121210894e+00
1.25600e+03 1.0302125919e+02 1.2417467122e+00
1.25700e+03 1.0365924285e+02 6.3435589797e+00
1.25800e+03 1.0430508948e+02 1.1336979602e+00
1.25900e+03 1.0494975610e+02 1.1392472202e+00
1.26000e+03 1.0563328392e+02 3.7692470584e+00
1.26100e+03 1.0630611276e+02 2.3491191245e+00
1.26200e+03 1.0697468324e+02 2.3318126661e+00
1.26300e+03 1.0764395980e+02 1.1842246465e+00
1.26400e+03 1.0831182085e+02 1.1601223937e+00
1.26500e+03 1.0893595649e+02 1.0240468478e+00
1.26600e+03 1.0952197861e+02 3.5126484662e+00
1.26700e+03 1.1011490260e+02 7.6352574571e-02
1.26800e+03 1.1068493429e+02 1.0082254044e+00
1.26900e+03 1.1127592470e+02 4.6127078527e+00
1.27000e+03 1.1186792081e+02 1.0260582972e+00
1.27100e+03 1.1246376578e+02 1.0101381618e+00
1.27200e+03 1.1301454862e+02 1.1707821381e-01
1.27300e+03 1.1356636349e+02 2.1021423429e+00
1.27400e+03 1.1415095781e+02 1.1109231608e+00
1.27500e+03 1.1474319695e+02 1.0262809721e+00
1.27600e+03 1.1533469273e+02 6.9714326643e+00
1.27700e+03 1.1599640943e+02 1.2197140639e+00
1.27800e+03 1.1670954015e+02 1.1537910926e+00
1.27900e+03 1.1740583373e+02 1.0405442847e-01
1.28000e+03 1.1808789081e+02 1.3090556535e+00
1.28100e+03 1.1873646309e+02 5.7347641094e+00
1.28200e+03 1.1942211292e+02 1.2228587777e+00
1.28300e+03 1.2014087884e+02 2.3853704940e+00
1.28400e+03 1.2079041228e+02 4.5865241297e+00
1.28500e+03 1.2137695953e+02 1.6548531160e-02
1.28600e+03 1.2195752723e+02 1.0614654376e+00
1.28700e+03 1.2255515245e+02 1.0453544038e+00
1.28800e+03 1.2309477324e+02 1.2644463309e-01
1.28900e+03 1.2358302642e+02 9.6210990820e-01
1.29000e+03 1.2406659458e+02 9.4730949778e-01
1.29100e+03 1.2456019986e+02 2.3033812371e-01
1.29200e+03 1.2499789289e+02 8.5922003260e-01
1.29300e+03 1.2544142587e+02 2.8329913226e+00
1.29400e+03 1.2592438971e+02 1.8545323102e+00
1.29500e+03 1.2641678808e+02 3.0245068751e+00
1.29600e+03 1.2690940939e+02 2.6407225523e+00
1.29700e+03 1.2737394874e+02 1.5084875211e+00
1.29800e+03 1.2782384264e+02 7.4794808789e-01
1.29900e+03 1.2827319272e+02 7.3201086464e-01
1.30000e+03 1.2877700039e+02 8.3086527984e-01
1.30100e+03 1.2930108650e+02 8.8884164196e-01
1.30200e+03 1.2979460588e+02 1.0512890909e+00
1.30300e+03 1.3030117853e+02 1.3472135756e+00
1.30400e+03 1.3079338606e+02 7.7359247892e-01
1.30500e+03 1.3125829212e+02 7.8837486890e-01
1.30600e+03 1.3176293168e+02 1.3466982565e+00
1.30700e+03 1.3228553699e+02 1.0028970401e+00
1.30800e+03 1.3277936572e+02 1.3461757145e+00
1.30900e+03 1.3328798448e+02 8.4439278732e-01
1.31000e+03 1.3378386883e+02 7.9126331358e-01
1.31100e+03 1.3425156404e+02 7.9326120155e-01
1.31200e+03 1.3470499309e+02 7.5001265029e-01
1.31300e+03 1.3526821650e+02 2.4688978106e+00
1.31400e+03 1.3589767175e+02 9.7917490924e-01
1.31500e+03 1.3650730169e+02 1.5712180760e+00
1.31600e+03 1.3709677822e+02 1.3604748124e-01
1.31700e+03 1.3777052281e+02 1.0887169140e+00
1.31800e+03 1.3844913379e+02 4.5112786070e+00
1.31900e+03 1.3904412088e+02 1.0124659514e+00
1.32000e+03 1.3964181350e+02 2.5062483083e+00
1.32100e+03 1.4026003907e+02 3.5980097448e+00
1.32200e+03 1.4085050269e+02 2.2151187417e+00
1.32300e+03 1.4145228761e+02 1.0256901381e+00
1.32400e+03 1.4205252392e+02 1.0272081451e+00
1.32500e+03 1.4266111121e+02 1.0239011276e+00
1.32600e+03 1.4322061985e+02 4.4030281323e-01
1.32700e+03 1.4372832389e+02 1.8365216188e+00
1.32800e+03 1.4418830317e+02 2.7166413226e+00
1.32900e+03 1.4463933148e+02 7.3344428596e-01
1.33000e+03 1.4513715502e+02 5.8026350949e-01
1.33100e+03 1.4563449884e+02 1.7118598644e+00
1.33200e+03 1.4613116586e+02 1.0263152017e+00
1.33300e+03 1.4664477537e+02 9.4977775061e-02
1.33400e+03 1.4709522986e+02 2.4583417872e+00
1.33500e+03 1.4754937039e+02 3.8555061045e+00
1.33600e+03 1.4804437660e+02 1.9548915312e+00
1.33700e+03 1.4853234552e+02 1.9272960490e+00
1.33800e+03 1.4901626613e+02 7.9192864468e-01
1.33900e+03 1.4952993742e+02 8.3117958016e-01
1.34000e+03 1.5004835321e+02 8.5209716284e-01
1.34100e+03 1.5056066697e+02 8.1548156307e-01
1.34200e+03 1.5105216154e+02 8.2224003017e-01
1.34300e+03 1.5156821346e+02 8.5362570313e-01
1.34400e+03 1.5208050236e+02 1.5098699618e+00
1.34500e+03 1.5255924169e+02 1.6938082000e+00
1.34600e+03 1.5307119523e+02 8.4630983443e-01
1.34700e+03 1.5358048498e+02 8.3870133909e-01
1.34800e+03 1.5405178074e+02 9.2627176098e-01
1.34900e+03 1.5461620028e+02 1.8135636198e+00
1.35000e+03 1.5524597847e+02 1.0415864199e+00
1.35100e+03 1.5585772126e+02 1.0245304053e-01
1.35200e+03 1.5645039155e+02 9.6585970023e-01
1.35300e+03 1.5712555972e+02 1.1512934538e+00
1.35400e+03 1.5785652947e+02 2.0354215322e-01
1.35500e+03 1.5856321411e+02 2.2596721056e+00
1.35600e+03 1.5924382113e+02 3.9168942559e+00
1.35700e+03 1.5986941564e+02 1.8793574161e+00
1.35800e+03 1.6046807890e+02 2.2786819998e+00
1.35900e+03 1.6107771804e+02 8.6876381473e-01
1.36000e+03 1.6163196944e+02 1.2635562851e-01
1.36100e+03 1.6218737099e+02 9.2315204370e-01
1.36200e+03 1.6274873794e+02 9.2934444923e-01
1.36300e+03 1.6330903255e+02 9.3330815136e-01
1.36400e+03 1.6387461833e+02 9.3659367372e-01
1.36500e+03 1.6443790483e+02 9.3864897863e-01
1.36600e+03 1.6503372300e+02 1.9845025205e+00
1.36700e+03 1.6563197479e+02 2.2629123268e+00
1.36800e+03 1.6623485528e+02 1.0131075859e+00
1.36900e+03 1.6684515797e+02 1.7385064622e+00
1.37000e+03 1.6743290509e+02 1.7286969024e+00
1.37100e+03 1.6803837132e+02 1.0193089190e+00
1.37200e+03 1.6863823884e+02 3.9496534442e+00
1.37300e+03 1.6930534876e+02 1.1096574169e+00
1.37400e+03 1.6997646186e+02 2.1517854077e+00
1.37500e+03 1.7056970357e+02 3.9133509991e+00
1.37600e+03 1.7112042609e+02 1.0594027617e+00
1.37700e+03 1.7177584615e+02 1.1321097638e+00
1.37800e+03 1.7249418979e+02 1.3059651494e-01
1.37900e+03 1.7319123601e+02 2.6941680655e+00
1.38000e+03 1.7386830926e+02 1.2573283855e+00
1.38100e+03 1.7451386546e+02 2.3667288934e+00
1.38200e+03 1.7519859729e+02 3.7916148552e+00
1.38300e+03 1.7587802105e+02 1.2384485859e+00
1.38400e+03 1.7651705851e+02 1.0867752806e+00
1.38500e+03 1.7727146092e+02 9.8982350546e-02
1.38600e+03 1.7809089149e+02 3.4522879346e+00
1.38700e+03 1.7887792062e+02 1.1932938745e+00
1.38800e+03 1.7964055516e+02 1.2359707802e-01
1.38900e+03 1.8036965709e+02 1.2927077196e+00
1.39000e+03 1.8113912650e+02 2.5140482926e+00
1.39100e+03 1.8195334853e+02 4.7890549035e+00
1.39200e+03 1.8273187620e+02 1.3921619525e+00
1.39300e+03 1.8350720698e+02 1.3433115048e+00
1.39400e+03 1.8427312056e+02 1.3384123643e+00
1.39500e+03 1.8506398734e+02 1.3674145409e+00
1.39600e+03 1.8580668045e+02 3.6187837455e+00
1.39700e+03 1.8648605390e+02 2.5188818394e+00
1.39800e+03 1.8710880247e+02 3.6678919934e+00
1.39900e+03 1.8783877960e+02 3.8018464571e+00
1.40000e+03 1.8857773074e+02 2.5126209841e+00
1.40100e+03 1.8923399942e+02 1.0725090126e+00
1.40200e+03 1.8989546650e+02 1.6059669640e-01
1.40300e+03 1.9055139282e+02 2.3132832760e+00
1.40400e+03 1.9117366902e+02 1.0709641373e+00
1.40500e+03 1.9178121424e+02 1.0211697154e+00
1.40600e+03 1.9244127559e+02 2.0445210647e+00
1.40700e+03 1.9313967510e+02 2.2065343262e+00
1.40800e+03 1.9376586409e+02 1.9788228905e+00
1.40900e+03 1.9432851319e+02 7.4904317605e-03
1.41000e+03 1.9484735096e+02 9.0922717954e-01
1.41100e+03 1.9536005772e+02 8.2096992583e-01
1.41200e+03 1.9586582785e+02 8.0708130111e-01
1.41300e+03 1.9637516417e+02 8.0290377727e-01
1.41400e+03 1.9694560166e+02 6.8777148577e-02
1.41500e+03 1.9754703350e+02 1.8798763867e+00
1.41600e+03 1.9807404655e+02 1.5155909649e+00
1.41700e+03 1.9860286106e+02 5.5887584019e+00
1.41800e+03 1.9917756046e+02 5.2445431603e+00
1.41900e+03 1.9975285490e+02 2.7038534576e+00
1.42000e+03 2.0032237074e+02 1.7070032481e+00
1.42100e+03 2.0086209553e+02 1.7356847125e+00
1.42200e+03 2.0143907097e+02 2.5492865507e+00
1.42300e+03 2.0204236905e+02 1.5159416191e+00
1.42400e+03 2.0257837073e+02 1.7429376431e+00
1.42500e+03 2.0311542608e+02 1.7494355530e+00
1.42600e+03 2.0369408656e+02 1.5183867545e+00
1.42700e+03 2.0427465725e+02 1.7105725023e+00
1.42800e+03 2.0485981179e+02 1.7170410267e+00
1.42900e+03 2.0545433411e+02 1.7324189405e+00
1.43000e+03 2.0600124457e+02 8.6580253464e-01
1.43100e+03 2.0649657165e+02 9.0388918049e-01
1.43200e+03 2.0694471692e+02 1.6744070966e+00
1.43300e+03 2.0748341228e+02 8.6657673715e-01
1.43400e+03 2.0808290465e+02 1.7515184087e+00
1.43500e+03 2.0866996325e+02 1.6792206055e+00
1.43600e+03 2.0924324000e+02 9.4275008646e-01
1.43700e+03 2.0989749733e+02 2.2544337691e-01
1.43800e+03 2.1060741257e+02 9.1646607469e-01
1.43900e+03 2.1129672743e+02 1.0440635925e+00
1.44000e+03 2.1198118431e+02 2.8198632451e+00
1.44100e+03 2.1265796529e+02 1.1382563746e+00
1.44200e+03 2.1333414389e+02 1.1288398441e+00
1.44300e+03 2.1403878473e+02 2.0004862682e+00
1.44400e+03 2.1468605292e+02 1.1912858169e+00
1.44500e+03 2.1527191210e+02 4.0352864968e+00
1.44600e+03 2.1584634271e+02 1.0174799114e-01
1.44700e+03 2.1643591899e+02 4.9598961593e-02
1.44800e+03 2.1700156226e+02 2.0358656815e+00
1.44900e+03 2.1758359314e+02 9.3131465345e-01
1.45000e+03 2.1815656998e+02 3.2133326882e+00
1.45100e+03 2.1880178767e+02 2.9403397845e+00
1.45200e+03 2.1945381980e+02 2.9931786059e+00
1.45300e+03 2.2002832791e+02 9.2026702864e-01
1.45400e+03 2.2056236033e+02 8.8040233766e-01
1.45500e+03 2.2120211104e+02 1.1155521589e+00
1.45600e+03 2.2190591822e+02 1.0685472490e+00
1.45700e+03 2.2258880522e+02 2.0136423907e+00
1.45800e+03 2.2325243772e+02 2.7367470959e-01
1.45900e+03 2.2388554721e+02 1.2115243543e+00
1.46000e+03 2.2455834480e+02 3.0403790656e+00
1.46100e+03 2.2526607461e+02 3.1083389537e+00
1.46200e+03 2.2590345380e+02 2.1150066581e+00
1.46300e+03 2.2647705662e+02 7.9164469349e-01
1.46400e+03 2.2704582296e+02 1.0403124212e-01
1.46500e+03 2.2763243283e+02 1.9917717098e+00
1.46600e+03 2.2816065477e+02 6.8169579664e-01
1.46700e+03 2.2863718261e+02 2.0100218888e-01
1.46800e+03 2.2910965228e+02 1.1185560796e+00
1.46900e+03 2.2959236469e+02 5.7711664260e-01
1.47000e+03 2.3001903608e+02 3.0235174026e-01
1.47100e+03 2.3040146836e+02 1.0233419695e+00
1.47200e+03 2.3078222904e+02 4.8483053401e-01
1.47300e+03 2.3116664615e+02 4.0034468348e-01
1.47400e+03 2.3149602097e+02 9.2502205504e-01
1.47500e+03 2.3178757050e+02 3.9346295577e-01
1.47600e+03 2.3204719194e+02 2.6676671239e+00
1.47700e+03 2.3238393005e+02 3.1129407877e+00
1.47800e+03 2.3278304162e+02 3.0983810838e+00
1.47900e+03 2.3318165662e+02 2.6541284933e+00
1.48000e+03 2.3359123972e+02 8.8890451221e-01
1.48100e+03 2.3399942422e+02 9.4786442583e-01
1.48200e+03 2.3435458789e+02 4.5700799260e-01
1.48300e+03 2.3466837617e+02 9.1025435762e-01
1.48400e+03 2.3494555068e+02 9.2689717595e-01
1.48500e+03 2.3529887795e+02 4.7314013999e-01
1.48600e+03 2.3571236281e+02 1.2743997101e+00
1.48700e+03 2.3611275134e+02 8.9111821853e-01
1.48800e+03 2.3650501789e+02 5.5589893234e-01
1.48900e+03 2.3689885183e+02 5.4878843464e-01
1.49000e+03 2.3727927732e+02 8.9645627426e-01
1.49100e+03 2.3766161954e+02 1.0267211920e+00
1.49200e+03 2.3806137385e+02 5.5572740907e-01
1.49300e+03 2.3845653250e+02 5.5649638966e-01
1.49400e+03 2.3884251783e+02 6.3272687190e-01
1.49500e+03 2.3919055526e+02 3.8819587408e-01
1.49600e+03 2.3951232938e+02 1.5934877975e+00
1.49700e+03 2.3982704253e+02 8.0445491436e-02
1.49800e+03 2.4012240707e+02 3.7118507237e-01
1.49900e+03 2.4045050071e+02 2.0933964967e+00
1.50000e+03 2.4077535142e+02 6.7484321778e-01
1.50100e+03 2.4115171300e+02 9.2000493138e-01
1.50200e+03 2.4158172045e+02 6.2501428069e-01
1.50300e+03 2.4201060466e+02 1.0079056507e-01
1.50400e+03 2.4243130794e+02 1.0149375027e+00
1.50500e+03 2.4282646378e+02 1.7352093563e+00
1.50600e+03 2.4320769776e+02 5.3556058037e-01
1.50700e+03 2.4368803810e+02 7.2836802904e-01
1.50800e+03 2.4423200526e+02 2.1464947741e-01
1.50900e+03 2.4476100771e+02 1.0852866306e+00
1.51000e+03 2.4529022959e+02 1.8023451943e+00
1.51100e+03 2.4581344549e+02 8.0958791519e-01
1.51200e+03 2.4633706253e+02 8.0317348649e-01
1.51300e+03 2.4685700914e+02 7.9910102457e-01
1.51400e+03 2.4734444856e+02 2.5881522153e-01
1.51500e+03 2.4781454013e+02 2.2277055181e+00
1.51600e+03 2.4833396711e+02 7.9411187205e-01
1.51700e+03 2.4885036318e+02 7.8976721649e-01
1.51800e+03 2.4936342800e+02 7.8261527740e-01
1.51900e+03 2.4987562479e+02 7.7763338212e-01
1.52000e+03 2.5038770414e+02 7.7587029297e-01
1.52100e+03 2.5091577954e+02 1.4230002298e+00
1.52200e+03 2.5137970735e+02 3.7975350785e+00
1.52300e+03 2.5179153656e+02 2.2919824933e+00
1.52400e+03 2.5220136933e+02 1.0224658509e-01
1.52500e+03 2.5261555587e+02 2.4449867395e+00
1.52600e+03 2.5297186045e+02 2.1820672946e+00
1.52700e+03 2.5328663367e+02 1.9920033261e-01
1.52800e+03 2.5360085660e+02 9.5609841168e-02
1.52900e+03 2.5392001148e+02 3.8439393626e-01
1.53000e+03 2.5420915904e+02 3.9652655511e+00
1.53100e+03 2.5457169228e+02 4.8353885593e+00
1.53200e+03 2.5494943421e+02 4.8943197506e-01
1.53300e+03 2.5532459641e+02 5.0157150328e-01
1.53400e+03 2.5574288380e+02 4.5154445653e+00
1.53500e+03 2.5615228952e+02 2.6640469611e+00
1.53600e+03 2.5655595592e+02 1.2786954270e+00
1.53700e+03 2.5696120220e+02 5.5648303337e-01
1.53800e+03 2.5735599775e+02 5.1812355593e-01
1.53900e+03 2.5775185469e+02 5.8133721110e-01
1.54000e+03 2.5816291912e+02 5.6332458514e-01
1.54100e+03 2.5856887819e+02 5.6347405307e-01
1.54200e+03 2.5896641203e+02 5.8349416265e-01
1.54300e+03 2.5932563235e+02 3.9845851076e-01
1.54400e+03 2.5965724577e+02 2.8135535838e+00
1.54500e+03 2.5998160639e+02 8.1598454843e-02
1.54600e+03 2.6028613843e+02 3.7486132487e-01
1.54700e+03 2.6062317981e+02 2.8286265401e+00
1.54800e+03 2.6097124247e+02 4.3009359953e-01
1.54900e+03 2.6131522331e+02 4.3660296505e-01
1.55000e+03 2.6163403525e+02 1.7784859438e+00
1.55100e+03 2.6193610748e+02 2.7337298057e+00
1.55200e+03 2.6228333676e+02 4.3533298136e-01
1.55300e+03 2.6263030763e+02 4.3788767541e-01
1.55400e+03 2.6293527825e+02 1.3663932429e+00
1.55500e+03 2.6331721423e+02 9.2332676052e-01
1.55600e+03 2.6376663187e+02 1.5136629808e+00
1.55700e+03 2.6420918305e+02 9.5580306336e-02
1.55800e+03 2.6463590763e+02 1.2175395866e-01
1.55900e+03 2.6503834406e+02 5.7285282236e-01
1.56000e+03 2.6548053492e+02 6.2789609356e-01
1.56100e+03 2.6592097380e+02 6.2515590352e-01
1.56200e+03 2.6631933342e+02 5.4391500210e-01
1.56300e+03 2.6680578414e+02 1.6166640678e+00
1.56400e+03 2.6735814297e+02 8.2295666001e-01
1.56500e+03 2.6789537901e+02 9.6797153538e-02
1.56600e+03 2.6841382622e+02 7.0502391167e-01
1.56700e+03 2.6900942222e+02 9.3127897211e-01
1.56800e+03 2.6961009327e+02 3.6709357451e+00
1.56900e+03 2.7013108225e+02 1.3662425197e+00
1.57000e+03 2.7065526392e+02 8.0322191836e-01
1.57100e+03 2.7119327968e+02 3.8580323099e+00
1.57200e+03 2.7170382935e+02 1.7235722834e+00
1.57300e+03 2.7221084888e+02 7.5524478813e-01
1.57400e+03 2.7271105012e+02 7.4414111058e-01
1.57500e+03 2.7324158188e+02 7.9571442280e-01
1.57600e+03 2.7376977032e+02 9.4008891518e-01
1.57700e+03 2.7435619762e+02 2.4560769850e+00
1.57800e+03 2.7499111456e+02 1.3471569983e-01
1.57900e+03 2.7560568697e+02 9.8553083671e-01
1.58000e+03 2.7619747650e+02 2.4447393849e+00
1.58100e+03 2.7678574633e+02 9.1449918216e-01
1.58200e+03 2.7737285449e+02 9.0890331402e-01
1.58300e+03 2.7790091510e+02 9.4622046552e-01
1.58400e+03 2.7838034794e+02 3.3184499872e+00
1.58500e+03 2.7895117921e+02 8.9055585487e-01
1.58600e+03 2.7957875768e+02 9.7720683341e-01
1.58700e+03 2.8018636111e+02 1.6791011041e+00
1.58800e+03 2.8078381334e+02 1.6472957600e+00
1.58900e+03 2.8137970665e+02 9.2409789202e-01
1.59000e+03 2.8197044542e+02 9.1646033509e-01
1.59100e+03 2.8259330265e+02 4.2021998861e+00
1.59200e+03 2.8321645623e+02 1.0333860397e+00
1.59300e+03 2.8389782466e+02 1.9618890445e+00
1.59400e+03 2.8462371867e+02 1.3515524012e-01
1.59500e+03 2.8532701210e+02 1.1579640851e+00
1.59600e+03 2.8600984825e+02 2.9453204387e+00
1.59700e+03 2.8664077394e+02 4.4503492650e+00
1.59800e+03 2.8720858372e+02 1.9045833610e+00
1.59900e+03 2.8786921552e+02 1.0702866084e+00
1.60000e+03 2.8858643418e+02 1.1481307618e+00
1.60100e+03 2.8928628524e+02 3.0120252592e+00
1.60200e+03 2.8996916981e+02 1.1842911127e+00
1.60300e+03 2.9073723702e+02 2.9841489118e-01
1.60400e+03 2.9155848762e+02 9.4084373357e-01
1.60500e+03 2.9235397608e+02 2.1790805467e+00
1.60600e+03 2.9313750310e+02 1.3023660917e+00
1.60700e+03 2.9393785401e+02 1.2836066756e+00
1.60800e+03 2.9472993827e+02 4.0731616411e-01
1.60900e+03 2.9559628165e+02 2.3392427804e+00
1.61000e+03 2.9650872807e+02 1.2891941143e-01
1.61100e+03 2.9739331763e+02 4.9114749409e-01
1.61200e+03 2.9826388267e+02 1.0121292414e+01
1.61300e+03 2.9916499902e+02 1.5354821066e+00
1.61400e+03 3.0001762011e+02 3.8740212752e+00
1.61500e+03 3.0080116618e+02 5.1215644278e+00
1.61600e+03 3.0156137454e+02 9.9070021652e-01
1.61700e+03 3.0234621190e+02 1.1931316711e+00
1.61800e+03 3.0307522012e+02 3.1256105051e-01
1.61900e+03 3.0374367764e+02 8.7462096722e-01
1.62000e+03 3.0435927156e+02 3.4703334655e+00
1.62100e+03 3.0496515049e+02 9.3832541820e-01
1.62200e+03 3.0556145634e+02 9.1809902176e-01
1.62300e+03 3.0628766325e+02 1.6103131747e+00
1.62400e+03 3.0702330485e+02 1.8177668127e+00
1.62500e+03 3.0767219223e+02 9.6018937997e-01
1.62600e+03 3.0833143643e+02 1.0909743698e+00
1.62700e+03 3.0901786488e+02 2.0297886291e+00
1.62800e+03 3.0964048902e+02 8.4621174088e-01
1.62900e+03 3.1020452442e+02 8.4851982995e-02
1.63000e+03 3.1072313617e+02 7.9676795822e-01
1.63100e+03 3.1123489731e+02 7.4369693122e-01
1.63200e+03 3.1179815506e+02 1.9317723894e+00
1.63300e+03 3.1236043264e+02 5.1633711562e+00
1.63400e+03 3.1292120587e+02 8.3496899080e-01
1.63500e+03 3.1350925312e+02 7.4698432696e-01
1.63600e+03 3.1403440655e+02 5.6071538844e-01
1.63700e+03 3.1450479996e+02 1.0984341876e+00
1.63800e+03 3.1497413437e+02 9.1438817215e-02
1.63900e+03 3.1544439193e+02 6.5076662272e-01
1.64000e+03 3.1588389601e+02 1.7611813154e+00
1.64100e+03 3.1641387784e+02 3.0252441635e+00
1.64200e+03 3.1695711762e+02 1.1154221093e+00
1.64300e+03 3.1749526506e+02 1.1224723061e+00
1.64400e+03 3.1808149509e+02 5.9149969750e+00
1.64500e+03 3.1866412034e+02 8.2333328897e-01
1.64600e+03 3.1925031076e+02 1.5894818287e+00
1.64700e+03 3.1984706249e+02 1.6831658427e+00
1.64800e+03 3.2042104626e+02 9.2790439636e-01
1.64900e+03 3.2099207073e+02 8.5289611281e-01
1.65000e+03 3.2154911035e+02 8.0401304855e-01
1.65100e+03 3.2206288014e+02 1.5399213438e+00
1.65200e+03 3.2254916300e+02 8.6977634667e-01
1.65300e+03 3.2303288696e+02 1.6469320221e+00
1.65400e+03 3.2349011954e+02 1.5561099226e+00
1.65500e+03 3.2403211344e+02 8.8246984646e-01
1.65600e+03 3.2463661977e+02 1.5581669573e+00
1.65700e+03 3.2522738863e+02 1.0704489582e-01
1.65800e+03 3.2580268821e+02 2.5148616757e-01
1.65900e+03 3.2645828954e+02 1.6702162184e+00
1.66000e+03 3.2711944976e+02 2.6542539749e+00
1.66100e+03 3.2769984234e+02 9.9548453614e-01
1.66200e+03 3.2828322163e+02 8.7963546600e-01
1.66300e+03 3.2888542515e+02 2.6073644271e+00
1.66400e+03 3.2946063411e+02 1.8998585125e+00
1.66500e+03 3.3004881879e+02 8.7617165672e-01
1.66600e+03 3.3063632589e+02 1.8263458379e+00
1.66700e+03 3.3123081149e+02 8.7066415031e-01
1.66800e+03 3.3177642939e+02 1.1554231050e-01
1.66900e+03 3.3227163188e+02 2.5581300564e+00
1.67000e+03 3.3275508346e+02 7.6573795704e-01
1.67100e+03 3.3324525844e+02 1.0431061012e-01
1.67200e+03 3.3371343692e+02 6.5855669841e-01
1.67300e+03 3.3420442373e+02 2.4922938460e+00
1.67400e+03 3.3468808742e+02 3.3250059180e+00
1.67500e+03 3.3523665920e+02 2.4488272420e+00
1.67600e+03 3.3584049283e+02 9.1294697908e-01
1.67700e+03 3.3642618632e+02 1.6654506802e+00
1.67800e+03 3.3700274542e+02 8.5921887022e-01
1.67900e+03 3.3760353575e+02 1.0980352327e-01
1.68000e+03 3.3820322304e+02 1.6758146423e+00
1.68100e+03 3.3880303001e+02 8.7247313626e-01
1.68200e+03 3.3935772232e+02 2.4554528112e+00
1.68300e+03 3.3986305203e+02 2.4492382698e+00
1.68400e+03 3.4035244655e+02 7.6130789684e-01
1.68500e+03 3.4083958015e+02 2.3210286811e+00
1.68600e+03 3.4129823519e+02 2.4217803789e+00
1.68700e+03 3.4184273032e+02 1.7663170320e+00
1.68800e+03 3.4239831805e+02 1.7654461438e+00
1.68900e+03 3.4294771628e+02 7.9948049260e-01
1.69000e+03 3.4350551383e+02 8.0089083276e-01
1.69100e+03 3.4399763686e+02 7.4733990455e-01
1.69200e+03 3.4448758337e+02 6.7085928676e-01
1.69300e+03 3.4498883556e+02 1.4961125464e+00
1.69400e+03 3.4546615540e+02 2.2669778459e+00
1.69500e+03 3.4596317579e+02 6.8007522117e-01
1.69600e+03 3.4645136024e+02 8.4425471589e-01
1.69700e+03 3.4700564534e+02 1.4750203447e+00
1.69800e+03 3.4761499379e+02 1.3202861171e-01
1.69900e+03 3.4821213159e+02 1.7140116400e-01
1.70000e+03 3.4879592553e+02 1.5691548217e+00
1.70100e+03 3.4945818133e+02 2.3986728390e-01
1.70200e+03 3.5017466685e+02 1.3345283531e-01
1.70300e+03 3.5087047138e+02 1.6662524049e+00
1.70400e+03 3.5156052768e+02 2.7153208556e+00
1.70500e+03 3.5224223196e+02 1.0596358486e+00
1.70600e+03 3.5289998857e+02 3.1359007554e-01
1.70700e+03 3.5365804783e+02 2.2912284721e-01
1.70800e+03 3.5447451263e+02 2.8231416505e+00
1.70900e+03 3.5526354743e+02 4.0433606237e+00
1.71000e+03 3.5603968207e+02 1.2495089550e+00
1.71100e+03 3.5683121631e+02 1.0982997123e-01
1.71200e+03 3.5761158937e+02 2.4387320894e+00
1.71300e+03 3.5840604642e+02 1.2536816935e+00
1.71400e+03 3.5915628957e+02 2.1345120581e+00
1.71500e+03 3.5990089407e+02 4.0551231984e+00
1.71600e+03 3.6067565966e+02 1.2510589692e+00
1.71700e+03 3.6145002446e+02 2.4191239081e+00
1.71800e+03 3.6221816461e+02 4.3903453387e+00
1.71900e+03 3.6294533662e+02 7.2433383193e+00
1.72000e+03 3.6370466252e+02 1.2313808637e+00
1.72100e+03 3.6445668681e+02 1.2078089672e+00
1.72200e+03 3.6520316096e+02 1.1779071956e+00
1.72300e+03 3.6599297491e+02 1.2451648082e+00
1.72400e+03 3.6672169204e+02 5.2043697617e+00
1.72500e+03 3.6738313545e+02 1.1519481559e+00
1.72600e+03 3.6803430873e+02 4.2140179509e-02
1.72700e+03 3.6870778002e+02 9.6155490819e-01
1.72800e+03 3.6932439678e+02 1.0386958443e+00
1.72900e+03 3.6988544523e+02 1.4249300595e-01
1.73000e+03 3.7040043629e+02 1.9301243088e+00
1.73100e+03 3.7101558117e+02 3.2359030068e+00
1.73200e+03 3.7169553536e+02 2.1097016014e+00
1.73300e+03 3.7235888041e+02 1.7985674857e+00
1.73400e+03 3.7300566636e+02 1.1811886057e+00
1.73500e+03 3.7374013730e+02 1.1932605033e-01
1.73600e+03 3.7447994480e+02 1.1494406609e+00
1.73700e+03 3.7521013437e+02 1.1440098553e+00
1.73800e+03 3.7598719301e+02 8.8011931299e-01
1.73900e+03 3.7674843128e+02 2.2737153568e+00
1.74000e+03 3.7750203239e+02 1.4649692399e+00
1.74100e+03 3.7825401987e+02 1.1772386341e+00
1.74200e+03 3.7900323519e+02 1.1522736587e+00
1.74300e+03 3.7970504315e+02 2.0733823985e+00
1.74400e+03 3.8036603201e+02 4.4179119696e+00
1.74500e+03 3.8103789250e+02 8.0126997028e-02
1.74600e+03 3.8168502793e+02 9.8954885821e-01
1.74700e+03 3.8233005847e+02 9.6172935581e-01
1.74800e+03 3.8296427510e+02 1.1499869068e-01
1.74900e+03 3.8355508474e+02 2.3698728504e+00
1.75000e+03 3.8411610569e+02 7.8075284685e-01
1.75100e+03 3.8468437704e+02 7.6759184756e-02
1.75200e+03 3.8520202358e+02 2.0107756312e+00
1.75300e+03 3.8567390749e+02 6.6104635834e-01
1.75400e+03 3.8613756042e+02 1.7405044198e-01
1.75500e+03 3.8660742456e+02 7.7154660736e-01
1.75600e+03 3.8702365129e+02 5.5896550348e-01
1.75700e+03 3.8739876566e+02 2.7064592476e-01
1.75800e+03 3.8773725833e+02 3.4711350273e+00
1.75900e+03 3.8815801066e+02 3.2939718572e+00
1.76000e+03 3.8859321875e+02 5.2192820386e-01
1.76100e+03 3.8896392809e+02 3.7629199344e-01
1.76200e+03 3.8934407066e+02 6.8726470211e-01
1.76300e+03 3.8972872028e+02 4.6748562965e+00
1.76400e+03 3.9008209221e+02 7.8820139632e-01
1.76500e+03 3.9051718221e+02 5.3574394034e-01
1.76600e+03 3.9096629625e+02 5.4911414961e-01
1.76700e+03 3.9134614853e+02 7.9655613100e-01
1.76800e+03 3.9173726819e+02 4.4185697049e-01
1.76900e+03 3.9213650226e+02 1.5577477824e+00
1.77000e+03 3.9247467941e+02 1.1093689620e-01
1.77100e+03 3.9277096164e+02 8.3570042076e-02
1.77200e+03 3.9306875692e+02 1.0319857683e+00
1.77300e+03 3.9336407535e+02 2.1474160218e-01
1.77400e+03 3.9360268486e+02 9.9567634078e-02
1.77500e+03 3.9380782180e+02 8.9969082264e-01
1.77600e+03 3.9401614390e+02 3.0400003814e-01
1.77700e+03 3.9421523743e+02 1.9569296729e-01
1.77800e+03 3.9439761335e+02 2.3362666456e+00
1.77900e+03 3.9461692742e+02 1.0033373073e+00
1.78000e+03 3.9483203000e+02 1.0753884589e+00
1.78100e+03 3.9509518612e+02 2.1222986268e-01
1.78200e+03 3.9541604816e+02 4.2553407313e-01
1.78300e+03 3.9572545741e+02 5.8131700235e-01
1.78400e+03 3.9602671594e+02 2.7408421829e-01
1.78500e+03 3.9636038582e+02 5.0152879975e-01
1.78600e+03 3.9670527219e+02 7.2914222022e-01
1.78700e+03 3.9703079421e+02 2.8992289562e-01
1.78800e+03 3.9733647669e+02 2.9405693013e-01
1.78900e+03 3.9767445880e+02 3.4555231210e-01
1.79000e+03 3.9800847994e+02 1.1891856048e-01
1.79100e+03 3.9831507019e+02 5.2617034808e-01
1.79200e+03 3.9865584772e+02 3.4109791687e-01
1.79300e+03 3.9899318164e+02 3.0557478166e-01
1.79400e+03 3.9926355623e+02 1.2358588645e+00
1.79500e+03 3.9954094709e+02 1.2029650085e+00
1.79600e+03 3.9985556309e+02 3.1420272090e-01
1.79700e+03 4.0018429351e+02 3.3150514037e-01
1.79800e+03 4.0051586276e+02 7.3287817813e-01
1.79900e+03 4.0082331072e+02 5.1056255849e-01
1.80000e+03 4.0111816059e+02 2.6364672840e-01
1.80100e+03 4.0141164115e+02 2.4941568324e-01
1.80200e+03 4.0175584293e+02 3.3459789264e-01
1.80300e+03 4.0210016459e+02 4.4792234714e-01
1.80400e+03 4.0240005382e+02 2.5420562689e-01
1.80500e+03 4.0278006470e+02 2.2045981444e-01
1.80600e+03 4.0317315389e+02 8.8193286417e-01
1.80700e+03 4.0349680891e+02 2.8412589053e-01
1.80800e+03 4.0383258830e+02 4.3905202385e-01
1.80900e+03 4.0417103608e+02 1.0782135150e+00
1.81000e+03 4.0444599748e+02 1.6571397058e-01
1.81100e+03 4.0468094975e+02 2.1090280495e-03
1.81200e+03 4.0491802159e+02 2.4213557584e-01
1.81300e+03 4.0514738690e+02 5.6465789222e-02
1.81400e+03 4.0535762888e+02 1.0291705969e+00
1.81500e+03 4.0560172370e+02 4.8221175851e-01
1.81600e+03 4.0586015222e+02 1.6224310477e-01
1.81700e+03 4.0611632748e+02 1.7416129634e-01
1.81800e+03 4.0634395227e+02 2.0947040993e-01
1.81900e+03 4.0655794744e+02 3.8301719983e-01
1.82000e+03 4.0681878378e+02 1.7639495265e-01
1.82100e+03 4.0707018420e+02 1.2141713420e-01
1.82200e+03 4.0729603975e+02 2.7407781314e-01
1.82300e+03 4.0755253302e+02 1.7653657336e-01
1.82400e+03 4.0782074061e+02 1.8373128801e-01
1.82500e+03 4.0806616728e+02 2.6782998779e-01
1.82600e+03 4.0829186991e+02 1.7620711647e-01
1.82700e+03 4.0855297144e+02 1.8815581244e-01
1.82800e+03 4.0880807961e+02 4.1011755004e-01
1.82900e+03 4.0910878602e+02 1.3986716058e+00
1.83000e+03 4.0941986229e+02 8.2025303326e-01
1.83100e+03 4.0967122805e+02 3.9713670451e-01
1.83200e+03 4.0992899257e+02 1.7752458720e-01
1.83300e+03 4.1019217290e+02 1.7942586315e-01
1.83400e+03 4.1046079321e+02 1.9010222850e-01
1.83500e+03 4.1071465431e+02 4.5468143783e-01
1.83600e+03 4.1090533689e+02 1.2039369443e-01
1.83700e+03 4.1106326216e+02 2.7381870325e-01
1.83800e+03 4.1122537484e+02 6.5461363498e-02
1.83900e+03 4.1137124800e+02 2.2826124189e-01
1.84000e+03 4.1145954864e+02 1.6429162449e-01
1.84100e+03 4.1156052578e+02 1.1434086175e-01
1.84200e+03 4.1169577488e+02 2.7676056905e-01
1.84300e+03 4.1183024399e+02 1.5272328410e-01
1.84400e+03 4.1196202211e+02 3.4709865300e-03
1.84500e+03 4.1213369506e+02 3.3008838734e-02
1.84600e+03 4.1231349975e+02 5.9498097882e-01
1.84700e+03 4.1246987007e+02 5.7939078802e-03
1.84800e+03 4.1265740620e+02 1.7353012570e-02
1.84900e+03 4.1282763181e+02 3.5756499528e-02
1.85000e+03 4.1293250652e+02 1.0785946100e-02
1.85100e+03 4.1304789337e+02 2.5184872911e-02
1.85200e+03 4.1319762397e+02 5.0928313393e-02
1.85300e+03 4.1336774321e+02 5.9603230324e-02
1.85400e+03 4.1354570683e+02 7.6291847862e-03
1.85500e+03 4.1376963580e+02 1.0854211880e-01
1.85600e+03 4.1404561820e+02 1.8579542334e-01
1.85700e+03 4.1432614197e+02 1.0278297705e-01
1.85800e+03 4.1462106159e+02 2.6960731174e-01
1.85900e+03 4.1489855502e+02 3.0270100329e-01
1.86000e+03 4.1511974232e+02 1.1631259205e-01
1.86100e+03 4.1534646335e+02 1.8745007081e-01
1.86200e+03 4.1560306300e+02 1.9180068759e-01
1.86300e+03 4.1585439662e+02 1.6544906491e-01
1.86400e+03 4.1610063500e+02 1.5492235308e-01
1.86500e+03 4.1634929245e+02 1.5209125569e-01
1.86600e+03 4.1658536662e+02 1.8908383848e-01
1.86700e+03 4.1679097509e+02 2.7475456737e-01
1.86800e+03 4.1697275482e+02 3.1258612947e-01
1.86900e+03 4.1713568462e+02 8.5727636367e-02
1.87000e+03 4.1724699607e+02 2.4479877135e-02
1.87100e+03 4.1733284767e+02 1.9251668027e-01
1.87200e+03 4.1741812011e+02 1.8214919483e-01
1.87300e+03 4.1748080157e+02 1.0024835210e-01
1.87400e+03 4.1748866182e+02 8.8872971634e-02
1.87500e+03 4.1747667608e+02 2.7980439304e-01
1.87600e+03 4.1747058058e+02 1.9151604218e-01
1.87700e+03 4.1743657833e+02 9.6683702336e-02
1.87800e+03 4.1734718134e+02 3.7678183397e-01
1.87900e+03 4.1724353108e+02 2.8298903832e-01
1.88000e+03 4.1714923076e+02 1.8479184787e-01
1.88100e+03 4.1702125029e+02 9.3978216837e-02
1.88200e+03 4.1683803344e+02 1.0690229039e-01
1.88300e+03 4.1664582146e+02 2.6068167567e-01
1.88400e+03 4.1644361688e+02 2.0597124293e-01
1.88500e+03 4.1624352783e+02 2.0364173699e-02
1.88600e+03 4.1604481449e+02 3.4912375423e-03
1.88700e+03 4.1588230299e+02 4.2856217877e-02
1.88800e+03 4.1573933660e+02 2.5628902295e-03
1.88900e+03 4.1555840688e+02 1.9159328251e-02
1.89000e+03 4.1539241988e+02 1.6557091985e-01
1.89100e+03 4.1519461245e+02 6.9826960902e-02
1.89200e+03 4.1493840116e+02 1.1324491073e-01
1.89300e+03 4.1467313376e+02 2.4974302835e-01
1.89400e+03 4.1440045140e+02 1.1678237983e-01
1.89500e+03 4.1415598049e+02 8.1959396215e-02
1.89600e+03 4.1396532292e+02 7.1068282259e-01
1.89700e+03 4.1380539083e+02 6.1834830750e-01
1.89800e+03 4.1368307720e+02 2.6083761492e-02
1.89900e+03 4.1350951576e+02 6.8572614413e-01
1.90000e+03 4.1327587889e+02 5.9303013690e-02
1.90100e+03 4.1303223457e+02 4.4346076295e-03
1.90200e+03 4.1277833848e+02 6.3091161365e-02
1.90300e+03 4.1255094504e+02 6.9289468198e-01
1.90400e+03 4.1237617087e+02 6.0184655153e-01
1.90500e+03 4.1219977372e+02 1.1261430992e-01
1.90600e+03 4.1201588235e+02 9.1172088187e-03
1.90700e+03 4.1187815090e+02 3.8570425852e-03
1.90800e+03 4.1174883997e+02 5.3589575576e-01
1.90900e+03 4.1163971424e+02 8.4891205990e-03
1.91000e+03 4.1158109691e+02 1.2142085927e-01
1.91100e+03 4.1151614836e+02 1.1144859567e-01
1.91200e+03 4.1141771829e+02 5.2527411294e-01
1.91300e+03 4.1132560817e+02 3.6225916175e-01
1.91400e+03 4.1123361596e+02 6.4378606475e-03
1.91500e+03 4.1109861239e+02 1.0864075776e-01
1.91600e+03 4.1096040661e+02 6.1718290917e-01
1.91700e+03 4.1079371437e+02 4.8101845210e-01
1.91800e+03 4.1057368446e+02 1.9505581029e-02
1.91900e+03 4.1034160247e+02 7.1364414266e-01
1.92000e+03 4.1011764092e+02 8.5755777118e-02
1.92100e+03 4.0991306508e+02 7.6908013185e-01
1.92200e+03 4.0972386956e+02 5.3068559462e-01
1.92300e+03 4.0953509035e+02 4.6514426313e-03
1.92400e+03 4.0930216485e+02 4.8875171171e-01
1.92500e+03 4.0906632466e+02 5.8883636374e-01
1.92600e+03 4.0883432467e+02 9.2550150413e-04
1.92700e+03 4.0860202822e+02 4.4683246232e-03
1.92800e+03 4.0837184679e+02 1.8185607334e-03
1.92900e+03 4.0814176261e+02 4.0290048080e-03
1.93000e+03 4.0791325977e+02 1.6785925001e-03
1.93100e+03 4.0771276746e+02 1.0838218190e-01
1.93200e+03 4.0757446341e+02 6.4513835182e-01
1.93300e+03 4.0746367256e+02 4.0585636276e-01
1.93400e+03 4.0738283917e+02 1.0836212958e-01
1.93500e+03 4.0724950664e+02 1.2516902149e-01
1.93600e+03 4.0705159418e+02 5.7982561895e-01
1.93700e+03 4.0686814268e+02 6.2745239779e-01
1.93800e+03 4.0669020825e+02 6.0684691484e-01
1.93900e+03 4.0647423575e+02 8.8877361921e-02
1.94000e+03 4.0626248406e+02 2.5596215511e-01
1.94100e+03 4.0601518528e+02 5.9993073622e-01
1.94200e+03 4.0571255653e+02 9.9827014615e-02
1.94300e+03 4.0540301242e+02 1.6666037548e-01
1.94400e+03 4.0510475251e+02 5.6512750362e-01
1.94500e+03 4.0475725449e+02 1.0019923430e-01
1.94600e+03 4.0435280228e+02 1.2669076411e-01
1.94700e+03 4.0397074731e+02 1.9860347340e-01
1.94800e+03 4.0359720008e+02 1.1072143502e-01
1.94900e+03 4.0319261139e+02 9.5044578188e-02
1.95000e+03 4.0279595721e+02 9.8394268349e-02
1.95100e+03 4.0235531232e+02 9.3146866477e-02
1.95200e+03 4.0186238519e+02 1.7615835781e-01
1.95300e+03 4.0139323769e+02 8.7092527153e-02
1.95400e+03 4.0094682807e+02 9.1176870300e-01
1.95500e+03 4.0054309491e+02 2.9294230700e-01
1.95600e+03 4.0016775925e+02 1.1185075216e+00
1.95700e+03 3.9979104951e+02 8.1759673008e-01
1.95800e+03 3.9944729513e+02 2.3974956575e-01
1.95900e+03 3.9903656929e+02 8.8093788684e-01
1.96000e+03 3.9855955427e+02 7.1093319253e-02
1.96100e+03 3.9808716530e+02 3.3518905548e-01
1.96200e+03 3.9763422770e+02 1.0918320655e-01
1.96300e+03 3.9711785393e+02 1.0564794067e-01
1.96400e+03 3.9654242330e+02 9.8415601670e-02
1.96500e+03 3.9599277111e+02 9.9136163194e-01
1.96600e+03 3.9545193947e+02 9.5577128994e-01
1.96700e+03 3.9488489127e+02 1.2706274477e-01
1.96800e+03 3.9432873793e+02 1.0321574394e-01
1.96900e+03 3.9371854577e+02 9.3818385898e-02
1.97000e+03 3.9310097889e+02 4.6380661770e-01
1.97100e+03 3.9255736925e+02 1.2572654990e+00
1.97200e+03 3.9202071160e+02 1.2005266030e+00
1.97300e+03 3.9147735906e+02 4.5704315907e-01
1.97400e+03 3.9099025846e+02 9.7007245265e-01
1.97500e+03 3.9055103661e+02 7.5395240011e-02
1.97600e+03 3.9012301814e+02 1.3072488894e-01
1.97700e+03 3.8969256730e+02 4.3185672688e-02
1.97800e+03 3.8929702753e+02 9.3992516213e-01
1.97900e+03 3.8891203242e+02 8.8475849184e-01
1.98000e+03 3.8853757050e+02 2.1077843268e-02
1.98100e+03 3.8806435149e+02 1.2887303923e+00
1.98200e+03 3.8757408810e+02 1.1178258727e+00
1.98300e+03 3.8715617275e+02 1.1863488051e-02
1.98400e+03 3.8677445936e+02 1.1337661691e+00
1.98500e+03 3.8639451858e+02 1.9423415220e-01
1.98600e+03 3.8596773349e+02 4.1909110037e-02
1.98700e+03 3.8553182922e+02 8.5491246349e-01
1.98800e+03 3.8511958242e+02 1.5392170272e-01
1.98900e+03 3.8471429689e+02 1.2314905052e-01
1.99000e+03 3.8433210552e+02 6.4706555534e-02
1.99100e+03 3.8398698338e+02 7.0485636560e-03
1.99200e+03 3.8366297342e+02 1.0277513704e-01
1.99300e+03 3.8334854428e+02 9.0856385690e-02
1.99400e+03 3.8308315237e+02 1.1679945767e-01
1.99500e+03 3.8285026531e+02 2.1490744502e-01
1.99600e+03 3.8265374502e+02 1.9880420413e-01
1.99700e+03 3.8245866400e+02 3.7806027866e-02
1.99800e+03 3.8222333714e+02 8.8683105517e-02
1.99900e+03 3.8199802871e+02 8.9120713835e-02
2.00000e+03 3.8183353239e+02 3.1320186633e-01
