0.00000e+00 0.0000000000e+00 0.0000000000e+00
1.00000e+00 8.6736795141e-02 8.6736795141e-02
2.00000e+00 1.7639947394e-01 8.9662678804e-02
3.00000e+00 2.6824458849e-01 1.8141813067e-01
4.00000e+00 3.5782266376e-01 1.7622813362e-01
5.00000e+00 4.5014068275e-01 9.2318018983e-02
6.00000e+00 5.5549859288e-01 2.8659462267e-01
7.00000e+00 6.6073974032e-01 9.9874922254e-02
8.00000e+00 7.6772392604e-01 2.2981753066e-02
9.00000e+00 8.6852373114e-01 2.9478981417e-01
1.00000e+01 9.7902944858e-01 1.0492285465e-01
1.10000e+01 1.0968737612e+00 3.5561936453e-02
1.20000e+01 1.2188982732e+00 3.0953535070e-01
1.30000e+01 1.3355787376e+00 5.3818016137e-01
1.40000e+01 1.4516089712e+00 3.4290568916e-01
1.50000e+01 1.5665399850e+00 5.0605697367e-01
1.60000e+01 1.6721238784e+00 7.2987593290e-01
1.70000e+01 1.7780777279e+00 1.0726614799e-02
1.80000e+01 1.8777760911e+00 1.7268091190e-01
1.90000e+01 1.9792969155e+00 3.2460990769e-01
2.00000e+01 2.0748081202e+00 2.0788576831e-02
2.10000e+01 2.1682482478e+00 8.3893816489e-02
2.20000e+01 2.2575871942e+00 2.7797978304e-01
2.30000e+01 2.3453723682e+00 1.7563931126e-01
2.40000e+01 2.4310174008e+00 3.1023196722e-01
2.50000e+01 2.5177068972e+00 6.8440027280e-01
2.60000e+01 2.6035313295e+00 1.7059719215e-01
2.70000e+01 2.6938414014e+00 3.1978540786e-02
2.80000e+01 2.7793693704e+00 2.4929035893e-01
2.90000e+01 2.8613263439e+00 2.9322586484e-01
3.00000e+01 2.9352249810e+00 1.1925795160e-02
3.10000e+01 3.0139311457e+00 2.3743716136e-01
3.20000e+01 3.0888618030e+00 2.8233532730e-01
3.30000e+01 3.1593872078e+00 2.3345438128e-02
3.40000e+01 3.2254133316e+00 4.2176139567e-01
3.50000e+01 3.2962219954e+00 9.2317315998e-01
3.60000e+01 3.3681122782e+00 1.4014795263e-01
3.70000e+01 3.4377756998e+00 1.3886256233e-01
3.80000e+01 3.5102944532e+00 7.1609065255e-01
3.90000e+01 3.5859263542e+00 2.8165456850e-01
4.00000e+01 3.6678256320e+00 3.2110727357e-01
4.10000e+01 3.7450438413e+00 7.5547877922e-03
4.20000e+01 3.8230122906e+00 1.5234909929e-01
4.30000e+01 3.9004621493e+00 1.5242839963e-01
4.40000e+01 3.9786262718e+00 1.5247164436e-01
4.50000e+01 4.0616876652e+00 4.6752159317e-01
4.60000e+01 4.1377704808e+00 2.8355709243e-01
4.70000e+01 4.2130563173e+00 3.2044010174e-01
4.80000e+01 4.2930839302e+00 1.5994828716e-01
4.90000e+01 4.3714516300e+00 1.5323701374e-01
5.00000e+01 4.4542186556e+00 5.7690547826e-01
5.10000e+01 4.5422309122e+00 1.7251475903e-01
5.20000e+01 4.6311430307e+00 5.0529120875e-01
5.30000e+01 4.7126167992e+00 7.2934432340e-01
5.40000e+01 4.7907434205e+00 1.6770183990e-01
5.50000e+01 4.8773591756e+00 1.7188900797e-01
5.60000e+01 4.9731662181e+00 1.6686645853e-01
5.70000e+01 5.0608231992e+00 1.7565645707e-01
5.80000e+01 5.1494914444e+00 1.8225874287e-01
5.90000e+01 5.2356351729e+00 3.5311361988e-01
6.00000e+01 5.3224840719e+00 3.3724935385e-01
6.10000e+01 5.4188493301e+00 3.4637771317e-01
6.20000e+01 5.5116607145e+00 1.9194864835e-01
6.30000e+01 5.6005316935e+00 1.8329048205e-01
6.40000e+01 5.6910867296e+00 1.7254570694e-01
6.50000e+01 5.7892083325e+00 1.9667663017e-01
6.60000e+01 5.8887149609e+00 3.7879158240e-01
6.70000e+01 5.9785368367e+00 1.7605130849e-01
6.80000e+01 6.0673578640e+00 1.8507931987e-01
6.90000e+01 6.1552729868e+00 1.7240682895e-01
7.00000e+01 6.2418145048e+00 1.7186173913e-01
7.10000e+01 6.3262121331e+00 1.6626562999e-01
7.20000e+01 6.4129162816e+00 1.7011754335e-01
7.30000e+01 6.5002258969e+00 1.7009484594e-01
7.40000e+01 6.5848524927e+00 1.6418444211e-01
7.50000e+01 6.6830231748e+00 1.9329108765e-01
7.60000e+01 6.7919811707e+00 5.2194947047e-01
7.70000e+01 6.8898333026e+00 1.7456277419e-01
7.80000e+01 6.9863018370e+00 1.1841938658e-02
7.90000e+01 7.0960559070e+00 3.3976890040e-01
8.00000e+01 7.2162248217e+00 1.8559913018e-01
8.10000e+01 7.3317194302e+00 9.1114118472e-01
8.20000e+01 7.4422091588e+00 5.4351002820e-01
8.30000e+01 7.5505017920e+00 2.1331956893e-01
8.40000e+01 7.6591956394e+00 2.1131036816e-01
8.50000e+01 7.7628934473e+00 1.9515053396e-01
8.60000e+01 7.8643935364e+00 5.8914787634e-01
8.70000e+01 7.9699348129e+00 2.3051320028e-01
8.80000e+01 8.0659577148e+00 1.2670945421e-02
8.90000e+01 8.1596212260e+00 4.0192114971e-01
9.00000e+01 8.2513666424e+00 2.2052801433e-01
9.10000e+01 8.3443975244e+00 2.5168668845e-02
9.20000e+01 8.4336318344e+00 4.0424355538e-01
9.30000e+01 8.5233771195e+00 6.3598618276e-01
9.40000e+01 8.6143193210e+00 5.9094827908e-01
9.50000e+01 8.7008049577e+00 2.1312961181e-01
9.60000e+01 8.7851507127e+00 2.0632003562e-01
9.70000e+01 8.8798683994e+00 3.6089689059e-01
9.80000e+01 8.9846876832e+00 2.1575701041e-01
9.90000e+01 9.0857658184e+00 3.9961956033e-01
1.00000e+02 9.1812034571e+00 3.7932623768e-01
1.01000e+02 9.2752523824e+00 2.1487249197e-01
1.02000e+02 9.3754583878e+00 1.9443462583e-01
1.03000e+02 9.4741389953e+00 1.9184266356e-01
1.04000e+02 9.5694152805e+00 1.9512075878e-01
1.05000e+02 9.6660517233e+00 1.7435891972e-01
1.06000e+02 9.7564722452e+00 2.0135687939e-01
1.07000e+02 9.8428030557e+00 1.9084989022e-01
1.08000e+02 9.9311445273e+00 5.6232331665e-01
1.09000e+02 1.0018718713e+01 5.5958989369e-01
1.10000e+02 1.0103853403e+01 1.6427565712e-01
1.11000e+02 1.0198902631e+01 1.9524049385e-01
1.12000e+02 1.0303502884e+01 3.6437664726e-01
1.13000e+02 1.0399687557e+01 8.6104871792e-03
1.14000e+02 1.0495326993e+01 3.5988510091e-02
1.15000e+02 1.0602254606e+01 3.7589065612e-01
1.16000e+02 1.0718785685e+01 2.0532702338e-02
1.17000e+02 1.0825137195e+01 1.3833383086e-02
1.18000e+02 1.0931338888e+01 3.8607702314e-01
1.19000e+02 1.1034475911e+01 6.0256106192e-01
1.20000e+02 1.1135093673e+01 1.9537603912e-01
1.21000e+02 1.1235043064e+01 1.9199303089e-01
1.22000e+02 1.1333591405e+01 1.8973161702e-01
1.23000e+02 1.1431912716e+01 1.8791380505e-01
1.24000e+02 1.1536135491e+01 2.0663430848e-01
1.25000e+02 1.1655920942e+01 4.0562928388e-01
1.26000e+02 1.1763266292e+01 1.1631159833e+00
1.27000e+02 1.1860472710e+01 1.1148923635e-03
1.28000e+02 1.1952938130e+01 1.8052919220e-01
1.29000e+02 1.2042702018e+01 1.7290613350e-01
1.30000e+02 1.2137885551e+01 2.0543140734e-01
1.31000e+02 1.2243352099e+01 7.5116957432e-01
1.32000e+02 1.2336753340e+01 1.5767534164e-01
1.33000e+02 1.2423725707e+01 2.7915217400e-03
1.34000e+02 1.2511467992e+01 7.4297715697e-01
1.35000e+02 1.2603041448e+01 1.4362457464e-01
1.36000e+02 1.2683916740e+01 1.5314679882e-02
1.37000e+02 1.2762449407e+01 1.9101942630e-01
1.38000e+02 1.2841535835e+01 1.3482509318e-01
1.39000e+02 1.2918934482e+01 1.2559586890e+00
1.40000e+02 1.2992756789e+01 3.4212979222e-01
1.41000e+02 1.3063558537e+01 1.3459761684e-01
1.42000e+02 1.3138536706e+01 1.4222446718e-01
1.43000e+02 1.3220059816e+01 2.5349710907e-02
1.44000e+02 1.3290053057e+01 3.1440937484e-01
1.45000e+02 1.3356595785e+01 1.3018495492e-01
1.46000e+02 1.3420087140e+01 2.5418683657e-01
1.47000e+02 1.3488225227e+01 1.2035243878e+00
1.48000e+02 1.3567240685e+01 1.2310066591e+00
1.49000e+02 1.3641508521e+01 2.5844010706e-01
1.50000e+02 1.3715475860e+01 2.5717083704e-01
1.51000e+02 1.3789488043e+01 1.3716933788e-01
1.52000e+02 1.3862156177e+01 9.1767790549e-03
1.53000e+02 1.3944214980e+01 2.1894623883e-02
1.54000e+02 1.4027960728e+01 1.6333705464e-01
1.55000e+02 1.4101338078e+01 2.6374828819e-01
1.56000e+02 1.4176370025e+01 1.3809677592e-01
1.57000e+02 1.4251272918e+01 1.3884938971e-01
1.58000e+02 1.4322821542e+01 2.6236502940e-01
1.59000e+02 1.4404776580e+01 1.5509604540e-01
1.60000e+02 1.4497792531e+01 5.4792486871e-01
1.61000e+02 1.4582079312e+01 9.3838871883e-03
1.62000e+02 1.4664469923e+01 1.0841988055e-02
1.63000e+02 1.4758350537e+01 4.0410270932e-01
1.64000e+02 1.4862907322e+01 2.0915336843e-02
1.65000e+02 1.4957388337e+01 1.6911976727e-02
1.66000e+02 1.5050295712e+01 3.2520155661e-01
1.67000e+02 1.5140485126e+01 4.8636484143e-01
1.68000e+02 1.5228593753e+01 1.6639493484e-01
1.69000e+02 1.5334382188e+01 3.2802242259e-02
1.70000e+02 1.5452588800e+01 3.0544892919e-02
1.71000e+02 1.5557717160e+01 5.0175223955e-01
1.72000e+02 1.5659780912e+01 1.3955125605e-02
1.73000e+02 1.5759132510e+01 1.8933189425e-01
1.74000e+02 1.5856295257e+01 1.8424155677e-01
1.75000e+02 1.5953117460e+01 1.8152791957e-01
1.76000e+02 1.6055269592e+01 6.9335078118e-01
1.77000e+02 1.6173623261e+01 9.5768514488e-01
1.78000e+02 1.6288033201e+01 4.9745381528e-01
1.79000e+02 1.6393898737e+01 1.9873566231e-01
1.80000e+02 1.6497749473e+01 1.8803438096e-01
1.81000e+02 1.6613484958e+01 5.3741775980e-01
1.82000e+02 1.6739877266e+01 2.1051929450e-01
1.83000e+02 1.6854479629e+01 1.9658317285e-01
1.84000e+02 1.6967749848e+01 3.7386628160e-02
1.85000e+02 1.7095973650e+01 2.2279709220e-01
1.86000e+02 1.7234717794e+01 2.0873842537e-01
1.87000e+02 1.7368158528e+01 9.3088188977e-01
1.88000e+02 1.7497320244e+01 1.3962796001e+00
1.89000e+02 1.7623938535e+01 2.4242676931e-01
1.90000e+02 1.7751073520e+01 2.4015761223e-01
1.91000e+02 1.7876586591e+01 2.3881223497e-01
1.92000e+02 1.8003252859e+01 2.3810470558e-01
1.93000e+02 1.8124771668e+01 2.4989219408e-01
1.94000e+02 1.8244299521e+01 6.7095266978e-01
1.95000e+02 1.8360890274e+01 4.8126006948e-01
1.96000e+02 1.8474859210e+01 7.0403077620e-01
1.97000e+02 1.8601576833e+01 2.3907115303e-01
1.98000e+02 1.8738259541e+01 4.7871737365e-01
1.99000e+02 1.8869918437e+01 5.1150480980e-01
2.00000e+02 1.8996776388e+01 2.3902376487e-01
2.01000e+02 1.9119030461e+01 7.0406201001e-01
2.02000e+02 1.9236782674e+01 5.0921766487e-01
2.03000e+02 1.9358983182e+01 2.2932635387e-01
2.04000e+02 1.9477846731e+01 5.0014579692e-01
2.05000e+02 1.9594460804e+01 2.2022648189e-01
2.06000e+02 1.9710305187e+01 2.1698708946e-01
2.07000e+02 1.9825276871e+01 2.1512771374e-01
2.08000e+02 1.9938899027e+01 1.3235794572e-02
2.09000e+02 2.0052371449e+01 6.6812255899e-01
2.10000e+02 2.0168903171e+01 2.1559992584e-01
2.11000e+02 2.0287039167e+01 5.1025368837e-01
2.12000e+02 2.0408893917e+01 9.1417233314e-01
2.13000e+02 2.0534725574e+01 2.2774356157e-01
2.14000e+02 2.0661005132e+01 9.0762765627e-01
2.15000e+02 2.0784972215e+01 2.3366554978e-01
2.16000e+02 2.0916206580e+01 1.4702642888e-02
2.17000e+02 2.1044307582e+01 4.6404376751e-01
2.18000e+02 2.1171616370e+01 4.5965414572e-01
2.19000e+02 2.1299684945e+01 6.7588660287e-01
2.20000e+02 2.1432098997e+01 4.7150700384e-01
2.21000e+02 2.1558655944e+01 1.3885965313e+00
2.22000e+02 2.1681370793e+01 2.3197555601e-01
2.23000e+02 2.1818768698e+01 2.5178313039e-01
2.24000e+02 2.1957288822e+01 4.9720379763e-01
2.25000e+02 2.2082796474e+01 2.3069428502e-01
2.26000e+02 2.2207634256e+01 1.1346811614e+00
2.27000e+02 2.2341061828e+01 5.0203316500e-01
2.28000e+02 2.2465244974e+01 2.0627002431e-01
2.29000e+02 2.2584077720e+01 6.6749060978e-03
2.30000e+02 2.2700704810e+01 4.9332044075e-01
2.31000e+02 2.2821500832e+01 1.9343220307e-01
2.32000e+02 2.2938721102e+01 6.8468138501e-01
2.33000e+02 2.3054042544e+01 9.4767244449e-01
2.34000e+02 2.3168031042e+01 2.1104567837e-01
2.35000e+02 2.3285829044e+01 2.1658064310e-01
2.36000e+02 2.3397907492e+01 1.8772928794e-02
2.37000e+02 2.3508898367e+01 4.6063326294e-01
2.38000e+02 2.3615831928e+01 1.8886362582e-01
2.39000e+02 2.3719891878e+01 3.8824790264e-01
2.40000e+02 2.3823180239e+01 6.6454150160e-01
2.41000e+02 2.3935064336e+01 6.5848289574e-01
2.42000e+02 2.4055317659e+01 4.1133820624e-01
2.43000e+02 2.4167269259e+01 1.4618715367e-02
2.44000e+02 2.4277872695e+01 2.1021506257e-01
2.45000e+02 2.4387815393e+01 2.0126888011e-01
2.46000e+02 2.4499321725e+01 8.2179712659e-03
2.47000e+02 2.4608252536e+01 3.9661954522e-01
2.48000e+02 2.4717550761e+01 1.9976240049e-01
2.49000e+02 2.4827335478e+01 1.9940465776e-01
2.50000e+02 2.4935404449e+01 3.9278556418e-01
2.51000e+02 2.5041746562e+01 1.9697394030e-01
2.52000e+02 2.5150384340e+01 1.9854480655e-01
2.53000e+02 2.5274170331e+01 4.1691485727e-01
2.54000e+02 2.5387543212e+01 1.0544669550e+00
2.55000e+02 2.5491550629e+01 1.9601156573e-01
2.56000e+02 2.5594538437e+01 5.6499708710e-03
2.57000e+02 2.5696068407e+01 1.8444719363e-01
2.58000e+02 2.5796215276e+01 1.8142180831e-01
2.59000e+02 2.5905757025e+01 3.8990855883e-01
2.60000e+02 2.6006674916e+01 1.8336056392e-01
2.61000e+02 2.6102337885e+01 1.6725161733e-01
2.62000e+02 2.6193299387e+01 5.4256941804e-01
2.63000e+02 2.6291258731e+01 9.8433211895e-01
2.64000e+02 2.6399749252e+01 6.0231269924e-01
2.65000e+02 2.6501131078e+01 3.4693887422e-01
2.66000e+02 2.6601189715e+01 3.4650370341e-01
2.67000e+02 2.6708881002e+01 1.9570712395e-01
2.68000e+02 2.6809466530e+01 1.7791298961e-01
2.69000e+02 2.6905728244e+01 3.4675594434e-01
2.70000e+02 2.6999967247e+01 5.8196342214e-03
2.71000e+02 2.7097497169e+01 1.5319332953e-01
2.72000e+02 2.7191807758e+01 3.3437162154e-01
2.73000e+02 2.7285277161e+01 1.6658433018e-01
2.74000e+02 2.7378073833e+01 1.6497541413e-01
2.75000e+02 2.7473722699e+01 1.6880150053e-01
2.76000e+02 2.7562972457e+01 3.2391243097e-01
2.77000e+02 2.7651529987e+01 1.5129244042e-01
2.78000e+02 2.7737342872e+01 1.2126578215e-02
2.79000e+02 2.7823688628e+01 1.4360285217e-01
2.80000e+02 2.7906794721e+01 3.0088745275e-01
2.81000e+02 2.7991014253e+01 1.6767501943e-01
2.82000e+02 2.8074981753e+01 1.4655159460e-01
2.83000e+02 2.8159773063e+01 1.4612615569e-01
2.84000e+02 2.8242342886e+01 1.4544375916e-01
2.85000e+02 2.8326105685e+01 1.4594831090e-01
2.86000e+02 2.8412856122e+01 4.9333927008e-01
2.87000e+02 2.8502667986e+01 7.8615503252e-01
2.88000e+02 2.8593234178e+01 4.5143711010e-01
2.89000e+02 2.8677686379e+01 1.5441416648e-01
2.90000e+02 2.8758977201e+01 2.9351991388e-01
2.91000e+02 2.8847886819e+01 1.5710450920e-01
2.92000e+02 2.8946330592e+01 2.0634012894e-02
2.93000e+02 2.9041673118e+01 3.1385628758e-01
2.94000e+02 2.9135858824e+01 3.0452430144e-01
2.95000e+02 2.9229218492e+01 2.9784250580e-01
2.96000e+02 2.9324432078e+01 1.7087016885e-01
2.97000e+02 2.9425700732e+01 1.7918543636e-01
2.98000e+02 2.9528136312e+01 3.4782304425e-01
2.99000e+02 2.9621994648e+01 4.6835107131e-01
3.00000e+02 2.9714894982e+01 4.6351756465e-01
3.01000e+02 2.9813638253e+01 3.5087596542e-01
3.02000e+02 2.9903740155e+01 1.2333678502e-02
3.03000e+02 2.9990765656e+01 2.7237243215e-03
3.04000e+02 3.0073662070e+01 1.6668907776e-01
3.05000e+02 3.0161980310e+01 1.5537706205e-01
3.06000e+02 3.0259853793e+01 3.5421286718e-01
3.07000e+02 3.0355006106e+01 1.6961887644e-01
3.08000e+02 3.0444757310e+01 1.5487098651e-01
3.09000e+02 3.0533104700e+01 1.6373516710e-01
3.10000e+02 3.0618990675e+01 5.1295998787e-01
3.11000e+02 3.0702903906e+01 6.7780900086e-01
3.12000e+02 3.0785287492e+01 1.5470885679e-01
3.13000e+02 3.0865007310e+01 3.4140617788e-01
3.14000e+02 3.0947093770e+01 1.4211962551e-01
3.15000e+02 3.1036486348e+01 5.7597354961e-03
3.16000e+02 3.1122286414e+01 3.0329498022e-01
3.17000e+02 3.1206188118e+01 2.9750081165e-01
3.18000e+02 3.1285162582e+01 3.2312606699e-01
3.19000e+02 3.1365109910e+01 1.4220501562e-01
3.20000e+02 3.1442301843e+01 1.4063566731e-01
3.21000e+02 3.1517357517e+01 2.7361498014e-01
3.22000e+02 3.1591856778e+01 1.2511849895e-01
3.23000e+02 3.1665653338e+01 1.2373426618e-01
3.24000e+02 3.1738789500e+01 4.6671819478e-01
3.25000e+02 3.1818905594e+01 4.8032071779e-01
3.26000e+02 3.1907565846e+01 3.9981208327e-01
3.27000e+02 3.1993266677e+01 4.0121139785e-01
3.28000e+02 3.2077817204e+01 1.4527875845e-01
3.29000e+02 3.2161854575e+01 1.0240811736e-02
3.30000e+02 3.2245255089e+01 2.8190026849e-01
3.31000e+02 3.2331695539e+01 1.4587309931e-01
3.32000e+02 3.2412465252e+01 1.4773283934e-01
3.33000e+02 3.2492292319e+01 5.4698651893e-01
3.34000e+02 3.2568850639e+01 1.3888503294e-01
3.35000e+02 3.2643506646e+01 4.1098315111e-01
3.36000e+02 3.2717608286e+01 5.4740501101e-01
3.37000e+02 3.2798023098e+01 5.4484446896e-01
3.38000e+02 3.2886639822e+01 2.7548045142e-01
3.39000e+02 3.2968937025e+01 7.6411967213e-03
3.40000e+02 3.3051638437e+01 1.0334642755e-02
3.41000e+02 3.3131762237e+01 1.3916623581e-01
3.42000e+02 3.3212951104e+01 1.3795113140e-01
3.43000e+02 3.3303117357e+01 2.7893077311e-01
3.44000e+02 3.3384180962e+01 6.8188571504e-01
3.45000e+02 3.3460466763e+01 1.3385182669e-01
3.46000e+02 3.3535892832e+01 1.3956845955e-01
3.47000e+02 3.3614033022e+01 1.2026063104e-02
3.48000e+02 3.3683046693e+01 1.2166804083e-01
3.49000e+02 3.3751100825e+01 1.3119722195e-01
3.50000e+02 3.3818714784e+01 1.9826147357e-02
3.51000e+02 3.3884833060e+01 2.4125682355e-01
3.52000e+02 3.3948774861e+01 3.8331658617e-01
3.53000e+02 3.4010058969e+01 9.9044529902e-02
3.54000e+02 3.4070373387e+01 9.5318103284e-02
3.55000e+02 3.4139446601e+01 3.8344415210e-01
3.56000e+02 3.4210019784e+01 2.3157102186e-01
3.57000e+02 3.4278291278e+01 2.3053773108e-01
3.58000e+02 3.4355969664e+01 2.3771078442e-01
3.59000e+02 3.4429130417e+01 2.2788613664e-01
3.60000e+02 3.4502050266e+01 3.4066248573e-01
3.61000e+02 3.4580216641e+01 3.5094641545e-01
3.62000e+02 3.4650958986e+01 1.1251538059e-01
3.63000e+02 3.4719076499e+01 2.2153435312e-01
3.64000e+02 3.4783459543e+01 2.2538144485e-01
3.65000e+02 3.4852519646e+01 1.1319147364e-01
3.66000e+02 3.4922936746e+01 1.1275303683e-01
3.67000e+02 3.4991743328e+01 1.1238676283e-01
3.68000e+02 3.5062056859e+01 1.1217080742e-01
3.69000e+02 3.5131254203e+01 1.1244939896e-01
3.70000e+02 3.5208631487e+01 2.4259602203e-01
3.71000e+02 3.5282493398e+01 2.2585722137e-01
3.72000e+02 3.5356567701e+01 2.2678581860e-01
3.73000e+02 3.5435015529e+01 3.3738323801e-01
3.74000e+02 3.5506686135e+01 1.1369402432e-01
3.75000e+02 3.5576573981e+01 2.2832936629e-01
3.76000e+02 3.5642602239e+01 2.3036822054e-01
3.77000e+02 3.5712754229e+01 1.1453497655e-01
3.78000e+02 3.5784079065e+01 1.1407467083e-01
3.79000e+02 3.5849326951e+01 1.0461675962e-01
3.80000e+02 3.5912418609e+01 1.1148384158e-01
3.81000e+02 3.5973656445e+01 1.0736230680e-01
3.82000e+02 3.6034342941e+01 9.4319514148e-02
3.83000e+02 3.6104743729e+01 1.1420939438e-01
3.84000e+02 3.6186124048e+01 3.4104888996e-01
3.85000e+02 3.6260200163e+01 4.3594960749e-01
3.86000e+02 3.6332241688e+01 2.8725538464e-02
3.87000e+02 3.6402096077e+01 1.3153856125e-01
3.88000e+02 3.6474991041e+01 4.3433431822e-01
3.89000e+02 3.6548836149e+01 1.1881470567e-01
3.90000e+02 3.6619509792e+01 1.1266863135e-01
3.91000e+02 3.6688621700e+01 1.1181348126e-01
3.92000e+02 3.6761584118e+01 1.1876334505e-01
3.93000e+02 3.6844751537e+01 2.3226051837e-01
3.94000e+02 3.6924443265e+01 4.2586759410e-01
3.95000e+02 3.6999965608e+01 1.2032181703e-01
3.96000e+02 3.7074605316e+01 1.2187878569e-01
3.97000e+02 3.7148702520e+01 1.2033176774e-01
3.98000e+02 3.7222642273e+01 1.1951148044e-01
3.99000e+02 3.7296774407e+01 1.1942689916e-01
4.00000e+02 3.7370699052e+01 1.1929236527e-01
4.01000e+02 3.7452501268e+01 3.2904792188e-01
4.02000e+02 3.7525921360e+01 3.4192862200e-01
4.03000e+02 3.7594973837e+01 4.5670003688e-01
4.04000e+02 3.7662513870e+01 6.3846125691e-03
4.05000e+02 3.7728977894e+01 1.0512673436e-01
4.06000e+02 3.7794967932e+01 1.0347161254e-01
4.07000e+02 3.7865227398e+01 3.6918140609e-04
4.08000e+02 3.7926668906e+01 4.4426475332e-01
4.09000e+02 3.7986356502e+01 8.7625030767e-02
4.10000e+02 3.8042896332e+01 6.4134859704e-01
4.11000e+02 3.8102804184e+01 7.7491424545e-01
4.12000e+02 3.8171902663e+01 4.5414876201e-01
4.13000e+02 3.8239140054e+01 4.4079841373e-01
4.14000e+02 3.8305162088e+01 1.0536129357e-01
4.15000e+02 3.8370683640e+01 1.0224064939e-01
4.16000e+02 3.8432270760e+01 9.2303425328e-02
4.17000e+02 3.8495727679e+01 9.0727191973e-02
4.18000e+02 3.8555852303e+01 2.0471073388e-01
4.19000e+02 3.8614567372e+01 6.8064830927e-03
4.20000e+02 3.8670041898e+01 8.4791224456e-02
4.21000e+02 3.8728215633e+01 2.9958387511e-01
4.22000e+02 3.8787893991e+01 9.3774991954e-02
4.23000e+02 3.8849003701e+01 1.8986478101e-01
4.24000e+02 3.8911083933e+01 1.9016802827e-01
4.25000e+02 3.8972160569e+01 9.3492984407e-02
4.26000e+02 3.9040169511e+01 1.0804223648e-01
4.27000e+02 3.9105094740e+01 6.7514947925e-03
4.28000e+02 3.9171799910e+01 2.0408516286e-01
4.29000e+02 3.9236026012e+01 2.9833147717e-01
4.30000e+02 3.9301057202e+01 1.0035945300e-01
4.31000e+02 3.9372528185e+01 2.0539654163e-01
4.32000e+02 3.9435176800e+01 1.9494266937e-01
4.33000e+02 3.9494984369e+01 4.4185321372e-03
4.34000e+02 3.9553912719e+01 9.6835741243e-02
4.35000e+02 3.9611927150e+01 1.9008720101e-01
4.36000e+02 3.9668376894e+01 8.6305255395e-02
4.37000e+02 3.9730473059e+01 1.9576725682e-01
4.38000e+02 3.9793865157e+01 9.5340177196e-02
4.39000e+02 3.9850165051e+01 8.2711274634e-02
4.40000e+02 3.9907754817e+01 8.5619948540e-02
4.41000e+02 3.9968941615e+01 2.6530024469e-01
4.42000e+02 4.0020513502e+01 1.1820210794e-02
4.43000e+02 4.0070716769e+01 1.0202610924e-02
4.44000e+02 4.0121141503e+01 1.7091137954e-01
4.45000e+02 4.0171224060e+01 2.2912631089e-02
4.46000e+02 4.0211784968e+01 1.1010979460e-02
4.47000e+02 4.0253667307e+01 1.6241953966e-01
4.48000e+02 4.0295962403e+01 3.1019355841e-02
4.49000e+02 4.0337291177e+01 2.0860080278e-01
4.50000e+02 4.0376423544e+01 2.3776071571e-01
4.51000e+02 4.0417271633e+01 5.1188401371e-02
4.52000e+02 4.0466665540e+01 3.8641902419e-01
4.53000e+02 4.0513532219e+01 8.7009490413e-02
4.54000e+02 4.0560411733e+01 7.7471472360e-03
4.55000e+02 4.0612731785e+01 1.4472849759e-01
4.56000e+02 4.0666627126e+01 2.0905541615e-01
4.57000e+02 4.0713592258e+01 6.3305441899e-02
4.58000e+02 4.0761704885e+01 1.4594552013e-01
4.59000e+02 4.0813310082e+01 1.9936903189e-01
4.60000e+02 4.0855561120e+01 1.1944134814e-02
4.61000e+02 4.0897161023e+01 7.6801868660e-02
4.62000e+02 4.0939511287e+01 5.3235854001e-02
4.63000e+02 4.0980017346e+01 5.0129516101e-02
4.64000e+02 4.1018731581e+01 1.0821348518e-01
4.65000e+02 4.1055545481e+01 4.7824524344e-02
4.66000e+02 4.1095669363e+01 5.1052929066e-02
4.67000e+02 4.1136198347e+01 1.0950697700e-01
4.68000e+02 4.1173800801e+01 4.3607676966e-02
4.69000e+02 4.1209543835e+01 4.2493203694e-02
4.70000e+02 4.1244969603e+01 4.0274024336e-02
4.71000e+02 4.1279513648e+01 3.9034760928e-02
4.72000e+02 4.1314112530e+01 3.8168840571e-02
4.73000e+02 4.1356687246e+01 5.4157429984e-02
4.74000e+02 4.1410083122e+01 2.0032192024e-01
4.75000e+02 4.1461339868e+01 1.2418332026e-01
4.76000e+02 4.1510982911e+01 6.9950507010e-02
4.77000e+02 4.1560082056e+01 6.7722956496e-02
4.78000e+02 4.1608178354e+01 6.6108487902e-02
4.79000e+02 4.1658354424e+01 1.3157557773e-01
4.80000e+02 4.1708790082e+01 2.0202614603e-01
4.81000e+02 4.1759502186e+01 6.7655338320e-02
4.82000e+02 4.1803322182e+01 1.2763562704e-01
4.83000e+02 4.1848041067e+01 1.2768633258e-01
4.84000e+02 4.1889642686e+01 1.3456138356e-01
4.85000e+02 4.1928559385e+01 4.9243815639e-02
4.86000e+02 4.1969633753e+01 5.8226392557e-02
4.87000e+02 4.2012145206e+01 8.2006516323e-03
4.88000e+02 4.2044616034e+01 1.6540405062e-01
4.89000e+02 4.2077638754e+01 2.7718138540e-03
4.90000e+02 4.2111196786e+01 1.5708787165e-02
4.91000e+02 4.2142601210e+01 8.6299710674e-02
4.92000e+02 4.2164250184e+01 1.3590896412e-02
4.93000e+02 4.2188742768e+01 1.1652302168e-02
4.94000e+02 4.2213996119e+01 7.7908730852e-02
4.95000e+02 4.2235216443e+01 2.3761406154e-02
4.96000e+02 4.2246511697e+01 2.1994369449e-02
4.97000e+02 4.2261982297e+01 5.6237926074e-02
4.98000e+02 4.2278476935e+01 3.2496358175e-02
4.99000e+02 4.2289683347e+01 3.1986287673e-02
5.00000e+02 4.2290881985e+01 4.6085072361e-02
5.01000e+02 4.2293383235e+01 2.6316247904e-01
5.02000e+02 4.2301206033e+01 4.9643197018e-02
5.03000e+02 4.2312346981e+01 1.2818774731e-01
5.04000e+02 4.2326159005e+01 6.3176972427e-02
5.05000e+02 4.2338158600e+01 5.6171185916e-03
5.06000e+02 4.2352073253e+01 6.3059949489e-03
5.07000e+02 4.2364575276e+01 4.7334597979e-02
5.08000e+02 4.2373848780e+01 4.8737970361e-02
5.09000e+02 4.2383763265e+01 2.5875374383e-03
5.10000e+02 4.2387267058e+01 3.3063466634e-03
5.11000e+02 4.2391978686e+01 1.0926627840e-03
5.12000e+02 4.2400980542e+01 2.8565985483e-03
5.13000e+02 4.2411993072e+01 3.0189330478e-02
5.14000e+02 4.2426544910e+01 4.8716869657e-03
5.15000e+02 4.2441909612e+01 1.0653074828e-02
5.16000e+02 4.2458525554e+01 1.3112148561e-02
5.17000e+02 4.2472129383e+01 3.2625823894e-03
5.18000e+02 4.2485768625e+01 2.9883729868e-02
5.19000e+02 4.2500227351e+01 1.4206193966e-03
5.20000e+02 4.2514183128e+01 3.8553806896e-03
5.21000e+02 4.2530323072e+01 1.3874277572e-02
5.22000e+02 4.2554486291e+01 2.7427282640e-02
5.23000e+02 4.2577621063e+01 2.8153142175e-02
5.24000e+02 4.2594915430e+01 2.0126607968e-03
5.25000e+02 4.2611652399e+01 1.2363655906e-03
5.26000e+02 4.2626223954e+01 5.2093340524e-03
5.27000e+02 4.2642550365e+01 5.3233258942e-03
5.28000e+02 4.2666038586e+01 1.5184070870e-02
5.29000e+02 4.2688623846e+01 1.4619374890e-02
5.30000e+02 4.2705889984e+01 5.2897739370e-03
5.31000e+02 4.2723409912e+01 1.6362403868e-02
5.32000e+02 4.2745245365e+01 1.2951987494e-02
5.33000e+02 4.2765772294e+01 7.4208021884e-03
5.34000e+02 4.2788866912e+01 3.8500001824e-02
5.35000e+02 4.2813094266e+01 1.4581129636e-02
5.36000e+02 4.2835321586e+01 1.4958415215e-02
5.37000e+02 4.2859257369e+01 3.8620981127e-02
5.38000e+02 4.2885620082e+01 3.3455201717e-02
5.39000e+02 4.2909794393e+01 4.5898843746e-02
5.40000e+02 4.2933032918e+01 1.7706286242e-02
5.41000e+02 4.2955298639e+01 1.3989608647e-02
5.42000e+02 4.2979579057e+01 1.6717717417e-02
5.43000e+02 4.3004666882e+01 1.7853041464e-02
5.44000e+02 4.3029962917e+01 1.8850804606e-02
5.45000e+02 4.3056605914e+01 1.7359098749e-02
5.46000e+02 4.3073604419e+01 5.0884501716e-02
5.47000e+02 4.3090917116e+01 1.4681730221e-02
5.48000e+02 4.3108476256e+01 7.7368945301e-03
5.49000e+02 4.3125996034e+01 3.5347492363e-03
5.50000e+02 4.3143961405e+01 3.9374447970e-03
5.51000e+02 4.3159713721e+01 9.5016868776e-04
5.52000e+02 4.3165608281e+01 3.5631037110e-03
5.53000e+02 4.3174233827e+01 1.2482801076e-02
5.54000e+02 4.3181881087e+01 5.8108354531e-04
5.55000e+02 4.3188385648e+01 3.0367178431e-02
5.56000e+02 4.3195869240e+01 1.0881286674e-02
5.57000e+02 4.3201516775e+01 2.9780108655e-03
5.58000e+02 4.3208573746e+01 1.0908399215e-02
5.59000e+02 4.3214437526e+01 1.7199401030e-02
5.60000e+02 4.3210769541e+01 1.4126609925e-02
5.61000e+02 4.3208070181e+01 2.2703973737e-02
5.62000e+02 4.3210779867e+01 2.8141378038e-03
5.63000e+02 4.3214838701e+01 2.0424927357e-02
5.64000e+02 4.3222021344e+01 2.0278831547e-02
5.65000e+02 4.3227715620e+01 1.2173278378e-05
5.66000e+02 4.3231064582e+01 1.9765226632e-02
5.67000e+02 4.3235107679e+01 1.5945339341e-02
5.68000e+02 4.3237781572e+01 6.7506827571e-04
5.69000e+02 4.3245043491e+01 1.1580260102e-03
5.70000e+02 4.3254400732e+01 1.0177313086e-03
5.71000e+02 4.3263492935e+01 1.8302844092e-03
5.72000e+02 4.3272750830e+01 1.3643972115e-03
5.73000e+02 4.3281854140e+01 3.1983375379e-04
5.74000e+02 4.3298601829e+01 1.4745380978e-02
5.75000e+02 4.3314789869e+01 2.0749883448e-02
5.76000e+02 4.3329706158e+01 4.0803391159e-04
5.77000e+02 4.3345828199e+01 5.6668053189e-03
5.78000e+02 4.3364139011e+01 9.0529167042e-03
5.79000e+02 4.3384480415e+01 1.9435409394e-02
5.80000e+02 4.3412009767e+01 1.6850835910e-02
5.81000e+02 4.3435804831e+01 1.6716887050e-02
5.82000e+02 4.3461385004e+01 7.2693605269e-03
5.83000e+02 4.3485817140e+01 1.8468921978e-02
5.84000e+02 4.3511337857e+01 4.0353238334e-02
5.85000e+02 4.3540876030e+01 2.9776492006e-02
5.86000e+02 4.3561509967e+01 4.2752375002e-02
5.87000e+02 4.3580901692e+01 5.4488235516e-03
5.88000e+02 4.3599800087e+01 2.1864496007e-03
5.89000e+02 4.3618677314e+01 1.5017751476e-02
5.90000e+02 4.3636307508e+01 1.5943849346e-02
5.91000e+02 4.3652145988e+01 1.8854263829e-03
5.92000e+02 4.3667676087e+01 2.1655465301e-04
5.93000e+02 4.3687431651e+01 3.3926467681e-02
5.94000e+02 4.3716360615e+01 3.3102515644e-02
5.95000e+02 4.3743954479e+01 3.1125104758e-02
5.96000e+02 4.3770074542e+01 2.2091117475e-02
5.97000e+02 4.3795960586e+01 2.0361205583e-02
5.98000e+02 4.3816798359e+01 9.0091642954e-03
5.99000e+02 4.3838618407e+01 5.7652293086e-03
6.00000e+02 4.3857983425e+01 5.1901447558e-02
6.01000e+02 4.3875513237e+01 8.3562320386e-03
6.02000e+02 4.3884461977e+01 7.6079807271e-03
6.03000e+02 4.3896208531e+01 3.8737981763e-02
6.04000e+02 4.3907284849e+01 1.6636575448e-02
6.05000e+02 4.3914469601e+01 1.0345060011e-02
6.06000e+02 4.3912501743e+01 2.7782645484e-02
6.07000e+02 4.3914839430e+01 2.6028805981e-02
6.08000e+02 4.3917259834e+01 1.8990628837e-02
6.09000e+02 4.3919491866e+01 3.8722599183e-04
6.10000e+02 4.3922523778e+01 6.1150685263e-04
6.11000e+02 4.3925146632e+01 1.0017172265e-03
6.12000e+02 4.3925775497e+01 3.5546973271e-03
6.13000e+02 4.3924399165e+01 1.6328220164e-02
6.14000e+02 4.3931388331e+01 1.7472643487e-02
6.15000e+02 4.3938662339e+01 4.6511541058e-03
6.16000e+02 4.3946569108e+01 7.2779035680e-03
6.17000e+02 4.3957084864e+01 3.5866164177e-03
6.18000e+02 4.3975889567e+01 1.1815537687e-02
6.19000e+02 4.3993960244e+01 5.2344762130e-03
6.20000e+02 4.4010786648e+01 3.2509425722e-03
6.21000e+02 4.4027939035e+01 9.8783792987e-03
6.22000e+02 4.4046482303e+01 2.0740598037e-02
6.23000e+02 4.4065332144e+01 4.0268564750e-03
6.24000e+02 4.4081988482e+01 3.8527632262e-03
6.25000e+02 4.4098897500e+01 1.9080866263e-03
6.26000e+02 4.4110459478e+01 9.5555386731e-03
6.27000e+02 4.4122822595e+01 1.1597986674e-02
6.28000e+02 4.4135104992e+01 1.2306807777e-02
6.29000e+02 4.4147328356e+01 1.2244792007e-02
6.30000e+02 4.4157870091e+01 2.0725248229e-03
6.31000e+02 4.4166848769e+01 7.9303393953e-03
6.32000e+02 4.4167652748e+01 1.1478417920e-02
6.33000e+02 4.4171594312e+01 1.0352253070e-02
6.34000e+02 4.4174182165e+01 9.1848767958e-03
6.35000e+02 4.4175255037e+01 1.1290246399e-02
6.36000e+02 4.4182496522e+01 1.5431083800e-02
6.37000e+02 4.4189106449e+01 8.1069445828e-03
6.38000e+02 4.4198230630e+01 9.3399625192e-03
6.39000e+02 4.4208179443e+01 5.9917362207e-03
6.40000e+02 4.4217939189e+01 4.1070641062e-03
6.41000e+02 4.4229978228e+01 4.4494846807e-03
6.42000e+02 4.4250023768e+01 1.2804055157e-02
6.43000e+02 4.4269115608e+01 7.4887603700e-03
6.44000e+02 4.4282381178e+01 1.5155488662e-04
6.45000e+02 4.4295719089e+01 1.4090123230e-02
6.46000e+02 4.4309299369e+01 1.1279896969e-02
6.47000e+02 4.4320436283e+01 2.1352717036e-03
6.48000e+02 4.4330060472e+01 9.4954406952e-03
6.49000e+02 4.4342754523e+01 6.4386059693e-04
6.50000e+02 4.4356458194e+01 5.1982473319e-04
6.51000e+02 4.4369717094e+01 5.6484866233e-04
6.52000e+02 4.4383744114e+01 8.8763251862e-04
6.53000e+02 4.4397417232e+01 4.1421835740e-04
6.54000e+02 4.4415895870e+01 5.9143701224e-03
6.55000e+02 4.4433490604e+01 4.4113491691e-03
6.56000e+02 4.4447485674e+01 3.8185387010e-04
6.57000e+02 4.4460372889e+01 3.9811729725e-03
6.58000e+02 4.4470684803e+01 1.0225961019e-03
6.59000e+02 4.4479760817e+01 2.7896276802e-03
6.60000e+02 4.4489101383e+01 1.2104594099e-02
6.61000e+02 4.4498960179e+01 7.7359367850e-03
6.62000e+02 4.4505942278e+01 1.4817802614e-02
6.63000e+02 4.4513161404e+01 1.2526645241e-02
6.64000e+02 4.4514726185e+01 1.2430289540e-02
6.65000e+02 4.4517408491e+01 1.9885340625e-02
6.66000e+02 4.4520097048e+01 1.1119063921e-02
6.67000e+02 4.4522983573e+01 2.6505546339e-03
6.68000e+02 4.4524752475e+01 1.8137948159e-02
6.69000e+02 4.4527396971e+01 3.7809946566e-05
6.70000e+02 4.4535783001e+01 1.1110188051e-02
6.71000e+02 4.4543546552e+01 1.5470662635e-02
6.72000e+02 4.4546600343e+01 3.0131376629e-03
6.73000e+02 4.4550081148e+01 5.9428071187e-04
6.74000e+02 4.4551079312e+01 3.2782750033e-02
6.75000e+02 4.4550154034e+01 8.6888298435e-03
6.76000e+02 4.4546478908e+01 1.6259184030e-02
6.77000e+02 4.4546774846e+01 2.4520239896e-02
6.78000e+02 4.4549218068e+01 1.8492246446e-02
6.79000e+02 4.4548188057e+01 4.6053246253e-03
6.80000e+02 4.4539225601e+01 1.1422559870e-02
6.81000e+02 4.4534661815e+01 3.5004446420e-02
6.82000e+02 4.4529156913e+01 1.7582094744e-02
6.83000e+02 4.4521847943e+01 2.0309696028e-02
6.84000e+02 4.4514281537e+01 2.0615039045e-03
6.85000e+02 4.4506072453e+01 3.7864387279e-02
6.86000e+02 4.4504822348e+01 2.2070698854e-02
6.87000e+02 4.4503410370e+01 1.1793104122e-02
6.88000e+02 4.4496099903e+01 4.7076510971e-02
6.89000e+02 4.4489838655e+01 1.0117213444e-03
6.90000e+02 4.4482372392e+01 3.7726379327e-02
6.91000e+02 4.4473830769e+01 6.9202861803e-03
6.92000e+02 4.4465088948e+01 1.2755592289e-03
6.93000e+02 4.4457243111e+01 2.2016577265e-02
6.94000e+02 4.4456551616e+01 5.5861086169e-04
6.95000e+02 4.4454198945e+01 2.6912476426e-02
6.96000e+02 4.4453653963e+01 6.2575649535e-03
6.97000e+02 4.4452663551e+01 7.5512115250e-03
6.98000e+02 4.4453272099e+01 1.8216703709e-02
6.99000e+02 4.4455224824e+01 1.3893091185e-02
7.00000e+02 4.4455658233e+01 8.5220522094e-03
7.01000e+02 4.4458878328e+01 1.1623984398e-02
7.02000e+02 4.4463874781e+01 5.3961753472e-03
7.03000e+02 4.4468513694e+01 1.4188178600e-03
7.04000e+02 4.4479631625e+01 1.4188847180e-05
7.05000e+02 4.4486946307e+01 5.3619570487e-03
7.06000e+02 4.4496551258e+01 8.9964020843e-03
7.07000e+02 4.4508959649e+01 8.0155765629e-03
7.08000e+02 4.4519423531e+01 8.6616111459e-03
7.09000e+02 4.4530483954e+01 1.2733147341e-02
7.10000e+02 4.4542806016e+01 5.2904500745e-03
7.11000e+02 4.4555354369e+01 3.7972301989e-03
7.12000e+02 4.4568491776e+01 8.1534515047e-04
7.13000e+02 4.4581449135e+01 8.1039816055e-03
7.14000e+02 4.4585566999e+01 8.7858878290e-04
7.15000e+02 4.4590759663e+01 7.4986353460e-03
7.16000e+02 4.4595709458e+01 1.4837620902e-02
7.17000e+02 4.4597737943e+01 1.0928874537e-02
7.18000e+02 4.4590506220e+01 1.3403644952e-02
7.19000e+02 4.4584501067e+01 1.9311189554e-02
7.20000e+02 4.4578857667e+01 3.8487555327e-03
7.21000e+02 4.4573417462e+01 2.5455652192e-02
7.22000e+02 4.4567724702e+01 1.0642555789e-02
7.23000e+02 4.4559379643e+01 1.0373543605e-02
7.24000e+02 4.4548002484e+01 2.8491050584e-02
7.25000e+02 4.4541523619e+01 3.6591778964e-02
7.26000e+02 4.4536667843e+01 2.6635121482e-02
7.27000e+02 4.4530415643e+01 2.8709607412e-02
7.28000e+02 4.4525434100e+01 2.4768339377e-02
7.29000e+02 4.4518807030e+01 1.1818777983e-02
7.30000e+02 4.4512355844e+01 2.3485409174e-02
7.31000e+02 4.4507104077e+01 2.5381388394e-02
7.32000e+02 4.4501288787e+01 2.4341870484e-02
7.33000e+02 4.4495664088e+01 6.2750086661e-04
7.34000e+02 4.4497981708e+01 9.0322042354e-03
7.35000e+02 4.4499961216e+01 2.7161164266e-02
7.36000e+02 4.4495665697e+01 1.1120935233e-02
7.37000e+02 4.4491857268e+01 7.2069014437e-03
7.38000e+02 4.4492444646e+01 2.8864245561e-02
7.39000e+02 4.4491599078e+01 4.7715607294e-04
7.40000e+02 4.4494104802e+01 8.3210140498e-03
7.41000e+02 4.4499922530e+01 1.8004113974e-02
7.42000e+02 4.4512893240e+01 1.2383332130e-02
7.43000e+02 4.4521658700e+01 9.6110271365e-03
7.44000e+02 4.4532316418e+01 8.1519943809e-03
7.45000e+02 4.4548870586e+01 2.1902278448e-02
7.46000e+02 4.4573318351e+01 1.1477055184e-02
7.47000e+02 4.4596334629e+01 1.6037915142e-02
7.48000e+02 4.4614372064e+01 2.2332953885e-02
7.49000e+02 4.4632103981e+01 1.2643327564e-02
7.50000e+02 4.4654216884e+01 1.3687014803e-02
7.51000e+02 4.4675567685e+01 1.2007850431e-02
7.52000e+02 4.4693405307e+01 4.4537748592e-03
7.53000e+02 4.4710312376e+01 7.2215097468e-05
7.54000e+02 4.4723536659e+01 2.0559185537e-02
7.55000e+02 4.4736554407e+01 8.3330524250e-03
7.56000e+02 4.4742186131e+01 1.2205897707e-02
7.57000e+02 4.4748603172e+01 2.3584513222e-03
7.58000e+02 4.4759009008e+01 8.0359433583e-03
7.59000e+02 4.4768979332e+01 2.1743491269e-02
7.60000e+02 4.4781588203e+01 8.8834967994e-03
7.61000e+02 4.4794635822e+01 5.7973184437e-03
7.62000e+02 4.4808693957e+01 1.3926287888e-03
7.63000e+02 4.4822244473e+01 7.4951396527e-03
7.64000e+02 4.4827862973e+01 2.3428691789e-03
7.65000e+02 4.4835329081e+01 3.6142877640e-03
7.66000e+02 4.4841594870e+01 1.3527231838e-02
7.67000e+02 4.4844543355e+01 1.0602031232e-02
7.68000e+02 4.4838855503e+01 1.1306352147e-02
7.69000e+02 4.4834526978e+01 1.8773473725e-02
7.70000e+02 4.4834604788e+01 1.6062912671e-02
7.71000e+02 4.4835075764e+01 1.8524358300e-02
7.72000e+02 4.4831023775e+01 1.6910014416e-03
7.73000e+02 4.4829681970e+01 2.2321617946e-02
7.74000e+02 4.4825931199e+01 1.0016559785e-02
7.75000e+02 4.4822404723e+01 3.2170058369e-02
7.76000e+02 4.4820052900e+01 2.9451072651e-02
7.77000e+02 4.4817486522e+01 9.6009770807e-04
7.78000e+02 4.4814120965e+01 2.5768294670e-02
7.79000e+02 4.4809317399e+01 1.6521889924e-02
7.80000e+02 4.4805821308e+01 2.1743399059e-02
7.81000e+02 4.4800594505e+01 3.3101018578e-02
7.82000e+02 4.4795960548e+01 2.2821341635e-03
7.83000e+02 4.4789836384e+01 6.5951407344e-03
7.84000e+02 4.4774506078e+01 2.1468121883e-02
7.85000e+02 4.4762226548e+01 7.0527273460e-03
7.86000e+02 4.4750041755e+01 7.8795660494e-03
7.87000e+02 4.4732827070e+01 1.1090520966e-02
7.88000e+02 4.4706198160e+01 1.1298603341e-02
7.89000e+02 4.4681561476e+01 1.9833118809e-02
7.90000e+02 4.4661379852e+01 5.1438184269e-02
7.91000e+02 4.4643790467e+01 4.0765533602e-02
7.92000e+02 4.4630026751e+01 4.6716812006e-02
7.93000e+02 4.4615503580e+01 2.2607322690e-02
7.94000e+02 4.4601119698e+01 6.2016715967e-04
7.95000e+02 4.4585976737e+01 6.1979078870e-04
7.96000e+02 4.4571072883e+01 5.1997089756e-04
7.97000e+02 4.4556793347e+01 4.1029597709e-02
7.98000e+02 4.4550210229e+01 3.7407408818e-03
7.99000e+02 4.4543483367e+01 4.4635922757e-02
8.00000e+02 4.4530389099e+01 4.0148930560e-02
8.01000e+02 4.4517968826e+01 1.8777368016e-03
8.02000e+02 4.4505812895e+01 9.3833757882e-04
8.03000e+02 4.4491603256e+01 9.3332227841e-04
8.04000e+02 4.4476337811e+01 4.3805419435e-02
8.05000e+02 4.4460247231e+01 9.3637188112e-03
8.06000e+02 4.4436020337e+01 1.1138572988e-02
8.07000e+02 4.4414985290e+01 3.4270818612e-02
8.08000e+02 4.4393222788e+01 6.4970582491e-03
8.09000e+02 4.4372166543e+01 5.1275951675e-02
8.10000e+02 4.4352552117e+01 2.8412043940e-02
8.11000e+02 4.4332934635e+01 1.4387619915e-03
8.12000e+02 4.4314295833e+01 9.7562449660e-04
8.13000e+02 4.4288515102e+01 9.6901507180e-03
8.14000e+02 4.4259451852e+01 8.6106234455e-02
8.15000e+02 4.4232414216e+01 5.9195156925e-02
8.16000e+02 4.4203383817e+01 9.5139195536e-03
8.17000e+02 4.4176135628e+01 2.1055368377e-04
8.18000e+02 4.4147176865e+01 7.1635453905e-05
8.19000e+02 4.4119851623e+01 7.7052231246e-05
8.20000e+02 4.4090961610e+01 6.8749551581e-05
8.21000e+02 4.4068085135e+01 3.2589921285e-03
8.22000e+02 4.4047568280e+01 4.8477429308e-02
8.23000e+02 4.4025746734e+01 4.9215450754e-02
8.24000e+02 4.4005268454e+01 2.4322443054e-02
8.25000e+02 4.3980389618e+01 2.4464061373e-03
8.26000e+02 4.3952460781e+01 2.2945568180e-03
8.27000e+02 4.3930800969e+01 4.7212290191e-02
8.28000e+02 4.3910117345e+01 1.6676847638e-04
8.29000e+02 4.3887182310e+01 6.8453014152e-02
8.30000e+02 4.3871739859e+01 3.1690430034e-02
8.31000e+02 4.3856480604e+01 6.2339555901e-03
8.32000e+02 4.3842885642e+01 6.1295899219e-02
8.33000e+02 4.3828884097e+01 1.8264914261e-02
8.34000e+02 4.3816794890e+01 3.2548284474e-02
8.35000e+02 4.3803962648e+01 1.2046593829e-02
8.36000e+02 4.3781483304e+01 7.6563542189e-02
8.37000e+02 4.3761194384e+01 3.8803112655e-02
8.38000e+02 4.3740666501e+01 6.9329204532e-03
8.39000e+02 4.3718745292e+01 7.0383213865e-02
8.40000e+02 4.3703704011e+01 1.2435717908e-02
8.41000e+02 4.3688359294e+01 5.8519512599e-02
8.42000e+02 4.3674808096e+01 5.5125965331e-02
8.43000e+02 4.3663688457e+01 2.3224853087e-02
8.44000e+02 4.3660304090e+01 1.1656913233e-02
8.45000e+02 4.3653949836e+01 8.9904637414e-03
8.46000e+02 4.3648831828e+01 2.3424637075e-02
8.47000e+02 4.3648530456e+01 2.2463522811e-02
8.48000e+02 4.3650147176e+01 5.7407958146e-04
8.49000e+02 4.3645796849e+01 1.5938593185e-02
8.50000e+02 4.3641603696e+01 1.6691142784e-02
8.51000e+02 4.3639705699e+01 3.6394255441e-02
8.52000e+02 4.3629139780e+01 1.2182639076e-02
8.53000e+02 4.3619193513e+01 9.6448954221e-03
8.54000e+02 4.3614327576e+01 3.7839431240e-02
8.55000e+02 4.3608225127e+01 1.6926256808e-02
8.56000e+02 4.3604764609e+01 1.4463299518e-02
8.57000e+02 4.3604522369e+01 2.8097564904e-02
8.58000e+02 4.3611680924e+01 1.2024492599e-02
8.59000e+02 4.3614647473e+01 9.0689977529e-03
8.60000e+02 4.3619102046e+01 3.9595118704e-03
8.61000e+02 4.3629389715e+01 2.2542378255e-02
8.62000e+02 4.3647642334e+01 1.5146576278e-02
8.63000e+02 4.3659986958e+01 9.3780750304e-03
8.64000e+02 4.3673200725e+01 1.5084164921e-02
8.65000e+02 4.3693898437e+01 2.5541471909e-02
8.66000e+02 4.3722944546e+01 2.0162187110e-02
8.67000e+02 4.3750232435e+01 3.8670217800e-02
8.68000e+02 4.3772451058e+01 4.3115589850e-02
8.69000e+02 4.3794089907e+01 2.1083162318e-02
8.70000e+02 4.3816140395e+01 2.0893944296e-02
8.71000e+02 4.3837737381e+01 1.2516890175e-02
8.72000e+02 4.3859912247e+01 1.2628751978e-02
8.73000e+02 4.3876602480e+01 3.7715011664e-02
8.74000e+02 4.3891227174e+01 6.0493310214e-02
8.75000e+02 4.3911641062e+01 1.1433026152e-02
8.76000e+02 4.3938981800e+01 2.3504966253e-02
8.77000e+02 4.3964567193e+01 2.3472379865e-02
8.78000e+02 4.3989245826e+01 2.0786803174e-02
8.79000e+02 4.4011769759e+01 3.8103871443e-02
8.80000e+02 4.4036605942e+01 2.1633081947e-02
8.81000e+02 4.4059797202e+01 5.6037038636e-02
8.82000e+02 4.4081851442e+01 1.4047409442e-02
8.83000e+02 4.4103405716e+01 1.2396375517e-02
8.84000e+02 4.4126509068e+01 5.3019099067e-02
8.85000e+02 4.4154166004e+01 2.1144144112e-02
8.86000e+02 4.4179016651e+01 2.1295014098e-02
8.87000e+02 4.4203125405e+01 3.7229631676e-02
8.88000e+02 4.4227878773e+01 2.8248940195e-02
8.89000e+02 4.4252704896e+01 1.8334766941e-02
8.90000e+02 4.4276826540e+01 1.4451381983e-02
8.91000e+02 4.4305688103e+01 4.8793994743e-02
8.92000e+02 4.4343079942e+01 3.6333548281e-02
8.93000e+02 4.4378712129e+01 6.5546184014e-02
8.94000e+02 4.4408788501e+01 6.8068299744e-02
8.95000e+02 4.4436300544e+01 2.3575167659e-02
8.96000e+02 4.4461350080e+01 6.0300881232e-02
8.97000e+02 4.4487232438e+01 9.7498288244e-03
8.98000e+02 4.4504948699e+01 8.3403881300e-03
8.99000e+02 4.4522978619e+01 2.5465571287e-02
9.00000e+02 4.4546083074e+01 1.7660818873e-02
9.01000e+02 4.4568363278e+01 5.7694660631e-02
9.02000e+02 4.4593090840e+01 4.5577893882e-02
9.03000e+02 4.4621433417e+01 2.7955815474e-02
9.04000e+02 4.4651272063e+01 6.1470626910e-02
9.05000e+02 4.4675445759e+01 5.6902233796e-02
9.06000e+02 4.4698804993e+01 1.4258381912e-02
9.07000e+02 4.4722818838e+01 1.5977765299e-02
9.08000e+02 4.4746014069e+01 3.3892617805e-02
9.09000e+02 4.4774322823e+01 2.6756824310e-02
9.10000e+02 4.4804259296e+01 2.6827894153e-02
9.11000e+02 4.4833006467e+01 2.7239483308e-02
9.12000e+02 4.4868404792e+01 5.3944420111e-02
9.13000e+02 4.4898626153e+01 7.9333861764e-03
9.14000e+02 4.4930101175e+01 3.2003029315e-02
9.15000e+02 4.4962407565e+01 3.2330185406e-02
9.16000e+02 4.4994498418e+01 5.5340843991e-02
9.17000e+02 4.5033699259e+01 1.0752432085e-02
9.18000e+02 4.5081351794e+01 5.2477518457e-02
9.19000e+02 4.5121781831e+01 3.3163993256e-02
9.20000e+02 4.5162503515e+01 7.4675346317e-02
9.21000e+02 4.5204009226e+01 5.0635998321e-02
9.22000e+02 4.5244898801e+01 1.9540401667e-02
9.23000e+02 4.5284313309e+01 1.3605663211e-01
9.24000e+02 4.5322512746e+01 7.6043536427e-02
9.25000e+02 4.5371770448e+01 6.2481900820e-02
9.26000e+02 4.5423018066e+01 1.3799874349e-01
9.27000e+02 4.5463346383e+01 4.6841839064e-02
9.28000e+02 4.5504595812e+01 5.1113106842e-02
9.29000e+02 4.5551847446e+01 2.3046489286e-01
9.30000e+02 4.5589778527e+01 3.3478459703e-02
9.31000e+02 4.5624090881e+01 8.8199956304e-04
9.32000e+02 4.5658099537e+01 5.7403604454e-02
9.33000e+02 4.5693250606e+01 2.1344416527e-02
9.34000e+02 4.5725469370e+01 1.5424986958e-01
9.35000e+02 4.5758758477e+01 1.0019159107e-01
9.36000e+02 4.5792053117e+01 4.1009082256e-02
9.37000e+02 4.5827979649e+01 1.4076445032e-01
9.38000e+02 4.5872055529e+01 2.5981066134e-02
9.39000e+02 4.5911742423e+01 6.3977865738e-03
9.40000e+02 4.5952107780e+01 4.8195112112e-02
9.41000e+02 4.5996688552e+01 7.0898485310e-02
9.42000e+02 4.6033977650e+01 7.6872450645e-02
9.43000e+02 4.6069445840e+01 1.0664895403e-01
9.44000e+02 4.6102034164e+01 1.0583598816e-01
9.45000e+02 4.6137963560e+01 4.1284746048e-02
9.46000e+02 4.6181856234e+01 5.6520430828e-02
9.47000e+02 4.6221215522e+01 8.3890455078e-02
9.48000e+02 4.6261046976e+01 2.0339838129e-02
9.49000e+02 4.6307902527e+01 5.2063268999e-02
9.50000e+02 4.6356591166e+01 1.0465420738e-01
9.51000e+02 4.6396984894e+01 6.1316180802e-02
9.52000e+02 4.6435175975e+01 5.0370832857e-02
9.53000e+02 4.6481576636e+01 6.2957548281e-02
9.54000e+02 4.6529819953e+01 6.2449270319e-02
9.55000e+02 4.6569259231e+01 4.9366011061e-02
9.56000e+02 4.6609348659e+01 8.3530635491e-02
9.57000e+02 4.6649991963e+01 7.1923976537e-02
9.58000e+02 4.6690354457e+01 7.2125118965e-02
9.59000e+02 4.6735337267e+01 1.8266520746e-01
9.60000e+02 4.6771356985e+01 1.2223599366e-02
9.61000e+02 4.6805026040e+01 4.3018771428e-02
9.62000e+02 4.6838237209e+01 6.9984848085e-02
9.63000e+02 4.6871659207e+01 2.3772187452e-02
9.64000e+02 4.6895939629e+01 1.3805461219e-02
9.65000e+02 4.6920907361e+01 6.1213541276e-02
9.66000e+02 4.6943911975e+01 1.3440520950e-01
9.67000e+02 4.6967692125e+01 4.1346590195e-02
9.68000e+02 4.6999466822e+01 1.4661615008e-01
9.69000e+02 4.7028915666e+01 1.2307634440e-01
9.70000e+02 4.7059625479e+01 4.3315739168e-02
9.71000e+02 4.7090879936e+01 2.9511088737e-02
9.72000e+02 4.7121225281e+01 7.3407315653e-03
9.73000e+02 4.7149906270e+01 4.6985679385e-02
9.74000e+02 4.7180860795e+01 2.9726289641e-02
9.75000e+02 4.7215400793e+01 3.3999649800e-02
9.76000e+02 4.7240067558e+01 1.0847736468e-01
9.77000e+02 4.7263343244e+01 2.4291260932e-02
9.78000e+02 4.7284853042e+01 6.2370116094e-02
9.79000e+02 4.7304515371e+01 8.6257393890e-03
9.80000e+02 4.7327180167e+01 8.2897291108e-03
9.81000e+02 4.7350801925e+01 7.8360652910e-02
9.82000e+02 4.7364035878e+01 2.1451270984e-02
9.83000e+02 4.7377495661e+01 1.1947834017e-01
9.84000e+02 4.7391777925e+01 1.0483120094e-03
9.85000e+02 4.7404708973e+01 6.7312808566e-03
9.86000e+02 4.7416799719e+01 6.6576960272e-03
9.87000e+02 4.7427532612e+01 8.8491932452e-03
9.88000e+02 4.7440995895e+01 3.9993415225e-03
9.89000e+02 4.7455233412e+01 1.8267682273e-02
9.90000e+02 4.7469715179e+01 6.0670433516e-03
9.91000e+02 4.7484523806e+01 5.7110983313e-04
9.92000e+02 4.7496522850e+01 9.1701705326e-05
9.93000e+02 4.7510533366e+01 1.5979974312e-03
9.94000e+02 4.7533988433e+01 1.0954741115e-01
9.95000e+02 4.7554773901e+01 5.8852316249e-03
9.96000e+02 4.7576657578e+01 1.3851795536e-02
9.97000e+02 4.7600863298e+01 2.3061045133e-02
9.98000e+02 4.7622657245e+01 1.5757766035e-02
9.99000e+02 4.7645471162e+01 1.2144822656e-02
1.00000e+03 4.7669036018e+01 1.3813857215e-02
1.00100e+03 4.7692586292e+01 1.2768449840e-02
1.00200e+03 4.7707739725e+01 3.3881893767e-03
1.00300e+03 4.7723270860e+01 1.4944513063e-02
1.00400e+03 4.7744555515e+01 1.2246388554e-02
1.00500e+03 4.7765800241e+01 9.9285944037e-03
1.00600e+03 4.7782117412e+01 1.6093306880e-02
1.00700e+03 4.7798821897e+01 1.3407492195e-02
1.00800e+03 4.7815561234e+01 1.3816250439e-02
1.00900e+03 4.7831241958e+01 2.8772638143e-02
1.01000e+03 4.7845272968e+01 3.1952018569e-02
1.01100e+03 4.7861403145e+01 2.6250231852e-04
1.01200e+03 4.7884159773e+01 1.1390638647e-02
1.01300e+03 4.7903538846e+01 1.8368848165e-02
1.01400e+03 4.7924737532e+01 1.9715038114e-02
1.01500e+03 4.7948326299e+01 1.3723289061e-02
1.01600e+03 4.7969879296e+01 1.2505935201e-02
1.01700e+03 4.7992258380e+01 1.4691685560e-02
1.01800e+03 4.8016113084e+01 1.0085933266e-02
1.01900e+03 4.8037909071e+01 2.5810587300e-02
1.02000e+03 4.8060431635e+01 1.5033443375e-02
1.02100e+03 4.8083603004e+01 1.5810694651e-02
1.02200e+03 4.8105425885e+01 1.2605390999e-02
1.02300e+03 4.8131808639e+01 3.3288444315e-02
1.02400e+03 4.8159820611e+01 4.4790030656e-02
1.02500e+03 4.8186710876e+01 2.2216883500e-02
1.02600e+03 4.8220633705e+01 2.5401415369e-02
1.02700e+03 4.8250018133e+01 6.2130590984e-03
1.02800e+03 4.8280448707e+01 4.9420301996e-02
1.02900e+03 4.8317651103e+01 1.3978773244e-02
1.03000e+03 4.8363127445e+01 1.7760358865e-02
1.03100e+03 4.8401763998e+01 5.4581555092e-02
1.03200e+03 4.8440775602e+01 2.2545824348e-02
1.03300e+03 4.8488586884e+01 2.8351484419e-02
1.03400e+03 4.8545046951e+01 6.5510698824e-02
1.03500e+03 4.8598990456e+01 1.5141196673e-01
1.03600e+03 4.8648170669e+01 8.5650835300e-02
1.03700e+03 4.8696272657e+01 6.5735893165e-02
1.03800e+03 4.8744785614e+01 6.5002901152e-02
1.03900e+03 4.8788350603e+01 1.0464011953e-01
1.04000e+03 4.8829914931e+01 1.7030231918e-01
1.04100e+03 4.8871277941e+01 1.2752904406e-01
1.04200e+03 4.8911589592e+01 9.5293337524e-02
1.04300e+03 4.8958529129e+01 6.2486204157e-02
1.04400e+03 4.9013779537e+01 1.2619185530e-01
1.04500e+03 4.9066676146e+01 1.2501876891e-01
1.04600e+03 4.9114484115e+01 6.1718729175e-02
1.04700e+03 4.9161518081e+01 6.2511438057e-02
1.04800e+03 4.9213454943e+01 7.1673841449e-02
1.04900e+03 4.9264267856e+01 6.9518470571e-02
1.05000e+03 4.9311727003e+01 6.2100104841e-02
1.05100e+03 4.9358765633e+01 1.0575295037e-01
1.05200e+03 4.9401447336e+01 1.2724269584e-01
1.05300e+03 4.9447349928e+01 7.0470792685e-02
1.05400e+03 4.9500045382e+01 7.0207544716e-02
1.05500e+03 4.9547780603e+01 1.2640640029e-01
1.05600e+03 4.9596202709e+01 2.0120048018e-01
1.05700e+03 4.9649045563e+01 7.2167277874e-02
1.05800e+03 4.9695539354e+01 6.9434966644e-02
1.05900e+03 4.9740449413e+01 1.9887070803e-01
1.06000e+03 4.9782082590e+01 1.3416264986e-01
1.06100e+03 4.9827298003e+01 6.9450158433e-02
1.06200e+03 4.9873622320e+01 6.9211233939e-02
1.06300e+03 4.9914320697e+01 4.8851715517e-02
1.06400e+03 4.9954879583e+01 6.4231889305e-02
1.06500e+03 4.9995499453e+01 1.3801739701e-01
1.06600e+03 5.0036055449e+01 4.7625034715e-02
1.06700e+03 5.0079509816e+01 4.8657570019e-02
1.06800e+03 5.0114330029e+01 3.2728905521e-02
1.06900e+03 5.0148402469e+01 5.2055732447e-02
1.07000e+03 5.0181741375e+01 6.2361016571e-03
1.07100e+03 5.0214150070e+01 2.1650505069e-02
1.07200e+03 5.0243470455e+01 1.1895780823e-01
1.07300e+03 5.0275502099e+01 3.2759317196e-02
1.07400e+03 5.0308302839e+01 9.1974104026e-02
1.07500e+03 5.0342232390e+01 1.0755298887e-01
1.07600e+03 5.0383638434e+01 2.2202374077e-02
1.07700e+03 5.0421888468e+01 4.5648716090e-02
1.07800e+03 5.0461293262e+01 1.7812803098e-02
1.07900e+03 5.0499032883e+01 5.4662631595e-02
1.08000e+03 5.0537894169e+01 8.2871016904e-02
1.08100e+03 5.0581556465e+01 6.1530389048e-02
1.08200e+03 5.0616275436e+01 1.0651040344e-01
1.08300e+03 5.0649082109e+01 2.0629882403e-02
1.08400e+03 5.0681403234e+01 7.9108399828e-04
1.08500e+03 5.0713464878e+01 3.6379136703e-02
1.08600e+03 5.0745593100e+01 3.0400777850e-02
1.08700e+03 5.0778169552e+01 4.5041260738e-02
1.08800e+03 5.0807846175e+01 8.4618941962e-02
1.08900e+03 5.0837430568e+01 2.5415159832e-02
1.09000e+03 5.0865672644e+01 2.3955197409e-02
1.09100e+03 5.0897660183e+01 3.0296273216e-02
1.09200e+03 5.0931139971e+01 5.8083466228e-02
1.09300e+03 5.0965312238e+01 1.3088845228e-01
1.09400e+03 5.1006606080e+01 1.3051766807e-02
1.09500e+03 5.1044682688e+01 8.9715373559e-03
1.09600e+03 5.1084215178e+01 7.2801794032e-02
1.09700e+03 5.1129707017e+01 2.4358287498e-02
1.09800e+03 5.1183063008e+01 1.2062147646e-02
1.09900e+03 5.1234347283e+01 7.0719925439e-02
1.10000e+03 5.1281068003e+01 1.2369402222e-01
1.10100e+03 5.1327131224e+01 5.8764534233e-02
1.10200e+03 5.1373496132e+01 5.8349957993e-02
1.10300e+03 5.1416358136e+01 1.1524687475e-01
1.10400e+03 5.1456272005e+01 8.3421078053e-02
1.10500e+03 5.1494440183e+01 7.8643831345e-02
1.10600e+03 5.1531601541e+01 4.1155513642e-02
1.10700e+03 5.1576396151e+01 5.7022996645e-02
1.10800e+03 5.1629964140e+01 7.0861204096e-02
1.10900e+03 5.1681129249e+01 1.0431550742e-01
1.11000e+03 5.1726711015e+01 5.6182832011e-02
1.11100e+03 5.1769473339e+01 4.5708503965e-02
1.11200e+03 5.1809915860e+01 2.2296697992e-01
1.11300e+03 5.1851750857e+01 4.6796536701e-02
1.11400e+03 5.1885366333e+01 2.0638556221e-02
1.11500e+03 5.1919231055e+01 1.3782936142e-02
1.11600e+03 5.1950600887e+01 5.3640422389e-02
1.11700e+03 5.1983608034e+01 6.4957102642e-02
1.11800e+03 5.2024130154e+01 1.3791506350e-01
1.11900e+03 5.2061536614e+01 2.5009764131e-01
1.12000e+03 5.2099917159e+01 7.2361429272e-02
1.12100e+03 5.2141240360e+01 4.7494372463e-02
1.12200e+03 5.2180441072e+01 4.6125470021e-02
1.12300e+03 5.2219220667e+01 4.3535739132e-02
1.12400e+03 5.2253386510e+01 3.2837665563e-02
1.12500e+03 5.2287921517e+01 7.4995455959e-02
1.12600e+03 5.2322400498e+01 7.5233599395e-02
1.12700e+03 5.2357147021e+01 3.4707114359e-02
1.12800e+03 5.2396154322e+01 4.3298792133e-02
1.12900e+03 5.2433504330e+01 4.1326370483e-02
1.13000e+03 5.2472800871e+01 6.4181412550e-02
1.13100e+03 5.2513815580e+01 4.5490606162e-02
1.13200e+03 5.2548794700e+01 3.5172545863e-02
1.13300e+03 5.2584500068e+01 1.3824694460e-01
1.13400e+03 5.2617518152e+01 3.9166658286e-02
1.13500e+03 5.2648985051e+01 1.6829669597e-02
1.13600e+03 5.2677483113e+01 5.1748716384e-02
1.13700e+03 5.2708886016e+01 9.7297618249e-02
1.13800e+03 5.2741435382e+01 2.9306114597e-02
1.13900e+03 5.2772110707e+01 2.4527914780e-02
1.14000e+03 5.2795636937e+01 1.4552058139e-03
1.14100e+03 5.2822083322e+01 5.9145317202e-02
1.14200e+03 5.2846808561e+01 3.7172661059e-03
1.14300e+03 5.2868085232e+01 9.3986539265e-03
1.14400e+03 5.2880911706e+01 4.8386415685e-02
1.14500e+03 5.2894734014e+01 6.1097437406e-02
1.14600e+03 5.2913068996e+01 4.9510514596e-03
1.14700e+03 5.2931621752e+01 1.8840875155e-02
1.14800e+03 5.2945863699e+01 1.4154728622e-03
1.14900e+03 5.2963543345e+01 5.0531904351e-03
1.15000e+03 5.2978689604e+01 1.4620042920e-04
1.15100e+03 5.2993348524e+01 1.6100320096e-02
1.15200e+03 5.3008076325e+01 1.7550470114e-01
1.15300e+03 5.3022330928e+01 1.8463523841e-03
1.15400e+03 5.3043309767e+01 2.1465891366e-02
1.15500e+03 5.3062949188e+01 4.9805008430e-03
1.15600e+03 5.3084376524e+01 6.3666453774e-03
1.15700e+03 5.3106633993e+01 8.5304483139e-03
1.15800e+03 5.3121349007e+01 4.5750698454e-03
1.15900e+03 5.3137275417e+01 4.4609879363e-03
1.16000e+03 5.3152081793e+01 1.8153903101e-03
1.16100e+03 5.3166676585e+01 3.1292240120e-03
1.16200e+03 5.3180693655e+01 3.7457968951e-03
1.16300e+03 5.3192807153e+01 1.9993369658e-03
1.16400e+03 5.3206906476e+01 7.0705367623e-04
1.16500e+03 5.3220165107e+01 8.9988372787e-03
1.16600e+03 5.3223515415e+01 8.9055170686e-03
1.16700e+03 5.3228959640e+01 7.3756196887e-03
1.16800e+03 5.3233581590e+01 1.5006520106e-02
1.16900e+03 5.3237382270e+01 7.0422441956e-03
1.17000e+03 5.3248543712e+01 6.6057338429e-03
1.17100e+03 5.3259157980e+01 4.6868700841e-03
1.17200e+03 5.3270979064e+01 3.4449517995e-03
1.17300e+03 5.3285941512e+01 4.5626390407e-03
1.17400e+03 5.3308792584e+01 8.0100471870e-03
1.17500e+03 5.3330700968e+01 1.0052661503e-02
1.17600e+03 5.3351521277e+01 8.0118447987e-03
1.17700e+03 5.3372188435e+01 6.7626076029e-03
1.17800e+03 5.3388474058e+01 6.8441277039e-03
1.17900e+03 5.3405236229e+01 1.7805593612e-02
1.18000e+03 5.3421924615e+01 1.8190551303e-02
1.18100e+03 5.3438916599e+01 2.2981247790e-04
1.18200e+03 5.3456158765e+01 7.8336226789e-04
1.18300e+03 5.3473470436e+01 3.1968771336e-04
1.18400e+03 5.3494499773e+01 6.9648729935e-03
1.18500e+03 5.3512276763e+01 7.1627227536e-03
1.18600e+03 5.3534400844e+01 2.9916792282e-02
1.18700e+03 5.3561263548e+01 1.6508941206e-02
1.18800e+03 5.3589619425e+01 2.7925511491e-02
1.18900e+03 5.3612042102e+01 2.9447212163e-02
1.19000e+03 5.3633319283e+01 1.4986473260e-02
1.19100e+03 5.3655412042e+01 1.9287255183e-02
1.19200e+03 5.3678065252e+01 9.9985027966e-03
1.19300e+03 5.3702531715e+01 3.1203587296e-02
1.19400e+03 5.3718910356e+01 1.1977236259e-02
1.19500e+03 5.3735420161e+01 6.5783596814e-03
1.19600e+03 5.3750917790e+01 1.5394328216e-02
1.19700e+03 5.3764496180e+01 2.2853332063e-02
1.19800e+03 5.3775143685e+01 1.7593574774e-03
1.19900e+03 5.3789359805e+01 1.7490799281e-02
1.20000e+03 5.3804973276e+01 9.9818224002e-03
1.20100e+03 5.3818426721e+01 1.2322573083e-02
1.20200e+03 5.3832938064e+01 6.0628861687e-03
1.20300e+03 5.3846837531e+01 3.2107664196e-04
1.20400e+03 5.3851546437e+01 5.2383414759e-04
1.20500e+03 5.3857113893e+01 1.2290822732e-02
1.20600e+03 5.3863232379e+01 1.4095796407e-03
1.20700e+03 5.3869009559e+01 1.3733087539e-02
1.20800e+03 5.3874069355e+01 1.2079460589e-02
1.20900e+03 5.3877933775e+01 1.9127598948e-03
1.21000e+03 5.3883351500e+01 9.0936179865e-03
1.21100e+03 5.3887578036e+01 7.7414507599e-03
1.21200e+03 5.3882245326e+01 2.7081397670e-02
1.21300e+03 5.3879526754e+01 1.5667516732e-02
1.21400e+03 5.3877374020e+01 7.5704585723e-03
1.21500e+03 5.3870806213e+01 2.2964537468e-02
1.21600e+03 5.3854805765e+01 1.9509636548e-02
1.21700e+03 5.3843572245e+01 1.6077836025e-02
1.21800e+03 5.3832057189e+01 2.7327598635e-02
1.21900e+03 5.3817269685e+01 3.1116983516e-02
1.22000e+03 5.3808850480e+01 1.5934017169e-03
1.22100e+03 5.3801670360e+01 4.4100475075e-02
1.22200e+03 5.3796613162e+01 1.6413850231e-02
1.22300e+03 5.3792811949e+01 9.3944822887e-03
1.22400e+03 5.3796335903e+01 3.2113215631e-02
1.22500e+03 5.3799588178e+01 2.3852827418e-02
1.22600e+03 5.3801800241e+01 1.3118913896e-03
1.22700e+03 5.3804198615e+01 1.5552397671e-03
1.22800e+03 5.3805670398e+01 7.4027957236e-04
1.22900e+03 5.3809302524e+01 1.0812245689e-02
1.23000e+03 5.3815438233e+01 1.2363836764e-02
1.23100e+03 5.3819962363e+01 1.5757649204e-02
1.23200e+03 5.3823982203e+01 1.2455094025e-02
1.23300e+03 5.3831169906e+01 2.1793525088e-02
1.23400e+03 5.3845876209e+01 2.4035953138e-02
1.23500e+03 5.3857016887e+01 7.5085518131e-03
1.23600e+03 5.3869471766e+01 8.4350382813e-03
1.23700e+03 5.3887461236e+01 3.3464904062e-02
1.23800e+03 5.3913375902e+01 1.8709406993e-02
1.23900e+03 5.3933746408e+01 9.2298270865e-03
1.24000e+03 5.3955012291e+01 8.8110041484e-03
1.24100e+03 5.3975492924e+01 1.5956503817e-02
1.24200e+03 5.3995277890e+01 1.4459630604e-02
1.24300e+03 5.4014917440e+01 4.6678190039e-03
1.24400e+03 5.4037183443e+01 7.8854355112e-03
1.24500e+03 5.4060867570e+01 1.1191171945e-02
1.24600e+03 5.4084485014e+01 1.2531421961e-02
1.24700e+03 5.4109034347e+01 1.3384095886e-02
1.24800e+03 5.4130824075e+01 6.6679133080e-03
1.24900e+03 5.4159092634e+01 2.8969786383e-02
1.25000e+03 5.4197106041e+01 4.5870030089e-02
1.25100e+03 5.4228997044e+01 7.3416704880e-03
1.25200e+03 5.4259612524e+01 1.4251614947e-02
1.25300e+03 5.4298409785e+01 5.6352862569e-02
1.25400e+03 5.4339183576e+01 1.3197049410e-01
1.25500e+03 5.4370572077e+01 3.2647559929e-02
1.25600e+03 5.4399958092e+01 5.5067044412e-02
1.25700e+03 5.4428602078e+01 5.2267462343e-02
1.25800e+03 5.4460481763e+01 2.8967281759e-02
1.25900e+03 5.4498399825e+01 1.6735821116e-01
1.26000e+03 5.4533258065e+01 8.2527230508e-02
1.26100e+03 5.4566441102e+01 6.2315082003e-02
1.26200e+03 5.4598573399e+01 2.5854016329e-02
1.26300e+03 5.4628534327e+01 2.7145104390e-02
1.26400e+03 5.4657618126e+01 2.4069460732e-02
1.26500e+03 5.4685950518e+01 2.2416855696e-02
1.26600e+03 5.4717781095e+01 7.8298960244e-02
1.26700e+03 5.4750833023e+01 4.9742444690e-02
1.26800e+03 5.4780308840e+01 2.2786457201e-02
1.26900e+03 5.4817328560e+01 8.0667161986e-02
1.27000e+03 5.4864533885e+01 4.5944485923e-02
1.27100e+03 5.4909624514e+01 9.0855283135e-02
1.27200e+03 5.4947975823e+01 7.8164012586e-02
1.27300e+03 5.4985359991e+01 4.6262989991e-02
1.27400e+03 5.5023311125e+01 4.5816551964e-02
1.27500e+03 5.5060663760e+01 4.0142334479e-02
1.27600e+03 5.5103978982e+01 5.3276924745e-02
1.27700e+03 5.5143387364e+01 2.9120123645e-02
1.27800e+03 5.5184262868e+01 1.0568496920e-01
1.27900e+03 5.5223284214e+01 1.3903190888e-01
1.28000e+03 5.5263361198e+01 9.9010835006e-02
1.28100e+03 5.5304359561e+01 1.0716926551e-01
1.28200e+03 5.5343458588e+01 4.2831117960e-02
1.28300e+03 5.5391057070e+01 2.3295627467e-02
1.28400e+03 5.5440506734e+01 9.6208317679e-02
1.28500e+03 5.5480570500e+01 4.3830705579e-02
1.28600e+03 5.5521260163e+01 7.9598752257e-02
1.28700e+03 5.5567169635e+01 1.3710481934e-01
1.28800e+03 5.5603966974e+01 3.1134550066e-02
1.28900e+03 5.5639926738e+01 1.0252702642e-01
1.29000e+03 5.5682435987e+01 1.3616174192e-01
1.29100e+03 5.5722450609e+01 4.5366655989e-02
1.29200e+03 5.5763376424e+01 8.2916024213e-02
1.29300e+03 5.5809843329e+01 3.2366976093e-02
1.29400e+03 5.5864435732e+01 1.2083153864e-02
1.29500e+03 5.5917049471e+01 7.1738588772e-02
1.29600e+03 5.5968866735e+01 6.8891710777e-02
1.29700e+03 5.6018899959e+01 8.9289600457e-02
1.29800e+03 5.6070470715e+01 4.2979549495e-02
1.29900e+03 5.6127607400e+01 9.1563670635e-02
1.30000e+03 5.6192105884e+01 1.7554326695e-02
1.30100e+03 5.6249437537e+01 5.0234998917e-02
1.30200e+03 5.6306857094e+01 2.0143625726e-01
1.30300e+03 5.6370922252e+01 9.7811011071e-02
1.30400e+03 5.6429149239e+01 1.8253872515e-01
1.30500e+03 5.6483759956e+01 2.1934388275e-01
1.30600e+03 5.6534408897e+01 1.4856575395e-01
1.30700e+03 5.6590505721e+01 7.8562599848e-02
1.30800e+03 5.6654493322e+01 9.2329210517e-02
1.30900e+03 5.6716088658e+01 8.9767059282e-02
1.31000e+03 5.6776731156e+01 8.6332188690e-02
1.31100e+03 5.6835817716e+01 1.5017209556e-01
1.31200e+03 5.6896792762e+01 3.0794680397e-02
1.31300e+03 5.6954742718e+01 1.0349306001e-01
1.31400e+03 5.7012119306e+01 1.4997895471e-01
1.31500e+03 5.7069761385e+01 7.8994558810e-02
1.31600e+03 5.7127161264e+01 7.8938855616e-02
1.31700e+03 5.7191285908e+01 8.8775164474e-02
1.31800e+03 5.7247652909e+01 1.5954504252e-01
1.31900e+03 5.7302890462e+01 1.5852622594e-01
1.32000e+03 5.7364048525e+01 9.7120432622e-02
1.32100e+03 5.7422092792e+01 7.9262104584e-02
1.32200e+03 5.7481748931e+01 1.5704879305e-01
1.32300e+03 5.7538817397e+01 1.5601025496e-01
1.32400e+03 5.7596043218e+01 7.9008783816e-02
1.32500e+03 5.7659809398e+01 9.6664847540e-02
1.32600e+03 5.7715264664e+01 1.5494250976e-01
1.32700e+03 5.7767425345e+01 4.5665317315e-02
1.32800e+03 5.7818153036e+01 2.9687327626e-03
1.32900e+03 5.7870461305e+01 8.9274792562e-02
1.33000e+03 5.7914274007e+01 3.3977087937e-02
1.33100e+03 5.7957850191e+01 5.6187334773e-03
1.33200e+03 5.8000490215e+01 8.1097850342e-02
1.33300e+03 5.8042151903e+01 1.4652971410e-01
1.33400e+03 5.8082115313e+01 1.0072134378e-01
1.33500e+03 5.8125492701e+01 1.7687051428e-01
1.33600e+03 5.8170138176e+01 5.1499227642e-02
1.33700e+03 5.8209166723e+01 7.6469116003e-02
1.33800e+03 5.8246540472e+01 7.3802986370e-02
1.33900e+03 5.8282530094e+01 3.6755261986e-02
1.34000e+03 5.8321834121e+01 4.4394807426e-02
1.34100e+03 5.8361827063e+01 4.2681665037e-02
1.34200e+03 5.8398656602e+01 3.6174297614e-02
1.34300e+03 5.8442047037e+01 5.1460774605e-02
1.34400e+03 5.8495071476e+01 2.6007138616e-01
1.34500e+03 5.8542256516e+01 3.8773996167e-02
1.34600e+03 5.8589449609e+01 8.9263271671e-02
1.34700e+03 5.8641983322e+01 1.5930405478e-01
1.34800e+03 5.8686583053e+01 5.6785840494e-02
1.34900e+03 5.8730286324e+01 7.4000607442e-02
1.35000e+03 5.8780333818e+01 6.5798018347e-02
1.35100e+03 5.8827994652e+01 5.8067905466e-02
1.35200e+03 5.8876589196e+01 8.0269340816e-02
1.35300e+03 5.8930919135e+01 7.6358889071e-02
1.35400e+03 5.8993302275e+01 4.0305742535e-02
1.35500e+03 5.9049154734e+01 3.0788584582e-02
1.35600e+03 5.9105105467e+01 9.7525273836e-02
1.35700e+03 5.9167230548e+01 1.1558902597e-01
1.35800e+03 5.9222871473e+01 1.5582806057e-01
1.35900e+03 5.9277487321e+01 7.3267203653e-02
1.36000e+03 5.9337743970e+01 8.5376849481e-02
1.36100e+03 5.9394798554e+01 7.6032913366e-02
1.36200e+03 5.9453550129e+01 1.5963349843e-01
1.36300e+03 5.9509715834e+01 2.9597714206e-01
1.36400e+03 5.9564181284e+01 7.3414235469e-02
1.36500e+03 5.9629068926e+01 6.2847409253e-02
1.36600e+03 5.9703141645e+01 3.3027405569e-02
1.36700e+03 5.9768380237e+01 1.6616790554e-01
1.36800e+03 5.9833065217e+01 1.0219530605e-02
1.36900e+03 5.9908600222e+01 4.3641741024e-02
1.37000e+03 5.9986041720e+01 2.0137717041e-01
1.37100e+03 6.0060841568e+01 1.1487064285e-01
1.37200e+03 6.0143708303e+01 1.7479575360e-01
1.37300e+03 6.0218677470e+01 1.9939887194e-02
1.37400e+03 6.0293494707e+01 1.5357032939e-01
1.37500e+03 6.0379114770e+01 6.9835372482e-02
1.37600e+03 6.0473567909e+01 3.1506350556e-02
1.37700e+03 6.0557533071e+01 1.6241275392e-01
1.37800e+03 6.0640376356e+01 4.5102145802e-01
1.37900e+03 6.0732774419e+01 3.5465463485e-01
1.38000e+03 6.0819532484e+01 1.9383787676e-01
1.38100e+03 6.0904321944e+01 1.3379827860e-01
1.38200e+03 6.0994910079e+01 1.5838533836e-01
1.38300e+03 6.1080317056e+01 1.3040228325e-01
1.38400e+03 6.1164975844e+01 1.3208738339e-01
1.38500e+03 6.1255566976e+01 1.5642002225e-01
1.38600e+03 6.1341166569e+01 1.3250600876e-01
1.38700e+03 6.1425411586e+01 1.3182905973e-01
1.38800e+03 6.1509988335e+01 1.3067438644e-01
1.38900e+03 6.1591255120e+01 5.2298373520e-01
1.39000e+03 6.1669560786e+01 6.5552180204e-03
1.39100e+03 6.1750616836e+01 1.9830921789e-01
1.39200e+03 6.1823871742e+01 3.2573587778e-02
1.39300e+03 6.1896132431e+01 1.5110039770e-01
1.39400e+03 6.1968774402e+01 1.0644093169e-01
1.39500e+03 6.2039907008e+01 3.5855152720e-03
1.39600e+03 6.2109401631e+01 1.8929986507e-01
1.39700e+03 6.2177174631e+01 3.0998054698e-01
1.39800e+03 6.2243641761e+01 4.7772643816e-01
1.39900e+03 6.2316458236e+01 1.0689027781e-01
1.40000e+03 6.2390268806e+01 1.0795198585e-01
1.40100e+03 6.2456396573e+01 2.0477944522e-01
1.40200e+03 6.2522850598e+01 9.5610720950e-02
1.40300e+03 6.2593564532e+01 2.3637742203e-01
1.40400e+03 6.2655438551e+01 1.1936550786e-02
1.40500e+03 6.2715228277e+01 6.8503350707e-02
1.40600e+03 6.2774338224e+01 1.3014564763e-01
1.40700e+03 6.2832171613e+01 2.1559100081e-01
1.40800e+03 6.2888026532e+01 1.5176150715e-01
1.40900e+03 6.2949133460e+01 8.4209872224e-02
1.41000e+03 6.3018779546e+01 6.3437580757e-01
1.41100e+03 6.3082944394e+01 6.3314593712e-03
1.41200e+03 6.3146961515e+01 8.9117985505e-02
1.41300e+03 6.3211056897e+01 8.8959401942e-02
1.41400e+03 6.3274922821e+01 3.6546336579e-02
1.41500e+03 6.3347881235e+01 2.0295369416e-01
1.41600e+03 6.3429445252e+01 1.0711350082e-01
1.41700e+03 6.3502624154e+01 9.0835201652e-03
1.41800e+03 6.3575130578e+01 1.0643418298e-01
1.41900e+03 6.3655251022e+01 2.9559049011e-01
1.42000e+03 6.3733421283e+01 1.1881989135e-01
1.42100e+03 6.3808075181e+01 1.0780274383e-01
1.42200e+03 6.3884092267e+01 2.1490190280e-01
1.42300e+03 6.3967183592e+01 2.3584036881e-01
1.42400e+03 6.4051560122e+01 5.4498344290e-01
1.42500e+03 6.4126530259e+01 3.4314555609e-01
1.42600e+03 6.4200532753e+01 1.1463527843e-01
1.42700e+03 6.4273934991e+01 1.1326898362e-01
1.42800e+03 6.4345678745e+01 2.3133119615e-01
1.42900e+03 6.4415598921e+01 2.2604990363e-01
1.43000e+03 6.4487670539e+01 1.0578057104e-01
1.43100e+03 6.4560472252e+01 1.1857172510e-01
1.43200e+03 6.4630484839e+01 1.0000449560e-01
1.43300e+03 6.4713054741e+01 1.2710736982e-01
1.43400e+03 6.4805728700e+01 2.4066829741e-01
1.43500e+03 6.4894384108e+01 3.6766366540e-01
1.43600e+03 6.4977391493e+01 1.2561111704e-01
1.43700e+03 6.5054930275e+01 1.0752309772e-01
1.43800e+03 6.5129706361e+01 2.6228902247e-01
1.43900e+03 6.5203260742e+01 2.4928194216e-01
1.44000e+03 6.5275981182e+01 1.0584561285e-01
1.44100e+03 6.5355185372e+01 3.2354517536e-03
1.44200e+03 6.5426301933e+01 7.0280151130e-02
1.44300e+03 6.5495942257e+01 1.8276579966e-01
1.44400e+03 6.5572137271e+01 2.3255371450e-01
1.44500e+03 6.5647006185e+01 2.1529921507e-01
1.44600e+03 6.5721144059e+01 1.0835773416e-01
1.44700e+03 6.5794695021e+01 1.0693142433e-01
1.44800e+03 6.5867764321e+01 1.0575591889e-01
1.44900e+03 6.5940591786e+01 1.0492666601e-01
1.45000e+03 6.6011817698e+01 1.0052140969e-01
1.45100e+03 6.6087290820e+01 2.5229889088e-01
1.45200e+03 6.6156637498e+01 3.5879625753e-01
1.45300e+03 6.6226789512e+01 3.6383584894e-01
1.45400e+03 6.6303076033e+01 1.0803896122e-01
1.45500e+03 6.6375641530e+01 2.0882379302e-01
1.45600e+03 6.6449787999e+01 2.1663727128e-01
1.45700e+03 6.6530748055e+01 1.1873896451e-01
1.45800e+03 6.6618945750e+01 1.1911173212e-02
1.45900e+03 6.6699891570e+01 2.2480095760e-01
1.46000e+03 6.6782201542e+01 1.2678372862e-01
1.46100e+03 6.6874482693e+01 2.3220357102e-02
1.46200e+03 6.6974585779e+01 1.2303541085e-01
1.46300e+03 6.7070886302e+01 2.6621561817e-01
1.46400e+03 6.7163868690e+01 5.2704585079e-01
1.46500e+03 6.7252589233e+01 4.6039791065e-01
1.46600e+03 6.7336352481e+01 5.9905331652e-01
1.46700e+03 6.7418235230e+01 2.7889764746e-01
1.46800e+03 6.7499831658e+01 1.2876626299e-01
1.46900e+03 6.7591081578e+01 1.4275411806e-01
1.47000e+03 6.7690389695e+01 2.7782378081e-01
1.47100e+03 6.7780605879e+01 8.3334348741e-03
1.47200e+03 6.7871121602e+01 4.5247988808e-02
1.47300e+03 6.7959114653e+01 1.7311274542e-01
1.47400e+03 6.8044848742e+01 1.3182930522e-01
1.47500e+03 6.8146527613e+01 2.6710193436e-01
1.47600e+03 6.8258467575e+01 2.0956946792e-02
1.47700e+03 6.8357988418e+01 1.6353859832e-01
1.47800e+03 6.8455897168e+01 1.4239855437e-01
1.47900e+03 6.8568167565e+01 3.1527516189e-02
1.48000e+03 6.8689983520e+01 1.7325105179e-01
1.48100e+03 6.8799009901e+01 1.5176169422e-01
1.48200e+03 6.8907049115e+01 4.1626452662e-02
1.48300e+03 6.9012197020e+01 3.3269331149e-01
1.48400e+03 6.9114591957e+01 1.6499645908e-01
1.48500e+03 6.9216573533e+01 1.6166513332e-01
1.48600e+03 6.9316921349e+01 1.5945634762e-01
1.48700e+03 6.9439238284e+01 1.8312433854e-01
1.48800e+03 6.9574171749e+01 1.6472744347e-01
1.48900e+03 6.9692797865e+01 3.7531291477e-01
1.49000e+03 6.9807993587e+01 8.5347953716e-01
1.49100e+03 6.9923182093e+01 1.8698517203e-01
1.49200e+03 7.0037529878e+01 1.3999968167e-02
1.49300e+03 7.0149852205e+01 3.6006042466e-01
1.49400e+03 7.0263578961e+01 1.8532922064e-01
1.49500e+03 7.0378370867e+01 1.8474729143e-01
1.49600e+03 7.0489964699e+01 3.5694641229e-01
1.49700e+03 7.0600283932e+01 1.8314079675e-01
1.49800e+03 7.0713346943e+01 1.8389879911e-01
1.49900e+03 7.0827764995e+01 1.8334104640e-01
1.50000e+03 7.0938116537e+01 1.8171536609e-01
1.50100e+03 7.1047251755e+01 1.8253088504e-01
1.50200e+03 7.1159753555e+01 1.8259649436e-01
1.50300e+03 7.1291885222e+01 6.7195360718e-01
1.50400e+03 7.1413446135e+01 1.5266712896e+00
1.50500e+03 7.1521685228e+01 1.8151777330e-01
1.50600e+03 7.1624302444e+01 3.5595028331e-01
1.50700e+03 7.1724308284e+01 1.5777469374e-01
1.50800e+03 7.1829197727e+01 7.6123568467e-03
1.50900e+03 7.1934446899e+01 3.3925296375e-01
1.51000e+03 7.2037634585e+01 3.3721195347e-01
1.51100e+03 7.2141666971e+01 1.6204526545e-01
1.51200e+03 7.2242542443e+01 1.5587517460e-01
1.51300e+03 7.2360997932e+01 1.0705963993e+00
1.51400e+03 7.2490641567e+01 1.4249631382e+00
1.51500e+03 7.2614880880e+01 1.4156458215e+00
1.51600e+03 7.2738000799e+01 2.0162568413e-01
1.51700e+03 7.2858644563e+01 1.9782850816e-01
1.51800e+03 7.2978985735e+01 1.9485193322e-01
1.51900e+03 7.3097825537e+01 1.9285312016e-01
1.52000e+03 7.3216580535e+01 1.9107409187e-01
1.52100e+03 7.3336776764e+01 1.6163842466e-02
1.52200e+03 7.3459816898e+01 2.2164662404e-02
1.52300e+03 7.3587920978e+01 1.1102557944e+00
1.52400e+03 7.3722034702e+01 1.5358726330e-02
1.52500e+03 7.3846908796e+01 1.9277610893e-02
1.52600e+03 7.3973739118e+01 9.6929899025e-01
1.52700e+03 7.4113198308e+01 2.6698477755e-02
1.52800e+03 7.4254027946e+01 1.3504024813e+00
1.52900e+03 7.4381268726e+01 1.1734264280e+00
1.53000e+03 7.4505924893e+01 7.8179204689e-01
1.53100e+03 7.4640537220e+01 4.5510041812e-01
1.53200e+03 7.4767461235e+01 1.6616679638e-01
1.53300e+03 7.4887643846e+01 7.0581692235e-03
1.53400e+03 7.5004635149e+01 4.4698045436e-01
1.53500e+03 7.5127425257e+01 1.5417841066e-01
1.53600e+03 7.5242197672e+01 1.9202711077e-02
1.53700e+03 7.5353322620e+01 2.3555662788e-01
1.53800e+03 7.5458992459e+01 4.1385367633e-01
1.53900e+03 7.5560850912e+01 1.5955903713e-01
1.54000e+03 7.5666366802e+01 1.4254881866e-01
1.54100e+03 7.5780470257e+01 2.7870161764e-02
1.54200e+03 7.5884425760e+01 3.8390363774e-01
1.54300e+03 7.5985721786e+01 7.2527519858e-01
1.54400e+03 7.6094927524e+01 5.5591927201e-01
1.54500e+03 7.6201267637e+01 1.3632355338e+00
1.54600e+03 7.6306986740e+01 3.1625680776e-01
1.54700e+03 7.6408606210e+01 3.1570156780e-01
1.54800e+03 7.6511450238e+01 1.8749655240e-01
1.54900e+03 7.6614164328e+01 3.1231452817e-01
1.55000e+03 7.6714636228e+01 1.5333059689e-01
1.55100e+03 7.6829256143e+01 1.3323889467e-02
1.55200e+03 7.6953620357e+01 5.4517139540e-01
1.55300e+03 7.7066406146e+01 1.6324896540e-01
1.55400e+03 7.7177576953e+01 1.0698907482e-02
1.55500e+03 7.7302664687e+01 3.4701903266e-01
1.55600e+03 7.7429677851e+01 5.3984830441e-01
1.55700e+03 7.7542466445e+01 1.7503459992e-01
1.55800e+03 7.7650657015e+01 1.9842454060e-01
1.55900e+03 7.7773506842e+01 2.0051933544e-01
1.56000e+03 7.7908493674e+01 1.7370833502e-01
1.56100e+03 7.8038626136e+01 9.3885719699e-01
1.56200e+03 7.8163388229e+01 1.9806774576e-01
1.56300e+03 7.8282017001e+01 2.0406629327e-01
1.56400e+03 7.8397382670e+01 7.3242927512e-01
1.56500e+03 7.8510305032e+01 4.2360539511e-01
1.56600e+03 7.8621552762e+01 1.7424414721e-01
1.56700e+03 7.8742985633e+01 1.8917008720e-01
1.56800e+03 7.8856977242e+01 1.0770483609e-02
1.56900e+03 7.8968212016e+01 1.7549491096e-01
1.57000e+03 7.9086593469e+01 4.1719524141e-01
1.57100e+03 7.9202852180e+01 1.8451159336e-01
1.57200e+03 7.9315639648e+01 1.7411527486e-01
1.57300e+03 7.9427406381e+01 2.0097742433e-01
1.57400e+03 7.9539283247e+01 1.9986584510e-01
1.57500e+03 7.9650582117e+01 3.8129449938e-01
1.57600e+03 7.9759709111e+01 1.9282517636e-01
1.57700e+03 7.9865661678e+01 3.5973246008e-01
1.57800e+03 7.9969572233e+01 5.7213466477e-01
1.57900e+03 8.0082633368e+01 1.7445607550e-01
1.58000e+03 8.0204201314e+01 3.5194038986e-01
1.58100e+03 8.0317140624e+01 6.9867423461e-03
1.58200e+03 8.0429604931e+01 1.8283537112e-01
1.58300e+03 8.0553512237e+01 1.8927294808e-01
1.58400e+03 8.0686149569e+01 1.8049141627e-02
1.58500e+03 8.0814230809e+01 3.8144207049e-01
1.58600e+03 8.0938879499e+01 3.7613711845e-01
1.58700e+03 8.1058908861e+01 3.7432115651e-01
1.58800e+03 8.1174129081e+01 3.8715385477e-01
1.58900e+03 8.1293954094e+01 1.7104688432e-01
1.59000e+03 8.1406216477e+01 1.2386306742e-02
1.59100e+03 8.1515598439e+01 2.0316098727e-01
1.59200e+03 8.1622625387e+01 1.6268256552e-01
1.59300e+03 8.1732370393e+01 2.2453926668e-02
1.59400e+03 8.1833789394e+01 1.8451152424e-01
1.59500e+03 8.1933530464e+01 3.4512106091e-01
1.59600e+03 8.2039884637e+01 3.3181526362e-01
1.59700e+03 8.2144808309e+01 1.7950567897e-01
1.59800e+03 8.2246054038e+01 1.4924776146e-01
1.59900e+03 8.2349862779e+01 1.5694666213e-01
1.60000e+03 8.2447795598e+01 5.2669680944e-01
1.60100e+03 8.2541267319e+01 1.3950482203e-01
1.60200e+03 8.2637724342e+01 1.4632477584e-01
1.60300e+03 8.2739182843e+01 1.4563334184e-01
1.60400e+03 8.2830727624e+01 1.3703305196e-01
1.60500e+03 8.2919863736e+01 4.3356091556e-03
1.60600e+03 8.3008893630e+01 1.3806057889e-01
1.60700e+03 8.3099153410e+01 1.2569729905e-01
1.60800e+03 8.3180320136e+01 1.4709329330e-02
1.60900e+03 8.3260144370e+01 2.5138307609e-01
1.61000e+03 8.3346621504e+01 4.3050844509e-01
1.61100e+03 8.3433458624e+01 8.0728536298e-01
1.61200e+03 8.3520597588e+01 2.3296915638e-01
1.61300e+03 8.3611646516e+01 1.5022996238e-01
1.61400e+03 8.3710272544e+01 1.2148893282e-02
1.61500e+03 8.3806347648e+01 1.4226271554e-01
1.61600e+03 8.3898480588e+01 2.6977491414e-01
1.61700e+03 8.3989614426e+01 1.3058478072e-01
1.61800e+03 8.4085921388e+01 1.3980138716e-01
1.61900e+03 8.4181354229e+01 1.0707278141e-01
1.62000e+03 8.4276300666e+01 2.7360859766e-01
1.62100e+03 8.4369635051e+01 1.7275947317e-01
1.62200e+03 8.4465136098e+01 2.8889601099e-01
1.62300e+03 8.4557868674e+01 5.2493976669e-01
1.62400e+03 8.4650615755e+01 1.3322678458e-01
1.62500e+03 8.4752606235e+01 1.4557696161e-01
1.62600e+03 8.4846271718e+01 2.6713867057e-01
1.62700e+03 8.4934997001e+01 1.5337078910e-02
1.62800e+03 8.5019571493e+01 1.3954711810e-01
1.62900e+03 8.5110669177e+01 2.6683537813e-01
1.63000e+03 8.5211002016e+01 1.4945726124e-01
1.63100e+03 8.5304752226e+01 2.5357258188e-01
1.63200e+03 8.5397390364e+01 2.5321006662e-01
1.63300e+03 8.5496897421e+01 2.4308965109e-01
1.63400e+03 8.5594417648e+01 2.4050115396e-01
1.63500e+03 8.5689096866e+01 1.3382266492e-01
1.63600e+03 8.5785597595e+01 1.2802110696e-01
1.63700e+03 8.5888884509e+01 1.5618461348e-01
1.63800e+03 8.5999426908e+01 1.4671101449e-01
1.63900e+03 8.6106492656e+01 2.9811837687e-01
1.64000e+03 8.6212965378e+01 1.5959453526e-01
1.64100e+03 8.6317693311e+01 1.0048715067e-02
1.64200e+03 8.6425163551e+01 1.6699793966e-01
1.64300e+03 8.6539562937e+01 3.1711171644e-01
1.64400e+03 8.6660585997e+01 1.4550337904e-02
1.64500e+03 8.6772445453e+01 1.6896189398e-01
1.64600e+03 8.6882821985e+01 3.3025883422e-01
1.64700e+03 8.6992337428e+01 1.6575419210e-01
1.64800e+03 8.7104823951e+01 3.2181088670e-01
1.64900e+03 8.7231952391e+01 2.7264842435e-02
1.65000e+03 8.7366734431e+01 1.9451480380e-01
1.65100e+03 8.7488150995e+01 1.6529199121e-01
1.65200e+03 8.7607202343e+01 3.3938995333e-01
1.65300e+03 8.7725657634e+01 1.8269841953e-01
1.65400e+03 8.7846478155e+01 3.5571576560e-02
1.65500e+03 8.7984745236e+01 2.0545892974e-01
1.65600e+03 8.8131240533e+01 3.5935567746e-01
1.65700e+03 8.8262311311e+01 1.2615486990e-02
1.65800e+03 8.8390550214e+01 2.0430614823e-01
1.65900e+03 8.8532476276e+01 7.6214765336e-01
1.66000e+03 8.8672784440e+01 2.2680012810e-01
1.66100e+03 8.8804507483e+01 2.0475410773e-01
1.66200e+03 8.8934061611e+01 2.2169961386e-01
1.66300e+03 8.9061788386e+01 2.1748164628e-01
1.66400e+03 8.9193819890e+01 2.1646445377e-01
1.66500e+03 8.9342009565e+01 5.9549224296e-01
1.66600e+03 8.9490965791e+01 1.4869181858e+00
1.66700e+03 8.9634981760e+01 2.3683720766e-01
1.66800e+03 8.9780607045e+01 2.3326943057e-01
1.66900e+03 8.9915441651e+01 1.3936250743e+00
1.67000e+03 9.0048497729e+01 2.0493107865e-01
1.67100e+03 9.0190119512e+01 7.0031612377e-01
1.67200e+03 9.0328426335e+01 6.9761446723e-01
1.67300e+03 9.0460687757e+01 2.0926079414e-01
1.67400e+03 9.0593778311e+01 8.3255617111e-01
1.67500e+03 9.0736528910e+01 4.5464056918e-01
1.67600e+03 9.0880612560e+01 4.5264429255e-01
1.67700e+03 9.1012825730e+01 4.6964672460e-01
1.67800e+03 9.1139934635e+01 4.4820427931e-01
1.67900e+03 9.1280534816e+01 2.2717145236e-01
1.68000e+03 9.1432633396e+01 1.3791756269e-02
1.68100e+03 9.1572847661e+01 7.2325093058e-01
1.68200e+03 9.1710902971e+01 2.3789068629e-01
1.68300e+03 9.1863927888e+01 1.2424735593e-02
1.68400e+03 9.2026942889e+01 4.4430895526e-01
1.68500e+03 9.2176510134e+01 2.4700577582e-01
1.68600e+03 9.2324919861e+01 2.2766728139e-02
1.68700e+03 9.2469334795e+01 7.2035459504e-01
1.68800e+03 9.2614036724e+01 1.1899838348e+00
1.68900e+03 9.2758883804e+01 2.3112280261e-01
1.69000e+03 9.2901733218e+01 2.2903916432e-01
1.69100e+03 9.3045475625e+01 2.2770545282e-01
1.69200e+03 9.3187760202e+01 2.2691291051e-01
1.69300e+03 9.3331041801e+01 2.2622518881e-01
1.69400e+03 9.3475161327e+01 2.3030397298e-01
1.69500e+03 9.3642640890e+01 2.4277538689e-01
1.69600e+03 9.3811184560e+01 5.0634922434e-01
1.69700e+03 9.3973185296e+01 2.7204330761e-01
1.69800e+03 9.4145819873e+01 9.4074673619e-01
1.69900e+03 9.4313003561e+01 1.6458802838e+00
1.70000e+03 9.4476372025e+01 2.6659605799e-01
1.70100e+03 9.4633493083e+01 6.8130125343e-01
1.70200e+03 9.4784832381e+01 5.1476839362e-01
1.70300e+03 9.4942867334e+01 9.1487356721e-03
1.70400e+03 9.5097688940e+01 2.5276215142e-01
1.70500e+03 9.5247511276e+01 5.2079436212e-01
1.70600e+03 9.5398251413e+01 6.8724056371e-01
1.70700e+03 9.5558433232e+01 9.1297432764e-01
1.70800e+03 9.5726357452e+01 2.6280105906e-01
1.70900e+03 9.5889057359e+01 5.1971260186e-01
1.71000e+03 9.6049711175e+01 9.0934670562e-01
1.71100e+03 9.6208168416e+01 2.6081367982e-01
1.71200e+03 9.6371906881e+01 2.6530868923e-01
1.71300e+03 9.6532649201e+01 1.0919983702e-02
1.71400e+03 9.6695101751e+01 7.8341638148e-01
1.71500e+03 9.6866703755e+01 2.7818814343e-01
1.71600e+03 9.7045426217e+01 1.4983996306e-02
1.71700e+03 9.7218579371e+01 2.9046563976e-01
1.71800e+03 9.7391181070e+01 2.8405441186e-01
1.71900e+03 9.7561434025e+01 5.2592183865e-01
1.72000e+03 9.7736071569e+01 2.9009494898e-01
1.72100e+03 9.7919955920e+01 3.1102171659e-01
1.72200e+03 9.8104152834e+01 8.7271661348e-01
1.72300e+03 9.8284084415e+01 3.0154369527e-01
1.72400e+03 9.8465533347e+01 2.9849417020e-01
1.72500e+03 9.8644145326e+01 2.9687607366e-01
1.72600e+03 9.8831794459e+01 1.5047433454e-02
1.72700e+03 9.9013669273e+01 3.0142671291e-01
1.72800e+03 9.9191096381e+01 1.1040769354e+00
1.72900e+03 9.9377067123e+01 9.0028008667e-01
1.73000e+03 9.9559647225e+01 2.9771036742e-01
1.73100e+03 9.9736931128e+01 1.6373893291e+00
1.73200e+03 9.9906886887e+01 6.1414780855e-01
1.73300e+03 1.0008250885e+02 2.8706387758e-01
1.73400e+03 1.0025140425e+02 1.3684702063e-02
1.73500e+03 1.0041693459e+02 6.0178010186e-01
1.73600e+03 1.0057797427e+02 2.7786073138e-01
1.73700e+03 1.0073439026e+02 1.1624145045e+00
1.73800e+03 1.0088857573e+02 2.4600191181e-01
1.73900e+03 1.0105377891e+02 2.4089797585e-02
1.74000e+03 1.0121280364e+02 2.6891362640e-01
1.74100e+03 1.0136819351e+02 5.2916424302e-01
1.74200e+03 1.0152947232e+02 1.4126424161e+00
1.74300e+03 1.0168747584e+02 2.4734344463e-01
1.74400e+03 1.0184680517e+02 1.4218589039e+00
1.74500e+03 1.0201434366e+02 2.8233229387e-01
1.74600e+03 1.0218258225e+02 5.4111459738e-01
1.74700e+03 1.0234041741e+02 5.1564359602e-01
1.74800e+03 1.0249273344e+02 2.7503667420e-01
1.74900e+03 1.0265807310e+02 2.6819097547e-01
1.75000e+03 1.0283462875e+02 2.6237293680e-01
1.75100e+03 1.0299988609e+02 2.6882326574e-01
1.75200e+03 1.0316305674e+02 2.7877739366e-01
1.75300e+03 1.0334115194e+02 1.2755548777e-02
1.75400e+03 1.0352883299e+02 2.7967984896e-01
1.75500e+03 1.0371033296e+02 1.0966358983e+00
1.75600e+03 1.0388900019e+02 2.9109422211e-01
1.75700e+03 1.0406206569e+02 5.5529838960e-01
1.75800e+03 1.0422603217e+02 2.7084335345e-01
1.75900e+03 1.0440088500e+02 2.8756074963e-01
1.76000e+03 1.0458638731e+02 3.0078814806e-01
1.76100e+03 1.0476119128e+02 5.5861775051e-01
1.76200e+03 1.0493208758e+02 1.0904205112e+00
1.76300e+03 1.0510092639e+02 2.7272436383e-01
1.76400e+03 1.0526863835e+02 2.6926729414e-01
1.76500e+03 1.0545331829e+02 3.0366732642e-01
1.76600e+03 1.0563353626e+02 2.8882393789e-01
1.76700e+03 1.0580380754e+02 8.1546584552e-01
1.76800e+03 1.0596584542e+02 8.1272177410e-01
1.76900e+03 1.0614054698e+02 2.8838384752e-01
1.77000e+03 1.0631677019e+02 7.8068713922e-01
1.77100e+03 1.0648863339e+02 7.7706809888e-01
1.77200e+03 1.0667168681e+02 5.2509499215e-01
1.77300e+03 1.0685062932e+02 7.8189899063e-01
1.77400e+03 1.0702561837e+02 2.7847042921e-01
1.77500e+03 1.0719841195e+02 2.7912232634e-01
1.77600e+03 1.0737773789e+02 5.5320939429e-01
1.77700e+03 1.0755450021e+02 2.8740947373e-01
1.77800e+03 1.0772914934e+02 2.7850328211e-01
1.77900e+03 1.0790698879e+02 2.7178967539e-01
1.78000e+03 1.0807536873e+02 5.6488984245e-01
1.78100e+03 1.0823712466e+02 5.4824142976e-01
1.78200e+03 1.0840227058e+02 8.4149289981e-01
1.78300e+03 1.0856494198e+02 1.1034820252e+00
1.78400e+03 1.0872375883e+02 2.5110019980e-01
1.78500e+03 1.0889961500e+02 2.8128737766e-01
1.78600e+03 1.0907616652e+02 2.8290848009e-01
1.78700e+03 1.0923752264e+02 2.5044928266e-01
1.78800e+03 1.0939366854e+02 2.4752789155e-01
1.78900e+03 1.0956565292e+02 2.7875377223e-01
1.79000e+03 1.0973997189e+02 2.7624246886e-01
1.79100e+03 1.0989957722e+02 2.4552958011e-01
1.79200e+03 1.1006306666e+02 2.5666312638e-01
1.79300e+03 1.1022397921e+02 4.8426566518e-01
1.79400e+03 1.1037879050e+02 2.4394942830e-01
1.79500e+03 1.1053067005e+02 2.3597969701e-01
1.79600e+03 1.1068775050e+02 4.7737240762e-01
1.79700e+03 1.1086355960e+02 8.2446565986e-01
1.79800e+03 1.1102837946e+02 4.2290966126e-01
1.79900e+03 1.1118086972e+02 4.1822243835e-03
1.80000e+03 1.1132710245e+02 2.3134320254e-01
1.80100e+03 1.1148653446e+02 6.8590061513e-01
1.80200e+03 1.1165923634e+02 1.1041391976e+00
1.80300e+03 1.1182697155e+02 4.1441285117e-01
1.80400e+03 1.1198862528e+02 2.4963981698e-01
1.80500e+03 1.1214727555e+02 2.4860844173e-01
1.80600e+03 1.1231448503e+02 4.0850603092e-01
1.80700e+03 1.1247947344e+02 2.6048016477e-01
1.80800e+03 1.1264079412e+02 2.4802678582e-01
1.80900e+03 1.1280322243e+02 2.3747839290e-01
1.81000e+03 1.1295718845e+02 5.0472101492e-01
1.81100e+03 1.1310526094e+02 4.8986048395e-01
1.81200e+03 1.1325103686e+02 2.2143371261e-01
1.81300e+03 1.1341163692e+02 2.4972854144e-01
1.81400e+03 1.1358449043e+02 2.6586371945e-01
1.81500e+03 1.1374679693e+02 1.2016398598e+00
1.81600e+03 1.1390470620e+02 3.1988347184e-02
1.81700e+03 1.1407680926e+02 4.3158886095e-02
1.81800e+03 1.1425959477e+02 4.5461190649e-01
1.81900e+03 1.1443688592e+02 7.3205789617e-01
1.82000e+03 1.1461017337e+02 3.0456130434e-01
1.82100e+03 1.1477803246e+02 2.7295522979e-01
1.82200e+03 1.1494157597e+02 1.4935472084e+00
1.82300e+03 1.1511110106e+02 7.7660612781e-03
1.82400e+03 1.1527234582e+02 1.9766884776e-01
1.82500e+03 1.1542902092e+02 4.9594439673e-01
1.82600e+03 1.1557909130e+02 7.4043683829e-01
1.82700e+03 1.1573766071e+02 4.5653839083e-01
1.82800e+03 1.1590743476e+02 2.6587617171e-01
1.82900e+03 1.1606892399e+02 7.7083548979e-01
1.83000e+03 1.1622740395e+02 8.4095804171e-03
1.83100e+03 1.1639848080e+02 2.6220298498e-01
1.83200e+03 1.1657953417e+02 5.0245634794e-01
1.83300e+03 1.1675534074e+02 7.7384566245e-01
1.83400e+03 1.1692765104e+02 5.1937663378e-01
1.83500e+03 1.1709542022e+02 2.5206326875e-01
1.83600e+03 1.1725852569e+02 7.6487548666e-01
1.83700e+03 1.1742712362e+02 7.2086443604e-03
1.83800e+03 1.1758770535e+02 2.2722000347e-01
1.83900e+03 1.1774427168e+02 5.1193856624e-01
1.84000e+03 1.1789883865e+02 1.5739941960e-02
1.84100e+03 1.1805806240e+02 9.3741758856e-03
1.84200e+03 1.1820855227e+02 5.0133477271e-01
1.84300e+03 1.1835595415e+02 2.4888654289e-02
1.84400e+03 1.1850219080e+02 1.7695116274e-02
1.84500e+03 1.1865184593e+02 4.8546541601e-01
1.84600e+03 1.1879247367e+02 3.4725900019e-02
1.84700e+03 1.1893077477e+02 2.6778202790e-02
1.84800e+03 1.1906840227e+02 4.7637079314e-01
1.84900e+03 1.1920857134e+02 4.4177221850e-02
1.85000e+03 1.1933966161e+02 3.6288899440e-02
1.85100e+03 1.1946880739e+02 4.6673910283e-01
1.85200e+03 1.1959770139e+02 5.2866534228e-02
1.85300e+03 1.1972839816e+02 4.5724928141e-02
1.85400e+03 1.1984997583e+02 4.5675977371e-01
1.85500e+03 1.1997003882e+02 6.1896460255e-02
1.85600e+03 1.2009002571e+02 5.4586317629e-02
1.85700e+03 1.2020662780e+02 8.2180285034e-01
1.85800e+03 1.2032121583e+02 1.5508591527e-01
1.85900e+03 1.2044184474e+02 4.4623516396e-01
1.86000e+03 1.2055486105e+02 7.0395927104e-02
1.86100e+03 1.2066506960e+02 1.2511533280e+00
1.86200e+03 1.2077549153e+02 1.4410997961e-01
1.86300e+03 1.2088475951e+02 1.4302530388e-01
1.86400e+03 1.2099490112e+02 1.4260196237e-01
1.86500e+03 1.2110410447e+02 1.4239473162e-01
1.86600e+03 1.2121434542e+02 1.4235167741e-01
1.86700e+03 1.2132410398e+02 9.0094678128e-02
1.86800e+03 1.2143578234e+02 2.8239447186e-01
1.86900e+03 1.2154834857e+02 3.5024634297e-01
1.87000e+03 1.2165121887e+02 7.3706517300e-03
1.87100e+03 1.2175207732e+02 1.2650114253e-01
1.87200e+03 1.2186013576e+02 1.3831863564e+00
1.87300e+03 1.2196901473e+02 4.2931977986e-01
1.87400e+03 1.2207756649e+02 1.6243458701e+00
1.87500e+03 1.2218152467e+02 6.0370149791e-01
1.87600e+03 1.2228722151e+02 3.4391458368e-01
1.87700e+03 1.2239950342e+02 1.4281655407e-01
1.87800e+03 1.2250304940e+02 2.6193908425e-01
1.87900e+03 1.2260360907e+02 1.2782349307e-02
1.88000e+03 1.2270413945e+02 1.3750727798e-01
1.88100e+03 1.2280253205e+02 4.7045407341e-01
1.88200e+03 1.2289986751e+02 1.1780518831e-01
1.88300e+03 1.2300241340e+02 1.0147697218e-01
1.88400e+03 1.2309725237e+02 4.0625514155e-03
1.88500e+03 1.2319004193e+02 2.4728704176e-01
1.88600e+03 1.2327897119e+02 3.7507558094e-01
1.88700e+03 1.2336459103e+02 9.6292774069e-02
1.88800e+03 1.2345463772e+02 7.2887757215e-03
1.88900e+03 1.2354954664e+02 3.5784799613e-03
1.89000e+03 1.2363448174e+02 3.3333236175e-01
1.89100e+03 1.2371711635e+02 2.9852385852e-03
1.89200e+03 1.2379664809e+02 8.3816703844e-02
1.89300e+03 1.2387979012e+02 5.8101824509e-01
1.89400e+03 1.2397217548e+02 2.4800076117e-01
1.89500e+03 1.2406102972e+02 2.9534438539e-01
1.89600e+03 1.2414825131e+02 1.0021476984e-01
1.89700e+03 1.2424210899e+02 1.0715652711e-02
1.89800e+03 1.2434454392e+02 3.0509860917e-01
1.89900e+03 1.2444122404e+02 1.0794044105e-01
1.90000e+03 1.2453690153e+02 4.0851233522e-01
1.90100e+03 1.2463916623e+02 4.4463057190e-01
1.90200e+03 1.2473948202e+02 1.2381824909e-01
1.90300e+03 1.2483798161e+02 1.1992932296e-01
1.90400e+03 1.2493409234e+02 1.1142323773e-01
1.90500e+03 1.2502929286e+02 2.2931303389e-01
1.90600e+03 1.2512864802e+02 1.1884877050e-01
1.90700e+03 1.2522843133e+02 1.1661560063e-01
1.90800e+03 1.2533041628e+02 2.5455201727e-01
1.90900e+03 1.2542810374e+02 4.5319776275e-01
1.91000e+03 1.2552532701e+02 1.3946006928e-01
1.91100e+03 1.2562951084e+02 1.2441415908e-01
1.91200e+03 1.2573059706e+02 1.2602080453e-01
1.91300e+03 1.2582920695e+02 1.3961162458e-01
1.91400e+03 1.2592957989e+02 1.1881898088e-01
1.91500e+03 1.2602613087e+02 1.1756368473e-01
1.91600e+03 1.2612253620e+02 1.2347180123e-01
1.91700e+03 1.2622697874e+02 1.2615350213e-01
1.91800e+03 1.2632362793e+02 4.6749928786e-01
1.91900e+03 1.2641816605e+02 3.4971100077e-01
1.92000e+03 1.2651920649e+02 1.2598155956e-01
1.92100e+03 1.2661863868e+02 1.2084521797e-01
1.92200e+03 1.2671469981e+02 1.1089613142e-01
1.92300e+03 1.2681018027e+02 1.1172756928e-01
1.92400e+03 1.2691023512e+02 1.1973878888e-01
1.92500e+03 1.2701091275e+02 1.2395163529e-01
1.92600e+03 1.2711379221e+02 3.4305266146e-01
1.92700e+03 1.2721238904e+02 3.4475546155e-01
1.92800e+03 1.2731047202e+02 2.4842937491e-01
1.92900e+03 1.2741541333e+02 1.2512817379e-01
1.93000e+03 1.2751264125e+02 2.3409330255e-01
1.93100e+03 1.2760699258e+02 4.2455055869e-03
1.93200e+03 1.2769728885e+02 1.0448622996e-01
1.93300e+03 1.2779274593e+02 2.3383584122e-01
1.93400e+03 1.2789678259e+02 1.2898485302e-01
1.93500e+03 1.2799546422e+02 4.4191162252e-01
1.93600e+03 1.2809370521e+02 1.2447731254e-01
1.93700e+03 1.2818896194e+02 2.2963998290e-01
1.93800e+03 1.2828238956e+02 1.0806437332e-01
1.93900e+03 1.2838923964e+02 1.1392999734e-02
1.94000e+03 1.2850610689e+02 2.0014018714e-01
1.94100e+03 1.2861319311e+02 2.4071373870e-01
1.94200e+03 1.2871828220e+02 5.5979178234e-01
1.94300e+03 1.2882302643e+02 1.2885417595e-01
1.94400e+03 1.2892725239e+02 1.2786218771e-01
1.94500e+03 1.2903183695e+02 1.2757465535e-01
1.94600e+03 1.2913718444e+02 1.1919879527e-02
1.94700e+03 1.2925749656e+02 1.3733942793e-01
1.94800e+03 1.2938623395e+02 5.0851556414e-01
1.94900e+03 1.2950964584e+02 8.5527354558e-01
1.95000e+03 1.2962915070e+02 2.8315196485e-01
1.95100e+03 1.2974610327e+02 5.0464750492e-01
1.95200e+03 1.2986889949e+02 1.6452208118e-01
1.95300e+03 1.2998776921e+02 1.4285159462e-02
1.95400e+03 1.3010720831e+02 5.5394040193e-01
1.95500e+03 1.3022215691e+02 6.9294259969e-01
1.95600e+03 1.3033414842e+02 1.4495327259e-01
1.95700e+03 1.3046203086e+02 1.7528743334e-01
1.95800e+03 1.3060002644e+02 1.5199360201e-02
1.95900e+03 1.3073279411e+02 1.8889749116e-01
1.96000e+03 1.3086111169e+02 6.8806772331e-01
1.96100e+03 1.3098703378e+02 1.7204611205e-01
1.96200e+03 1.3111919148e+02 1.8287071227e-01
1.96300e+03 1.3124901546e+02 1.7974414948e-01
1.96400e+03 1.3137631957e+02 1.7086059611e-01
1.96500e+03 1.3150383537e+02 1.5737551901e-01
1.96600e+03 1.3162578056e+02 6.8390256199e-01
1.96700e+03 1.3174942676e+02 1.4064642284e-01
1.96800e+03 1.3186570221e+02 1.1028668967e-02
1.96900e+03 1.3198024139e+02 1.4828918065e-01
1.97000e+03 1.3209508974e+02 1.4671380799e-01
1.97100e+03 1.3220991269e+02 2.1935354880e-01
1.97200e+03 1.3232011242e+02 3.7456056683e-01
1.97300e+03 1.3242616986e+02 1.3337408996e-01
1.97400e+03 1.3253066619e+02 1.2753731558e-01
1.97500e+03 1.3263321961e+02 1.2390575764e-01
1.97600e+03 1.3273487887e+02 1.2094478111e-01
1.97700e+03 1.3283540572e+02 1.1879727149e-01
1.97800e+03 1.3294312128e+02 1.2627614035e-01
1.97900e+03 1.3306240179e+02 1.3118376019e-01
1.98000e+03 1.3316970419e+02 4.0178117807e-01
1.98100e+03 1.3326960216e+02 6.2887808205e-04
1.98200e+03 1.3337088938e+02 1.2462424493e-01
1.98300e+03 1.3347674719e+02 3.8795669261e-01
1.98400e+03 1.3357912935e+02 8.0891596347e-01
1.98500e+03 1.3367983542e+02 1.0554282183e+00
1.98600e+03 1.3377919267e+02 3.8563875388e-01
1.98700e+03 1.3387685063e+02 2.4248128888e-01
1.98800e+03 1.3397420370e+02 1.1101495600e-01
1.98900e+03 1.3407858651e+02 1.2287900868e-01
1.99000e+03 1.3417614105e+02 1.0376105897e-02
1.99100e+03 1.3427024713e+02 3.5064143309e-01
1.99200e+03 1.3436259536e+02 4.7321636705e-03
1.99300e+03 1.3445734221e+02 9.6359550560e-03
1.99400e+03 1.3454389639e+02 3.3929043147e-01
1.99500e+03 1.3462944163e+02 3.8334130161e-03
1.99600e+03 1.3471444104e+02 1.6975140666e-02
1.99700e+03 1.3479979216e+02 1.9483568204e-01
1.99800e+03 1.3487655285e+02 1.3623071837e-02
1.99900e+03 1.3495210712e+02 8.2393754495e-01
2.00000e+03 1.3503395052e+02 2.8723188558e-01
