0.00000e+00 0.0000000000e+00 0.0000000000e+00
1.00000e+00 2.9064620739e+01 2.9064620739e+01
2.00000e+00 5.7968609232e+01 5.7939544611e+01
3.00000e+00 8.7034326085e+01 5.7882701180e+01
4.00000e+00 1.1691883137e+02 2.9884505285e+01
5.00000e+00 1.4895981099e+02 3.2040979619e+01
6.00000e+00 1.7991437213e+02 1.1781493574e+02
7.00000e+00 2.1062640478e+02 1.4840915345e+02
8.00000e+00 2.4285842818e+02 6.4240962044e+01
9.00000e+00 2.7311975542e+02 8.8142932300e+01
1.00000e+01 3.0296629313e+02 8.8016821794e+01
1.10000e+01 3.3494064860e+02 1.1763049666e+02
1.20000e+01 3.6710302731e+02 1.1744322146e+02
1.30000e+01 3.9915998867e+02 6.3887984402e+01
1.40000e+01 4.3130942539e+02 6.3811154441e+01
1.50000e+01 4.6153193741e+02 5.9863005468e+01
1.60000e+01 4.9133874642e+02 1.2525138315e+02
1.70000e+01 5.2327217825e+02 6.3623813754e+01
1.80000e+01 5.5414100572e+02 6.1314636038e+01
1.90000e+01 5.8478376721e+02 1.2748345064e+02
2.00000e+01 6.1566836295e+02 1.2737173545e+02
2.10000e+01 6.4632465589e+02 6.0958494771e+01
2.20000e+01 6.7721826362e+02 6.0906548260e+01
2.30000e+01 7.0788043369e+02 6.0851518842e+01
2.40000e+01 7.3877809547e+02 6.0794721378e+01
2.50000e+01 7.6540602115e+02 1.8259016129e+02
2.60000e+01 7.9295580226e+02 6.1303162034e+01
2.70000e+01 8.2247496653e+02 1.8011026413e+02
2.80000e+01 8.5094662223e+02 2.4260060777e+00
2.90000e+01 8.7922996333e+02 5.5931517611e+01
3.00000e+01 9.0904573210e+02 2.4115667584e+02
3.10000e+01 9.3875572516e+02 5.8581816280e+01
3.20000e+01 9.6855728350e+02 5.8509024030e+01
3.30000e+01 9.9666915045e+02 1.8425734558e+02
3.40000e+01 1.0243927017e+03 2.3862715843e+02
3.50000e+01 1.0523378773e+03 2.3822183997e+02
3.60000e+01 1.0791103264e+03 4.2201340563e+02
3.70000e+01 1.1060352087e+03 2.9992734681e+02
3.80000e+01 1.1338074385e+03 5.4603837319e+01
3.90000e+01 1.1618203749e+03 5.4616994144e+01
4.00000e+01 1.1896034865e+03 5.4573258956e+01
4.10000e+01 1.2176214521e+03 5.4523715010e+01
4.20000e+01 1.2454126429e+03 5.4477270478e+01
4.30000e+01 1.2734396973e+03 5.4431881966e+01
4.40000e+01 1.3012402679e+03 5.4386829877e+01
4.50000e+01 1.3292767569e+03 5.4341877616e+01
4.60000e+01 1.3570865078e+03 5.4296716093e+01
4.70000e+01 1.3868187304e+03 5.8472744490e+01
4.80000e+01 1.4167310415e+03 2.7236246575e+02
4.90000e+01 1.4449468226e+03 5.4421711520e+01
5.00000e+01 1.4718131403e+03 1.1580873263e+02
5.10000e+01 1.5029530584e+03 3.9421176287e+02
5.20000e+01 1.5341761067e+03 4.5244452984e+02
5.30000e+01 1.5610233083e+03 2.7198789407e+02
5.40000e+01 1.5877973660e+03 2.7801042706e+02
5.50000e+01 1.6189050164e+03 6.0604631788e+01
5.60000e+01 1.6501061938e+03 6.0522156205e+01
5.70000e+01 1.6810001698e+03 6.0247959629e+01
5.80000e+01 1.7120906767e+03 6.0077041097e+01
5.90000e+01 1.7388661295e+03 5.8221066630e+01
6.00000e+01 1.7665443995e+03 5.4235808755e+01
6.10000e+01 1.7945022263e+03 5.8034861123e+01
6.20000e+01 1.8213021350e+03 1.2075758982e+02
6.30000e+01 1.8482613231e+03 1.2082056748e+02
6.40000e+01 1.8760718040e+03 5.8109037226e+01
6.50000e+01 1.9041243099e+03 1.2073151131e+02
6.60000e+01 1.9319452800e+03 1.2062126901e+02
6.70000e+01 1.9600011132e+03 5.3806828568e+01
6.80000e+01 1.9868741949e+03 5.1817245743e+01
6.90000e+01 2.0138923331e+03 5.3862451345e+01
7.00000e+01 2.0407934084e+03 5.3836582598e+01
7.10000e+01 2.0720100630e+03 6.0339642618e+01
7.20000e+01 2.1032938643e+03 1.0574595612e+02
7.30000e+01 2.1301835325e+03 5.1616203231e+01
7.40000e+01 2.1569950888e+03 5.1475067950e+01
7.50000e+01 2.1881406534e+03 1.0556912008e+02
7.60000e+01 2.2193758909e+03 6.0141628519e+01
7.70000e+01 2.2503004181e+03 5.9860449632e+01
7.80000e+01 2.2827085629e+03 2.8920375129e+02
7.90000e+01 2.3131057615e+03 1.0550963142e+02
8.00000e+01 2.3430702800e+03 1.6130069197e+02
8.10000e+01 2.3751606163e+03 6.2128541166e+02
8.20000e+01 2.4074290185e+03 1.1997902486e+02
8.30000e+01 2.4395824424e+03 6.1999486344e+01
8.40000e+01 2.4705618952e+03 5.9544804421e+01
8.50000e+01 2.4972623174e+03 1.0920547208e+02
8.60000e+01 2.5239207204e+03 1.0894311336e+02
8.70000e+01 2.5507825745e+03 5.1024476891e+01
8.80000e+01 2.5775595579e+03 5.1092032791e+01
8.90000e+01 2.6045058438e+03 5.1125372625e+01
9.00000e+01 2.6322999780e+03 7.4481748174e+01
9.10000e+01 2.6603363170e+03 1.5751425144e+02
9.20000e+01 2.6871880264e+03 5.1148973182e+01
9.30000e+01 2.7141851569e+03 5.1148668873e+01
9.40000e+01 2.7410657876e+03 5.1126441504e+01
9.50000e+01 2.7722612296e+03 6.2207313516e+01
9.60000e+01 2.8048110921e+03 1.4292355183e+02
9.70000e+01 2.8352934002e+03 1.0461910843e+02
9.80000e+01 2.8653152419e+03 1.8744680144e+02
9.90000e+01 2.8955372279e+03 5.7329173836e+01
1.00000e+02 2.9245399654e+03 2.1221068422e+00
1.01000e+02 2.9536880099e+03 1.1081572495e+02
1.02000e+02 2.9826922430e+03 1.1070640486e+02
1.03000e+02 3.0118504423e+03 5.5136342100e+01
1.04000e+02 3.0418180448e+03 5.7217605509e+01
1.05000e+02 3.0739412479e+03 1.4275040745e+02
1.06000e+02 3.1049725945e+03 3.5965330083e+02
1.07000e+02 3.1317064279e+03 3.9016530430e-01
1.08000e+02 3.1583977720e+03 5.2378541633e+01
1.09000e+02 3.1894367570e+03 3.5668605130e+02
1.10000e+02 3.2218697155e+03 1.6166943007e+02
1.11000e+02 3.2522675321e+03 1.0762818084e+02
1.12000e+02 3.2812713133e+03 6.1575276694e+01
1.13000e+02 3.3147695898e+03 2.4592915408e+00
1.14000e+02 3.3496314903e+03 1.0994949463e+02
1.15000e+02 3.3821925295e+03 6.3676924034e+01
1.16000e+02 3.4133186390e+03 4.5791605226e+00
1.17000e+02 3.4445664028e+03 1.2089417567e+02
1.18000e+02 3.4765997887e+03 1.7319958313e+02
1.19000e+02 3.5110165637e+03 2.7364087771e+02
1.20000e+02 3.5443467869e+03 1.2268238297e+02
1.21000e+02 3.5774071687e+03 1.2212180596e+02
1.22000e+02 3.6119902692e+03 6.5684602464e+01
1.23000e+02 3.6464058324e+03 6.5617706004e+01
1.24000e+02 3.6796531070e+03 6.2863125911e+01
1.25000e+02 3.7126365985e+03 6.2723372532e+01
1.26000e+02 3.7458607496e+03 6.2637525649e+01
1.27000e+02 3.7745856208e+03 5.4123245595e+01
1.28000e+02 3.8032559828e+03 1.8220458589e+02
1.29000e+02 3.8321450093e+03 1.2554039830e+02
1.30000e+02 3.8618915095e+03 6.5615358058e+01
1.31000e+02 3.8938104803e+03 1.2253391570e+02
1.32000e+02 3.9246644928e+03 5.1507117955e+01
1.33000e+02 3.9552931502e+03 1.1167566474e+02
1.34000e+02 3.9874529931e+03 1.8554021254e+02
1.35000e+02 4.0194802946e+03 6.0432494935e+01
1.36000e+02 4.0503420544e+03 5.7694479858e+01
1.37000e+02 4.0769435337e+03 2.2875472357e+00
1.38000e+02 4.1044643755e+03 1.8055778585e+02
1.39000e+02 4.1322812177e+03 3.0240349359e+02
1.40000e+02 4.1599108801e+03 5.1524222733e+01
1.41000e+02 4.1894772162e+03 4.6307266545e+01
1.42000e+02 4.2192447683e+03 1.0939517369e+02
1.43000e+02 4.2473430817e+03 5.1754169711e+01
1.44000e+02 4.2750601763e+03 5.1789847708e+01
1.45000e+02 4.3046783033e+03 6.0569337543e+01
1.46000e+02 4.3344869685e+03 5.5395438502e+01
1.47000e+02 4.3626174114e+03 5.1770187308e+01
1.48000e+02 4.3903619876e+03 5.1745898752e+01
1.49000e+02 4.4183280984e+03 5.1529820790e+01
1.50000e+02 4.4460737388e+03 5.1479355107e+01
1.51000e+02 4.4757432708e+03 5.5391448039e+01
1.52000e+02 4.5043403737e+03 2.2646568613e+00
1.53000e+02 4.5289039379e+03 3.2484559769e+02
1.54000e+02 4.5534599018e+03 3.7199835083e+02
1.55000e+02 4.5782133400e+03 4.4932713738e+01
1.56000e+02 4.6038595482e+03 2.0994320400e+00
1.57000e+02 4.6297518893e+03 9.4096945642e+01
1.58000e+02 4.6554433547e+03 9.4048105892e+01
1.59000e+02 4.6828332650e+03 2.2796217563e+00
1.60000e+02 4.7091447092e+03 3.0715088217e+02
1.61000e+02 4.7352673630e+03 3.5771212087e+02
1.62000e+02 4.7629015776e+03 1.9137319638e+02
1.63000e+02 4.7890318856e+03 4.7351852503e+01
1.64000e+02 4.8138416942e+03 9.3059493448e+01
1.65000e+02 4.8426964176e+03 5.1901434552e+00
1.66000e+02 4.8729120276e+03 4.9885896109e+01
1.67000e+02 4.9013038638e+03 4.8114076618e+01
1.68000e+02 4.9283102592e+03 7.3815401377e+00
1.69000e+02 4.9595770229e+03 5.2248050486e+01
1.70000e+02 4.9921936071e+03 5.0466936740e+01
1.71000e+02 5.0245799417e+03 2.9643072753e+02
1.72000e+02 5.0570027371e+03 6.0081112240e+01
1.73000e+02 5.0892681274e+03 5.9900086829e+01
1.74000e+02 5.1203374110e+03 1.1005646295e+02
1.75000e+02 5.1511474197e+03 1.0998074593e+02
1.76000e+02 5.1821800306e+03 1.0983409249e+02
1.77000e+02 5.2129704696e+03 5.6919510199e+01
1.78000e+02 5.2439890200e+03 5.6848530183e+01
1.79000e+02 5.2707204812e+03 1.0231861566e+02
1.80000e+02 5.2983665826e+03 2.1744018684e+02
1.81000e+02 5.3279858941e+03 1.1108468280e+02
1.82000e+02 5.3565529388e+03 2.4515056641e+00
1.83000e+02 5.3811034235e+03 1.6181506306e+02
1.84000e+02 5.4056547470e+03 2.1647408646e+02
1.85000e+02 5.4304093510e+03 5.2465691959e+01
1.86000e+02 5.4560602600e+03 1.0897840585e+02
1.87000e+02 5.4834305641e+03 4.6980616007e+00
1.88000e+02 5.5109826892e+03 1.6124975102e+02
1.89000e+02 5.5370809776e+03 2.7794607783e+02
1.90000e+02 5.5618617394e+03 4.4480230139e+01
1.91000e+02 5.5906901660e+03 1.0218740900e+02
1.92000e+02 5.6196002749e+03 1.0242828577e+02
1.93000e+02 5.6482203067e+03 5.2310668780e+01
1.94000e+02 5.6783171497e+03 5.3817527241e+01
1.95000e+02 5.7066375339e+03 2.2220958562e+00
1.96000e+02 5.7345475185e+03 5.1058395076e+01
1.97000e+02 5.7643547674e+03 1.0600744839e+02
1.98000e+02 5.7930741082e+03 5.2067590011e+01
1.99000e+02 5.8177402917e+03 1.0752677095e+02
2.00000e+02 5.8423884813e+03 1.0996021563e+02
2.01000e+02 5.8672276015e+03 4.6843750649e+01
2.02000e+02 5.8929526115e+03 5.0223783283e+01
2.03000e+02 5.9203950117e+03 4.8406027714e+01
2.04000e+02 5.9480122810e+03 1.0050667953e+02
2.05000e+02 5.9755634935e+03 4.9744108753e+01
2.06000e+02 6.0031931919e+03 4.9706793730e+01
2.07000e+02 6.0307435599e+03 4.9656242449e+01
2.08000e+02 6.0583697712e+03 4.9603099198e+01
2.09000e+02 6.0859167078e+03 4.9550064700e+01
2.10000e+02 6.1122801506e+03 4.1767465234e+01
2.11000e+02 6.1348365831e+03 1.2200577718e+00
2.12000e+02 6.1583503280e+03 1.9494782205e+02
2.13000e+02 6.1833782616e+03 2.5190029614e+00
2.14000e+02 6.2086048687e+03 4.4584426423e+01
2.15000e+02 6.2326234155e+03 2.9163193289e+02
2.16000e+02 6.2563064708e+03 4.1941766399e+01
2.17000e+02 6.2814390793e+03 4.4644516913e+01
2.18000e+02 6.3067478764e+03 4.4682062335e+01
2.19000e+02 6.3308289685e+03 4.1962370034e+01
2.20000e+02 6.3536105863e+03 4.3475629211e+01
2.21000e+02 6.3764990725e+03 2.3698475260e+02
2.22000e+02 6.3993049727e+03 2.3677205014e+02
2.23000e+02 6.4259679450e+03 2.8808156485e+02
2.24000e+02 6.4539719096e+03 4.4304642721e+01
2.25000e+02 6.4817935612e+03 9.1586761422e+01
2.26000e+02 6.5096424700e+03 4.9730643608e+01
2.27000e+02 6.5359635993e+03 4.2052024526e+01
2.28000e+02 6.5609316868e+03 7.8657018502e+00
2.29000e+02 6.5859989564e+03 4.9848606822e+01
2.30000e+02 6.6119090053e+03 9.4033100713e+01
2.31000e+02 6.6395233813e+03 4.9473637342e+01
2.32000e+02 6.6660340571e+03 2.8791259679e+02
2.33000e+02 6.6923355793e+03 9.3579800837e+01
2.34000e+02 6.7188504237e+03 4.9395145915e+01
2.35000e+02 6.7451560436e+03 4.6735877622e+01
2.36000e+02 6.7716733912e+03 4.6691644904e+01
2.37000e+02 6.7979802402e+03 4.6646182273e+01
2.38000e+02 6.8257827419e+03 4.9377756695e+01
2.39000e+02 6.8520508400e+03 5.4074049125e+01
2.40000e+02 6.8779404360e+03 4.9403710743e+01
2.41000e+02 6.9055096438e+03 9.3331564964e+01
2.42000e+02 6.9332458629e+03 9.3171950833e+01
2.43000e+02 6.9594989202e+03 4.9339266148e+01
2.44000e+02 6.9844211160e+03 1.8672900717e+02
2.45000e+02 7.0094548480e+03 1.8650874056e+02
2.46000e+02 7.0353403305e+03 9.3234119966e+01
2.47000e+02 7.0629351431e+03 4.9056029506e+01
2.48000e+02 7.0906899038e+03 4.9025514946e+01
2.49000e+02 7.1169563753e+03 9.3154300121e+01
2.50000e+02 7.1418888018e+03 4.3652807375e+01
2.51000e+02 7.1669312524e+03 4.3617873170e+01
2.52000e+02 7.1918672770e+03 4.3577853418e+01
2.53000e+02 7.2169386165e+03 4.3563164495e+01
2.54000e+02 7.2418985654e+03 4.3543525617e+01
2.55000e+02 7.2669897338e+03 4.3519810980e+01
2.56000e+02 7.2919655536e+03 4.3492162157e+01
2.57000e+02 7.3170701713e+03 4.3462119225e+01
2.58000e+02 7.3430150967e+03 4.9066416442e+01
2.59000e+02 7.3691731278e+03 1.7176148285e+02
2.60000e+02 7.3941459045e+03 4.3415613958e+01
2.61000e+02 7.4192422807e+03 4.3363956926e+01
2.62000e+02 7.4451855238e+03 1.6841398922e+02
2.63000e+02 7.4713447390e+03 4.5394185972e+01
2.64000e+02 7.4963204618e+03 4.3323539096e+01
2.65000e+02 7.5253768323e+03 1.0075643569e+02
2.66000e+02 7.5544966532e+03 3.1015398392e+02
2.67000e+02 7.5833069977e+03 2.1159088984e+02
2.68000e+02 7.6122932468e+03 5.0949431884e+01
2.69000e+02 7.6410203762e+03 5.0815267316e+01
2.70000e+02 7.6699457865e+03 5.0703613203e+01
2.71000e+02 7.6947762312e+03 4.3014284102e+01
2.72000e+02 7.7195729990e+03 1.0166850063e+02
2.73000e+02 7.7445495841e+03 1.0171297250e+02
2.74000e+02 7.7704002329e+03 4.5256197461e+01
2.75000e+02 7.7964851456e+03 1.4275194171e+02
2.76000e+02 7.8223569303e+03 1.4263032563e+02
2.77000e+02 7.8484520195e+03 4.4882568996e+01
2.78000e+02 7.8733791303e+03 4.2865416670e+01
2.79000e+02 7.9023912109e+03 5.0937860725e+01
2.80000e+02 7.9314746648e+03 5.1044966545e+01
2.81000e+02 7.9602552740e+03 5.0762450239e+01
2.82000e+02 7.9905047301e+03 4.0370603509e+02
2.83000e+02 8.0189563625e+03 2.3565431250e+00
2.84000e+02 8.0460371257e+03 6.1017189458e+01
2.85000e+02 8.0773944645e+03 4.1496829237e+01
2.86000e+02 8.1088199763e+03 9.4509078067e+01
2.87000e+02 8.1358391422e+03 1.0582130422e+02
2.88000e+02 8.1627741143e+03 4.6706154785e+01
2.89000e+02 8.1898825829e+03 4.6748751449e+01
2.90000e+02 8.2168786310e+03 4.6763078634e+01
2.91000e+02 8.2440257135e+03 4.6754929419e+01
2.92000e+02 8.2720048574e+03 4.9299232264e+01
2.93000e+02 8.3019221609e+03 5.1009577866e+02
2.94000e+02 8.3307424749e+03 9.6201592869e+01
2.95000e+02 8.3554904404e+03 2.3991169831e+00
2.96000e+02 8.3802175853e+03 4.2042553442e+01
2.97000e+02 8.4090710483e+03 1.4909598490e+02
2.98000e+02 8.4380250007e+03 5.0273736654e+01
2.99000e+02 8.4628435358e+03 4.2071080449e+01
3.00000e+02 8.4876207912e+03 5.2586926554e+01
3.01000e+02 8.5125743481e+03 5.2669361486e+01
3.02000e+02 8.5374445319e+03 4.2201813870e+01
3.03000e+02 8.5624629295e+03 4.2224452700e+01
3.04000e+02 8.5883367137e+03 1.0391479707e+02
3.05000e+02 8.6159215404e+03 1.4399637740e+02
3.06000e+02 8.6436668710e+03 2.4972259884e+02
3.07000e+02 8.6699256438e+03 2.8678369814e+02
3.08000e+02 8.6948514866e+03 4.2237887267e+01
3.09000e+02 8.7238294349e+03 9.7997500853e+01
3.10000e+02 8.7528800894e+03 9.7996205390e+01
3.11000e+02 8.7816311971e+03 5.0021815954e+01
3.12000e+02 8.8105648613e+03 4.9854803887e+01
3.13000e+02 8.8392459249e+03 4.9734904910e+01
3.14000e+02 8.8681298671e+03 4.9635447938e+01
3.15000e+02 8.8967744585e+03 4.9549340403e+01
3.16000e+02 8.9269174426e+03 3.9022030116e+01
3.17000e+02 8.9569220221e+03 1.9970872361e+02
3.18000e+02 8.9869965223e+03 1.6281615434e+02
3.19000e+02 9.0153388615e+03 4.4279215826e+01
3.20000e+02 9.0432745760e+03 3.4542332617e+02
3.21000e+02 9.0731176492e+03 5.1835421945e+01
3.22000e+02 9.1031390323e+03 5.1730469346e+01
3.23000e+02 9.1330695829e+03 5.1766216237e+01
3.24000e+02 9.1630823104e+03 5.1705794456e+01
3.25000e+02 9.1913790718e+03 1.6692093324e+02
3.26000e+02 9.2183239079e+03 1.6478413813e+02
3.27000e+02 9.2453938238e+03 2.1121367867e+02
3.28000e+02 9.2733032745e+03 1.0347177273e+02
3.29000e+02 9.3031516679e+03 5.1571931400e+01
3.30000e+02 9.3331706098e+03 5.1526573997e+01
3.31000e+02 9.3630945701e+03 5.1550614297e+01
3.32000e+02 9.3918375011e+03 9.7596099995e+01
3.33000e+02 9.4165264895e+03 1.0098737345e+02
3.34000e+02 9.4421492540e+03 1.0073273702e+02
3.35000e+02 9.4695216542e+03 2.5515600756e+00
3.36000e+02 9.4970970353e+03 4.6506494266e+01
3.37000e+02 9.5246249989e+03 4.6615551136e+01
3.38000e+02 9.5509840471e+03 9.8502503276e+01
3.39000e+02 9.5735411711e+03 9.8500139975e+01
3.40000e+02 9.5961082800e+03 2.4314761875e+02
3.41000e+02 9.6225688316e+03 2.5108075107e+02
3.42000e+02 9.6504163963e+03 4.6841119157e+01
3.43000e+02 9.6766973365e+03 2.3854149296e+02
3.44000e+02 9.7025848774e+03 8.0154578854e+01
3.45000e+02 9.7301428987e+03 4.6824335743e+01
3.46000e+02 9.7566062884e+03 1.0181030571e+02
3.47000e+02 9.7792443656e+03 8.0155377369e+01
3.48000e+02 9.8028408688e+03 8.6165982465e+00
3.49000e+02 9.8279562294e+03 2.4426606651e+00
3.50000e+02 9.8520048028e+03 7.4356081362e+01
3.51000e+02 9.8724926499e+03 6.4577515118e+00
3.52000e+02 9.8930215564e+03 8.4488313466e+01
3.53000e+02 9.9172211263e+03 1.1636695268e+02
3.54000e+02 9.9415188215e+03 3.9728809896e+01
3.55000e+02 9.9621581512e+03 3.2429910799e+01
3.56000e+02 9.9837601648e+03 4.4347076622e+00
3.57000e+02 1.0005605672e+04 7.9968391683e+01
3.58000e+02 1.0027293473e+04 7.1506793171e+01
3.59000e+02 1.0050234348e+04 1.0934825202e+02
3.60000e+02 1.0073344653e+04 1.4883893782e+02
3.61000e+02 1.0095446365e+04 3.4982790309e+01
3.62000e+02 1.0117219383e+04 3.7903114774e+01
3.63000e+02 1.0140214982e+04 3.7222085426e+01
3.64000e+02 1.0163370825e+04 3.7230401406e+01
3.65000e+02 1.0185509317e+04 3.7901991670e+01
3.66000e+02 1.0206361310e+04 3.3351480795e+01
3.67000e+02 1.0230809271e+04 1.1429800392e+02
3.68000e+02 1.0255317432e+04 1.1439417215e+02
3.69000e+02 1.0276123866e+04 7.2758900894e+01
3.70000e+02 1.0296915806e+04 1.1412365370e+02
3.71000e+02 1.0317850542e+04 7.4864164209e+01
3.72000e+02 1.0339680576e+04 3.7241879305e+01
3.73000e+02 1.0361715512e+04 7.4632307351e+01
3.74000e+02 1.0382607978e+04 3.2761347952e+01
3.75000e+02 1.0407127725e+04 3.9991032326e+01
3.76000e+02 1.0432984454e+04 7.5067695495e+01
3.77000e+02 1.0457450022e+04 3.5159218375e+01
3.78000e+02 1.0480560813e+04 9.5085432705e+00
3.79000e+02 1.0503743315e+04 4.4475388158e+01
3.80000e+02 1.0526811578e+04 3.7098166411e+01
3.81000e+02 1.0553740410e+04 3.7482466937e+01
3.82000e+02 1.0581991575e+04 3.7518495647e+01
3.83000e+02 1.0608596759e+04 4.8699718140e+01
3.84000e+02 1.0633815117e+04 2.4543856100e+00
3.85000e+02 1.0659110146e+04 4.1625526048e+01
3.86000e+02 1.0685226789e+04 1.6042849726e+02
3.87000e+02 1.0711545036e+04 4.3161217645e+01
3.88000e+02 1.0736667048e+04 4.1183263992e+01
3.89000e+02 1.0765873314e+04 3.9758411470e+01
3.90000e+02 1.0795134483e+04 1.2342864364e+02
3.91000e+02 1.0824077386e+04 5.0487492249e+01
3.92000e+02 1.0853190058e+04 4.8727550003e+01
3.93000e+02 1.0878170574e+04 4.0827567902e+01
3.94000e+02 1.0904058885e+04 4.2889724779e+01
3.95000e+02 1.0931698469e+04 2.5374043902e+02
3.96000e+02 1.0958260266e+04 2.5508746610e+00
3.97000e+02 1.0980993235e+04 4.0453430556e+01
3.98000e+02 1.1004687504e+04 5.2032711580e+01
3.99000e+02 1.1028650102e+04 9.2471865394e+01
4.00000e+02 1.1052446544e+04 3.8254812469e+01
4.01000e+02 1.1076473958e+04 3.8281372927e+01
4.02000e+02 1.1099363140e+04 7.8966887258e+01
4.03000e+02 1.1122383593e+04 9.0484719863e+01
4.04000e+02 1.1146281472e+04 3.8344529571e+01
4.05000e+02 1.1170395229e+04 3.8392527455e+01
4.06000e+02 1.1193350337e+04 9.0460162090e+01
4.07000e+02 1.1216424883e+04 3.8360278509e+01
4.08000e+02 1.1240367597e+04 3.8398968830e+01
4.09000e+02 1.1265795950e+04 4.7595547476e+00
4.10000e+02 1.1291375325e+04 2.5807390426e+02
4.11000e+02 1.1315684213e+04 3.8555702329e+01
4.12000e+02 1.1339629610e+04 3.8519829991e+01
4.13000e+02 1.1363761034e+04 3.8303844840e+01
4.14000e+02 1.1387688483e+04 3.8247593417e+01
4.15000e+02 1.1413095372e+04 1.6091301178e+02
4.16000e+02 1.1438665077e+04 7.6773018017e+01
4.17000e+02 1.1464177096e+04 7.6801375598e+01
4.18000e+02 1.1488490129e+04 1.5879105843e+02
4.19000e+02 1.1509191602e+04 1.1267815290e+02
4.20000e+02 1.1530863084e+04 3.8933357370e+01
4.21000e+02 1.1552786511e+04 7.4895773144e+01
4.22000e+02 1.1573603501e+04 1.4874927406e+02
4.23000e+02 1.1598063164e+04 2.7927798049e+02
4.24000e+02 1.1623876723e+04 7.5064731004e+01
4.25000e+02 1.1649538436e+04 7.5139360145e+01
4.26000e+02 1.1675226794e+04 4.1307467263e+01
4.27000e+02 1.1700818026e+04 4.1195678399e+01
4.28000e+02 1.1725192050e+04 1.1801987102e+02
4.29000e+02 1.1749362138e+04 1.1596625060e+02
4.30000e+02 1.1775016142e+04 4.1120128780e+01
4.31000e+02 1.1799353332e+04 2.4137631596e+00
4.32000e+02 1.1823329273e+04 1.1852316224e+02
4.33000e+02 1.1847490205e+04 1.1822838168e+02
4.34000e+02 1.1871445469e+04 3.7913674309e+01
4.35000e+02 1.1896882582e+04 4.0924889528e+01
4.36000e+02 1.1921220836e+04 1.1581451447e+02
4.37000e+02 1.1941947041e+04 1.9519955614e+02
4.38000e+02 1.1963648039e+04 6.9534679214e-01
4.39000e+02 1.1985600950e+04 3.6362390980e+01
4.40000e+02 1.2006445621e+04 1.9503203744e+02
4.41000e+02 1.2030934905e+04 4.1398205138e+01
4.42000e+02 1.2056776546e+04 7.4448017521e+01
4.43000e+02 1.2081237819e+04 3.3078413620e+01
4.44000e+02 1.2105306091e+04 6.8789026576e+01
4.45000e+02 1.2129541963e+04 3.7924784498e+01
4.46000e+02 1.2152604177e+04 2.2175425352e+00
4.47000e+02 1.2175776353e+04 7.1860859300e+01
4.48000e+02 1.2199807305e+04 3.7849539250e+01
4.49000e+02 1.2224042183e+04 3.7810695859e+01
4.50000e+02 1.2248062184e+04 3.7761933531e+01
4.51000e+02 1.2273562252e+04 7.4436524294e+01
4.52000e+02 1.2297956315e+04 1.4560547546e+02
4.53000e+02 1.2322160675e+04 1.4244220832e+02
4.54000e+02 1.2346569895e+04 3.8122063698e+01
4.55000e+02 1.2367348040e+04 7.3141830358e+01
4.56000e+02 1.2389095907e+04 2.2721337127e+00
4.57000e+02 1.2411090972e+04 3.3214496757e+01
4.58000e+02 1.2432926924e+04 3.3269367579e+01
4.59000e+02 1.2456030210e+04 1.0404072256e+02
4.60000e+02 1.2478039899e+04 3.2562251361e+01
4.61000e+02 1.2499896140e+04 6.8265511140e+01
4.62000e+02 1.2521960770e+04 3.3290404223e+01
4.63000e+02 1.2540635141e+04 2.8862462679e+01
4.64000e+02 1.2560305707e+04 8.7060447343e-01
4.65000e+02 1.2581052740e+04 6.3430550528e+01
4.66000e+02 1.2601974815e+04 2.0336990768e+02
4.67000e+02 1.2622896282e+04 3.1116664291e+01
4.68000e+02 1.2643880607e+04 3.1147797992e+01
4.69000e+02 1.2664838177e+04 3.1152752976e+01
4.70000e+02 1.2685848370e+04 3.1147468070e+01
4.71000e+02 1.2706826217e+04 3.1136597379e+01
4.72000e+02 1.2726587802e+04 2.3030452992e+00
4.73000e+02 1.2746197035e+04 1.2418530722e+02
4.74000e+02 1.2765998191e+04 1.2410069285e+02
4.75000e+02 1.2785646220e+04 2.8539445369e+01
4.76000e+02 1.2806764329e+04 3.1213376914e+01
4.77000e+02 1.2827821619e+04 3.1261606659e+01
4.78000e+02 1.2848919624e+04 3.1210239951e+01
4.79000e+02 1.2869179685e+04 3.2370828876e+01
4.80000e+02 1.2888160824e+04 3.2658410413e+02
4.81000e+02 1.2910516097e+04 3.6567787860e+01
4.82000e+02 1.2934200392e+04 2.5862912239e+00
4.83000e+02 1.2956710742e+04 1.8520111623e+02
4.84000e+02 1.2978839047e+04 2.1677612157e+02
4.85000e+02 1.3001115747e+04 3.3374867327e+01
4.86000e+02 1.3022227648e+04 3.8661982347e+01
4.87000e+02 1.3046970126e+04 4.9709095935e+00
4.88000e+02 1.3071756835e+04 7.4993618337e+01
4.89000e+02 1.3096262889e+04 3.8237951482e+01
4.90000e+02 1.3122209956e+04 6.2012572848e+01
4.91000e+02 1.3148022011e+04 1.0046805970e+02
4.92000e+02 1.3172601940e+04 3.7992933402e+01
4.93000e+02 1.3196960439e+04 3.7807385842e+01
4.94000e+02 1.3221506354e+04 3.7735564095e+01
4.95000e+02 1.3242401352e+04 2.2466451004e+02
4.96000e+02 1.3263300761e+04 8.0722739073e+01
4.97000e+02 1.3287879177e+04 3.7917744898e+01
4.98000e+02 1.3313814966e+04 4.0606512450e+01
4.99000e+02 1.3338360543e+04 8.7925697047e+01
5.00000e+02 1.3361561059e+04 4.0180933561e+01
5.01000e+02 1.3388591262e+04 2.4517872604e+00
5.02000e+02 1.3416950429e+04 4.9643358913e+01
5.03000e+02 1.3443655286e+04 4.2300032478e+01
5.04000e+02 1.3468974985e+04 4.5685188740e+00
5.05000e+02 1.3498348716e+04 4.0326565775e+01
5.06000e+02 1.3529050843e+04 4.4600692206e+01
5.07000e+02 1.3559526237e+04 1.3937905221e+02
5.08000e+02 1.3588759039e+04 8.5302288295e+01
5.09000e+02 1.3613849794e+04 1.2954247632e+02
5.10000e+02 1.3639838236e+04 2.1705909338e+02
5.11000e+02 1.3666082148e+04 9.0583516657e+01
5.12000e+02 1.3692123508e+04 4.0783890788e+01
5.13000e+02 1.3719896106e+04 2.4938660991e-02
5.14000e+02 1.3747842210e+04 8.7736909607e+01
5.15000e+02 1.3775712795e+04 8.5069303083e+01
5.16000e+02 1.3802395524e+04 2.5500724698e+00
5.17000e+02 1.3828866285e+04 1.2930229391e+02
5.18000e+02 1.3855553588e+04 1.2917756532e+02
5.19000e+02 1.3882034541e+04 4.1539742605e+01
5.20000e+02 1.3908730679e+04 4.1507038278e+01
5.21000e+02 1.3931570892e+04 1.2497307612e+02
5.22000e+02 1.3955362758e+04 4.1978852716e+01
5.23000e+02 1.3979417670e+04 8.0490980948e+01
5.24000e+02 1.4002348000e+04 2.0856806471e+02
5.25000e+02 1.4025417707e+04 8.1365372080e+01
5.26000e+02 1.4048412123e+04 3.4322036644e+01
5.27000e+02 1.4075289671e+04 4.1862125560e+01
5.28000e+02 1.4102227537e+04 4.2061991031e+01
5.29000e+02 1.4128878318e+04 4.1793163023e+01
5.30000e+02 1.4156988585e+04 8.0574652937e+01
5.31000e+02 1.4184956448e+04 1.2511228735e+02
5.32000e+02 1.4212971873e+04 8.8710191302e+01
5.33000e+02 1.4239451067e+04 7.5911000721e+01
5.34000e+02 1.4264582405e+04 5.1450604454e+01
5.35000e+02 1.4289817688e+04 8.7852444563e+01
5.36000e+02 1.4314939517e+04 3.8441400146e+01
5.37000e+02 1.4340193766e+04 3.8421924783e+01
5.38000e+02 1.4365330943e+04 3.8398850533e+01
5.39000e+02 1.4394573353e+04 4.6692177640e+01
5.40000e+02 1.4425152614e+04 2.5638346077e+00
5.41000e+02 1.4455515865e+04 4.9057208354e+01
5.42000e+02 1.4485905967e+04 4.8818992606e+01
5.43000e+02 1.4514509419e+04 1.3028682317e+02
5.44000e+02 1.4542682349e+04 2.4655483332e+02
5.45000e+02 1.4571052667e+04 4.4425860686e+01
5.46000e+02 1.4599177467e+04 4.4333304212e+01
5.47000e+02 1.4627528492e+04 4.4269677867e+01
5.48000e+02 1.4654685653e+04 2.0199849050e+00
5.49000e+02 1.4681981629e+04 1.2935014485e+02
5.50000e+02 1.4709150342e+04 1.2923234655e+02
5.51000e+02 1.4736462049e+04 4.2188843963e+01
5.52000e+02 1.4763639259e+04 4.2155151925e+01
5.53000e+02 1.4790955582e+04 4.2117612674e+01
5.54000e+02 1.4819093541e+04 4.4238567498e+01
5.55000e+02 1.4847455556e+04 8.4297099048e+01
5.56000e+02 1.4874613355e+04 4.2056084476e+01
5.57000e+02 1.4906093846e+04 5.3569525368e+01
5.58000e+02 1.4937642553e+04 3.3663956826e+02
5.59000e+02 1.4968860827e+04 2.4060871751e+02
5.60000e+02 1.5000262595e+04 5.0105253625e+01
5.61000e+02 1.5031386747e+04 4.9961027255e+01
5.62000e+02 1.5064007619e+04 2.4322885790e+02
5.63000e+02 1.5094600322e+04 4.4244716472e+01
5.64000e+02 1.5123809880e+04 1.0221501830e+02
5.65000e+02 1.5153146670e+04 1.4614729841e+02
5.66000e+02 1.5182336535e+04 4.5818198345e+01
5.67000e+02 1.5211683078e+04 4.5782133267e+01
5.68000e+02 1.5241838059e+04 1.3043029602e+02
5.69000e+02 1.5272231171e+04 1.4768559322e+02
5.70000e+02 1.5301407530e+04 4.5722845331e+01
5.71000e+02 1.5330731943e+04 4.5654992140e+01
5.72000e+02 1.5359911455e+04 4.5612490059e+01
5.73000e+02 1.5393654307e+04 2.6186989401e+00
5.74000e+02 1.5427464773e+04 1.8950334576e+02
5.75000e+02 1.5460923276e+04 1.8902949325e+02
5.76000e+02 1.5494573495e+04 5.4112716599e+01
5.77000e+02 1.5523643322e+04 4.5312291474e+01
5.78000e+02 1.5552630452e+04 5.4080582329e+01
5.79000e+02 1.5581820140e+04 5.4146363004e+01
5.80000e+02 1.5611850175e+04 1.4741296151e+02
5.81000e+02 1.5644068507e+04 5.8492378387e+02
5.82000e+02 1.5676468987e+04 3.4312038035e+02
5.83000e+02 1.5708757649e+04 5.1534689954e+01
5.84000e+02 1.5741136456e+04 5.1461481772e+01
5.85000e+02 1.5773396045e+04 5.1380947036e+01
5.86000e+02 1.5805746326e+04 5.1301041249e+01
5.87000e+02 1.5837980500e+04 5.1224324603e+01
5.88000e+02 1.5870308025e+04 5.1150343493e+01
5.89000e+02 1.5900692735e+04 1.4526209974e+02
5.90000e+02 1.5930662635e+04 3.0552807938e+02
5.91000e+02 1.5960865148e+04 2.0734427432e+02
5.92000e+02 1.5989875772e+04 4.5109725016e+01
5.93000e+02 1.6023435611e+04 2.5938325407e+02
5.94000e+02 1.6058374811e+04 4.9277228269e+01
5.95000e+02 1.6091014574e+04 2.4372494980e+00
5.96000e+02 1.6123179300e+04 5.1295192089e+01
5.97000e+02 1.6155561564e+04 5.0986397444e+01
5.98000e+02 1.6186712055e+04 2.1617750682e+02
5.99000e+02 1.6222634483e+04 5.1590539061e+01
6.00000e+02 1.6259931764e+04 5.5728304672e+01
6.01000e+02 1.6296964292e+04 1.6079807464e+02
6.02000e+02 1.6332795101e+04 3.1284340916e+02
6.03000e+02 1.6368310913e+04 5.7672685947e+01
6.04000e+02 1.6404057212e+04 5.7530502565e+01
6.05000e+02 1.6435038814e+04 2.6281785892e+02
6.06000e+02 1.6466888562e+04 1.1122193304e+02
6.07000e+02 1.6501181160e+04 5.7139767950e+01
6.08000e+02 1.6535695579e+04 1.1490126577e+02
6.09000e+02 1.6570102497e+04 5.5020986941e+01
6.10000e+02 1.6604623021e+04 5.4972070717e+01
6.11000e+02 1.6639019985e+04 5.4907145261e+01
6.12000e+02 1.6673526263e+04 5.4837992166e+01
6.13000e+02 1.6707908573e+04 5.4768500066e+01
6.14000e+02 1.6741141312e+04 2.5135601494e+00
6.15000e+02 1.6769886318e+04 1.0661853855e+02
6.16000e+02 1.6798581276e+04 1.5257378889e+02
6.17000e+02 1.6827504732e+04 4.3744530515e+01
6.18000e+02 1.6856338768e+04 4.3839864046e+01
6.19000e+02 1.6885363210e+04 4.3897009603e+01
6.20000e+02 1.6915227054e+04 2.1962865921e+02
6.21000e+02 1.6945351180e+04 3.2826160526e+02
6.22000e+02 1.6975234244e+04 4.5736499073e+01
6.23000e+02 1.7007280561e+04 2.3359927347e+00
6.24000e+02 1.7038261111e+04 1.3117707051e+02
6.25000e+02 1.7064965635e+04 1.7541777081e+02
6.26000e+02 1.7091641369e+04 2.1693716301e+02
6.27000e+02 1.7118527560e+04 3.9164204710e+01
6.28000e+02 1.7146290539e+04 2.1200841722e+00
6.29000e+02 1.7176006472e+04 2.3303844345e+00
6.30000e+02 1.7204652302e+04 2.1203267331e+02
6.31000e+02 1.7229262649e+04 2.2758437981e+00
6.32000e+02 1.7254824993e+04 2.2006356836e+00
6.33000e+02 1.7280675277e+04 8.0399457190e+01
6.34000e+02 1.7306354708e+04 8.0436145397e+01
6.35000e+02 1.7333754024e+04 1.7343195082e+02
6.36000e+02 1.7360089919e+04 4.5835027557e+00
6.37000e+02 1.7382629629e+04 3.4986135602e+01
6.38000e+02 1.7406145051e+04 4.0396461837e+01
6.39000e+02 1.7431186243e+04 6.9370437466e+00
6.40000e+02 1.7456432515e+04 2.0712042654e+02
6.41000e+02 1.7481658316e+04 3.5928266792e+01
6.42000e+02 1.7506973651e+04 3.5961402995e+01
6.43000e+02 1.7532241871e+04 3.5967860090e+01
6.44000e+02 1.7556326832e+04 3.2700215335e+01
6.45000e+02 1.7580238224e+04 4.5331421950e+02
6.46000e+02 1.7604370322e+04 7.2433808446e+01
6.47000e+02 1.7624918015e+04 3.8364048928e+01
6.48000e+02 1.7646450247e+04 6.2910933053e+01
6.49000e+02 1.7668241363e+04 1.3620169295e+02
6.50000e+02 1.7688934433e+04 1.3820662931e+02
6.51000e+02 1.7709761511e+04 6.3127406613e+01
6.52000e+02 1.7731494037e+04 2.8811191430e+01
6.53000e+02 1.7754485890e+04 3.1083424055e+01
6.54000e+02 1.7776375068e+04 2.6760372582e+01
6.55000e+02 1.7794902904e+04 2.6483137712e+01
6.56000e+02 1.7813481769e+04 5.3345743380e+01
6.57000e+02 1.7832219878e+04 2.2527852455e+01
6.58000e+02 1.7850936739e+04 2.2643320110e+01
6.59000e+02 1.7873073697e+04 5.8318969062e+01
6.60000e+02 1.7895267376e+04 4.9266480162e+01
6.61000e+02 1.7913992394e+04 2.2607586571e+01
6.62000e+02 1.7933685510e+04 4.0203421986e-01
6.63000e+02 1.7953600396e+04 7.1844406187e+01
6.64000e+02 1.7972409230e+04 2.2676951409e+01
6.65000e+02 1.7991324061e+04 2.2844087391e+01
6.66000e+02 1.8011147158e+04 6.9461098944e+01
6.67000e+02 1.8031161245e+04 2.4954214075e+01
6.68000e+02 1.8050048369e+04 2.2899533757e+01
6.69000e+02 1.8072338761e+04 4.9370647438e+01
6.70000e+02 1.8094677386e+04 4.5551168562e+01
6.71000e+02 1.8116766169e+04 4.5304008322e+01
6.72000e+02 1.8140297188e+04 1.5946029388e+02
6.73000e+02 1.8162700887e+04 2.3065507630e+01
6.74000e+02 1.8183790692e+04 3.1671817424e+01
6.75000e+02 1.8204950855e+04 5.6762111821e+01
6.76000e+02 1.8226018282e+04 2.7213835279e+01
6.77000e+02 1.8250725377e+04 7.1029116217e+00
6.78000e+02 1.8275469033e+04 5.9110380791e+01
6.79000e+02 1.8299929835e+04 5.4320378180e+01
6.80000e+02 1.8324545255e+04 3.3997417443e+01
6.81000e+02 1.8348928434e+04 3.3885797052e+01
6.82000e+02 1.8374773963e+04 2.5356951229e+01
6.83000e+02 1.8400499222e+04 2.1720454035e+02
6.84000e+02 1.8425002046e+04 3.3739314862e+01
6.85000e+02 1.8449291741e+04 3.3612091348e+01
6.86000e+02 1.8473774872e+04 3.3558786882e+01
6.87000e+02 1.8494617310e+04 2.6868895800e+01
6.88000e+02 1.8515467852e+04 1.0133916006e+02
6.89000e+02 1.8536476086e+04 1.0140361721e+02
6.90000e+02 1.8558387473e+04 1.4974450744e+02
6.91000e+02 1.8580509537e+04 1.5978295284e+02
6.92000e+02 1.8601493551e+04 2.6721667232e+01
6.93000e+02 1.8626117419e+04 3.3859400877e+01
6.94000e+02 1.8650799036e+04 3.4024027871e+01
6.95000e+02 1.8675212558e+04 3.3779657917e+01
6.96000e+02 1.8701076385e+04 1.5964146876e+02
6.97000e+02 1.8726814184e+04 1.0123334673e+02
6.98000e+02 1.8751326981e+04 3.3577057339e+01
6.99000e+02 1.8775624980e+04 3.3427957889e+01
7.00000e+02 1.8801400083e+04 4.1104735450e+01
7.01000e+02 1.8827070360e+04 3.6058631925e+01
7.02000e+02 1.8851529247e+04 3.3340620137e+01
7.03000e+02 1.8872355982e+04 2.6513447193e+01
7.04000e+02 1.8894142511e+04 1.3702982878e+02
7.05000e+02 1.8916175124e+04 1.0565762720e+02
7.06000e+02 1.8938048759e+04 2.8423043392e+01
7.07000e+02 1.8961194525e+04 2.8200094791e+01
7.08000e+02 1.8984508667e+04 6.1897548872e+01
7.09000e+02 1.9007792207e+04 3.1248820126e+01
7.10000e+02 1.9029874993e+04 2.3761017259e+00
7.11000e+02 1.9051787449e+04 6.2032781670e+01
7.12000e+02 1.9075186653e+04 3.1138591559e+01
7.13000e+02 1.9097500396e+04 2.8675750685e+01
7.14000e+02 1.9119477017e+04 3.1156515175e+01
7.15000e+02 1.9141629038e+04 3.0963636490e+01
7.16000e+02 1.9162639153e+04 1.3637460421e+02
7.17000e+02 1.9183757453e+04 1.3886367614e+02
7.18000e+02 1.9205757396e+04 2.8549540574e+01
7.19000e+02 1.9229024907e+04 3.1091423145e+01
7.20000e+02 1.9252436508e+04 3.1072728500e+01
7.21000e+02 1.9274794288e+04 2.8726750755e+01
7.22000e+02 1.9295854246e+04 2.8913085650e+01
7.23000e+02 1.9316998004e+04 2.8546450105e+01
7.24000e+02 1.9339016720e+04 2.8716796224e+01
7.25000e+02 1.9362302032e+04 3.1059457294e+01
7.26000e+02 1.9385730183e+04 3.1044948214e+01
7.27000e+02 1.9409109905e+04 3.1108313655e+01
7.28000e+02 1.9431276834e+04 1.1943603966e+02
7.29000e+02 1.9450042725e+04 2.6310212851e+01
7.30000e+02 1.9469793636e+04 3.3673887214e+01
7.31000e+02 1.9489780986e+04 5.9957862574e+01
7.32000e+02 1.9509627146e+04 2.4051461717e+01
7.33000e+02 1.9530519658e+04 2.4872103210e+00
7.34000e+02 1.9551574249e+04 5.2659857187e+01
7.35000e+02 1.9571825142e+04 2.4290953357e+01
7.36000e+02 1.9591762020e+04 2.4357380298e+01
7.37000e+02 1.9612711742e+04 5.2664406513e+01
7.38000e+02 1.9632547397e+04 2.3952629558e+01
7.39000e+02 1.9649228235e+04 7.9915592551e+01
7.40000e+02 1.9665971586e+04 1.3032087746e+02
7.41000e+02 1.9682857334e+04 1.7736039873e+01
7.42000e+02 1.9699729104e+04 1.7846721869e+01
7.43000e+02 1.9719805464e+04 1.4393411267e+02
7.44000e+02 1.9739926175e+04 9.7839037184e+01
7.45000e+02 1.9759820265e+04 6.1549228357e+01
7.46000e+02 1.9781148959e+04 2.6444909711e+01
7.47000e+02 1.9802389441e+04 6.2022259020e+01
7.48000e+02 1.9822386507e+04 2.3935180876e+01
7.49000e+02 1.9842205462e+04 2.3836111627e+01
7.50000e+02 1.9862199266e+04 2.3809013301e+01
7.51000e+02 1.9882023555e+04 2.3790538395e+01
7.52000e+02 1.9902025238e+04 2.3774627186e+01
7.53000e+02 1.9918829044e+04 1.7746932969e+01
7.54000e+02 1.9936633428e+04 6.1731887403e+01
7.55000e+02 1.9954654349e+04 8.3773205606e+01
7.56000e+02 1.9971587194e+04 7.1698925209e+01
7.57000e+02 1.9988615956e+04 7.1852182894e+01
7.58000e+02 2.0005608216e+04 1.7931081306e+01
7.59000e+02 2.0022691690e+04 1.7967861826e+01
7.60000e+02 2.0040683212e+04 2.0012189161e+01
7.61000e+02 2.0058844297e+04 6.3370389760e+01
7.62000e+02 2.0075883346e+04 1.7996683836e+01
7.63000e+02 2.0092999676e+04 1.8011542670e+01
7.64000e+02 2.0111023414e+04 6.3339235210e+01
7.65000e+02 2.0129214926e+04 2.0068275012e+01
7.66000e+02 2.0146282567e+04 1.8022122761e+01
7.67000e+02 2.0166538032e+04 2.4182027609e+01
7.68000e+02 2.0186825988e+04 5.4101364574e+01
7.69000e+02 2.0203821127e+04 1.7882910662e+01
7.70000e+02 2.0221785776e+04 1.9989117790e+01
7.71000e+02 2.0239946306e+04 1.9938145750e+01
7.72000e+02 2.0257954102e+04 1.9961355112e+01
7.73000e+02 2.0276777550e+04 1.2307753147e+02
7.74000e+02 2.0295740748e+04 1.8269322648e+02
7.75000e+02 2.0314694997e+04 2.1833734348e+01
7.76000e+02 2.0332418788e+04 1.5300863295e+01
7.77000e+02 2.0347185606e+04 2.1737260462e+01
7.78000e+02 2.0362019939e+04 3.7347242461e+01
7.79000e+02 2.0376975842e+04 1.3533398137e+01
7.80000e+02 2.0391925965e+04 1.3635655060e+01
7.81000e+02 2.0406963942e+04 1.3704093746e+01
7.82000e+02 2.0422931310e+04 1.9627440831e+01
7.83000e+02 2.0439490958e+04 2.3945998962e+00
7.84000e+02 2.0456173269e+04 1.6994777162e+01
7.85000e+02 2.0472861440e+04 1.7106304914e+01
7.86000e+02 2.0488309873e+04 4.6650418991e+01
7.87000e+02 2.0503629365e+04 1.1100062202e+02
7.88000e+02 2.0519116527e+04 1.4480298629e+01
7.89000e+02 2.0534472309e+04 1.4502108005e+01
7.90000e+02 2.0551273147e+04 1.7207725778e+01
7.91000e+02 2.0567634920e+04 4.5108969651e+01
7.92000e+02 2.0583705300e+04 2.3499003182e+01
7.93000e+02 2.0599902981e+04 1.5952893657e+01
7.94000e+02 2.0615945898e+04 1.5909477793e+01
7.95000e+02 2.0632139850e+04 1.5889838664e+01
7.96000e+02 2.0648184838e+04 1.5876020500e+01
7.97000e+02 2.0664383251e+04 1.5864605659e+01
7.98000e+02 2.0680433465e+04 1.5853966774e+01
7.99000e+02 2.0696637622e+04 1.5843856820e+01
8.00000e+02 2.0711739081e+04 4.2770900834e+01
8.01000e+02 2.0729809113e+04 2.7142498277e+00
8.02000e+02 2.0749186594e+04 7.4763284000e+01
8.03000e+02 2.0767820240e+04 2.4294896619e+00
8.04000e+02 2.0786102126e+04 2.0486744438e+01
8.05000e+02 2.0804500729e+04 2.0231214143e+01
8.06000e+02 2.0821755448e+04 4.8647959848e+00
8.07000e+02 2.0842199822e+04 5.6578948634e+01
8.08000e+02 2.0862666313e+04 7.8700840443e+01
8.09000e+02 2.0882880430e+04 2.4187275831e+01
8.10000e+02 2.0903227853e+04 2.4044020733e+01
8.11000e+02 2.0923368213e+04 2.3946220521e+01
8.12000e+02 2.0943661849e+04 2.3868486634e+01
8.13000e+02 2.0963761836e+04 2.3804244445e+01
8.14000e+02 2.0984023048e+04 2.3748017000e+01
8.15000e+02 2.1004096912e+04 2.3698146423e+01
8.16000e+02 2.1025618462e+04 2.4782112076e+01
8.17000e+02 2.1047053910e+04 1.9263271296e+02
8.18000e+02 2.1068513082e+04 9.7553017955e+01
8.19000e+02 2.1089907634e+04 2.6165501485e+01
8.20000e+02 2.1110064421e+04 2.3570023673e+01
8.21000e+02 2.1127015238e+04 8.6087908123e+01
8.22000e+02 2.1144956887e+04 1.4362547723e+02
8.23000e+02 2.1163763177e+04 2.5882612097e+00
8.24000e+02 2.1181463504e+04 2.4564601873e+00
8.25000e+02 2.1196231019e+04 1.4129854904e+02
8.26000e+02 2.1212038017e+04 4.7203224692e+00
8.27000e+02 2.1228062718e+04 1.3639234674e+02
8.28000e+02 2.1243023474e+04 1.9322439666e+02
8.29000e+02 2.1258074409e+04 1.3245734396e+01
8.30000e+02 2.1273110086e+04 1.3307409554e+01
8.31000e+02 2.1288228290e+04 1.3361370112e+01
8.32000e+02 2.1304271033e+04 1.5322640910e+01
8.33000e+02 2.1320472841e+04 3.1149125120e+01
8.34000e+02 2.1336523298e+04 3.1125689091e+01
8.35000e+02 2.1353161009e+04 2.1685793118e+00
8.36000e+02 2.1368662250e+04 6.7837149622e+01
8.37000e+02 2.1384049201e+04 8.4174849204e+01
8.38000e+02 2.1400890168e+04 6.5140329099e+01
8.39000e+02 2.1417295503e+04 1.5633391487e+01
8.40000e+02 2.1433410889e+04 1.5682687251e+01
8.41000e+02 2.1450093087e+04 6.5119675135e+01
8.42000e+02 2.1465631354e+04 1.4091464851e+01
8.43000e+02 2.1481051195e+04 1.4110263026e+01
8.44000e+02 2.1497921639e+04 1.6712750478e+01
8.45000e+02 2.1514759496e+04 1.6851697333e+01
8.46000e+02 2.1531614415e+04 1.6819320904e+01
8.47000e+02 2.1548446642e+04 1.6796871426e+01
8.48000e+02 2.1564028628e+04 1.4139870713e+01
8.49000e+02 2.1579473771e+04 2.1866292534e+01
8.50000e+02 2.1596361716e+04 1.6813100037e+01
8.51000e+02 2.1612803558e+04 1.5703511075e+01
8.52000e+02 2.1628952419e+04 3.4713909910e+01
8.53000e+02 2.1645670098e+04 1.6681739176e+01
8.54000e+02 2.1661242547e+04 2.1834889826e+01
8.55000e+02 2.1674077314e+04 6.3492628326e+01
8.56000e+02 2.1687954776e+04 1.4393658464e+01
8.57000e+02 2.1702245482e+04 2.4269732840e+00
8.58000e+02 2.1716679360e+04 1.1786444473e+01
8.59000e+02 2.1730971577e+04 4.6908836291e+01
8.60000e+02 2.1744054608e+04 7.4824498174e+01
8.61000e+02 2.1759856532e+04 2.8927725535e+01
8.62000e+02 2.1776961397e+04 1.6299776007e+01
8.63000e+02 2.1793553504e+04 2.2998893539e+00
8.64000e+02 2.1809818775e+04 1.5889641696e+01
8.65000e+02 2.1826640669e+04 3.0589322352e+01
8.66000e+02 2.1843566700e+04 1.6751109160e+01
8.67000e+02 2.1860075470e+04 1.5790415895e+01
8.68000e+02 2.1875330122e+04 1.7636300614e+01
8.69000e+02 2.1890620300e+04 3.2708428316e+01
8.70000e+02 2.1906817399e+04 1.5706452348e+01
8.71000e+02 2.1923613669e+04 1.6708734325e+01
8.72000e+02 2.1940520793e+04 1.6673119213e+01
8.73000e+02 2.1957016854e+04 1.5678036855e+01
8.74000e+02 2.1973214748e+04 1.5663154210e+01
8.75000e+02 2.1989983127e+04 1.6628554430e+01
8.76000e+02 2.2006870092e+04 1.6591766668e+01
8.77000e+02 2.2023755066e+04 1.6691770980e+01
8.78000e+02 2.2040661534e+04 1.6694582008e+01
8.79000e+02 2.2057146163e+04 1.5636058887e+01
8.80000e+02 2.2072378866e+04 1.7189091813e+01
8.81000e+02 2.2090554045e+04 8.5300597533e+01
8.82000e+02 2.2108751600e+04 1.1673920030e+02
8.83000e+02 2.2123867970e+04 3.1164428547e+01
8.84000e+02 2.2139012910e+04 6.7916493016e+01
8.85000e+02 2.2154252830e+04 5.0145048661e+01
8.86000e+02 2.2169462079e+04 1.3288221008e+01
8.87000e+02 2.2184742946e+04 1.3315879759e+01
8.88000e+02 2.2200936494e+04 3.3170054722e+01
8.89000e+02 2.2217280895e+04 6.3156204114e+01
8.90000e+02 2.2233464413e+04 4.5529040068e+01
8.91000e+02 2.2249795454e+04 1.5310603138e+01
8.92000e+02 2.2265972270e+04 1.5288590932e+01
8.93000e+02 2.2282744562e+04 3.5787173665e+01
8.94000e+02 2.2299640659e+04 6.0823992274e+01
8.95000e+02 2.2316536728e+04 4.1664976157e+01
8.96000e+02 2.2333454932e+04 1.6562441351e+01
8.97000e+02 2.2350353514e+04 1.6548392693e+01
8.98000e+02 2.2366002533e+04 2.3977939528e+01
8.99000e+02 2.2378897782e+04 2.8211647760e+01
9.00000e+02 2.2391871865e+04 3.9250834062e+01
9.01000e+02 2.2404950695e+04 8.7978980884e+00
9.02000e+02 2.2418988379e+04 3.0933047703e+01
9.03000e+02 2.2433184727e+04 4.4040724064e+01
9.04000e+02 2.2447252873e+04 1.0954965387e+01
9.05000e+02 2.2461467761e+04 1.0962550094e+01
9.06000e+02 2.2475553388e+04 1.0969069059e+01
9.07000e+02 2.2489784283e+04 1.0974107382e+01
9.08000e+02 2.2502929365e+04 8.9600988828e+00
9.09000e+02 2.2518825627e+04 7.5030129977e+01
9.10000e+02 2.2536022297e+04 4.9649535118e+01
9.11000e+02 2.2553119407e+04 4.9798412721e+01
9.12000e+02 2.2568928907e+04 4.8589105986e+01
9.13000e+02 2.2584571130e+04 4.9345846579e+01
9.14000e+02 2.2601638100e+04 1.6779690211e+01
9.15000e+02 2.2618652022e+04 1.6679722603e+01
9.16000e+02 2.2634403512e+04 4.9238491069e+01
9.17000e+02 2.2647379707e+04 4.4087273529e+01
9.18000e+02 2.2660424863e+04 6.0652663020e+01
9.19000e+02 2.2676256060e+04 1.6951884478e+01
9.20000e+02 2.2693404309e+04 1.6744321304e+01
9.21000e+02 2.2710465342e+04 1.6774688689e+01
9.22000e+02 2.2726248584e+04 1.6966683701e+01
9.23000e+02 2.2741871371e+04 1.6519167429e+01
9.24000e+02 2.2757641828e+04 1.6489863690e+01
9.25000e+02 2.2773262103e+04 1.3926859343e+01
9.26000e+02 2.2790315065e+04 1.6662626762e+01
9.27000e+02 2.2806894342e+04 2.7701623213e+01
9.28000e+02 2.2822219517e+04 4.9630532392e+01
9.29000e+02 2.2840490518e+04 5.3673192046e+00
9.30000e+02 2.2858776907e+04 2.1790816507e+01
9.31000e+02 2.2876829161e+04 1.8833684445e+01
9.32000e+02 2.2896291163e+04 2.4090405535e+00
9.33000e+02 2.2915021222e+04 5.1731683647e+01
9.34000e+02 2.2932460825e+04 2.6291231531e+01
9.35000e+02 2.2949936042e+04 1.0569810446e+02
9.36000e+02 2.2967333797e+04 1.7313838392e+01
9.37000e+02 2.2984798294e+04 1.7285804869e+01
9.38000e+02 2.3002189069e+04 1.7261539559e+01
9.39000e+02 2.3019647753e+04 1.7238465058e+01
9.40000e+02 2.3037990028e+04 9.4573654067e+01
9.41000e+02 2.3056486517e+04 6.0572173832e+01
9.42000e+02 2.3073842087e+04 1.7186020702e+01
9.43000e+02 2.3094403992e+04 2.5096520231e+00
9.44000e+02 2.3116268362e+04 9.1937495770e+01
9.45000e+02 2.3137129881e+04 1.9533864174e+01
9.46000e+02 2.3156657535e+04 2.1720845321e+00
9.47000e+02 2.3179580020e+04 7.7560336375e+01
9.48000e+02 2.3203800410e+04 2.1870350380e+01
9.49000e+02 2.3227840016e+04 1.3972520676e+02
9.50000e+02 2.3251867344e+04 3.0342962000e+01
9.51000e+02 2.3275780704e+04 3.0186372848e+01
9.52000e+02 2.3299708663e+04 3.0056816806e+01
9.53000e+02 2.3322498103e+04 4.0978324425e+00
9.54000e+02 2.3344912016e+04 1.4478977942e+02
9.55000e+02 2.3367482313e+04 8.3826295657e+01
9.56000e+02 2.3389842764e+04 2.7090532119e+01
9.57000e+02 2.3413488196e+04 2.9758832607e+01
9.58000e+02 2.3437276508e+04 2.9589426420e+01
9.59000e+02 2.3461007454e+04 2.9645350035e+01
9.60000e+02 2.3484783086e+04 2.9603025536e+01
9.61000e+02 2.3508487981e+04 2.9547371377e+01
9.62000e+02 2.3530972771e+04 1.0300317024e+02
9.63000e+02 2.3553268817e+04 1.4069467970e+02
9.64000e+02 2.3577040319e+04 2.9513693597e+01
9.65000e+02 2.3599680189e+04 2.7133014272e+01
9.66000e+02 2.3621969873e+04 6.1647841473e+01
9.67000e+02 2.3645522082e+04 2.9331494137e+01
9.68000e+02 2.3667959298e+04 1.4050641139e+02
9.69000e+02 2.3686971678e+04 1.9358751557e+02
9.70000e+02 2.3706968983e+04 2.7009782975e+01
9.71000e+02 2.3727201790e+04 8.6161903432e+01
9.72000e+02 2.3747287577e+04 2.2249335100e+01
9.73000e+02 2.3767574309e+04 2.2281011022e+01
9.74000e+02 2.3786744475e+04 1.9303643936e+02
9.75000e+02 2.3809354758e+04 2.9798417851e+01
9.76000e+02 2.3833300373e+04 7.3895857800e+01
9.77000e+02 2.3857098314e+04 7.4067693468e+01
9.78000e+02 2.3880906914e+04 2.9437028533e+01
9.79000e+02 2.3904623268e+04 2.9326006072e+01
9.80000e+02 2.3927104632e+04 2.9812766819e+01
9.81000e+02 2.3949388856e+04 1.0290349311e+02
9.82000e+02 2.3971857991e+04 1.0278836110e+02
9.83000e+02 2.3994139330e+04 2.6497105565e+01
9.84000e+02 2.4017893110e+04 2.9241859886e+01
9.85000e+02 2.4041555830e+04 2.9158983318e+01
9.86000e+02 2.4065260276e+04 2.9080490362e+01
9.87000e+02 2.4087861630e+04 2.3146211902e+00
9.88000e+02 2.4109155583e+04 1.3646814775e+02
9.89000e+02 2.4130529410e+04 1.5884145752e+02
9.90000e+02 2.4152772172e+04 1.1241625295e+02
9.91000e+02 2.4175207742e+04 1.1213805278e+02
9.92000e+02 2.4196488535e+04 2.4325096346e+01
9.93000e+02 2.4217870092e+04 2.4308500665e+01
9.94000e+02 2.4240123023e+04 2.6347842382e+01
9.95000e+02 2.4263663390e+04 2.8929056292e+01
9.96000e+02 2.4286079171e+04 7.5039702373e+01
9.97000e+02 2.4305063973e+04 4.6576543210e+00
9.98000e+02 2.4324079228e+04 2.6671650872e+01
9.99000e+02 2.4346570694e+04 7.5174788963e+01
1.00000e+03 2.4369134714e+04 2.6625404530e+01
1.00100e+03 2.4388198357e+04 1.9669412011e+01
1.00200e+03 2.4408225787e+04 3.3695260776e-01
1.00300e+03 2.4429345077e+04 6.7378326910e+01
1.00400e+03 2.4450623373e+04 9.3784925438e+01
1.00500e+03 2.4471071733e+04 4.3924855510e+01
1.00600e+03 2.4491202554e+04 6.7414339637e+01
1.00700e+03 2.4511499303e+04 4.7941359773e+01
1.00800e+03 2.4531621610e+04 2.1892432656e+01
1.00900e+03 2.4552796847e+04 2.3947683810e+01
1.01000e+03 2.4572857182e+04 2.5036848202e+00
1.01100e+03 2.4592770628e+04 4.7912496256e+01
1.01200e+03 2.4612876451e+04 4.7910071680e+01
1.01300e+03 2.4629781504e+04 6.7804920733e+01
1.01400e+03 2.4646739064e+04 8.5329163229e+01
1.01500e+03 2.4666940861e+04 2.1757593950e+01
1.01600e+03 2.4688486215e+04 2.4190794999e+01
1.01700e+03 2.4709917510e+04 2.4422662597e+01
1.01800e+03 2.4730096466e+04 2.1808969559e+01
1.01900e+03 2.4747056167e+04 1.5334970213e+01
1.02000e+03 2.4764051306e+04 1.5357214014e+01
1.02100e+03 2.4781174650e+04 1.5505500547e+01
1.02200e+03 2.4798271810e+04 1.5592015969e+01
1.02300e+03 2.4818588224e+04 2.1901778755e+01
1.02400e+03 2.4840221037e+04 2.4485697990e+01
1.02500e+03 2.4860885675e+04 6.8437032819e+01
1.02600e+03 2.4880233220e+04 2.2503856760e+00
1.02700e+03 2.4902969518e+04 7.7912960689e+00
1.02800e+03 2.4925731193e+04 3.2246100006e+01
1.02900e+03 2.4948221428e+04 2.6596379321e+01
1.03000e+03 2.4970854406e+04 2.6441086399e+01
1.03100e+03 2.4993265242e+04 2.6335244909e+01
1.03200e+03 2.5015841017e+04 2.6251707232e+01
1.03300e+03 2.5034946562e+04 1.9806759877e+01
1.03400e+03 2.5055018459e+04 6.8318186092e+01
1.03500e+03 2.5076187797e+04 1.0368179682e+02
1.03600e+03 2.5096251117e+04 2.5124546855e+00
1.03700e+03 2.5116173509e+04 2.1227069475e+01
1.03800e+03 2.5136291361e+04 2.1260374002e+01
1.03900e+03 2.5153209472e+04 1.7615694996e+01
1.04000e+03 2.5171135282e+04 5.9484460544e+01
1.04100e+03 2.5189934501e+04 1.6359053349e+01
1.04200e+03 2.5207631935e+04 2.4204185414e+00
1.04300e+03 2.5222399237e+04 5.7274166786e+01
1.04400e+03 2.5237256721e+04 9.0111863297e+01
1.04500e+03 2.5252249143e+04 1.1018766627e+01
1.04600e+03 2.5268200022e+04 1.4367764055e+01
1.04700e+03 2.5284765762e+04 4.6514767719e+00
1.04800e+03 2.5300205499e+04 2.6375958443e+01
1.04900e+03 2.5315542468e+04 4.0585275971e+01
1.05000e+03 2.5331062193e+04 1.1991023361e+01
1.05100e+03 2.5346459144e+04 1.2039013181e+01
1.05200e+03 2.5362027817e+04 1.2075922925e+01
1.05300e+03 2.5374844185e+04 1.3836953294e+00
1.05400e+03 2.5387750429e+04 3.2994517373e+01
1.05500e+03 2.5403441813e+04 1.2358280597e+01
1.05600e+03 2.5420458052e+04 1.1065741101e+02
1.05700e+03 2.5436981387e+04 1.2109010686e+02
1.05800e+03 2.5453190633e+04 4.3254140279e+01
1.05900e+03 2.5469516175e+04 1.3611319699e+01
1.06000e+03 2.5485678201e+04 1.3550488969e+01
1.06100e+03 2.5502430567e+04 5.0579087436e+01
1.06200e+03 2.5519305061e+04 6.1098561611e+01
1.06300e+03 2.5536179297e+04 2.5519909424e+01
1.06400e+03 2.5551809905e+04 1.2407856713e+01
1.06500e+03 2.5567305034e+04 2.5201783942e+01
1.06600e+03 2.5584244995e+04 1.4848057441e+01
1.06700e+03 2.5601149181e+04 1.4863159478e+01
1.06800e+03 2.5616803044e+04 2.5199836723e+01
1.06900e+03 2.5629700381e+04 5.6828794023e+01
1.07000e+03 2.5642675548e+04 3.7591427210e+01
1.07100e+03 2.5655755245e+04 1.0390144444e+01
1.07200e+03 2.5669793276e+04 2.7506891922e+01
1.07300e+03 2.5684218820e+04 2.4786427228e+00
1.07400e+03 2.5698765612e+04 9.9789635760e+00
1.07500e+03 2.5713148419e+04 3.9073588425e+01
1.07600e+03 2.5727265062e+04 9.4822402242e+00
1.07700e+03 2.5741729840e+04 1.0008218969e+01
1.07800e+03 2.5755046737e+04 4.7365517699e+00
1.07900e+03 2.5768267591e+04 2.2527919296e+01
1.08000e+03 2.5781651568e+04 1.5498953525e+01
1.08100e+03 2.5794919751e+04 7.6324509410e+00
1.08200e+03 2.5809622233e+04 1.2035482766e+01
1.08300e+03 2.5824093401e+04 9.5611193976e+00
1.08400e+03 2.5838289115e+04 9.6306285132e+00
1.08500e+03 2.5852597888e+04 9.4586027989e+00
1.08600e+03 2.5865809202e+04 3.0366356957e+01
1.08700e+03 2.5881767265e+04 7.1282051415e+00
1.08800e+03 2.5897742719e+04 1.7337372790e+01
1.08900e+03 2.5910857051e+04 3.6399991487e+01
1.09000e+03 2.5924974239e+04 9.3706181178e+00
1.09100e+03 2.5939498890e+04 2.4965031140e+01
1.09200e+03 2.5954144788e+04 2.3001900056e+01
1.09300e+03 2.5968812612e+04 1.0240359838e+01
1.09400e+03 2.5982229802e+04 3.6275578726e+00
1.09500e+03 2.5993117696e+04 7.1348101486e+00
1.09600e+03 2.6004105128e+04 1.8210691730e+01
1.09700e+03 2.6015185141e+04 2.9939863769e+00
1.09800e+03 2.6026282903e+04 3.1013223290e+00
1.09900e+03 2.6037439677e+04 3.1749821058e+00
1.10000e+03 2.6049549050e+04 1.2280087185e+01
1.10100e+03 2.6061793717e+04 1.9564948044e+01
1.10200e+03 2.6073916108e+04 5.2704994736e+00
1.10300e+03 2.6086167489e+04 5.2719432147e+00
1.10400e+03 2.6097344891e+04 3.2514481101e+00
1.10500e+03 2.6108563032e+04 1.1694313139e+01
1.10600e+03 2.6119774019e+04 1.1716204082e+01
1.10700e+03 2.6133521034e+04 2.0767850246e+01
1.10800e+03 2.6148545337e+04 2.1132676834e+01
1.10900e+03 2.6163256089e+04 5.7791079636e+00
1.11000e+03 2.6176695009e+04 2.2279328080e+00
1.11100e+03 2.6190134420e+04 7.7667123642e+00
1.11200e+03 2.6203519858e+04 7.7054639187e+00
1.11300e+03 2.6216942547e+04 7.6810364398e+00
1.11400e+03 2.6230318113e+04 7.6634828261e+00
1.11500e+03 2.6246454431e+04 2.3500847070e+01
1.11600e+03 2.6262584929e+04 4.3118703584e+01
1.11700e+03 2.6275823285e+04 7.4714858305e+00
1.11800e+03 2.6289098046e+04 7.3632093321e+00
1.11900e+03 2.6305158365e+04 1.5414784893e+01
1.12000e+03 2.6322514029e+04 8.1046903787e+00
1.12100e+03 2.6339762131e+04 3.9182606369e+01
1.12200e+03 2.6356984656e+04 2.2712802582e+01
1.12300e+03 2.6374149946e+04 1.5213079310e+01
1.12400e+03 2.6390041737e+04 1.2793875232e+01
1.12500e+03 2.6403139530e+04 7.2152830309e+00
1.12600e+03 2.6417252950e+04 5.1074838427e+01
1.12700e+03 2.6431787586e+04 2.6306537904e+00
1.12800e+03 2.6445188440e+04 8.5143830335e-01
1.12900e+03 2.6456079720e+04 2.0562385935e+01
1.13000e+03 2.6468039640e+04 4.7815243157e+00
1.13100e+03 2.6480187313e+04 4.0364205149e+01
1.13200e+03 2.6491292167e+04 2.5579983543e+01
1.13300e+03 2.6504936364e+04 1.2879770182e+01
1.13400e+03 2.6519884427e+04 1.5203436787e+01
1.13500e+03 2.6534541042e+04 1.0071190815e+01
1.13600e+03 2.6547939042e+04 2.2931467637e+00
1.13700e+03 2.6561345927e+04 7.5919638908e+00
1.13800e+03 2.6575662404e+04 1.7325732903e+01
1.13900e+03 2.6590357825e+04 1.5349017730e+01
1.14000e+03 2.6603884235e+04 2.8251752011e+01
1.14100e+03 2.6614865855e+04 5.0300402312e+00
1.14200e+03 2.6625946751e+04 1.0292278373e+01
1.14300e+03 2.6637117379e+04 3.0156886245e+00
1.14400e+03 2.6648300543e+04 3.1149407683e+00
1.14500e+03 2.6659539066e+04 3.1797216938e+00
1.14600e+03 2.6670770715e+04 3.2250274042e+00
1.14700e+03 2.6684542592e+04 2.4985782225e+01
1.14800e+03 2.6699594410e+04 1.0529368328e+01
1.14900e+03 2.6714557801e+04 1.0786809617e+01
1.15000e+03 2.6728219417e+04 1.1349430555e+01
1.15100e+03 2.6741726631e+04 1.1073418783e+01
1.15200e+03 2.6755364613e+04 7.8864778255e+00
1.15300e+03 2.6766423137e+04 3.0418034689e+00
1.15400e+03 2.6778521812e+04 8.9227136629e+00
1.15500e+03 2.6790788808e+04 1.6516848156e+01
1.15600e+03 2.6801996254e+04 7.8859081243e+00
1.15700e+03 2.6813252252e+04 8.0754954436e+00
1.15800e+03 2.6825460619e+04 5.4695075562e+00
1.15900e+03 2.6837829635e+04 1.5773327508e+01
1.16000e+03 2.6850300275e+04 2.3952399224e+01
1.16100e+03 2.6862802997e+04 5.6944503773e+00
1.16200e+03 2.6875310054e+04 5.7251738060e+00
1.16300e+03 2.6887827816e+04 5.7344881233e+00
1.16400e+03 2.6900343239e+04 5.7371188245e+00
1.16500e+03 2.6912870755e+04 8.1385420807e+00
1.16600e+03 2.6925132811e+04 2.1868938041e+01
1.16700e+03 2.6937519318e+04 5.6001264772e+00
1.16800e+03 2.6948739747e+04 7.7851788382e-01
1.16900e+03 2.6959873606e+04 2.2516809433e+01
1.17000e+03 2.6972435838e+04 5.6413353530e+00
1.17100e+03 2.6984994001e+04 5.8073513999e+00
1.17200e+03 2.6997547122e+04 5.7924324672e+00
1.17300e+03 2.7010102716e+04 1.9214644734e+01
1.17400e+03 2.7022389988e+04 1.1421285937e+01
1.17500e+03 2.7034774965e+04 1.1239247815e+01
1.17600e+03 2.7046073883e+04 2.2585764945e+01
1.17700e+03 2.7057406660e+04 3.0673210481e+01
1.17800e+03 2.7069680246e+04 5.3288362660e+00
1.17900e+03 2.7082112589e+04 5.6608192345e+00
1.18000e+03 2.7093373561e+04 3.0683079824e+01
1.18100e+03 2.7104543098e+04 1.4454240902e+01
1.18200e+03 2.7115858753e+04 3.1501551014e+00
1.18300e+03 2.7124837661e+04 2.9696375591e+00
1.18400e+03 2.7133934846e+04 1.2238053979e+01
1.18500e+03 2.7143106222e+04 1.9246878317e-01
1.18600e+03 2.7152302670e+04 1.6273432851e-01
1.18700e+03 2.7161540434e+04 6.6387866966e-02
1.18800e+03 2.7171741837e+04 1.7595476292e+00
1.18900e+03 2.7181874989e+04 3.8440423179e+00
1.19000e+03 2.7190832253e+04 2.2285970778e+00
1.19100e+03 2.7199721158e+04 1.3599961211e+00
1.19200e+03 2.7208751257e+04 7.2834063150e-02
1.19300e+03 2.7217690604e+04 1.2320357503e-01
1.19400e+03 2.7228040920e+04 7.2925525798e+00
1.19500e+03 2.7238395046e+04 1.3630006062e+00
1.19600e+03 2.7247460025e+04 3.4880698751e-02
1.19700e+03 2.7256426958e+04 3.3232201642e+00
1.19800e+03 2.7266798948e+04 1.3833107244e+00
1.19900e+03 2.7277367504e+04 2.5387149381e+00
1.20000e+03 2.7286738678e+04 2.1955953834e+00
1.20100e+03 2.7296102801e+04 1.3513871369e+00
1.20200e+03 2.7306411439e+04 5.3090716225e+00
1.20300e+03 2.7316649715e+04 1.2660768446e+00
1.20400e+03 2.7326970783e+04 1.2138897713e+00
1.20500e+03 2.7337330213e+04 1.3338303384e+00
1.20600e+03 2.7346408548e+04 1.9679036816e+00
1.20700e+03 2.7355393947e+04 2.6130692669e+00
1.20800e+03 2.7365787684e+04 1.4051644626e+00
1.20900e+03 2.7376185314e+04 1.4419596981e+00
1.21000e+03 2.7385293716e+04 2.6405236449e+00
1.21100e+03 2.7394303083e+04 1.4277264937e+00
1.21200e+03 2.7403437308e+04 1.4521219063e+00
1.21300e+03 2.7412470038e+04 2.3363586011e-02
1.21400e+03 2.7422905762e+04 1.4825051625e+00
1.21500e+03 2.7433526600e+04 4.5666277461e+00
1.21600e+03 2.7443900052e+04 4.1026388628e+00
1.21700e+03 2.7454352774e+04 3.9304208395e+00
1.21800e+03 2.7464681684e+04 1.4278891005e+00
1.21900e+03 2.7474935905e+04 1.3376142050e+00
1.22000e+03 2.7485282905e+04 1.3837071732e+00
1.22100e+03 2.7495672491e+04 1.5176876589e+00
1.22200e+03 2.7504783190e+04 1.8706132141e-04
1.22300e+03 2.7511789217e+04 5.4878487251e+00
1.22400e+03 2.7519877647e+04 8.6046539122e-01
1.22500e+03 2.7528113307e+04 1.6502055346e+00
1.22600e+03 2.7535323941e+04 2.7173084074e+00
1.22700e+03 2.7544623330e+04 3.1300057735e+00
1.22800e+03 2.7555203353e+04 1.6130381636e+00
1.22900e+03 2.7565926321e+04 2.4873077322e+00
1.23000e+03 2.7575423879e+04 4.5960467098e+00
1.23100e+03 2.7584899848e+04 1.9300386971e+00
1.23200e+03 2.7594353302e+04 4.4103830729e-02
1.23300e+03 2.7606118502e+04 4.0772352237e+00
1.23400e+03 2.7619138035e+04 2.4395107139e+00
1.23500e+03 2.7632070447e+04 6.5913221184e+00
1.23600e+03 2.7643680165e+04 9.6990530715e+00
1.23700e+03 2.7655140660e+04 3.7050294985e+00
1.23800e+03 2.7667994716e+04 6.4192528767e+00
1.23900e+03 2.7680815396e+04 6.3011017515e+00
1.24000e+03 2.7692342504e+04 3.6187150489e+00
1.24100e+03 2.7701508283e+04 3.5424949433e-01
1.24200e+03 2.7711724223e+04 1.5007042512e+01
1.24300e+03 2.7721915226e+04 2.6296769236e+00
1.24400e+03 2.7732216579e+04 1.1150504792e+00
1.24500e+03 2.7742778525e+04 1.4831013483e+01
1.24600e+03 2.7752156224e+04 7.6987267915e+00
1.24700e+03 2.7763820210e+04 6.1575976725e+00
1.24800e+03 2.7776758957e+04 6.6573425651e+00
1.24900e+03 2.7789595276e+04 2.2743724649e+00
1.25000e+03 2.7802131649e+04 5.9854325462e+00
1.25100e+03 2.7814792782e+04 1.0234750220e+01
1.25200e+03 2.7826266076e+04 6.0976260413e+00
1.25300e+03 2.7837632410e+04 6.3530330191e+00
1.25400e+03 2.7850414262e+04 6.0476719992e+00
1.25500e+03 2.7863151242e+04 5.8801085539e+00
1.25600e+03 2.7875616671e+04 5.8032838400e+00
1.25700e+03 2.7888174177e+04 5.6180056749e+00
1.25800e+03 2.7900590610e+04 5.5633921522e+00
1.25900e+03 2.7913166492e+04 5.9563734634e+00
1.26000e+03 2.7924575308e+04 6.2822021059e+00
1.26100e+03 2.7933657745e+04 3.1967806646e+01
1.26200e+03 2.7942859195e+04 2.3250199209e+01
1.26300e+03 2.7952137767e+04 1.9613544030e-01
1.26400e+03 2.7962398332e+04 2.1558689556e+00
1.26500e+03 2.7972609913e+04 2.3643006119e+00
1.26600e+03 2.7981652874e+04 8.7584114587e+00
1.26700e+03 2.7988613629e+04 3.4509884497e+00
1.26800e+03 2.7996677235e+04 2.1969589175e+00
1.26900e+03 2.8004496593e+04 3.6935587686e+00
1.27000e+03 2.8012433399e+04 2.7091008036e+00
1.27100e+03 2.8020877233e+04 3.1098560895e-01
1.27200e+03 2.8028164483e+04 5.1657976679e+00
1.27300e+03 2.8037511820e+04 1.0108408095e+01
1.27400e+03 2.8046855195e+04 7.2555314406e-01
1.27500e+03 2.8056043590e+04 8.8376940386e-01
1.27600e+03 2.8066611181e+04 2.9414598458e+00
1.27700e+03 2.8077159226e+04 2.2878156015e+00
1.27800e+03 2.8086403360e+04 9.8212650824e-01
1.27900e+03 2.8093514052e+04 3.0653670450e+00
1.28000e+03 2.8100741328e+04 1.4787097468e+00
1.28100e+03 2.8110087855e+04 4.4208853988e-01
1.28200e+03 2.8119440640e+04 5.5029700559e-01
1.28300e+03 2.8128643763e+04 1.4340406060e-01
1.28400e+03 2.8137948828e+04 1.9098033516e-01
1.28500e+03 2.8145095860e+04 3.6339879927e-02
1.28600e+03 2.8152360603e+04 3.3585340318e-01
1.28700e+03 2.8161746449e+04 1.8272305920e-01
1.28800e+03 2.8171134225e+04 2.6525033749e-01
1.28900e+03 2.8180368026e+04 1.5204405612e-01
1.29000e+03 2.8190980640e+04 1.7440750058e+00
1.29100e+03 2.8201572047e+04 1.7856925114e+00
1.29200e+03 2.8210858460e+04 2.5325434638e-01
1.29300e+03 2.8218006023e+04 5.3151111388e-04
1.29400e+03 2.8225268070e+04 2.7951744809e-02
1.29500e+03 2.8234651448e+04 1.8919075264e+00
1.29600e+03 2.8245316348e+04 1.8361932148e+00
1.29700e+03 2.8256113405e+04 8.6208076853e-01
1.29800e+03 2.8266637642e+04 6.2542656819e+00
1.29900e+03 2.8277064132e+04 1.6694394928e+00
1.30000e+03 2.8287563765e+04 1.5025037777e+00
1.30100e+03 2.8298091572e+04 1.6023190910e+00
1.30200e+03 2.8308601594e+04 1.6111051947e+00
1.30300e+03 2.8319315652e+04 6.1650131109e+00
1.30400e+03 2.8328821833e+04 4.1341491063e+00
1.30500e+03 2.8340611122e+04 7.3507624178e+00
1.30600e+03 2.8353665315e+04 2.5441711604e+00
1.30700e+03 2.8366598674e+04 2.2193016142e+00
1.30800e+03 2.8378271766e+04 9.5103227845e+00
1.30900e+03 2.8389927344e+04 1.8034186056e+01
1.31000e+03 2.8402490290e+04 6.0704609819e+00
1.31100e+03 2.8415160594e+04 7.0151035321e+00
1.31200e+03 2.8427679840e+04 6.9643894137e+00
1.31300e+03 2.8440309868e+04 5.7033801918e+00
1.31400e+03 2.8452799210e+04 5.6677712624e+00
1.31500e+03 2.8465453532e+04 6.2776359026e+00
1.31600e+03 2.8476938676e+04 1.5321697305e+01
1.31700e+03 2.8486086898e+04 8.8984039437e+00
1.31800e+03 2.8496307597e+04 2.2686422879e+00
1.31900e+03 2.8506691287e+04 1.1493913649e+00
1.32000e+03 2.8516032838e+04 1.0447503613e+01
1.32100e+03 2.8527703283e+04 7.6061890371e+00
1.32200e+03 2.8540661167e+04 1.4520964271e+01
1.32300e+03 2.8553521998e+04 3.7748126693e+00
1.32400e+03 2.8566086349e+04 7.2629310283e+00
1.32500e+03 2.8578782378e+04 1.4548150733e+01
1.32600e+03 2.8591560499e+04 6.0079246833e+00
1.32700e+03 2.8604350807e+04 6.0961950039e+00
1.32800e+03 2.8615863146e+04 8.9167011102e+00
1.32900e+03 2.8625025082e+04 5.0030077399e+00
1.33000e+03 2.8634291584e+04 4.9229561403e+00
1.33100e+03 2.8643629282e+04 1.7576169044e-01
1.33200e+03 2.8653944032e+04 6.2571480989e+00
1.33300e+03 2.8664385612e+04 9.7896372448e+00
1.33400e+03 2.8674720573e+04 1.2933098672e+00
1.33500e+03 2.8684994535e+04 2.5163458042e+00
1.33600e+03 2.8695370318e+04 4.9608598689e+00
1.33700e+03 2.8705996431e+04 1.4765491307e+00
1.33800e+03 2.8715432000e+04 3.4465278260e-01
1.33900e+03 2.8724869367e+04 7.6425771354e+00
1.34000e+03 2.8735258230e+04 1.5289746707e+00
1.34100e+03 2.8745759208e+04 1.4023107701e+00
1.34200e+03 2.8755186213e+04 7.6263705254e+00
1.34300e+03 2.8764634106e+04 1.5379710983e+00
1.34400e+03 2.8774081073e+04 1.5563960794e+00
1.34500e+03 2.8785856697e+04 2.0386032073e+01
1.34600e+03 2.8797618283e+04 1.5434430825e+01
1.34700e+03 2.8809192106e+04 3.8441269674e+00
1.34800e+03 2.8822145458e+04 5.4535496759e+00
1.34900e+03 2.8835053974e+04 1.3038548923e+01
1.35000e+03 2.8846662084e+04 3.6868068687e+00
1.35100e+03 2.8855895707e+04 2.1426974489e-01
1.35200e+03 2.8865222837e+04 4.5606708582e+00
1.35300e+03 2.8876903539e+04 3.7899992770e+00
1.35400e+03 2.8889873678e+04 6.3793881024e+00
1.35500e+03 2.8902780608e+04 6.3714233222e+00
1.35600e+03 2.8915650984e+04 6.2652886114e+00
1.35700e+03 2.8928498686e+04 6.1997947255e+00
1.35800e+03 2.8940054582e+04 3.7339955802e+00
1.35900e+03 2.8949250603e+04 3.9260825181e+00
1.36000e+03 2.8958545049e+04 3.7535251771e+00
1.36100e+03 2.8967906927e+04 3.9156294737e+00
1.36200e+03 2.8978241786e+04 2.0268151525e+01
1.36300e+03 2.8988531158e+04 2.5583292818e+00
1.36400e+03 2.8998916427e+04 1.1527174226e+00
1.36500e+03 2.9009547902e+04 2.0378380191e+01
1.36600e+03 2.9018988856e+04 1.4650856126e-01
1.36700e+03 2.9028431504e+04 1.2615196486e+01
1.36800e+03 2.9038825271e+04 1.4956623090e+00
1.36900e+03 2.9049162568e+04 1.1994900827e+00
1.37000e+03 2.9059587084e+04 4.0317714984e+00
1.37100e+03 2.9070249239e+04 1.5248463324e+00
1.37200e+03 2.9079715412e+04 1.1780897205e+01
1.37300e+03 2.9091471265e+04 1.5605535886e+01
1.37400e+03 2.9103219593e+04 1.5782361405e+01
1.37500e+03 2.9114784745e+04 3.7757549090e+00
1.37600e+03 2.9127730863e+04 4.0449235025e+00
1.37700e+03 2.9140595442e+04 2.2024245831e+00
1.37800e+03 2.9152221346e+04 9.7659621072e+00
1.37900e+03 2.9163840791e+04 1.1314043399e+01
1.38000e+03 2.9176375676e+04 5.8646624547e+00
1.38100e+03 2.9189080657e+04 1.0436302459e+01
1.38200e+03 2.9201869342e+04 5.9508768767e+00
1.38300e+03 2.9214650604e+04 7.5597641544e+00
1.38400e+03 2.9227160190e+04 7.5269052670e+00
1.38500e+03 2.9239813005e+04 5.8927589806e+00
1.38600e+03 2.9252559841e+04 5.8450173041e+00
1.38700e+03 2.9265327951e+04 5.9544679891e+00
1.38800e+03 2.9276824106e+04 7.2163044320e+00
1.38900e+03 2.9285975305e+04 3.2668499025e+00
1.39000e+03 2.9296188421e+04 5.8947933272e+00
1.39100e+03 2.9306561895e+04 9.2162060681e+00
1.39200e+03 2.9316849575e+04 1.0902901302e+00
1.39300e+03 2.9327265483e+04 1.1316330272e+00
1.39400e+03 2.9336628713e+04 4.6974075213e+00
1.39500e+03 2.9346025445e+04 7.2236310132e+00
1.39600e+03 2.9356387525e+04 1.2049018930e+00
1.39700e+03 2.9366697766e+04 2.4578690539e+00
1.39800e+03 2.9377100449e+04 5.7505888565e+00
1.39900e+03 2.9387746661e+04 1.4340009241e+00
1.40000e+03 2.9397199154e+04 7.3056696140e+00
1.40100e+03 2.9408942183e+04 1.7781235917e+01
1.40200e+03 2.9420679768e+04 1.4308386949e+01
1.40300e+03 2.9432235816e+04 3.7128265257e+00
1.40400e+03 2.9443893858e+04 3.6295711155e+00
1.40500e+03 2.9453154028e+04 1.0671356686e+00
1.40600e+03 2.9463462431e+04 1.3788898478e+00
1.40700e+03 2.9473918264e+04 1.1871319116e+00
1.40800e+03 2.9483319427e+04 7.2447506139e+00
1.40900e+03 2.9495045357e+04 3.7958224309e+00
1.41000e+03 2.9508052353e+04 5.2228250736e+00
1.41100e+03 2.9520989863e+04 1.5897855037e+01
1.41200e+03 2.9533886407e+04 8.5513540441e+00
1.41300e+03 2.9546757046e+04 6.1677862646e+00
1.41400e+03 2.9559602887e+04 6.1109155672e+00
1.41500e+03 2.9572412535e+04 6.2879935615e+00
1.41600e+03 2.9584939975e+04 1.8228405986e+01
1.41700e+03 2.9597557788e+04 1.4084165139e+01
1.41800e+03 2.9609080276e+04 5.9133507822e+00
1.41900e+03 2.9623146954e+04 1.4680209166e+01
1.42000e+03 2.9638492029e+04 8.0275961383e+00
1.42100e+03 2.9653488206e+04 2.3783625518e+00
1.42200e+03 2.9668158391e+04 1.0047091766e+01
1.42300e+03 2.9682913519e+04 9.7959961935e+00
1.42400e+03 2.9696542266e+04 1.6771788326e+01
1.42500e+03 2.9710202995e+04 3.4025292481e+01
1.42600e+03 2.9723817809e+04 9.2897668614e+00
1.42700e+03 2.9740218934e+04 1.0354015949e+01
1.42800e+03 2.9756614284e+04 3.3538525933e+01
1.42900e+03 2.9772777621e+04 1.2908169718e+01
1.43000e+03 2.9789051357e+04 1.2773647164e+01
1.43100e+03 2.9805138486e+04 1.2684666156e+01
1.43200e+03 2.9821355901e+04 1.2615659416e+01
1.43300e+03 2.9837399834e+04 1.2559847397e+01
1.43400e+03 2.9853581732e+04 1.2511771660e+01
1.43500e+03 2.9866925265e+04 7.3126904852e+00
1.43600e+03 2.9880329122e+04 3.8943535516e+01
1.43700e+03 2.9893824056e+04 3.9055993639e+01
1.43800e+03 2.9907302646e+04 7.2425562504e+00
1.43900e+03 2.9920842503e+04 7.2802363379e+00
1.44000e+03 2.9934350100e+04 7.3019625480e+00
1.44100e+03 2.9947910106e+04 7.3148102179e+00
1.44200e+03 2.9961431917e+04 7.3217093602e+00
1.44300e+03 2.9977739658e+04 1.2763068196e+01
1.44400e+03 2.9995326383e+04 1.4403833442e+01
1.44500e+03 3.0012335933e+04 7.0633262810e+01
1.44600e+03 3.0028046037e+04 2.1882942798e+00
1.44700e+03 3.0046717886e+04 2.3641069215e+00
1.44800e+03 3.0066666557e+04 7.2924576759e+01
1.44900e+03 3.0086466551e+04 1.0829480932e+02
1.45000e+03 3.0104969611e+04 2.4069436164e+01
1.45100e+03 3.0123267683e+04 3.5858169765e+01
1.45200e+03 3.0142989115e+04 1.9706099624e+01
1.45300e+03 3.0162625974e+04 1.9523258910e+01
1.45400e+03 3.0181001777e+04 2.9058828034e+01
1.45500e+03 3.0199198127e+04 1.9584672018e+01
1.45600e+03 3.0217549538e+04 1.9540695335e+01
1.45700e+03 3.0235729418e+04 1.6661480534e+01
1.45800e+03 3.0255350977e+04 1.9403862231e+01
1.45900e+03 3.0274900931e+04 1.9297553308e+01
1.46000e+03 3.0294466243e+04 1.9222008581e+01
1.46100e+03 3.0313331239e+04 4.0415515216e+00
1.46200e+03 3.0331865508e+04 1.4292824458e+02
1.46300e+03 3.0350535054e+04 7.2024920200e+01
1.46400e+03 3.0369025771e+04 1.7231521512e+01
1.46500e+03 3.0388368807e+04 1.8995868377e+01
1.46600e+03 3.0406577524e+04 1.6502124821e+01
1.46700e+03 3.0421780624e+04 1.0057824723e+02
1.46800e+03 3.0437047559e+04 1.0003449887e+02
1.46900e+03 3.0452434501e+04 1.0683646439e+01
1.47000e+03 3.0467807029e+04 1.0778555657e+01
1.47100e+03 3.0483264240e+04 1.0838045379e+01
1.47200e+03 3.0498684906e+04 1.0875346141e+01
1.47300e+03 3.0517119217e+04 2.2163725656e+01
1.47400e+03 3.0536851859e+04 1.9144202765e+01
1.47500e+03 3.0556457875e+04 1.9388038747e+01
1.47600e+03 3.0576050021e+04 1.9228154699e+01
1.47700e+03 3.0594926720e+04 4.9553495175e+01
1.47800e+03 3.0612508476e+04 2.1610899580e+00
1.47900e+03 3.0630129675e+04 1.5187387812e+01
1.48000e+03 3.0648634068e+04 4.9517617824e+01
1.48100e+03 3.0667296239e+04 1.7121520801e+01
1.48200e+03 3.0684818959e+04 1.5113163260e+01
1.48300e+03 3.0702410073e+04 1.5147033753e+01
1.48400e+03 3.0720894781e+04 1.7084715567e+01
1.48500e+03 3.0740234680e+04 1.8942808720e+01
1.48600e+03 3.0759692726e+04 4.5403793006e+01
1.48700e+03 3.0779121700e+04 4.5447464415e+01
1.48800e+03 3.0797309854e+04 8.6865371916e+01
1.48900e+03 3.0815337120e+04 8.3285329574e+01
1.49000e+03 3.0833533425e+04 1.8465822814e+01
1.49100e+03 3.0848710862e+04 1.4653953145e+01
1.49200e+03 3.0863948882e+04 3.1304858760e+01
1.49300e+03 3.0882226352e+04 1.6360021909e+01
1.49400e+03 3.0900553591e+04 1.6474595232e+01
1.49500e+03 3.0918670746e+04 1.6297805509e+01
1.49600e+03 3.0938215893e+04 1.8875090662e+01
1.49700e+03 3.0957031968e+04 3.1348388146e+01
1.49800e+03 3.0974565671e+04 3.4920852213e+01
1.49900e+03 3.0995291899e+04 2.6090729256e+00
1.50000e+03 3.1017319569e+04 1.5011572397e+01
1.50100e+03 3.1039196068e+04 3.6300301969e+01
1.50200e+03 3.1061062247e+04 2.3573461009e+01
1.50300e+03 3.1081983540e+04 3.6991149884e+01
1.50400e+03 3.1101589026e+04 4.6782474947e+00
1.50500e+03 3.1121245106e+04 5.8164998423e+01
1.50600e+03 3.1140811177e+04 1.9017412796e+01
1.50700e+03 3.1163837480e+04 2.7134800384e+01
1.50800e+03 3.1188168556e+04 1.5684103907e+01
1.50900e+03 3.1212325487e+04 4.1498739527e+01
1.51000e+03 3.1235212169e+04 5.0555080652e+01
1.51100e+03 3.1257868802e+04 2.5300129481e+01
1.51200e+03 3.1281976191e+04 2.8014346685e+01
1.51300e+03 3.1304901474e+04 2.5675955285e+01
1.51400e+03 3.1326506571e+04 3.5364692611e+01
1.51500e+03 3.1348181540e+04 5.6346613377e+01
1.51600e+03 3.1370711155e+04 1.0055413879e+02
1.51700e+03 3.1394548707e+04 2.7666952706e+01
1.51800e+03 3.1418517890e+04 2.7501080258e+01
1.51900e+03 3.1442421937e+04 2.7540073875e+01
1.52000e+03 3.1466368095e+04 2.7489509467e+01
1.52100e+03 3.1489188638e+04 3.5224586697e+01
1.52200e+03 3.1510695418e+04 2.2866283044e+01
1.52300e+03 3.1535851285e+04 7.5419786441e+01
1.52400e+03 3.1562338099e+04 2.5406544300e+00
1.52500e+03 3.1587364309e+04 2.5049085002e+01
1.52600e+03 3.1611976468e+04 5.9708187271e+01
1.52700e+03 3.1636747273e+04 2.8989162785e+01
1.52800e+03 3.1660329352e+04 5.4455065434e+01
1.52900e+03 3.1687814690e+04 4.8675841947e+00
1.53000e+03 3.1716629882e+04 3.3762376361e+01
1.53100e+03 3.1743743606e+04 2.7498960356e+01
1.53200e+03 3.1769463360e+04 7.0003922529e+00
1.53300e+03 3.1799277561e+04 3.6057476870e+01
1.53400e+03 3.1830417518e+04 2.9796226723e+01
1.53500e+03 3.1859615137e+04 9.0772868017e+00
1.53600e+03 3.1887393034e+04 3.8079563088e+01
1.53700e+03 3.1919490813e+04 3.2050008596e+01
1.53800e+03 3.1952920975e+04 1.1358412991e+01
1.53900e+03 3.1986094780e+04 1.1411199210e+02
1.54000e+03 3.2018030714e+04 1.8257054170e+02
1.54100e+03 3.2049663251e+04 4.2969019727e+01
1.54200e+03 3.2082783240e+04 4.5714039779e+01
1.54300e+03 3.2113821520e+04 3.9882144661e+01
1.54400e+03 3.2144416248e+04 1.1750662578e+02
1.54500e+03 3.2175223771e+04 4.6967445576e+01
1.54600e+03 3.2204812310e+04 7.6754650635e+01
1.54700e+03 3.2238992100e+04 1.6128371484e+01
1.54800e+03 3.2274535026e+04 4.3161465607e+01
1.54900e+03 3.2309821233e+04 9.0899031332e+01
1.55000e+03 3.2343891828e+04 6.1172955195e+01
1.55100e+03 3.2377654472e+04 4.7113517083e+01
1.55200e+03 3.2411633201e+04 4.6974538698e+01
1.55300e+03 3.2441018550e+04 2.0666717761e+02
1.55400e+03 3.2470326096e+04 6.2897653152e+01
1.55500e+03 3.2504262755e+04 4.7101579531e+01
1.55600e+03 3.2539597628e+04 4.9861551166e+01
1.55700e+03 3.2572599149e+04 9.4508447412e+01
1.55800e+03 3.2605127008e+04 1.3708559830e+02
1.55900e+03 3.2640059044e+04 5.0985751488e+01
1.56000e+03 3.2673914091e+04 4.6930795385e+01
1.56100e+03 3.2703194155e+04 1.0736353393e+02
1.56200e+03 3.2732405807e+04 8.2234228029e+01
1.56300e+03 3.2766245523e+04 4.6786921620e+01
1.56400e+03 3.2800201940e+04 4.6841504817e+01
1.56500e+03 3.2829522695e+04 3.7558621269e+01
1.56600e+03 3.2859711360e+04 4.2512360957e+00
1.56700e+03 3.2892141982e+04 9.1177114983e+01
1.56800e+03 3.2924778394e+04 1.3932224173e+02
1.56900e+03 3.2957315501e+04 4.4082642741e+01
1.57000e+03 3.2988693236e+04 2.3477889362e+01
1.57100e+03 3.3019832548e+04 8.8070417636e+01
1.57200e+03 3.3051213488e+04 6.1928979773e+01
1.57300e+03 3.3082363045e+04 4.1355549115e+01
1.57400e+03 3.3115040972e+04 4.4080075486e+01
1.57500e+03 3.3145705902e+04 7.9815403091e+01
1.57600e+03 3.3175957724e+04 1.3518765492e+02
1.57700e+03 3.3208387843e+04 4.3929007529e+01
1.57800e+03 3.3241010221e+04 4.3829529119e+01
1.57900e+03 3.3273525402e+04 4.3870761671e+01
1.58000e+03 3.3306136093e+04 4.3815204767e+01
1.58100e+03 3.3336774157e+04 1.0175465449e+02
1.58200e+03 3.3366043120e+04 1.4081834308e+02
1.58300e+03 3.3399856694e+04 9.2911796383e+01
1.58400e+03 3.3433767397e+04 1.3666284258e+02
1.58500e+03 3.3463039052e+04 1.4062842508e+02
1.58600e+03 3.3493172839e+04 8.7593934111e+01
1.58700e+03 3.3523591364e+04 8.7286802559e+01
1.58800e+03 3.3553780420e+04 3.9216374732e+01
1.58900e+03 3.3586173294e+04 8.9927481479e+01
1.59000e+03 3.3618761941e+04 8.9815509408e+01
1.59100e+03 3.3651244763e+04 4.3537242897e+01
1.59200e+03 3.3682563156e+04 2.5923106167e+00
1.59300e+03 3.3709573696e+04 8.5526380369e+01
1.59400e+03 3.3737498308e+04 9.1905710322e+01
1.59500e+03 3.3765719653e+04 1.2879378186e+02
1.59600e+03 3.3792795860e+04 1.2049592578e+02
1.59700e+03 3.3824226894e+04 8.7343154427e+01
1.59800e+03 3.3857044496e+04 7.8217495285e+01
1.59900e+03 3.3889657476e+04 7.8269434492e+01
1.60000e+03 3.3922328214e+04 4.3549466807e+01
1.60100e+03 3.3954856210e+04 4.3420935090e+01
1.60200e+03 3.3986202553e+04 8.7283760292e+01
1.60300e+03 3.4013231904e+04 9.1832616024e+01
1.60400e+03 3.4040214458e+04 9.1647129882e+01
1.60500e+03 3.4067401916e+04 3.2487719163e+01
1.60600e+03 3.4095457981e+04 1.2170013326e+02
1.60700e+03 3.4123772571e+04 1.2167167763e+02
1.60800e+03 3.4150912183e+04 3.2612290029e+01
1.60900e+03 3.4178206297e+04 8.9355475996e+01
1.61000e+03 3.4206344936e+04 3.4558733956e+01
1.61100e+03 3.4236452201e+04 2.4207316844e+00
1.61200e+03 3.4265474276e+04 1.5375185466e+02
1.61300e+03 3.4294275388e+04 1.9212764461e+02
1.61400e+03 3.4323305420e+04 3.5867352098e+01
1.61500e+03 3.4352115217e+04 3.5840169387e+01
1.61600e+03 3.4381151694e+04 3.5810774652e+01
1.61700e+03 3.4406101797e+04 3.2180164187e+01
1.61800e+03 3.4431033101e+04 1.5872153722e+02
1.61900e+03 3.4460116318e+04 3.6048384325e+01
1.62000e+03 3.4490588616e+04 7.5655234683e+01
1.62100e+03 3.4520883831e+04 1.4490676966e+02
1.62200e+03 3.4549973610e+04 3.6065637559e+01
1.62300e+03 3.4574960752e+04 6.7406537123e+01
1.62400e+03 3.4599915064e+04 3.6035344042e+01
1.62500e+03 3.4625058355e+04 3.6155458248e+01
1.62600e+03 3.4650125993e+04 2.8043682121e+01
1.62700e+03 3.4675351116e+04 2.8097470050e+01
1.62800e+03 3.4701436676e+04 1.0581431243e+02
1.62900e+03 3.4727752054e+04 1.6390940898e+02
1.63000e+03 3.4753849267e+04 5.5889761018e+01
1.63100e+03 3.4781677474e+04 3.3562564632e+01
1.63200e+03 3.4809677921e+04 1.6127364818e+02
1.63300e+03 3.4836172415e+04 3.0337039892e+01
1.63400e+03 3.4862287521e+04 3.0324596013e+01
1.63500e+03 3.4888606501e+04 3.0118758595e+01
1.63600e+03 3.4914710452e+04 3.0077484777e+01
1.63700e+03 3.4942547429e+04 5.5952331572e+01
1.63800e+03 3.4970558851e+04 6.0406317613e+01
1.63900e+03 3.4997064234e+04 3.0233809620e+01
1.64000e+03 3.5023190572e+04 3.0225963349e+01
1.64100e+03 3.5051026440e+04 6.0344802219e+01
1.64200e+03 3.5077777679e+04 5.3661188320e+01
1.64300e+03 3.5104331218e+04 1.4978936732e+02
1.64400e+03 3.5132392864e+04 3.3486612504e+01
1.64500e+03 3.5160346978e+04 3.3571372032e+01
1.64600e+03 3.5188373359e+04 3.3502535083e+01
1.64700e+03 3.5214878433e+04 3.0195428666e+01
1.64800e+03 3.5240049185e+04 1.2181233502e+02
1.64900e+03 3.5265334872e+04 1.2175108723e+02
1.65000e+03 3.5291472593e+04 3.6781995351e+01
1.65100e+03 3.5317835796e+04 3.6603341792e+01
1.65200e+03 3.5343977236e+04 2.9965077134e+01
1.65300e+03 3.5370339928e+04 2.9934602235e+01
1.65400e+03 3.5396484794e+04 2.9908093559e+01
1.65500e+03 3.5424363114e+04 3.3393238987e+01
1.65600e+03 3.5451153641e+04 1.2166862448e+02
1.65700e+03 3.5477741417e+04 6.6956395826e+01
1.65800e+03 3.5505834151e+04 5.9932379942e+01
1.65900e+03 3.5532371585e+04 3.0052926244e+01
1.66000e+03 3.5558530722e+04 3.0037145046e+01
1.66100e+03 3.5584891476e+04 2.9830427621e+01
1.66200e+03 3.5611033518e+04 2.9783502940e+01
1.66300e+03 3.5638910349e+04 5.9870958072e+01
1.66400e+03 3.5666959243e+04 5.9779630207e+01
1.66500e+03 3.5693496334e+04 2.9930057047e+01
1.66600e+03 3.5719652823e+04 2.9914573594e+01
1.66700e+03 3.5746011870e+04 2.9706615001e+01
1.66800e+03 3.5772153979e+04 2.9662528130e+01
1.66900e+03 3.5798520372e+04 2.9640211059e+01
1.67000e+03 3.5823716632e+04 6.6914948439e+01
1.67100e+03 3.5849048854e+04 2.1488821467e+02
1.67200e+03 3.5874275918e+04 1.7580417835e+02
1.67300e+03 3.5903628012e+04 1.2235661539e+02
1.67400e+03 3.5934324397e+04 9.1835097091e+01
1.67500e+03 3.5964809603e+04 1.5407148814e+02
1.67600e+03 3.5994065451e+04 2.1713864728e+02
1.67700e+03 3.6023055978e+04 9.1381695812e+01
1.67800e+03 3.6053537023e+04 3.7995906108e+01
1.67900e+03 3.6082211164e+04 2.9942475236e+01
1.68000e+03 3.6110475366e+04 6.9943910171e+01
1.68100e+03 3.6138946675e+04 4.2036407740e+01
1.68200e+03 3.6167176758e+04 3.3661538243e+01
1.68300e+03 3.6195638846e+04 3.3618656072e+01
1.68400e+03 3.6223865247e+04 3.3581355491e+01
1.68500e+03 3.6252324668e+04 3.3545106579e+01
1.68600e+03 3.6280547621e+04 3.3508114070e+01
1.68700e+03 3.6309004186e+04 3.3471749666e+01
1.68800e+03 3.6336271066e+04 3.9791014160e+01
1.68900e+03 3.6363681459e+04 1.7260239428e+02
1.69000e+03 3.6391925902e+04 3.3459768154e+01
1.69100e+03 3.6420403721e+04 3.3447562402e+01
1.69200e+03 3.6448637169e+04 3.3403119879e+01
1.69300e+03 3.6478830499e+04 3.7666033180e+01
1.69400e+03 3.6509197655e+04 1.6753076158e+02
1.69500e+03 3.6537817394e+04 3.3511636872e+01
1.69600e+03 3.6565078938e+04 1.3467325660e+02
1.69700e+03 3.6596652719e+04 2.0790439474e+02
1.69800e+03 3.6629593114e+04 3.6051363690e+01
1.69900e+03 3.6662311304e+04 2.0590340383e+02
1.70000e+03 3.6693813604e+04 2.4769414148e+02
1.70100e+03 3.6720958334e+04 6.6530362262e+01
1.70200e+03 3.6748993667e+04 7.5483102510e+01
1.70300e+03 3.6777308335e+04 7.5102548946e+01
1.70400e+03 3.6805414247e+04 3.2894932603e+01
1.70500e+03 3.6833771217e+04 3.2904338929e+01
1.70600e+03 3.6860953145e+04 7.2938281948e+01
1.70700e+03 3.6888288176e+04 1.0845995781e+02
1.70800e+03 3.6916464571e+04 3.2941917359e+01
1.70900e+03 3.6944880458e+04 3.2967893692e+01
1.71000e+03 3.6972103504e+04 1.0183855000e+02
1.71100e+03 3.6999470216e+04 3.2940656829e+01
1.71200e+03 3.7026713401e+04 3.2927855911e+01
1.71300e+03 3.7058307679e+04 3.9674602728e+01
1.71400e+03 3.7089968033e+04 1.3486320291e+02
1.71500e+03 3.7121297855e+04 1.3446388352e+02
1.71600e+03 3.7154103317e+04 1.4069887341e+02
1.71700e+03 3.7186727207e+04 1.4046387487e+02
1.71800e+03 3.7219415919e+04 4.1575946590e+01
1.71900e+03 3.7251962715e+04 4.1457276282e+01
1.72000e+03 3.7283326372e+04 3.8962501849e+01
1.72100e+03 3.7314436347e+04 4.3505565219e+01
1.72200e+03 3.7345776689e+04 4.3438744731e+01
1.72300e+03 3.7376876959e+04 3.8583727944e+01
1.72400e+03 3.7409498273e+04 4.1348422153e+01
1.72500e+03 3.7440107681e+04 3.3116155845e+01
1.72600e+03 3.7469349650e+04 1.2326518648e+02
1.72700e+03 3.7503129075e+04 5.3927952486e+00
1.72800e+03 3.7536999926e+04 4.6463056240e+01
1.72900e+03 3.7566230903e+04 1.5592882236e+02
1.73000e+03 3.7595365508e+04 3.4399126476e+01
1.73100e+03 3.7629097254e+04 4.3655274334e+01
1.73200e+03 3.7662932749e+04 4.3576261981e+01
1.73300e+03 3.7692135953e+04 3.4336954683e+01
1.73400e+03 3.7722202813e+04 1.1793390645e+02
1.73500e+03 3.7754492968e+04 1.2828607149e+02
1.73600e+03 3.7786985284e+04 1.2802878705e+02
1.73700e+03 3.7817527792e+04 1.5743974936e+02
1.73800e+03 3.7846707635e+04 3.4347855333e+01
1.73900e+03 3.7876032665e+04 3.4435333758e+01
1.74000e+03 3.7906183805e+04 1.2824206593e+02
1.74100e+03 3.7938529863e+04 4.0721021600e+01
1.74200e+03 3.7969799278e+04 5.1644906465e+01
1.74300e+03 3.8000828984e+04 9.2423907087e+01
1.74400e+03 3.8033383931e+04 4.0742930900e+01
1.74500e+03 3.8065796689e+04 4.0768889562e+01
1.74600e+03 3.8098299908e+04 4.0676392987e+01
1.74700e+03 3.8130682986e+04 4.0606035390e+01
1.74800e+03 3.8163158553e+04 4.0537777791e+01
1.74900e+03 3.8193675391e+04 5.7474841180e+01
1.75000e+03 3.8222824927e+04 7.2491090447e+01
1.75100e+03 3.8256506492e+04 1.1355886112e+02
1.75200e+03 3.8291571984e+04 2.5899253437e+00
1.75300e+03 3.8324328401e+04 5.1471173499e+01
1.75400e+03 3.8355659990e+04 1.1562735477e+02
1.75500e+03 3.8387123178e+04 1.9006848411e+02
1.75600e+03 3.8419377190e+04 1.2407672291e+02
1.75700e+03 3.8454046757e+04 4.5371064301e+01
1.75800e+03 3.8488894305e+04 4.5107748958e+01
1.75900e+03 3.8523601052e+04 4.5099822153e+01
1.76000e+03 3.8557142161e+04 1.9215010823e+02
1.76100e+03 3.8586147089e+04 2.4582592372e+00
1.76200e+03 3.8615088424e+04 3.3466559832e+01
1.76300e+03 3.8648632616e+04 8.0913583260e+01
1.76400e+03 3.8682301498e+04 4.2647828408e+01
1.76500e+03 3.8715660607e+04 4.2420097157e+01
1.76600e+03 3.8749239391e+04 4.2287578289e+01
1.76700e+03 3.8778265882e+04 3.3454655656e+01
1.76800e+03 3.8808181103e+04 8.8041624661e+01
1.76900e+03 3.8838396582e+04 1.6013369665e+02
1.77000e+03 3.8868397163e+04 3.5640772824e+01
1.77100e+03 3.8898666236e+04 3.5658726429e+01
1.77200e+03 3.8928705652e+04 3.5661902918e+01
1.77300e+03 3.8959004876e+04 3.5656391949e+01
1.77400e+03 3.8988115118e+04 8.7522439274e+01
1.77500e+03 3.9017391557e+04 8.7684864685e+01
1.77600e+03 3.9047496427e+04 3.5686189696e+01
1.77700e+03 3.9077854485e+04 3.5709337393e+01
1.77800e+03 3.9107962545e+04 3.5676817921e+01
1.77900e+03 3.9140250190e+04 1.1583234756e+02
1.78000e+03 3.9172725170e+04 1.8515499922e+02
1.78100e+03 3.9205090151e+04 6.6795729780e+01
1.78200e+03 3.9236286391e+04 3.1282305789e+01
1.78300e+03 3.9263184388e+04 6.6439471975e+01
1.78400e+03 3.9290043121e+04 9.7786372796e+01
1.78500e+03 3.9317110527e+04 2.9040081447e+01
1.78600e+03 3.9344095442e+04 2.9137223177e+01
1.78700e+03 3.9375432741e+04 1.0694187471e+02
1.78800e+03 3.9406858990e+04 9.5614082758e+01
1.78900e+03 3.9433892119e+04 2.9073808181e+01
1.79000e+03 3.9461812837e+04 3.7785263116e+01
1.79100e+03 3.9491719673e+04 5.7592953286e+01
1.79200e+03 3.9520565149e+04 2.6463961089e+01
1.79300e+03 3.9549207697e+04 8.3793843586e+01
1.79400e+03 3.9579376062e+04 9.5201350372e+01
1.79500e+03 3.9609429491e+04 3.5201643489e+01
1.79600e+03 3.9639570698e+04 3.5139283367e+01
1.79700e+03 3.9669614074e+04 3.5094091223e+01
1.79800e+03 3.9699744633e+04 3.5048349343e+01
1.79900e+03 3.9728152402e+04 9.1669610239e+01
1.80000e+03 3.9756166033e+04 1.2785371143e+02
1.80100e+03 3.9784401018e+04 1.0732179312e+02
1.80200e+03 3.9811459177e+04 6.1569304473e+01
1.80300e+03 3.9842847187e+04 8.1480461681e+01
1.80400e+03 3.9874323553e+04 1.1648119663e+02
1.80500e+03 3.9905486583e+04 3.7404736189e+01
1.80600e+03 3.9938134598e+04 3.3576464328e+01
1.80700e+03 3.9970611098e+04 7.5076142101e+01
1.80800e+03 4.0001899139e+04 3.7179005730e+01
1.80900e+03 4.0032929079e+04 3.7008737025e+01
1.81000e+03 4.0065474301e+04 4.3839263976e+01
1.81100e+03 4.0096015591e+04 2.3063057693e+00
1.81200e+03 4.0126139589e+04 7.7111433054e+01
1.81300e+03 4.0158421830e+04 3.9514336581e+01
1.81400e+03 4.0190892536e+04 3.9400306913e+01
1.81500e+03 4.0221409460e+04 7.7009955268e+01
1.81600e+03 4.0250558858e+04 1.5782927907e+02
1.81700e+03 4.0284238246e+04 4.4577123926e+01
1.81800e+03 4.0319297116e+04 2.5881642269e+00
1.81900e+03 4.0354120908e+04 4.4488033322e+01
1.82000e+03 4.0389002886e+04 4.4266652864e+01
1.82100e+03 4.0423718958e+04 4.4114666947e+01
1.82200e+03 4.0457259217e+04 8.3756493544e+01
1.82300e+03 4.0486261678e+04 2.2114851737e+02
1.82400e+03 4.0515196346e+04 4.4317817327e+01
1.82500e+03 4.0544347490e+04 4.4422182968e+01
1.82600e+03 4.0573396433e+04 3.2697491911e+01
1.82700e+03 4.0607025110e+04 4.6757251370e+01
1.82800e+03 4.0642032473e+04 4.4195936921e+01
1.82900e+03 4.0674734245e+04 1.1377342673e+02
1.83000e+03 4.0706011833e+04 1.6355923041e+01
1.83100e+03 4.0742035979e+04 4.6547209717e+01
1.83200e+03 4.0779431555e+04 2.3353833547e+01
1.83300e+03 4.0816560521e+04 6.9895114192e+01
1.83400e+03 4.0853746136e+04 4.8649637451e+01
1.83500e+03 4.0890742800e+04 4.8468686269e+01
1.83600e+03 4.0927825407e+04 4.8317209738e+01
1.83700e+03 4.0964741298e+04 4.8188119406e+01
1.83800e+03 4.1000500243e+04 9.5429842949e+01
1.83900e+03 4.1031505725e+04 5.0858699452e+01
1.84000e+03 4.1063382244e+04 2.9612680880e+02
1.84100e+03 4.1095577566e+04 1.8373565367e+02
1.84200e+03 4.1127549275e+04 3.8227360729e+01
1.84300e+03 4.1159806260e+04 3.8250795252e+01
1.84400e+03 4.1191821913e+04 3.8256488257e+01
1.84500e+03 4.1226252016e+04 2.4857878498e+00
1.84600e+03 4.1260889529e+04 1.2203955258e+02
1.84700e+03 4.1295409078e+04 1.2200695888e+02
1.84800e+03 4.1330036480e+04 4.3046823866e+01
1.84900e+03 4.1362494314e+04 3.8419081340e+01
1.85000e+03 4.1394519413e+04 4.3066380577e+01
1.85100e+03 4.1426793632e+04 4.2839698888e+01
1.85200e+03 4.1457863766e+04 4.6293207583e+01
1.85300e+03 4.1489114530e+04 2.8757849734e+02
1.85400e+03 4.1521181022e+04 3.8161979087e+01
1.85500e+03 4.1553514586e+04 3.8183163102e+01
1.85600e+03 4.1585584962e+04 3.8148864266e+01
1.85700e+03 4.1620059532e+04 4.2958798123e+01
1.85800e+03 4.1654730709e+04 7.6309341433e+01
1.85900e+03 4.1687227916e+04 3.8274357898e+01
1.86000e+03 4.1718337769e+04 2.7751053818e+02
1.86100e+03 4.1749602145e+04 7.6248143961e+01
1.86200e+03 4.1780720453e+04 7.6180350965e+01
1.86300e+03 4.1816633791e+04 3.6124387407e+02
1.86400e+03 4.1852636483e+04 3.6112637755e+02
1.86500e+03 4.1888282533e+04 4.5263052477e+01
1.86600e+03 4.1924137203e+04 4.5069766375e+01
1.86700e+03 4.1955199519e+04 3.5814305507e+01
1.86800e+03 4.1987122894e+04 3.8089083113e+01
1.86900e+03 4.2019352796e+04 3.7783688356e+01
1.87000e+03 4.2051348035e+04 3.7817768544e+01
1.87100e+03 4.2085759738e+04 1.6672520225e+02
1.87200e+03 4.2119122831e+04 2.4915764640e+00
1.87300e+03 4.2152241686e+04 4.0008416580e+01
1.87400e+03 4.2185613998e+04 3.9977627473e+01
1.87500e+03 4.2214475290e+04 3.7613555206e+01
1.87600e+03 4.2243287796e+04 9.0120310276e+01
1.87700e+03 4.2276697611e+04 4.0228609913e+01
1.87800e+03 4.2310235219e+04 4.0353676579e+01
1.87900e+03 4.2339188044e+04 5.0307144385e+01
1.88000e+03 4.2368068380e+04 4.0256211722e+01
1.88100e+03 4.2401536878e+04 4.0372005296e+01
1.88200e+03 4.2436406443e+04 1.3340713793e+02
1.88300e+03 4.2468995365e+04 1.2857053761e+02
1.88400e+03 4.2500170711e+04 4.2626643038e+01
1.88500e+03 4.2536089207e+04 2.4499985143e+00
1.88600e+03 4.2573385246e+04 7.3641679649e+01
1.88700e+03 4.2610421203e+04 1.1891098520e+02
1.88800e+03 4.2647517928e+04 4.7377554943e+01
1.88900e+03 4.2684430420e+04 4.7206712599e+01
1.89000e+03 4.2720174568e+04 4.4985721403e+01
1.89100e+03 4.2751159203e+04 8.4831782124e+01
1.89200e+03 4.2783011294e+04 2.2303519362e+02
1.89300e+03 4.2817311488e+04 2.6122981636e+00
1.89400e+03 4.2850583574e+04 3.0492483633e+01
1.89500e+03 4.2879370777e+04 8.7599143003e+01
1.89600e+03 4.2908121094e+04 1.2049860778e+02
1.89700e+03 4.2937104819e+04 3.0778054878e+01
1.89800e+03 4.2966001328e+04 3.0893469453e+01
1.89900e+03 4.2995091229e+04 3.0968752191e+01
1.90000e+03 4.3025022268e+04 4.5307376700e+00
1.90100e+03 4.3055215579e+04 1.9142909105e+02
1.90200e+03 4.3084216324e+04 3.1042019502e+01
1.90300e+03 4.3117769257e+04 8.3489458590e+01
1.90400e+03 4.3151416042e+04 1.4957130281e+02
1.90500e+03 4.3184732239e+04 1.3873270109e+02
1.90600e+03 4.3219544411e+04 1.4137623922e+02
1.90700e+03 4.3254169473e+04 1.4155973099e+02
1.90800e+03 4.3287617856e+04 3.9640386794e+01
1.90900e+03 4.3320794676e+04 3.9461368942e+01
1.91000e+03 4.3354210132e+04 3.9388980922e+01
1.91100e+03 4.3387372212e+04 3.9334852388e+01
1.91200e+03 4.3422066272e+04 4.2189085794e+01
1.91300e+03 4.3454543334e+04 3.3294728625e+01
1.91400e+03 4.3486588568e+04 1.4353236622e+02
1.91500e+03 4.3518878398e+04 4.6220307588e+01
1.91600e+03 4.3549958762e+04 1.2063583223e+02
1.91700e+03 4.3581215596e+04 1.5369310722e+02
1.91800e+03 4.3613284817e+04 3.7152309926e+01
1.91900e+03 4.3647764555e+04 7.6539588250e+01
1.92000e+03 4.3682431711e+04 7.6436145016e+01
1.92100e+03 4.3716967948e+04 4.1878193017e+01
1.92200e+03 4.3751603377e+04 4.1804587784e+01
1.92300e+03 4.3786104217e+04 4.1727386021e+01
1.92400e+03 4.3820707501e+04 4.1653514388e+01
1.92500e+03 4.3855180996e+04 4.1584514949e+01
1.92600e+03 4.3889760677e+04 4.1519326938e+01
1.92700e+03 4.3924213832e+04 4.1457468801e+01
1.92800e+03 4.3957517381e+04 7.4166810162e+01
1.92900e+03 4.3990573075e+04 1.6656775958e+02
1.93000e+03 4.4023883295e+04 1.3142466250e+02
1.93100e+03 4.4052696648e+04 2.4434813363e+00
1.93200e+03 4.4081463596e+04 1.6408777653e+02
1.93300e+03 4.4110457224e+04 1.6410396405e+02
1.93400e+03 4.4139358245e+04 3.0214903143e+01
1.93500e+03 4.4168449177e+04 3.0281991866e+01
1.93600e+03 4.4197421980e+04 3.0323491874e+01
1.93700e+03 4.4230958338e+04 3.9192399490e+01
1.93800e+03 4.4264582212e+04 6.0646195146e+01
1.93900e+03 4.4297873757e+04 6.0340735997e+01
1.94000e+03 4.4331370299e+04 3.8973729187e+01
1.94100e+03 4.4360313596e+04 3.0145533611e+01
1.94200e+03 4.4390141464e+04 2.0357428822e+02
1.94300e+03 4.4420265590e+04 2.9634349781e+02
1.94400e+03 4.4450172590e+04 9.0310645173e+01
1.94500e+03 4.4480346242e+04 3.2246529982e+01
1.94600e+03 4.4509336258e+04 3.9118275415e+01
1.94700e+03 4.4542881204e+04 3.9188155635e+01
1.94800e+03 4.4577808594e+04 1.6420951702e+02
1.94900e+03 4.4612504705e+04 1.6428826319e+02
1.95000e+03 4.4647260887e+04 4.1506970859e+01
1.95100e+03 4.4681854781e+04 4.1363246388e+01
1.95200e+03 4.4715274563e+04 3.9072208314e+01
1.95300e+03 4.4748426750e+04 6.6885972714e+01
1.95400e+03 4.4783109807e+04 4.1248756858e+01
1.95500e+03 4.4815579926e+04 9.1786203254e+00
1.95600e+03 4.4847617373e+04 1.1734479145e+02
1.95700e+03 4.4882034854e+04 4.1031095123e+01
1.95800e+03 4.4916652932e+04 4.0925085870e+01
1.95900e+03 4.4949105261e+04 1.1032750352e+02
1.96000e+03 4.4980173825e+04 1.0804660205e+02
1.96100e+03 4.5011398869e+04 1.5170619760e+02
1.96200e+03 4.5043435601e+04 4.0989349161e+01
1.96300e+03 4.5075738241e+04 4.0798670615e+01
1.96400e+03 4.5106825498e+04 3.6619456662e+01
1.96500e+03 4.5138084724e+04 4.0982541914e+01
1.96600e+03 4.5169196643e+04 4.0966221342e+01
1.96700e+03 4.5200484657e+04 3.4181782443e+01
1.96800e+03 4.5231616360e+04 3.4167384165e+01
1.96900e+03 4.5262919789e+04 3.4148631458e+01
1.97000e+03 4.5294063630e+04 3.4126620486e+01
1.97100e+03 4.5325377091e+04 3.4102526429e+01
1.97200e+03 4.5357487401e+04 3.6227942922e+01
1.97300e+03 4.5392000218e+04 4.0979496933e+01
1.97400e+03 4.5426691709e+04 4.1011930388e+01
1.97500e+03 4.5461245571e+04 4.1011963244e+01
1.97600e+03 4.5494634693e+04 2.4666125680e+02
1.97700e+03 4.5523503658e+04 2.4444965125e+00
1.97800e+03 4.5552312674e+04 2.9291547635e+01
1.97900e+03 4.5585712972e+04 2.1841711110e+02
1.98000e+03 4.5620524651e+04 4.1091139051e+01
1.98100e+03 4.5655126704e+04 9.5154605073e+01
1.98200e+03 4.5689803547e+04 9.4924614531e+01
1.98300e+03 4.5724331316e+04 4.0699040558e+01
1.98400e+03 4.5757693276e+04 3.8298700765e+01
1.98500e+03 4.5786542938e+04 2.9242953226e+01
1.98600e+03 4.5816287448e+04 1.7910709623e+02
1.98700e+03 4.5848248261e+04 2.5669558739e+00
1.98800e+03 4.5879175288e+04 2.4349327723e+00
1.98900e+03 4.5909897221e+04 3.8094960166e+01
1.99000e+03 4.5942164877e+04 3.5684765794e+01
1.99100e+03 4.5972474899e+04 2.1312708598e+02
1.99200e+03 4.6002387003e+04 3.1608655926e+01
1.99300e+03 4.6034450154e+04 3.5751419265e+01
1.99400e+03 4.6066713089e+04 3.5710946694e+01
1.99500e+03 4.6098879773e+04 3.5778767784e+01
1.99600e+03 4.6131147818e+04 3.5748099084e+01
1.99700e+03 4.6163307820e+04 3.5705668744e+01
1.99800e+03 4.6194308080e+04 3.8130098750e+01
1.99900e+03 4.6225077786e+04 1.0708444059e+02
2.00000e+03 4.6257380821e+04 3.5704953626e+01
