0.00000e+00 0.0000000000e+00 0.0000000000e+00
1.00000e+00 5.2789369618e+01 5.2789369618e+01
2.00000e+00 1.0553974782e+02 1.0548695845e+02
3.00000e+00 1.5494563590e+02 4.9405888075e+01
4.00000e+00 2.1358005097e+02 5.8634415072e+01
5.00000e+00 2.7643424968e+02 1.6823567020e+02
6.00000e+00 3.3613963592e+02 6.9550080443e+00
7.00000e+00 3.9234244565e+02 6.5372702308e+01
8.00000e+00 4.4856971162e+02 1.7089107776e+02
9.00000e+00 5.0482898739e+02 1.1220087207e+02
1.00000e+01 5.6104705837e+02 1.1207947621e+02
1.10000e+01 6.2034251771e+02 1.1883561426e+02
1.20000e+01 6.8237346925e+02 2.3009838607e+02
1.30000e+01 7.3991935278e+02 3.4023346694e+02
1.40000e+01 7.8842158705e+02 7.7158367069e+00
1.50000e+01 8.4046261014e+02 1.1028432690e+02
1.60000e+01 8.9462977896e+02 1.6396201622e+02
1.70000e+01 9.4910128814e+02 2.7990218088e+02
1.80000e+01 1.0015187469e+03 2.2160289370e+02
1.90000e+01 1.0505810822e+03 9.7062335374e+01
2.00000e+01 1.1089021243e+03 4.4737634026e+02
2.10000e+01 1.1668147592e+03 2.2318391258e+02
2.20000e+01 1.2154977552e+03 9.7146034800e+01
2.30000e+01 1.2676460465e+03 1.6390532239e+02
2.40000e+01 1.3218886440e+03 2.2303615737e+02
2.50000e+01 1.3764101017e+03 2.2286306965e+02
2.60000e+01 1.4288579024e+03 1.6377175905e+02
2.70000e+01 1.4779407289e+03 2.3054577323e+02
2.80000e+01 1.5362766342e+03 2.2265506981e+02
2.90000e+01 1.5988781105e+03 8.0800186588e+00
3.00000e+01 1.6583860281e+03 1.1572428189e+02
3.10000e+01 1.7144169165e+03 2.2938047666e+02
3.20000e+01 1.7803982873e+03 1.5717404077e+01
3.30000e+01 1.8505859973e+03 7.5862337340e+00
3.40000e+01 1.9168872678e+03 2.3594444902e+02
3.50000e+01 1.9796906909e+03 2.2474221359e+01
3.60000e+01 2.0531774354e+03 1.5084021250e+01
3.70000e+01 2.1308412775e+03 2.3963253380e+02
3.80000e+01 2.2079789982e+03 3.8541456822e+02
3.90000e+01 2.2804518651e+03 2.6776327066e+02
4.00000e+01 2.3528819047e+03 2.3833619633e+02
4.10000e+01 2.4299846707e+03 1.5231167575e+02
4.20000e+01 2.5067395248e+03 1.5177649759e+02
4.30000e+01 2.5789225516e+03 2.3780801995e+02
4.40000e+01 2.6406098071e+03 4.9492233021e+02
4.50000e+01 2.7027979442e+03 2.5255151145e+02
4.60000e+01 2.7757271227e+03 1.5265850299e+02
4.70000e+01 2.8482520149e+03 1.5284770991e+02
4.80000e+01 2.9100900548e+03 2.5244974431e+02
4.90000e+01 2.9754105719e+03 7.7263922180e+02
5.00000e+01 3.0443031560e+03 1.3521950226e+02
5.10000e+01 3.1087849383e+03 8.0431098715e+00
5.20000e+01 3.1733444723e+03 1.2667706106e+02
5.30000e+01 3.2426408235e+03 2.7890258917e+02
5.40000e+01 3.3083223248e+03 4.3343155231e+02
5.50000e+01 3.3706222904e+03 2.7916805687e+02
5.60000e+01 3.4436348267e+03 1.5202998332e+02
5.70000e+01 3.5162070424e+03 2.8651877069e+02
5.80000e+01 3.5780661559e+03 2.7890996248e+02
5.90000e+01 3.6433962809e+03 1.3509389068e+02
6.00000e+01 3.7122920916e+03 2.7820041176e+02
6.10000e+01 3.7767690583e+03 8.0952490235e+00
6.20000e+01 3.8413196312e+03 1.2610615380e+02
6.30000e+01 3.9059250054e+03 1.2610845514e+02
6.40000e+01 3.9607759739e+03 8.3623774258e+00
6.50000e+01 4.0191772325e+03 2.7099334487e+02
6.60000e+01 4.0804313506e+03 1.1025350030e+02
6.70000e+01 4.1419987425e+03 3.8033649882e+02
6.80000e+01 4.2008065879e+03 3.9880749237e+02
6.90000e+01 4.2562736769e+03 2.7102512445e+02
7.00000e+01 4.3217257859e+03 2.4628958120e+02
7.10000e+01 4.3914515587e+03 1.1917972629e+01
7.20000e+01 4.4607450738e+03 1.3935115017e+02
7.30000e+01 4.5254202929e+03 2.4611313650e+02
7.40000e+01 4.5803382602e+03 2.7078935028e+02
7.50000e+01 4.6388036033e+03 2.4941913036e+02
7.60000e+01 4.7001202672e+03 1.0657841897e+02
7.70000e+01 4.7570653549e+03 7.7301313434e+00
7.80000e+01 4.8141322466e+03 1.1035370644e+02
7.90000e+01 4.8759463492e+03 2.3401237760e+02
8.00000e+01 4.9349011762e+03 2.4931669286e+02
8.10000e+01 4.9935274262e+03 1.1377607572e+02
8.20000e+01 5.0523682344e+03 1.1354828086e+02
8.30000e+01 5.1110141674e+03 1.1345441557e+02
8.40000e+01 5.1724970461e+03 1.1938930982e+02
8.50000e+01 5.2342491202e+03 1.2051603241e+02
8.60000e+01 5.2931944289e+03 1.1344546160e+02
8.70000e+01 5.3487755024e+03 3.5640062881e+02
8.80000e+01 5.4143344923e+03 2.5583311076e+02
8.90000e+01 5.4794697938e+03 3.7401084422e+02
9.00000e+01 5.5346478219e+03 4.7643303278e+02
9.10000e+01 5.5902437261e+03 2.5559210831e+02
9.20000e+01 5.6459278506e+03 1.2037509427e+02
9.30000e+01 5.7017094001e+03 1.0696985168e+02
9.40000e+01 5.7574983957e+03 1.0696775286e+02
9.50000e+01 5.8164060643e+03 1.1359375180e+02
9.60000e+01 5.8754109800e+03 2.2679148659e+02
9.70000e+01 5.9311184426e+03 1.0678669825e+02
9.80000e+01 5.9967877444e+03 1.2640613275e+02
9.90000e+01 6.0666911637e+03 3.4804805640e+02
1.00000e+02 6.1327566966e+03 1.1374052875e+02
1.01000e+02 6.1953409301e+03 6.8767708693e+00
1.02000e+02 6.2579770961e+03 1.2039697614e+02
1.03000e+02 6.3237061186e+03 3.4701283716e+02
1.04000e+02 6.3929018507e+03 4.7580837815e+02
1.05000e+02 6.4622837705e+03 1.3360621864e+02
1.06000e+02 6.5280555082e+03 1.2644039602e+02
1.07000e+02 6.5934899707e+03 1.2601939568e+02
1.08000e+02 6.6591432246e+03 1.2577489253e+02
1.09000e+02 6.7215271307e+03 1.2007625179e+02
1.10000e+02 6.7840124478e+03 2.4560682441e+02
1.11000e+02 6.8496212946e+03 1.2582350181e+02
1.12000e+02 6.9187084059e+03 1.3336399170e+02
1.13000e+02 6.9880006171e+03 2.3137243467e+02
1.14000e+02 7.0570451193e+03 2.3109845306e+02
1.15000e+02 7.1262331882e+03 1.3253169683e+02
1.16000e+02 7.1918667408e+03 1.2567797697e+02
1.17000e+02 7.2541428375e+03 2.4525340823e+02
1.18000e+02 7.3271409573e+03 7.2574584527e+02
1.19000e+02 7.4043817257e+03 8.0526994954e+00
1.20000e+02 7.4770547079e+03 7.0394295801e+00
1.21000e+02 7.5462596858e+03 2.7894591902e+02
1.22000e+02 7.6155362626e+03 4.0466488973e+02
1.23000e+02 7.6878957964e+03 1.3938652608e+02
1.24000e+02 7.7603625558e+03 2.7196972903e+02
1.25000e+02 7.8294972027e+03 1.3217285602e+02
1.26000e+02 7.8987161859e+03 1.3198308957e+02
1.27000e+02 7.9710264595e+03 2.7159734921e+02
1.28000e+02 8.0475340705e+03 1.4790692071e+02
1.29000e+02 8.1195462822e+03 1.1222710297e+03
1.30000e+02 8.1810674544e+03 1.3415545321e+00
1.31000e+02 8.2430919557e+03 1.2340074789e+02
1.32000e+02 8.3158450452e+03 4.0248670105e+02
1.33000e+02 8.3928775373e+03 2.7143833317e+02
1.34000e+02 8.4694651101e+03 3.9476704635e+02
1.35000e+02 8.5461202423e+03 2.7010732374e+02
1.36000e+02 8.6224936376e+03 1.4610284915e+02
1.37000e+02 8.6943370568e+03 1.3782112836e+02
1.38000e+02 8.7662291750e+03 1.4545605540e+02
1.39000e+02 8.8381769514e+03 1.4541495652e+02
1.40000e+02 8.8996321607e+03 1.1685512774e+02
1.41000e+02 8.9646382084e+03 4.0913720412e+02
1.42000e+02 9.0332349657e+03 1.2885918420e+02
1.43000e+02 9.1021298365e+03 2.6692680993e+02
1.44000e+02 9.1675291361e+03 5.4005754673e+02
1.45000e+02 9.2326470620e+03 1.2884220318e+02
1.46000e+02 9.3013531390e+03 1.3013338067e+02
1.47000e+02 9.3656597059e+03 7.6412095268e+00
1.48000e+02 9.4203006232e+03 4.1370604534e+02
1.49000e+02 9.4785314454e+03 1.2311614353e+02
1.50000e+02 9.5396214752e+03 7.6160471920e+00
1.51000e+02 9.5963681515e+03 2.3782998817e+02
1.52000e+02 9.6442388551e+03 1.1622281365e+02
1.53000e+02 9.6926637111e+03 6.3253755739e+02
1.54000e+02 9.7503500800e+03 3.5238866267e+02
1.55000e+02 9.8123754357e+03 1.1552530109e+02
1.56000e+02 9.8740377766e+03 1.1598208679e+02
1.57000e+02 9.9311161369e+03 1.1643827482e+02
1.58000e+02 9.9882601963e+03 1.1577952704e+02
1.59000e+02 1.0045441471e+04 1.0630646609e+02
1.60000e+02 1.0093605682e+04 8.8685163042e+01
1.61000e+02 1.0145307993e+04 1.0172916251e+02
1.62000e+02 1.0199114728e+04 1.9919114277e+02
1.63000e+02 1.0248568909e+04 7.7270930153e+00
1.64000e+02 1.0289873948e+04 6.3766060132e+00
1.65000e+02 1.0334774841e+04 1.9219053317e+02
1.66000e+02 1.0379929650e+04 5.2508767388e+02
1.67000e+02 1.0424972515e+04 8.1797420606e+01
1.68000e+02 1.0471398024e+04 1.5100591252e+01
1.69000e+02 1.0518154598e+04 3.8124472212e+02
1.70000e+02 1.0563649917e+04 8.2056133271e+01
1.71000e+02 1.0605802176e+04 9.9930954802e+01
1.72000e+02 1.0656456343e+04 2.7352699543e+02
1.73000e+02 1.0711407355e+04 9.0168515138e+01
1.74000e+02 1.0764055770e+04 7.1530957265e+00
1.75000e+02 1.0813241787e+04 2.8028722672e+02
1.76000e+02 1.0871630503e+04 9.7812895867e+01
1.77000e+02 1.0934248241e+04 1.4812669158e+01
1.78000e+02 1.0993749180e+04 9.9740743189e+01
1.79000e+02 1.1049756507e+04 1.0453639255e+02
1.80000e+02 1.1115699111e+04 2.2351744756e+01
1.81000e+02 1.1185838994e+04 1.0716314753e+02
1.82000e+02 1.1255486766e+04 4.1669054417e+02
1.83000e+02 1.1325147274e+04 1.3029251738e+02
1.84000e+02 1.1391130946e+04 1.1091458982e+02
1.85000e+02 1.1453699858e+04 2.8890977982e+01
1.86000e+02 1.1516351041e+04 5.2124227197e+02
1.87000e+02 1.1579052073e+04 1.1631836148e+02
1.88000e+02 1.1641740574e+04 1.1623936100e+02
1.89000e+02 1.1707504148e+04 3.4025362341e+02
1.90000e+02 1.1776731012e+04 1.2974131707e+02
1.91000e+02 1.1841466628e+04 6.4088874204e+02
1.92000e+02 1.1896440186e+04 7.7149433879e+00
1.93000e+02 1.1954964513e+04 1.2237232892e+02
1.94000e+02 1.2016345198e+04 1.0877116873e+02
1.95000e+02 1.2078029169e+04 2.3029743653e+02
1.96000e+02 1.2136933764e+04 2.5776417340e+02
1.97000e+02 1.2195540966e+04 1.0874527216e+02
1.98000e+02 1.2256999505e+04 1.1352764606e+02
1.99000e+02 1.2314065905e+04 1.5376445649e+01
2.00000e+02 1.2371236454e+04 4.5851329300e+02
2.01000e+02 1.2433142179e+04 1.1363587222e+02
2.02000e+02 1.2492171102e+04 1.0876085544e+02
2.03000e+02 1.2550865107e+04 1.1350092113e+02
2.04000e+02 1.2612395388e+04 1.1359397796e+02
2.05000e+02 1.2669518109e+04 2.3350896808e+02
2.06000e+02 1.2717684314e+04 3.3499571501e+02
2.07000e+02 1.2769421892e+04 1.0652395824e+02
2.08000e+02 1.2823283673e+04 7.6685004536e+00
2.09000e+02 1.2877473810e+04 9.8103964450e+01
2.10000e+02 1.2929655464e+04 2.1295758511e+02
2.11000e+02 1.2978499150e+04 4.2921926548e+02
2.12000e+02 1.3027454352e+04 1.0720643192e+02
2.13000e+02 1.3079584156e+04 9.4158663645e+01
2.14000e+02 1.3131833717e+04 9.4132411532e+01
2.15000e+02 1.3180819807e+04 1.0724163030e+02
2.16000e+02 1.3239043817e+04 2.1258155741e+02
2.17000e+02 1.3301528690e+04 2.0376028511e+02
2.18000e+02 1.3360930494e+04 7.1522429787e+00
2.19000e+02 1.3416856371e+04 1.1001463262e+01
2.20000e+02 1.3482723351e+04 2.1119949583e+02
2.21000e+02 1.3552799652e+04 1.4736518089e+01
2.22000e+02 1.3619003567e+04 1.1432000685e+01
2.23000e+02 1.3681715495e+04 2.1777434772e+02
2.24000e+02 1.3755105554e+04 2.2244860243e+01
2.25000e+02 1.3827997466e+04 4.6134907748e+02
2.26000e+02 1.3890105003e+04 3.2940330313e+02
2.27000e+02 1.3955650237e+04 1.2601936803e+02
2.28000e+02 1.4021390127e+04 2.1709254880e+02
2.29000e+02 1.4083854628e+04 1.1377649998e+02
2.30000e+02 1.4157037899e+04 1.3533913355e+02
2.31000e+02 1.4234442673e+04 2.3562449912e+02
2.32000e+02 1.4307248365e+04 1.2072852526e+02
2.33000e+02 1.4379623505e+04 3.4431315901e+02
2.34000e+02 1.4452178671e+04 1.3376248242e+02
2.35000e+02 1.4521413557e+04 5.0172867456e+01
2.36000e+02 1.4590733519e+04 2.5488815606e+02
2.37000e+02 1.4663142256e+04 1.3366231797e+02
2.38000e+02 1.4739755169e+04 5.7442417313e+02
2.39000e+02 1.4816544066e+04 2.5362063944e+02
2.40000e+02 1.4893046925e+04 2.5325696499e+02
2.41000e+02 1.4965012594e+04 3.4550833694e+02
2.42000e+02 1.5026525194e+04 1.2572129306e+02
2.43000e+02 1.5091611183e+04 1.3438752764e+02
2.44000e+02 1.5156975991e+04 2.6059143743e+02
2.45000e+02 1.5222183697e+04 1.1874228608e+02
2.46000e+02 1.5287651908e+04 1.1872694686e+02
2.47000e+02 1.5349877038e+04 3.2981660115e+02
2.48000e+02 1.5412226656e+04 2.5371370287e+02
2.49000e+02 1.5477721969e+04 1.1889582716e+02
2.50000e+02 1.5546701545e+04 7.5232827904e+00
2.51000e+02 1.5611223902e+04 3.7161224885e+02
2.52000e+02 1.5675799662e+04 7.0779595457e+02
2.53000e+02 1.5745100919e+04 3.7145142596e+02
2.54000e+02 1.5810780589e+04 1.1898838984e+02
2.55000e+02 1.5876125866e+04 1.1871936567e+02
2.56000e+02 1.5945045114e+04 3.7101964716e+02
2.57000e+02 1.6014216574e+04 1.2577428044e+02
2.58000e+02 1.6083167920e+04 1.2568060322e+02
2.59000e+02 1.6152280835e+04 1.2549637709e+02
2.60000e+02 1.6217858122e+04 1.1849826391e+02
2.61000e+02 1.6280085598e+04 3.7026414820e+02
2.62000e+02 1.6342442268e+04 2.3738462898e+02
2.63000e+02 1.6407947638e+04 1.3274969272e+02
2.64000e+02 1.6473588791e+04 1.3268080874e+02
2.65000e+02 1.6538995073e+04 1.1823920578e+02
2.66000e+02 1.6604617358e+04 1.1810209825e+02
2.67000e+02 1.6666967533e+04 1.2046813028e+02
2.68000e+02 1.6740031091e+04 2.6739366526e+02
2.69000e+02 1.6817324138e+04 2.4450242322e+02
2.70000e+02 1.6890037377e+04 7.0909540101e+00
2.71000e+02 1.6959276907e+04 1.5367019542e+02
2.72000e+02 1.7039937073e+04 2.5185452830e+02
2.73000e+02 1.7124776857e+04 1.4630600280e+01
2.74000e+02 1.7204249567e+04 2.1593186649e+01
2.75000e+02 1.7280232891e+04 2.5834646793e+02
2.76000e+02 1.7368373088e+04 2.2096001228e+01
2.77000e+02 1.7460666267e+04 2.9024987766e+01
2.78000e+02 1.7546829286e+04 2.6477843107e+02
2.79000e+02 1.7629497041e+04 2.8758335865e+01
2.80000e+02 1.7712246769e+04 5.7278238205e+02
2.81000e+02 1.7798046892e+04 4.3154694669e+02
2.82000e+02 1.7889518160e+04 4.3576065695e+02
2.83000e+02 1.7976448260e+04 8.3176458625e+02
2.84000e+02 1.8051365444e+04 1.2163144213e+02
2.85000e+02 1.8129830071e+04 7.3354961471e+00
2.86000e+02 1.8208578810e+04 1.4345112156e+02
2.87000e+02 1.8284079633e+04 2.6609505870e+02
2.88000e+02 1.8359734663e+04 1.3710282365e+02
2.89000e+02 1.8435459108e+04 1.3718934319e+02
2.90000e+02 1.8511221795e+04 1.3715981184e+02
2.91000e+02 1.8590068672e+04 1.4368992018e+02
2.92000e+02 1.8669043406e+04 2.8097128867e+02
2.93000e+02 1.8744686172e+04 1.3694097217e+02
2.94000e+02 1.8820438161e+04 1.3679333247e+02
2.95000e+02 1.8899289188e+04 2.8069446827e+02
2.96000e+02 1.8978270893e+04 1.4322168169e+02
2.97000e+02 1.9053919920e+04 1.3666280036e+02
2.98000e+02 1.9129677202e+04 1.3653143138e+02
2.99000e+02 1.9208531277e+04 1.4308150717e+02
3.00000e+02 1.9287514514e+04 1.4293995727e+02
3.01000e+02 1.9363163560e+04 1.3639491960e+02
3.02000e+02 1.9450974762e+04 3.1282406918e+02
3.03000e+02 1.9542969245e+04 9.7408842178e+02
3.04000e+02 1.9634417556e+04 9.7309137634e+02
3.05000e+02 1.9725903611e+04 1.6756988790e+02
3.06000e+02 1.9811538488e+04 1.3008719740e+02
3.07000e+02 1.9896841626e+04 3.1732439670e+02
3.08000e+02 1.9982407469e+04 1.9350248108e+02
3.09000e+02 2.0067726430e+04 1.5520359586e+02
3.10000e+02 2.0158816443e+04 1.6704401995e+02
3.11000e+02 2.0245430247e+04 6.6823332713e+02
3.12000e+02 2.0332024647e+04 8.5514274714e+02
3.13000e+02 2.0418673321e+04 3.4653191679e+02
3.14000e+02 2.0505275909e+04 1.5739911777e+02
3.15000e+02 2.0591918182e+04 1.5723531676e+02
3.16000e+02 2.0666584994e+04 4.8378796203e+02
3.17000e+02 2.0744811367e+04 4.5966146703e+00
3.18000e+02 2.0828098988e+04 3.0666661788e+02
3.19000e+02 2.0911660853e+04 4.6531273817e+02
3.20000e+02 2.0990247043e+04 1.5266075753e+02
3.21000e+02 2.1068556375e+04 3.0644291005e+02
3.22000e+02 2.1151923139e+04 1.5045755852e+02
3.23000e+02 2.1230871290e+04 7.6941211388e+00
3.24000e+02 2.1298680717e+04 3.0387109929e+02
3.25000e+02 2.1370085591e+04 1.4340264380e+02
3.26000e+02 2.1445819515e+04 7.6328403204e+00
3.27000e+02 2.1517190961e+04 2.7555593179e+02
3.28000e+02 2.1588664510e+04 4.0954299104e+02
3.29000e+02 2.1664914231e+04 1.3536974935e+02
3.30000e+02 2.1736878230e+04 4.4277351729e+02
3.31000e+02 2.1808541563e+04 1.2674104354e+02
3.32000e+02 2.1884508789e+04 1.3546768215e+02
3.33000e+02 2.1960736570e+04 1.3531027384e+02
3.34000e+02 2.2032713656e+04 1.2662738896e+02
3.35000e+02 2.2104399583e+04 1.2652335626e+02
3.36000e+02 2.2176353864e+04 1.2637402781e+02
3.37000e+02 2.2245058941e+04 9.0592824417e+02
3.38000e+02 2.2313900467e+04 3.9730247638e+02
3.39000e+02 2.2385876871e+04 1.2653813010e+02
3.40000e+02 2.2462050858e+04 1.3538172410e+02
3.41000e+02 2.2538431740e+04 2.5167709492e+02
3.42000e+02 2.2610520186e+04 1.2654575731e+02
3.43000e+02 2.2682298490e+04 1.2622111187e+02
3.44000e+02 2.2758379879e+04 2.5133282054e+02
3.45000e+02 2.2834710212e+04 1.3475328680e+02
3.46000e+02 2.2906770710e+04 1.2606694302e+02
3.47000e+02 2.2975481361e+04 2.7090993718e+02
3.48000e+02 2.3055637849e+04 5.4792070009e+02
3.49000e+02 2.3140032811e+04 1.2562088009e+02
3.50000e+02 2.3219144369e+04 7.0510603620e+00
3.51000e+02 2.3294796461e+04 2.8340985648e+02
3.52000e+02 2.3370547167e+04 4.1007819997e+02
3.53000e+02 2.3449384027e+04 1.4004344154e+02
3.54000e+02 2.3533144210e+04 2.6779258636e+02
3.55000e+02 2.3612398336e+04 8.1445597527e+02
3.56000e+02 2.3680432780e+04 7.7162615692e+00
3.57000e+02 2.3752026614e+04 1.3568150680e+02
3.58000e+02 2.3827938950e+04 1.4106065255e+02
3.59000e+02 2.3899464671e+04 1.5436950609e+01
3.60000e+02 2.3960612046e+04 1.1789961643e+02
3.61000e+02 2.4025364935e+04 1.3407864754e+02
3.62000e+02 2.4093716812e+04 2.2981973348e+01
3.63000e+02 2.4157718968e+04 1.1025815314e+02
3.64000e+02 2.4212119727e+04 1.2719795223e+02
3.65000e+02 2.4270136520e+04 2.9695087553e+01
3.66000e+02 2.4328448820e+04 3.5892914205e+02
3.67000e+02 2.4383588781e+04 3.4983150016e+02
3.68000e+02 2.4448718231e+04 3.5410310158e+02
3.69000e+02 2.4518148646e+04 3.5064967614e+02
3.70000e+02 2.4583834774e+04 1.2778963374e+02
3.71000e+02 2.4649131782e+04 2.3262713768e+02
3.72000e+02 2.4717965414e+04 2.1729379646e+02
3.73000e+02 2.4782359394e+04 1.2746257765e+02
3.74000e+02 2.4837055169e+04 2.0302413490e+02
3.75000e+02 2.4892271863e+04 2.0289784386e+02
3.76000e+02 2.4957473471e+04 1.2740727325e+02
3.77000e+02 2.5022297549e+04 2.0325120823e+02
3.78000e+02 2.5087007249e+04 2.0255604965e+02
3.79000e+02 2.5151684281e+04 1.1007057010e+02
3.80000e+02 2.5206555806e+04 9.0891992324e+01
3.81000e+02 2.5264951817e+04 6.9009970248e+00
3.82000e+02 2.5326181147e+04 3.2607512295e+02
3.83000e+02 2.5383038420e+04 7.8197581181e+00
3.84000e+02 2.5440018360e+04 9.4418800512e+01
3.85000e+02 2.5501747312e+04 4.3743900784e+02
3.86000e+02 2.5563237010e+04 1.0358251189e+02
3.87000e+02 2.5624871944e+04 1.0338491150e+02
3.88000e+02 2.5686317335e+04 1.0323721889e+02
3.89000e+02 2.5747932552e+04 1.0311426468e+02
3.90000e+02 2.5809370764e+04 1.0300397176e+02
3.91000e+02 2.5866314724e+04 9.4411067865e+01
3.92000e+02 2.5914342383e+04 6.8438661312e+00
3.93000e+02 2.5965953847e+04 6.2020795935e+02
3.94000e+02 2.6017826094e+04 7.1085847879e+02
3.95000e+02 2.6066517876e+04 1.9801708678e+02
3.96000e+02 2.6124469524e+04 3.1839846581e+02
3.97000e+02 2.6186720788e+04 1.8669212950e+02
3.98000e+02 2.6245941506e+04 7.3484706363e+00
3.99000e+02 2.6304763432e+04 9.7706697861e+01
4.00000e+02 2.6366392207e+04 1.8669600070e+02
4.01000e+02 2.6428261310e+04 1.0297202889e+02
4.02000e+02 2.6487297919e+04 9.7424882106e+01
4.03000e+02 2.6542960517e+04 3.2505088269e+02
4.04000e+02 2.6598724197e+04 6.2732242591e+02
4.05000e+02 2.6657633624e+04 9.7414958281e+01
4.06000e+02 2.6719289388e+04 1.0289604616e+02
4.07000e+02 2.6781174087e+04 1.0280874587e+02
4.08000e+02 2.6840223664e+04 9.7330511307e+01
4.09000e+02 2.6895899551e+04 1.8805040536e+02
4.10000e+02 2.6961554435e+04 3.9978366792e+02
4.11000e+02 2.7031460496e+04 8.0213628808e+00
4.12000e+02 2.7097539638e+04 7.0295648307e+00
4.13000e+02 2.7163202300e+04 1.1100895200e+02
4.14000e+02 2.7232416378e+04 1.1827759181e+02
4.15000e+02 2.7297162777e+04 7.2526639088e+02
4.16000e+02 2.7361944289e+04 1.0847721960e+02
4.17000e+02 2.7426755002e+04 1.0843305654e+02
4.18000e+02 2.7491561204e+04 1.0834931298e+02
4.19000e+02 2.7561055085e+04 1.1774713399e+02
4.20000e+02 2.7630243501e+04 2.0963621186e+02
4.21000e+02 2.7694873998e+04 1.0806074710e+02
4.22000e+02 2.7759558199e+04 1.0783068590e+02
4.23000e+02 2.7824286591e+04 1.0782075088e+02
4.24000e+02 2.7879240790e+04 2.0740600543e+02
4.25000e+02 2.7934687787e+04 5.3545043934e+02
4.26000e+02 2.7990268359e+04 4.1814672620e+02
4.27000e+02 2.8049034602e+04 3.1791251626e+02
4.28000e+02 2.8110566060e+04 2.0800865828e+02
4.29000e+02 2.8172351341e+04 4.0951862461e+02
4.30000e+02 2.8231327902e+04 5.2131571701e+02
4.31000e+02 2.8286945131e+04 8.9418081221e+01
4.32000e+02 2.8352547451e+04 2.1004205178e+02
4.33000e+02 2.8422411170e+04 8.0784391469e+00
4.34000e+02 2.8488459164e+04 9.6400095421e+01
4.35000e+02 2.8551041501e+04 1.2754926855e+02
4.36000e+02 2.8624312075e+04 1.5738614758e+01
4.37000e+02 2.8697102483e+04 2.3361690157e+02
4.38000e+02 2.8769683691e+04 1.2321255486e+02
4.39000e+02 2.8846861798e+04 9.1802899964e+01
4.40000e+02 2.8919552415e+04 1.3406434222e+02
4.41000e+02 2.8991858126e+04 4.3975890707e+02
4.42000e+02 2.9064367520e+04 1.2246179297e+02
4.43000e+02 2.9133575796e+04 1.4543815655e+02
4.44000e+02 2.9214232772e+04 8.0757686391e+00
4.45000e+02 2.9299084492e+04 2.6394322157e+02
4.46000e+02 2.9383409248e+04 4.8766503675e+02
4.47000e+02 2.9467761719e+04 1.4592000148e+02
4.48000e+02 2.9546971450e+04 2.9350039949e+01
4.49000e+02 2.9622783497e+04 1.4671464940e+01
4.50000e+02 2.9710790472e+04 3.8461253405e+02
4.51000e+02 2.9798312751e+04 5.3011682764e+02
4.52000e+02 2.9873597445e+04 3.9640401713e+02
4.53000e+02 2.9949288711e+04 3.8410714041e+02
4.54000e+02 3.0037160593e+04 1.5218908160e+02
4.55000e+02 3.0129236991e+04 7.7239276741e+00
4.56000e+02 3.0215239271e+04 4.0517237518e+02
4.57000e+02 3.0297772350e+04 1.5887870564e+02
4.58000e+02 3.0393207907e+04 7.5636763339e+00
4.59000e+02 3.0488120673e+04 1.6698349232e+02
4.60000e+02 3.0570037044e+04 5.4907453650e+02
4.61000e+02 3.0652351630e+04 1.4058569609e+02
4.62000e+02 3.0734796384e+04 1.4097349432e+02
4.63000e+02 3.0820342580e+04 5.6966770840e+02
4.64000e+02 3.0911575794e+04 4.7182322330e+02
4.65000e+02 3.0998300484e+04 2.6589252220e+02
4.66000e+02 3.1073055605e+04 7.6896336933e+00
4.67000e+02 3.1148325521e+04 1.2610590746e+02
4.68000e+02 3.1223782513e+04 1.2668167187e+02
4.69000e+02 3.1299346590e+04 1.2684915162e+02
4.70000e+02 3.1374975154e+04 1.2689387506e+02
4.71000e+02 3.1453706247e+04 1.7686765496e+02
4.72000e+02 3.1537373048e+04 2.5806021706e+02
4.73000e+02 3.1616551914e+04 2.3809420320e+02
4.74000e+02 3.1695734617e+04 6.5404639277e+02
4.75000e+02 3.1779646296e+04 7.2098883761e+02
4.76000e+02 3.1858470829e+04 5.4468929535e+02
4.77000e+02 3.1933921935e+04 2.6032572997e+02
4.78000e+02 3.2021556516e+04 8.4518786800e+00
4.79000e+02 3.2113405536e+04 1.1059703104e+02
4.80000e+02 3.2199211535e+04 2.6704686968e+02
4.81000e+02 3.2284609509e+04 6.3390855256e+02
4.82000e+02 3.2375760090e+04 2.6118695260e+02
4.83000e+02 3.2462420141e+04 1.4959633293e+02
4.84000e+02 3.2537121341e+04 4.0523953717e+02
4.85000e+02 3.2615389190e+04 7.1301252983e+00
4.86000e+02 3.2698722484e+04 1.2578238510e+02
4.87000e+02 3.2777655029e+04 2.5499164355e+02
4.88000e+02 3.2845461648e+04 1.4017576151e+01
4.89000e+02 3.2913822327e+04 2.5006859191e+02
4.90000e+02 3.2993657333e+04 3.9638381257e+02
4.91000e+02 3.3073110961e+04 1.3378936211e+02
4.92000e+02 3.3152417247e+04 1.3312685302e+02
4.93000e+02 3.3236383941e+04 2.7604035265e+02
4.94000e+02 3.3315226028e+04 2.4285461156e+02
4.95000e+02 3.3390675687e+04 2.8735454268e+02
4.96000e+02 3.3478295685e+04 8.3137126352e+00
4.97000e+02 3.3570122135e+04 2.3332865810e+02
4.98000e+02 3.3655903047e+04 2.9400601322e+02
4.99000e+02 3.3738222193e+04 1.5174886114e+01
5.00000e+02 3.3833427112e+04 7.5849209201e+00
5.01000e+02 3.3932795002e+04 3.0125344623e+02
5.02000e+02 3.4025333404e+04 2.1917201360e+01
5.03000e+02 3.4114392946e+04 1.4317732036e+01
5.04000e+02 3.4217073553e+04 2.9529562531e+02
5.05000e+02 3.4323893985e+04 2.9347826999e+01
5.06000e+02 3.4423122593e+04 2.0993620118e+01
5.07000e+02 3.4518865481e+04 3.0168367547e+02
5.08000e+02 3.4614724683e+04 7.5680491111e+02
5.09000e+02 3.4713620922e+04 5.9982006401e+02
5.10000e+02 3.4819639648e+04 7.2821607399e+02
5.11000e+02 3.4925767315e+04 1.8571889899e+02
5.12000e+02 3.5024563089e+04 3.0094915772e+02
5.13000e+02 3.5119977302e+04 1.6457080293e+02
5.14000e+02 3.5215568906e+04 1.6413863353e+02
5.15000e+02 3.5311185977e+04 1.6417735353e+02
5.16000e+02 3.5421084108e+04 2.2206918286e+02
5.17000e+02 3.5530425284e+04 8.0263831126e+02
5.18000e+02 3.5625311688e+04 1.6330797600e+02
5.19000e+02 3.5720609783e+04 1.6282569164e+02
5.20000e+02 3.5830278534e+04 2.9893469685e+02
5.21000e+02 3.5944125193e+04 1.4292816280e+02
5.22000e+02 3.6049704080e+04 4.9786538725e+02
5.23000e+02 3.6154879010e+04 8.0429442187e+02
5.24000e+02 3.6268013049e+04 4.9181256974e+02
5.25000e+02 3.6376620069e+04 1.9087474691e+02
5.26000e+02 3.6485125699e+04 1.8952075045e+02
5.27000e+02 3.6598360263e+04 4.9675542761e+02
5.28000e+02 3.6703556176e+04 1.8249279570e+02
5.29000e+02 3.6808440863e+04 1.8202005959e+02
5.30000e+02 3.6921315572e+04 3.3962050042e+02
5.31000e+02 3.7029704365e+04 1.8911300292e+02
5.32000e+02 3.7123964430e+04 5.2675033576e+02
5.33000e+02 3.7221819219e+04 8.6847446664e+00
5.34000e+02 3.7320035909e+04 1.8353487538e+02
5.35000e+02 3.7418060650e+04 1.6780665117e+02
5.36000e+02 3.7523321584e+04 3.2114156289e+01
5.37000e+02 3.7624127542e+04 3.0084528494e+02
5.38000e+02 3.7711587038e+04 1.6951433615e+02
5.39000e+02 3.7799603007e+04 6.8828628180e+02
5.40000e+02 3.7887862033e+04 1.4736881127e+02
5.41000e+02 3.7976235714e+04 1.4757915373e+02
5.42000e+02 3.8064713350e+04 1.4765018456e+02
5.43000e+02 3.8156292609e+04 6.4454818175e+00
5.44000e+02 3.8254247943e+04 2.9323883869e+02
5.45000e+02 3.8347707693e+04 4.5672259165e+02
5.46000e+02 3.8428541809e+04 7.6435193154e+00
5.47000e+02 3.8512967226e+04 1.5023710007e+02
5.48000e+02 3.8597730477e+04 4.4818626296e+02
5.49000e+02 3.8679274351e+04 1.3303685172e+02
5.50000e+02 3.8761011052e+04 1.3380639898e+02
5.51000e+02 3.8845888564e+04 2.9079922913e+02
5.52000e+02 3.8936419697e+04 4.4884166863e+02
5.53000e+02 3.9027150457e+04 9.4894160899e+02
5.54000e+02 3.9117592577e+04 1.5136541419e+02
5.55000e+02 3.9203545957e+04 1.1853034666e+02
5.56000e+02 3.9289543557e+04 1.0746805959e+03
5.57000e+02 3.9380309703e+04 1.5124943450e+02
5.58000e+02 3.9465326540e+04 1.4040898549e+02
5.59000e+02 3.9550049882e+04 3.0910557223e+02
5.60000e+02 3.9640538757e+04 1.5114493994e+02
5.61000e+02 3.9731266176e+04 1.5095506716e+02
5.62000e+02 3.9816279678e+04 3.0879313275e+02
5.63000e+02 3.9901008005e+04 1.5099877925e+02
5.64000e+02 3.9986038147e+04 1.5086441953e+02
5.65000e+02 4.0070860000e+04 1.3930646087e+02
5.66000e+02 4.0155958260e+04 1.3923527297e+02
5.67000e+02 4.0237776168e+04 3.0901890632e+02
5.68000e+02 4.0332479119e+04 3.1060764740e+02
5.69000e+02 4.0431383721e+04 2.8648615626e+02
5.70000e+02 4.0523533736e+04 7.0517544378e+00
5.71000e+02 4.0615281458e+04 1.5306660953e+02
5.72000e+02 4.0713493650e+04 4.4472709885e+02
5.73000e+02 4.0811879502e+04 1.6545464974e+02
5.74000e+02 4.0903743492e+04 1.5262751758e+02
5.75000e+02 4.0992248418e+04 3.1698405790e+02
5.76000e+02 4.1080929146e+04 7.6592055662e+02
5.77000e+02 4.1172712414e+04 1.5896424301e+02
5.78000e+02 4.1270881170e+04 1.6524575930e+02
5.79000e+02 4.1369211486e+04 1.6502497752e+02
5.80000e+02 4.1467205158e+04 1.6468486824e+02
5.81000e+02 4.1560691495e+04 7.7268759294e+02
5.82000e+02 4.1641586371e+04 1.5101942776e+02
5.83000e+02 4.1726087144e+04 3.2231820091e+02
5.84000e+02 4.1810929884e+04 4.7377991258e+02
5.85000e+02 4.1895606145e+04 1.3742711718e+02
5.86000e+02 4.1986050926e+04 7.5488910769e+00
5.87000e+02 4.2076742435e+04 2.9413300535e+02
5.88000e+02 4.2161730729e+04 1.3743524345e+02
5.89000e+02 4.2246439506e+04 1.3733032389e+02
5.90000e+02 4.2331455675e+04 1.3722086911e+02
5.91000e+02 4.2416265470e+04 1.3718466592e+02
5.92000e+02 4.2506827822e+04 2.9395644396e+02
5.93000e+02 4.2597616249e+04 2.7447837380e+02
5.94000e+02 4.2682678490e+04 1.3709355331e+02
5.95000e+02 4.2767450350e+04 1.3691852547e+02
5.96000e+02 4.2857993208e+04 2.7418440187e+02
5.97000e+02 4.2944104404e+04 1.4349326703e+02
5.98000e+02 4.3018350754e+04 8.6365912760e+02
5.99000e+02 4.3096198803e+04 4.5180074539e+00
6.00000e+02 4.3174371319e+04 1.3440537041e+02
6.01000e+02 4.3249330925e+04 1.2799038741e+03
6.02000e+02 4.3324472633e+04 1.1680682671e+02
6.03000e+02 4.3402766518e+04 1.2327498272e+02
6.04000e+02 4.3481232787e+04 1.2344546143e+02
6.05000e+02 4.3556403617e+04 1.1690124262e+02
6.06000e+02 4.3631709944e+04 1.1694896037e+02
6.07000e+02 4.3710139752e+04 1.2345793870e+02
6.08000e+02 4.3793480432e+04 7.2021778945e+00
6.09000e+02 4.3877015190e+04 3.8729577140e+02
6.10000e+02 4.3955537107e+04 1.2339012910e+02
6.11000e+02 4.4030700748e+04 1.1682482336e+02
6.12000e+02 4.4118029597e+04 1.5639259592e+03
6.13000e+02 4.4209583359e+04 1.3128574360e+02
6.14000e+02 4.4300624384e+04 5.2576327757e+02
6.15000e+02 4.4387059242e+04 1.1320319707e+03
6.16000e+02 4.4461556253e+04 1.1589868305e+02
6.17000e+02 4.4536565250e+04 1.1562813984e+02
6.18000e+02 4.4611759581e+04 1.1620983081e+02
6.19000e+02 4.4690119709e+04 2.7182169554e+02
6.20000e+02 4.4768657410e+04 2.7156565817e+02
6.21000e+02 4.4846956727e+04 1.2260864456e+02
6.22000e+02 4.4925502655e+04 1.2249426200e+02
6.23000e+02 4.5000765434e+04 1.1634740296e+02
6.24000e+02 4.5076164334e+04 1.8032383762e+02
6.25000e+02 4.5154680024e+04 1.2258814148e+02
6.26000e+02 4.5233342109e+04 1.2258171053e+02
6.27000e+02 4.5311742421e+04 1.2234374964e+02
6.28000e+02 4.5395140076e+04 1.1218220464e+00
6.29000e+02 4.5474078098e+04 3.6913227493e+02
6.30000e+02 4.5553032225e+04 5.0030807011e+02
6.31000e+02 4.5636721232e+04 5.0826023347e+02
6.32000e+02 4.5715348174e+04 1.2218626320e+02
6.33000e+02 4.5793655793e+04 1.2197138460e+02
6.34000e+02 4.5876991107e+04 4.9892444020e+02
6.35000e+02 4.5955889054e+04 1.2313857578e+02
6.36000e+02 4.6034816602e+04 1.3019706107e+02
6.37000e+02 4.6113810967e+04 1.3016328125e+02
6.38000e+02 4.6192794849e+04 1.2288124928e+02
6.39000e+02 4.6271822019e+04 1.2279117402e+02
6.40000e+02 4.6339646065e+04 3.5896151792e+02
6.41000e+02 4.6411030043e+04 3.0581453324e+00
6.42000e+02 4.6482704120e+04 1.1795163591e+02
6.43000e+02 4.6551160666e+04 5.4934116349e+02
6.44000e+02 4.6619777929e+04 1.1916045504e+02
6.45000e+02 4.6691547623e+04 1.0823761418e+02
6.46000e+02 4.6767509937e+04 2.3812029857e+02
6.47000e+02 4.6843692802e+04 3.6242189996e+02
6.48000e+02 4.6915612600e+04 1.1555787064e+02
6.49000e+02 4.6984181329e+04 1.0175215233e+02
6.50000e+02 4.7064184375e+04 2.4025372615e+02
6.51000e+02 4.7143750833e+04 2.4055276026e+02
6.52000e+02 4.7211911823e+04 1.0119412699e+02
6.53000e+02 4.7283555555e+04 1.2990431796e+02
6.54000e+02 4.7359476005e+04 2.4027034358e+02
6.55000e+02 4.7430982941e+04 8.0595220355e+00
6.56000e+02 4.7492098479e+04 1.3895787342e+01
6.57000e+02 4.7556810136e+04 2.3309799880e+02
6.58000e+02 4.7621817706e+04 3.4854431258e+02
6.59000e+02 4.7686686037e+04 9.3734401758e+01
6.60000e+02 4.7755132293e+04 1.5525656994e+01
6.61000e+02 4.7819192656e+04 7.4465728300e+00
6.62000e+02 4.7873623637e+04 3.1982101168e+02
6.63000e+02 4.7931656773e+04 6.8351962175e+00
6.64000e+02 4.7992538925e+04 1.5003229600e+01
6.65000e+02 4.8049086125e+04 2.8858934804e+02
6.66000e+02 4.8096786763e+04 1.3558704864e+01
6.67000e+02 4.8148101388e+04 6.7185107693e+00
6.68000e+02 4.8201532263e+04 2.8084948246e+02
6.69000e+02 4.8250651081e+04 2.0973528794e+01
6.70000e+02 4.8299961135e+04 3.4491065090e+02
6.71000e+02 4.8349371305e+04 6.2299727166e+01
6.72000e+02 4.8390586178e+04 1.3197556886e+01
6.73000e+02 4.8435375022e+04 1.4996676697e+02
6.74000e+02 4.8481528952e+04 3.4007927285e+01
6.75000e+02 4.8528039452e+04 4.9440190234e+02
6.76000e+02 4.8573331223e+04 2.1020151493e+02
6.77000e+02 4.8615299758e+04 4.5633905083e+02
6.78000e+02 4.8665769456e+04 1.1946350118e+02
6.79000e+02 4.8720549804e+04 2.7794695040e+01
6.80000e+02 4.8773055567e+04 7.2139918996e+00
6.81000e+02 4.8822108848e+04 1.2642878265e+02
6.82000e+02 4.8880361455e+04 3.5549810098e+01
6.83000e+02 4.8938173579e+04 1.6326025269e+02
6.84000e+02 4.8995838119e+04 7.8675594061e+01
6.85000e+02 4.9058103639e+04 1.4691949965e+01
6.86000e+02 4.9117385250e+04 1.0523745952e+02
6.87000e+02 4.9173230134e+04 1.2090278245e+02
6.88000e+02 4.9239025653e+04 8.1309793848e+00
6.89000e+02 4.9304360421e+04 9.4242410089e+01
6.90000e+02 4.9359692318e+04 3.8317731567e+02
6.91000e+02 4.9418472971e+04 1.7982957474e+02
6.92000e+02 4.9480072128e+04 2.7269038598e+02
6.93000e+02 4.9537257664e+04 5.7874106637e+01
6.94000e+02 4.9585476928e+04 7.1126333948e+00
6.95000e+02 4.9634212731e+04 5.9931584280e+01
6.96000e+02 4.9692211380e+04 1.4416753080e+02
6.97000e+02 4.9749843529e+04 7.8446638313e+01
6.98000e+02 4.9798302596e+04 6.0111455015e+01
6.99000e+02 4.9847197659e+04 8.5264806258e+01
7.00000e+02 4.9905324242e+04 7.8496124858e+01
7.01000e+02 4.9967733624e+04 2.4582993318e+02
7.02000e+02 5.0027086144e+04 2.6590398355e+02
7.03000e+02 5.0082978794e+04 8.5415214598e+01
7.04000e+02 5.0148818981e+04 7.7136050489e+00
7.05000e+02 5.0218875586e+04 1.3273145248e+02
7.06000e+02 5.0285068102e+04 9.2169795081e+01
7.07000e+02 5.0347773910e+04 1.4519049667e+01
7.08000e+02 5.0421161582e+04 9.0811313055e+01
7.09000e+02 5.0494053454e+04 1.9210374481e+02
7.10000e+02 5.0556165721e+04 1.9866707210e+02
7.11000e+02 5.0618666135e+04 9.0515107928e+01
7.12000e+02 5.0691863239e+04 1.0845724504e+02
7.13000e+02 5.0769283638e+04 9.9441418865e+01
7.14000e+02 5.0846216203e+04 3.4342947373e+02
7.15000e+02 5.0923181772e+04 1.2546936051e+02
7.16000e+02 5.0995750092e+04 1.1130492667e+02
7.17000e+02 5.1064921324e+04 1.1501960625e+02
7.18000e+02 5.1134201128e+04 2.1249671579e+02
7.19000e+02 5.1206587549e+04 4.9724566195e+02
7.20000e+02 5.1283189529e+04 1.1570747120e+02
7.21000e+02 5.1359972811e+04 1.1540947639e+02
7.22000e+02 5.1432402647e+04 1.2170606991e+02
7.23000e+02 5.1501451457e+04 1.0038319048e+02
7.24000e+02 5.1581958285e+04 2.3864184611e+02
7.25000e+02 5.1666682661e+04 7.9410935656e+00
7.26000e+02 5.1746074101e+04 1.0030444405e+02
7.27000e+02 5.1821992345e+04 1.4476702578e+02
7.28000e+02 5.1897996007e+04 2.5162892470e+02
7.29000e+02 5.1974016932e+04 1.1358238471e+02
7.30000e+02 5.2050039242e+04 1.1348745053e+02
7.31000e+02 5.2126056835e+04 1.1337063093e+02
7.32000e+02 5.2202067959e+04 1.1324607352e+02
7.33000e+02 5.2278071201e+04 1.1311847644e+02
7.34000e+02 5.2366146340e+04 1.5501464100e+01
7.35000e+02 5.2453681659e+04 7.0138193309e+02
7.36000e+02 5.2528952163e+04 1.1226473883e+02
7.37000e+02 5.2607671597e+04 2.1339094935e+02
7.38000e+02 5.2686618193e+04 4.8390883536e+02
7.39000e+02 5.2765330541e+04 4.8341784057e+02
7.40000e+02 5.2844282388e+04 1.1842071255e+02
7.41000e+02 5.2919938348e+04 1.1180519287e+02
7.42000e+02 5.3007775978e+04 4.6117776639e+02
7.43000e+02 5.3099807031e+04 7.0050006805e+02
7.44000e+02 5.3191298183e+04 8.3791595922e+02
7.45000e+02 5.3278162434e+04 1.3554498905e+02
7.46000e+02 5.3353029912e+04 1.1801243523e+02
7.47000e+02 5.3431446529e+04 2.6189121238e+02
7.48000e+02 5.3514930727e+04 8.0069539772e+00
7.49000e+02 5.3594005419e+04 8.6041281426e+01
7.50000e+02 5.3661931424e+04 2.5468784809e+02
7.51000e+02 5.3733453029e+04 1.4893958271e+01
7.52000e+02 5.3805283528e+04 2.3962890874e+02
7.53000e+02 5.3873907997e+04 3.6529609137e+02
7.54000e+02 5.3942699151e+04 9.7444548907e+01
7.55000e+02 5.4014645865e+04 1.0392868347e+02
7.56000e+02 5.4090805966e+04 7.3240971645e+00
7.57000e+02 5.4162514800e+04 3.4441440634e+02
7.58000e+02 5.4234269408e+04 5.4935165430e+02
7.59000e+02 5.4310763694e+04 2.2385251256e+02
7.60000e+02 5.4382923924e+04 1.1178819613e+02
7.61000e+02 5.4451712907e+04 2.0070281709e+02
7.62000e+02 5.4531945487e+04 8.4779710658e+00
7.63000e+02 5.4616411162e+04 1.1964779779e+02
7.64000e+02 5.4695583190e+04 2.0751391206e+02
7.65000e+02 5.4771295537e+04 1.5392855814e+01
7.66000e+02 5.4859161930e+04 2.3740240593e+01
7.67000e+02 5.4946530119e+04 1.5103654662e+02
7.68000e+02 5.5021670870e+04 2.2222917378e+02
7.69000e+02 5.5100269174e+04 3.2563439640e+02
7.70000e+02 5.5183894840e+04 4.8540145863e+02
7.71000e+02 5.5263073727e+04 7.8440450806e+01
7.72000e+02 5.5342272960e+04 2.0447393423e+02
7.73000e+02 5.5426207370e+04 2.6188803537e+02
7.74000e+02 5.5505054099e+04 1.1684763954e+02
7.75000e+02 5.5580528279e+04 2.2774779438e+02
7.76000e+02 5.5656149356e+04 2.2800037334e+02
7.77000e+02 5.5731836044e+04 1.1034517340e+02
7.78000e+02 5.5807558147e+04 1.1033585404e+02
7.79000e+02 5.5886363554e+04 1.1693789501e+02
7.80000e+02 5.5970095078e+04 1.2695292105e+02
7.81000e+02 5.6054000357e+04 1.2679683835e+02
7.82000e+02 5.6137607291e+04 1.2654545238e+02
7.83000e+02 5.6216694005e+04 3.3790571791e+02
7.84000e+02 5.6295819492e+04 3.3749406545e+02
7.85000e+02 5.6375013265e+04 1.1690544666e+02
7.86000e+02 5.6442997120e+04 7.7382476099e+00
7.87000e+02 5.6511495598e+04 2.1983569565e+02
7.88000e+02 5.6591455973e+04 1.1762342914e+02
7.89000e+02 5.6675695333e+04 1.2675298807e+02
7.90000e+02 5.6754693699e+04 4.5572689634e+02
7.91000e+02 5.6833308737e+04 4.5508079999e+02
7.92000e+02 5.6916942524e+04 2.7922811132e+02
7.93000e+02 5.6996112985e+04 1.1748249378e+02
7.94000e+02 5.7075292792e+04 1.1658444351e+02
7.95000e+02 5.7154525318e+04 1.1652992399e+02
7.96000e+02 5.7222533552e+04 3.3551165509e+02
7.97000e+02 5.7294098069e+04 8.2541793052e+00
7.98000e+02 5.7369982946e+04 2.2602949628e+02
7.99000e+02 5.7441487128e+04 7.7283436622e+00
8.00000e+02 5.7502620590e+04 1.3711527347e+00
8.01000e+02 5.7564310151e+04 2.2716474825e+02
8.02000e+02 5.7626187886e+04 1.0356451480e+02
8.03000e+02 5.7691274431e+04 2.1932549547e+02
8.04000e+02 5.7756538797e+04 3.2948951165e+02
8.05000e+02 5.7818548968e+04 8.1824923360e+01
8.06000e+02 5.7891262498e+04 1.0222650154e+02
8.07000e+02 5.7963551531e+04 1.0290912600e+02
8.08000e+02 5.8025171189e+04 1.1602785082e+02
8.09000e+02 5.8090277292e+04 8.8071412780e+01
8.10000e+02 5.8158941315e+04 8.7864747460e+01
8.11000e+02 5.8227879633e+04 5.7750316226e+02
8.12000e+02 5.8296617368e+04 9.5560340107e+01
8.13000e+02 5.8360859126e+04 8.7244585715e+01
8.14000e+02 5.8415453997e+04 8.0958555795e+01
8.15000e+02 5.8473643205e+04 8.8272912276e+01
8.16000e+02 5.8534694538e+04 7.6864028342e+00
8.17000e+02 5.8591408799e+04 7.3350101831e+01
8.18000e+02 5.8639255632e+04 8.1436600016e+01
8.19000e+02 5.8690712781e+04 1.4410774763e+01
8.20000e+02 5.8742449154e+04 1.4824362298e+02
8.21000e+02 5.8791021444e+04 2.6470670332e+02
8.22000e+02 5.8848859299e+04 2.4836463444e+02
8.23000e+02 5.8911010092e+04 1.4130785466e+02
8.24000e+02 5.8970150597e+04 7.5531682044e+01
8.25000e+02 5.9025849546e+04 7.1266589638e+00
8.26000e+02 5.9091492735e+04 8.4024416359e+01
8.27000e+02 5.9161368787e+04 8.3181409207e+01
8.28000e+02 5.9227410738e+04 1.4020978943e+01
8.29000e+02 5.9289974880e+04 8.1397232562e+01
8.30000e+02 5.9363217194e+04 9.0697353511e+01
8.31000e+02 5.9440655014e+04 2.1568725065e+01
8.32000e+02 5.9513476239e+04 8.8095109846e+01
8.33000e+02 5.9582809195e+04 9.7375469178e+01
8.34000e+02 5.9663559105e+04 2.9054752001e+01
8.35000e+02 5.9743799466e+04 2.9904565604e+02
8.36000e+02 5.9823790791e+04 1.1712355869e+02
8.37000e+02 5.9908368290e+04 9.5146694035e+01
8.38000e+02 5.9987706538e+04 1.0379511687e+02
8.39000e+02 6.0063608456e+04 1.5260109437e+02
8.40000e+02 6.0151688826e+04 8.0890459183e+00
8.41000e+02 6.0239266764e+04 1.3242496796e+02
8.42000e+02 6.0314591780e+04 4.1937132440e+02
8.43000e+02 6.0390314444e+04 1.0760187222e+02
8.44000e+02 6.0478214931e+04 1.3211265894e+02
8.45000e+02 6.0570314744e+04 1.1121363650e+02
8.46000e+02 6.0661878467e+04 5.2649900756e+02
8.47000e+02 6.0748817134e+04 1.3134127581e+02
8.48000e+02 6.0823751383e+04 1.0710350444e+02
8.49000e+02 6.0902234818e+04 5.5299879302e+02
8.50000e+02 6.0985791997e+04 1.2320339219e+02
8.51000e+02 6.1064936658e+04 6.6922015913e+01
8.52000e+02 6.1132923941e+04 3.1715052762e+01
8.53000e+02 6.1201454613e+04 1.3148774573e+02
8.54000e+02 6.1281469281e+04 1.9017920950e+02
8.55000e+02 6.1365772880e+04 2.9951075004e+02
8.56000e+02 6.1444834590e+04 3.9102248362e+02
8.57000e+02 6.1520464089e+04 9.0688496002e+01
8.58000e+02 6.1608261244e+04 6.4907982139e+01
8.59000e+02 6.1695577015e+04 1.8828719240e+02
8.60000e+02 6.1770682335e+04 1.9041008282e+02
8.61000e+02 6.1849258332e+04 2.0649724855e+02
8.62000e+02 6.1932868854e+04 2.5500734144e+02
8.63000e+02 6.2012039737e+04 3.3642040264e+01
8.64000e+02 6.2091236751e+04 1.5598166799e+02
8.65000e+02 6.2175173465e+04 2.5438544869e+02
8.66000e+02 6.2254025393e+04 1.1338672985e+02
8.67000e+02 6.2332559470e+04 1.7138591713e+02
8.68000e+02 6.2416145521e+04 1.2313318189e+02
8.69000e+02 6.2495290757e+04 1.1401311082e+02
8.70000e+02 6.2574462441e+04 1.1387376738e+02
8.71000e+02 6.2653698492e+04 1.1385070874e+02
8.72000e+02 6.2721717563e+04 1.8712698659e+02
8.73000e+02 6.2790250434e+04 3.2733202721e+02
8.74000e+02 6.2858958328e+04 1.3348028237e+02
8.75000e+02 6.2930842627e+04 1.1636027064e+02
8.76000e+02 6.3006951032e+04 1.3060905546e+02
8.77000e+02 6.3078619726e+04 8.4920653662e+01
8.78000e+02 6.3150342370e+04 1.9112355070e+02
8.79000e+02 6.3222134213e+04 9.8567565463e+01
8.80000e+02 6.3283461507e+04 7.3805996487e+00
8.81000e+02 6.3345303882e+04 1.8424193112e+02
8.82000e+02 6.3407310777e+04 1.8473728991e+02
8.83000e+02 6.3472513360e+04 1.2379673078e+02
8.84000e+02 6.3537885625e+04 4.7458401622e+02
8.85000e+02 6.3599993742e+04 7.9000659455e+01
8.86000e+02 6.3672808404e+04 9.9561015523e+01
8.87000e+02 6.3749871963e+04 4.0908178391e+02
8.88000e+02 6.3826473197e+04 2.7107882879e+02
8.89000e+02 6.3903129720e+04 1.0793427053e+02
8.90000e+02 6.3975438969e+04 8.5858643328e+01
8.91000e+02 6.4047419837e+04 2.7758603433e+02
8.92000e+02 6.4123710292e+04 1.0751555759e+02
8.93000e+02 6.4195565942e+04 9.9525261340e+01
8.94000e+02 6.4256978859e+04 1.9978216661e+02
8.95000e+02 6.4321970985e+04 1.0041929998e+02
8.96000e+02 6.4390567173e+04 7.6942662635e+00
8.97000e+02 6.4454794739e+04 1.7122776295e+02
8.98000e+02 6.4509386451e+04 9.3497675330e+01
8.99000e+02 6.4567584074e+04 1.4481074023e+01
9.00000e+02 6.4626069620e+04 1.9348306997e+02
9.01000e+02 6.4681376507e+04 2.8618533096e+02
9.02000e+02 6.4746684933e+04 2.6297603651e+02
9.03000e+02 6.4811606772e+04 9.4098450775e+01
9.04000e+02 6.4876407411e+04 9.3496564543e+01
9.05000e+02 6.4941173656e+04 8.3700510319e+01
9.06000e+02 6.4996125946e+04 6.4486357866e+01
9.07000e+02 6.5054603363e+04 7.1279387650e+01
9.08000e+02 6.5113318332e+04 7.8821795410e+01
9.09000e+02 6.5171870907e+04 7.8818131403e+01
9.10000e+02 6.5233275855e+04 2.4580458664e+02
9.11000e+02 6.5290294568e+04 7.7475319132e+00
9.12000e+02 6.5338383050e+04 6.4491240966e+01
9.13000e+02 6.5390056429e+04 8.8937018463e+01
9.14000e+02 6.5443855711e+04 1.5345450594e+01
9.15000e+02 6.5497995954e+04 3.0743386764e+02
9.16000e+02 6.5552015252e+04 6.2090406573e+01
9.17000e+02 6.5601555559e+04 3.7514111582e+01
9.18000e+02 6.5651251411e+04 1.2264262910e+02
9.19000e+02 6.5705700197e+04 6.2336857874e+01
9.20000e+02 6.5758041511e+04 1.5382947586e+02
9.21000e+02 6.5807010947e+04 2.0003863977e+02
9.22000e+02 6.5865223208e+04 7.0790929931e+01
9.23000e+02 6.5927707937e+04 1.9197164781e+01
9.24000e+02 6.5987122011e+04 4.6708230374e+01
9.25000e+02 6.6046124222e+04 1.1184978669e+02
9.26000e+02 6.6105292963e+04 7.1857133465e+01
9.27000e+02 6.6164232364e+04 7.1722466575e+01
9.28000e+02 6.6223365513e+04 7.1615151336e+01
9.29000e+02 6.6282283675e+04 7.1522297438e+01
9.30000e+02 6.6341403954e+04 7.1437905197e+01
9.31000e+02 6.6400313494e+04 7.1357844673e+01
9.32000e+02 6.6462071796e+04 8.9191492926e+01
9.33000e+02 6.6519408400e+04 1.5604390440e+02
9.34000e+02 6.6567759294e+04 4.1523643650e+02
9.35000e+02 6.6616625493e+04 3.3719049400e+02
9.36000e+02 6.6665621403e+04 5.1007847843e+01
9.37000e+02 6.6717816784e+04 6.7141596904e+00
9.38000e+02 6.6770147843e+04 1.1486009813e+02
9.39000e+02 6.6819231113e+04 5.1173911144e+01
9.40000e+02 6.6877573822e+04 6.9349995242e+01
9.41000e+02 6.6940185287e+04 3.7622877574e+02
9.42000e+02 6.7002375728e+04 3.7628468600e+02
9.43000e+02 6.7064613097e+04 7.7373346168e+01
9.44000e+02 6.7126593088e+04 7.7085522167e+01
9.45000e+02 6.7184025180e+04 3.1762592041e+02
9.46000e+02 6.7232456905e+04 5.0558551480e+01
9.47000e+02 6.7284445063e+04 2.6929389321e+02
9.48000e+02 6.7336672199e+04 2.1185040083e+02
9.49000e+02 6.7385702490e+04 5.0455013713e+01
9.50000e+02 6.7444014764e+04 4.0307650530e+02
9.51000e+02 6.7501933377e+04 1.5491016274e+02
9.52000e+02 6.7550631768e+04 1.6109825128e+02
9.53000e+02 6.7602804914e+04 5.7067660773e+01
9.54000e+02 6.7657082833e+04 6.1254534776e+01
9.55000e+02 6.7711648756e+04 1.3053027029e+02
9.56000e+02 6.7764144935e+04 5.7279636046e+01
9.57000e+02 6.7813285797e+04 1.6104772383e+02
9.58000e+02 6.7871693806e+04 1.3049547531e+02
9.59000e+02 6.7934374328e+04 6.1026347255e+01
9.60000e+02 6.7996635675e+04 1.3039188277e+02
9.61000e+02 6.8054269508e+04 1.3008020040e+02
9.62000e+02 6.8102844454e+04 5.6887147951e+01
9.63000e+02 6.8151902246e+04 7.3260406194e+01
9.64000e+02 6.8210233356e+04 6.8430087184e+01
9.65000e+02 6.8272857879e+04 7.7293744272e+01
9.66000e+02 6.8332408499e+04 7.3690642233e+01
9.67000e+02 6.8388502263e+04 7.5397628250e+01
9.68000e+02 6.8444651376e+04 1.4953260073e+02
9.69000e+02 6.8500859611e+04 6.4622667007e+01
9.70000e+02 6.8566969046e+04 7.7453110072e+01
9.71000e+02 6.8637272358e+04 7.6787892556e+00
9.72000e+02 6.8703677175e+04 1.4673447130e+02
9.73000e+02 6.8766588310e+04 1.9570361671e+01
9.74000e+02 6.8840200381e+04 1.5173746452e+01
9.75000e+02 6.8917994413e+04 1.5034566543e+02
9.76000e+02 6.8995268071e+04 2.5009519200e+02
9.77000e+02 6.9067882641e+04 1.7587662326e+02
9.78000e+02 6.9129911328e+04 8.9988409644e+01
9.79000e+02 6.9195464577e+04 3.9779729788e+02
9.80000e+02 6.9264637175e+04 8.1010602461e+00
9.81000e+02 6.9329404613e+04 5.4025255498e+01
9.82000e+02 6.9394249168e+04 1.4355856481e+02
9.83000e+02 6.9463830054e+04 9.0684045835e+01
9.84000e+02 6.9529766380e+04 1.9041453315e+02
9.85000e+02 6.9592318676e+04 1.5821474055e+02
9.86000e+02 6.9665610546e+04 9.6909916054e+01
9.87000e+02 6.9743138107e+04 9.9273601109e+01
9.88000e+02 6.9820187751e+04 1.9764473613e+02
9.89000e+02 6.9892609865e+04 1.8601030016e+02
9.90000e+02 6.9954487844e+04 1.7118152340e+02
9.91000e+02 7.0019911087e+04 1.8922412724e+02
9.92000e+02 7.0088957517e+04 8.0032147928e+00
9.93000e+02 7.0153613511e+04 7.7661190803e+00
9.94000e+02 7.0208573205e+04 1.8211661778e+02
9.95000e+02 7.0264071056e+04 2.6434777915e+02
9.96000e+02 7.0329597953e+04 9.1409354375e+01
9.97000e+02 7.0399436683e+04 9.0436121721e+01
9.98000e+02 7.0465495673e+04 2.5093038924e+02
9.99000e+02 7.0531167473e+04 1.4480785171e+02
1.00000e+03 7.0597038643e+04 8.2702401852e+01
1.00100e+03 7.0659629805e+04 7.0933110437e+00
1.00200e+03 7.0732953655e+04 9.8142637779e+01
1.00300e+03 7.0810501714e+04 2.4288353588e+02
1.00400e+03 7.0883440296e+04 7.0674122800e+00
1.00500e+03 7.0955954254e+04 9.6522201225e+01
1.00600e+03 7.1032771629e+04 3.4075728268e+02
1.00700e+03 7.1105110142e+04 1.9704495931e+02
1.00800e+03 7.1166928789e+04 2.4794767615e+02
1.00900e+03 7.1232301801e+04 9.1041029867e+01
1.01000e+03 7.1297938014e+04 1.8007329838e+02
1.01100e+03 7.1363406359e+04 8.1806583481e+01
1.01200e+03 7.1432491320e+04 7.7324138621e+00
1.01300e+03 7.1497167336e+04 2.2526400852e+02
1.01400e+03 7.1561922967e+04 3.1340176406e+02
1.01500e+03 7.1626739303e+04 8.0302176158e+01
1.01600e+03 7.1681784348e+04 1.6590116426e+02
1.01700e+03 7.1740383543e+04 6.8691504521e+00
1.01800e+03 7.1801862034e+04 1.5194473412e+02
1.01900e+03 7.1863657236e+04 2.3355757017e+02
1.02000e+03 7.1925296704e+04 7.3933785742e+01
1.02100e+03 7.1982454328e+04 7.7914695260e+01
1.02200e+03 7.2039738119e+04 1.5058681475e+02
1.02300e+03 7.2101775047e+04 7.4101577043e+01
1.02400e+03 7.2163575535e+04 7.4188495967e+01
1.02500e+03 7.2220853011e+04 6.4982672980e+01
1.02600e+03 7.2269167066e+04 1.3593271291e+01
1.02700e+03 7.2318009547e+04 4.6454913066e+02
1.02800e+03 7.2376139387e+04 7.0809552260e+01
1.02900e+03 7.2438592131e+04 7.4530124290e+01
1.03000e+03 7.2498009649e+04 1.9468621389e+02
1.03100e+03 7.2553988797e+04 7.7875410600e+01
1.03200e+03 7.2619943557e+04 8.2280514171e+01
1.03300e+03 7.2690129680e+04 7.7333781804e+00
1.03400e+03 7.2756449423e+04 8.4699760816e+01
1.03500e+03 7.2819291322e+04 8.9060984411e+01
1.03600e+03 7.2892839184e+04 1.5318746761e+01
1.03700e+03 7.2965898859e+04 1.8402260337e+02
1.03800e+03 7.3028167878e+04 3.0676683580e+02
1.03900e+03 7.3093881297e+04 2.8622081235e+02
1.04000e+03 7.3163178746e+04 1.8628972776e+02
1.04100e+03 7.3228042416e+04 5.1581161471e+01
1.04200e+03 7.3283162309e+04 7.1491259039e+00
1.04300e+03 7.3341851188e+04 1.1030332653e+02
1.04400e+03 7.3400799956e+04 1.8491669066e+02
1.04500e+03 7.3459597513e+04 6.7512586221e+01
1.04600e+03 7.3518642385e+04 6.7541177204e+01
1.04700e+03 7.3577511703e+04 6.7545396344e+01
1.04800e+03 7.3639255458e+04 4.3975887186e+01
1.04900e+03 7.3696602769e+04 1.4658337009e+01
1.05000e+03 7.3754053028e+04 1.1739982765e+02
1.05100e+03 7.3816239927e+04 3.1298175823e+02
1.05200e+03 7.3875526785e+04 6.7719838092e+01
1.05300e+03 7.3931432273e+04 1.2564944419e+02
1.05400e+03 7.3997339422e+04 1.8762823549e+02
1.05500e+03 7.4067498635e+04 7.5624432188e+01
1.05600e+03 7.4137207023e+04 2.4804110777e+02
1.05700e+03 7.4202286318e+04 2.5981983138e+02
1.05800e+03 7.4257559429e+04 2.3839188450e+02
1.05900e+03 7.4316372528e+04 1.5679121596e+02
1.06000e+03 7.4378069934e+04 3.1711253031e+00
1.06100e+03 7.4435393392e+04 7.7558370692e+00
1.06200e+03 7.4492833981e+04 6.7082247503e+01
1.06300e+03 7.4550343542e+04 6.7201267989e+01
1.06400e+03 7.4598817799e+04 1.4983557077e+02
1.06500e+03 7.4650842653e+04 9.9561997564e+00
1.06600e+03 7.4703108659e+04 1.3966732953e+02
1.06700e+03 7.4752182653e+04 3.1636049526e+02
1.06800e+03 7.4810550063e+04 6.5152663646e+01
1.06900e+03 7.4873209121e+04 1.3202750761e+02
1.07000e+03 7.4935464782e+04 1.2761387864e+02
1.07100e+03 7.4993108179e+04 6.8870052073e+01
1.07200e+03 7.5041701000e+04 4.6813401920e+01
1.07300e+03 7.5093835999e+04 1.2759641055e+02
1.07400e+03 7.5148116315e+04 6.8438009535e+00
1.07500e+03 7.5198037374e+04 3.9044250965e+01
1.07600e+03 7.5239756761e+04 6.3954299335e+01
1.07700e+03 7.5282014650e+04 1.0384082857e+02
1.07800e+03 7.5324405730e+04 3.3580947153e+01
1.07900e+03 7.5370023212e+04 1.3354474518e+01
1.08000e+03 7.5416971589e+04 3.1673268746e+01
1.08100e+03 7.5459536285e+04 9.0081347501e+01
1.08200e+03 7.5502259942e+04 1.8215390272e+02
1.08300e+03 7.5549713678e+04 8.3585280926e+01
1.08400e+03 7.5595747420e+04 1.5414580360e+02
1.08500e+03 7.5638395774e+04 6.8056574838e+01
1.08600e+03 7.5681115038e+04 6.8316702811e+01
1.08700e+03 7.5723946958e+04 3.4313208521e+01
1.08800e+03 7.5775233041e+04 8.5624263178e+00
1.08900e+03 7.5826083835e+04 7.6534484635e+01
1.09000e+03 7.5868402395e+04 3.3878190683e+01
1.09100e+03 7.5914174138e+04 8.6996911963e+01
1.09200e+03 7.5960112518e+04 1.0217205211e+02
1.09300e+03 7.6002822070e+04 3.3721944388e+01
1.09400e+03 7.6045615938e+04 3.4163530962e+01
1.09500e+03 7.6091579697e+04 1.0226189486e+02
1.09600e+03 7.6138861035e+04 1.6678217720e+02
1.09700e+03 7.6186393315e+04 1.6669393838e+02
1.09800e+03 7.6232540224e+04 4.0760289148e+01
1.09900e+03 7.6275311290e+04 3.4190881755e+01
1.10000e+03 7.6326626212e+04 1.1992976106e+02
1.10100e+03 7.6382213284e+04 3.9429861101e+01
1.10200e+03 7.6435416901e+04 3.4349861102e+01
1.10300e+03 7.6488195985e+04 8.1850365550e+01
1.10400e+03 7.6543081968e+04 9.0438048261e+01
1.10500e+03 7.6593521897e+04 9.3823187355e+01
1.10600e+03 7.6635651008e+04 8.7967295124e+01
1.10700e+03 7.6681324670e+04 1.7551607532e+01
1.10800e+03 7.6728422842e+04 3.1081499750e+00
1.10900e+03 7.6775842694e+04 5.3910363577e+01
1.11000e+03 7.6821923566e+04 6.4886672091e+01
1.11100e+03 7.6864652278e+04 8.7836973483e+01
1.11200e+03 7.6907468736e+04 3.3961122654e+01
1.11300e+03 7.6953461407e+04 4.0483764554e+01
1.11400e+03 7.7000781760e+04 4.3182673557e+01
1.11500e+03 7.7043686811e+04 8.8011238652e+01
1.11600e+03 7.7079061349e+04 1.7261641085e+01
1.11700e+03 7.7117996888e+04 9.7735382934e-01
1.11800e+03 7.7157623707e+04 3.7269199558e+01
1.11900e+03 7.7197598697e+04 7.2926559284e+01
1.12000e+03 7.7237485093e+04 2.8150475713e+01
1.12100e+03 7.7272871035e+04 9.7252704167e+00
1.12200e+03 7.7308433877e+04 1.5034843750e+02
1.12300e+03 7.7344048955e+04 3.7636729263e+01
1.12400e+03 7.7379764467e+04 1.9576408936e+01
1.12500e+03 7.7420164401e+04 2.8547269225e+01
1.12600e+03 7.7459829197e+04 3.3050828508e+01
1.12700e+03 7.7496084734e+04 1.0166279148e+02
1.12800e+03 7.7540138050e+04 1.7432786723e+01
1.12900e+03 7.7588458118e+04 7.9201336787e+00
1.13000e+03 7.7635119206e+04 8.4830236140e+01
1.13100e+03 7.7681348534e+04 1.1897719432e+02
1.13200e+03 7.7728955810e+04 4.4151815449e+01
1.13300e+03 7.7776796397e+04 4.5849669386e+01
1.13400e+03 7.7823201084e+04 4.0767872396e+01
1.13500e+03 7.7866212350e+04 2.4171082650e+01
1.13600e+03 7.7917775544e+04 6.1225911564e+01
1.13700e+03 7.7973595185e+04 4.8706158889e+01
1.13800e+03 7.8026996116e+04 6.9962434128e+00
1.13900e+03 7.8076909732e+04 6.8067036581e+01
1.14000e+03 7.8136081878e+04 5.6266404216e+01
1.14100e+03 7.8199459141e+04 1.4546868463e+01
1.14200e+03 7.8262362738e+04 1.2428991509e+02
1.14300e+03 7.8320601149e+04 1.7697034262e+02
1.14400e+03 7.8369690049e+04 1.8271781129e+02
1.14500e+03 7.8422285725e+04 1.2831048592e+02
1.14600e+03 7.8475084255e+04 1.2757977491e+02
1.14700e+03 7.8527707652e+04 5.3252130571e+01
1.14800e+03 7.8582498449e+04 4.2679782240e+01
1.14900e+03 7.8637563347e+04 1.1913983128e+02
1.15000e+03 7.8690495594e+04 5.3332595063e+01
1.15100e+03 7.8743108779e+04 5.3269049590e+01
1.15200e+03 7.8795924845e+04 5.3099600145e+01
1.15300e+03 7.8845498972e+04 5.5870648294e+01
1.15400e+03 7.8904377425e+04 1.3325932055e+02
1.15500e+03 7.8967512096e+04 1.1439553557e+02
1.15600e+03 7.9027496235e+04 7.1680718752e+00
1.15700e+03 7.9083999441e+04 1.4005514092e+02
1.15800e+03 7.9140542001e+04 2.0318352238e+02
1.15900e+03 7.9197127682e+04 6.0717242774e+01
1.16000e+03 7.9253681922e+04 6.0668205710e+01
1.16100e+03 7.9313318711e+04 6.7231008114e+01
1.16200e+03 7.9375736151e+04 1.9013589232e+02
1.16300e+03 7.9433674408e+04 2.5406821305e+02
1.16400e+03 7.9482534003e+04 7.6946445376e+00
1.16500e+03 7.9531885088e+04 4.5685990891e+01
1.16600e+03 7.9590546572e+04 1.8536906650e+02
1.16700e+03 7.9653502119e+04 7.2853563318e+01
1.16800e+03 7.9713350285e+04 1.1841549504e+02
1.16900e+03 7.9772792047e+04 1.1810205372e+02
1.17000e+03 7.9835099254e+04 7.2670476014e+01
1.17100e+03 7.9897635449e+04 7.2178453630e+01
1.17200e+03 7.9957263537e+04 6.6376183657e+01
1.17300e+03 8.0013508239e+04 7.8521958735e+01
1.17400e+03 8.0079783839e+04 8.1196205483e+01
1.17500e+03 8.0150300096e+04 5.4117359965e+01
1.17600e+03 8.0220352417e+04 1.3391463230e+02
1.17700e+03 8.0290438655e+04 8.7213399719e+01
1.17800e+03 8.0356819712e+04 1.8600144314e+01
1.17900e+03 8.0419799325e+04 8.7849920622e+01
1.18000e+03 8.0493542910e+04 1.4865741337e+02
1.18100e+03 8.0571502118e+04 7.8729702555e+00
1.18200e+03 8.0648963848e+04 1.0240069324e+02
1.18300e+03 8.0721782982e+04 3.0844603358e+02
1.18400e+03 8.0784006000e+04 2.2520923498e+02
1.18500e+03 8.0849758152e+04 2.6256190928e+02
1.18600e+03 8.0915757318e+04 2.5007028147e+02
1.18700e+03 8.0978516973e+04 1.4828879748e+02
1.18800e+03 8.1041402008e+04 1.6335211893e+02
1.18900e+03 8.1104372251e+04 8.7131273922e+01
1.19000e+03 8.1178019994e+04 9.3270228128e+01
1.19100e+03 8.1251184121e+04 9.3521950982e+01
1.19200e+03 8.1313556760e+04 7.1982153296e+01
1.19300e+03 8.1376335178e+04 7.1718346796e+01
1.19400e+03 8.1449859970e+04 9.3305477261e+01
1.19500e+03 8.1527621301e+04 1.8056045964e+02
1.19600e+03 8.1604905120e+04 1.8020198765e+02
1.19700e+03 8.1677562399e+04 9.2705323546e+01
1.19800e+03 8.1739652027e+04 7.1363617487e+01
1.19900e+03 8.1805283586e+04 1.7990119257e+02
1.20000e+03 8.1871172904e+04 1.7961144370e+02
1.20100e+03 8.1936886570e+04 7.7952195833e+01
1.20200e+03 8.2002848606e+04 7.7946961606e+01
1.20300e+03 8.2065558839e+04 7.1224068237e+01
1.20400e+03 8.2128387346e+04 1.1419323564e+02
1.20500e+03 8.2194356441e+04 7.8124445330e+01
1.20600e+03 8.2263852708e+04 8.3374567596e+01
1.20700e+03 8.2328885774e+04 1.5018881123e+02
1.20800e+03 8.2393967193e+04 2.3420786779e+02
1.20900e+03 8.2459090199e+04 7.6250576939e+01
1.21000e+03 8.2514398957e+04 7.0526572138e+01
1.21100e+03 8.2570202586e+04 1.8333307484e+02
1.21200e+03 8.2636040292e+04 7.6930613906e+01
1.21300e+03 8.2706171553e+04 2.4967077666e+02
1.21400e+03 8.2772482131e+04 1.4119677012e+02
1.21500e+03 8.2835344456e+04 8.3912379332e+01
1.21600e+03 8.2898285045e+04 1.5426220582e+02
1.21700e+03 8.2964338446e+04 1.4113987834e+02
1.21800e+03 8.3030502020e+04 8.3681463824e+01
1.21900e+03 8.3093352911e+04 7.1538235192e+01
1.22000e+03 8.3156290248e+04 7.1463445040e+01
1.22100e+03 8.3222342914e+04 8.3597047547e+01
1.22200e+03 8.3291915349e+04 2.2628911799e+02
1.22300e+03 8.3357012129e+04 2.1976910807e+02
1.22400e+03 8.3412322486e+04 1.2118633390e+00
1.22500e+03 8.3468140675e+04 6.3148628272e+01
1.22600e+03 8.3534000265e+04 2.1957122268e+02
1.22700e+03 8.3604155154e+04 2.2467698363e+02
1.22800e+03 8.3673891972e+04 2.1971372210e+02
1.22900e+03 8.3739022637e+04 7.6443884627e+01
1.23000e+03 8.3794356615e+04 5.6693984190e+01
1.23100e+03 8.3853241290e+04 1.4128757913e+02
1.23200e+03 8.3915028455e+04 6.8417787427e+01
1.23300e+03 8.3972447339e+04 7.7117810546e+00
1.23400e+03 8.4029990701e+04 6.0347144100e+01
1.23500e+03 8.4087608738e+04 6.0485950297e+01
1.23600e+03 8.4136185348e+04 7.7718560310e+01
1.23700e+03 8.4188319415e+04 6.1598762130e+01
1.23800e+03 8.4242613674e+04 4.5228489152e+01
1.23900e+03 8.4292562654e+04 7.6690575808e+00
1.24000e+03 8.4342671764e+04 4.5329823313e+01
1.24100e+03 8.4392861598e+04 4.5525348447e+01
1.24200e+03 8.4434763035e+04 5.4861990696e+01
1.24300e+03 8.4480223455e+04 3.8509613838e+01
1.24400e+03 8.4527109082e+04 3.0409802339e+01
1.24500e+03 8.4569661984e+04 1.7436143258e+00
1.24600e+03 8.4604771989e+04 3.1679672191e+01
1.24700e+03 8.4643484814e+04 2.3631797237e+01
1.24800e+03 8.4682900777e+04 9.2115345458e+00
1.24900e+03 8.4718015771e+04 2.4210084583e+01
1.25000e+03 8.4746451675e+04 1.6934064734e+01
1.25100e+03 8.4775443749e+04 2.1082426891e+02
1.25200e+03 8.4811538053e+04 5.3909021335e+01
1.25300e+03 8.4852008115e+04 2.5348044267e+02
1.25400e+03 8.4892188693e+04 2.5775182124e+01
1.25500e+03 8.4927774436e+04 1.7387879310e+01
1.25600e+03 8.4956546053e+04 2.8567963045e+00
1.25700e+03 8.4988869857e+04 1.0158061905e+01
1.25800e+03 8.5021391173e+04 3.1915018445e+02
1.25900e+03 8.5050745525e+04 3.2162168521e+00
1.26000e+03 8.5087210311e+04 1.7740973246e+01
1.26100e+03 8.5128003779e+04 3.5989170321e+01
1.26200e+03 8.5168467390e+04 3.6236214048e+01
1.26300e+03 8.5204305552e+04 1.7372322174e+01
1.26400e+03 8.5240241586e+04 1.8878630131e+01
1.26500e+03 8.5280855025e+04 2.6103591762e+01
1.26600e+03 8.5320702347e+04 7.3260052300e+00
1.26700e+03 8.5357127853e+04 4.0196869553e+01
1.26800e+03 8.5393583135e+04 5.1053337684e+01
1.26900e+03 8.5433192775e+04 4.3485815123e+01
1.27000e+03 8.5473401460e+04 2.5822561970e+01
1.27100e+03 8.5509189561e+04 3.6686259753e+01
1.27200e+03 8.5538156347e+04 2.1098185344e-01
1.27300e+03 8.5570678303e+04 1.8709054106e+01
1.27400e+03 8.5603165635e+04 7.9829969850e-01
1.27500e+03 8.5631326459e+04 7.4165046917e+00
1.27600e+03 8.5659707998e+04 1.9633557121e+01
1.27700e+03 8.5692822354e+04 1.9095157506e+01
1.27800e+03 8.5725761373e+04 1.1008096631e+01
1.27900e+03 8.5758813091e+04 1.0934450508e+01
1.28000e+03 8.5791928198e+04 5.5400459355e+01
1.28100e+03 8.5821659698e+04 1.2919918500e+01
1.28200e+03 8.5858479156e+04 3.7326933122e+01
1.28300e+03 8.5899591339e+04 8.0604647926e+00
1.28400e+03 8.5939780184e+04 7.0737382981e+00
1.28500e+03 8.5976486447e+04 4.4264368009e+01
1.28600e+03 8.6020987538e+04 1.5734037550e+01
1.28700e+03 8.6069718058e+04 1.3473790733e+01
1.28800e+03 8.6116722234e+04 3.7552610664e+01
1.28900e+03 8.6163272484e+04 6.9193394948e+01
1.29000e+03 8.6211215852e+04 4.7440586365e+01
1.29100e+03 8.6254705832e+04 6.9863648213e+01
1.29200e+03 8.6290572977e+04 9.4714904951e+01
1.29300e+03 8.6329971526e+04 3.1290653096e+00
1.29400e+03 8.6370082914e+04 1.1560069563e+01
1.29500e+03 8.6405838929e+04 3.2351732245e+01
1.29600e+03 8.6441774330e+04 5.6606056260e+01
1.29700e+03 8.6482432506e+04 4.5013858075e+01
1.29800e+03 8.6522344248e+04 2.8168551407e+01
1.29900e+03 8.6558849454e+04 7.2066697705e+01
1.30000e+03 8.6603180425e+04 8.3955708599e+00
1.30100e+03 8.6651782647e+04 2.0513284116e+01
1.30200e+03 8.6698696241e+04 4.3735497517e+01
1.30300e+03 8.6745174842e+04 7.4889561756e+01
1.30400e+03 8.6793055345e+04 5.3838680654e+01
1.30500e+03 8.6836491855e+04 3.2531423176e+01
1.30600e+03 8.6880027107e+04 3.1703172508e+01
1.30700e+03 8.6928245230e+04 4.3307663104e+01
1.30800e+03 8.6974929901e+04 3.7852103437e+01
1.30900e+03 8.7018195878e+04 4.6819414733e+01
1.31000e+03 8.7070025562e+04 3.2810080573e+01
1.31100e+03 8.7126101448e+04 4.5672014899e+01
1.31200e+03 8.7181749143e+04 9.6657890036e+01
1.31300e+03 8.7232742287e+04 7.2005374170e+01
1.31400e+03 8.7275325295e+04 8.7096167232e+01
1.31500e+03 8.7321421098e+04 9.3702276117e+01
1.31600e+03 8.7368964343e+04 6.3130726649e+00
1.31700e+03 8.7412132264e+04 7.8252233333e+00
1.31800e+03 8.7455449530e+04 3.7113925026e+01
1.31900e+03 8.7503489550e+04 4.1928196298e+01
1.32000e+03 8.7550038602e+04 9.3472954673e+01
1.32100e+03 8.7593188844e+04 6.9738347033e+01
1.32200e+03 8.7636398004e+04 8.5543158073e+01
1.32300e+03 8.7679707083e+04 4.6249043605e+01
1.32400e+03 8.7731508538e+04 5.0370456222e+01
1.32500e+03 8.7787538936e+04 5.1405796949e+01
1.32600e+03 8.7841119736e+04 3.7986147133e+01
1.32700e+03 8.7894259774e+04 8.2101055372e+01
1.32800e+03 8.7947531053e+04 5.0755033671e+01
1.32900e+03 8.7997508300e+04 1.0898047967e+01
1.33000e+03 8.8056792983e+04 5.8837619180e+01
1.33100e+03 8.8120302919e+04 9.6131977529e+01
1.33200e+03 8.8180603419e+04 7.0292223790e+00
1.33300e+03 8.8237406621e+04 6.5604735861e+01
1.33400e+03 8.8304223988e+04 1.0356853028e+02
1.33500e+03 8.8375228364e+04 1.4516632600e+01
1.33600e+03 8.8445727514e+04 2.2494314833e+02
1.33700e+03 8.8511556308e+04 2.7230151403e+02
1.33800e+03 8.8567472089e+04 1.2008729958e+02
1.33900e+03 8.8626899504e+04 1.4964200141e+02
1.34000e+03 8.8689251151e+04 5.4077068497e+01
1.34100e+03 8.8747201193e+04 7.8787529142e+00
1.34200e+03 8.8805245208e+04 6.0082460369e+01
1.34300e+03 8.8868014978e+04 1.3141653955e+02
1.34400e+03 8.8930519251e+04 6.9213177914e+01
1.34500e+03 8.8988476808e+04 6.0029893216e+01
1.34600e+03 8.9046511388e+04 7.6921991942e+01
1.34700e+03 8.9104589048e+04 7.6965172648e+01
1.34800e+03 8.9153557646e+04 1.1718345165e+02
1.34900e+03 8.9206061725e+04 1.1624362065e+02
1.35000e+03 8.9258795226e+04 2.5805273649e+02
1.35100e+03 8.9308323856e+04 2.3305783752e+02
1.35200e+03 8.9367184523e+04 6.0752731386e+01
1.35300e+03 8.9430324460e+04 1.1851370574e+02
1.35400e+03 8.9490330114e+04 7.2721528791e+00
1.35500e+03 8.9549924211e+04 6.3354473324e+01
1.35600e+03 8.9612397139e+04 1.1836384674e+02
1.35700e+03 8.9670420061e+04 6.0637240202e+01
1.35800e+03 8.9719370821e+04 1.7940065796e+02
1.35900e+03 8.9768821116e+04 1.1283533287e+02
1.36000e+03 8.9827597858e+04 6.0492678136e+01
1.36100e+03 8.9885992936e+04 6.0804341997e+01
1.36200e+03 8.9935128980e+04 4.2183430268e+01
1.36300e+03 8.9984692645e+04 4.2254617062e+01
1.36400e+03 9.0034338490e+04 4.2722163766e+01
1.36500e+03 9.0087152648e+04 5.5201087926e+01
1.36600e+03 9.0142049229e+04 5.5275246831e+01
1.36700e+03 9.0192518787e+04 6.8684671911e+01
1.36800e+03 9.0234694715e+04 7.4699165970e+00
1.36900e+03 9.0280437005e+04 4.8148103433e+01
1.37000e+03 9.0326411102e+04 1.5250540457e+02
1.37100e+03 9.0369200952e+04 2.8443179340e+01
1.37200e+03 9.0420587638e+04 1.2196946912e+02
1.37300e+03 9.0471596729e+04 4.5776840092e+01
1.37400e+03 9.0522516429e+04 4.5264076771e+01
1.37500e+03 9.0578058328e+04 1.5201974198e+02
1.37600e+03 9.0631306892e+04 1.6653870575e+01
1.37700e+03 9.0684177988e+04 5.8917923241e+01
1.37800e+03 9.0739197820e+04 1.1447030113e+02
1.37900e+03 9.0789792279e+04 4.4804181513e+01
1.38000e+03 9.0832073953e+04 7.8000083544e+01
1.38100e+03 9.0874861755e+04 9.7916518961e+01
1.38200e+03 9.0917759050e+04 4.8954621999e+01
1.38300e+03 9.0963858735e+04 5.5795303697e+01
1.38400e+03 9.1011321062e+04 3.7201871463e+01
1.38500e+03 9.1054380341e+04 2.1374003476e+01
1.38600e+03 9.1089904472e+04 2.7344453101e-02
1.38700e+03 9.1128998380e+04 3.0158891496e+01
1.38800e+03 9.1168808833e+04 1.3700756231e+01
1.38900e+03 9.1208973006e+04 1.1467793063e+02
1.39000e+03 9.1249052900e+04 2.3389764855e+01
1.39100e+03 9.1284636460e+04 7.4484017603e+00
1.39200e+03 9.1313455626e+04 2.3423766559e+01
1.39300e+03 9.1345856023e+04 3.0359920347e+01
1.39400e+03 9.1378473041e+04 1.4504585738e+02
1.39500e+03 9.1407937115e+04 3.9013115773e+01
1.39600e+03 9.1444534601e+04 7.4910117643e+01
1.39700e+03 9.1485468325e+04 3.2251922083e+01
1.39800e+03 9.1525525542e+04 7.4401988811e+00
1.39900e+03 9.1562119904e+04 2.9628652320e+01
1.40000e+03 9.1598725547e+04 3.8830363281e+01
1.40100e+03 9.1638474226e+04 2.2897036610e+01
1.40200e+03 9.1678828879e+04 3.2494430330e+01
1.40300e+03 9.1714757731e+04 6.2537167137e+01
1.40400e+03 9.1750823622e+04 3.1688074362e+01
1.40500e+03 9.1786909607e+04 1.5520350966e+01
1.40600e+03 9.1816085309e+04 1.4729872973e+01
1.40700e+03 9.1848780916e+04 9.8601094019e+00
1.40800e+03 9.1881442746e+04 7.5056894656e+00
1.40900e+03 9.1914442503e+04 2.3910155789e+01
1.41000e+03 9.1947558750e+04 2.5783419250e+01
1.41100e+03 9.1977315913e+04 2.4819186943e+01
1.41200e+03 9.2014182215e+04 2.4686656130e+01
1.41300e+03 9.2055352901e+04 9.5172020188e+00
1.41400e+03 9.2096173905e+04 2.6354590742e+01
1.41500e+03 9.2132354760e+04 2.4756839962e+01
1.41600e+03 9.2168618942e+04 1.5442230146e+01
1.41700e+03 9.2209549472e+04 2.4741808065e+01
1.41800e+03 9.2249672828e+04 7.0071089712e+00
1.41900e+03 9.2286367992e+04 4.7026758447e+01
1.42000e+03 9.2330890074e+04 2.6438301184e+01
1.42100e+03 9.2379667284e+04 7.8466798240e+00
1.42200e+03 9.2428039807e+04 4.0107418685e+01
1.42300e+03 9.2471751477e+04 4.9369465282e+01
1.42400e+03 9.2507783685e+04 5.6470791156e+01
1.42500e+03 9.2547325763e+04 8.0740202189e+01
1.42600e+03 9.2587048605e+04 8.0258947473e+01
1.42700e+03 9.2626613047e+04 2.2151878175e+01
1.42800e+03 9.2666370066e+04 2.2163904017e+01
1.42900e+03 9.2705960212e+04 2.2167444047e+01
1.43000e+03 9.2745736767e+04 2.2164812232e+01
1.43100e+03 9.2782287291e+04 2.6267222972e+01
1.43200e+03 9.2818905002e+04 8.5755931778e+01
1.43300e+03 9.2855641198e+04 7.5121473742e+01
1.43400e+03 9.2900149997e+04 3.1126411737e+01
1.43500e+03 9.2944222738e+04 7.5296872562e+01
1.43600e+03 9.2980439980e+04 1.5716411322e+01
1.43700e+03 9.3020101216e+04 2.2213737583e+01
1.43800e+03 9.3059908203e+04 2.2221955235e+01
1.43900e+03 9.3099536590e+04 2.2166884658e+01
1.44000e+03 9.3139886811e+04 9.0500134989e+01
1.44100e+03 9.3175855090e+04 7.5962329246e+00
1.44200e+03 9.3205000620e+04 2.1147650507e+01
1.44300e+03 9.3237708649e+04 5.1243588924e+00
1.44400e+03 9.3270615343e+04 1.0125189647e+01
1.44500e+03 9.3300350352e+04 2.9826010667e+01
1.44600e+03 9.3330174942e+04 2.2558815531e+00
1.44700e+03 9.3363214415e+04 8.6505094741e+00
1.44800e+03 9.3396345267e+04 8.8660173842e+00
1.44900e+03 9.3426245119e+04 2.4184683603e+00
1.45000e+03 9.3456201363e+04 2.5477040287e+00
1.45100e+03 9.3489346138e+04 8.9624531064e+00
1.45200e+03 9.3522565805e+04 9.0423063309e+00
1.45300e+03 9.3552540280e+04 2.6197786693e+00
1.45400e+03 9.3582562006e+04 8.5487254872e+00
1.45500e+03 9.3612707205e+04 8.7109014924e+00
1.45600e+03 9.3642807931e+04 2.9151050655e+00
1.45700e+03 9.3676064687e+04 9.1452457700e+00
1.45800e+03 9.3709207775e+04 3.8150385831e-01
1.45900e+03 9.3742615536e+04 1.4131697702e+02
1.46000e+03 9.3776057674e+04 9.3585713373e+00
1.46100e+03 9.3806106183e+04 2.8154999303e+00
1.46200e+03 9.3843269591e+04 1.1052940866e+02
1.46300e+03 9.3884715961e+04 1.7387821613e+01
1.46400e+03 9.3925198307e+04 7.0402086177e+00
1.46500e+03 9.3965241231e+04 2.3168547788e+01
1.46600e+03 9.4005390711e+04 2.2812512587e+01
1.46700e+03 9.4042262787e+04 2.0323583801e+01
1.46800e+03 9.4086992026e+04 2.4936264143e+01
1.46900e+03 9.4135967993e+04 3.7352465968e+01
1.47000e+03 9.4183201102e+04 7.0836292404e+00
1.47100e+03 9.4226932917e+04 3.1771066804e+01
1.47200e+03 9.4279222851e+04 4.4875807909e+01
1.47300e+03 9.4331040347e+04 1.3646914517e+02
1.47400e+03 9.4382691724e+04 4.5943986390e+01
1.47500e+03 9.4438906584e+04 1.4315438894e+01
1.47600e+03 9.4492717620e+04 3.1987793666e+01
1.47700e+03 9.4546114166e+04 7.5175674108e+01
1.47800e+03 9.4599648467e+04 4.9413896815e+01
1.47900e+03 9.4652941365e+04 4.9260835354e+01
1.48000e+03 9.4706398839e+04 4.9134746328e+01
1.48100e+03 9.4756575672e+04 9.7173993152e+01
1.48200e+03 9.4816090348e+04 7.8632987685e+00
1.48300e+03 9.4875153808e+04 6.0999442095e+01
1.48400e+03 9.4924840291e+04 1.7334320382e+02
1.48500e+03 9.4977965360e+04 4.8917781545e+01
1.48600e+03 9.5033265836e+04 2.1942850711e+02
1.48700e+03 9.5084148812e+04 2.7993621824e+01
1.48800e+03 9.5126693428e+04 4.1726996728e+01
1.48900e+03 9.5169742980e+04 7.8587530265e+01
1.49000e+03 9.5221409070e+04 8.1055484441e+01
1.49100e+03 9.5272706526e+04 4.5214803159e+01
1.49200e+03 9.5323918993e+04 4.4715966401e+01
1.49300e+03 9.5379753539e+04 1.4675177913e+02
1.49400e+03 9.5433263469e+04 7.6736013211e+01
1.49500e+03 9.5486392303e+04 7.6663042383e+01
1.49600e+03 9.5539687066e+04 4.8556520000e+01
1.49700e+03 9.5589712064e+04 5.4761748584e+01
1.49800e+03 9.5649070112e+04 8.1455803133e+00
1.49900e+03 9.5707987817e+04 6.0428933734e+01
1.50000e+03 9.5757552395e+04 8.9541642077e+01
1.50100e+03 9.5810564925e+04 4.8391659382e+01
1.50200e+03 9.5863749618e+04 4.8233197402e+01
1.50300e+03 9.5913684957e+04 4.1576138902e+01
1.50400e+03 9.5972959669e+04 6.0285168547e+01
1.50500e+03 9.6036485521e+04 1.6431731792e+02
1.50600e+03 9.6096817973e+04 7.1477596824e+00
1.50700e+03 9.6153668674e+04 3.3611882326e+01
1.50800e+03 9.6220552898e+04 9.1643956737e+01
1.50900e+03 9.6291634142e+04 1.4696004182e+01
1.51000e+03 9.6358731688e+04 3.9469958326e+01
1.51100e+03 9.6422325961e+04 9.8295884659e+01
1.51200e+03 9.6496687319e+04 2.2158442837e+01
1.51300e+03 9.6575219988e+04 4.6881913749e+01
1.51400e+03 9.6649007236e+04 1.0488729097e+02
1.51500e+03 9.6719285715e+04 2.8820490700e+01
1.51600e+03 9.6801064481e+04 5.4252439005e+01
1.51700e+03 9.6886991969e+04 1.1217722228e+02
1.51800e+03 9.6972354845e+04 4.2118195060e+02
1.51900e+03 9.7057715567e+04 1.1221448704e+02
1.52000e+03 9.7142714942e+04 1.1173877191e+02
1.52100e+03 9.7223145630e+04 2.4962465022e+02
1.52200e+03 9.7303565535e+04 2.2280845701e+02
1.52300e+03 9.7388688957e+04 1.1138973305e+02
1.52400e+03 9.7468579277e+04 3.4894742589e+01
1.52500e+03 9.7545075421e+04 2.8300149991e+02
1.52600e+03 9.7621699579e+04 5.1188017006e+02
1.52700e+03 9.7701422911e+04 4.5065755674e+02
1.52800e+03 9.7786174655e+04 1.1103071199e+02
1.52900e+03 9.7866420269e+04 3.1659991110e+02
1.53000e+03 9.7935344834e+04 9.4682901887e-02
1.53100e+03 9.8007825627e+04 1.0367714256e+02
1.53200e+03 9.8080586493e+04 3.8695678689e+02
1.53300e+03 9.8153166822e+04 8.6201246357e+01
1.53400e+03 9.8230145110e+04 7.6888435545e+01
1.53500e+03 9.8302701728e+04 7.5944078010e+00
1.53600e+03 9.8375311818e+04 1.8054360569e+02
1.53700e+03 9.8447986154e+04 8.6186855909e+01
1.53800e+03 9.8520664183e+04 8.6168608034e+01
1.53900e+03 9.8598056276e+04 1.8929006277e+02
1.54000e+03 9.8675140450e+04 1.0454476727e+02
1.54100e+03 9.8752357724e+04 9.4975240436e+01
1.54200e+03 9.8825211931e+04 8.6208385842e+01
1.54300e+03 9.8894715409e+04 2.5945283467e+02
1.54400e+03 9.8975748310e+04 1.2916016372e+02
1.54500e+03 9.9056337908e+04 2.2302870465e+02
1.54600e+03 9.9125413685e+04 2.5155031782e+02
1.54700e+03 9.9197964488e+04 9.5120532643e+01
1.54800e+03 9.9274884430e+04 1.9671641854e+02
1.54900e+03 9.9347380892e+04 8.0931364328e+00
1.55000e+03 9.9409378947e+04 2.6237095750e+01
1.55100e+03 9.9474961722e+04 1.8955167460e+02
1.55200e+03 9.9540830725e+04 2.7740233038e+02
1.55300e+03 9.9606547663e+04 7.1711506683e+01
1.55400e+03 9.9675924175e+04 1.5628473249e+01
1.55500e+03 9.9740906306e+04 7.5143309454e+00
1.55600e+03 9.9805979786e+04 7.0449104301e+01
1.55700e+03 9.9871126286e+04 7.0543024217e+01
1.55800e+03 9.9926476396e+04 2.5435397268e+02
1.55900e+03 9.9982337671e+04 3.4581546569e+02
1.56000e+03 1.0003834979e+05 5.1814920113e+01
1.56100e+03 1.0009756108e+05 6.5056395335e+00
1.56200e+03 1.0015692750e+05 1.1629012001e+02
1.56300e+03 1.0021304044e+05 5.2014772245e+01
1.56400e+03 1.0027919485e+05 7.1553415487e+01
1.56500e+03 1.0034492776e+05 2.1239751612e+02
1.56600e+03 1.0040064636e+05 5.1669247967e+01
1.56700e+03 1.0045984234e+05 1.1615851226e+02
1.56800e+03 1.0052192728e+05 2.6785921300e+02
1.56900e+03 1.0057961735e+05 4.3574745498e+01
1.57000e+03 1.0062830532e+05 6.0308689117e-01
1.57100e+03 1.0067752490e+05 4.4121732748e+01
1.57200e+03 1.0072688754e+05 3.8324731061e+01
1.57300e+03 1.0077640755e+05 3.8586833481e+01
1.57400e+03 1.0083516678e+05 2.4832110841e+02
1.57500e+03 1.0089818743e+05 4.3430158574e+02
1.57600e+03 1.0096079091e+05 6.5319691375e+01
1.57700e+03 1.0101877355e+05 5.6418530364e+01
1.57800e+03 1.0106766951e+05 3.8081564961e+01
1.57900e+03 1.0111705704e+05 3.7911013060e+01
1.58000e+03 1.0117576116e+05 5.6306994130e+01
1.58100e+03 1.0123876521e+05 6.5237771058e+01
1.58200e+03 1.0130137143e+05 6.5175283402e+01
1.58300e+03 1.0135936687e+05 5.6263479777e+01
1.58400e+03 1.0140827886e+05 3.7889138864e+01
1.58500e+03 1.0146073572e+05 1.8785269064e+02
1.58600e+03 1.0151537301e+05 1.8157872055e+01
1.58700e+03 1.0156565072e+05 6.5157131985e+00
1.58800e+03 1.0160769089e+05 6.6721604006e+01
1.58900e+03 1.0165332178e+05 1.1313747433e+01
1.59000e+03 1.0170041231e+05 1.4055951720e+01
1.59100e+03 1.0174785138e+05 5.3642947224e+01
1.59200e+03 1.0179397173e+05 2.4411151123e+02
1.59300e+03 1.0183676137e+05 9.7908232279e+01
1.59400e+03 1.0188813383e+05 7.6338059104e+01
1.59500e+03 1.0193912785e+05 7.5776017070e+01
1.59600e+03 1.0198160750e+05 2.4656378297e+01
1.59700e+03 1.0202451462e+05 2.4749209486e+01
1.59800e+03 1.0207597852e+05 4.1819986083e+01
1.59900e+03 1.0213172879e+05 5.3488965895e+01
1.60000e+03 1.0218708793e+05 9.5675775497e+01
1.60100e+03 1.0223782182e+05 4.1518036376e+01
1.60200e+03 1.0228019405e+05 2.4617041789e+01
1.60300e+03 1.0232610070e+05 8.1813964119e+01
1.60400e+03 1.0237345341e+05 2.1763154979e+01
1.60500e+03 1.0242112618e+05 6.4066223044e+01
1.60600e+03 1.0246743488e+05 8.1920509441e+01
1.60700e+03 1.0251039312e+05 2.5602385746e+01
1.60800e+03 1.0256193490e+05 7.5786961323e+01
1.60900e+03 1.0261308350e+05 7.6125890907e+01
1.61000e+03 1.0265569125e+05 4.4328739526e+01
1.61100e+03 1.0269871654e+05 7.5778227114e+01
1.61200e+03 1.0275030203e+05 4.1860912595e+01
1.61300e+03 1.0280616552e+05 1.7885587724e+01
1.61400e+03 1.0286162953e+05 8.4161065678e+01
1.61500e+03 1.0291246182e+05 4.1502740064e+01
1.61600e+03 1.0295491741e+05 5.7033840939e+01
1.61700e+03 1.0300090224e+05 1.0589648101e+02
1.61800e+03 1.0304833681e+05 3.3431802294e+01
1.61900e+03 1.0309140954e+05 7.7595661158e+00
1.62000e+03 1.0313464299e+05 2.5357393047e+01
1.62100e+03 1.0317793177e+05 2.5548079465e+01
1.62200e+03 1.0321360961e+05 4.1826840667e+01
1.62300e+03 1.0325282510e+05 2.6629028557e+01
1.62400e+03 1.0329275225e+05 1.0263299960e+01
1.62500e+03 1.0332834640e+05 7.6946179257e+00
1.62600e+03 1.0335719131e+05 1.9769457829e+01
1.62700e+03 1.0338963037e+05 3.4766094439e+00
1.62800e+03 1.0342229202e+05 1.2221905516e+02
1.62900e+03 1.0345485868e+05 4.1909854953e+00
1.63000e+03 1.0348764599e+05 4.3124642833e+00
1.63100e+03 1.0352031524e+05 4.4107327950e+00
1.63200e+03 1.0355297405e+05 1.4955254931e+01
1.63300e+03 1.0358597286e+05 1.0354030889e+02
1.63400e+03 1.0361908966e+05 4.7358023499e+00
1.63500e+03 1.0365190478e+05 4.8769472587e+00
1.63600e+03 1.0368469365e+05 2.8072288795e+01
1.63700e+03 1.0371780406e+05 4.8439733197e+00
1.63800e+03 1.0375081890e+05 5.0651053868e+00
1.63900e+03 1.0377931043e+05 1.1872185652e+01
1.64000e+03 1.0380173229e+05 1.0515272738e+01
1.64100e+03 1.0382772008e+05 1.7659769915e+00
1.64200e+03 1.0385389933e+05 3.8296858448e+00
1.64300e+03 1.0387998067e+05 9.3538246718e-02
1.64400e+03 1.0390533382e+05 7.6616860720e+00
1.64500e+03 1.0393104639e+05 9.9918231652e+00
1.64600e+03 1.0395761591e+05 4.8370710983e-01
1.64700e+03 1.0398388227e+05 7.4689971673e+00
1.64800e+03 1.0400939480e+05 9.8224562576e+00
1.64900e+03 1.0403524174e+05 6.1558453450e-01
1.65000e+03 1.0406191703e+05 7.3557585954e+00
1.65100e+03 1.0408522273e+05 7.6911067973e+01
1.65200e+03 1.0410856381e+05 8.2130701268e+00
1.65300e+03 1.0413510540e+05 7.8231330382e+00
1.65400e+03 1.0416081800e+05 4.1489990474e-01
1.65500e+03 1.0418214968e+05 4.8599524610e+00
1.65600e+03 1.0419812836e+05 1.3541240426e+01
1.65700e+03 1.0421765728e+05 7.0126693797e+00
1.65800e+03 1.0423571049e+05 7.6593945179e+00
1.65900e+03 1.0425414207e+05 1.4763767028e+01
1.66000e+03 1.0427416825e+05 1.2827941774e+01
1.66100e+03 1.0429083889e+05 2.8367627115e+01
1.66200e+03 1.0430753843e+05 7.9212621180e+00
1.66300e+03 1.0432439906e+05 7.5570208840e+00
1.66400e+03 1.0434120656e+05 1.0796161565e-01
1.66500e+03 1.0435814593e+05 7.8743356855e-02
1.66600e+03 1.0438066475e+05 4.5565349248e+00
1.66700e+03 1.0440747043e+05 1.4063890562e+00
1.66800e+03 1.0443478513e+05 1.3536050870e+00
1.66900e+03 1.0445860177e+05 1.1429248490e+01
1.67000e+03 1.0448877010e+05 7.2191680865e+00
1.67100e+03 1.0451851007e+05 1.1024892126e+00
1.67200e+03 1.0454816674e+05 1.4862995559e+00
1.67300e+03 1.0458237794e+05 7.4055156829e+00
1.67400e+03 1.0461639618e+05 6.7035467236e+00
1.67500e+03 1.0464693567e+05 1.2449977742e+01
1.67600e+03 1.0468457713e+05 1.5382907703e+01
1.67700e+03 1.0472645447e+05 9.9761059770e+00
1.67800e+03 1.0476729188e+05 6.8191627562e+00
1.67900e+03 1.0480461088e+05 2.2147051294e+01
1.68000e+03 1.0484189716e+05 3.9291083341e+01
1.68100e+03 1.0487923025e+05 1.3560760137e+01
1.68200e+03 1.0492434015e+05 1.7434562823e+01
1.68300e+03 1.0497365113e+05 1.4245992768e+01
1.68400e+03 1.0502115994e+05 3.9030916301e+01
1.68500e+03 1.0506514750e+05 1.0524918920e+01
1.68600e+03 1.0510911493e+05 3.0742740433e+01
1.68700e+03 1.0515617158e+05 6.5861435950e+01
1.68800e+03 1.0520326734e+05 3.3023011366e+01
1.68900e+03 1.0524704899e+05 2.6635639189e+01
1.69000e+03 1.0529085733e+05 2.6449921724e+01
1.69100e+03 1.0533473101e+05 2.6515508950e+01
1.69200e+03 1.0538712884e+05 2.1519671693e+01
1.69300e+03 1.0544372778e+05 7.9269828365e+01
1.69400e+03 1.0549779959e+05 3.7152381463e+01
1.69500e+03 1.0555141125e+05 7.6660229379e+01
1.69600e+03 1.0560719135e+05 1.3235944328e+02
1.69700e+03 1.0566317258e+05 5.0505197247e+01
1.69800e+03 1.0571891608e+05 5.0418095779e+01
1.69900e+03 1.0577009411e+05 1.0600291910e+02
1.70000e+03 1.0581288660e+05 7.1880381885e+01
1.70100e+03 1.0585921689e+05 5.7093975658e+01
1.70200e+03 1.0590575836e+05 9.5913774627e+01
1.70300e+03 1.0594909471e+05 7.1271165697e+01
1.70400e+03 1.0600106607e+05 1.2921878433e+02
1.70500e+03 1.0605731686e+05 8.2079749932e+01
1.70600e+03 1.0611316308e+05 8.2100396555e+01
1.70700e+03 1.0616437177e+05 9.7353357796e+01
1.70800e+03 1.0620716019e+05 5.7032805224e+01
1.70900e+03 1.0625346938e+05 8.1997201417e+01
1.71000e+03 1.0630125684e+05 8.0587685432e+00
1.71100e+03 1.0634467809e+05 2.3674143026e+01
1.71200e+03 1.0638825121e+05 7.3599431732e+01
1.71300e+03 1.0643654734e+05 3.4570406413e+01
1.71400e+03 1.0648332939e+05 8.2155781940e+01
1.71500e+03 1.0652671505e+05 9.9089338940e+01
1.71600e+03 1.0657869687e+05 4.2944537920e+01
1.71700e+03 1.0663493947e+05 4.7495020833e+01
1.71800e+03 1.0669076649e+05 9.0022926594e+01
1.71900e+03 1.0674662141e+05 4.9996674007e+01
1.72000e+03 1.0680019705e+05 6.7935956200e+00
1.72100e+03 1.0685036280e+05 4.9681683620e+01
1.72200e+03 1.0690986056e+05 1.0491013562e+02
1.72300e+03 1.0696891372e+05 2.0540298572e+02
1.72400e+03 1.0701859768e+05 1.2327356341e+02
1.72500e+03 1.0707172623e+05 8.8701549002e+01
1.72600e+03 1.0712703533e+05 1.0613403881e+02
1.72700e+03 1.0717793178e+05 8.1567136546e+00
1.72800e+03 1.0722049224e+05 4.7026534437e+01
1.72900e+03 1.0726356168e+05 9.7708917364e+01
1.73000e+03 1.0730674136e+05 4.4080398681e+01
1.73100e+03 1.0735312255e+05 9.9280539644e+01
1.73200e+03 1.0740089602e+05 1.5684185860e+01
1.73300e+03 1.0744426425e+05 1.6866818143e+01
1.73400e+03 1.0748776923e+05 4.9413895838e+01
1.73500e+03 1.0753131587e+05 2.5147852492e+01
1.73600e+03 1.0756721680e+05 4.8441334325e+01
1.73700e+03 1.0760359987e+05 6.6101563284e+01
1.73800e+03 1.0764784831e+05 2.5866168533e+01
1.73900e+03 1.0769641408e+05 8.3070250771e+01
1.74000e+03 1.0774332874e+05 1.9144850861e+02
1.74100e+03 1.0778678696e+05 9.4920005005e+00
1.74200e+03 1.0783881279e+05 7.7773847674e+00
1.74300e+03 1.0789507590e+05 6.4997451181e+01
1.74400e+03 1.0794886637e+05 1.6358321632e+01
1.74500e+03 1.0799916494e+05 1.4609951853e+01
1.74600e+03 1.0804947816e+05 4.8805518313e+01
1.74700e+03 1.0809983584e+05 3.8629373885e+01
1.74800e+03 1.0815014500e+05 3.8586686869e+01
1.74900e+03 1.0820354222e+05 6.4989599290e+01
1.75000e+03 1.0825902435e+05 1.0707157246e+02
1.75100e+03 1.0831003472e+05 1.1819199774e+02
1.75200e+03 1.0835266656e+05 7.6773175964e+00
1.75300e+03 1.0839883898e+05 2.6097629667e+01
1.75400e+03 1.0844648552e+05 5.2847961715e+01
1.75500e+03 1.0848977079e+05 1.5394743293e+01
1.75600e+03 1.0852551649e+05 1.1126012119e+01
1.75700e+03 1.0856484407e+05 4.5950279581e+01
1.75800e+03 1.0860492071e+05 2.2949247114e+01
1.75900e+03 1.0864067564e+05 3.5845467115e+00
1.76000e+03 1.0866967098e+05 3.9153974446e+01
1.76100e+03 1.0870226048e+05 2.9664382287e+01
1.76200e+03 1.0873485830e+05 3.8978620208e+00
1.76300e+03 1.0876315688e+05 3.1658468284e+01
1.76400e+03 1.0878545702e+05 3.6329917432e+01
1.76500e+03 1.0880830568e+05 1.7305556474e+01
1.76600e+03 1.0883125474e+05 6.4892056567e-01
1.76700e+03 1.0885746975e+05 1.0268446699e+01
1.76800e+03 1.0888287624e+05 2.4435473736e+01
1.76900e+03 1.0890394333e+05 4.2876803699e+01
1.77000e+03 1.0892524721e+05 6.4346361497e+01
1.77100e+03 1.0895128076e+05 6.9820720709e+01
1.77200e+03 1.0897804676e+05 5.0185200976e+01
1.77300e+03 1.0900141099e+05 1.1638437790e+00
1.77400e+03 1.0903114844e+05 4.0506422637e+01
1.77500e+03 1.0906518069e+05 7.9986939502e+00
1.77600e+03 1.0909900403e+05 7.0573535687e+00
1.77700e+03 1.0913239666e+05 3.1588652092e+01
1.77800e+03 1.0916588656e+05 3.1223611705e+01
1.77900e+03 1.0919611804e+05 2.7582076702e+01
1.78000e+03 1.0922637983e+05 2.8611614714e+01
1.78100e+03 1.0925674979e+05 8.0066530082e+00
1.78200e+03 1.0929416979e+05 1.5673236998e+01
1.78300e+03 1.0933583573e+05 1.2303080617e+01
1.78400e+03 1.0937711077e+05 2.5388960252e+01
1.78500e+03 1.0941371674e+05 5.1911264726e+01
1.78600e+03 1.0944335296e+05 6.2556946693e-01
1.78700e+03 1.0947649110e+05 2.5109076028e+01
1.78800e+03 1.0950962296e+05 8.1431784052e+00
1.78900e+03 1.0954307334e+05 4.3435843328e+00
1.79000e+03 1.0957642169e+05 4.5557257871e+00
1.79100e+03 1.0960523998e+05 7.7876765865e+00
1.79200e+03 1.0962794878e+05 1.8156551324e+01
1.79300e+03 1.0965116068e+05 1.0355388168e+01
1.79400e+03 1.0967444049e+05 5.7100661719e-01
1.79500e+03 1.0970095703e+05 1.0205455947e+01
1.79600e+03 1.0972667179e+05 7.6335949512e+00
1.79700e+03 1.0974802599e+05 2.8304117494e+00
1.79800e+03 1.0976959642e+05 7.8045088825e-01
1.79900e+03 1.0979587918e+05 1.0242398481e+01
1.80000e+03 1.0982285625e+05 8.3758853456e+00
1.80100e+03 1.0984947363e+05 7.5251204201e+00
1.80200e+03 1.0987533786e+05 9.6370474857e+00
1.80300e+03 1.0989683231e+05 1.4024649851e-01
1.80400e+03 1.0991295970e+05 2.3467939626e+01
1.80500e+03 1.0993263774e+05 8.0562020467e+00
1.80600e+03 1.0995247921e+05 1.3255858692e+01
1.80700e+03 1.0996916551e+05 1.5470000280e+01
1.80800e+03 1.0998591754e+05 8.8208312762e+00
1.80900e+03 1.1000284355e+05 2.3972606670e-01
1.81000e+03 1.1002537491e+05 8.6854883993e+00
1.81100e+03 1.1005221057e+05 9.0745198477e+00
1.81200e+03 1.1007956273e+05 1.9347786560e+00
1.81300e+03 1.1010342478e+05 1.7407751043e+00
1.81400e+03 1.1012725149e+05 7.0746788901e+00
1.81500e+03 1.1015422596e+05 1.2141222148e+00
1.81600e+03 1.1018123255e+05 1.5584893279e+00
1.81700e+03 1.1020497866e+05 1.1593097785e-01
1.81800e+03 1.1023513749e+05 7.6274780901e+00
1.81900e+03 1.1026490008e+05 2.3036449441e+00
1.82000e+03 1.1029459997e+05 2.7602822181e+00
1.82100e+03 1.1032419981e+05 2.9202736843e+00
1.82200e+03 1.1035380913e+05 3.0079232083e+00
1.82300e+03 1.1038334894e+05 3.0649359097e+00
1.82400e+03 1.1040658179e+05 1.8067708191e+00
1.82500e+03 1.1043328901e+05 2.6724471398e-01
1.82600e+03 1.1046012736e+05 4.3522072473e-01
1.82700e+03 1.1048376175e+05 1.7456922148e+00
1.82800e+03 1.1051383305e+05 2.5998980656e+00
1.82900e+03 1.1054353289e+05 2.4372671613e+00
1.83000e+03 1.1056684474e+05 1.8797876535e-01
1.83100e+03 1.1059360862e+05 5.6657375786e-02
1.83200e+03 1.1062049132e+05 1.0095907094e-01
1.83300e+03 1.1064416113e+05 2.5618822230e+00
1.83400e+03 1.1067426670e+05 1.3363443084e+00
1.83500e+03 1.1070399767e+05 1.3038872226e+00
1.83600e+03 1.1073368190e+05 4.2134134457e-01
1.83700e+03 1.1076794611e+05 7.4285585152e+00
1.83800e+03 1.1080202876e+05 7.1999455700e+00
1.83900e+03 1.1083569839e+05 6.9057448105e+00
1.84000e+03 1.1086935158e+05 5.6990114689e+00
1.84100e+03 1.1089858828e+05 9.1518291962e-01
1.84200e+03 1.1092165232e+05 6.7076291494e+00
1.84300e+03 1.1094519767e+05 1.6736459693e+00
1.84400e+03 1.1097516926e+05 7.7084849894e+00
1.84500e+03 1.1100479267e+05 8.0874813472e+00
1.84600e+03 1.1103439099e+05 3.7326450285e-01
1.84700e+03 1.1106391631e+05 4.7097396338e-01
1.84800e+03 1.1109347247e+05 4.2160648463e-02
1.84900e+03 1.1112297531e+05 6.4609649715e-02
1.85000e+03 1.1114618662e+05 1.4728168634e-01
1.85100e+03 1.1117288280e+05 1.2801398845e+00
1.85200e+03 1.1119885079e+05 7.6852055032e+00
1.85300e+03 1.1122514641e+05 9.3315955150e+00
1.85400e+03 1.1125221843e+05 1.3906437042e+00
1.85500e+03 1.1127896853e+05 7.6236011384e+00
1.85600e+03 1.1130586492e+05 7.7916114828e+00
1.85700e+03 1.1132955290e+05 7.2216560394e+00
1.85800e+03 1.1135968053e+05 2.5863726836e+00
1.85900e+03 1.1138943558e+05 2.3315700592e+00
1.86000e+03 1.1141279676e+05 8.2230221204e+00
1.86100e+03 1.1143655372e+05 2.5148101281e+00
1.86200e+03 1.1146670789e+05 2.3026949535e+00
1.86300e+03 1.1149648114e+05 2.2821908424e+00
1.86400e+03 1.1152620661e+05 2.7086146221e+00
1.86500e+03 1.1156051184e+05 7.3884017964e+00
1.86600e+03 1.1159453802e+05 6.1169370408e+00
1.86700e+03 1.1162393544e+05 3.0817379712e+00
1.86800e+03 1.1164710751e+05 7.1106148101e-01
1.86900e+03 1.1167379333e+05 6.0465495412e+00
1.87000e+03 1.1169976671e+05 8.0527929255e+00
1.87100e+03 1.1172607707e+05 9.9287884038e+00
1.87200e+03 1.1175316730e+05 6.2343360492e+00
1.87300e+03 1.1177993906e+05 7.9588005675e+00
1.87400e+03 1.1180599821e+05 8.8186303731e+00
1.87500e+03 1.1183237666e+05 3.2175855599e-01
1.87600e+03 1.1185867248e+05 2.3667742224e-01
1.87700e+03 1.1188042847e+05 7.6414321885e+00
1.87800e+03 1.1189677696e+05 8.7339141494e+00
1.87900e+03 1.1191361687e+05 1.1923344145e+01
1.88000e+03 1.1193050456e+05 5.3918828820e-01
1.88100e+03 1.1194757511e+05 2.3064196284e-01
1.88200e+03 1.1197027469e+05 1.1440447998e+01
1.88300e+03 1.1199728280e+05 6.2967023082e-01
1.88400e+03 1.1202398255e+05 3.0293755653e-01
1.88500e+03 1.1205070522e+05 2.8544977115e-01
1.88600e+03 1.1207807338e+05 7.6729026457e+00
1.88700e+03 1.1210201290e+05 4.5600401862e+00
1.88800e+03 1.1213235755e+05 7.9889470479e+00
1.88900e+03 1.1216696797e+05 2.2252939203e-01
1.89000e+03 1.1220128882e+05 6.9526806898e+00
1.89100e+03 1.1223210191e+05 1.4854535078e+01
1.89200e+03 1.1227003198e+05 7.8077237853e+00
1.89300e+03 1.1230750907e+05 2.0072967008e+01
1.89400e+03 1.1233777127e+05 1.3374520245e+01
1.89500e+03 1.1237144952e+05 5.7971365694e+00
1.89600e+03 1.1240523509e+05 5.2560753835e+00
1.89700e+03 1.1243577607e+05 7.5277891477e+00
1.89800e+03 1.1247349183e+05 1.2974521579e+01
1.89900e+03 1.1251080107e+05 1.2793697257e+01
1.90000e+03 1.1254093952e+05 5.9196870713e+00
1.90100e+03 1.1257451703e+05 5.1500824587e+00
1.90200e+03 1.1260809367e+05 3.2783766641e+01
1.90300e+03 1.1264195986e+05 3.1185815624e+01
1.90400e+03 1.1267582185e+05 5.2213383530e+00
1.90500e+03 1.1270629492e+05 1.2893650704e+01
1.90600e+03 1.1274392847e+05 1.7883591195e+01
1.90700e+03 1.1278116232e+05 1.7790314309e+01
1.90800e+03 1.1281123984e+05 1.2819834605e+01
1.90900e+03 1.1284476454e+05 1.9680691026e+01
1.91000e+03 1.1287828966e+05 1.7720997579e+01
1.91100e+03 1.1290743385e+05 8.0896563144e+00
1.91200e+03 1.1293675363e+05 3.8077117799e+00
1.91300e+03 1.1297076764e+05 1.7851091618e+01
1.91400e+03 1.1300457471e+05 5.5275725576e+00
1.91500e+03 1.1303379908e+05 3.7237182176e+00
1.91600e+03 1.1306315961e+05 1.3367937233e+01
1.91700e+03 1.1309252857e+05 1.3499148390e+01
1.91800e+03 1.1312197836e+05 8.9262292768e-02
1.91900e+03 1.1315607248e+05 5.6021576397e+00
1.92000e+03 1.1318993233e+05 5.6493327681e+00
1.92100e+03 1.1322386615e+05 5.4833838589e+00
1.92200e+03 1.1325774696e+05 1.9679838811e+01
1.92300e+03 1.1329127767e+05 2.8875022718e+01
1.92400e+03 1.1332482084e+05 5.1612139378e+00
1.92500e+03 1.1335397639e+05 1.2422699022e-01
1.92600e+03 1.1338330033e+05 1.0948605865e+01
1.92700e+03 1.1341264555e+05 1.1127319872e+01
1.92800e+03 1.1343575515e+05 3.3551310217e+01
1.92900e+03 1.1346237804e+05 1.7517754741e+00
1.93000e+03 1.1348828715e+05 7.6340485226e+00
1.93100e+03 1.1351454016e+05 1.0151177920e+01
1.93200e+03 1.1354158490e+05 2.0260050552e+01
1.93300e+03 1.1356526284e+05 3.1648067927e+01
1.93400e+03 1.1358897737e+05 1.1450918321e+00
1.93500e+03 1.1361589158e+05 7.3350903136e+00
1.93600e+03 1.1364201581e+05 3.4287894221e+00
1.93700e+03 1.1366375516e+05 7.6058594630e+00
1.93800e+03 1.1368569045e+05 1.7529683135e+01
1.93900e+03 1.1371232286e+05 6.3667084108e-01
1.94000e+03 1.1373960317e+05 6.9172209968e+00
1.94100e+03 1.1376345990e+05 7.5755760542e+00
1.94200e+03 1.1379372204e+05 7.6908116774e+00
1.94300e+03 1.1382825920e+05 5.4954762539e+00
1.94400e+03 1.1386252172e+05 6.8072442684e+00
1.94500e+03 1.1389633873e+05 5.7768479033e+00
1.94600e+03 1.1393013599e+05 6.0298557596e+00
1.94700e+03 1.1395950471e+05 1.2500187326e-01
1.94800e+03 1.1398901189e+05 4.7350263536e+00
1.94900e+03 1.1401851907e+05 2.7940804628e+00
1.95000e+03 1.1404809590e+05 6.9654784125e-02
1.95100e+03 1.1407764084e+05 1.0735102464e-01
1.95200e+03 1.1410090208e+05 2.0099820405e+00
1.95300e+03 1.1412460234e+05 2.5687334967e+00
1.95400e+03 1.1415472122e+05 5.4205144765e-01
1.95500e+03 1.1418914809e+05 5.9135255434e+00
1.95600e+03 1.1422333243e+05 5.6928978225e+00
1.95700e+03 1.1425708680e+05 5.6245672067e+00
1.95800e+03 1.1429093806e+05 5.2858509911e+00
1.95900e+03 1.1432152582e+05 7.4290226845e+00
1.96000e+03 1.1435927956e+05 1.3542463597e+01
1.96100e+03 1.1440129839e+05 1.4835316605e+01
1.96200e+03 1.1444293010e+05 2.8562544626e+01
1.96300e+03 1.1448456831e+05 2.0910010991e+01
1.96400e+03 1.1452597000e+05 2.0659076198e+01
1.96500e+03 1.1456745112e+05 2.0481327522e+01
1.96600e+03 1.1460811669e+05 6.8143155765e+00
1.96700e+03 1.1464537159e+05 2.0196054588e+01
1.96800e+03 1.1469051847e+05 6.3563573980e+01
1.96900e+03 1.1473991366e+05 7.9140591921e+00
1.97000e+03 1.1478889609e+05 3.5947740869e+01
1.97100e+03 1.1483788321e+05 3.5503723524e+01
1.97200e+03 1.1488661347e+05 3.5216049849e+01
1.97300e+03 1.1493075295e+05 9.2164977935e+01
1.97400e+03 1.1496720210e+05 3.0187429713e+01
1.97500e+03 1.1500717590e+05 1.2452165810e+02
1.97600e+03 1.1504792393e+05 7.9822343435e+00
1.97700e+03 1.1508431310e+05 7.7503072870e+00
1.97800e+03 1.1512087532e+05 3.4789703869e+01
1.97900e+03 1.1516215687e+05 1.9501012984e+01
1.98000e+03 1.1520262588e+05 1.2420057941e+02
1.98100e+03 1.1524273649e+05 1.7999028672e+01
1.98200e+03 1.1528359642e+05 1.9593414811e+01
1.98300e+03 1.1532473883e+05 2.5697327599e+01
1.98400e+03 1.1536514453e+05 1.7917712967e+01
1.98500e+03 1.1540216659e+05 9.8022089376e+01
1.98600e+03 1.1543923900e+05 1.3162085127e+02
1.98700e+03 1.1547947763e+05 1.8027815605e+01
1.98800e+03 1.1552038997e+05 2.5724027193e+01
1.98900e+03 1.1555688148e+05 7.9445193515e+01
1.99000e+03 1.1559350988e+05 5.5128352566e+01
1.99100e+03 1.1563483631e+05 1.9619678970e+01
1.99200e+03 1.1567593711e+05 1.9788529094e+01
1.99300e+03 1.1571245987e+05 1.0516536282e+01
1.99400e+03 1.1574207372e+05 1.0551226433e+01
1.99500e+03 1.1577217670e+05 4.8209516283e+01
1.99600e+03 1.1580235246e+05 5.6191171945e-01
1.99700e+03 1.1583574304e+05 1.4456562329e+01
1.99800e+03 1.1586908075e+05 6.9481016533e+00
1.99900e+03 1.1589803669e+05 6.9500894835e+00
2.00000e+03 1.1592087897e+05 7.1086247816e+00
