0.00000e+00 0.0000000000e+00 0.0000000000e+00
1.00000e+00 9.7648586205e+00 9.7648586205e+00
2.00000e+00 1.9775801049e+01 1.0010942429e+01
3.00000e+00 3.0447010508e+01 1.0671209459e+01
4.00000e+00 4.0845476139e+01 2.0153559392e+01
5.00000e+00 4.9817834727e+01 9.2084314543e+00
6.00000e+00 5.9007914840e+01 9.8396759332e+00
7.00000e+00 6.8789079779e+01 1.9243361313e+01
8.00000e+00 7.8311154314e+01 8.3228319271e+00
9.00000e+00 8.6503908820e+01 9.0502321756e+00
1.00000e+01 9.4937565783e+01 1.8467694802e+01
1.10000e+01 1.0389026382e+02 7.4860421972e+00
1.20000e+01 1.1288509928e+02 4.6358047808e+01
1.30000e+01 1.2160647788e+02 4.7001373459e+01
1.40000e+01 1.3017961360e+02 1.7209194641e+01
1.50000e+01 1.3878807803e+02 1.7079071264e+01
1.60000e+01 1.4697257295e+02 3.6179993646e+01
1.70000e+01 1.5521882587e+02 3.5694710973e+01
1.80000e+01 1.6376179879e+02 1.7031829389e+01
1.90000e+01 1.7282082409e+02 1.7970102096e+01
2.00000e+01 1.8160150543e+02 4.3958805004e+01
2.10000e+01 1.8910965353e+02 1.6276692739e+01
2.20000e+01 1.9686755827e+02 7.8506818401e-01
2.30000e+01 2.0506727319e+02 2.5191760982e+01
2.40000e+01 2.1299539288e+02 1.5407854409e+01
2.50000e+01 2.2082823478e+02 9.5588049580e+01
2.60000e+01 2.2914987979e+02 4.2445510774e+01
2.70000e+01 2.3745990506e+02 1.6462304244e+01
2.80000e+01 2.4547995488e+02 1.5669460619e+01
2.90000e+01 2.5229995446e+02 1.4724316398e+00
3.00000e+01 2.5936764497e+02 3.2221177010e+01
3.10000e+01 2.6679293032e+02 1.3809503895e+01
3.20000e+01 2.7424440735e+02 2.9371368353e+01
3.30000e+01 2.8173942263e+02 1.4717483100e+01
3.40000e+01 2.8895064656e+02 8.0882589166e-01
3.50000e+01 2.9504048163e+02 3.1458791325e+01
3.60000e+01 3.0102225017e+02 7.9673079260e+01
3.70000e+01 3.0817856113e+02 2.9625013389e+01
3.80000e+01 3.1581655242e+02 1.4889279865e+01
3.90000e+01 3.2322260835e+02 5.9062831048e+01
4.00000e+01 3.3013263823e+02 1.6144806873e+01
4.10000e+01 3.3821703447e+02 1.5802475873e+01
4.20000e+01 3.4676608854e+02 9.1106278861e-01
4.30000e+01 3.5498813930e+02 1.6944656885e+01
4.40000e+01 3.6304167292e+02 4.4005932317e+01
4.50000e+01 3.7145852257e+02 1.6706376687e+01
4.60000e+01 3.7957672942e+02 4.6289044699e+01
4.70000e+01 3.8648166596e+02 4.4777027850e+01
4.80000e+01 3.9363549809e+02 1.2683396201e+00
4.90000e+01 4.0115290679e+02 1.4103002153e+01
5.00000e+01 4.0869155357e+02 2.9768162176e+01
5.10000e+01 4.1608358162e+02 1.6424543633e+01
5.20000e+01 4.2298989305e+02 2.9511986835e+01
5.30000e+01 4.3107274387e+02 3.0647000307e+01
5.40000e+01 4.3962622558e+02 1.1660137586e+00
5.50000e+01 4.4785668704e+02 1.3066341916e+01
5.60000e+01 4.5592063048e+02 2.8203464873e+01
5.70000e+01 4.6435042005e+02 1.6813179521e+01
5.80000e+01 4.7248289519e+02 3.0630621594e+01
5.90000e+01 4.7940154297e+02 2.9456043929e+01
6.00000e+01 4.8619477245e+02 2.9313505929e+01
6.10000e+01 4.9424761950e+02 1.5834036310e+01
6.20000e+01 5.0278331416e+02 1.6627400451e+01
6.30000e+01 5.1126989332e+02 1.6667562640e+01
6.40000e+01 5.1944985704e+02 1.5865690852e+01
6.50000e+01 5.2640073087e+02 1.3369065574e+01
6.60000e+01 5.3358677029e+02 1.9364902989e+01
6.70000e+01 5.4113153291e+02 1.2996427893e+01
6.80000e+01 5.4838777818e+02 9.1530422453e+00
6.90000e+01 5.5452368113e+02 5.1937276880e+00
7.00000e+01 5.6093527766e+02 1.2208988569e+01
7.10000e+01 5.6742903155e+02 4.5752963001e+01
7.20000e+01 5.7353727812e+02 1.7859247572e+01
7.30000e+01 5.7970340157e+02 1.2227000072e+01
7.40000e+01 5.8581469369e+02 1.2217818614e+01
7.50000e+01 5.9312112817e+02 2.4247301782e+01
7.60000e+01 6.0089075841e+02 4.1349233687e+01
7.70000e+01 6.0840720295e+02 1.2864201628e+01
7.80000e+01 6.1541724861e+02 8.9875353764e-01
7.90000e+01 6.2360564392e+02 1.9107711662e+01
8.00000e+01 6.3225266942e+02 1.3728732678e+01
8.10000e+01 6.4056041336e+02 1.6891541907e+00
8.20000e+01 6.4833554101e+02 1.6596672695e+01
8.30000e+01 6.5735892251e+02 1.4549990120e+01
8.40000e+01 6.6684389507e+02 2.5254121095e+00
8.50000e+01 6.7590896910e+02 1.7337406103e+01
8.60000e+01 6.8442209471e+02 1.5273438094e+01
8.70000e+01 6.9425791502e+02 3.3353255123e+00
8.80000e+01 7.0456112577e+02 1.8138306882e+01
8.90000e+01 7.1436779839e+02 1.5999763241e+01
9.00000e+01 7.2396239599e+02 6.3506607272e+01
9.10000e+01 7.3407265737e+02 6.4293198006e+01
9.20000e+01 7.4389334829e+02 5.3666773695e+01
9.30000e+01 7.5233727065e+02 6.5720899583e+01
9.40000e+01 7.6099409992e+02 2.9675302845e+00
9.50000e+01 7.6972957535e+02 2.0758859795e+01
9.60000e+01 7.7804570459e+02 3.5091151472e+01
9.70000e+01 7.8775154453e+02 1.9019485097e+01
9.80000e+01 7.9759387047e+02 3.1977792687e+01
9.90000e+01 8.0602969601e+02 1.6182469269e+01
1.00000e+02 8.1468204499e+02 1.6828322027e+01
1.01000e+02 8.2385334061e+02 3.2036146014e+01
1.02000e+02 8.3305013757e+02 5.0786758171e+01
1.03000e+02 8.4194544042e+02 1.6971321131e+01
1.04000e+02 8.5032127212e+02 1.6225989265e+01
1.05000e+02 8.6002712238e+02 4.9706684835e+01
1.06000e+02 8.7021714929e+02 2.7762722152e+00
1.07000e+02 8.7993124314e+02 1.3443063907e+01
1.08000e+02 8.8908926936e+02 2.1317193822e+01
1.09000e+02 8.9964763601e+02 3.6260123334e+00
1.10000e+02 9.1068695490e+02 1.4278912827e+01
1.11000e+02 9.2116487034e+02 2.2059698217e+01
1.12000e+02 9.3106545501e+02 4.3649447693e+00
1.13000e+02 9.4243894048e+02 1.5079752740e+01
1.14000e+02 9.5393902910e+02 5.7046108083e+01
1.15000e+02 9.6387538350e+02 4.3366748593e+01
1.16000e+02 9.7398702150e+02 5.3880898198e+01
1.17000e+02 9.8417482461e+02 1.9616755428e+01
1.18000e+02 9.9392118641e+02 1.9011773349e+01
1.19000e+02 1.0052092720e+03 2.2104672604e+01
1.20000e+02 1.0169983752e+03 4.2384561509e+01
1.21000e+02 1.0281597744e+03 4.4200697141e+00
1.22000e+02 1.0387368685e+03 1.8811977037e+01
1.23000e+02 1.0508664042e+03 2.0993554538e+01
1.24000e+02 1.0634914556e+03 5.2515978299e+00
1.25000e+02 1.0754077925e+03 1.9548102768e+01
1.26000e+02 1.0867164266e+03 2.1704100953e+01
1.27000e+02 1.0980408414e+03 6.0856383907e+01
1.28000e+02 1.1096016034e+03 4.4990466936e+01
1.29000e+02 1.1219803402e+03 8.5594953922e+01
1.30000e+02 1.1340976183e+03 6.5514040205e+01
1.31000e+02 1.1446235020e+03 2.2490981048e-01
1.32000e+02 1.1553289960e+03 3.8624463804e+00
1.33000e+02 1.1667783919e+03 3.9120734544e+01
1.34000e+02 1.1779807713e+03 6.9021378795e-01
1.35000e+02 1.1876956759e+03 3.0476047871e+00
1.36000e+02 1.1976170475e+03 3.8297491461e+01
1.37000e+02 1.2082101696e+03 1.5457974797e+00
1.38000e+02 1.2185558355e+03 2.1878437465e+00
1.39000e+02 1.2287775289e+03 4.4884711822e+01
1.40000e+02 1.2395098471e+03 5.9890897931e+01
1.41000e+02 1.2497517426e+03 6.3149174216e+01
1.42000e+02 1.2594504254e+03 4.3229875835e+01
1.43000e+02 1.2706261483e+03 1.9238828686e+01
1.44000e+02 1.2823058521e+03 2.1778334163e+01
1.45000e+02 1.2933725121e+03 8.7019169577e-01
1.46000e+02 1.3038612718e+03 2.0009666726e+01
1.47000e+02 1.3158970229e+03 2.2616584025e+01
1.48000e+02 1.3280725320e+03 6.3372263670e+01
1.49000e+02 1.3386282839e+03 5.9135125504e+01
1.50000e+02 1.3489735429e+03 2.2450466748e+01
1.51000e+02 1.3609527045e+03 2.3210946842e+01
1.52000e+02 1.3734472798e+03 1.6841930458e+00
1.53000e+02 1.3852499889e+03 4.3153722360e+01
1.54000e+02 1.3964588796e+03 2.4051367617e+01
1.55000e+02 1.4092918366e+03 8.5379546402e-01
1.56000e+02 1.4226314782e+03 4.3955634823e+01
1.57000e+02 1.4351968889e+03 2.4790017942e+01
1.58000e+02 1.4471452665e+03 1.5924285308e+00
1.59000e+02 1.4607876842e+03 2.3136112343e+01
1.60000e+02 1.4749415885e+03 2.5579490761e+01
1.61000e+02 1.4889585402e+03 1.1679893994e+02
1.62000e+02 1.5027055696e+03 4.8725174026e+01
1.63000e+02 1.5147024170e+03 4.9487264136e+01
1.64000e+02 1.5268239753e+03 1.1733807600e+02
1.65000e+02 1.5398180906e+03 2.2695054837e-01
1.66000e+02 1.5525760743e+03 9.8904562204e-01
1.67000e+02 1.5637022798e+03 4.8268843194e+01
1.68000e+02 1.5750035094e+03 1.0470522905e+00
1.69000e+02 1.5871201076e+03 1.6734029794e+00
1.70000e+02 1.5990042887e+03 4.7164464642e+01
1.71000e+02 1.6093438336e+03 1.8326658357e+00
1.72000e+02 1.6198821079e+03 2.4346848480e+00
1.73000e+02 1.6311640325e+03 4.6090455871e+01
1.74000e+02 1.6422097124e+03 2.6693343385e+00
1.75000e+02 1.6517919033e+03 3.1896041067e+00
1.76000e+02 1.6615909480e+03 4.5305135748e+01
1.77000e+02 1.6714963746e+03 8.9851912279e+01
1.78000e+02 1.6813482509e+03 1.8562905377e+01
1.79000e+02 1.6918570503e+03 3.4397901373e+00
1.80000e+02 1.7021214752e+03 3.9676694994e+00
1.81000e+02 1.7109875319e+03 6.3088038830e+01
1.82000e+02 1.7200822677e+03 7.5714051444e-01
1.83000e+02 1.7297697948e+03 4.7849741667e+00
1.84000e+02 1.7392068929e+03 6.2197623995e+01
1.85000e+02 1.7473292313e+03 1.5001016696e+00
1.86000e+02 1.7556989433e+03 7.2502379123e-01
1.87000e+02 1.7645883029e+03 6.1337258832e+01
1.88000e+02 1.7735244198e+03 1.1909358128e+02
1.89000e+02 1.7821947564e+03 1.5828570322e+01
1.90000e+02 1.7907215461e+03 3.4706386005e+01
1.91000e+02 1.7996951516e+03 1.6628544563e+01
1.92000e+02 1.8084001357e+03 2.2307154992e+00
1.93000e+02 1.8169946644e+03 1.3948050993e+02
1.94000e+02 1.8260811033e+03 1.6762237989e+01
1.95000e+02 1.8348284222e+03 3.4748661856e+01
1.96000e+02 1.8430622251e+03 1.5873943096e+02
1.97000e+02 1.8526181241e+03 1.7706846165e+01
1.98000e+02 1.8626617664e+03 9.5720327248e-01
1.99000e+02 1.8722445002e+03 1.6759706334e+01
2.00000e+02 1.8812790410e+03 1.8489877166e+01
2.01000e+02 1.8917065359e+03 1.8278418677e+00
2.02000e+02 1.9026184199e+03 1.6976619069e+01
2.03000e+02 1.9129825629e+03 1.9252796439e+01
2.04000e+02 1.9231310314e+03 5.3575515687e+01
2.05000e+02 1.9338660702e+03 3.6422797675e+01
2.06000e+02 1.9443257073e+03 5.6063466772e+01
2.07000e+02 1.9533539435e+03 8.8375218846e+01
2.08000e+02 1.9622120933e+03 3.5627652799e+01
2.09000e+02 1.9725523790e+03 1.9445688844e+01
2.10000e+02 1.9830430042e+03 3.4009017912e+01
2.11000e+02 1.9920765889e+03 1.6471111962e+01
2.12000e+02 2.0013196146e+03 1.3901118365e-01
2.13000e+02 2.0111510273e+03 3.5644638386e+01
2.14000e+02 2.0207165630e+03 1.5529551335e+01
2.15000e+02 2.0289452776e+03 8.0487012267e-01
2.16000e+02 2.0374105071e+03 3.4831197596e+01
2.17000e+02 2.0463944089e+03 1.4666510789e+01
2.18000e+02 2.0551154694e+03 1.6485404129e+00
2.19000e+02 2.0625848346e+03 1.7710125714e+01
2.20000e+02 2.0703106149e+03 1.3912395003e+01
2.21000e+02 2.0784811676e+03 2.4602409321e+00
2.22000e+02 2.0863844463e+03 1.6874633775e+01
2.23000e+02 2.0941967537e+03 6.2171919615e+01
2.24000e+02 2.1025004443e+03 6.5472861515e+01
2.25000e+02 2.1105389002e+03 6.5634295659e+01
2.26000e+02 2.1180813697e+03 4.6242280837e+01
2.27000e+02 2.1256468694e+03 2.7822697947e+01
2.28000e+02 2.1335064158e+03 1.4397135585e+01
2.29000e+02 2.1418003366e+03 1.6981127191e+01
2.30000e+02 2.1498065818e+03 2.7897841756e+01
2.31000e+02 2.1566145096e+03 2.0291432288e-01
2.32000e+02 2.1636848119e+03 5.4624816383e-01
2.33000e+02 2.1711232069e+03 2.7014418134e+01
2.34000e+02 2.1782817210e+03 1.0504425420e+00
2.35000e+02 2.1853540992e+03 2.6080622639e+01
2.36000e+02 2.1929078741e+03 4.3201634094e+01
2.37000e+02 2.2002636315e+03 1.3154338057e+01
2.38000e+02 2.2074932001e+03 2.7146669992e+01
2.39000e+02 2.2150216412e+03 1.3512769802e+01
2.40000e+02 2.2222561234e+03 1.2753316149e+01
2.41000e+02 2.2283688753e+03 2.5878645551e+01
2.42000e+02 2.2347540943e+03 1.2654907453e+01
2.43000e+02 2.2414316640e+03 8.5087139468e-01
2.44000e+02 2.2478210061e+03 1.2330278687e+01
2.45000e+02 2.2531745448e+03 1.1883039342e+01
2.46000e+02 2.2588246548e+03 1.5851295351e+00
2.47000e+02 2.2646972445e+03 9.7814155089e+00
2.48000e+02 2.2702774544e+03 1.1062024129e+01
2.49000e+02 2.2748989973e+03 2.3155402669e+00
2.50000e+02 2.2798338824e+03 9.0564091839e+00
2.51000e+02 2.2849181165e+03 1.0262606510e+01
2.52000e+02 2.2897037643e+03 3.1077867712e+00
2.53000e+02 2.2936050784e+03 8.3271239719e+00
2.54000e+02 2.2978352771e+03 9.5476574515e+00
2.55000e+02 2.3021413276e+03 3.8828626252e+00
2.56000e+02 2.3061412890e+03 7.5331104690e+00
2.57000e+02 2.3093300419e+03 8.8255486764e+00
2.58000e+02 2.3128617982e+03 4.5774221310e+00
2.59000e+02 2.3163952855e+03 6.7530140787e+00
2.60000e+02 2.3196147043e+03 8.0361805125e+00
2.61000e+02 2.3220953864e+03 5.2809154984e+00
2.62000e+02 2.3249334718e+03 6.0525901507e+00
2.63000e+02 2.3276987165e+03 7.2599017970e+00
2.64000e+02 2.3301422640e+03 6.0515058862e+00
2.65000e+02 2.3319190083e+03 5.3425997043e+00
2.66000e+02 2.3340667695e+03 6.5623176892e+00
2.67000e+02 2.3360687639e+03 6.8087046609e+00
2.68000e+02 2.3377407303e+03 4.5656759913e+00
2.69000e+02 2.3388169700e+03 5.8552507700e+00
2.70000e+02 2.3402777378e+03 7.4888892669e+00
2.71000e+02 2.3418039820e+03 5.1482228665e+01
2.72000e+02 2.3429997311e+03 6.5487709977e+01
2.73000e+02 2.3448184771e+03 4.1820539788e+01
2.74000e+02 2.3467264630e+03 6.0854150391e+00
2.75000e+02 2.3479539115e+03 7.7133318081e-01
2.76000e+02 2.3495443660e+03 1.4799752929e+00
2.77000e+02 2.3509115119e+03 1.0005591429e+01
2.78000e+02 2.3519269373e+03 1.2199865413e-01
2.79000e+02 2.3523967587e+03 7.5762704144e-01
2.80000e+02 2.3532545674e+03 7.9126514024e+00
2.81000e+02 2.3538187092e+03 9.2488084002e-01
2.82000e+02 2.3540308327e+03 1.5601713449e+00
2.83000e+02 2.3537773026e+03 5.5835781765e-01
2.84000e+02 2.3539293541e+03 1.6297131655e+00
2.85000e+02 2.3537155577e+03 2.3365492753e+00
2.86000e+02 2.3531438665e+03 2.2601527384e-01
2.87000e+02 2.3521804767e+03 1.9915690979e+00
2.88000e+02 2.3516380706e+03 3.0286702815e+00
2.89000e+02 2.3506570397e+03 9.9302379428e-01
2.90000e+02 2.3496407885e+03 3.3166602034e+01
2.91000e+02 2.3492535925e+03 6.1880845406e+00
2.92000e+02 2.3485358350e+03 3.3315921735e+00
2.93000e+02 2.3481869453e+03 2.0054168698e+00
2.94000e+02 2.3482230645e+03 2.8391690631e+00
2.95000e+02 2.3487249181e+03 2.4392108858e+00
2.96000e+02 2.3488546136e+03 8.4745290380e-01
2.97000e+02 2.3494214836e+03 9.1575967580e-01
2.98000e+02 2.3503655115e+03 8.7888997141e-01
2.99000e+02 2.3513322442e+03 1.9477636946e+00
3.00000e+02 2.3519070702e+03 5.0788843422e-01
3.01000e+02 2.3519442155e+03 1.4811200509e+00
3.02000e+02 2.3523453632e+03 1.8973388926e+00
3.03000e+02 2.3523731815e+03 1.4462950332e+00
3.04000e+02 2.3520247173e+03 9.2329014627e-01
3.05000e+02 2.3512534797e+03 1.9669809098e-01
3.06000e+02 2.3505208904e+03 5.2711294418e-01
3.07000e+02 2.3502377661e+03 2.2797417173e+00
3.08000e+02 2.3503470572e+03 3.3376959270e-01
3.09000e+02 2.3509161248e+03 1.9189003545e+00
3.10000e+02 2.3511146527e+03 6.8719212804e-01
3.11000e+02 2.3517593275e+03 9.2779908154e-01
3.12000e+02 2.3527812385e+03 1.6786612300e+00
3.13000e+02 2.3541664971e+03 8.1619099812e-01
3.14000e+02 2.3551513601e+03 1.0540537139e+00
3.15000e+02 2.3566529464e+03 1.9468512539e+00
3.16000e+02 2.3585333505e+03 1.6738678911e+00
3.17000e+02 2.3606931915e+03 7.7458233866e-01
3.18000e+02 2.3627961304e+03 2.6121664141e+00
3.19000e+02 2.3646046638e+03 3.6204819557e+00
3.20000e+02 2.3660304446e+03 2.3685586694e+00
3.21000e+02 2.3668549632e+03 4.2053103943e+00
3.22000e+02 2.3680360975e+03 3.3983296472e-01
3.23000e+02 2.3689290688e+03 9.1556217023e-01
3.24000e+02 2.3694558287e+03 1.0894610615e+00
3.25000e+02 2.3699591785e+03 1.3663854641e+00
3.26000e+02 2.3708667267e+03 1.4794290067e-01
3.27000e+02 2.3721792717e+03 2.1017513730e+00
3.28000e+02 2.3734807924e+03 9.5839843438e-01
3.29000e+02 2.3747588851e+03 9.2298774251e-01
3.30000e+02 2.3756682245e+03 3.8578628925e+00
3.31000e+02 2.3771271260e+03 9.5555169756e-01
3.32000e+02 2.3789799283e+03 3.6199774774e+00
3.33000e+02 2.3811244842e+03 8.6646320117e-01
3.34000e+02 2.3828555337e+03 1.1528433559e+00
3.35000e+02 2.3851840163e+03 3.9413055206e+00
3.36000e+02 2.3875659801e+03 6.1237013157e+00
3.37000e+02 2.3892047626e+03 2.1111970982e+00
3.38000e+02 2.3911747874e+03 2.4561656532e+00
3.39000e+02 2.3929326986e+03 7.6749455428e+00
3.40000e+02 2.3943236902e+03 9.9097215141e-01
3.41000e+02 2.3951234220e+03 1.6146588900e+00
3.42000e+02 2.3962906893e+03 3.3241927871e+00
3.43000e+02 2.3971789142e+03 1.8596674186e+00
3.44000e+02 2.3977060784e+03 8.6382737977e-01
3.45000e+02 2.3977311645e+03 2.5462228391e+00
3.46000e+02 2.3981465851e+03 2.6096544109e+00
3.47000e+02 2.3982111918e+03 1.6865817486e+00
3.48000e+02 2.3979118634e+03 1.1708166709e+00
3.49000e+02 2.3971902517e+03 3.3537425414e+00
3.50000e+02 2.3968779899e+03 2.4125775529e+00
3.51000e+02 2.3961422218e+03 3.6927104747e-01
3.52000e+02 2.3950368162e+03 2.8033865205e+00
3.53000e+02 2.3935851535e+03 3.1402159967e+00
3.54000e+02 2.3925589199e+03 3.4506996453e-01
3.55000e+02 2.3910352570e+03 3.1504491669e+00
3.56000e+02 2.3891345327e+03 7.9531870146e-01
3.57000e+02 2.3869619084e+03 1.0656864774e+00
3.58000e+02 2.3852299866e+03 1.6588375420e+00
3.59000e+02 2.3829261109e+03 7.8021272441e-01
3.60000e+02 2.3802381977e+03 7.8718888818e-01
3.61000e+02 2.3773517617e+03 1.1924190449e+00
3.62000e+02 2.3749209106e+03 6.9892929386e-01
3.63000e+02 2.3718439139e+03 7.7312103862e-01
3.64000e+02 2.3683747006e+03 7.8130013748e-01
3.65000e+02 2.3649432738e+03 5.7599093807e+00
3.66000e+02 2.3618901831e+03 4.0402962161e+00
3.67000e+02 2.3589586248e+03 2.6540343948e+00
3.68000e+02 2.3556272820e+03 5.6162788558e+00
3.69000e+02 2.3521319710e+03 6.0887503517e-01
3.70000e+02 2.3490871771e+03 6.1394281960e-01
3.71000e+02 2.3453185988e+03 2.0738031577e+00
3.72000e+02 2.3411410968e+03 8.4615920073e-01
3.73000e+02 2.3368983397e+03 7.4744616412e-01
3.74000e+02 2.3331319490e+03 7.2159676782e-01
3.75000e+02 2.3285718394e+03 7.9153123351e-01
3.76000e+02 2.3236003859e+03 7.9395152150e-01
3.77000e+02 2.3186394592e+03 7.1816961557e-01
3.78000e+02 2.3141715819e+03 7.0148654853e-01
3.79000e+02 2.3088371739e+03 7.7429842321e-01
3.80000e+02 2.3034269333e+03 2.3571500070e+00
3.81000e+02 2.2990383525e+03 6.5991005337e+00
3.82000e+02 2.2943907668e+03 8.1954205526e+00
3.83000e+02 2.2896855076e+03 7.6648811058e+00
3.84000e+02 2.2853136567e+03 5.5541117642e+00
3.85000e+02 2.2810348977e+03 4.9567009630e+00
3.86000e+02 2.2763187803e+03 2.8089335007e+00
3.87000e+02 2.2715536428e+03 3.7160015473e+00
3.88000e+02 2.2672511474e+03 6.4271196405e+00
3.89000e+02 2.2629567868e+03 8.0930049881e+00
3.90000e+02 2.2583642816e+03 6.7214744984e+00
3.91000e+02 2.2537348813e+03 6.2849553604e+00
3.92000e+02 2.2491494208e+03 8.7361646889e-01
3.93000e+02 2.2445423823e+03 5.4503369836e+00
3.94000e+02 2.2402605372e+03 7.9949061508e+00
3.95000e+02 2.2368392188e+03 1.2722159527e+00
3.96000e+02 2.2331137370e+03 4.5380306139e+00
3.97000e+02 2.2294020286e+03 1.9793988798e-02
3.98000e+02 2.2256953996e+03 8.9814675355e+00
3.99000e+02 2.2217930525e+03 7.2705320598e-01
4.00000e+02 2.2179649519e+03 6.2370740220e-01
4.01000e+02 2.2142262452e+03 7.0987855359e+00
4.02000e+02 2.2108198710e+03 5.6783668542e-01
4.03000e+02 2.2081856315e+03 7.8707883846e-01
4.04000e+02 2.2052287868e+03 8.7125589318e-01
4.05000e+02 2.2022118885e+03 8.8544879340e-01
4.06000e+02 2.1995647386e+03 6.7372006092e+00
4.07000e+02 2.1961596408e+03 8.4369818304e+00
4.08000e+02 2.1923205913e+03 1.4784690525e+00
4.09000e+02 2.1883671106e+03 7.6670458054e+00
4.10000e+02 2.1848658892e+03 1.0310892995e+00
4.11000e+02 2.1805766755e+03 8.8411577883e-01
4.12000e+02 2.1758653469e+03 8.5316579579e+00
4.13000e+02 2.1711317061e+03 1.8102182723e+00
4.14000e+02 2.1668765452e+03 7.5393949905e-01
4.15000e+02 2.1617641908e+03 8.2314071369e-01
4.16000e+02 2.1562274347e+03 1.9352765458e+00
4.17000e+02 2.1507486241e+03 1.4669100800e+00
4.18000e+02 2.1457671470e+03 7.2631615267e-01
4.19000e+02 2.1398552263e+03 7.9956634237e-01
4.20000e+02 2.1335135756e+03 8.0489464157e-01
4.21000e+02 2.1273064627e+03 7.2830226254e-01
4.22000e+02 2.1216126334e+03 7.1235221525e-01
4.23000e+02 2.1149154745e+03 7.8523826005e-01
4.24000e+02 2.1077820422e+03 7.9178149474e-01
4.25000e+02 2.1008570165e+03 7.1791290072e-01
4.26000e+02 2.0941020996e+03 1.1682736673e+01
4.27000e+02 2.0871511229e+03 2.6450010913e+00
4.28000e+02 2.0805209539e+03 3.4008125280e+00
4.29000e+02 2.0749753481e+03 1.2862303208e+01
4.30000e+02 2.0691771677e+03 1.6856195760e+00
4.31000e+02 2.0631819827e+03 2.4416200198e+00
4.32000e+02 2.0574912402e+03 1.0600869601e+01
4.33000e+02 2.0527828021e+03 8.3716766664e-01
4.34000e+02 2.0477892745e+03 1.6176224833e-01
4.35000e+02 2.0426673344e+03 8.7718675554e+00
4.36000e+02 2.0378487858e+03 8.7219385318e-01
4.37000e+02 2.0339259877e+03 7.8564004469e-01
4.38000e+02 2.0296965082e+03 7.6404816576e-01
4.39000e+02 2.0254124790e+03 8.3791080852e-01
4.40000e+02 2.0214362890e+03 1.1543987722e+00
4.41000e+02 2.0182753236e+03 7.6183277305e-01
4.42000e+02 2.0147893554e+03 7.4351114841e-01
4.43000e+02 2.0113244465e+03 1.8985301765e+00
4.44000e+02 2.0081728527e+03 1.5856671590e+00
4.45000e+02 2.0057588303e+03 7.4694291790e-01
4.46000e+02 2.0030027045e+03 7.2984245684e-01
4.47000e+02 2.0003428643e+03 2.3891501362e+00
4.48000e+02 1.9980033426e+03 1.5582680763e+00
4.49000e+02 1.9963253300e+03 7.3600986884e-01
4.50000e+02 1.9942898300e+03 7.2062579847e-01
4.51000e+02 1.9921860224e+03 3.3525431702e+00
4.52000e+02 1.9904326950e+03 5.0452133365e+00
4.53000e+02 1.9880070227e+03 4.5508364406e+00
4.54000e+02 1.9851494748e+03 4.0163038406e+00
4.55000e+02 1.9820824749e+03 6.0033604669e+00
4.56000e+02 1.9794439673e+03 8.8518014697e-01
4.57000e+02 1.9761017743e+03 9.1652076342e-01
4.58000e+02 1.9723419687e+03 6.8996147631e+00
4.59000e+02 1.9684687353e+03 1.6905283860e+00
4.60000e+02 1.9650526009e+03 7.7762683812e-01
4.61000e+02 1.9616553389e+03 8.4205617945e+00
4.62000e+02 1.9579537023e+03 6.0031408760e+00
4.63000e+02 1.9543066857e+03 5.6953342733e-01
4.64000e+02 1.9510029990e+03 8.2453619354e+00
4.65000e+02 1.9484718039e+03 8.6606695689e-01
4.66000e+02 1.9459867378e+03 6.6158721066e+00
4.67000e+02 1.9427159710e+03 7.0292023732e+00
4.68000e+02 1.9390093236e+03 1.6356796902e+00
4.69000e+02 1.9351772155e+03 7.3449801877e+00
4.70000e+02 1.9317924510e+03 8.9969839232e-01
4.71000e+02 1.9276290971e+03 2.0290750081e+00
4.72000e+02 1.9230434850e+03 1.0883899088e+00
4.73000e+02 1.9184237975e+03 1.6863781182e+00
4.74000e+02 1.9139182658e+03 1.0133204275e+00
4.75000e+02 1.9094491360e+03 9.0592297672e+00
4.76000e+02 1.9053211729e+03 3.5474600669e-01
4.77000e+02 1.9020423461e+03 8.2556866240e+00
4.78000e+02 1.8984620181e+03 7.8876979346e+00
4.79000e+02 1.8949157489e+03 5.6846932328e-01
4.80000e+02 1.8916954855e+03 7.3397312747e+00
4.81000e+02 1.8892271971e+03 8.1053844537e-01
4.82000e+02 1.8864267692e+03 1.1105320137e+00
4.83000e+02 1.8835626318e+03 1.7555501413e+00
4.84000e+02 1.8810635885e+03 6.5519817780e+00
4.85000e+02 1.8778190104e+03 6.6608184745e-01
4.86000e+02 1.8741398698e+03 6.1526356760e+00
4.87000e+02 1.8703303279e+03 7.4908342722e+00
4.88000e+02 1.8669684525e+03 8.6283219938e-01
4.89000e+02 1.8628308240e+03 6.9949755139e+00
4.90000e+02 1.8582709192e+03 2.3039267746e+00
4.91000e+02 1.8536737506e+03 1.6495960902e+00
4.92000e+02 1.8495508757e+03 7.6099944376e-01
4.93000e+02 1.8445826778e+03 8.3056943830e-01
4.94000e+02 1.8391897551e+03 8.3301797588e-01
4.95000e+02 1.8338451592e+03 9.1307181549e+00
4.96000e+02 1.8288496298e+03 9.6553805834e-01
4.97000e+02 1.8248020079e+03 9.7469711655e+00
4.98000e+02 1.8204857800e+03 9.2239272644e+00
4.99000e+02 1.8161384540e+03 3.2697259212e-02
5.00000e+02 1.8121160333e+03 8.7641154869e+00
5.01000e+02 1.8081713825e+03 2.1548186249e+00
5.02000e+02 1.8037829325e+03 6.7036544995e+00
5.03000e+02 1.7993094322e+03 6.3657020055e-01
5.04000e+02 1.7952852951e+03 9.6384863168e+00
5.05000e+02 1.7904088465e+03 7.4733560329e+00
5.06000e+02 1.7850959468e+03 1.5603833530e+00
5.07000e+02 1.7798137775e+03 1.0437516755e+01
5.08000e+02 1.7750164006e+03 7.7323984108e-01
5.09000e+02 1.7702311140e+03 1.0448040719e+01
5.10000e+02 1.7655294101e+03 1.0341919638e+01
5.11000e+02 1.7598321135e+03 8.2084793207e-01
5.12000e+02 1.7536989649e+03 1.5651108406e+00
5.13000e+02 1.7476192304e+03 1.0487759897e+01
5.14000e+02 1.7415728602e+03 9.5954388982e+00
5.15000e+02 1.7355702725e+03 8.0194656383e-01
5.16000e+02 1.7297141197e+03 1.3397992596e+01
5.17000e+02 1.7238654595e+03 1.0868588732e+01
5.18000e+02 1.7184478252e+03 7.1593044870e-01
5.19000e+02 1.7119996593e+03 7.5086933367e-01
5.20000e+02 1.7051011426e+03 1.6472013079e+00
5.21000e+02 1.6983800511e+03 1.5876458033e+00
5.22000e+02 1.6921739081e+03 7.8850872430e-01
5.23000e+02 1.6848995858e+03 8.2615639485e-01
5.24000e+02 1.6775244638e+03 1.3790293921e+01
5.25000e+02 1.6703199084e+03 1.3706736750e+01
5.26000e+02 1.6626704747e+03 7.5091701137e-01
5.27000e+02 1.6552562682e+03 1.4808352367e+00
5.28000e+02 1.6483668684e+03 6.8325677447e-01
5.29000e+02 1.6403359612e+03 8.2635171935e-01
5.30000e+02 1.6318460147e+03 8.4051288954e-01
5.31000e+02 1.6234402117e+03 1.6102572062e+01
5.32000e+02 1.6153545199e+03 7.1056978160e-01
5.33000e+02 1.6085006308e+03 1.5276626878e+01
5.34000e+02 1.6014340935e+03 1.5139607060e+01
5.35000e+02 1.5940436673e+03 3.0551765719e-01
5.36000e+02 1.5869454609e+03 1.4273864933e+01
5.37000e+02 1.5809595439e+03 8.6797212426e-01
5.38000e+02 1.5747137798e+03 8.2077319639e-01
5.39000e+02 1.5683896090e+03 4.0746222797e-01
5.40000e+02 1.5624648095e+03 1.3429645808e+01
5.41000e+02 1.5554171204e+03 1.3392756687e+00
5.42000e+02 1.5478957135e+03 1.2553628058e+01
5.43000e+02 1.5406012251e+03 1.4386533810e+01
5.44000e+02 1.5334638609e+03 2.7436348944e+00
5.45000e+02 1.5263148020e+03 1.4542958697e-01
5.46000e+02 1.5196030618e+03 7.8694065871e-01
5.47000e+02 1.5117090124e+03 1.3387434808e+01
5.48000e+02 1.5033461505e+03 3.1005446612e+00
5.49000e+02 1.4952939356e+03 1.6893096998e+00
5.50000e+02 1.4877794166e+03 8.0277889210e-01
5.51000e+02 1.4790530432e+03 9.3820602519e-01
5.52000e+02 1.4698600247e+03 8.3015658657e-01
5.53000e+02 1.4610600057e+03 1.5497802903e+00
5.54000e+02 1.4528184778e+03 7.2700875071e-01
5.55000e+02 1.4432937129e+03 7.9839156109e-01
5.56000e+02 1.4332972364e+03 8.0345802318e-01
5.57000e+02 1.4237694363e+03 1.4540627913e+00
5.58000e+02 1.4144610656e+03 2.1710065270e+00
5.59000e+02 1.4046764352e+03 1.6653795312e+01
5.60000e+02 1.3951775335e+03 1.5335911106e+00
5.61000e+02 1.3870264482e+03 1.7895796103e+01
5.62000e+02 1.3786699940e+03 1.5685224957e+01
5.63000e+02 1.3698377155e+03 5.7970568577e-01
5.64000e+02 1.3612757379e+03 1.6940976202e+01
5.65000e+02 1.3539592185e+03 8.3456596233e-01
5.66000e+02 1.3464042806e+03 7.8242463116e-01
5.67000e+02 1.3384422944e+03 2.2211931583e+00
5.68000e+02 1.3307503764e+03 1.7037909893e+00
5.69000e+02 1.3242177406e+03 7.8388356351e-01
5.70000e+02 1.3174255061e+03 7.6270344466e-01
5.71000e+02 1.3102992361e+03 8.3571626502e-01
5.72000e+02 1.3034469492e+03 1.6227306993e+00
5.73000e+02 1.2976736978e+03 7.5938442342e-01
5.74000e+02 1.2916227512e+03 7.4128793772e-01
5.75000e+02 1.2854826958e+03 3.3877446456e+00
5.76000e+02 1.2797300015e+03 1.3013610702e+01
5.77000e+02 1.2728611168e+03 1.9676627564e+00
5.78000e+02 1.2655123441e+03 1.0624172370e+01
5.79000e+02 1.2583700301e+03 1.4002855687e+01
5.80000e+02 1.2517334762e+03 8.8385958562e-01
5.81000e+02 1.2450875796e+03 1.4756218034e+01
5.82000e+02 1.2381583919e+03 2.8223669683e+00
5.83000e+02 1.2311669978e+03 7.3205573184e-01
5.84000e+02 1.2245973647e+03 5.3708712396e+00
5.85000e+02 1.2179778831e+03 5.3390854042e+00
5.86000e+02 1.2110627618e+03 1.4066487266e-02
5.87000e+02 1.2038258500e+03 1.0619996446e+01
5.88000e+02 1.1968843139e+03 4.7684161625e+00
5.89000e+02 1.1910499354e+03 7.8510316964e-01
5.90000e+02 1.1853215787e+03 8.4127650119e-01
5.91000e+02 1.1784457643e+03 1.0620477948e+01
5.92000e+02 1.1710888252e+03 1.4728342947e+01
5.93000e+02 1.1637764157e+03 4.8391454271e+00
5.94000e+02 1.1567734448e+03 1.0671292185e+01
5.95000e+02 1.1508926687e+03 7.9403764658e-01
5.96000e+02 1.1447655067e+03 8.6037346249e+00
5.97000e+02 1.1385672155e+03 3.7319623300e+00
5.98000e+02 1.1327695919e+03 1.0679124461e+01
5.99000e+02 1.1258635375e+03 1.4743854555e+01
6.00000e+02 1.1184844509e+03 3.7503777922e+00
6.01000e+02 1.1113185213e+03 1.1005217965e+01
6.02000e+02 1.1046636422e+03 3.3072524196e+00
6.03000e+02 1.0968787633e+03 1.4852849502e+00
6.04000e+02 1.0886308209e+03 3.1926143565e+00
6.05000e+02 1.0806848507e+03 7.8004047603e-01
6.06000e+02 1.0732754144e+03 7.5455725123e-01
6.07000e+02 1.0646655391e+03 8.2499642597e-01
6.08000e+02 1.0555892260e+03 8.2837070456e-01
6.09000e+02 1.0468948132e+03 7.4844262161e-01
6.10000e+02 1.0387558698e+03 7.2950715822e-01
6.11000e+02 1.0293431239e+03 8.0287052687e-01
6.12000e+02 1.0194580353e+03 8.0877549528e-01
6.13000e+02 1.0100306116e+03 7.3301099313e-01
6.14000e+02 1.0011750333e+03 7.1663479930e-01
6.15000e+02 9.9097109183e+02 7.9119558112e-01
6.16000e+02 9.8028834263e+02 7.9766062226e-01
6.17000e+02 9.7013810337e+02 7.2281549836e-01
6.18000e+02 9.6057543263e+02 7.0709246129e-01
6.19000e+02 9.4959045142e+02 7.8103976081e-01
6.20000e+02 9.3811917233e+02 7.8852989589e-01
6.21000e+02 9.2676949441e+02 1.4697889314e+01
6.22000e+02 9.1571303026e+02 6.5034902666e+00
6.23000e+02 9.0616260868e+02 1.3707225011e+01
6.24000e+02 8.9645260378e+02 2.1286611243e+01
6.25000e+02 8.8613783384e+02 5.4620787957e+00
6.26000e+02 8.7608353949e+02 1.2691347982e+01
6.27000e+02 8.6741410179e+02 5.9587110145e+00
6.28000e+02 8.5891023376e+02 1.5901012874e+01
6.29000e+02 8.4896615997e+02 8.5087947049e+00
6.30000e+02 8.3886294665e+02 6.0016712690e+00
6.31000e+02 8.3018069950e+02 1.4438439189e+01
6.32000e+02 8.2129188107e+02 8.2118646535e-01
6.33000e+02 8.1185882432e+02 2.1710021548e+00
6.34000e+02 8.0268731822e+02 4.8821241973e+00
6.35000e+02 7.9481624111e+02 1.6315353188e+00
6.36000e+02 7.8671429906e+02 7.8687638687e-01
6.37000e+02 7.7814000979e+02 8.5876747541e-01
6.38000e+02 7.6982530237e+02 8.5679869112e-01
6.39000e+02 7.6272506756e+02 1.5569318138e+00
6.40000e+02 7.5537250032e+02 7.4937480024e-01
6.41000e+02 7.4762222023e+02 8.2400917954e-01
6.42000e+02 7.3982956811e+02 7.9731524966e+00
6.43000e+02 7.3220126252e+02 1.6388310746e+01
6.44000e+02 7.2506635095e+02 7.1313294505e+00
6.45000e+02 7.1672998629e+02 6.3574702180e+00
6.46000e+02 7.0790577155e+02 1.0007328564e+01
6.47000e+02 6.9942633800e+02 8.5112795181e-01
6.48000e+02 6.9148201880e+02 6.2342983116e+00
6.49000e+02 6.8226764762e+02 1.0875327751e+01
6.50000e+02 6.7257113525e+02 8.7229763718e-01
6.51000e+02 6.6330850584e+02 7.8319586592e-01
6.52000e+02 6.5460530975e+02 7.5887688207e-01
6.53000e+02 6.4455963762e+02 1.7027262898e+00
6.54000e+02 6.3402969051e+02 8.3343474048e-01
6.55000e+02 6.2360302425e+02 2.2319297225e+01
6.56000e+02 6.1347181892e+02 7.2413885998e+00
6.57000e+02 6.0475783581e+02 8.6512287060e-01
6.58000e+02 5.9586303950e+02 1.9546841004e+01
6.59000e+02 5.8644324826e+02 9.8325886307e-01
6.60000e+02 5.7728838690e+02 1.1208622063e-01
6.61000e+02 5.6943194309e+02 1.7067403175e+01
6.62000e+02 5.6134770572e+02 8.1055894939e-01
6.63000e+02 5.5279741134e+02 8.6949684867e-01
6.64000e+02 5.4450878040e+02 1.1761209883e+01
6.65000e+02 5.3743258103e+02 7.8024444294e-01
6.66000e+02 5.3010487116e+02 7.5652749841e-01
6.67000e+02 5.2238363342e+02 8.2905663844e-01
6.68000e+02 5.1492788975e+02 8.3288727965e-01
6.69000e+02 5.0860512232e+02 7.5343193129e-01
6.70000e+02 5.0201328349e+02 7.3587103387e-01
6.71000e+02 4.9510164199e+02 8.0959624131e-01
6.72000e+02 4.8846121284e+02 8.1531452029e-01
6.73000e+02 4.8190735608e+02 2.6592140646e+00
6.74000e+02 4.7521151656e+02 2.6011444784e+00
6.75000e+02 4.6959242882e+02 1.4019825281e+00
6.76000e+02 4.6369249163e+02 6.9190164438e-01
6.77000e+02 4.5754922945e+02 7.6837932551e-01
6.78000e+02 4.5137828671e+02 4.6698416250e+00
6.79000e+02 4.4516082436e+02 4.7393719501e+00
6.80000e+02 4.3923050213e+02 7.6551728637e-01
6.81000e+02 4.3430312913e+02 1.3829244762e+00
6.82000e+02 4.2909745087e+02 6.9425893661e-01
6.83000e+02 4.2373316428e+02 8.5317575441e-01
6.84000e+02 4.1834714885e+02 7.8492731614e-01
6.85000e+02 4.1290979145e+02 1.2016593209e+01
6.86000e+02 4.0792389018e+02 7.1178483854e+00
6.87000e+02 4.0292237398e+02 6.1942148066e-01
6.88000e+02 3.9760939560e+02 1.2111876739e+01
6.89000e+02 3.9214696246e+02 6.8599583720e-01
6.90000e+02 3.8699103267e+02 7.7439244243e-01
6.91000e+02 3.8191964822e+02 2.3985570831e+00
6.92000e+02 3.7638666052e+02 1.2151548887e+01
6.93000e+02 3.7086949462e+02 9.2736162949e+00
6.94000e+02 3.6581439509e+02 2.2155817270e+00
6.95000e+02 3.5978604209e+02 1.0140477996e+01
6.96000e+02 3.5330175105e+02 1.1563306812e+00
6.97000e+02 3.4695223604e+02 3.0457152490e+00
6.98000e+02 3.4110072222e+02 7.9641429809e-01
6.99000e+02 3.3524921069e+02 1.2949760186e+01
7.00000e+02 3.2911134012e+02 1.0299195419e+00
7.01000e+02 3.2275053010e+02 1.0081886327e+01
7.02000e+02 3.1669951806e+02 1.3421578300e+01
7.03000e+02 3.1167255058e+02 7.2151708465e-01
7.04000e+02 3.0636665805e+02 9.2398264004e+00
7.05000e+02 3.0089568421e+02 3.2212260520e+00
7.06000e+02 2.9572252053e+02 8.7784835637e-01
7.07000e+02 2.9147760823e+02 7.8205518273e-01
7.08000e+02 2.8692865631e+02 1.2732398106e+00
7.09000e+02 2.8228543872e+02 8.2775623890e-01
7.10000e+02 2.7794187539e+02 8.2960036011e-01
7.11000e+02 2.7444524531e+02 7.4828222249e-01
7.12000e+02 2.7099585087e+02 7.9779932014e+00
7.13000e+02 2.6663660522e+02 2.4419548939e+00
7.14000e+02 2.6181516241e+02 1.0439136639e+01
7.15000e+02 2.5696420287e+02 7.2670776162e+00
7.16000e+02 2.5256930011e+02 1.2526035247e+00
7.17000e+02 2.4727473900e+02 8.5266686723e+00
7.18000e+02 2.4153682000e+02 1.2773721110e+00
7.19000e+02 2.3586682963e+02 2.0703817521e+00
7.20000e+02 2.3068388327e+02 7.8804359862e-01
7.21000e+02 2.2550626362e+02 1.1689611257e+01
7.22000e+02 2.2003717665e+02 1.2810309737e+00
7.23000e+02 2.1442144968e+02 8.5638625868e+00
7.24000e+02 2.0912494116e+02 1.1910600138e+01
7.25000e+02 2.0478361667e+02 8.3629515167e-01
7.26000e+02 2.0015118357e+02 7.7186448462e+00
7.27000e+02 1.9542754918e+02 3.2213464525e+00
7.28000e+02 1.9101040596e+02 8.7936530596e-01
7.29000e+02 1.8745230489e+02 7.8322341791e-01
7.30000e+02 1.8357834469e+02 3.4654563323e-01
7.31000e+02 1.7962977795e+02 9.3416806977e-01
7.32000e+02 1.7568720476e+02 8.6462090602e-01
7.33000e+02 1.7176218737e+02 7.9861699959e-01
7.34000e+02 1.6814833133e+02 1.3938243177e+00
7.35000e+02 1.6531952213e+02 7.2929187740e-01
7.36000e+02 1.6215988258e+02 7.8293364680e-01
7.37000e+02 1.5905550730e+02 8.2064211195e-01
7.38000e+02 1.5594793853e+02 5.4036418605e+00
7.39000e+02 1.5258342835e+02 5.8405656471e-01
7.40000e+02 1.4963365008e+02 7.0982919147e+00
7.41000e+02 1.4593104127e+02 7.9197249469e+00
7.42000e+02 1.4179217044e+02 4.4782954969e-01
7.43000e+02 1.3756649314e+02 7.9523607453e+00
7.44000e+02 1.3379590004e+02 8.2081483415e-01
7.45000e+02 1.2920394115e+02 1.0054459420e+00
7.46000e+02 1.2418212921e+02 3.5882055031e+00
7.47000e+02 1.1916450078e+02 1.6119451533e+00
7.48000e+02 1.1462652918e+02 7.6737849309e-01
7.49000e+02 1.0919492848e+02 8.3964181139e-01
7.50000e+02 1.0333112348e+02 8.4199306021e-01
7.51000e+02 9.7518251600e+01 8.2228306738e+00
7.52000e+02 9.2047260406e+01 1.1285725685e+00
7.53000e+02 8.6713673485e+01 1.0294302095e+00
7.54000e+02 8.0946055456e+01 6.7532902242e+00
7.55000e+02 7.5230398885e+01 1.2052046802e+00
7.56000e+02 6.9639475509e+01 1.2606552391e+01
7.57000e+02 6.3956509854e+01 9.9753777267e-01
7.58000e+02 5.8283174798e+01 1.1097165029e+00
7.59000e+02 5.2600507369e+01 2.2644543375e-01
7.60000e+02 4.7397651124e+01 6.6488465070e-01
7.61000e+02 4.1225326145e+01 8.3873805726e-01
7.62000e+02 3.4604248948e+01 1.1739611296e+00
7.63000e+02 2.8133409933e+01 1.4523913513e+00
7.64000e+02 2.2170247546e+01 7.6030614207e-01
7.65000e+02 1.5162073143e+01 8.3584942508e-01
7.66000e+02 7.7053201643e+00 1.7671282012e+00
7.67000e+02 4.8149679885e-01 1.5125301869e+00
7.68000e+02 -6.2147219395e+00 7.3305635139e-01
7.69000e+02 -1.4028484895e+01 8.0558855174e-01
7.70000e+02 -2.2295627555e+01 8.1038968205e-01
7.71000e+02 -3.0253381889e+01 1.4662542635e+00
7.72000e+02 -3.8024285599e+01 3.3376517417e+00
7.73000e+02 -4.6105932326e+01 2.3986810730e+00
7.74000e+02 -5.3883209675e+01 2.3062861553e+00
7.75000e+02 -6.1520825566e+01 2.1278328043e+00
7.76000e+02 -6.9625300342e+01 2.2336145080e+00
7.77000e+02 -7.7468691011e+01 1.1436366466e-01
7.78000e+02 -8.4788621992e+01 6.2371224239e-01
7.79000e+02 -9.3304749894e+01 8.7851201103e-01
7.80000e+02 -1.0229263419e+02 8.8340952338e-01
7.81000e+02 -1.1119662917e+02 3.1263281223e+00
7.82000e+02 -1.1979064057e+02 8.1673404229e-01
7.83000e+02 -1.2821101920e+02 7.2016804259e-01
7.84000e+02 -1.3674391173e+02 6.1118859211e-02
7.85000e+02 -1.4401973804e+02 1.5903993287e+01
7.86000e+02 -1.5152052261e+02 3.1109237730e+00
7.87000e+02 -1.5940549242e+02 2.6416560918e-01
7.88000e+02 -1.6700785668e+02 1.4957561019e+01
7.89000e+02 -1.7449543402e+02 1.3948744428e+01
7.90000e+02 -1.8246587362e+02 3.2684190221e-02
7.91000e+02 -1.9040813990e+02 1.4999899935e+01
7.92000e+02 -1.9835748405e+02 2.1095449719e-02
7.93000e+02 -2.0610928321e+02 5.3149702527e-01
7.94000e+02 -2.1369381190e+02 6.1470963302e-01
7.95000e+02 -2.2129443735e+02 1.5117370577e-01
7.96000e+02 -2.2845902537e+02 1.5732746327e+01
7.97000e+02 -2.3685908421e+02 9.1248149836e-01
7.98000e+02 -2.4539065415e+02 9.2920567818e-01
7.99000e+02 -2.5375596232e+02 2.5646906502e-01
8.00000e+02 -2.6223829774e+02 4.9234512577e-02
8.01000e+02 -2.6945991914e+02 1.5662808673e+01
8.02000e+02 -2.7691140777e+02 2.8406258576e-01
8.03000e+02 -2.8474721731e+02 1.8476299462e-01
8.04000e+02 -2.9230149592e+02 1.4719089054e+01
8.05000e+02 -2.9870400233e+02 8.1911498979e-01
8.06000e+02 -3.0499140391e+02 1.3951663560e+01
8.07000e+02 -3.1248515707e+02 8.7155501139e-01
8.08000e+02 -3.2012112365e+02 7.3660791002e-01
8.09000e+02 -3.2655998403e+02 6.4711757068e-01
8.10000e+02 -3.3325037293e+02 7.6109972875e-01
8.11000e+02 -3.4025429679e+02 8.3188568250e-01
8.12000e+02 -3.4697260909e+02 2.7118382075e-01
8.13000e+02 -3.5359168002e+02 8.7468222911e-01
8.14000e+02 -3.6068953859e+02 4.7154258528e-01
8.15000e+02 -3.6762801712e+02 1.4905291622e+01
8.16000e+02 -3.7407581577e+02 8.0686751999e-01
8.17000e+02 -3.8164386772e+02 4.7790997390e-01
8.18000e+02 -3.8968393277e+02 1.5832592810e+01
8.19000e+02 -3.9744590071e+02 8.2348940646e-01
8.20000e+02 -4.0468148486e+02 7.8778550231e-01
8.21000e+02 -4.1192420385e+02 4.3519973759e-02
8.22000e+02 -4.1943981878e+02 1.6538278285e+01
8.23000e+02 -4.2732887979e+02 1.5170594630e+01
8.24000e+02 -4.3492315177e+02 9.1943613550e-01
8.25000e+02 -4.4134934419e+02 1.4863818736e+01
8.26000e+02 -4.4802680596e+02 8.3815317369e-01
8.27000e+02 -4.5501575853e+02 1.8408272004e-02
8.28000e+02 -4.6172242293e+02 1.5594482824e-01
8.29000e+02 -4.6735833629e+02 7.9027905657e-01
8.30000e+02 -4.7327066839e+02 7.6512966762e-01
8.31000e+02 -4.7926838615e+02 1.3155810274e+01
8.32000e+02 -4.8487745804e+02 8.5137305558e-01
8.33000e+02 -4.9158443801e+02 1.4658184365e+01
8.34000e+02 -4.9876778935e+02 1.3108606680e+01
8.35000e+02 -5.0575909777e+02 9.0335381753e-01
8.36000e+02 -5.1260467947e+02 1.4978354538e+01
8.37000e+02 -5.1968612709e+02 6.3293844243e-02
8.38000e+02 -5.2646749134e+02 1.3402503238e+01
8.39000e+02 -5.3216053500e+02 7.9339138813e-01
8.40000e+02 -5.3811769524e+02 8.8842146622e-01
8.41000e+02 -5.4430810876e+02 1.2498066640e+01
8.42000e+02 -5.5051946617e+02 6.9543478849e-02
8.43000e+02 -5.5670410506e+02 8.0666952050e-01
8.44000e+02 -5.6241690373e+02 1.2638932166e+01
8.45000e+02 -5.6814379797e+02 1.2660143820e+01
8.46000e+02 -5.7379617463e+02 2.0478987960e+00
8.47000e+02 -5.8057108571e+02 1.3391459119e+01
8.48000e+02 -5.8780821886e+02 2.1991289956e-01
8.49000e+02 -5.9484005223e+02 1.5013274438e+01
8.50000e+02 -6.0136133688e+02 1.1408070861e+01
8.51000e+02 -6.0899753897e+02 9.2686373999e-01
8.52000e+02 -6.1709388727e+02 1.5336094056e+01
8.53000e+02 -6.2490156785e+02 7.7584721761e-01
8.54000e+02 -6.3217461748e+02 7.5176498037e-01
8.55000e+02 -6.3944916155e+02 3.0874365634e+00
8.56000e+02 -6.4699186142e+02 1.5256555682e+01
8.57000e+02 -6.5490499710e+02 1.7227221677e+00
8.58000e+02 -6.6252000303e+02 1.5772876475e+01
8.59000e+02 -6.6896239675e+02 1.1821589820e+01
8.60000e+02 -6.7527996406e+02 2.8093593406e+00
8.61000e+02 -6.8280021937e+02 1.5358931443e+01
8.62000e+02 -6.9080485954e+02 1.2047454976e+00
8.63000e+02 -6.9853853570e+02 1.5167294701e+01
8.64000e+02 -7.0575169145e+02 1.2024864135e+01
8.65000e+02 -7.1415639460e+02 1.1666732110e+00
8.66000e+02 -7.2303169107e+02 1.2952021254e+00
8.67000e+02 -7.3154691802e+02 7.8155079380e-01
8.68000e+02 -7.3951450096e+02 7.5442719067e-01
8.69000e+02 -7.4874273731e+02 8.2353319414e-01
8.70000e+02 -7.5844436295e+02 8.2632917160e-01
8.71000e+02 -7.6770688519e+02 7.4729529165e-01
8.72000e+02 -7.7640305787e+02 7.2858974150e-01
8.73000e+02 -7.8510448934e+02 4.8465967027e+00
8.74000e+02 -7.9405790872e+02 3.1317189629e+00
8.75000e+02 -8.0353470669e+02 1.7320765873e+01
8.76000e+02 -8.1302875974e+02 1.6047326228e+01
8.77000e+02 -8.2251023428e+02 4.6765823893e-03
8.78000e+02 -8.3171547572e+02 1.8241753850e+01
8.79000e+02 -8.3960035921e+02 2.3120392683e+00
8.80000e+02 -8.4768951522e+02 1.5390635447e+01
8.81000e+02 -8.5585864100e+02 1.2619967754e+01
8.82000e+02 -8.6360690087e+02 5.2546002054e+00
8.83000e+02 -8.7142195705e+02 1.5305417499e+01
8.84000e+02 -8.7915096750e+02 1.9249423064e-02
8.85000e+02 -8.8824222259e+02 1.8086530841e+01
8.86000e+02 -8.9782039894e+02 1.1373414827e+00
8.87000e+02 -9.0697620902e+02 5.7771521440e+00
8.88000e+02 -9.1557969663e+02 1.7113553561e+01
8.89000e+02 -9.2552160934e+02 8.5065762316e-01
8.90000e+02 -9.3594814042e+02 8.4835473716e-01
8.91000e+02 -9.4587041316e+02 7.6646265217e-01
8.92000e+02 -9.5521631003e+02 7.4240926474e-01
8.93000e+02 -9.6596947271e+02 8.1124996469e-01
8.94000e+02 -9.7721115287e+02 8.1514908273e-01
8.95000e+02 -9.8787125346e+02 7.3782785314e-01
8.96000e+02 -9.9793665709e+02 7.1950676321e-01
8.97000e+02 -1.0094829598e+03 7.9314005253e-01
8.98000e+02 -1.0215243771e+03 7.9973714812e-01
8.99000e+02 -1.0329096276e+03 7.2514991774e-01
9.00000e+02 -1.0436849306e+03 7.0989934541e-01
9.01000e+02 -1.0560146491e+03 7.8341571511e-01
9.02000e+02 -1.0688459604e+03 7.8989402214e-01
9.03000e+02 -1.0809474616e+03 7.1625072304e-01
9.04000e+02 -1.0924240936e+03 7.0132893638e-01
9.05000e+02 -1.1055290837e+03 7.7527168392e-01
9.06000e+02 -1.1191438268e+03 7.8343179483e-01
9.07000e+02 -1.1319558077e+03 7.1047964017e-01
9.08000e+02 -1.1441288760e+03 6.9643640524e-01
9.09000e+02 -1.1580041007e+03 7.7023454546e-01
9.10000e+02 -1.1723974295e+03 7.7858570061e-01
9.11000e+02 -1.1866357775e+03 2.2980385545e+01
9.12000e+02 -1.2006094137e+03 2.2368234106e+01
9.13000e+02 -1.2128095627e+03 4.3850928154e+00
9.14000e+02 -1.2251166354e+03 2.6249154047e+01
9.15000e+02 -1.2383068330e+03 5.7468830356e+00
9.16000e+02 -1.2512699788e+03 3.3702172835e+00
9.17000e+02 -1.2625812565e+03 2.0213227479e+01
9.18000e+02 -1.2736744212e+03 5.5286498794e+00
9.19000e+02 -1.2864895713e+03 5.7349588456e+00
9.20000e+02 -1.2998529911e+03 1.9948110180e+01
9.21000e+02 -1.3124527141e+03 2.6010646999e+01
9.22000e+02 -1.3244409996e+03 6.6243447391e+00
9.23000e+02 -1.3364673695e+03 5.8358983440e+00
9.24000e+02 -1.3487260793e+03 7.6721591826e+00
9.25000e+02 -1.3618892164e+03 1.8890619079e+01
9.26000e+02 -1.3748174615e+03 7.9221689538e+00
9.27000e+02 -1.3860851544e+03 6.2613584101e+00
9.28000e+02 -1.3975141155e+03 1.7434365661e+01
9.29000e+02 -1.4097674593e+03 1.0068911229e-01
9.30000e+02 -1.4217972013e+03 8.9850305445e-01
9.31000e+02 -1.4322660902e+03 7.9880390190e-01
9.32000e+02 -1.4429205664e+03 7.7448502762e-01
9.33000e+02 -1.4543259467e+03 8.4796339450e-01
9.34000e+02 -1.4655056466e+03 8.5004204459e-01
9.35000e+02 -1.4765439553e+03 1.8151320592e+01
9.36000e+02 -1.4881120549e+03 2.4050403387e+01
9.37000e+02 -1.4996209308e+03 5.2604632768e+00
9.38000e+02 -1.5108793470e+03 1.8211885447e+01
9.39000e+02 -1.5206428962e+03 7.0533972510e-01
9.40000e+02 -1.5305864963e+03 7.1087602321e-01
9.41000e+02 -1.5411910434e+03 1.7289344751e+01
9.42000e+02 -1.5515585593e+03 8.9090025519e-01
9.43000e+02 -1.5617936932e+03 2.1657457153e+01
9.44000e+02 -1.5725500712e+03 6.7280885541e-01
9.45000e+02 -1.5828166050e+03 4.6868462841e+00
9.46000e+02 -1.5925318492e+03 2.0545423275e+01
9.47000e+02 -1.6022857325e+03 1.6567841172e+01
9.48000e+02 -1.6119256346e+03 1.6475931197e+01
9.49000e+02 -1.6231371333e+03 9.7636485968e-01
9.50000e+02 -1.6348624516e+03 5.6510997665e+00
9.51000e+02 -1.6464852851e+03 1.2827695730e-01
9.52000e+02 -1.6578375042e+03 2.2221271892e+01
9.53000e+02 -1.6676666090e+03 7.5221569180e-02
9.54000e+02 -1.6776641705e+03 4.7361208367e+00
9.55000e+02 -1.6883176188e+03 5.5696485394e+00
9.56000e+02 -1.6990261758e+03 1.0167612912e+00
9.57000e+02 -1.7093038238e+03 2.1320006116e+01
9.58000e+02 -1.7193847218e+03 2.1382022537e+01
9.59000e+02 -1.7300638177e+03 9.9009687314e-01
9.60000e+02 -1.7404953227e+03 8.4556779964e-01
9.61000e+02 -1.7495109085e+03 1.9593306927e+01
9.62000e+02 -1.7587344442e+03 8.5736216812e-01
9.63000e+02 -1.7680586326e+03 1.4721981595e+01
9.64000e+02 -1.7769632811e+03 6.3936591415e-01
9.65000e+02 -1.7873304133e+03 4.6789226604e+00
9.66000e+02 -1.7982145603e+03 2.2584896825e+01
9.67000e+02 -1.8085651280e+03 1.6651057917e+00
9.68000e+02 -1.8183485739e+03 5.5530412358e+00
9.69000e+02 -1.8296061903e+03 1.6721523325e+01
9.70000e+02 -1.8410121679e+03 2.0548186219e+01
9.71000e+02 -1.8508698482e+03 5.6707890378e+00
9.72000e+02 -1.8609039452e+03 1.9211819294e+00
9.73000e+02 -1.8715986653e+03 2.2577936048e+01
9.74000e+02 -1.8820423222e+03 2.1424845067e+00
9.75000e+02 -1.8910659578e+03 5.2347545208e-01
9.76000e+02 -1.9002991747e+03 1.4459199565e+01
9.77000e+02 -1.9101262917e+03 8.6760305626e-01
9.78000e+02 -1.9200097900e+03 1.4259430816e+01
9.79000e+02 -1.9295388001e+03 4.7259306667e+00
9.80000e+02 -1.9385365292e+03 1.5919084980e+01
9.81000e+02 -1.9489341593e+03 2.0116457869e+01
9.82000e+02 -1.9598411902e+03 5.7447374284e+00
9.83000e+02 -1.9702110996e+03 1.5847380056e+01
9.84000e+02 -1.9800087621e+03 3.8831984826e+00
9.85000e+02 -1.9898312554e+03 1.5805338634e+01
9.86000e+02 -1.9999071391e+03 7.2712097385e+00
9.87000e+02 -2.0100685297e+03 4.5674816881e+00
9.88000e+02 -2.0201389784e+03 5.4349528543e-03
9.89000e+02 -2.0308605922e+03 1.6831204083e+01
9.90000e+02 -2.0416278853e+03 1.8381973302e+01
9.91000e+02 -2.0519525743e+03 1.6329841708e-01
9.92000e+02 -2.0617182973e+03 1.5757593772e+01
9.93000e+02 -2.0729561496e+03 2.5317581095e+00
9.94000e+02 -2.0847044306e+03 9.8098787583e-01
9.95000e+02 -2.0958345417e+03 3.2879306902e+00
9.96000e+02 -2.1063724001e+03 7.7213548457e-01
9.97000e+02 -2.1184536776e+03 8.4342518891e-01
9.98000e+02 -2.1310438198e+03 8.4186128997e-01
9.99000e+02 -2.1429316472e+03 7.5771624129e-01
1.00000e+03 -2.1542069439e+03 7.3743828820e-01
1.00100e+03 -2.1670982604e+03 8.1003901930e-01
1.00200e+03 -2.1801403364e+03 2.1471217372e+01
1.00300e+03 -2.1914815844e+03 8.7772637403e+00
1.00400e+03 -2.2029637545e+03 1.8226094238e+01
1.00500e+03 -2.2152522303e+03 2.3016608224e+01
1.00600e+03 -2.2275965692e+03 5.8316687582e+00
1.00700e+03 -2.2393552607e+03 1.4638255854e+01
1.00800e+03 -2.2505280940e+03 5.3021166405e+00
1.00900e+03 -2.2633208403e+03 2.1351176003e+01
1.01000e+03 -2.2766402285e+03 1.5598666914e+01
1.01100e+03 -2.2898344360e+03 9.0573171298e-01
1.01200e+03 -2.3030521054e+03 1.0171878376e-01
1.01300e+03 -2.3155969743e+03 4.2266537950e+00
1.01400e+03 -2.3275153967e+03 4.1094955248e+00
1.01500e+03 -2.3411107094e+03 8.0256632664e-01
1.01600e+03 -2.3548706549e+03 9.4863560506e+00
1.01700e+03 -2.3668721702e+03 1.8868135389e+01
1.01800e+03 -2.3790051933e+03 2.4549270562e+01
1.01900e+03 -2.3920175953e+03 9.2950641740e+00
1.02000e+03 -2.4048023363e+03 1.7792477802e+01
1.02100e+03 -2.4159507550e+03 5.1086274721e+00
1.02200e+03 -2.4272650815e+03 2.0640271332e-01
1.02300e+03 -2.4393939688e+03 1.3729232143e+01
1.02400e+03 -2.4515966036e+03 3.2073924879e+00
1.02500e+03 -2.4632359982e+03 5.0562498622e+00
1.02600e+03 -2.4746548508e+03 5.1557197473e+00
1.02700e+03 -2.4868195839e+03 3.1977842866e+00
1.02800e+03 -2.4987548057e+03 8.4951932990e-01
1.02900e+03 -2.5091354339e+03 7.6779043434e-01
1.03000e+03 -2.5196983161e+03 8.5597048879e-01
1.03100e+03 -2.5309979840e+03 1.7137350188e+00
1.03200e+03 -2.5420702770e+03 8.6292872413e-01
1.03300e+03 -2.5516757228e+03 7.7518243102e-01
1.03400e+03 -2.5614882149e+03 7.5039007456e-01
1.03500e+03 -2.5719669815e+03 1.6829670586e+00
1.03600e+03 -2.5822140942e+03 8.2518040392e-01
1.03700e+03 -2.5910733200e+03 7.4621996673e-01
1.03800e+03 -2.5997819048e+03 1.5557844612e+01
1.03900e+03 -2.6086132994e+03 1.5514455448e+01
1.04000e+03 -2.6177480700e+03 6.7772141421e-01
1.04100e+03 -2.6274818279e+03 1.5693639349e+00
1.04200e+03 -2.6369662882e+03 7.6265233296e-01
1.04300e+03 -2.6463247533e+03 1.9717726938e+01
1.04400e+03 -2.6561954083e+03 2.7192137799e+00
1.04500e+03 -2.6656562758e+03 1.3363759722e+01
1.04600e+03 -2.6745833589e+03 1.8615639424e+01
1.04700e+03 -2.6849045196e+03 9.6269564712e-01
1.04800e+03 -2.6957338255e+03 1.4309046959e+01
1.04900e+03 -2.7064739654e+03 2.4449227775e-01
1.05000e+03 -2.7169367776e+03 1.9375493165e+01
1.05100e+03 -2.7259616258e+03 6.2891265303e+00
1.05200e+03 -2.7351716235e+03 1.3425623028e+01
1.05300e+03 -2.7449539628e+03 1.8398317031e+01
1.05400e+03 -2.7544847797e+03 1.3306055931e+00
1.05500e+03 -2.7626876870e+03 1.1679410069e+01
1.05600e+03 -2.7711196060e+03 7.7807876843e-01
1.05700e+03 -2.7800646225e+03 1.5701920047e-01
1.05800e+03 -2.7887589092e+03 8.3653016443e-01
1.05900e+03 -2.7962075806e+03 7.5423598285e-01
1.06000e+03 -2.8039049209e+03 7.3457860297e-01
1.06100e+03 -2.8120434545e+03 1.3072435553e+00
1.06200e+03 -2.8199264256e+03 8.1131560695e-01
1.06300e+03 -2.8277102323e+03 1.6501840684e+01
1.06400e+03 -2.8359956305e+03 2.5439076869e+00
1.06500e+03 -2.8440195639e+03 1.6559791396e+01
1.06600e+03 -2.8515408439e+03 1.5791283216e+01
1.06700e+03 -2.8603076158e+03 2.4713364733e-01
1.06800e+03 -2.8695672641e+03 1.7517481621e+01
1.06900e+03 -2.8784409429e+03 8.4974546460e-01
1.07000e+03 -2.8867738049e+03 8.1158198643e-01
1.07100e+03 -2.8964211451e+03 2.1106672348e+00
1.07200e+03 -2.9065567652e+03 1.7248674824e+00
1.07300e+03 -2.9166013322e+03 1.0955292101e+00
1.07400e+03 -2.9266478825e+03 8.9069693197e-02
1.07500e+03 -2.9366574505e+03 3.4999077765e-02
1.07600e+03 -2.9463862911e+03 1.6780354884e+01
1.07700e+03 -2.9547488573e+03 3.1359659746e-01
1.07800e+03 -2.9633043028e+03 1.8250232512e+01
1.07900e+03 -2.9723554632e+03 1.5805166976e+01
1.08000e+03 -2.9811446123e+03 6.2640852245e-01
1.08100e+03 -2.9886747182e+03 1.6354100238e+01
1.08200e+03 -2.9964438973e+03 7.8626640190e-01
1.08300e+03 -3.0046518432e+03 1.4689966185e+00
1.08400e+03 -3.0125992522e+03 2.2575004095e+00
1.08500e+03 -3.0193686198e+03 7.6073828369e-01
1.08600e+03 -3.0263987620e+03 7.3903693552e-01
1.08700e+03 -3.0337958001e+03 9.5532701796e-01
1.08800e+03 -3.0409275425e+03 8.1566658541e-01
1.08900e+03 -3.0469586586e+03 1.2166077611e+00
1.09000e+03 -3.0528957029e+03 1.0167058898e+00
1.09100e+03 -3.0589367088e+03 9.8897199205e-03
1.09200e+03 -3.0649314128e+03 5.7659684238e-02
1.09300e+03 -3.0721155158e+03 1.5114947141e+01
1.09400e+03 -3.0797813585e+03 2.3807076214e+00
1.09500e+03 -3.0872089786e+03 1.5262145484e+01
1.09600e+03 -3.0941296819e+03 1.2199016095e+01
1.09700e+03 -3.1010654075e+03 8.9471975319e-01
1.09800e+03 -3.1082850524e+03 1.5436385987e+01
1.09900e+03 -3.1158571777e+03 2.2032396638e+00
1.10000e+03 -3.1234440071e+03 1.5167869967e+01
1.10100e+03 -3.1310476348e+03 2.0839864322e+00
1.10200e+03 -3.1383662802e+03 1.2353744761e+01
1.10300e+03 -3.1445442166e+03 1.2980675393e+01
1.10400e+03 -3.1509688023e+03 7.9505908375e-01
1.10500e+03 -3.1576738920e+03 1.1442853025e+01
1.10600e+03 -3.1640967730e+03 2.0372259828e+00
1.10700e+03 -3.1694796830e+03 7.9502635926e-01
1.10800e+03 -3.1747756944e+03 2.2021235282e+00
1.10900e+03 -3.1811803306e+03 1.2320751143e+01
1.11000e+03 -3.1880699938e+03 6.9716613663e-01
1.11100e+03 -3.1947982089e+03 1.3927280534e+01
1.11200e+03 -3.2010355300e+03 1.0181782670e+01
1.11300e+03 -3.2083706050e+03 2.3396995199e-01
1.11400e+03 -3.2158250066e+03 1.0271993534e+01
1.11500e+03 -3.2220891393e+03 1.7694436821e+00
1.11600e+03 -3.2285984672e+03 1.3998095340e+01
1.11700e+03 -3.2353929489e+03 1.5175004502e-01
1.11800e+03 -3.2418955043e+03 8.1582814975e-01
1.11900e+03 -3.2473421698e+03 1.0665834075e+01
1.12000e+03 -3.2530666480e+03 7.8484972084e-01
1.12100e+03 -3.2590093325e+03 8.5179716737e-01
1.12200e+03 -3.2646646335e+03 6.8676464371e-01
1.12300e+03 -3.2693512198e+03 7.6007911111e-01
1.12400e+03 -3.2739669494e+03 1.6801018358e+00
1.12500e+03 -3.2796185674e+03 1.6834570624e+00
1.12600e+03 -3.2857466150e+03 1.2831140409e+01
1.12700e+03 -3.2917831101e+03 1.2470003102e+01
1.12800e+03 -3.2973415762e+03 7.3903703117e-01
1.12900e+03 -3.3039262489e+03 1.3751363900e+01
1.13000e+03 -3.3109694212e+03 9.1512480444e-01
1.13100e+03 -3.3178251744e+03 8.0960090175e-02
1.13200e+03 -3.3241715501e+03 1.0831513213e+01
1.13300e+03 -3.3316118306e+03 1.7698175875e+00
1.13400e+03 -3.3395103110e+03 8.5530802852e-01
1.13500e+03 -3.3471380723e+03 1.5486153671e+00
1.13600e+03 -3.3542355113e+03 7.5106332989e-01
1.13700e+03 -3.3625010063e+03 8.2833800156e-01
1.13800e+03 -3.3712291431e+03 8.2965639191e-01
1.13900e+03 -3.3796076940e+03 7.5078968463e-01
1.14000e+03 -3.3874381805e+03 7.3304750117e-01
1.14100e+03 -3.3965109595e+03 8.0728401176e-01
1.14200e+03 -3.4057007585e+03 1.1896328130e+01
1.14300e+03 -3.4135344512e+03 4.8638373147e+00
1.14400e+03 -3.4215718698e+03 1.9923432514e+00
1.14500e+03 -3.4300432224e+03 1.7944466482e+01
1.14600e+03 -3.4382316858e+03 3.8576378121e+00
1.14700e+03 -3.4452029478e+03 1.1279203043e+00
1.14800e+03 -3.4524165625e+03 1.4332311217e+01
1.14900e+03 -3.4599987115e+03 8.8920369812e-01
1.15000e+03 -3.4673051455e+03 2.4476305618e-01
1.15100e+03 -3.4734864398e+03 8.7463825020e+00
1.15200e+03 -3.4799336981e+03 7.6635642206e-01
1.15300e+03 -3.4866781393e+03 8.3770782091e-01
1.15400e+03 -3.4934547855e+03 1.3204624498e+01
1.15500e+03 -3.5001568745e+03 9.8502392466e+00
1.15600e+03 -3.5063809495e+03 5.4896314526e+00
1.15700e+03 -3.5137069861e+03 1.3124833348e+01
1.15800e+03 -3.5215081091e+03 2.0696991578e+00
1.15900e+03 -3.5290580292e+03 4.8638696378e+00
1.16000e+03 -3.5360895022e+03 8.4347570295e+00
1.16100e+03 -3.5442925114e+03 1.9881271567e+00
1.16200e+03 -3.5526154812e+03 9.7541719325e+00
1.16300e+03 -3.5596661422e+03 4.8854052253e+00
1.16400e+03 -3.5669429342e+03 1.8747560831e+00
1.16500e+03 -3.5745802777e+03 1.6151951699e+01
1.16600e+03 -3.5819308241e+03 3.9080963987e+00
1.16700e+03 -3.5881450872e+03 1.0364834779e+00
1.16800e+03 -3.5946197176e+03 1.2852010798e+01
1.16900e+03 -3.6013892454e+03 8.6781571177e-01
1.17000e+03 -3.6078776164e+03 1.7327162724e-01
1.17100e+03 -3.6133181603e+03 7.2478249387e+00
1.17200e+03 -3.6190413748e+03 7.5141587316e-01
1.17300e+03 -3.6249872488e+03 8.2365384318e-01
1.17400e+03 -3.6306487716e+03 7.2767356153e-01
1.17500e+03 -3.6362324865e+03 1.6628194238e+00
1.17600e+03 -3.6422917689e+03 1.1912331847e+01
1.17700e+03 -3.6482909764e+03 8.3437128491e+00
1.17800e+03 -3.6541822110e+03 9.5986935168e-01
1.17900e+03 -3.6600942584e+03 8.7160120883e-02
1.18000e+03 -3.6655960229e+03 4.2796235363e+00
1.18100e+03 -3.6721630852e+03 1.2883766907e+01
1.18200e+03 -3.6788527029e+03 6.7141502007e+00
1.18300e+03 -3.6844228528e+03 4.4049499865e+00
1.18400e+03 -3.6902550194e+03 5.9068131661e-02
1.18500e+03 -3.6963027905e+03 1.2002316715e+01
1.18600e+03 -3.7020522998e+03 3.4604366522e+00
1.18700e+03 -3.7068164097e+03 8.0604010229e-01
1.18800e+03 -3.7118722076e+03 6.6800783316e+00
1.18900e+03 -3.7170750867e+03 8.4489197913e-01
1.19000e+03 -3.7222960983e+03 7.4100252637e+00
1.19100e+03 -3.7275815042e+03 3.6487025035e+00
1.19200e+03 -3.7324152790e+03 1.0274533189e+01
1.19300e+03 -3.7382032587e+03 6.6235326156e+00
1.19400e+03 -3.7444495118e+03 4.6702953850e+00
1.19500e+03 -3.7505873096e+03 8.2172968964e+00
1.19600e+03 -3.7562336520e+03 8.1256749823e-01
1.19700e+03 -3.7629035190e+03 5.3354402463e+00
1.19800e+03 -3.7700264358e+03 9.2143024374e-01
1.19900e+03 -3.7769516793e+03 7.8744560766e-01
1.20000e+03 -3.7833613327e+03 7.6331111282e-01
1.20100e+03 -3.7908662434e+03 8.3504364443e-01
1.20200e+03 -3.7984788561e+03 1.0578693844e+00
1.20300e+03 -3.8048792604e+03 9.0011993838e+00
1.20400e+03 -3.8115134815e+03 5.2682435325e+00
1.20500e+03 -3.8182131297e+03 4.2480611128e+00
1.20600e+03 -3.8244975711e+03 8.8669861488e+00
1.20700e+03 -3.8319349315e+03 9.8926123782e-01
1.20800e+03 -3.8398428084e+03 7.8496010303e-01
1.20900e+03 -3.8474841698e+03 1.7310321037e+00
1.21000e+03 -3.8545999530e+03 8.3134184639e-01
1.21100e+03 -3.8628908793e+03 8.5356588559e-01
1.21200e+03 -3.8716464409e+03 8.4768473978e-01
1.21300e+03 -3.8800510325e+03 7.6323013803e-01
1.21400e+03 -3.8879075396e+03 7.4072384382e-01
1.21500e+03 -3.8970097467e+03 8.1128084903e-01
1.21600e+03 -3.9065817832e+03 8.1647482970e-01
1.21700e+03 -3.9157255568e+03 7.3918212159e-01
1.21800e+03 -3.9243036310e+03 7.2156705003e-01
1.21900e+03 -3.9342013980e+03 7.9555991199e-01
1.22000e+03 -3.9445754360e+03 8.0200147266e-01
1.22100e+03 -3.9544460349e+03 7.2682529168e-01
1.22200e+03 -3.9637356579e+03 7.1154886031e-01
1.22300e+03 -3.9744193077e+03 7.8588270441e-01
1.22400e+03 -3.9852295027e+03 1.2189780448e+01
1.22500e+03 -3.9945354724e+03 8.1685407082e+00
1.22600e+03 -4.0040155796e+03 2.8458861837e+00
1.22700e+03 -4.0140799614e+03 2.1098121744e+01
1.22800e+03 -4.0238762411e+03 7.1464568469e+00
1.22900e+03 -4.0323054175e+03 1.9662469966e+00
1.23000e+03 -4.0409471004e+03 1.6312669285e+01
1.23100e+03 -4.0501074534e+03 9.0402876214e-01
1.23200e+03 -4.0590074884e+03 8.9208272660e-01
1.23300e+03 -4.0666346642e+03 7.4259358292e+00
1.23400e+03 -4.0744990947e+03 7.7725236424e-01
1.23500e+03 -4.0828102732e+03 8.4917454921e-01
1.23600e+03 -4.0908593603e+03 8.5094789138e-01
1.23700e+03 -4.0977182473e+03 7.6828876317e-01
1.23800e+03 -4.1048341823e+03 7.4849559505e-01
1.23900e+03 -4.1123225348e+03 8.2282595662e-01
1.24000e+03 -4.1195436549e+03 8.2796694351e-01
1.24100e+03 -4.1256535776e+03 7.4896437333e-01
1.24200e+03 -4.1320373699e+03 7.3214261918e-01
1.24300e+03 -4.1387193262e+03 8.0639621775e-01
1.24400e+03 -4.1451278505e+03 8.1259584468e-01
1.24500e+03 -4.1505015048e+03 7.3626836299e-01
1.24600e+03 -4.1557936411e+03 5.9512128742e+00
1.24700e+03 -4.1621996063e+03 9.5404506972e-01
1.24800e+03 -4.1690937754e+03 1.3671224835e+01
1.24900e+03 -4.1758275961e+03 1.3746985960e+01
1.25000e+03 -4.1820721310e+03 6.9237810823e-04
1.25100e+03 -4.1883308469e+03 6.6978490272e+00
1.25200e+03 -4.1948819942e+03 7.1424189802e-01
1.25300e+03 -4.2017134422e+03 1.3807045391e+01
1.25400e+03 -4.2082471698e+03 8.2788773180e-01
1.25500e+03 -4.2137156587e+03 6.5844452462e-01
1.25600e+03 -4.2194597158e+03 1.2379261867e+01
1.25700e+03 -4.2254225611e+03 9.5778323728e-01
1.25800e+03 -4.2310972184e+03 8.5907026147e-01
1.25900e+03 -4.2357998883e+03 7.6581895974e-01
1.26000e+03 -4.2404302521e+03 1.6141711189e+00
1.26100e+03 -4.2451519122e+03 1.5935667596e+00
1.26200e+03 -4.2502106494e+03 1.0352590849e+00
1.26300e+03 -4.2554113068e+03 1.6203990562e+00
1.26400e+03 -4.2603096454e+03 7.7631871670e-01
1.26500e+03 -4.2651320371e+03 1.0351046102e+01
1.26600e+03 -4.2700787724e+03 1.0021021686e+01
1.26700e+03 -4.2749355790e+03 1.7573489970e+00
1.26800e+03 -4.2802535741e+03 1.0188347108e+01
1.26900e+03 -4.2855693437e+03 2.8988255412e+00
1.27000e+03 -4.2904272753e+03 1.0200192838e+01
1.27100e+03 -4.2962393594e+03 9.2433440262e+00
1.27200e+03 -4.3025050075e+03 2.0444166757e-02
1.27300e+03 -4.3087290723e+03 1.0258865650e+01
1.27400e+03 -4.3146265052e+03 9.5069755135e-01
1.27500e+03 -4.3195021359e+03 1.0343963324e+01
1.27600e+03 -4.3246408957e+03 2.4659649857e+00
1.27700e+03 -4.3298436247e+03 1.0076952037e+01
1.27800e+03 -4.3346540280e+03 1.0286091058e+01
1.27900e+03 -4.3404611889e+03 9.4482365892e-01
1.28000e+03 -4.3467286331e+03 1.0068671171e+01
1.28100e+03 -4.3528849986e+03 1.8271057707e+00
1.28200e+03 -4.3585499114e+03 8.5450947200e-01
1.28300e+03 -4.3652399887e+03 8.8291637836e-01
1.28400e+03 -4.3723818256e+03 1.9833333121e+00
1.28500e+03 -4.3793233463e+03 7.8515517840e-01
1.28600e+03 -4.3861063147e+03 1.2820024247e+01
1.28700e+03 -4.3928928372e+03 1.0100992502e+01
1.28800e+03 -4.3992414962e+03 6.8374622974e-01
1.28900e+03 -4.4056245908e+03 1.3319986203e+01
1.29000e+03 -4.4122971102e+03 1.1044884882e-01
1.29100e+03 -4.4190294716e+03 6.2890128465e-01
1.29200e+03 -4.4253401105e+03 2.8120351654e+00
1.29300e+03 -4.4328043568e+03 7.7416912524e-01
1.29400e+03 -4.4407344842e+03 7.8829042128e-01
1.29500e+03 -4.4485991663e+03 2.5903641879e+00
1.29600e+03 -4.4561489478e+03 1.5609418232e+01
1.29700e+03 -4.4625185534e+03 1.7443237257e+00
1.29800e+03 -4.4687452162e+03 6.8941886744e-01
1.29900e+03 -4.4761473037e+03 1.3726064745e+01
1.30000e+03 -4.4836787457e+03 1.1407455925e+01
1.30100e+03 -4.4900159804e+03 3.2370940290e-02
1.30200e+03 -4.4965994145e+03 2.4986884901e+00
1.30300e+03 -4.5034759367e+03 1.2800063683e+01
1.30400e+03 -4.5100602112e+03 9.7950606329e-01
1.30500e+03 -4.5155801307e+03 9.2282474427e-01
1.30600e+03 -4.5213750160e+03 8.8435492893e+00
1.30700e+03 -4.5273926852e+03 8.5885295711e-01
1.30800e+03 -4.5331216550e+03 6.6597202372e-02
1.30900e+03 -4.5387674882e+03 1.7562542147e+00
1.31000e+03 -4.5448857326e+03 1.0407988936e+01
1.31100e+03 -4.5510049790e+03 1.0499158135e+01
1.31200e+03 -4.5568185627e+03 2.7290404691e-01
1.31300e+03 -4.5616327638e+03 7.0571841969e-01
1.31400e+03 -4.5667218538e+03 7.0579529599e-01
1.31500e+03 -4.5719500279e+03 8.9107231675e-01
1.31600e+03 -4.5768791168e+03 1.2319895005e+00
1.31700e+03 -4.5817344727e+03 9.6071036139e+00
1.31800e+03 -4.5870551382e+03 7.9757886257e-01
1.31900e+03 -4.5923814669e+03 2.0919199443e+00
1.32000e+03 -4.5972523325e+03 1.0254548833e+01
1.32100e+03 -4.6030783321e+03 1.7386242788e-01
1.32200e+03 -4.6093593819e+03 3.0502123654e+00
1.32300e+03 -4.6155248917e+03 9.7248472203e+00
1.32400e+03 -4.6211967374e+03 8.0098006776e-01
1.32500e+03 -4.6278921578e+03 2.0548701676e+00
1.32600e+03 -4.6350392053e+03 1.0581120008e+01
1.32700e+03 -4.6419848590e+03 7.8014391449e-01
1.32800e+03 -4.6484137592e+03 7.5705456149e-01
1.32900e+03 -4.6559381700e+03 8.2899034019e-01
1.33000e+03 -4.6639170953e+03 9.2257659452e-01
1.33100e+03 -4.6716153415e+03 7.5259246528e-01
1.33200e+03 -4.6787781577e+03 7.3391590213e-01
1.33300e+03 -4.6871113384e+03 8.0876993941e-01
1.33400e+03 -4.6959052943e+03 8.1503057660e-01
1.33500e+03 -4.7043418644e+03 7.3832393836e-01
1.33600e+03 -4.7122265706e+03 7.2189007379e-01
1.33700e+03 -4.7213560060e+03 7.9625469179e-01
1.33800e+03 -4.7309528441e+03 8.0288215527e-01
1.33900e+03 -4.7401178526e+03 7.2843835649e-01
1.34000e+03 -4.7487153922e+03 7.1283338949e-01
1.34100e+03 -4.7586325288e+03 7.8770116714e-01
1.34200e+03 -4.7690246773e+03 7.9531047316e-01
1.34300e+03 -4.7793079517e+03 5.4437683649e+00
1.34400e+03 -4.7892883680e+03 5.0513273563e+00
1.34500e+03 -4.7978614564e+03 1.2644553480e+01
1.34600e+03 -4.8066133531e+03 1.8464256292e+01
1.34700e+03 -4.8158682027e+03 4.0178512438e+00
1.34800e+03 -4.8248520151e+03 1.1635305051e+01
1.34900e+03 -4.8337011556e+03 1.4696719537e+01
1.35000e+03 -4.8430434948e+03 1.8559911915e+00
1.35100e+03 -4.8520181679e+03 4.8912400562e+00
1.35200e+03 -4.8604556591e+03 1.2471860581e+01
1.35300e+03 -4.8689145636e+03 1.7426780300e+01
1.35400e+03 -4.8776409925e+03 4.8608810281e+00
1.35500e+03 -4.8868801782e+03 1.1608005843e+01
1.35600e+03 -4.8958428449e+03 1.7388207779e+01
1.35700e+03 -4.9035137570e+03 7.8799243194e-01
1.35800e+03 -4.9114138466e+03 8.2633928805e-01
1.35900e+03 -4.9197579588e+03 5.3831620343e-02
1.36000e+03 -4.9278359924e+03 1.6718376026e+00
1.36100e+03 -4.9347176586e+03 7.8924586230e-01
1.36200e+03 -4.9418531669e+03 7.6458129744e-01
1.36300e+03 -4.9493599273e+03 8.3735182821e-01
1.36400e+03 -4.9565975888e+03 1.6288286405e+00
1.36500e+03 -4.9627210679e+03 7.5818718391e-01
1.36600e+03 -4.9691166734e+03 7.3990274222e-01
1.36700e+03 -4.9758097881e+03 8.1364570422e-01
1.36800e+03 -4.9822284031e+03 1.5764755273e+00
1.36900e+03 -4.9876104186e+03 7.4146357961e-01
1.37000e+03 -4.9932810093e+03 7.2501479700e-01
1.37100e+03 -4.9991742706e+03 7.9985338599e-01
1.37200e+03 -5.0050980657e+03 1.4678046220e+00
1.37300e+03 -5.0110266914e+03 9.4133413589e+00
1.37400e+03 -5.0164967716e+03 1.1368130273e+01
1.37500e+03 -5.0229942349e+03 9.6879492980e-01
1.37600e+03 -5.0299617005e+03 1.0447598597e+01
1.37700e+03 -5.0367565545e+03 3.5742939825e+00
1.37800e+03 -5.0430502656e+03 8.2363091819e-01
1.37900e+03 -5.0504388691e+03 1.0974453183e+01
1.38000e+03 -5.0582900663e+03 2.3415878121e+00
1.38100e+03 -5.0658779559e+03 7.9303555795e-01
1.38200e+03 -5.0729395692e+03 7.6790220026e-01
1.38300e+03 -5.0811690464e+03 8.4087373168e-01
1.38400e+03 -5.0898638606e+03 8.4361700276e-01
1.38500e+03 -5.0982136886e+03 7.6193845881e-01
1.38600e+03 -5.1060175765e+03 7.4227461120e-01
1.38700e+03 -5.1150631267e+03 8.1607289246e-01
1.38800e+03 -5.1242269365e+03 2.0044727171e+00
1.38900e+03 -5.1320378456e+03 5.1369594041e+00
1.39000e+03 -5.1400542586e+03 1.3207606418e+01
1.39100e+03 -5.1481422305e+03 1.0718314256e+01
1.39200e+03 -5.1558004846e+03 4.9861886453e+00
1.39300e+03 -5.1647630746e+03 1.9195081403e+00
1.39400e+03 -5.1742123588e+03 7.5446992121e-01
1.39500e+03 -5.1832523282e+03 3.1662260137e+00
1.39600e+03 -5.1917394690e+03 8.2888666429e-01
1.39700e+03 -5.2015483585e+03 8.4629945963e-01
1.39800e+03 -5.2118384421e+03 8.4079953200e-01
1.39900e+03 -5.2216359425e+03 7.5753088247e-01
1.40000e+03 -5.2308582123e+03 7.3512899027e-01
1.40100e+03 -5.2414725199e+03 8.0541816581e-01
1.40200e+03 -5.2525724946e+03 8.0989102344e-01
1.40300e+03 -5.2631033123e+03 7.3331731281e-01
1.40400e+03 -5.2730409523e+03 7.1537027379e-01
1.40500e+03 -5.2844445156e+03 7.8925565967e-01
1.40600e+03 -5.2963409114e+03 7.9642108796e-01
1.40700e+03 -5.3075940490e+03 7.2231997834e-01
1.40800e+03 -5.3182393446e+03 7.0765549123e-01
1.40900e+03 -5.3304245496e+03 7.8164177594e-01
1.41000e+03 -5.3431094236e+03 7.8847820990e-01
1.41100e+03 -5.3550777770e+03 7.1521577823e-01
1.41200e+03 -5.3667764918e+03 3.6823018092e+00
1.41300e+03 -5.3792108706e+03 2.0093235549e+01
1.41400e+03 -5.3913894663e+03 8.1466084339e+00
1.41500e+03 -5.4019723367e+03 1.9644979506e+01
1.41600e+03 -5.4127158444e+03 1.9117935264e+01
1.41700e+03 -5.4241929320e+03 4.5621678882e+00
1.41800e+03 -5.4354295191e+03 1.5754306508e+01
1.41900e+03 -5.4451744548e+03 1.2344741941e+00
1.42000e+03 -5.4551130797e+03 4.1563134110e-01
1.42100e+03 -5.4657174856e+03 8.7268166982e-01
1.42200e+03 -5.4760823026e+03 8.7177008851e-01
1.42300e+03 -5.4850421588e+03 7.8507952051e-01
1.42400e+03 -5.4942169213e+03 7.6386234303e-01
1.42500e+03 -5.5039830002e+03 8.3832704853e-01
1.42600e+03 -5.5135059614e+03 8.4185579403e-01
1.42700e+03 -5.5217046418e+03 7.6117574970e-01
1.42800e+03 -5.5301365829e+03 7.4282146459e-01
1.42900e+03 -5.5390848576e+03 8.1780417442e-01
1.43000e+03 -5.5477841773e+03 8.2364146281e-01
1.43100e+03 -5.5552376143e+03 7.4524343259e-01
1.43200e+03 -5.5625670794e+03 1.3380484809e+01
1.43300e+03 -5.5712298494e+03 1.9970239198e+00
1.43400e+03 -5.5804061168e+03 1.6953787193e+01
1.43500e+03 -5.5892118939e+03 1.5955556475e+01
1.43600e+03 -5.5978447304e+03 1.8429655610e+00
1.43700e+03 -5.6069182071e+03 1.5948026839e+01
1.43800e+03 -5.6160223258e+03 1.5867452244e+01
1.43900e+03 -5.6248351481e+03 7.0451880276e-03
1.44000e+03 -5.6334743056e+03 1.4310889935e+01
1.44100e+03 -5.6425479054e+03 1.2313857778e-04
1.44200e+03 -5.6513529618e+03 1.9787884341e+00
1.44300e+03 -5.6600269381e+03 1.7810840990e+01
1.44400e+03 -5.6691950530e+03 7.1034318648e-02
1.44500e+03 -5.6783229860e+03 2.0311428296e+00
1.44600e+03 -5.6871707849e+03 4.2742551421e-02
1.44700e+03 -5.6947403135e+03 1.3483196007e+01
1.44800e+03 -5.7025282017e+03 8.5126934995e-01
1.44900e+03 -5.7107406626e+03 8.7277226303e-01
1.45000e+03 -5.7186868972e+03 1.2568148526e+01
1.45100e+03 -5.7254537537e+03 8.0267216452e-01
1.45200e+03 -5.7324782155e+03 7.6342635161e-01
1.45300e+03 -5.7398651214e+03 1.1730025432e+01
1.45400e+03 -5.7469845254e+03 1.6287001420e+00
1.45500e+03 -5.7530035420e+03 7.4783994222e-01
1.45600e+03 -5.7592986746e+03 7.2932920158e-01
1.45700e+03 -5.7656879424e+03 2.4235545388e+00
1.45800e+03 -5.7720521907e+03 2.3520152812e+00
1.45900e+03 -5.7786790317e+03 2.3871363308e+00
1.46000e+03 -5.7850299326e+03 1.5155952506e+00
1.46100e+03 -5.7903462873e+03 7.0266179336e-01
1.46200e+03 -5.7959503942e+03 7.6014139580e-01
1.46300e+03 -5.8016432826e+03 6.9637945412e-01
1.46400e+03 -5.8073178415e+03 6.2523103781e-01
1.46500e+03 -5.8131766241e+03 2.2821381261e+00
1.46600e+03 -5.8187509179e+03 1.4785661381e+00
1.46700e+03 -5.8233619503e+03 7.0532233757e-01
1.46800e+03 -5.8282741919e+03 7.6231735905e-01
1.46900e+03 -5.8332715234e+03 6.9555691833e-01
1.47000e+03 -5.8378939168e+03 9.6801551725e+00
1.47100e+03 -5.8435112502e+03 4.9233985079e+00
1.47200e+03 -5.8495972221e+03 6.8938183708e+00
1.47300e+03 -5.8556579324e+03 1.2751598016e+00
1.47400e+03 -5.8614021313e+03 5.3471198799e-01
1.47500e+03 -5.8661429832e+03 9.8002945546e+00
1.47600e+03 -5.8707862880e+03 9.8114055793e+00
1.47700e+03 -5.8764476669e+03 4.9013171182e-01
1.47800e+03 -5.8825765776e+03 4.2938762477e-02
1.47900e+03 -5.8886094217e+03 1.2075239342e+01
1.48000e+03 -5.8945180165e+03 1.2364655980e+01
1.48100e+03 -5.9005642379e+03 5.4866625080e-01
1.48200e+03 -5.9063006292e+03 9.7826866597e+00
1.48300e+03 -5.9110474877e+03 9.8076007253e+00
1.48400e+03 -5.9160781440e+03 1.1128940351e+00
1.48500e+03 -5.9211826914e+03 7.5040457346e+00
1.48600e+03 -5.9259020772e+03 2.1152504907e+00
1.48700e+03 -5.9316160202e+03 8.2241807248e-01
1.48800e+03 -5.9377927897e+03 1.1876067296e+01
1.48900e+03 -5.9438691634e+03 3.0849616026e+00
1.49000e+03 -5.9494581085e+03 1.6911549504e+00
1.49100e+03 -5.9560670809e+03 9.8980793710e+00
1.49200e+03 -5.9631286537e+03 8.8480332783e-01
1.49300e+03 -5.9699985547e+03 1.4885597554e+00
1.49400e+03 -5.9763545937e+03 7.7041219008e+00
1.49500e+03 -5.9827083621e+03 4.4150775953e+00
1.49600e+03 -5.9889647377e+03 2.8514899231e+00
1.49700e+03 -5.9963946554e+03 8.2094529539e-01
1.49800e+03 -6.0042820169e+03 8.2578866234e-01
1.49900e+03 -6.0120992623e+03 1.1543928028e+01
1.50000e+03 -6.0195981572e+03 1.5331574336e+01
1.50100e+03 -6.0259204440e+03 3.1481592571e-02
1.50200e+03 -6.0324722539e+03 1.3053537587e+01
1.50300e+03 -6.0393014020e+03 3.5819253452e+00
1.50400e+03 -6.0458376651e+03 9.6263180500e-01
1.50500e+03 -6.0513161911e+03 1.0695726720e+01
1.50600e+03 -6.0570692424e+03 3.0697593848e-02
1.50700e+03 -6.0630388633e+03 8.5952725080e-01
1.50800e+03 -6.0687188903e+03 8.5623604506e-01
1.50900e+03 -6.0734266589e+03 7.7075734886e-01
1.51000e+03 -6.0784310450e+03 7.4866516104e-01
1.51100e+03 -6.0835800920e+03 8.2057391980e-01
1.51200e+03 -6.0884356259e+03 8.2449311379e-01
1.51300e+03 -6.0923973877e+03 7.4600684860e-01
1.51400e+03 -6.0966736065e+03 7.2816734006e-01
1.51500e+03 -6.1010203213e+03 8.0233218351e-01
1.51600e+03 -6.1050679809e+03 8.0787424925e-01
1.51700e+03 -6.1082983998e+03 7.3636898781e-01
1.51800e+03 -6.1118584080e+03 7.1621057808e-01
1.51900e+03 -6.1154980157e+03 7.5886737589e+00
1.52000e+03 -6.1187759272e+03 2.1583397956e+00
