remeshing time
0.00000e+00
1.00000e-01
2.00000e-01
4.00000e-01
6.00000e-01
8.00000e-01
9.00000e-01
1.00000e+00
1.10000e+00
1.20000e+00
1.30000e+00
1.50000e+00
1.70000e+00
2.00000e+00
2.10000e+00
2.40000e+00
2.70000e+00
2.80000e+00
2.90000e+00
3.30000e+00
3.40000e+00
3.70000e+00
3.80000e+00
4.30000e+00
4.40000e+00
4.70000e+00
4.80000e+00
4.90000e+00
5.20000e+00
5.50000e+00
5.80000e+00
6.00000e+00
6.10000e+00
6.20000e+00
6.50000e+00
6.70000e+00
7.00000e+00
7.20000e+00
7.50000e+00
7.80000e+00
8.00000e+00
8.20000e+00
8.40000e+00
8.60000e+00
8.90000e+00
9.00000e+00
9.10000e+00
9.40000e+00
9.70000e+00
1.00000e+01
1.02000e+01
1.05000e+01
1.07000e+01
1.10000e+01
1.12000e+01
1.15000e+01
1.18000e+01
1.20000e+01
1.22000e+01
1.25000e+01
1.27000e+01
1.30000e+01
1.32000e+01
1.35000e+01
1.38000e+01
1.40000e+01
1.42000e+01
1.45000e+01
1.47000e+01
1.50000e+01
1.52000e+01
1.54000e+01
1.57000e+01
1.58000e+01
1.61000e+01
1.62000e+01
1.64000e+01
1.66000e+01
1.68000e+01
1.69000e+01
1.70000e+01
1.71000e+01
1.72000e+01
1.75000e+01
1.77000e+01
1.80000e+01
1.81000e+01
1.83000e+01
1.85000e+01
1.87000e+01
1.89000e+01
1.94000e+01
1.96000e+01
1.98000e+01
2.00000e+01
2.01000e+01
2.03000e+01
2.05000e+01
2.07000e+01
2.09000e+01
2.14000e+01
2.16000e+01
2.18000e+01
2.20000e+01
2.21000e+01
2.24000e+01
2.26000e+01
2.29000e+01
2.30000e+01
2.31000e+01
2.32000e+01
2.33000e+01
2.35000e+01
2.37000e+01
2.40000e+01
2.41000e+01
2.42000e+01
2.44000e+01
2.46000e+01
2.48000e+01
2.49000e+01
2.50000e+01
2.51000e+01
2.52000e+01
2.53000e+01
2.55000e+01
2.57000e+01
2.60000e+01
2.61000e+01
2.62000e+01
2.64000e+01
2.66000e+01
2.68000e+01
2.69000e+01
2.70000e+01
2.71000e+01
2.72000e+01
2.75000e+01
2.77000e+01
2.80000e+01
2.81000e+01
2.83000e+01
2.85000e+01
2.87000e+01
2.89000e+01
2.94000e+01
2.96000e+01
2.98000e+01
3.00000e+01
3.01000e+01
3.03000e+01
3.05000e+01
3.07000e+01
3.09000e+01
3.11000e+01
3.13000e+01
3.15000e+01
3.18000e+01
3.21000e+01
3.22000e+01
3.23000e+01
3.25000e+01
3.27000e+01
3.29000e+01
3.30000e+01
3.31000e+01
3.32000e+01
3.33000e+01
3.35000e+01
3.37000e+01
3.39000e+01
3.40000e+01
3.41000e+01
3.43000e+01
3.44000e+01
3.45000e+01
3.48000e+01
3.49000e+01
3.50000e+01
3.52000e+01
3.53000e+01
3.55000e+01
3.58000e+01
3.60000e+01
3.61000e+01
3.64000e+01
3.66000e+01
3.69000e+01
3.70000e+01
3.71000e+01
3.72000e+01
3.73000e+01
3.75000e+01
3.77000e+01
3.80000e+01
3.81000e+01
3.84000e+01
3.87000e+01
3.88000e+01
3.89000e+01
3.92000e+01
3.95000e+01
3.98000e+01
4.00000e+01
4.01000e+01
4.03000e+01
4.06000e+01
4.09000e+01
4.10000e+01
4.11000e+01
4.12000e+01
4.13000e+01
4.15000e+01
4.16000e+01
4.19000e+01
4.20000e+01
4.22000e+01
4.23000e+01
4.26000e+01
4.28000e+01
4.29000e+01
4.30000e+01
4.31000e+01
4.34000e+01
4.37000e+01
4.40000e+01
4.42000e+01
4.44000e+01
4.46000e+01
4.49000e+01
4.50000e+01
4.51000e+01
4.52000e+01
4.53000e+01
4.55000e+01
4.56000e+01
4.59000e+01
4.60000e+01
4.61000e+01
4.62000e+01
4.63000e+01
4.66000e+01
4.68000e+01
4.69000e+01
4.70000e+01
4.71000e+01
4.72000e+01
4.73000e+01
4.75000e+01
4.76000e+01
4.79000e+01
4.80000e+01
4.81000e+01
4.83000e+01
4.85000e+01
4.87000e+01
4.90000e+01
4.92000e+01
4.95000e+01
4.98000e+01
5.01000e+01
5.02000e+01
5.03000e+01
5.06000e+01
5.08000e+01
5.09000e+01
5.10000e+01
5.11000e+01
5.12000e+01
5.13000e+01
5.15000e+01
5.16000e+01
5.19000e+01
5.20000e+01
5.21000e+01
5.23000e+01
5.25000e+01
5.27000e+01
5.30000e+01
5.32000e+01
5.34000e+01
5.36000e+01
5.38000e+01
5.40000e+01
5.42000e+01
5.44000e+01
5.46000e+01
5.49000e+01
5.51000e+01
5.52000e+01
5.53000e+01
5.55000e+01
5.57000e+01
5.58000e+01
5.59000e+01
5.60000e+01
5.61000e+01
5.63000e+01
5.65000e+01
5.67000e+01
5.68000e+01
5.69000e+01
5.72000e+01
5.74000e+01
5.76000e+01
5.78000e+01
5.80000e+01
5.82000e+01
5.84000e+01
5.85000e+01
5.88000e+01
5.91000e+01
5.93000e+01
5.95000e+01
5.98000e+01
6.05000e+01
6.07000e+01
6.08000e+01
6.09000e+01
6.13000e+01
6.15000e+01
6.18000e+01
6.25000e+01
6.27000e+01
6.28000e+01
6.29000e+01
6.32000e+01
6.34000e+01
6.36000e+01
6.38000e+01
6.40000e+01
6.41000e+01
6.43000e+01
6.44000e+01
6.46000e+01
6.49000e+01
6.51000e+01
6.52000e+01
6.53000e+01
6.55000e+01
6.57000e+01
6.58000e+01
6.59000e+01
6.60000e+01
6.61000e+01
6.63000e+01
6.66000e+01
6.68000e+01
6.69000e+01
6.70000e+01
6.72000e+01
6.75000e+01
6.78000e+01
6.85000e+01
6.86000e+01
6.88000e+01
6.89000e+01
6.90000e+01
6.92000e+01
6.95000e+01
6.98000e+01
7.05000e+01
7.06000e+01
7.08000e+01
7.09000e+01
7.10000e+01
7.12000e+01
7.15000e+01
7.18000e+01
7.21000e+01
7.22000e+01
7.24000e+01
7.26000e+01
7.28000e+01
7.29000e+01
7.30000e+01
7.31000e+01
7.32000e+01
7.33000e+01
7.35000e+01
7.37000e+01
7.38000e+01
7.39000e+01
7.40000e+01
7.41000e+01
7.42000e+01
7.44000e+01
7.46000e+01
7.48000e+01
7.49000e+01
7.50000e+01
7.51000e+01
7.54000e+01
7.56000e+01
7.57000e+01
7.58000e+01
7.60000e+01
7.62000e+01
7.64000e+01
7.66000e+01
7.69000e+01
7.71000e+01
7.72000e+01
7.73000e+01
7.75000e+01
7.77000e+01
7.78000e+01
7.79000e+01
7.80000e+01
7.81000e+01
7.82000e+01
7.84000e+01
7.86000e+01
7.88000e+01
7.89000e+01
7.90000e+01
7.91000e+01
7.94000e+01
7.96000e+01
7.97000e+01
7.98000e+01
8.00000e+01
8.02000e+01
8.04000e+01
8.05000e+01
8.08000e+01
8.11000e+01
8.13000e+01
8.15000e+01
8.18000e+01
8.25000e+01
8.27000e+01
8.28000e+01
8.29000e+01
8.33000e+01
8.35000e+01
8.38000e+01
8.41000e+01
8.42000e+01
8.44000e+01
8.45000e+01
8.47000e+01
8.50000e+01
8.51000e+01
8.54000e+01
8.57000e+01
8.58000e+01
8.60000e+01
8.62000e+01
8.65000e+01
8.67000e+01
8.70000e+01
8.72000e+01
8.74000e+01
8.75000e+01
8.78000e+01
8.80000e+01
8.81000e+01
8.82000e+01
8.85000e+01
8.87000e+01
8.90000e+01
8.92000e+01
8.95000e+01
8.98000e+01
9.01000e+01
9.02000e+01
9.03000e+01
9.06000e+01
9.08000e+01
9.09000e+01
9.10000e+01
9.11000e+01
9.12000e+01
9.13000e+01
9.15000e+01
9.16000e+01
9.19000e+01
9.20000e+01
9.21000e+01
9.22000e+01
9.23000e+01
9.26000e+01
9.28000e+01
9.29000e+01
9.30000e+01
9.31000e+01
9.32000e+01
9.33000e+01
9.35000e+01
9.36000e+01
9.39000e+01
9.40000e+01
9.41000e+01
9.43000e+01
9.45000e+01
9.47000e+01
9.50000e+01
9.52000e+01
9.55000e+01
9.58000e+01
9.61000e+01
9.62000e+01
9.63000e+01
9.66000e+01
9.68000e+01
9.69000e+01
9.70000e+01
9.71000e+01
9.72000e+01
9.73000e+01
9.75000e+01
9.76000e+01
9.79000e+01
9.80000e+01
9.81000e+01
9.82000e+01
9.83000e+01
9.86000e+01
9.88000e+01
9.89000e+01
9.90000e+01
9.91000e+01
9.94000e+01
9.97000e+01
1.00000e+02
1.00100e+02
1.00300e+02
1.00500e+02
1.00700e+02
1.01000e+02
1.01200e+02
1.01400e+02
1.01700e+02
1.01800e+02
1.02300e+02
1.02400e+02
1.02700e+02
1.02800e+02
1.02900e+02
1.03300e+02
1.03400e+02
1.03700e+02
1.03800e+02
1.04300e+02
1.04400e+02
1.04700e+02
1.04800e+02
1.04900e+02
1.05300e+02
1.05400e+02
1.05700e+02
1.05800e+02
1.06100e+02
1.06200e+02
1.06400e+02
1.06600e+02
1.06800e+02
1.06900e+02
1.07000e+02
1.07100e+02
1.07200e+02
1.07500e+02
1.07700e+02
1.08000e+02
1.08100e+02
1.08200e+02
1.08400e+02
1.08600e+02
1.08900e+02
1.09000e+02
1.09100e+02
1.09200e+02
1.09500e+02
1.09700e+02
1.10000e+02
1.10100e+02
1.10200e+02
1.10400e+02
1.10600e+02
1.10900e+02
1.11000e+02
1.11100e+02
1.11200e+02
1.11300e+02
1.11500e+02
1.11700e+02
1.12000e+02
1.12100e+02
1.12400e+02
1.12700e+02
1.12800e+02
1.12900e+02
1.13300e+02
1.13400e+02
1.13700e+02
1.13800e+02
1.14100e+02
1.14200e+02
1.14400e+02
1.14600e+02
1.14800e+02
1.14900e+02
1.15000e+02
1.15100e+02
1.15200e+02
1.15300e+02
1.15500e+02
1.15700e+02
1.16000e+02
1.16100e+02
1.16200e+02
1.16400e+02
1.16600e+02
1.16800e+02
1.16900e+02
1.17000e+02
1.17100e+02
1.17200e+02
1.17500e+02
1.17700e+02
1.18000e+02
1.18100e+02
1.18200e+02
1.18400e+02
1.18600e+02
1.18900e+02
1.19000e+02
1.19100e+02
1.19200e+02
1.19500e+02
1.19700e+02
1.20000e+02
1.20100e+02
1.20200e+02
1.20400e+02
1.20600e+02
1.20900e+02
1.21000e+02
1.21100e+02
1.21200e+02
1.21500e+02
1.21700e+02
1.22000e+02
1.22100e+02
1.22200e+02
1.22400e+02
1.22600e+02
1.22700e+02
1.22900e+02
1.23100e+02
1.23300e+02
1.23500e+02
1.23800e+02
1.24100e+02
1.24200e+02
1.24300e+02
1.24500e+02
1.24700e+02
1.24900e+02
1.25000e+02
1.25100e+02
1.25400e+02
1.25700e+02
1.25900e+02
1.26000e+02
1.26200e+02
1.26400e+02
1.26600e+02
1.26800e+02
1.27500e+02
1.27700e+02
1.27900e+02
1.28000e+02
1.28200e+02
1.28400e+02
1.28600e+02
1.28800e+02
1.29200e+02
1.29300e+02
1.29500e+02
1.29700e+02
1.29900e+02
1.30000e+02
1.30100e+02
1.30300e+02
1.30400e+02
1.30500e+02
1.30800e+02
1.30900e+02
1.31000e+02
1.31200e+02
1.31300e+02
1.31500e+02
1.31800e+02
1.32000e+02
1.32100e+02
1.32400e+02
1.32600e+02
1.32900e+02
1.33000e+02
1.33100e+02
1.33200e+02
1.33300e+02
1.33500e+02
1.33700e+02
1.34000e+02
1.34200e+02
1.34400e+02
1.34600e+02
1.34800e+02
1.34900e+02
1.35000e+02
1.35100e+02
1.35200e+02
1.35500e+02
1.35700e+02
1.36000e+02
1.36100e+02
1.36300e+02
1.36500e+02
1.36700e+02
1.36900e+02
1.37400e+02
1.37600e+02
1.37800e+02
1.38000e+02
1.38100e+02
1.38200e+02
1.38400e+02
1.38600e+02
1.38900e+02
1.39000e+02
1.39100e+02
1.39200e+02
1.39500e+02
1.39700e+02
1.40000e+02
1.40100e+02
1.40300e+02
1.40500e+02
1.40700e+02
1.40900e+02
1.41100e+02
1.41300e+02
1.41500e+02
1.41800e+02
1.42300e+02
1.42400e+02
1.42500e+02
1.42800e+02
1.42900e+02
1.43000e+02
1.43200e+02
1.43300e+02
1.43500e+02
1.43800e+02
1.44000e+02
1.44100e+02
1.44400e+02
1.44600e+02
1.44900e+02
1.45000e+02
1.45100e+02
1.45200e+02
1.45300e+02
1.45500e+02
1.45700e+02
1.46000e+02
1.46100e+02
1.46200e+02
1.46400e+02
1.46600e+02
1.46800e+02
1.46900e+02
1.47000e+02
1.47100e+02
1.47200e+02
1.47500e+02
1.47700e+02
1.48000e+02
1.48100e+02
1.48400e+02
1.48600e+02
1.48900e+02
1.49000e+02
1.49100e+02
1.49200e+02
1.49300e+02
1.49500e+02
1.49700e+02
1.50000e+02
1.50100e+02
1.50400e+02
1.50700e+02
1.50800e+02
1.50900e+02
1.51300e+02
1.51400e+02
1.51700e+02
1.51800e+02
1.52100e+02
1.52200e+02
1.52400e+02
1.52600e+02
1.52800e+02
1.52900e+02
1.53000e+02
1.53100e+02
1.53200e+02
1.53300e+02
1.53500e+02
1.53700e+02
1.54000e+02
1.54100e+02
1.54400e+02
1.54700e+02
1.54800e+02
1.54900e+02
1.55200e+02
1.55500e+02
1.55800e+02
1.56000e+02
1.56200e+02
1.56500e+02
1.56700e+02
1.57000e+02
1.57200e+02
1.57500e+02
1.57800e+02
1.58000e+02
1.58200e+02
1.58500e+02
1.58700e+02
1.59000e+02
1.59200e+02
1.59400e+02
1.59700e+02
1.59800e+02
1.60300e+02
1.60400e+02
1.60700e+02
1.60800e+02
1.60900e+02
1.61200e+02
1.61500e+02
1.61800e+02
1.62000e+02
1.62200e+02
1.62500e+02
1.62700e+02
1.63000e+02
1.63200e+02
1.63400e+02
1.63700e+02
1.63800e+02
1.64100e+02
1.64200e+02
1.64400e+02
1.64500e+02
1.64700e+02
1.64900e+02
1.65000e+02
1.65100e+02
1.65200e+02
1.65500e+02
1.65700e+02
1.66000e+02
1.66100e+02
1.66300e+02
1.66600e+02
1.66900e+02
1.67000e+02
1.67100e+02
1.67200e+02
1.67300e+02
1.67500e+02
1.67700e+02
1.68000e+02
1.68100e+02
1.68200e+02
1.68400e+02
1.68500e+02
1.68700e+02
1.68900e+02
1.69000e+02
1.69100e+02
1.69200e+02
1.69300e+02
1.69500e+02
1.69700e+02
1.70000e+02
1.70100e+02
1.70400e+02
1.70700e+02
1.70800e+02
1.70900e+02
1.71200e+02
1.71500e+02
1.71800e+02
1.72000e+02
1.72200e+02
1.72500e+02
1.72700e+02
1.72900e+02
1.73200e+02
1.73400e+02
1.73700e+02
1.73800e+02
1.74100e+02
1.74200e+02
1.74400e+02
1.74500e+02
1.74700e+02
1.74900e+02
1.75000e+02
1.75100e+02
1.75200e+02
1.75500e+02
1.75700e+02
1.76000e+02
1.76100e+02
1.76300e+02
1.76600e+02
1.76900e+02
1.77000e+02
1.77100e+02
1.77200e+02
1.77300e+02
1.77500e+02
1.77700e+02
1.78000e+02
1.78100e+02
1.78400e+02
1.78700e+02
1.78800e+02
1.78900e+02
1.79200e+02
1.79500e+02
1.79800e+02
1.80000e+02
1.80100e+02
1.80200e+02
1.80500e+02
1.80700e+02
1.80900e+02
1.81200e+02
1.81400e+02
1.81700e+02
1.81800e+02
1.82300e+02
1.82400e+02
1.82700e+02
1.82800e+02
1.82900e+02
1.83300e+02
1.83400e+02
1.83700e+02
1.83800e+02
1.84300e+02
1.84400e+02
1.84700e+02
1.84800e+02
1.84900e+02
1.85200e+02
1.85500e+02
1.85800e+02
1.86000e+02
1.86200e+02
1.86500e+02
1.86700e+02
1.86900e+02
1.87200e+02
1.87400e+02
1.87700e+02
1.87800e+02
1.88300e+02
1.88400e+02
1.88700e+02
1.88800e+02
1.88900e+02
1.89300e+02
1.89400e+02
1.89700e+02
1.89800e+02
1.90100e+02
1.90200e+02
1.90400e+02
1.90500e+02
1.90700e+02
1.90900e+02
1.91000e+02
1.91100e+02
1.91200e+02
1.91300e+02
1.91500e+02
1.91700e+02
1.92000e+02
1.92100e+02
1.92400e+02
1.92700e+02
1.92800e+02
1.92900e+02
1.93200e+02
1.93500e+02
1.93800e+02
1.94000e+02
1.94100e+02
1.94300e+02
1.94600e+02
1.94900e+02
1.95000e+02
1.95100e+02
1.95200e+02
1.95300e+02
1.95500e+02
1.95600e+02
1.95900e+02
1.96000e+02
1.96100e+02
1.96200e+02
1.96300e+02
1.96600e+02
1.96800e+02
1.96900e+02
1.97000e+02
1.97100e+02
1.97400e+02
1.97700e+02
1.98000e+02
1.98200e+02
1.98400e+02
1.98600e+02
1.98900e+02
1.99000e+02
1.99100e+02
1.99400e+02
1.99700e+02
2.00000e+02
2.00200e+02
2.00500e+02
2.00700e+02
2.00900e+02
2.01500e+02
2.01800e+02
2.02000e+02
2.02200e+02
2.02400e+02
2.02600e+02
2.02900e+02
2.03000e+02
2.03100e+02
2.03400e+02
2.03700e+02
2.04000e+02
2.04300e+02
2.04600e+02
2.04900e+02
2.05000e+02
2.05100e+02
2.05200e+02
2.05300e+02
2.05500e+02
2.05600e+02
2.05900e+02
2.06000e+02
2.06100e+02
2.06200e+02
2.06300e+02
2.06600e+02
2.06800e+02
2.06900e+02
2.07000e+02
2.07100e+02
2.07200e+02
2.07300e+02
2.07500e+02
2.07600e+02
2.07900e+02
2.08000e+02
2.08100e+02
2.08300e+02
2.08500e+02
2.08700e+02
2.09000e+02
2.09200e+02
2.09500e+02
2.09800e+02
2.10100e+02
2.10200e+02
2.10300e+02
2.10600e+02
2.10800e+02
2.10900e+02
2.11000e+02
2.11100e+02
2.11200e+02
2.11300e+02
2.11500e+02
2.11600e+02
2.11900e+02
2.12000e+02
2.12200e+02
2.12300e+02
2.12600e+02
2.12800e+02
2.12900e+02
2.13000e+02
2.13100e+02
2.13400e+02
2.13700e+02
2.14000e+02
2.14300e+02
2.14600e+02
2.14900e+02
2.15000e+02
2.15100e+02
2.15200e+02
2.15300e+02
2.15500e+02
2.15600e+02
2.15900e+02
2.16000e+02
2.16100e+02
2.16200e+02
2.16300e+02
2.16600e+02
2.16800e+02
2.16900e+02
2.17000e+02
2.17100e+02
2.17400e+02
2.17700e+02
2.18000e+02
2.18200e+02
2.18500e+02
2.18700e+02
2.18900e+02
2.19500e+02
2.19800e+02
2.20000e+02
2.20100e+02
2.20300e+02
2.20600e+02
2.20900e+02
2.21000e+02
2.21100e+02
2.21400e+02
2.21700e+02
2.22000e+02
2.22100e+02
2.22300e+02
2.22600e+02
2.22900e+02
2.23000e+02
2.23100e+02
2.23400e+02
2.23700e+02
2.24000e+02
2.24300e+02
2.24600e+02
2.24900e+02
2.25000e+02
2.25100e+02
2.25400e+02
2.25700e+02
2.26000e+02
2.26200e+02
2.26500e+02
2.26700e+02
2.26900e+02
2.27200e+02
2.27400e+02
2.27700e+02
2.27800e+02
2.28100e+02
2.28200e+02
2.28400e+02
2.28500e+02
2.28700e+02
2.28900e+02
2.29000e+02
2.29100e+02
2.29200e+02
2.29300e+02
2.29500e+02
2.29700e+02
2.30000e+02
2.30100e+02
2.30400e+02
2.30700e+02
2.30800e+02
2.30900e+02
2.31200e+02
2.31500e+02
2.31800e+02
2.32000e+02
2.32200e+02
2.32500e+02
2.32700e+02
2.32900e+02
2.33500e+02
2.33800e+02
2.34000e+02
2.34200e+02
2.34400e+02
2.34500e+02
2.34700e+02
2.34900e+02
2.35200e+02
2.35400e+02
2.35700e+02
2.35800e+02
2.36100e+02
2.36200e+02
2.36400e+02
2.36500e+02
2.36700e+02
2.36900e+02
2.37000e+02
2.37100e+02
2.37200e+02
2.37500e+02
2.37700e+02
2.38000e+02
2.38100e+02
2.38200e+02
2.38500e+02
2.38700e+02
2.38900e+02
2.39400e+02
2.39600e+02
2.39800e+02
2.40000e+02
2.40100e+02
2.40200e+02
2.40500e+02
2.40700e+02
2.40900e+02
2.41100e+02
2.41300e+02
2.41400e+02
2.41600e+02
2.41700e+02
2.41800e+02
2.42300e+02
2.42400e+02
2.42500e+02
2.42800e+02
2.42900e+02
2.43000e+02
2.43200e+02
2.43400e+02
2.43600e+02
2.43700e+02
2.43800e+02
2.44100e+02
2.44200e+02
2.44300e+02
2.44500e+02
2.44700e+02
2.44900e+02
2.45000e+02
2.45100e+02
2.45200e+02
2.45300e+02
2.45500e+02
2.45700e+02
2.45900e+02
2.46000e+02
2.46300e+02
2.46400e+02
2.46500e+02
2.46800e+02
2.46900e+02
2.47000e+02
2.47200e+02
2.47400e+02
2.47600e+02
2.47700e+02
2.47800e+02
2.48300e+02
2.48400e+02
2.48500e+02
2.48800e+02
2.48900e+02
2.49000e+02
2.49200e+02
2.49400e+02
2.49600e+02
2.49700e+02
2.49800e+02
2.50300e+02
2.50400e+02
2.50500e+02
2.50800e+02
2.50900e+02
2.51000e+02
2.51200e+02
2.51400e+02
2.51600e+02
2.51700e+02
2.51800e+02
2.52300e+02
2.52400e+02
2.52500e+02
2.52800e+02
2.52900e+02
2.53000e+02
2.53200e+02
2.53300e+02
2.53500e+02
2.53800e+02
2.54000e+02
2.54100e+02
2.54200e+02
2.54500e+02
2.54700e+02
2.54900e+02
2.55100e+02
2.55300e+02
2.55400e+02
2.55600e+02
2.55700e+02
2.55800e+02
2.56100e+02
2.56200e+02
2.56300e+02
2.56500e+02
2.56700e+02
2.56900e+02
2.57000e+02
2.57100e+02
2.57400e+02
2.57700e+02
2.57900e+02
2.58300e+02
2.58600e+02
2.58800e+02
2.59500e+02
2.59700e+02
2.59900e+02
2.60000e+02
2.60100e+02
2.60300e+02
2.60500e+02
2.60800e+02
2.61600e+02
2.61800e+02
2.62000e+02
2.62100e+02
2.62300e+02
2.62500e+02
2.62800e+02
2.63100e+02
2.63400e+02
2.63700e+02
2.64000e+02
2.64200e+02
2.64400e+02
2.64700e+02
2.64800e+02
2.64900e+02
2.65300e+02
2.65600e+02
2.65700e+02
2.66000e+02
2.66100e+02
2.66200e+02
2.66300e+02
2.66600e+02
2.66800e+02
2.66900e+02
2.67000e+02
2.67100e+02
2.67200e+02
2.67300e+02
2.67500e+02
2.67700e+02
2.68000e+02
2.68100e+02
2.68200e+02
2.68300e+02
2.68600e+02
2.68800e+02
2.68900e+02
2.69000e+02
2.69100e+02
2.69400e+02
2.69700e+02
2.69900e+02
2.70200e+02
2.70400e+02
2.70600e+02
2.70800e+02
2.70900e+02
2.71200e+02
2.71400e+02
2.71700e+02
2.71800e+02
2.72100e+02
2.72200e+02
2.72300e+02
2.72600e+02
2.72800e+02
2.72900e+02
2.73000e+02
2.73100e+02
2.73200e+02
2.73300e+02
2.73500e+02
2.73700e+02
2.73900e+02
2.74200e+02
2.74400e+02
2.74600e+02
2.74800e+02
2.75500e+02
2.75700e+02
2.76000e+02
2.76100e+02
2.76300e+02
2.76500e+02
2.76800e+02
2.76900e+02
2.77000e+02
2.77100e+02
2.77200e+02
2.77300e+02
2.77500e+02
2.77700e+02
2.78000e+02
2.78100e+02
2.78200e+02
2.78300e+02
2.78600e+02
2.78800e+02
2.78900e+02
2.79000e+02
2.79100e+02
2.79200e+02
2.79300e+02
2.79500e+02
2.79700e+02
2.80000e+02
2.80100e+02
2.80200e+02
2.80300e+02
2.80600e+02
2.80800e+02
2.80900e+02
2.81000e+02
2.81100e+02
2.81200e+02
2.81300e+02
2.81500e+02
2.81700e+02
2.81900e+02
2.82200e+02
2.82400e+02
2.82600e+02
2.82800e+02
2.83100e+02
2.83300e+02
2.83400e+02
2.83700e+02
2.83800e+02
2.84300e+02
2.84500e+02
2.84800e+02
2.84900e+02
2.85000e+02
2.85200e+02
2.85400e+02
2.85700e+02
2.85800e+02
2.86100e+02
2.86200e+02
2.86400e+02
2.86600e+02
2.86800e+02
2.86900e+02
2.87000e+02
2.87100e+02
2.87400e+02
2.87500e+02
2.87700e+02
2.87900e+02
2.88000e+02
2.88200e+02
2.88500e+02
2.88800e+02
2.88900e+02
2.89200e+02
2.89400e+02
2.89700e+02
2.89900e+02
2.90300e+02
2.90500e+02
2.90700e+02
2.90800e+02
2.90900e+02
2.91200e+02
2.91400e+02
2.91600e+02
2.91800e+02
2.92000e+02
2.92100e+02
2.92300e+02
2.92500e+02
2.92800e+02
2.92900e+02
2.93400e+02
2.93600e+02
2.93800e+02
2.94000e+02
2.94200e+02
2.94500e+02
2.94800e+02
2.94900e+02
2.95200e+02
2.95400e+02
2.95700e+02
2.95900e+02
2.96100e+02
2.96200e+02
2.96400e+02
2.96600e+02
2.96800e+02
2.96900e+02
2.97000e+02
2.97100e+02
2.97200e+02
2.97400e+02
2.97500e+02
2.97700e+02
2.97900e+02
2.98000e+02
2.98200e+02
2.98400e+02
2.98600e+02
2.98800e+02
2.98900e+02
2.99200e+02
2.99400e+02
2.99700e+02
2.99800e+02
3.00100e+02
3.00200e+02
3.00300e+02
3.00600e+02
3.00800e+02
3.00900e+02
3.01000e+02
3.01100e+02
3.01200e+02
3.01300e+02
3.01500e+02
3.01700e+02
3.01900e+02
3.02000e+02
3.02100e+02
3.02200e+02
3.02500e+02
3.02800e+02
3.02900e+02
3.03300e+02
3.03500e+02
3.03800e+02
3.04500e+02
3.04800e+02
3.04900e+02
3.05200e+02
3.05400e+02
3.05600e+02
3.05800e+02
3.06000e+02
3.06200e+02
3.06300e+02
3.06600e+02
3.06700e+02
3.07000e+02
3.07100e+02
3.07200e+02
3.07300e+02
3.07400e+02
3.07600e+02
3.07800e+02
3.07900e+02
3.08000e+02
3.08100e+02
3.08300e+02
3.08500e+02
3.08700e+02
3.08800e+02
3.08900e+02
3.09200e+02
3.09400e+02
3.09600e+02
3.09800e+02
3.10000e+02
3.10100e+02
3.10300e+02
3.10600e+02
3.10700e+02
3.11000e+02
3.11100e+02
3.11400e+02
3.11500e+02
3.11700e+02
3.11900e+02
3.12000e+02
3.12200e+02
3.12500e+02
3.12800e+02
3.12900e+02
3.13200e+02
3.13400e+02
3.13700e+02
3.13900e+02
3.14100e+02
3.14200e+02
3.14400e+02
3.14600e+02
3.14800e+02
3.14900e+02
3.15000e+02
3.15100e+02
3.15200e+02
3.15300e+02
3.15400e+02
3.15600e+02
3.15800e+02
3.15900e+02
3.16000e+02
3.16100e+02
3.16200e+02
3.16400e+02
3.16600e+02
3.16800e+02
3.16900e+02
3.17000e+02
3.17100e+02
3.17200e+02
3.17300e+02
3.17400e+02
3.17600e+02
3.17800e+02
3.17900e+02
3.18000e+02
3.18100e+02
3.18300e+02
3.18500e+02
3.18700e+02
3.18800e+02
3.18900e+02
3.19200e+02
3.19400e+02
3.19600e+02
3.19800e+02
3.20000e+02
3.20100e+02
3.20300e+02
3.20600e+02
3.20700e+02
3.21000e+02
3.21100e+02
3.21200e+02
3.21300e+02
3.21500e+02
3.21700e+02
3.21800e+02
3.21900e+02
3.22000e+02
3.22100e+02
3.22200e+02
3.22400e+02
3.22600e+02
3.22800e+02
3.22900e+02
3.23000e+02
3.23100e+02
3.23400e+02
3.23500e+02
3.23700e+02
3.23900e+02
3.24000e+02
3.24200e+02
3.24500e+02
3.24800e+02
3.24900e+02
3.25200e+02
3.25400e+02
3.25700e+02
3.25900e+02
3.26300e+02
3.26500e+02
3.26700e+02
3.26800e+02
3.26900e+02
3.27200e+02
3.27400e+02
3.27600e+02
3.27800e+02
3.28000e+02
3.28200e+02
3.28400e+02
3.28600e+02
3.28700e+02
3.29000e+02
3.29100e+02
3.29200e+02
3.29300e+02
3.29500e+02
3.29700e+02
3.29800e+02
3.29900e+02
3.30000e+02
3.30100e+02
3.30200e+02
3.30400e+02
3.30600e+02
3.30800e+02
3.30900e+02
3.31000e+02
3.31100e+02
3.31200e+02
3.31300e+02
3.31500e+02
3.31700e+02
3.31800e+02
3.31900e+02
3.32000e+02
3.32100e+02
3.32300e+02
3.32500e+02
3.32800e+02
3.32900e+02
3.33000e+02
3.33200e+02
3.33400e+02
3.33700e+02
3.33800e+02
3.34300e+02
3.34500e+02
3.34800e+02
3.34900e+02
3.35000e+02
3.35200e+02
3.35500e+02
3.35700e+02
3.36000e+02
3.36100e+02
3.36200e+02
3.36400e+02
3.36600e+02
3.36800e+02
3.37500e+02
3.37700e+02
3.38000e+02
3.38200e+02
3.38400e+02
3.38600e+02
3.38800e+02
3.39500e+02
3.39700e+02
3.40000e+02
3.40200e+02
3.40500e+02
3.40800e+02
3.40900e+02
3.41000e+02
3.41100e+02
3.41200e+02
3.41300e+02
3.41500e+02
3.41700e+02
3.41900e+02
3.42200e+02
3.42400e+02
3.42600e+02
3.42800e+02
3.43100e+02
3.43300e+02
3.43400e+02
3.43700e+02
3.43800e+02
3.44100e+02
3.44200e+02
3.44400e+02
3.44600e+02
3.44800e+02
3.44900e+02
3.45000e+02
3.45100e+02
3.45400e+02
3.45500e+02
3.45700e+02
3.45900e+02
3.46000e+02
3.46200e+02
3.46400e+02
3.46500e+02
3.46700e+02
3.47000e+02
3.47100e+02
3.47400e+02
3.47500e+02
3.47700e+02
3.47900e+02
3.48000e+02
3.48200e+02
3.48400e+02
3.48600e+02
3.48700e+02
3.49000e+02
3.49100e+02
3.49200e+02
3.49300e+02
3.49500e+02
3.49700e+02
3.49800e+02
3.49900e+02
3.50000e+02
3.50100e+02
3.50300e+02
3.50500e+02
3.50800e+02
3.50900e+02
3.51000e+02
3.51200e+02
3.51500e+02
3.51700e+02
3.52000e+02
3.52100e+02
3.52300e+02
3.52500e+02
3.52800e+02
3.52900e+02
3.53000e+02
3.53100e+02
3.53200e+02
3.53300e+02
3.53500e+02
3.53700e+02
3.54000e+02
3.54100e+02
3.54200e+02
3.54300e+02
3.54600e+02
3.54800e+02
3.54900e+02
3.55000e+02
3.55100e+02
3.55200e+02
3.55300e+02
3.55500e+02
3.55700e+02
3.55900e+02
3.56000e+02
3.56200e+02
3.56400e+02
3.56600e+02
3.56800e+02
3.57100e+02
3.57300e+02
3.57400e+02
3.57700e+02
3.57800e+02
3.58300e+02
3.58500e+02
3.58800e+02
3.58900e+02
3.59000e+02
3.59200e+02
3.59500e+02
3.59700e+02
3.60000e+02
3.60200e+02
3.60500e+02
3.60800e+02
3.60900e+02
3.61000e+02
3.61100e+02
3.61200e+02
3.61300e+02
3.61500e+02
3.61700e+02
3.61900e+02
3.62200e+02
3.62400e+02
3.62600e+02
3.62800e+02
3.63100e+02
3.63300e+02
3.63400e+02
3.63700e+02
3.63800e+02
3.64300e+02
3.64500e+02
3.64800e+02
3.64900e+02
3.65000e+02
3.65200e+02
3.65400e+02
3.65700e+02
3.65800e+02
3.66100e+02
3.66200e+02
3.66400e+02
3.66600e+02
3.66800e+02
3.66900e+02
3.67000e+02
3.67100e+02
3.67200e+02
3.67300e+02
3.67500e+02
3.67700e+02
3.67800e+02
3.67900e+02
3.68000e+02
3.68100e+02
3.68300e+02
3.68500e+02
3.68800e+02
3.68900e+02
3.69000e+02
3.69200e+02
3.69400e+02
3.69700e+02
3.69800e+02
3.70100e+02
3.70200e+02
3.70400e+02
3.70600e+02
3.70800e+02
3.70900e+02
3.71000e+02
3.71100e+02
3.71400e+02
3.71500e+02
3.71700e+02
3.71900e+02
3.72000e+02
3.72200e+02
3.72400e+02
3.72500e+02
3.72700e+02
3.73000e+02
3.73100e+02
3.73400e+02
3.73500e+02
3.73700e+02
3.73900e+02
3.74300e+02
3.74600e+02
3.74700e+02
3.75000e+02
3.75100e+02
3.75200e+02
3.75300e+02
3.75500e+02
3.75700e+02
3.75800e+02
3.75900e+02
3.76000e+02
3.76100e+02
3.76200e+02
3.76400e+02
3.76600e+02
3.76800e+02
3.76900e+02
3.77000e+02
3.77100e+02
3.77200e+02
3.77300e+02
3.77500e+02
3.77700e+02
3.77800e+02
3.77900e+02
3.78000e+02
3.78100e+02
3.78200e+02
3.78400e+02
3.78600e+02
3.78800e+02
3.78900e+02
3.79000e+02
3.79100e+02
3.79200e+02
3.79300e+02
3.79500e+02
3.79700e+02
3.79800e+02
3.79900e+02
3.80000e+02
3.80100e+02
3.80300e+02
3.80500e+02
3.80800e+02
3.80900e+02
3.81000e+02
3.81200e+02
3.81400e+02
3.81700e+02
3.81800e+02
3.82300e+02
3.82500e+02
3.82800e+02
3.82900e+02
3.83000e+02
3.83200e+02
3.83500e+02
3.83700e+02
3.84000e+02
3.84100e+02
3.84200e+02
3.84400e+02
3.84600e+02
3.84800e+02
3.85100e+02
3.85300e+02
3.85400e+02
3.85700e+02
3.85800e+02
3.86100e+02
3.86200e+02
3.86400e+02
3.86600e+02
3.86800e+02
3.86900e+02
3.87000e+02
3.87100e+02
3.87200e+02
3.87300e+02
3.87500e+02
3.87700e+02
3.87800e+02
3.87900e+02
3.88000e+02
3.88100e+02
3.88200e+02
3.88400e+02
3.88600e+02
3.88800e+02
3.88900e+02
3.89000e+02
3.89100e+02
3.89400e+02
3.89500e+02
3.89700e+02
3.89900e+02
3.90200e+02
3.90500e+02
3.90800e+02
3.90900e+02
3.91200e+02
3.91400e+02
3.91700e+02
3.91900e+02
3.92300e+02
3.92500e+02
3.92700e+02
3.92800e+02
3.92900e+02
3.93200e+02
3.93400e+02
3.93600e+02
3.93800e+02
3.94000e+02
3.94100e+02
3.94300e+02
3.94500e+02
3.94800e+02
3.94900e+02
3.95200e+02
3.95400e+02
3.95700e+02
3.95900e+02
3.96100e+02
3.96200e+02
3.96400e+02
3.96600e+02
3.96800e+02
3.96900e+02
3.97000e+02
3.97100e+02
3.97200e+02
3.97300e+02
3.97400e+02
3.97600e+02
3.97800e+02
3.97900e+02
3.98000e+02
3.98100e+02
3.98300e+02
3.98500e+02
3.98700e+02
3.98800e+02
3.98900e+02
3.99300e+02
3.99400e+02
3.99700e+02
3.99900e+02
4.00100e+02
4.00200e+02
4.00400e+02
4.00600e+02
4.00800e+02
4.00900e+02
4.01000e+02
4.01100e+02
4.01200e+02
4.01300e+02
4.01400e+02
4.01600e+02
4.01800e+02
4.01900e+02
4.02000e+02
4.02100e+02
4.02300e+02
4.02500e+02
4.02700e+02
4.02800e+02
4.02900e+02
4.03200e+02
4.03400e+02
4.03600e+02
4.03800e+02
4.04000e+02
4.04200e+02
4.04500e+02
4.04800e+02
4.04900e+02
4.05400e+02
4.05600e+02
4.05800e+02
4.06000e+02
4.06200e+02
4.06500e+02
4.06800e+02
4.06900e+02
4.07400e+02
4.07600e+02
4.07800e+02
4.08000e+02
4.08200e+02
4.08400e+02
4.08600e+02
4.08700e+02
4.09000e+02
4.09100e+02
4.09400e+02
4.09500e+02
4.09700e+02
4.09900e+02
4.10200e+02
4.10500e+02
4.10800e+02
4.10900e+02
4.11400e+02
4.11600e+02
4.11800e+02
4.12000e+02
4.12100e+02
4.12300e+02
4.12600e+02
4.12700e+02
4.13000e+02
4.13100e+02
4.13200e+02
4.13300e+02
4.13500e+02
4.13700e+02
4.13800e+02
4.13900e+02
4.14000e+02
4.14100e+02
4.14300e+02
4.14500e+02
4.14800e+02
4.14900e+02
4.15000e+02
4.15200e+02
4.15400e+02
4.15700e+02
4.15800e+02
4.16100e+02
4.16200e+02
4.16400e+02
4.16600e+02
4.16800e+02
4.16900e+02
4.17000e+02
4.17100e+02
4.17400e+02
4.17500e+02
4.17700e+02
4.17900e+02
4.18000e+02
4.18100e+02
4.18300e+02
4.18500e+02
4.18800e+02
4.18900e+02
4.19200e+02
4.19400e+02
4.19700e+02
4.19900e+02
4.20300e+02
4.20500e+02
4.20700e+02
4.20800e+02
4.20900e+02
4.21200e+02
4.21400e+02
4.21600e+02
4.21800e+02
4.22000e+02
4.22100e+02
4.22300e+02
4.22500e+02
4.22800e+02
4.22900e+02
4.23400e+02
4.23600e+02
4.23800e+02
4.24000e+02
4.24200e+02
4.24500e+02
4.24800e+02
4.24900e+02
4.25200e+02
4.25400e+02
4.25700e+02
4.25900e+02
4.26300e+02
4.26500e+02
4.26700e+02
4.26800e+02
4.26900e+02
4.27200e+02
4.27400e+02
4.27600e+02
4.27800e+02
4.28000e+02
4.28100e+02
4.28300e+02
4.28600e+02
4.28700e+02
4.29000e+02
4.29100e+02
4.29400e+02
4.29500e+02
4.29700e+02
4.29900e+02
4.30300e+02
4.30600e+02
4.30700e+02
4.31000e+02
4.31100e+02
4.31200e+02
4.31300e+02
4.31500e+02
4.31700e+02
4.31800e+02
4.31900e+02
4.32000e+02
4.32100e+02
4.32300e+02
4.32500e+02
4.32800e+02
4.32900e+02
4.33000e+02
4.33200e+02
4.33500e+02
4.33700e+02
4.34000e+02
4.34100e+02
4.34200e+02
4.34400e+02
4.34600e+02
4.34800e+02
4.35100e+02
4.35300e+02
4.35400e+02
4.35700e+02
4.35800e+02
4.36100e+02
4.36200e+02
4.36400e+02
4.36600e+02
4.36800e+02
4.36900e+02
4.37000e+02
4.37100e+02
4.37200e+02
4.37300e+02
4.37500e+02
4.37700e+02
4.37800e+02
4.37900e+02
4.38000e+02
4.38100e+02
4.38300e+02
4.38500e+02
4.38800e+02
4.38900e+02
4.39000e+02
4.39200e+02
4.39500e+02
4.39700e+02
4.40000e+02
4.40100e+02
4.40200e+02
4.40400e+02
4.40600e+02
4.40800e+02
4.41100e+02
4.41300e+02
4.41400e+02
4.41700e+02
4.41800e+02
4.42300e+02
4.42500e+02
4.42800e+02
4.42900e+02
4.43000e+02
4.43200e+02
4.43500e+02
4.43700e+02
4.44000e+02
4.44200e+02
4.44500e+02
4.44800e+02
4.44900e+02
4.45000e+02
4.45100e+02
4.45200e+02
4.45300e+02
4.45500e+02
4.45700e+02
4.46000e+02
4.46100e+02
4.46300e+02
4.46400e+02
4.46600e+02
4.46800e+02
4.46900e+02
4.47300e+02
4.47600e+02
4.48000e+02
4.48200e+02
4.48400e+02
4.48600e+02
4.48800e+02
4.48900e+02
4.49300e+02
4.49600e+02
4.50000e+02
4.50300e+02
4.50600e+02
4.50800e+02
4.50900e+02
4.51000e+02
4.51100e+02
4.51200e+02
4.51300e+02
4.51500e+02
4.51700e+02
4.51900e+02
4.52300e+02
4.52500e+02
4.52800e+02
4.52900e+02
4.53000e+02
4.53100e+02
4.53200e+02
4.53300e+02
4.53500e+02
4.53700e+02
4.53900e+02
4.54200e+02
4.54400e+02
4.54600e+02
4.54800e+02
4.55100e+02
4.55300e+02
4.55400e+02
4.55700e+02
4.55800e+02
4.56100e+02
4.56200e+02
4.56400e+02
4.56600e+02
4.56800e+02
4.56900e+02
4.57000e+02
4.57100e+02
4.57400e+02
4.57500e+02
4.57700e+02
4.57900e+02
4.58000e+02
4.58200e+02
4.58500e+02
4.58800e+02
4.58900e+02
4.59400e+02
4.59600e+02
4.59800e+02
4.60000e+02
4.60100e+02
4.60300e+02
4.60500e+02
4.60800e+02
4.60900e+02
4.61400e+02
4.61600e+02
4.61800e+02
4.62000e+02
4.62200e+02
4.62400e+02
4.62500e+02
4.62700e+02
4.63000e+02
4.63100e+02
4.63400e+02
4.63500e+02
4.63700e+02
4.63900e+02
4.64000e+02
4.64100e+02
4.64300e+02
4.64600e+02
4.64700e+02
4.65000e+02
4.65100e+02
4.65200e+02
4.65300e+02
4.65500e+02
4.65700e+02
4.65800e+02
4.65900e+02
4.66000e+02
4.66100e+02
4.66200e+02
4.66400e+02
4.66600e+02
4.66800e+02
4.66900e+02
4.67000e+02
4.67100e+02
4.67400e+02
4.67500e+02
4.67700e+02
4.67900e+02
4.68200e+02
4.68500e+02
4.68800e+02
4.68900e+02
4.69400e+02
4.69600e+02
4.69800e+02
4.70000e+02
4.70100e+02
4.70200e+02
4.70500e+02
4.70800e+02
4.70900e+02
4.71200e+02
4.71400e+02
4.71700e+02
4.71900e+02
4.72100e+02
4.72200e+02
4.72400e+02
4.72600e+02
4.72800e+02
4.72900e+02
4.73000e+02
4.73100e+02
4.73200e+02
4.73300e+02
4.73400e+02
4.73600e+02
4.73800e+02
4.73900e+02
4.74000e+02
4.74100e+02
4.74200e+02
4.74400e+02
4.74600e+02
4.74800e+02
4.74900e+02
4.75000e+02
4.75100e+02
4.75200e+02
4.75300e+02
4.75400e+02
4.75600e+02
4.75800e+02
4.75900e+02
4.76000e+02
4.76100e+02
4.76200e+02
4.76400e+02
4.76600e+02
4.76800e+02
4.76900e+02
4.77000e+02
4.77100e+02
4.77200e+02
4.77300e+02
4.77400e+02
4.77600e+02
4.77800e+02
4.77900e+02
4.78000e+02
4.78100e+02
4.78300e+02
4.78500e+02
4.78700e+02
4.78800e+02
4.78900e+02
4.79200e+02
4.79400e+02
4.79600e+02
4.79800e+02
4.80000e+02
4.80200e+02
4.80500e+02
4.80800e+02
4.80900e+02
4.81200e+02
4.81400e+02
4.81700e+02
4.81900e+02
4.82300e+02
4.82500e+02
4.82700e+02
4.82800e+02
4.82900e+02
4.83200e+02
4.83400e+02
4.83600e+02
4.83800e+02
4.84000e+02
4.84200e+02
4.84500e+02
4.84800e+02
4.84900e+02
4.85400e+02
4.85600e+02
4.85800e+02
4.86000e+02
4.86200e+02
4.86500e+02
4.86800e+02
4.86900e+02
4.87200e+02
4.87400e+02
4.87700e+02
4.87800e+02
4.88400e+02
4.88500e+02
4.88700e+02
4.88800e+02
4.88900e+02
4.89200e+02
4.89400e+02
4.89600e+02
4.89800e+02
4.90000e+02
4.90200e+02
4.90500e+02
4.90800e+02
4.90900e+02
4.91200e+02
4.91400e+02
4.91700e+02
4.91800e+02
4.92400e+02
4.92500e+02
4.92700e+02
4.92800e+02
4.92900e+02
4.93200e+02
4.93400e+02
4.93600e+02
4.93800e+02
4.94000e+02
4.94200e+02
4.94400e+02
4.94600e+02
4.94700e+02
4.95000e+02
4.95100e+02
4.95400e+02
4.95500e+02
4.95700e+02
4.95900e+02
4.96000e+02
4.96200e+02
4.96500e+02
4.96800e+02
4.96900e+02
4.97400e+02
4.97600e+02
4.97800e+02
4.98000e+02
4.98200e+02
4.98500e+02
4.98800e+02
4.98900e+02
4.99400e+02
4.99600e+02
4.99800e+02
5.00000e+02
5.00200e+02
5.00400e+02
5.00600e+02
5.00700e+02
5.01000e+02
5.01100e+02
5.01400e+02
5.01500e+02
5.01700e+02
5.01900e+02
5.02000e+02
5.02200e+02
5.02400e+02
5.02600e+02
5.02700e+02
5.03000e+02
5.03100e+02
5.03400e+02
5.03500e+02
5.03700e+02
5.03900e+02
5.04200e+02
5.04500e+02
5.04800e+02
5.04900e+02
5.05200e+02
5.05400e+02
5.05700e+02
5.05800e+02
5.06400e+02
5.06500e+02
5.06700e+02
5.06800e+02
5.06900e+02
5.07200e+02
5.07400e+02
5.07600e+02
5.07800e+02
5.08000e+02
5.08200e+02
5.08500e+02
5.08800e+02
5.08900e+02
5.09200e+02
5.09400e+02
5.09700e+02
5.09800e+02
5.10100e+02
5.10200e+02
5.10400e+02
5.10600e+02
5.10800e+02
5.10900e+02
5.11000e+02
5.11100e+02
5.11200e+02
5.11400e+02
5.11500e+02
5.11700e+02
5.11900e+02
5.12000e+02
5.12100e+02
5.12400e+02
5.12600e+02
5.12800e+02
5.12900e+02
5.13400e+02
5.13600e+02
5.13800e+02
5.14000e+02
5.14200e+02
5.14400e+02
5.14600e+02
5.14800e+02
5.14900e+02
5.15200e+02
5.15400e+02
5.15500e+02
5.15800e+02
5.16500e+02
5.16800e+02
5.16900e+02
5.17300e+02
5.17500e+02
5.17800e+02
5.18100e+02
5.18200e+02
5.18300e+02
5.18600e+02
5.18800e+02
5.18900e+02
5.19000e+02
5.19100e+02
5.19200e+02
5.19400e+02
5.19700e+02
5.19800e+02
5.20000e+02
5.20100e+02
5.20300e+02
5.20400e+02
5.20600e+02
5.20900e+02
5.21400e+02
5.21600e+02
5.21800e+02
5.21900e+02
5.22000e+02
5.22200e+02
5.22300e+02
5.22400e+02
5.22600e+02
5.22900e+02
5.23200e+02
5.23400e+02
5.23700e+02
5.24000e+02
5.24100e+02
5.24200e+02
5.24400e+02
5.24600e+02
5.24800e+02
5.24900e+02
5.25000e+02
5.25100e+02
5.25200e+02
5.25300e+02
5.25500e+02
5.25700e+02
5.26000e+02
5.26100e+02
5.26300e+02
5.26500e+02
5.26800e+02
5.26900e+02
5.27200e+02
5.27500e+02
5.27800e+02
5.27900e+02
5.28100e+02
5.28200e+02
5.28500e+02
5.28700e+02
5.29000e+02
5.29100e+02
5.29200e+02
5.29300e+02
5.29500e+02
5.29700e+02
5.29900e+02
5.30000e+02
5.30100e+02
5.30200e+02
5.30500e+02
5.30800e+02
5.30900e+02
5.31200e+02
5.31400e+02
5.31600e+02
5.31800e+02
5.32000e+02
5.32200e+02
5.32300e+02
5.32600e+02
5.32700e+02
5.33000e+02
5.33100e+02
5.33200e+02
5.33300e+02
5.33400e+02
5.33600e+02
5.33800e+02
5.33900e+02
5.34000e+02
5.34100e+02
5.34300e+02
5.34400e+02
5.34500e+02
5.34700e+02
5.34800e+02
5.34900e+02
5.35200e+02
5.35400e+02
5.35600e+02
5.35800e+02
5.36000e+02
5.36100e+02
5.36300e+02
5.36500e+02
5.36800e+02
5.36900e+02
5.37200e+02
5.37400e+02
5.37700e+02
5.37800e+02
5.38100e+02
5.38200e+02
5.38400e+02
5.38600e+02
5.38800e+02
5.38900e+02
5.39000e+02
5.39100e+02
5.39200e+02
5.39400e+02
5.39700e+02
5.39900e+02
5.40000e+02
5.40200e+02
5.40300e+02
5.40600e+02
5.40700e+02
5.41000e+02
5.41100e+02
5.41200e+02
5.41300e+02
5.41400e+02
5.41600e+02
5.41800e+02
5.41900e+02
5.42000e+02
5.42100e+02
5.42200e+02
5.42400e+02
5.42600e+02
5.42800e+02
5.42900e+02
5.43000e+02
5.43100e+02
5.43200e+02
5.43300e+02
5.43400e+02
5.43600e+02
5.43800e+02
5.43900e+02
5.44000e+02
5.44100e+02
5.44300e+02
5.44400e+02
5.44500e+02
5.44700e+02
5.44800e+02
5.44900e+02
5.45200e+02
5.45400e+02
5.45600e+02
5.45800e+02
5.46000e+02
5.46100e+02
5.46300e+02
5.46500e+02
5.46800e+02
5.46900e+02
5.47400e+02
5.47600e+02
5.47800e+02
5.48000e+02
5.48100e+02
5.48300e+02
5.48600e+02
5.48700e+02
5.49000e+02
5.49100e+02
5.49400e+02
5.49500e+02
5.49700e+02
5.49900e+02
5.50200e+02
5.50500e+02
5.50800e+02
5.50900e+02
5.51200e+02
5.51400e+02
5.51700e+02
5.51800e+02
5.52100e+02
5.52200e+02
5.52400e+02
5.52600e+02
5.52800e+02
5.52900e+02
5.53000e+02
5.53100e+02
5.53200e+02
5.53400e+02
5.53500e+02
5.53700e+02
5.53900e+02
5.54000e+02
5.54200e+02
5.54300e+02
5.54600e+02
5.54700e+02
5.55000e+02
5.55100e+02
5.55200e+02
5.55300e+02
5.55400e+02
5.55600e+02
5.55800e+02
5.55900e+02
5.56000e+02
5.56100e+02
5.56300e+02
5.56400e+02
5.56500e+02
5.56700e+02
5.56800e+02
5.56900e+02
5.57300e+02
5.57400e+02
5.57700e+02
5.57800e+02
5.58400e+02
5.58500e+02
5.58700e+02
5.58800e+02
5.58900e+02
5.59300e+02
5.59400e+02
5.59700e+02
5.59800e+02
5.60400e+02
5.60500e+02
5.60700e+02
5.60800e+02
5.60900e+02
5.61300e+02
5.61400e+02
5.61700e+02
5.61800e+02
5.62400e+02
5.62500e+02
5.62700e+02
5.62800e+02
5.62900e+02
5.63300e+02
5.63400e+02
5.63700e+02
5.63800e+02
5.64100e+02
5.64200e+02
5.64400e+02
5.64600e+02
5.64800e+02
5.64900e+02
5.65000e+02
5.65100e+02
5.65200e+02
5.65300e+02
5.65400e+02
5.65600e+02
5.65800e+02
5.65900e+02
5.66000e+02
5.66200e+02
5.66400e+02
5.66600e+02
5.66800e+02
5.66900e+02
5.67000e+02
5.67100e+02
5.67200e+02
5.67300e+02
5.67400e+02
5.67600e+02
5.67800e+02
5.67900e+02
5.68000e+02
5.68100e+02
5.68200e+02
5.68400e+02
5.68600e+02
5.68800e+02
5.68900e+02
5.69000e+02
5.69100e+02
5.69200e+02
5.69400e+02
5.69500e+02
5.69700e+02
5.69900e+02
5.70000e+02
5.70200e+02
5.70400e+02
5.70600e+02
5.70800e+02
5.70900e+02
5.71200e+02
5.71400e+02
5.71500e+02
5.71800e+02
5.72100e+02
5.72200e+02
5.72300e+02
5.72600e+02
5.72800e+02
5.72900e+02
5.73000e+02
5.73100e+02
5.73200e+02
5.73300e+02
5.73500e+02
5.73700e+02
5.73900e+02
5.74000e+02
5.74100e+02
5.74200e+02
5.74500e+02
5.74800e+02
5.74900e+02
5.75300e+02
5.75500e+02
5.75800e+02
5.76500e+02
5.76800e+02
5.76900e+02
5.77300e+02
5.77500e+02
5.77800e+02
5.78500e+02
5.78800e+02
5.78900e+02
5.79300e+02
5.79500e+02
5.79800e+02
5.80500e+02
5.80800e+02
5.80900e+02
5.81300e+02
5.81500e+02
5.81800e+02
5.82500e+02
5.82800e+02
5.82900e+02
5.83200e+02
5.83400e+02
5.83600e+02
5.83800e+02
5.84000e+02
5.84200e+02
5.84300e+02
5.84600e+02
5.84700e+02
5.85000e+02
5.85100e+02
5.85200e+02
5.85300e+02
5.85400e+02
5.85600e+02
5.85800e+02
5.85900e+02
5.86000e+02
5.86100e+02
5.86300e+02
5.86400e+02
5.86500e+02
5.86700e+02
5.86800e+02
5.86900e+02
5.87300e+02
5.87400e+02
5.87700e+02
5.87800e+02
5.88400e+02
5.88500e+02
5.88700e+02
5.88800e+02
5.88900e+02
5.89200e+02
5.89400e+02
5.89600e+02
5.89800e+02
5.90000e+02
5.90100e+02
5.90200e+02
5.90500e+02
5.90800e+02
5.90900e+02
5.91400e+02
5.91600e+02
5.91800e+02
5.92000e+02
5.92100e+02
5.92300e+02
5.92500e+02
5.92800e+02
5.92900e+02
5.93400e+02
5.93600e+02
5.93800e+02
5.94000e+02
5.94100e+02
5.94200e+02
5.94500e+02
5.94800e+02
5.94900e+02
5.95400e+02
5.95600e+02
5.95800e+02
5.96000e+02
5.96100e+02
5.96200e+02
5.96500e+02
5.96800e+02
5.96900e+02
5.97400e+02
5.97600e+02
5.97800e+02
5.98000e+02
5.98200e+02
5.98400e+02
5.98600e+02
5.98700e+02
5.99000e+02
5.99100e+02
5.99200e+02
5.99300e+02
5.99500e+02
5.99700e+02
5.99800e+02
5.99900e+02
6.00000e+02
6.00100e+02
6.00300e+02
6.00500e+02
6.00800e+02
6.00900e+02
6.01000e+02
6.01200e+02
6.01400e+02
6.01700e+02
6.01800e+02
6.02100e+02
6.02200e+02
6.02400e+02
6.02600e+02
6.02800e+02
6.02900e+02
6.03000e+02
6.03100e+02
6.03200e+02
6.03300e+02
6.03500e+02
6.03700e+02
6.03800e+02
6.03900e+02
6.04000e+02
6.04100e+02
6.04300e+02
6.04500e+02
6.04800e+02
6.04900e+02
6.05000e+02
6.05200e+02
6.05400e+02
6.05700e+02
6.05800e+02
6.06300e+02
6.06500e+02
6.06800e+02
6.06900e+02
6.07000e+02
6.07200e+02
6.07400e+02
6.07700e+02
6.07800e+02
6.08100e+02
6.08200e+02
6.08400e+02
6.08600e+02
6.08800e+02
6.08900e+02
6.09000e+02
6.09100e+02
6.09200e+02
6.09300e+02
6.09500e+02
6.09700e+02
6.09800e+02
6.09900e+02
6.10000e+02
6.10200e+02
6.10300e+02
6.10500e+02
6.10800e+02
6.10900e+02
6.11000e+02
6.11200e+02
6.11400e+02
6.11700e+02
6.11800e+02
6.12300e+02
6.12500e+02
6.12800e+02
6.12900e+02
6.13000e+02
6.13200e+02
6.13400e+02
6.13700e+02
6.13800e+02
6.14300e+02
6.14500e+02
6.14800e+02
6.14900e+02
6.15000e+02
6.15200e+02
6.15500e+02
6.15700e+02
6.16000e+02
6.16100e+02
6.16300e+02
6.16500e+02
6.16800e+02
6.16900e+02
6.17000e+02
6.17100e+02
6.17200e+02
6.17300e+02
6.17500e+02
6.17700e+02
6.18000e+02
6.18100e+02
6.18300e+02
6.18400e+02
6.18600e+02
6.18800e+02
6.18900e+02
6.19200e+02
6.19300e+02
6.19600e+02
6.19800e+02
6.20000e+02
6.20100e+02
6.20300e+02
6.20500e+02
6.20800e+02
6.21200e+02
6.21300e+02
6.21500e+02
6.21700e+02
6.22000e+02
6.22100e+02
6.22300e+02
6.22600e+02
6.22900e+02
6.23200e+02
6.23600e+02
6.23800e+02
6.24000e+02
6.24200e+02
6.24400e+02
6.24600e+02
6.24800e+02
6.25500e+02
6.25700e+02
6.25900e+02
6.26000e+02
6.26200e+02
6.26400e+02
6.26600e+02
6.26800e+02
6.27500e+02
6.27700e+02
6.27900e+02
6.28200e+02
6.28400e+02
6.28600e+02
6.28800e+02
6.29100e+02
6.29400e+02
6.29700e+02
6.30000e+02
6.30100e+02
6.30200e+02
6.30300e+02
6.30600e+02
6.30800e+02
6.30900e+02
6.31000e+02
6.31100e+02
6.31200e+02
6.31300e+02
6.31500e+02
6.31700e+02
6.32000e+02
6.32200e+02
6.32400e+02
6.32700e+02
6.32800e+02
6.32900e+02
6.33200e+02
6.33600e+02
6.33800e+02
6.34000e+02
6.34100e+02
6.34300e+02
6.34500e+02
6.34800e+02
6.35100e+02
6.35400e+02
6.35700e+02
6.36000e+02
6.36100e+02
6.36300e+02
6.36600e+02
6.36900e+02
6.37300e+02
6.37600e+02
6.37700e+02
6.38000e+02
6.38100e+02
6.38200e+02
6.38300e+02
6.38600e+02
6.38800e+02
6.38900e+02
6.39000e+02
6.39100e+02
6.39200e+02
6.39300e+02
6.39500e+02
6.39700e+02
6.40000e+02
6.40100e+02
6.40200e+02
6.40300e+02
6.40600e+02
6.40800e+02
6.40900e+02
6.41000e+02
6.41100e+02
6.41200e+02
6.41300e+02
6.41500e+02
6.41700e+02
6.42000e+02
6.42100e+02
6.42300e+02
6.42600e+02
6.42900e+02
6.43300e+02
6.43600e+02
6.43700e+02
6.44000e+02
6.44100e+02
6.44200e+02
6.44300e+02
6.44600e+02
6.44800e+02
6.44900e+02
6.45000e+02
6.45100e+02
6.45400e+02
6.45700e+02
6.45900e+02
6.46200e+02
6.46400e+02
6.46600e+02
6.46800e+02
6.46900e+02
6.47200e+02
6.47400e+02
6.47700e+02
6.47800e+02
6.48400e+02
6.48600e+02
6.48800e+02
6.48900e+02
6.49200e+02
6.49300e+02
6.49600e+02
6.49800e+02
6.50000e+02
6.50200e+02
6.50400e+02
6.50600e+02
6.50900e+02
6.51400e+02
6.51700e+02
6.51900e+02
6.52200e+02
6.52400e+02
6.52600e+02
6.52800e+02
6.52900e+02
6.53500e+02
6.53800e+02
6.54000e+02
6.54200e+02
6.54400e+02
6.54600e+02
6.54900e+02
6.55100e+02
6.55200e+02
6.55300e+02
6.55500e+02
6.55700e+02
6.56000e+02
6.56100e+02
6.56300e+02
6.56600e+02
6.56900e+02
6.57300e+02
6.57600e+02
6.57700e+02
6.58000e+02
6.58100e+02
6.58200e+02
6.58300e+02
6.58600e+02
6.58800e+02
6.58900e+02
6.59000e+02
6.59100e+02
6.59200e+02
6.59300e+02
6.59500e+02
6.59700e+02
6.60000e+02
6.60100e+02
6.60300e+02
6.60600e+02
6.60900e+02
6.61200e+02
6.61600e+02
6.61800e+02
6.62000e+02
6.62200e+02
6.62400e+02
6.62600e+02
6.62800e+02
6.63100e+02
6.63400e+02
6.63700e+02
6.64000e+02
6.64100e+02
6.64200e+02
6.64300e+02
6.64600e+02
6.64800e+02
6.64900e+02
6.65000e+02
6.65100e+02
6.65400e+02
6.65700e+02
6.65900e+02
6.66300e+02
6.66500e+02
6.66800e+02
6.67500e+02
6.67700e+02
6.67900e+02
6.68200e+02
6.68400e+02
6.68600e+02
6.68800e+02
6.68900e+02
6.69200e+02
6.69400e+02
6.69700e+02
6.69800e+02
6.70400e+02
6.70600e+02
6.70800e+02
6.70900e+02
6.71200e+02
6.71300e+02
6.71600e+02
6.71800e+02
6.72000e+02
6.72100e+02
6.72300e+02
6.72500e+02
6.72800e+02
6.73200e+02
6.73300e+02
6.73500e+02
6.73700e+02
6.74000e+02
6.74100e+02
6.74300e+02
6.74600e+02
6.74900e+02
6.75200e+02
6.75600e+02
6.75800e+02
6.76000e+02
6.76200e+02
6.76400e+02
6.76600e+02
6.76800e+02
6.77200e+02
6.77300e+02
6.77500e+02
6.77700e+02
6.77900e+02
6.78000e+02
6.78100e+02
6.78300e+02
6.78400e+02
6.78500e+02
6.78800e+02
6.78900e+02
6.79000e+02
6.79200e+02
6.79300e+02
6.79500e+02
6.79800e+02
6.80000e+02
6.80100e+02
6.80200e+02
6.80500e+02
6.80700e+02
6.80900e+02
6.81400e+02
6.81600e+02
6.81800e+02
6.82000e+02
6.82100e+02
6.82200e+02
6.82400e+02
6.82600e+02
6.83000e+02
6.83100e+02
6.83200e+02
6.83500e+02
6.83700e+02
6.84000e+02
6.84100e+02
6.84300e+02
6.84500e+02
6.84700e+02
6.84900e+02
6.85400e+02
6.85600e+02
6.85800e+02
6.86000e+02
6.86100e+02
6.86200e+02
6.86400e+02
6.86600e+02
6.86900e+02
6.87000e+02
6.87100e+02
6.87200e+02
6.87300e+02
6.87500e+02
6.87700e+02
6.88000e+02
6.88100e+02
6.88400e+02
6.88700e+02
6.88800e+02
6.88900e+02
6.89300e+02
6.89400e+02
6.89700e+02
6.89800e+02
6.90100e+02
6.90200e+02
6.90400e+02
6.90600e+02
6.90800e+02
6.90900e+02
6.91000e+02
6.91100e+02
6.91200e+02
6.91500e+02
6.91700e+02
6.92000e+02
6.92100e+02
6.92300e+02
6.92600e+02
6.92900e+02
6.93000e+02
6.93100e+02
6.93200e+02
6.93500e+02
6.93700e+02
6.94000e+02
6.94100e+02
6.94200e+02
6.94400e+02
6.94600e+02
6.95000e+02
6.95100e+02
6.95200e+02
6.95300e+02
6.95500e+02
6.95700e+02
6.96000e+02
6.96100e+02
6.96200e+02
6.96400e+02
6.96600e+02
6.96800e+02
6.96900e+02
6.97000e+02
6.97100e+02
6.97200e+02
6.97300e+02
6.97500e+02
6.97700e+02
6.98000e+02
6.98100e+02
6.98200e+02
6.98400e+02
6.98600e+02
6.98800e+02
6.98900e+02
6.99000e+02
6.99100e+02
6.99200e+02
6.99500e+02
6.99600e+02
6.99700e+02
7.00000e+02
7.00100e+02
7.00200e+02
7.00400e+02
7.00600e+02
7.00900e+02
7.01000e+02
7.01100e+02
7.01200e+02
7.01300e+02
7.01500e+02
7.01700e+02
7.02000e+02
7.02100e+02
7.02400e+02
7.02700e+02
7.02800e+02
7.02900e+02
7.03200e+02
7.03500e+02
7.03800e+02
7.04000e+02
7.04100e+02
7.04300e+02
7.04500e+02
7.04700e+02
7.04900e+02
7.05500e+02
7.05800e+02
7.06000e+02
7.06300e+02
7.06600e+02
7.06900e+02
7.07000e+02
7.07100e+02
7.07200e+02
7.07300e+02
7.07500e+02
7.07600e+02
7.07900e+02
7.08000e+02
7.08100e+02
7.08200e+02
7.08400e+02
7.08600e+02
7.08800e+02
7.08900e+02
7.09000e+02
7.09100e+02
7.09200e+02
7.09300e+02
7.09500e+02
7.09600e+02
7.09900e+02
7.10000e+02
7.10100e+02
7.10300e+02
7.10500e+02
7.10700e+02
7.11000e+02
7.11200e+02
7.11500e+02
7.11800e+02
7.12100e+02
7.12200e+02
7.12400e+02
7.12600e+02
7.12800e+02
7.12900e+02
7.13000e+02
7.13100e+02
7.13200e+02
7.13300e+02
7.13500e+02
7.13600e+02
7.13900e+02
7.14000e+02
7.14100e+02
7.14300e+02
7.14500e+02
7.14700e+02
7.15000e+02
7.15200e+02
7.15400e+02
7.15600e+02
7.15800e+02
7.16000e+02
7.16100e+02
7.16300e+02
7.16500e+02
7.16800e+02
7.17500e+02
7.17700e+02
7.17800e+02
7.18000e+02
7.18100e+02
7.18300e+02
7.18500e+02
7.18800e+02
7.19500e+02
7.19700e+02
7.19800e+02
7.20000e+02
7.20200e+02
7.20500e+02
7.20700e+02
7.21000e+02
7.21200e+02
7.21500e+02
7.21800e+02
7.22500e+02
7.22700e+02
7.23000e+02
7.23200e+02
7.23500e+02
7.23800e+02
7.24100e+02
7.24200e+02
7.24400e+02
7.24600e+02
7.24800e+02
7.24900e+02
7.25000e+02
7.25100e+02
7.25400e+02
7.25700e+02
7.26000e+02
7.26100e+02
7.26300e+02
7.26500e+02
7.26700e+02
7.26900e+02
7.27500e+02
7.27800e+02
7.28000e+02
7.28100e+02
7.28300e+02
7.28500e+02
7.28700e+02
7.28900e+02
7.29500e+02
7.29800e+02
7.30000e+02
7.30300e+02
7.30600e+02
7.30900e+02
7.31000e+02
7.31100e+02
7.31400e+02
7.31700e+02
7.32000e+02
7.32100e+02
7.32300e+02
7.32600e+02
7.32900e+02
7.33000e+02
7.33100e+02
7.33200e+02
7.33300e+02
7.33500e+02
7.33600e+02
7.33900e+02
7.34000e+02
7.34100e+02
7.34200e+02
7.34400e+02
7.34600e+02
7.34800e+02
7.34900e+02
7.35000e+02
7.35100e+02
7.35200e+02
7.35300e+02
7.35500e+02
7.35600e+02
7.35900e+02
7.36000e+02
7.36100e+02
7.36300e+02
7.36500e+02
7.36700e+02
7.37000e+02
7.37200e+02
7.37400e+02
7.37600e+02
7.37800e+02
7.38000e+02
7.38200e+02
7.38400e+02
7.38600e+02
7.38800e+02
7.39500e+02
7.39700e+02
7.39800e+02
7.40000e+02
7.40100e+02
7.40400e+02
7.40600e+02
7.40800e+02
7.41200e+02
7.41300e+02
7.41500e+02
7.41700e+02
7.41800e+02
7.41900e+02
7.42000e+02
7.42100e+02
7.42200e+02
7.42400e+02
7.42500e+02
7.42700e+02
7.43000e+02
7.43100e+02
7.43400e+02
7.43600e+02
7.43700e+02
7.43800e+02
7.44000e+02
7.44100e+02
7.44300e+02
7.44500e+02
7.44700e+02
7.45000e+02
7.45200e+02
7.45400e+02
7.45600e+02
7.45800e+02
7.46000e+02
7.46100e+02
7.46300e+02
7.46500e+02
7.46800e+02
7.47500e+02
7.47700e+02
7.47800e+02
7.48000e+02
7.48200e+02
7.48500e+02
7.48700e+02
7.49000e+02
7.49200e+02
7.49500e+02
7.49800e+02
7.50100e+02
7.50200e+02
7.50400e+02
7.50600e+02
7.50800e+02
7.50900e+02
7.51000e+02
7.51100e+02
7.51200e+02
7.51300e+02
7.51500e+02
7.51600e+02
7.51900e+02
7.52000e+02
7.52100e+02
7.52200e+02
7.52400e+02
7.52600e+02
7.52800e+02
7.52900e+02
7.53000e+02
7.53100e+02
7.53400e+02
7.53700e+02
7.54000e+02
7.54200e+02
7.54400e+02
7.54500e+02
7.54700e+02
7.54900e+02
7.55200e+02
7.55400e+02
7.55700e+02
7.55800e+02
7.56300e+02
7.56400e+02
7.56700e+02
7.56800e+02
7.56900e+02
7.57300e+02
7.57400e+02
7.57700e+02
7.57800e+02
7.58300e+02
7.58400e+02
7.58700e+02
7.58800e+02
7.58900e+02
7.59300e+02
7.59400e+02
7.59700e+02
7.59800e+02
7.60300e+02
7.60400e+02
7.60700e+02
7.60800e+02
7.60900e+02
7.61200e+02
7.61500e+02
7.61800e+02
7.62000e+02
7.62100e+02
7.62300e+02
7.62500e+02
7.62700e+02
7.62900e+02
7.63500e+02
7.63800e+02
7.64000e+02
7.64200e+02
7.64400e+02
7.64500e+02
7.64700e+02
7.64900e+02
7.65200e+02
7.65400e+02
7.65700e+02
7.65800e+02
7.66100e+02
7.66200e+02
7.66400e+02
7.66600e+02
7.66800e+02
7.66900e+02
7.67000e+02
7.67100e+02
7.67200e+02
7.67500e+02
7.67700e+02
7.68000e+02
7.68100e+02
7.68200e+02
7.68500e+02
7.68700e+02
7.68900e+02
7.69400e+02
7.69600e+02
7.69800e+02
7.70000e+02
7.70100e+02
7.70200e+02
7.70400e+02
7.70600e+02
7.70900e+02
7.71000e+02
7.71100e+02
7.71200e+02
7.71300e+02
7.71500e+02
7.71700e+02
7.72000e+02
7.72100e+02
7.72400e+02
7.72700e+02
7.72800e+02
7.72900e+02
7.73300e+02
7.73400e+02
7.73700e+02
7.73800e+02
7.74100e+02
7.74200e+02
7.74400e+02
7.74600e+02
7.74800e+02
7.74900e+02
7.75000e+02
7.75100e+02
7.75200e+02
7.75300e+02
7.75500e+02
7.75700e+02
7.76000e+02
7.76200e+02
7.76400e+02
7.76600e+02
7.76800e+02
7.76900e+02
7.77000e+02
7.77100e+02
7.77200e+02
7.77300e+02
7.77500e+02
7.77700e+02
7.78000e+02
7.78100e+02
7.78200e+02
7.78400e+02
7.78600e+02
7.78800e+02
7.78900e+02
7.79000e+02
7.79100e+02
7.79200e+02
7.79500e+02
7.79700e+02
7.80000e+02
7.80100e+02
7.80200e+02
7.80500e+02
7.80700e+02
7.80900e+02
7.81400e+02
7.81600e+02
7.81800e+02
7.82000e+02
7.82100e+02
7.82200e+02
7.82500e+02
7.82700e+02
7.82900e+02
7.83400e+02
7.83600e+02
7.83800e+02
7.84000e+02
7.84100e+02
7.84200e+02
7.84400e+02
7.84600e+02
7.84900e+02
7.85000e+02
7.85100e+02
7.85200e+02
7.85500e+02
7.85700e+02
7.86000e+02
7.86100e+02
7.86200e+02
7.86400e+02
7.86600e+02
7.87000e+02
7.87100e+02
7.87200e+02
7.87500e+02
7.87700e+02
7.88000e+02
7.88100e+02
7.88200e+02
7.88400e+02
7.88600e+02
7.88900e+02
7.89000e+02
7.89100e+02
7.89200e+02
7.89500e+02
7.89700e+02
7.90000e+02
7.90100e+02
7.90300e+02
7.90500e+02
7.90700e+02
7.90900e+02
7.91100e+02
7.91300e+02
7.91400e+02
7.91600e+02
7.91700e+02
7.91800e+02
7.92300e+02
7.92400e+02
7.92500e+02
7.92800e+02
7.92900e+02
7.93000e+02
7.93200e+02
7.93300e+02
7.93500e+02
7.93800e+02
7.94000e+02
7.94100e+02
7.94300e+02
7.94500e+02
7.94700e+02
7.94900e+02
7.95400e+02
7.95600e+02
7.95800e+02
7.96000e+02
7.96100e+02
7.96300e+02
7.96500e+02
7.96700e+02
7.96900e+02
7.97100e+02
7.97300e+02
7.97400e+02
7.97600e+02
7.97700e+02
7.97800e+02
7.98300e+02
7.98400e+02
7.98500e+02
7.98800e+02
7.98900e+02
7.99000e+02
7.99200e+02
7.99400e+02
7.99600e+02
7.99700e+02
7.99800e+02
8.00100e+02
8.00200e+02
8.00300e+02
8.00500e+02
8.00700e+02
8.00900e+02
8.01000e+02
8.01100e+02
8.01400e+02
8.01700e+02
8.01900e+02
8.02200e+02
8.02400e+02
8.02600e+02
8.02800e+02
8.03600e+02
8.03800e+02
8.04000e+02
8.04200e+02
8.04400e+02
8.04600e+02
8.04800e+02
8.05200e+02
8.05300e+02
8.05500e+02
8.05700e+02
8.05900e+02
8.06000e+02
8.06200e+02
8.06300e+02
8.06400e+02
8.06500e+02
8.06800e+02
8.06900e+02
8.07000e+02
8.07200e+02
8.07300e+02
8.07500e+02
8.07800e+02
8.08000e+02
8.08100e+02
8.08200e+02
8.08500e+02
8.08700e+02
8.08900e+02
8.09100e+02
8.09300e+02
8.09400e+02
8.09600e+02
8.09700e+02
8.09800e+02
8.10100e+02
8.10200e+02
8.10300e+02
8.10500e+02
8.10700e+02
8.10900e+02
8.11000e+02
8.11100e+02
8.11400e+02
8.11700e+02
8.11900e+02
8.12300e+02
8.12600e+02
8.12800e+02
8.13500e+02
8.13700e+02
8.13900e+02
8.14300e+02
8.14600e+02
8.14800e+02
8.15500e+02
8.15700e+02
8.15900e+02
8.16300e+02
8.16600e+02
8.16800e+02
8.17200e+02
8.17300e+02
8.17500e+02
8.17700e+02
8.17900e+02
8.18000e+02
8.18100e+02
8.18200e+02
8.18300e+02
8.18500e+02
8.18700e+02
8.18900e+02
8.19000e+02
8.19100e+02
8.19400e+02
8.19700e+02
8.19900e+02
8.20200e+02
8.20400e+02
8.20600e+02
8.20800e+02
8.21100e+02
8.21400e+02
8.21700e+02
8.22000e+02
8.22100e+02
8.22300e+02
8.22600e+02
8.22900e+02
8.23200e+02
8.23600e+02
8.23800e+02
8.24000e+02
8.24200e+02
8.24400e+02
8.24600e+02
8.24800e+02
8.25200e+02
8.25300e+02
8.25500e+02
8.25700e+02
8.25900e+02
8.26000e+02
8.26400e+02
8.26500e+02
8.26800e+02
8.26900e+02
8.27000e+02
8.27200e+02
8.27300e+02
8.27500e+02
8.27800e+02
8.28000e+02
8.28100e+02
8.28300e+02
8.28600e+02
8.28900e+02
8.29000e+02
8.29100e+02
8.29200e+02
8.29500e+02
8.29700e+02
8.30000e+02
8.30100e+02
8.30200e+02
8.30500e+02
8.30700e+02
8.30900e+02
8.31100e+02
8.31300e+02
8.31400e+02
8.31600e+02
8.31700e+02
8.31800e+02
8.32300e+02
8.32400e+02
8.32500e+02
8.32800e+02
8.32900e+02
8.33000e+02
8.33200e+02
8.33400e+02
8.33600e+02
8.33700e+02
8.33800e+02
8.34100e+02
8.34200e+02
8.34300e+02
8.34500e+02
8.34700e+02
8.34900e+02
8.35000e+02
8.35100e+02
8.35400e+02
8.35700e+02
8.35900e+02
8.36300e+02
8.36600e+02
8.36800e+02
8.37200e+02
8.37300e+02
8.37500e+02
8.37700e+02
8.37900e+02
8.38000e+02
8.38100e+02
8.38300e+02
8.38400e+02
8.38500e+02
8.38800e+02
8.38900e+02
8.39000e+02
8.39200e+02
8.39400e+02
8.39600e+02
8.39700e+02
8.39800e+02
8.40300e+02
8.40400e+02
8.40500e+02
8.40800e+02
8.40900e+02
8.41000e+02
8.41200e+02
8.41400e+02
8.41600e+02
8.41700e+02
8.41800e+02
8.42300e+02
8.42400e+02
8.42500e+02
8.42800e+02
8.42900e+02
8.43000e+02
8.43200e+02
8.43400e+02
8.43600e+02
8.43700e+02
8.43800e+02
8.44100e+02
8.44200e+02
8.44300e+02
8.44500e+02
8.44700e+02
8.44900e+02
8.45000e+02
8.45100e+02
8.45200e+02
8.45300e+02
8.45500e+02
8.45700e+02
8.45900e+02
8.46000e+02
8.46100e+02
8.46200e+02
8.46300e+02
8.46500e+02
8.46700e+02
8.46900e+02
8.47000e+02
8.47100e+02
8.47400e+02
8.47700e+02
8.47900e+02
8.48200e+02
8.48400e+02
8.48600e+02
8.48800e+02
8.49600e+02
8.49800e+02
8.50000e+02
8.50100e+02
8.50300e+02
8.50500e+02
8.50800e+02
8.51100e+02
8.51400e+02
8.51700e+02
8.52000e+02
8.52100e+02
8.52300e+02
8.52600e+02
8.52900e+02
8.53200e+02
8.53600e+02
8.53800e+02
8.54000e+02
8.54200e+02
8.54400e+02
8.54600e+02
8.54800e+02
8.55500e+02
8.55700e+02
8.55900e+02
8.56200e+02
8.56400e+02
8.56600e+02
8.56800e+02
8.57600e+02
8.57800e+02
8.58000e+02
8.58200e+02
8.58400e+02
8.58600e+02
8.58800e+02
8.59200e+02
8.59300e+02
8.59500e+02
8.59700e+02
8.59900e+02
8.60000e+02
8.60100e+02
8.60200e+02
8.60300e+02
8.60500e+02
8.60700e+02
8.60800e+02
8.60900e+02
8.61000e+02
8.61100e+02
8.61400e+02
8.61700e+02
8.61900e+02
8.62200e+02
8.62400e+02
8.62600e+02
8.62800e+02
8.63600e+02
8.63800e+02
8.64000e+02
8.64200e+02
8.64400e+02
8.64600e+02
8.64800e+02
8.65200e+02
8.65300e+02
8.65500e+02
8.65700e+02
8.65900e+02
8.66000e+02
8.66100e+02
8.66200e+02
8.66300e+02
8.66500e+02
8.66700e+02
8.66800e+02
8.66900e+02
8.67000e+02
8.67100e+02
8.67200e+02
8.67300e+02
8.67500e+02
8.67700e+02
8.67900e+02
8.68000e+02
8.68100e+02
8.68300e+02
8.68400e+02
8.68500e+02
8.68800e+02
8.68900e+02
8.69000e+02
8.69200e+02
8.69400e+02
8.69600e+02
8.69700e+02
8.69800e+02
8.70100e+02
8.70200e+02
8.70300e+02
8.70500e+02
8.70700e+02
8.70800e+02
8.70900e+02
8.71000e+02
8.71100e+02
8.71400e+02
8.71700e+02
8.71900e+02
8.72200e+02
8.72400e+02
8.72600e+02
8.72800e+02
8.73600e+02
8.73800e+02
8.74000e+02
8.74100e+02
8.74300e+02
8.74500e+02
8.74800e+02
8.75100e+02
8.75400e+02
8.75700e+02
8.76000e+02
8.76200e+02
8.76400e+02
8.76700e+02
8.76800e+02
8.76900e+02
8.77300e+02
8.77400e+02
8.77700e+02
8.78000e+02
8.78100e+02
8.78200e+02
8.78300e+02
8.78600e+02
8.78800e+02
8.78900e+02
8.79000e+02
8.79100e+02
8.79200e+02
8.79300e+02
8.79500e+02
8.79700e+02
8.80000e+02
8.80100e+02
8.80200e+02
8.80300e+02
8.80600e+02
8.80800e+02
8.80900e+02
8.81000e+02
8.81100e+02
8.81200e+02
8.81300e+02
8.81500e+02
8.81700e+02
8.82000e+02
8.82100e+02
8.82200e+02
8.82300e+02
8.82600e+02
8.82800e+02
8.82900e+02
8.83000e+02
8.83100e+02
8.83200e+02
8.83300e+02
8.83500e+02
8.83700e+02
8.84000e+02
8.84100e+02
8.84300e+02
8.84600e+02
8.84900e+02
8.85200e+02
8.85600e+02
8.85800e+02
8.86000e+02
8.86200e+02
8.86400e+02
8.86600e+02
8.86800e+02
8.87100e+02
8.87400e+02
8.87700e+02
8.88000e+02
8.88100e+02
8.88200e+02
8.88300e+02
8.88600e+02
8.88800e+02
8.88900e+02
8.89000e+02
8.89100e+02
8.89200e+02
8.89300e+02
8.89500e+02
8.89700e+02
8.90000e+02
8.90100e+02
8.90200e+02
8.90300e+02
8.90600e+02
8.90800e+02
8.90900e+02
8.91000e+02
8.91100e+02
8.91400e+02
8.91500e+02
8.91700e+02
8.91900e+02
8.92300e+02
8.92600e+02
8.92800e+02
8.93200e+02
8.93300e+02
8.93500e+02
8.93700e+02
8.94000e+02
8.94200e+02
8.94400e+02
8.94700e+02
8.94800e+02
8.94900e+02
8.95200e+02
8.95600e+02
8.95800e+02
8.96000e+02
8.96200e+02
8.96400e+02
8.96600e+02
8.96800e+02
8.97200e+02
8.97300e+02
8.97500e+02
8.97700e+02
8.97900e+02
8.98000e+02
8.98100e+02
8.98200e+02
8.98300e+02
8.98500e+02
8.98700e+02
8.98800e+02
8.98900e+02
8.99000e+02
8.99100e+02
8.99400e+02
8.99700e+02
8.99900e+02
9.00200e+02
9.00400e+02
9.00600e+02
9.00800e+02
9.01600e+02
9.01800e+02
9.02000e+02
9.02100e+02
9.02300e+02
9.02500e+02
9.02800e+02
9.03100e+02
9.03400e+02
9.03700e+02
9.04000e+02
9.04200e+02
9.04400e+02
9.04700e+02
9.04800e+02
9.04900e+02
9.05200e+02
9.05600e+02
9.05800e+02
9.06000e+02
9.06200e+02
9.06400e+02
9.06600e+02
9.06800e+02
9.07200e+02
9.07300e+02
9.07500e+02
9.07700e+02
9.07900e+02
9.08000e+02
9.08100e+02
9.08200e+02
9.08300e+02
9.08500e+02
9.08700e+02
9.08800e+02
9.08900e+02
9.09000e+02
9.09100e+02
9.09200e+02
9.09300e+02
9.09500e+02
9.09700e+02
9.09900e+02
9.10000e+02
9.10100e+02
9.10200e+02
9.10300e+02
9.10500e+02
9.10700e+02
9.10800e+02
9.10900e+02
9.11000e+02
9.11100e+02
9.11400e+02
9.11700e+02
9.11900e+02
9.12200e+02
9.12400e+02
9.12600e+02
9.12800e+02
9.13600e+02
9.13800e+02
9.14000e+02
9.14200e+02
9.14400e+02
9.14600e+02
9.14800e+02
9.15200e+02
9.15300e+02
9.15500e+02
9.15700e+02
9.15900e+02
9.16000e+02
9.16100e+02
9.16200e+02
9.16300e+02
9.16500e+02
9.16700e+02
9.16800e+02
9.16900e+02
9.17000e+02
9.17100e+02
9.17200e+02
9.17300e+02
9.17500e+02
9.17700e+02
9.17900e+02
9.18000e+02
9.18400e+02
9.18500e+02
9.18800e+02
9.18900e+02
9.19000e+02
9.19200e+02
9.19300e+02
9.19500e+02
9.19800e+02
9.20000e+02
9.20100e+02
9.20200e+02
9.20400e+02
9.20600e+02
9.20900e+02
9.21000e+02
9.21100e+02
9.21200e+02
9.21300e+02
9.21500e+02
9.21700e+02
9.22000e+02
9.22100e+02
9.22300e+02
9.22400e+02
9.22700e+02
9.22800e+02
9.22900e+02
9.23200e+02
9.23500e+02
9.23800e+02
9.24000e+02
9.24200e+02
9.24400e+02
9.24500e+02
9.24700e+02
9.24900e+02
9.25200e+02
9.25400e+02
9.25700e+02
9.25800e+02
9.26300e+02
9.26400e+02
9.26700e+02
9.26800e+02
9.26900e+02
9.27200e+02
9.27500e+02
9.27800e+02
9.28000e+02
9.28300e+02
9.28600e+02
9.28900e+02
9.29100e+02
9.29200e+02
9.29300e+02
9.29500e+02
9.29600e+02
9.29900e+02
9.30000e+02
9.30100e+02
9.30300e+02
9.30500e+02
9.30700e+02
9.31000e+02
9.31200e+02
9.31500e+02
9.31800e+02
9.32100e+02
9.32200e+02
9.32400e+02
9.32600e+02
9.32800e+02
9.32900e+02
9.33000e+02
9.33100e+02
9.33400e+02
9.33700e+02
9.34000e+02
9.34200e+02
9.34400e+02
9.34500e+02
9.34700e+02
9.34900e+02
9.35200e+02
9.35400e+02
9.35700e+02
9.35800e+02
9.36300e+02
9.36400e+02
9.36700e+02
9.36800e+02
9.36900e+02
9.37300e+02
9.37400e+02
9.37700e+02
9.37800e+02
9.38300e+02
9.38400e+02
9.38700e+02
9.38800e+02
9.38900e+02
9.39200e+02
9.39500e+02
9.39800e+02
9.40000e+02
9.40100e+02
9.40300e+02
9.40500e+02
9.40700e+02
9.40900e+02
9.41200e+02
9.41400e+02
9.41700e+02
9.41800e+02
9.42100e+02
9.42200e+02
9.42400e+02
9.42600e+02
9.42800e+02
9.42900e+02
9.43000e+02
9.43100e+02
9.43200e+02
9.43300e+02
9.43500e+02
9.43700e+02
9.44000e+02
9.44200e+02
9.44400e+02
9.44600e+02
9.44800e+02
9.44900e+02
9.45000e+02
9.45100e+02
9.45200e+02
9.45500e+02
9.45700e+02
9.46000e+02
9.46100e+02
9.46200e+02
9.46400e+02
9.46600e+02
9.46900e+02
9.47000e+02
9.47100e+02
9.47200e+02
9.47500e+02
9.47700e+02
9.48000e+02
9.48100e+02
9.48200e+02
9.48500e+02
9.48700e+02
9.48900e+02
9.49400e+02
9.49600e+02
9.49800e+02
9.50000e+02
9.50100e+02
9.50200e+02
9.50400e+02
9.50600e+02
9.50900e+02
9.51000e+02
9.51100e+02
9.51200e+02
9.51500e+02
9.51700e+02
9.52000e+02
9.52100e+02
9.52300e+02
9.52500e+02
9.52700e+02
9.52900e+02
9.53100e+02
9.53300e+02
9.53400e+02
9.53700e+02
9.53800e+02
9.54100e+02
9.54200e+02
9.54300e+02
9.54500e+02
9.54700e+02
9.54800e+02
9.54900e+02
9.55000e+02
9.55100e+02
9.55200e+02
9.55300e+02
9.55500e+02
9.55700e+02
9.55900e+02
9.56000e+02
9.56100e+02
9.56200e+02
9.56300e+02
9.56500e+02
9.56700e+02
9.56800e+02
9.56900e+02
9.57000e+02
9.57100e+02
9.57400e+02
9.57700e+02
9.57900e+02
9.58300e+02
9.58600e+02
9.58800e+02
9.59200e+02
9.59300e+02
9.59500e+02
9.59700e+02
9.59900e+02
9.60000e+02
9.60100e+02
9.60200e+02
9.60300e+02
9.60500e+02
9.60700e+02
9.60800e+02
9.60900e+02
9.61000e+02
9.61100e+02
9.61400e+02
9.61700e+02
9.61900e+02
9.62400e+02
9.62600e+02
9.62800e+02
9.63200e+02
9.63300e+02
9.63500e+02
9.63700e+02
9.63900e+02
9.64000e+02
9.64100e+02
9.64200e+02
9.64300e+02
9.64500e+02
9.64700e+02
9.64800e+02
9.64900e+02
9.65000e+02
9.65100e+02
9.65400e+02
9.65700e+02
9.65900e+02
9.66300e+02
9.66600e+02
9.66800e+02
9.67200e+02
9.67300e+02
9.67500e+02
9.67700e+02
9.67900e+02
9.68000e+02
9.68100e+02
9.68200e+02
9.68300e+02
9.68500e+02
9.68700e+02
9.68800e+02
9.68900e+02
9.69000e+02
9.69100e+02
9.69400e+02
9.69700e+02
9.69900e+02
9.70400e+02
9.70600e+02
9.70800e+02
9.71200e+02
9.71300e+02
9.71500e+02
9.71700e+02
9.71900e+02
9.72000e+02
9.72100e+02
9.72200e+02
9.72300e+02
9.72500e+02
9.72700e+02
9.72800e+02
9.72900e+02
9.73000e+02
9.73100e+02
9.73200e+02
9.73300e+02
9.73500e+02
9.73700e+02
9.73900e+02
9.74000e+02
9.74100e+02
9.74200e+02
9.74300e+02
9.74500e+02
9.74700e+02
9.74800e+02
9.74900e+02
9.75000e+02
9.75100e+02
9.75400e+02
9.75700e+02
9.75900e+02
9.76300e+02
9.76600e+02
9.76800e+02
9.77200e+02
9.77300e+02
9.77500e+02
9.77700e+02
9.77900e+02
9.78000e+02
9.78100e+02
9.78200e+02
9.78300e+02
9.78500e+02
9.78700e+02
9.78800e+02
9.78900e+02
9.79000e+02
9.79100e+02
9.79400e+02
9.79700e+02
9.79900e+02
9.80300e+02
9.80600e+02
9.80800e+02
9.81200e+02
9.81300e+02
9.81500e+02
9.81700e+02
9.81900e+02
9.82000e+02
9.82400e+02
9.82500e+02
9.82800e+02
9.82900e+02
9.83000e+02
9.83200e+02
9.83300e+02
9.83500e+02
9.83800e+02
9.84000e+02
9.84100e+02
9.84200e+02
9.84500e+02
9.84700e+02
9.84900e+02
9.85400e+02
9.85600e+02
9.85800e+02
9.86000e+02
9.86100e+02
9.86300e+02
9.86500e+02
9.86700e+02
9.86900e+02
9.87100e+02
9.87300e+02
9.87400e+02
9.87700e+02
9.87800e+02
9.88100e+02
9.88200e+02
9.88300e+02
9.88500e+02
9.88700e+02
9.88800e+02
9.88900e+02
9.89000e+02
9.89100e+02
9.89200e+02
9.89300e+02
9.89500e+02
9.89700e+02
9.89900e+02
9.90000e+02
9.90100e+02
9.90300e+02
9.90400e+02
9.90500e+02
9.90800e+02
9.90900e+02
9.91000e+02
9.91200e+02
9.91300e+02
9.91500e+02
9.91800e+02
9.92000e+02
9.92100e+02
9.92300e+02
9.92500e+02
9.92700e+02
9.92900e+02
9.93100e+02
9.93300e+02
9.93400e+02
9.93700e+02
9.93800e+02
9.94100e+02
9.94200e+02
9.94300e+02
9.94500e+02
9.94700e+02
9.94800e+02
9.94900e+02
9.95000e+02
9.95100e+02
9.95200e+02
9.95300e+02
9.95500e+02
9.95700e+02
9.95900e+02
9.96000e+02
9.96400e+02
9.96500e+02
9.96800e+02
9.96900e+02
9.97000e+02
9.97200e+02
9.97400e+02
9.97600e+02
9.97700e+02
9.97800e+02
9.98300e+02
9.98400e+02
9.98500e+02
9.98800e+02
9.98900e+02
9.99000e+02
9.99200e+02
9.99400e+02
9.99700e+02
9.99800e+02
1.00010e+03
1.00020e+03
1.00030e+03
1.00050e+03
1.00070e+03
1.00080e+03
1.00090e+03
1.00100e+03
1.00110e+03
1.00140e+03
1.00170e+03
1.00190e+03
1.00230e+03
1.00260e+03
1.00280e+03
1.00350e+03
1.00370e+03
1.00390e+03
1.00430e+03
1.00460e+03
1.00480e+03
1.00520e+03
1.00530e+03
1.00550e+03
1.00570e+03
1.00590e+03
1.00600e+03
1.00640e+03
1.00650e+03
1.00680e+03
1.00690e+03
1.00700e+03
1.00720e+03
1.00730e+03
1.00750e+03
1.00780e+03
1.00800e+03
1.00810e+03
1.00830e+03
1.00860e+03
1.00890e+03
1.00900e+03
1.00910e+03
1.00920e+03
1.00930e+03
1.00950e+03
1.00970e+03
1.01000e+03
1.01010e+03
1.01030e+03
1.01040e+03
1.01070e+03
1.01080e+03
1.01090e+03
1.01130e+03
1.01140e+03
1.01170e+03
1.01180e+03
1.01230e+03
1.01240e+03
1.01270e+03
1.01280e+03
1.01290e+03
1.01330e+03
1.01340e+03
1.01370e+03
1.01380e+03
1.01410e+03
1.01420e+03
1.01430e+03
1.01450e+03
1.01470e+03
1.01490e+03
1.01500e+03
1.01510e+03
1.01520e+03
1.01550e+03
1.01570e+03
1.01600e+03
1.01610e+03
1.01630e+03
1.01660e+03
1.01700e+03
1.01710e+03
1.01720e+03
1.01730e+03
1.01750e+03
1.01770e+03
1.01800e+03
1.01810e+03
1.01830e+03
1.01840e+03
1.01870e+03
1.01880e+03
1.01890e+03
1.01920e+03
1.01950e+03
1.01980e+03
1.02000e+03
1.02010e+03
1.02030e+03
1.02060e+03
1.02100e+03
1.02110e+03
1.02140e+03
1.02170e+03
1.02200e+03
1.02220e+03
1.02240e+03
1.02260e+03
1.02300e+03
1.02310e+03
1.02340e+03
1.02370e+03
1.02400e+03
1.02410e+03
1.02420e+03
1.02440e+03
1.02450e+03
1.02470e+03
1.02490e+03
1.02550e+03
1.02580e+03
1.02600e+03
1.02610e+03
1.02630e+03
1.02650e+03
1.02670e+03
1.02690e+03
1.02720e+03
1.02740e+03
1.02770e+03
1.02780e+03
1.02810e+03
1.02820e+03
1.02830e+03
1.02850e+03
1.02870e+03
1.02890e+03
1.02900e+03
1.02910e+03
1.02920e+03
1.02930e+03
1.02950e+03
1.02970e+03
1.03000e+03
1.03010e+03
1.03020e+03
1.03030e+03
1.03050e+03
1.03070e+03
1.03090e+03
1.03100e+03
1.03110e+03
1.03120e+03
1.03150e+03
1.03170e+03
1.03200e+03
1.03210e+03
1.03230e+03
1.03260e+03
1.03290e+03
1.03300e+03
1.03310e+03
1.03320e+03
1.03330e+03
1.03350e+03
1.03370e+03
1.03400e+03
1.03410e+03
1.03420e+03
1.03430e+03
1.03450e+03
1.03470e+03
1.03490e+03
1.03500e+03
1.03510e+03
1.03520e+03
1.03530e+03
1.03550e+03
1.03570e+03
1.03600e+03
1.03610e+03
1.03630e+03
1.03640e+03
1.03670e+03
1.03680e+03
1.03690e+03
1.03720e+03
1.03750e+03
1.03780e+03
1.03800e+03
1.03820e+03
1.03840e+03
1.03850e+03
1.03870e+03
1.03890e+03
1.03950e+03
1.03980e+03
1.04000e+03
1.04010e+03
1.04030e+03
1.04060e+03
1.04100e+03
1.04110e+03
1.04140e+03
1.04170e+03
1.04200e+03
1.04210e+03
1.04230e+03
1.04260e+03
1.04300e+03
1.04310e+03
1.04320e+03
1.04330e+03
1.04350e+03
1.04360e+03
1.04390e+03
1.04400e+03
1.04410e+03
1.04420e+03
1.04440e+03
1.04460e+03
1.04480e+03
1.04490e+03
1.04500e+03
1.04510e+03
1.04540e+03
1.04570e+03
1.04600e+03
1.04620e+03
1.04640e+03
1.04660e+03
1.04700e+03
1.04710e+03
1.04720e+03
1.04730e+03
1.04750e+03
1.04760e+03
1.04790e+03
1.04800e+03
1.04810e+03
1.04830e+03
1.04850e+03
1.04870e+03
1.04900e+03
1.04920e+03
1.04940e+03
1.04960e+03
1.04980e+03
1.05000e+03
1.05020e+03
1.05030e+03
1.05050e+03
1.05080e+03
1.05150e+03
1.05170e+03
1.05180e+03
1.05200e+03
1.05220e+03
1.05250e+03
1.05270e+03
1.05300e+03
1.05320e+03
1.05340e+03
1.05360e+03
1.05380e+03
1.05400e+03
1.05420e+03
1.05450e+03
1.05470e+03
1.05500e+03
1.05520e+03
1.05550e+03
1.05580e+03
1.05610e+03
1.05620e+03
1.05640e+03
1.05660e+03
1.05680e+03
1.05690e+03
1.05700e+03
1.05710e+03
1.05740e+03
1.05770e+03
1.05800e+03
1.05810e+03
1.05820e+03
1.05840e+03
1.05850e+03
1.05870e+03
1.05890e+03
1.05920e+03
1.05940e+03
1.05970e+03
1.05980e+03
1.06010e+03
1.06020e+03
1.06030e+03
1.06050e+03
1.06070e+03
1.06090e+03
1.06100e+03
1.06110e+03
1.06120e+03
1.06150e+03
1.06170e+03
1.06200e+03
1.06210e+03
1.06220e+03
1.06240e+03
1.06260e+03
1.06290e+03
1.06300e+03
1.06310e+03
1.06320e+03
1.06350e+03
1.06370e+03
1.06400e+03
1.06410e+03
1.06420e+03
1.06450e+03
1.06470e+03
1.06490e+03
1.06510e+03
1.06530e+03
1.06540e+03
1.06570e+03
1.06580e+03
1.06630e+03
1.06640e+03
1.06650e+03
1.06680e+03
1.06690e+03
1.06700e+03
1.06720e+03
1.06730e+03
1.06750e+03
1.06780e+03
1.06800e+03
1.06810e+03
1.06820e+03
1.06850e+03
1.06870e+03
1.06890e+03
1.06940e+03
1.06960e+03
1.06980e+03
1.07000e+03
1.07010e+03
1.07030e+03
1.07050e+03
1.07070e+03
1.07090e+03
1.07110e+03
1.07130e+03
1.07140e+03
1.07170e+03
1.07180e+03
1.07210e+03
1.07220e+03
1.07230e+03
1.07250e+03
1.07270e+03
1.07280e+03
1.07290e+03
1.07300e+03
1.07310e+03
1.07320e+03
1.07330e+03
1.07350e+03
1.07370e+03
1.07390e+03
1.07400e+03
1.07440e+03
1.07450e+03
1.07480e+03
1.07490e+03
1.07500e+03
1.07520e+03
1.07530e+03
1.07550e+03
1.07580e+03
1.07600e+03
1.07610e+03
1.07630e+03
1.07660e+03
1.07690e+03
1.07700e+03
1.07710e+03
1.07720e+03
1.07750e+03
1.07770e+03
1.07800e+03
1.07810e+03
1.07830e+03
1.07850e+03
1.07870e+03
1.07890e+03
1.07940e+03
1.07960e+03
1.07980e+03
1.08000e+03
1.08010e+03
1.08030e+03
1.08050e+03
1.08070e+03
1.08090e+03
1.08110e+03
1.08130e+03
1.08140e+03
1.08170e+03
1.08180e+03
1.08230e+03
1.08240e+03
1.08250e+03
1.08280e+03
1.08290e+03
1.08300e+03
1.08320e+03
1.08340e+03
1.08370e+03
1.08380e+03
1.08410e+03
1.08420e+03
1.08430e+03
1.08450e+03
1.08470e+03
1.08480e+03
1.08490e+03
1.08500e+03
1.08510e+03
1.08520e+03
1.08530e+03
1.08550e+03
1.08570e+03
1.08590e+03
1.08600e+03
1.08610e+03
1.08620e+03
1.08630e+03
1.08650e+03
1.08670e+03
1.08680e+03
1.08690e+03
1.08700e+03
1.08710e+03
1.08720e+03
1.08730e+03
1.08750e+03
1.08770e+03
1.08790e+03
1.08800e+03
1.08810e+03
1.08830e+03
1.08840e+03
1.08850e+03
1.08880e+03
1.08890e+03
1.08900e+03
1.08920e+03
1.08940e+03
1.08970e+03
1.08980e+03
1.09010e+03
1.09020e+03
1.09030e+03
1.09050e+03
1.09070e+03
1.09080e+03
1.09090e+03
1.09100e+03
1.09110e+03
1.09120e+03
1.09130e+03
1.09150e+03
1.09170e+03
1.09190e+03
1.09200e+03
1.09210e+03
1.09220e+03
1.09230e+03
1.09250e+03
1.09270e+03
1.09280e+03
1.09290e+03
1.09300e+03
1.09310e+03
1.09340e+03
1.09370e+03
1.09390e+03
1.09420e+03
1.09440e+03
1.09460e+03
1.09480e+03
1.09510e+03
1.09540e+03
1.09570e+03
1.09600e+03
1.09610e+03
1.09630e+03
1.09660e+03
1.09690e+03
1.09720e+03
1.09760e+03
1.09780e+03
1.09800e+03
1.09820e+03
1.09840e+03
1.09860e+03
1.09880e+03
1.09960e+03
1.09980e+03
1.10000e+03
1.10020e+03
1.10040e+03
1.10060e+03
1.10080e+03
1.10110e+03
1.10140e+03
1.10170e+03
1.10200e+03
1.10210e+03
1.10230e+03
1.10260e+03
1.10290e+03
1.10320e+03
1.10360e+03
1.10380e+03
1.10400e+03
1.10420e+03
1.10440e+03
1.10460e+03
1.10480e+03
1.10510e+03
1.10540e+03
1.10570e+03
1.10600e+03
1.10610e+03
1.10620e+03
1.10630e+03
1.10660e+03
1.10690e+03
1.10700e+03
1.10710e+03
1.10740e+03
1.10770e+03
1.10790e+03
1.10820e+03
1.10840e+03
1.10860e+03
1.10880e+03
1.10890e+03
1.10920e+03
1.10940e+03
1.10970e+03
1.11000e+03
1.11010e+03
1.11020e+03
1.11030e+03
1.11050e+03
1.11070e+03
1.11080e+03
1.11090e+03
1.11100e+03
1.11110e+03
1.11120e+03
1.11150e+03
1.11170e+03
1.11190e+03
1.11200e+03
1.11210e+03
1.11220e+03
1.11240e+03
1.11260e+03
1.11280e+03
1.11310e+03
1.11330e+03
1.11340e+03
1.11370e+03
1.11380e+03
1.11430e+03
1.11450e+03
1.11480e+03
1.11490e+03
1.11500e+03
1.11520e+03
1.11560e+03
1.11580e+03
1.11600e+03
1.11610e+03
1.11620e+03
1.11650e+03
1.11680e+03
1.11700e+03
1.11710e+03
1.11720e+03
1.11750e+03
1.11770e+03
1.11790e+03
1.11800e+03
1.11810e+03
1.11820e+03
1.11840e+03
1.11860e+03
1.11880e+03
1.11910e+03
1.11930e+03
1.11940e+03
1.11970e+03
1.11980e+03
1.12030e+03
1.12050e+03
1.12080e+03
1.12090e+03
1.12100e+03
1.12120e+03
1.12160e+03
1.12180e+03
1.12200e+03
1.12220e+03
1.12240e+03
1.12260e+03
1.12280e+03
1.12310e+03
1.12330e+03
1.12340e+03
1.12370e+03
1.12380e+03
1.12430e+03
1.12450e+03
1.12480e+03
1.12490e+03
1.12500e+03
1.12520e+03
1.12560e+03
1.12580e+03
1.12600e+03
1.12610e+03
1.12620e+03
1.12640e+03
1.12660e+03
1.12680e+03
1.12760e+03
1.12780e+03
1.12800e+03
1.12820e+03
1.12850e+03
1.12880e+03
1.12900e+03
1.12910e+03
1.12920e+03
1.12930e+03
1.12950e+03
1.12970e+03
1.13000e+03
1.13010e+03
1.13020e+03
1.13030e+03
1.13050e+03
1.13070e+03
1.13080e+03
1.13090e+03
1.13100e+03
1.13110e+03
1.13120e+03
1.13150e+03
1.13170e+03
1.13190e+03
1.13220e+03
1.13240e+03
1.13260e+03
1.13280e+03
1.13310e+03
1.13330e+03
1.13340e+03
1.13370e+03
1.13380e+03
1.13430e+03
1.13450e+03
1.13480e+03
1.13490e+03
1.13500e+03
1.13520e+03
1.13560e+03
1.13580e+03
1.13600e+03
1.13610e+03
1.13620e+03
1.13640e+03
1.13660e+03
1.13680e+03
1.13710e+03
1.13730e+03
1.13740e+03
1.13770e+03
1.13780e+03
1.13830e+03
1.13850e+03
1.13880e+03
1.13890e+03
1.13900e+03
1.13920e+03
1.13940e+03
1.13970e+03
1.13980e+03
1.14030e+03
1.14050e+03
1.14080e+03
1.14090e+03
1.14100e+03
1.14120e+03
1.14160e+03
1.14180e+03
1.14200e+03
1.14220e+03
1.14250e+03
1.14280e+03
1.14300e+03
1.14310e+03
1.14320e+03
1.14330e+03
1.14350e+03
1.14370e+03
1.14400e+03
1.14410e+03
1.14430e+03
1.14450e+03
1.14480e+03
1.14490e+03
1.14530e+03
1.14560e+03
1.14600e+03
1.14610e+03
1.14630e+03
1.14650e+03
1.14680e+03
1.14690e+03
1.14730e+03
1.14760e+03
1.14800e+03
1.14810e+03
1.14830e+03
1.14850e+03
1.14880e+03
1.14890e+03
1.14920e+03
1.14930e+03
1.14960e+03
1.14980e+03
1.14990e+03
1.15000e+03
1.15010e+03
1.15020e+03
1.15040e+03
1.15060e+03
1.15080e+03
1.15090e+03
1.15120e+03
1.15140e+03
1.15170e+03
1.15200e+03
1.15220e+03
1.15240e+03
1.15260e+03
1.15280e+03
1.15290e+03
1.15330e+03
1.15360e+03
1.15400e+03
1.15410e+03
1.15430e+03
1.15450e+03
1.15480e+03
1.15490e+03
1.15520e+03
1.15530e+03
1.15560e+03
1.15580e+03
1.15590e+03
1.15600e+03
1.15620e+03
1.15640e+03
1.15660e+03
1.15680e+03
1.15750e+03
1.15770e+03
1.15790e+03
1.15830e+03
1.15860e+03
1.15880e+03
1.15950e+03
1.15970e+03
1.15990e+03
1.16000e+03
1.16020e+03
1.16040e+03
1.16060e+03
1.16080e+03
1.16150e+03
1.16170e+03
1.16190e+03
1.16200e+03
1.16210e+03
1.16220e+03
1.16240e+03
1.16260e+03
1.16280e+03
1.16290e+03
1.16350e+03
1.16380e+03
1.16390e+03
1.16400e+03
1.16420e+03
1.16440e+03
1.16460e+03
1.16480e+03
1.16490e+03
1.16550e+03
1.16580e+03
1.16590e+03
1.16600e+03
1.16620e+03
1.16640e+03
1.16660e+03
1.16680e+03
1.16750e+03
1.16770e+03
1.16790e+03
1.16830e+03
1.16860e+03
1.16880e+03
1.16950e+03
1.16970e+03
1.16990e+03
1.17000e+03
1.17010e+03
1.17020e+03
1.17040e+03
1.17060e+03
1.17080e+03
1.17090e+03
1.17150e+03
1.17180e+03
1.17190e+03
1.17200e+03
1.17210e+03
1.17230e+03
1.17260e+03
1.17290e+03
1.17310e+03
1.17320e+03
1.17330e+03
1.17340e+03
1.17360e+03
1.17390e+03
1.17400e+03
1.17430e+03
1.17460e+03
1.17490e+03
1.17500e+03
1.17510e+03
1.17540e+03
1.17570e+03
1.17590e+03
1.17600e+03
1.17610e+03
1.17630e+03
1.17660e+03
1.17680e+03
1.17720e+03
1.17730e+03
1.17740e+03
1.17760e+03
1.17790e+03
1.17800e+03
1.17810e+03
1.17820e+03
1.17830e+03
1.17860e+03
1.17890e+03
1.17900e+03
1.17910e+03
1.17940e+03
1.17970e+03
1.17990e+03
1.18000e+03
1.18020e+03
1.18040e+03
1.18060e+03
1.18080e+03
1.18150e+03
1.18170e+03
1.18190e+03
1.18200e+03
1.18210e+03
1.18230e+03
1.18260e+03
1.18280e+03
1.18350e+03
1.18370e+03
1.18390e+03
1.18430e+03
1.18460e+03
1.18480e+03
1.18550e+03
1.18570e+03
1.18590e+03
1.18620e+03
1.18640e+03
1.18660e+03
1.18680e+03
1.18690e+03
1.18750e+03
1.18780e+03
1.18790e+03
1.18800e+03
1.18820e+03
1.18840e+03
1.18860e+03
1.18880e+03
1.18890e+03
1.18920e+03
1.18940e+03
1.18970e+03
1.19000e+03
1.19010e+03
1.19020e+03
1.19030e+03
1.19050e+03
1.19070e+03
1.19080e+03
1.19090e+03
1.19100e+03
1.19110e+03
1.19120e+03
1.19130e+03
1.19150e+03
1.19170e+03
1.19200e+03
1.19210e+03
1.19220e+03
1.19230e+03
1.19250e+03
1.19270e+03
1.19280e+03
1.19290e+03
1.19300e+03
1.19310e+03
1.19320e+03
1.19330e+03
1.19350e+03
1.19370e+03
1.19400e+03
1.19410e+03
1.19430e+03
1.19450e+03
1.19480e+03
1.19490e+03
1.19530e+03
1.19560e+03
1.19600e+03
1.19610e+03
1.19620e+03
1.19630e+03
1.19650e+03
1.19670e+03
1.19680e+03
1.19690e+03
1.19700e+03
1.19710e+03
1.19720e+03
1.19730e+03
1.19750e+03
1.19770e+03
1.19800e+03
1.19810e+03
1.19820e+03
1.19830e+03
1.19850e+03
1.19870e+03
1.19880e+03
1.19890e+03
1.19900e+03
1.19910e+03
1.19920e+03
1.19930e+03
1.19950e+03
1.19970e+03
1.20000e+03
1.20010e+03
1.20020e+03
1.20030e+03
1.20050e+03
1.20070e+03
1.20080e+03
1.20090e+03
1.20100e+03
1.20110e+03
1.20120e+03
1.20150e+03
1.20170e+03
1.20190e+03
1.20200e+03
1.20210e+03
1.20220e+03
