0.00000e+00 0.0000000000e+00 0.0000000000e+00
1.00000e+00 1.1191395383e+01 1.1191395383e+01
2.00000e+00 2.2520154089e+01 2.2508962693e+01
3.00000e+00 3.2308114472e+01 9.7879603837e+00
4.00000e+00 4.1904610354e+01 2.0776699869e+01
5.00000e+00 5.3059278529e+01 2.2449726522e+01
6.00000e+00 6.4723253479e+01 1.1663974951e+01
7.00000e+00 7.6294362689e+01 3.4057562940e+01
8.00000e+00 8.7583167393e+01 2.2387322795e+01
9.00000e+00 9.7353651208e+01 2.0738446601e+01
1.00000e+01 1.0692375453e+02 2.2400884237e+01
1.10000e+01 1.1659131440e+02 2.2275559410e+01
1.20000e+01 1.2616472051e+02 1.9144986427e+01
1.30000e+01 1.3584626695e+02 1.9139828009e+01
1.40000e+01 1.4543150140e+02 1.9132516523e+01
1.50000e+01 1.5512429367e+02 1.9124629836e+01
1.60000e+01 1.6509957603e+02 4.3998787741e+01
1.70000e+01 1.7516567437e+02 9.1439730306e+01
1.80000e+01 1.8479579576e+02 1.9150392150e+01
1.90000e+01 1.9596756789e+02 2.2382039432e+01
2.00000e+01 2.0728388335e+02 5.7395387783e+01
2.10000e+01 2.1705535509e+02 1.9209921234e+01
2.20000e+01 2.2701840794e+02 5.7312555681e+01
2.30000e+01 2.3706715116e+02 1.9819044987e+01
2.40000e+01 2.4704278903e+02 1.9811810970e+01
2.50000e+01 2.5710012553e+02 1.9800592447e+01
2.60000e+01 2.6708309550e+02 1.9788123949e+01
2.70000e+01 2.7714573888e+02 1.9773642697e+01
2.80000e+01 2.8677415188e+02 1.9189002927e+01
2.90000e+01 2.9793914358e+02 5.7331211957e+01
3.00000e+01 3.0925057339e+02 2.2260775465e+01
3.10000e+01 3.1901987071e+02 4.0263318908e+01
3.20000e+01 3.2860260275e+02 4.0177374620e+01
3.30000e+01 3.3828608563e+02 1.8955703395e+01
3.40000e+01 3.4787411434e+02 1.8942044362e+01
3.50000e+01 3.5756967867e+02 1.8935183771e+01
3.60000e+01 3.6754820158e+02 1.9749421998e+01
3.70000e+01 3.7820207234e+02 1.0102420410e+02
3.80000e+01 3.8888618641e+02 1.4970231655e+02
3.90000e+01 3.9956875803e+02 3.6805729780e+01
4.00000e+01 4.1027788509e+02 2.1058444890e+01
4.10000e+01 4.2054925001e+02 3.8173341702e+01
4.20000e+01 4.3025910172e+02 1.9038071592e+01
4.30000e+01 4.3998646125e+02 1.9050828714e+01
4.40000e+01 4.4997855323e+02 3.8148737427e+01
4.50000e+01 4.6005236414e+02 1.9678087094e+01
4.60000e+01 4.7004608285e+02 1.9660035744e+01
4.70000e+01 4.8011759836e+02 1.9638080316e+01
4.80000e+01 4.8975280604e+02 1.8957133854e+01
4.90000e+01 5.0092306451e+02 8.0058196823e+01
5.00000e+01 5.1259488965e+02 5.7341285781e+01
5.10000e+01 5.2365275194e+02 9.8634677946e-01
5.20000e+01 5.3413105566e+02 8.4309603319e-01
5.30000e+01 5.4462868760e+02 2.1267255720e+01
5.40000e+01 5.5499666356e+02 2.1135660705e+01
5.50000e+01 5.6701035393e+02 5.8127376406e+01
5.60000e+01 5.7916390124e+02 1.3888950515e+02
5.70000e+01 5.9112201411e+02 2.3596678277e+01
5.80000e+01 6.0357447115e+02 1.7659923319e+00
5.90000e+01 6.1535467641e+02 2.1120314367e+01
6.00000e+01 6.2653942886e+02 4.7158377323e+01
6.10000e+01 6.3774763780e+02 6.8219767345e+01
6.20000e+01 6.4920021930e+02 4.3161859503e+01
6.30000e+01 6.6073893594e+02 4.6869730330e+01
6.40000e+01 6.7181868998e+02 2.1704948337e+01
6.50000e+01 6.8297710022e+02 2.1633444690e+01
6.60000e+01 6.9401455269e+02 2.1569509675e+01
6.70000e+01 7.0516558976e+02 2.1540566995e+01
6.80000e+01 7.1619803643e+02 2.1514020623e+01
6.90000e+01 7.2734518964e+02 2.1488622741e+01
7.00000e+01 7.3837372217e+02 2.1463219989e+01
7.10000e+01 7.4951753706e+02 2.1438418443e+01
7.20000e+01 7.6054294191e+02 2.1413852343e+01
7.30000e+01 7.7168382001e+02 2.1389501697e+01
7.40000e+01 7.8270687763e+02 2.1365764972e+01
7.50000e+01 7.9384527426e+02 2.1341917737e+01
7.60000e+01 8.0524810900e+02 4.6773113848e+01
7.70000e+01 8.1748013238e+02 1.0352303849e+02
7.80000e+01 8.2975003741e+02 6.7739502640e+01
7.90000e+01 8.4200001531e+02 4.5801688213e+01
8.00000e+01 8.5428413079e+02 2.3903609640e+01
8.10000e+01 8.6598919916e+02 1.2906863634e+02
8.20000e+01 8.7745431293e+02 1.2900184674e+02
8.30000e+01 8.8895304804e+02 2.2100075040e+01
8.40000e+01 9.0034438383e+02 2.2004196984e+01
8.50000e+01 9.1252504683e+02 2.3810391139e+01
8.60000e+01 9.2475441026e+02 1.2707339143e+02
8.70000e+01 9.3696934818e+02 1.2698059296e+02
8.80000e+01 9.4922130784e+02 2.3534645855e+01
8.90000e+01 9.6144453244e+02 2.3519397883e+01
9.00000e+01 9.7369656271e+02 2.3495949101e+01
9.10000e+01 9.8591678894e+02 2.3469454779e+01
9.20000e+01 9.9816405609e+02 2.3441222206e+01
9.30000e+01 1.0098403475e+03 2.2159749099e+01
9.40000e+01 1.0212746724e+03 7.0496902508e+01
9.50000e+01 1.0334320961e+03 2.3354978531e+01
9.60000e+01 1.0456345503e+03 2.3286810514e+01
9.70000e+01 1.0578220112e+03 2.3293560823e+01
9.80000e+01 1.0700463481e+03 2.3292150114e+01
9.90000e+01 1.0817021221e+03 7.0405888176e+01
1.00000e+02 1.0931207620e+03 4.6586205784e+01
1.01000e+02 1.1052650108e+03 2.3225645956e+01
1.02000e+02 1.1171625502e+03 1.7383066027e+02
1.03000e+02 1.1289029790e+03 3.1332580072e+02
1.04000e+02 1.1407961882e+03 1.6249455812e+02
1.05000e+02 1.1525414386e+03 2.2450229934e+01
1.06000e+02 1.1644396946e+03 2.2432826537e+01
1.07000e+02 1.1761878114e+03 2.2413260137e+01
1.08000e+02 1.1884547904e+03 2.3245062389e+01
1.09000e+02 1.2006484321e+03 4.4905194874e+01
1.10000e+02 1.2125786769e+03 2.2422835657e+01
1.11000e+02 1.2229488055e+03 1.6048635832e+02
1.12000e+02 1.2331132908e+03 2.2777951838e+02
1.13000e+02 1.2448940478e+03 2.2433053050e+01
1.14000e+02 1.2568414593e+03 2.2427786666e+01
1.15000e+02 1.2686185710e+03 2.2401713614e+01
1.16000e+02 1.2805402262e+03 2.2353555604e+01
1.17000e+02 1.2909042724e+03 6.6291030143e+01
1.18000e+02 1.3014543620e+03 6.7194159703e+01
1.19000e+02 1.3127347435e+03 6.6223713672e+01
1.20000e+02 1.3240668848e+03 1.1008294184e+02
1.21000e+02 1.3349098797e+03 1.1285380604e+02
1.22000e+02 1.3452041718e+03 4.4919738763e+01
1.23000e+02 1.3570407603e+03 4.3592579149e+01
1.24000e+02 1.3693906181e+03 1.0177165482e+00
1.25000e+02 1.3816435522e+03 2.3191151758e+01
1.26000e+02 1.3939108895e+03 2.3085440052e+01
1.27000e+02 1.4061378298e+03 2.3036360860e+01
1.28000e+02 1.4181026539e+03 4.3592155451e+01
1.29000e+02 1.4298796341e+03 2.4019445162e+01
1.30000e+02 1.4421570151e+03 2.3023368290e+01
1.31000e+02 1.4543601109e+03 2.2976500367e+01
1.32000e+02 1.4662982517e+03 2.3968742417e+01
1.33000e+02 1.4780554559e+03 2.2980568945e+01
1.34000e+02 1.4899538108e+03 2.2917802548e+01
1.35000e+02 1.5003094751e+03 4.4866437043e+01
1.36000e+02 1.5104716777e+03 9.0369911164e+01
1.37000e+02 1.5207427938e+03 9.0194993088e+01
1.38000e+02 1.5309187938e+03 1.8881329709e+01
1.39000e+02 1.5427435589e+03 2.2174483849e+01
1.40000e+02 1.5550828791e+03 2.3015462975e+01
1.41000e+02 1.5667457755e+03 1.5400685721e+02
1.42000e+02 1.5778239881e+03 4.1869896588e+00
1.43000e+02 1.5889306631e+03 2.3880809925e+01
1.44000e+02 1.6002868636e+03 1.7475447096e+02
1.45000e+02 1.6124534056e+03 2.2955893655e+01
1.46000e+02 1.6246586450e+03 3.8521980337e+01
1.47000e+02 1.6362864344e+03 2.1357653818e+01
1.48000e+02 1.6473398234e+03 2.0547328424e+01
1.49000e+02 1.6584245004e+03 2.0504783123e+01
1.50000e+02 1.6697628956e+03 2.1318490781e+01
1.51000e+02 1.6811935152e+03 2.1100002454e+01
1.52000e+02 1.6925307907e+03 2.1077782813e+01
1.53000e+02 1.7046681397e+03 3.8454265397e+01
1.54000e+02 1.7168544057e+03 4.2396225255e+01
1.55000e+02 1.7290272343e+03 4.2389308582e+01
1.56000e+02 1.7409542992e+03 6.3237449677e+01
1.57000e+02 1.7513162716e+03 3.8314349771e+01
1.58000e+02 1.7614736614e+03 5.7864314537e+01
1.59000e+02 1.7732501622e+03 8.1674547673e+01
1.60000e+02 1.7855540560e+03 2.2742036204e+01
1.61000e+02 1.7971932605e+03 4.0034685789e+01
1.62000e+02 1.8082507885e+03 3.1605455686e+00
1.63000e+02 1.8209248941e+03 2.3616898922e+01
1.64000e+02 1.8337494016e+03 6.5027167456e+01
1.65000e+02 1.8463782591e+03 2.3648998281e+01
1.66000e+02 1.8595125097e+03 1.8200599463e+01
1.67000e+02 1.8725494472e+03 4.7277649579e+01
1.68000e+02 1.8853211260e+03 2.3572520498e+01
1.69000e+02 1.8964460059e+03 2.2689688399e+01
1.70000e+02 1.9073425166e+03 4.7057613984e+01
1.71000e+02 1.9199290449e+03 2.3506618851e+01
1.72000e+02 1.9330479733e+03 2.9844807023e+01
1.73000e+02 1.9460640637e+03 2.4282267571e+01
1.74000e+02 1.9588175205e+03 2.3464890296e+01
1.75000e+02 1.9699234436e+03 4.6991599544e+01
1.76000e+02 1.9811820997e+03 9.4034146330e+01
1.77000e+02 1.9925322222e+03 7.4881634292e+01
1.78000e+02 2.0034419942e+03 2.3496373515e+01
1.79000e+02 2.0160337664e+03 2.3446669249e+01
1.80000e+02 2.0291517714e+03 4.4945700005e+01
1.81000e+02 2.0415253285e+03 1.0234346803e+00
1.82000e+02 2.0532997970e+03 2.4287919068e+01
1.83000e+02 2.0667641887e+03 2.3086115141e+01
1.84000e+02 2.0803824680e+03 4.7351074049e+01
1.85000e+02 2.0937948374e+03 2.5038205032e+01
1.86000e+02 2.1077190530e+03 1.8286218418e+00
1.87000e+02 2.1208372165e+03 2.3478339792e+01
1.88000e+02 2.1336881938e+03 4.6758231919e+01
1.89000e+02 2.1474227550e+03 7.0709452394e+01
1.90000e+02 2.1612078978e+03 4.8788620882e+01
1.91000e+02 2.1742763748e+03 2.3928053766e+01
1.92000e+02 2.1867374857e+03 4.8762838212e+01
1.93000e+02 2.2009570666e+03 2.6283609660e+01
1.94000e+02 2.2153407504e+03 5.2035897408e+01
1.95000e+02 2.2295148686e+03 2.6462000700e+01
1.96000e+02 2.2442106994e+03 9.1068804463e-01
1.97000e+02 2.2580309676e+03 2.5488126206e+01
1.98000e+02 2.2712181590e+03 5.3418945334e+01
1.99000e+02 2.2844410775e+03 1.5193310540e+02
2.00000e+02 2.2975078786e+03 2.4117954650e+01
2.01000e+02 2.3125229345e+03 8.4093763327e-01
2.02000e+02 2.3277050374e+03 5.1472302754e+01
2.03000e+02 2.3426659473e+03 5.1366684528e+01
2.04000e+02 2.3577795208e+03 2.7848540139e+01
2.05000e+02 2.3726944599e+03 2.7774720770e+01
2.06000e+02 2.3881473151e+03 2.4650955967e+01
2.07000e+02 2.4026577473e+03 7.8149527062e+01
2.08000e+02 2.4165228481e+03 5.6462315328e+01
2.09000e+02 2.4322953309e+03 8.5754367331e-01
2.10000e+02 2.4486137303e+03 7.8936921771e+01
2.11000e+02 2.4647790551e+03 1.3365614716e+02
2.12000e+02 2.4807016963e+03 2.9412699966e+01
2.13000e+02 2.4963803419e+03 2.9289450057e+01
2.14000e+02 2.5125910579e+03 3.1449498449e+01
2.15000e+02 2.5277983781e+03 5.7102741032e+01
2.16000e+02 2.5423461180e+03 3.0799485884e+01
2.17000e+02 2.5588713933e+03 1.5264731457e+00
2.18000e+02 2.5755772881e+03 3.1568360853e+01
2.19000e+02 2.5920513858e+03 3.0805771444e+01
2.20000e+02 2.6090705208e+03 2.6296875406e+01
2.21000e+02 2.6250005648e+03 3.1491410250e+01
2.22000e+02 2.6406052344e+03 2.1869739073e+02
2.23000e+02 2.6573893295e+03 6.1538850082e+01
2.24000e+02 2.6739694348e+03 3.0649176194e+01
2.25000e+02 2.6885573239e+03 1.4174180252e+02
2.26000e+02 2.7028649836e+03 5.5579118039e+01
2.27000e+02 2.7173111533e+03 2.6273363778e+01
2.28000e+02 2.7320043383e+03 3.6174514795e+00
2.29000e+02 2.7468293440e+03 5.4418500640e+01
2.30000e+02 2.7611817203e+03 2.6291806961e+01
2.31000e+02 2.7776059013e+03 3.0568610331e+01
2.32000e+02 2.7942219622e+03 4.9802332010e+01
2.33000e+02 2.8106134455e+03 4.9719832014e+01
2.34000e+02 2.8271750855e+03 3.0387356502e+01
2.35000e+02 2.8417583156e+03 2.6402575581e+01
2.36000e+02 2.8564429851e+03 4.9826630586e+01
2.37000e+02 2.8712385999e+03 2.6946163885e+01
2.38000e+02 2.8859162707e+03 2.6912219084e+01
2.39000e+02 2.9017781177e+03 1.0980577775e+02
2.40000e+02 2.9174448061e+03 8.9495153996e-01
2.41000e+02 2.9329166151e+03 2.8543238215e+01
2.42000e+02 2.9485722425e+03 2.8503634021e+01
2.43000e+02 2.9623488877e+03 2.6788761617e+01
2.44000e+02 2.9758692092e+03 5.8124417787e+01
2.45000e+02 2.9913839719e+03 2.8518084074e+01
2.46000e+02 3.0071004368e+03 2.8550403433e+01
2.47000e+02 3.0208959146e+03 3.0489779493e+01
2.48000e+02 3.0348169146e+03 3.2184937203e+01
2.49000e+02 3.0488530717e+03 5.8278601457e+01
2.50000e+02 3.0627829786e+03 2.5287621705e+01
2.51000e+02 3.0768369847e+03 2.5280183093e+01
2.52000e+02 3.0904289817e+03 2.8561241485e+01
2.53000e+02 3.1060071802e+03 2.8585288898e+01
2.54000e+02 3.1221428538e+03 1.9533498303e+02
2.55000e+02 3.1372532944e+03 2.6449751545e+00
2.56000e+02 3.1517127876e+03 2.9424199817e+01
2.57000e+02 3.1662194243e+03 5.8638614709e+01
2.58000e+02 3.1805593274e+03 2.6055079407e+01
2.59000e+02 3.1950381406e+03 2.6001200826e+01
2.60000e+02 3.2097515147e+03 2.8680700270e+01
2.61000e+02 3.2256626665e+03 7.9874556449e+01
2.62000e+02 3.2413605756e+03 8.0688017060e+01
2.63000e+02 3.2551388396e+03 7.0054929880e-01
2.64000e+02 3.2686615030e+03 2.4458111185e+01
2.65000e+02 3.2841869303e+03 8.0554557846e+01
2.66000e+02 3.3002835551e+03 2.9222015422e+01
2.67000e+02 3.3153625938e+03 7.9826051196e+01
2.68000e+02 3.3301463198e+03 7.9816577059e+01
2.69000e+02 3.3449940412e+03 2.6711468943e+01
2.70000e+02 3.3597029413e+03 2.6609931654e+01
2.71000e+02 3.3755786446e+03 5.6849555666e+01
2.72000e+02 3.3912523243e+03 2.8299904682e+01
2.73000e+02 3.4050157627e+03 7.7944935605e+01
2.74000e+02 3.4189060318e+03 8.1863111552e-01
2.75000e+02 3.4329163815e+03 2.4928137579e+01
2.76000e+02 3.4464690861e+03 7.7897031945e+01
2.77000e+02 3.4620073010e+03 2.8284392293e+01
2.78000e+02 3.4777393114e+03 4.8901338564e+01
2.79000e+02 3.4915388919e+03 2.4329168905e+01
2.80000e+02 3.5054612502e+03 2.4935298659e+01
2.81000e+02 3.5194966879e+03 2.5135927345e+01
2.82000e+02 3.5330684238e+03 2.4323871020e+01
2.83000e+02 3.5486247123e+03 4.8870510845e+01
2.84000e+02 3.5647400693e+03 1.2984498165e+02
2.85000e+02 3.5807176484e+03 1.0212480174e+02
2.86000e+02 3.5967364895e+03 2.8892617767e+01
2.87000e+02 3.6118349969e+03 2.5362616831e+01
2.88000e+02 3.6266221243e+03 5.4964694164e+01
2.89000e+02 3.6424966622e+03 2.8760683957e+01
2.90000e+02 3.6581634928e+03 2.8169560508e+01
2.91000e+02 3.6736273330e+03 5.3670160790e+01
2.92000e+02 3.6896425191e+03 2.8728268170e+01
2.93000e+02 3.7055467235e+03 2.8729206376e+01
2.94000e+02 3.7212270565e+03 5.3629993124e+01
2.95000e+02 3.7350045766e+03 5.4687193112e+01
2.96000e+02 3.7485059656e+03 5.7476044398e+01
2.97000e+02 3.7621373251e+03 2.6862701481e+01
2.98000e+02 3.7756399326e+03 2.3923171753e+01
2.99000e+02 3.7892921587e+03 2.3920115152e+01
3.00000e+02 3.8028144904e+03 2.3915919410e+01
3.01000e+02 3.8183686362e+03 2.8789845433e+01
3.02000e+02 3.8344757948e+03 2.8792449686e+01
3.03000e+02 3.8495547044e+03 1.0519022274e+02
3.04000e+02 3.8643344404e+03 1.0142576170e+02
3.05000e+02 3.8802170632e+03 2.8742075610e+01
3.06000e+02 3.8958886611e+03 4.7809413211e+01
3.07000e+02 3.9113544567e+03 4.6928858883e+01
3.08000e+02 3.9273697173e+03 4.3908854612e+01
3.09000e+02 3.9424041511e+03 2.6479746000e+01
3.10000e+02 3.9571440894e+03 2.6413468505e+01
3.11000e+02 3.9729844074e+03 4.3822641037e+01
3.12000e+02 3.9886194157e+03 2.7788247679e+01
3.13000e+02 4.0023552870e+03 7.6886925490e+01
3.14000e+02 4.0162158834e+03 1.1587911678e+00
3.15000e+02 4.0311678047e+03 1.2606687261e+00
3.16000e+02 4.0462090230e+03 2.8776765119e+01
3.17000e+02 4.0612244572e+03 2.6662435725e+01
3.18000e+02 4.0763106933e+03 2.6680791125e+01
3.19000e+02 4.0913525741e+03 2.6680556967e+01
3.20000e+02 4.1064534040e+03 2.6668470137e+01
3.21000e+02 4.1207343958e+03 2.6791245448e+01
3.22000e+02 4.1343781808e+03 7.6931491703e+01
3.23000e+02 4.1499027032e+03 1.0771402109e+02
3.24000e+02 4.1659808801e+03 9.7734709412e-01
3.25000e+02 4.1819201302e+03 2.8515540719e+01
3.26000e+02 4.1976247502e+03 1.0767591876e+02
3.27000e+02 4.2130971232e+03 2.7621258453e+01
3.28000e+02 4.2287325699e+03 2.7524463842e+01
3.29000e+02 4.2441797009e+03 2.7471697494e+01
3.30000e+02 4.2598025133e+03 2.7431591489e+01
3.31000e+02 4.2752396161e+03 2.7394131655e+01
3.32000e+02 4.2912342937e+03 2.8403525800e+01
3.33000e+02 4.3062444096e+03 2.3514775014e+01
3.34000e+02 4.3209592643e+03 8.3890341219e+01
3.35000e+02 4.3367723849e+03 8.1472007956e+01
3.36000e+02 4.3523801891e+03 2.7351729369e+01
3.37000e+02 4.3677897931e+03 2.7296878756e+01
3.38000e+02 4.3833795099e+03 2.7251494451e+01
3.39000e+02 4.3987898113e+03 2.7224940395e+01
3.40000e+02 4.4147605057e+03 8.1366552757e+01
3.41000e+02 4.4297512132e+03 6.1001391473e+01
3.42000e+02 4.4440992639e+03 1.9619726934e+02
3.43000e+02 4.4585004933e+03 2.2060971363e+02
3.44000e+02 4.4731283879e+03 8.1303575874e+01
3.45000e+02 4.4878773615e+03 1.3473853824e+02
3.46000e+02 4.5021495430e+03 2.4820231176e+01
3.47000e+02 4.5184792155e+03 9.1937113497e-01
3.48000e+02 4.5349991983e+03 5.3024081798e+01
3.49000e+02 4.5512948107e+03 5.2936997597e+01
3.50000e+02 4.5677601770e+03 2.8851795503e+01
3.51000e+02 4.5822559820e+03 2.4889986502e+01
3.52000e+02 4.5968552179e+03 7.9306493640e+01
3.53000e+02 4.6115655123e+03 2.5430508160e+01
3.54000e+02 4.6261591427e+03 2.5399472125e+01
3.55000e+02 4.6419289617e+03 1.3629932039e+02
3.56000e+02 4.6575036959e+03 8.9063209670e-01
3.57000e+02 4.6711833209e+03 2.5231668953e+01
3.58000e+02 4.6846142608e+03 4.9230292202e+01
3.59000e+02 4.6981883559e+03 2.3027683133e+01
3.60000e+02 4.7116408858e+03 2.3026245427e+01
3.61000e+02 4.7252472020e+03 2.3035440151e+01
3.62000e+02 4.7391119588e+03 3.0693917505e+01
3.63000e+02 4.7531066801e+03 7.0794931586e+01
3.64000e+02 4.7669941956e+03 3.9324104295e+01
3.65000e+02 4.7819833230e+03 1.6704330880e+00
3.66000e+02 4.7970521012e+03 1.7456245043e+02
3.67000e+02 4.8120861224e+03 6.7042072347e+01
3.68000e+02 4.8269104439e+03 6.6431769236e+01
3.69000e+02 4.8415259515e+03 9.3250276003e+01
3.70000e+02 4.8566792125e+03 2.6089404878e+01
3.71000e+02 4.8709357537e+03 2.4073391518e+01
3.72000e+02 4.8845642415e+03 4.9163206443e+01
3.73000e+02 4.9000864905e+03 2.6970056794e+01
3.74000e+02 4.9161620065e+03 9.2225495381e-01
3.75000e+02 4.9312200460e+03 2.6103969929e+01
3.76000e+02 4.9456248672e+03 2.7719420025e+01
3.77000e+02 4.9600745388e+03 7.7649099374e+01
3.78000e+02 4.9743572439e+03 2.4531403683e+01
3.79000e+02 4.9907298084e+03 1.7716481666e+00
3.80000e+02 5.0076549626e+03 2.4971900261e+01
3.81000e+02 5.0234736284e+03 5.2959199259e+01
3.82000e+02 5.0386204884e+03 8.6415491428e-01
3.83000e+02 5.0558165819e+03 2.5770457412e+01
3.84000e+02 5.0731933197e+03 8.2984910280e+01
3.85000e+02 5.0884798971e+03 2.6207068791e+01
3.86000e+02 5.1038475678e+03 1.0451357932e+02
3.87000e+02 5.1204471951e+03 8.3835690435e+01
3.88000e+02 5.1368481933e+03 2.2344078411e+01
3.89000e+02 5.1530438383e+03 5.1659793644e+01
3.90000e+02 5.1694249765e+03 2.8268455910e+01
3.91000e+02 5.1838617580e+03 2.5194934621e+01
3.92000e+02 5.1984106333e+03 5.9045572038e+00
3.93000e+02 5.2130766858e+03 3.1654060558e+01
3.94000e+02 5.2272773252e+03 5.3522956976e+01
3.95000e+02 5.2415984841e+03 2.7309080914e+01
3.96000e+02 5.2557827091e+03 2.4146781275e+01
3.97000e+02 5.2720727596e+03 2.8334592902e+01
3.98000e+02 5.2889246057e+03 8.4455338528e+01
3.99000e+02 5.3046806248e+03 4.6738651888e+01
4.00000e+02 5.3197731360e+03 5.0513489024e+00
4.01000e+02 5.3349167164e+03 2.9991353414e+01
4.02000e+02 5.3502746897e+03 7.2400065139e+01
4.03000e+02 5.3657544072e+03 2.6402678185e+01
4.04000e+02 5.3807446751e+03 2.5716056096e+01
4.05000e+02 5.3958494488e+03 2.5651533474e+01
4.06000e+02 5.4111860175e+03 2.6354870799e+01
4.07000e+02 5.4266534253e+03 2.6316206242e+01
4.08000e+02 5.4419912383e+03 2.6291134468e+01
4.09000e+02 5.4574565051e+03 2.6262702385e+01
4.10000e+02 5.4724375994e+03 2.5616708257e+01
4.11000e+02 5.4895547485e+03 4.2975521983e+00
4.12000e+02 5.5072375216e+03 1.2642544538e+02
4.13000e+02 5.5237481511e+03 1.0453626564e+00
4.14000e+02 5.5395760329e+03 8.4678759968e-01
4.15000e+02 5.5554536452e+03 4.9308539937e+01
4.16000e+02 5.5715361116e+03 2.8025410340e+01
4.17000e+02 5.5877420531e+03 2.7692696948e+01
4.18000e+02 5.6038044427e+03 2.7644927468e+01
4.19000e+02 5.6211949859e+03 1.8112231118e+02
4.20000e+02 5.6386745664e+03 3.0244424005e+01
4.21000e+02 5.6560893462e+03 3.0238416205e+01
4.22000e+02 5.6733115062e+03 1.2985069285e+02
4.23000e+02 5.6884802076e+03 5.4905756636e+01
4.24000e+02 5.7033429829e+03 1.0314497571e+02
4.25000e+02 5.7203338757e+03 1.5638694323e+02
4.26000e+02 5.7375357455e+03 5.9800107972e+01
4.27000e+02 5.7526826244e+03 2.5306671633e+01
4.28000e+02 5.7675423572e+03 2.5278322522e+01
4.29000e+02 5.7825450948e+03 2.5108902984e+01
4.30000e+02 5.7977909988e+03 3.1129987103e+01
4.31000e+02 5.8131745664e+03 7.7376447056e+01
4.32000e+02 5.8280814969e+03 2.5130991757e+01
4.33000e+02 5.8431115916e+03 2.5133217791e+01
4.34000e+02 5.8583806600e+03 4.5375762279e+01
4.35000e+02 5.8737859652e+03 2.5869442828e+01
4.36000e+02 5.8890672000e+03 2.5855739795e+01
4.37000e+02 5.9056028174e+03 2.8598334448e+01
4.38000e+02 5.9219478038e+03 6.9646813003e+01
4.39000e+02 5.9380868042e+03 9.8202770657e+01
4.40000e+02 5.9544120300e+03 2.7581110903e+01
4.41000e+02 5.9687954176e+03 2.5925021475e+01
4.42000e+02 5.9829102363e+03 5.1916844327e+01
4.43000e+02 5.9990859285e+03 2.7590221624e+01
4.44000e+02 6.0158428715e+03 1.0068171149e+02
4.45000e+02 6.0324617188e+03 9.7213925886e+01
4.46000e+02 6.0491330860e+03 5.4404701061e+01
4.47000e+02 6.0648300136e+03 5.1414705397e+01
4.48000e+02 6.0798591251e+03 2.8476924220e+01
4.49000e+02 6.0969172927e+03 2.9205608663e+01
4.50000e+02 6.1141666233e+03 5.7663139210e+01
4.51000e+02 6.1311853661e+03 2.9242918039e+01
4.52000e+02 6.1483781149e+03 2.9157093347e+01
4.53000e+02 6.1635409376e+03 5.4521081351e+01
4.54000e+02 6.1784069376e+03 5.8226966675e+01
4.55000e+02 6.1934102397e+03 5.8009219007e+01
4.56000e+02 6.2086543517e+03 5.4453154073e+01
4.57000e+02 6.2251631131e+03 8.6623326522e+01
4.58000e+02 6.2414749815e+03 2.3882405038e+01
4.59000e+02 6.2558205167e+03 6.5776686457e-01
4.60000e+02 6.2699048552e+03 2.3324514808e+01
4.61000e+02 6.2860576245e+03 5.2120485328e+01
4.62000e+02 6.3027932110e+03 8.6600922525e+01
4.63000e+02 6.3193932583e+03 2.8195328388e+01
4.64000e+02 6.3357742834e+03 2.7374236042e+01
4.65000e+02 6.3519220198e+03 2.7341829003e+01
4.66000e+02 6.3682425633e+03 2.7254005589e+01
4.67000e+02 6.3843730644e+03 2.7209516254e+01
4.68000e+02 6.4010686784e+03 2.8127160574e+01
4.69000e+02 6.4167180725e+03 1.0987084373e+02
4.70000e+02 6.4320609084e+03 1.1480256021e+02
4.71000e+02 6.4485712435e+03 5.0238381301e+01
4.72000e+02 6.4648859213e+03 2.7176441060e+01
4.73000e+02 6.4792412778e+03 5.7185893914e+01
4.74000e+02 6.4937118143e+03 4.9315843535e+01
4.75000e+02 6.5093427137e+03 2.6269828889e+01
4.76000e+02 6.5247841308e+03 8.7326063196e-01
4.77000e+02 6.5383568347e+03 4.8483875147e+01
4.78000e+02 6.5520708752e+03 2.5487062946e+01
4.79000e+02 6.5659134335e+03 1.0679615015e+02
4.80000e+02 6.5793089356e+03 1.0487526286e+02
4.81000e+02 6.5928264962e+03 2.5406432548e+01
4.82000e+02 6.6066056860e+03 2.2252951793e+01
4.83000e+02 6.6214990058e+03 1.6099669098e+00
4.84000e+02 6.6364709508e+03 9.6895835371e+01
4.85000e+02 6.6506229629e+03 2.2540152612e+01
4.86000e+02 6.6641656246e+03 2.5528185637e+01
4.87000e+02 6.6777636380e+03 2.2311151669e+01
4.88000e+02 6.6912174567e+03 2.2199997605e+01
4.89000e+02 6.7048123492e+03 2.1614037022e+01
4.90000e+02 6.7182729959e+03 2.1599250932e+01
4.91000e+02 6.7337567874e+03 7.3923169810e+01
4.92000e+02 6.7497901256e+03 2.3579005731e+01
4.93000e+02 6.7656812749e+03 7.2846258336e+01
4.94000e+02 6.7816108665e+03 2.6355893604e+01
4.95000e+02 6.7974677721e+03 2.6295293981e+01
4.96000e+02 6.8133727759e+03 2.6244410916e+01
4.97000e+02 6.8283771415e+03 4.4047163134e+01
4.98000e+02 6.8430704165e+03 7.6160336570e+01
4.99000e+02 6.8588393384e+03 2.6130182837e+01
5.00000e+02 6.8744016631e+03 9.2488314003e+01
5.01000e+02 6.8897644014e+03 7.5982077793e+01
5.02000e+02 6.9053058278e+03 5.7367037585e+01
5.03000e+02 6.9206674117e+03 2.5308208680e+01
5.04000e+02 6.9362096221e+03 2.5283684530e+01
5.05000e+02 6.9515705933e+03 2.5257788095e+01
5.06000e+02 6.9674910214e+03 2.6119476895e+01
5.07000e+02 6.9832969757e+03 5.0604796423e+01
5.08000e+02 6.9991548744e+03 5.0491662207e+01
5.09000e+02 7.0149517317e+03 2.5957666974e+01
5.10000e+02 7.0305319401e+03 2.5270528212e+01
5.11000e+02 7.0458899661e+03 2.5963818873e+01
5.12000e+02 7.0617911362e+03 2.5974980692e+01
5.13000e+02 7.0767271246e+03 3.2820989499e+01
5.14000e+02 7.0913698253e+03 1.0253937925e+02
5.15000e+02 7.1060775580e+03 1.0220858408e+02
5.16000e+02 7.1202988007e+03 1.3460181783e+02
5.17000e+02 7.1346251296e+03 1.5763529457e+02
5.18000e+02 7.1488061227e+03 2.3596187872e+01
5.19000e+02 7.1631362775e+03 2.2717427114e+01
5.20000e+02 7.1773234696e+03 2.2700908660e+01
5.21000e+02 7.1916613542e+03 2.2685937519e+01
5.22000e+02 7.2062422089e+03 2.3517221549e+01
5.23000e+02 7.2209511125e+03 4.5392979820e+01
5.24000e+02 7.2351843432e+03 2.2709290181e+01
5.25000e+02 7.2495309190e+03 2.2695272182e+01
5.26000e+02 7.2641187107e+03 4.5354523751e+01
5.27000e+02 7.2798972587e+03 2.5930696427e+01
5.28000e+02 7.2957490385e+03 6.8877264083e+01
5.29000e+02 7.3106945953e+03 2.3647717810e+01
5.30000e+02 7.3253573251e+03 2.3699008270e+01
5.31000e+02 7.3400872945e+03 2.3459721892e+01
5.32000e+02 7.3543305249e+03 2.2682576648e+01
5.33000e+02 7.3686783375e+03 2.4401029646e+01
5.34000e+02 7.3828792905e+03 2.4334351284e+01
5.35000e+02 7.3972287137e+03 2.2571728641e+01
5.36000e+02 7.4114338085e+03 2.2553298618e+01
5.37000e+02 7.4277446662e+03 9.5710224198e+01
5.38000e+02 7.4442387616e+03 1.6544450337e+02
5.39000e+02 7.4587167718e+03 2.2659332392e+01
5.40000e+02 7.4733001614e+03 2.3356921956e+01
5.41000e+02 7.4890449077e+03 1.3857474516e+02
5.42000e+02 7.5045864603e+03 2.1684130201e+01
5.43000e+02 7.5182365919e+03 8.2787861835e-01
5.44000e+02 7.5320198656e+03 4.7553833647e+01
5.45000e+02 7.5468940000e+03 2.0791834171e+01
5.46000e+02 7.5615708819e+03 1.6917214244e+00
5.47000e+02 7.5744475532e+03 2.4965521246e+01
5.48000e+02 7.5870988204e+03 4.5196350380e+01
5.49000e+02 7.5998930698e+03 1.9329750591e+01
5.50000e+02 7.6125785480e+03 1.9344631960e+01
5.51000e+02 7.6254145473e+03 1.9367037198e+01
5.52000e+02 7.6381349404e+03 1.9382585018e+01
5.53000e+02 7.6510021005e+03 1.9394363224e+01
5.54000e+02 7.6637488354e+03 1.9401310713e+01
5.55000e+02 7.6784462887e+03 8.8159171991e+01
5.56000e+02 7.6936865066e+03 1.1557376215e+02
5.57000e+02 7.7079788484e+03 1.4788478901e+02
5.58000e+02 7.7216363102e+03 9.1072680518e-01
5.59000e+02 7.7371928964e+03 2.6544744961e+01
5.60000e+02 7.7532917076e+03 7.9470505644e+01
5.61000e+02 7.7692418858e+03 1.0446266120e+02
5.62000e+02 7.7849504761e+03 8.4005323985e+01
5.63000e+02 7.7987334504e+03 2.1207539687e+01
5.64000e+02 7.8122312835e+03 2.1026703524e+01
5.65000e+02 7.8277018162e+03 7.9304981630e+01
5.66000e+02 7.8433653523e+03 4.6008350333e+01
5.67000e+02 7.8588201756e+03 2.4791304037e+01
5.68000e+02 7.8744435854e+03 2.4726386456e+01
5.69000e+02 7.8881780467e+03 2.0957163864e+01
5.70000e+02 7.9016483973e+03 4.9606102532e+01
5.71000e+02 7.9152490260e+03 4.9422663827e+01
5.72000e+02 7.9291037231e+03 1.2520066428e+02
5.73000e+02 7.9440701018e+03 4.8524874083e+01
5.74000e+02 7.9588237636e+03 1.9806114735e+01
5.75000e+02 7.9733940766e+03 4.3603458409e+01
5.76000e+02 7.9881428371e+03 2.2879090909e+01
5.77000e+02 8.0010934759e+03 6.4998995082e-01
5.78000e+02 8.0138064259e+03 4.2802454391e+01
5.79000e+02 8.0266526026e+03 4.2655189937e+01
5.80000e+02 8.0393825557e+03 1.9096205669e+01
5.81000e+02 8.0522582759e+03 1.9106652859e+01
5.82000e+02 8.0650136531e+03 1.9112970292e+01
5.83000e+02 8.0797181944e+03 2.2990440160e+01
5.84000e+02 8.0946002943e+03 3.8300088225e+01
5.85000e+02 8.1092754431e+03 3.8232395610e+01
5.86000e+02 8.1244851302e+03 7.3333511385e+01
5.87000e+02 8.1395787154e+03 8.1031515016e+01
5.88000e+02 8.1547133771e+03 8.0875458102e+01
5.89000e+02 8.1697867166e+03 2.3621532739e+01
5.90000e+02 8.1846320012e+03 2.2958048805e+01
5.91000e+02 8.1992597203e+03 2.3594348644e+01
5.92000e+02 8.2140474998e+03 2.3513249161e+01
5.93000e+02 8.2286583208e+03 2.2766150184e+01
5.94000e+02 8.2434406326e+03 2.2737916450e+01
5.95000e+02 8.2564245127e+03 1.9202017257e+01
5.96000e+02 8.2691629920e+03 6.9292104517e+01
5.97000e+02 8.2820297993e+03 6.9105739678e+01
5.98000e+02 8.2951604770e+03 1.5230072456e+02
5.99000e+02 8.3084138353e+03 2.2058643689e+02
6.00000e+02 8.3212127515e+03 1.8970883704e+01
6.01000e+02 8.3341194337e+03 1.8991787655e+01
6.02000e+02 8.3472844464e+03 4.1629155287e+01
6.03000e+02 8.3605702950e+03 1.9735911715e+01
6.04000e+02 8.3737532092e+03 1.9734077323e+01
6.05000e+02 8.3870497653e+03 1.9725050778e+01
6.06000e+02 8.3998872527e+03 1.9011367035e+01
6.07000e+02 8.4128269121e+03 2.0498828986e+01
6.08000e+02 8.4256379509e+03 2.0451881639e+01
6.09000e+02 8.4403969803e+03 2.2863386973e+01
6.10000e+02 8.4553293187e+03 5.8511599258e+01
6.11000e+02 8.4700496549e+03 5.8414394428e+01
6.12000e+02 8.4849277138e+03 2.2780651314e+01
6.13000e+02 8.4979753398e+03 1.9065900324e+01
6.14000e+02 8.5107716513e+03 2.2820203447e+01
6.15000e+02 8.5236927758e+03 2.2670881669e+01
6.16000e+02 8.5364892548e+03 1.8860281890e+01
6.17000e+02 8.5494260709e+03 1.8857113217e+01
6.18000e+02 8.5622371338e+03 1.8852839999e+01
6.19000e+02 8.5769985152e+03 2.2798915890e+01
6.20000e+02 8.5919336060e+03 3.7755402404e+01
6.21000e+02 8.6049967568e+03 1.8960321834e+01
6.22000e+02 8.6178098881e+03 1.8943429970e+01
6.23000e+02 8.6325405288e+03 3.7686906314e+01
6.24000e+02 8.6474547784e+03 2.2706124698e+01
6.25000e+02 8.6621645445e+03 2.2662543937e+01
6.26000e+02 8.6774100517e+03 1.0472507857e+02
6.27000e+02 8.6917312979e+03 9.9379902199e+01
6.28000e+02 8.7054155463e+03 2.7296602917e+01
6.29000e+02 8.7191438144e+03 4.6858910138e+01
6.30000e+02 8.7331000850e+03 1.1975920441e+02
6.31000e+02 8.7481568222e+03 1.8709364839e+02
6.32000e+02 8.7632786944e+03 1.0576659786e+02
6.33000e+02 8.7775612291e+03 2.7230594851e+01
6.34000e+02 8.7915713204e+03 2.7257184947e+01
6.35000e+02 8.8066029589e+03 2.3145835326e+01
6.36000e+02 8.8214221630e+03 4.2931401306e+01
6.37000e+02 8.8344157377e+03 2.0510161217e+01
6.38000e+02 8.8471671925e+03 3.9943422798e+01
6.39000e+02 8.8600522575e+03 1.8550115046e+01
6.40000e+02 8.8732027391e+03 1.6694261962e+00
6.41000e+02 8.8864776751e+03 3.8895880624e+01
6.42000e+02 8.8992975133e+03 1.8599948348e+01
6.43000e+02 8.9140227454e+03 4.2903935961e+01
6.44000e+02 8.9292955266e+03 5.9601547390e+01
6.45000e+02 8.9444385580e+03 5.9653338792e+01
6.46000e+02 8.9593410888e+03 3.9104542705e+01
6.47000e+02 8.9740202407e+03 3.9778329741e+01
6.48000e+02 8.9892279783e+03 2.3200692890e+01
6.49000e+02 9.0035278099e+03 1.9606244117e+01
6.50000e+02 9.0175435115e+03 6.0458905335e+01
6.51000e+02 9.0325756856e+03 2.3066634930e+01
6.52000e+02 9.0476777636e+03 2.2937908756e+01
6.53000e+02 9.0619496867e+03 2.4798321362e+01
6.54000e+02 9.0755973246e+03 2.4019601761e+01
6.55000e+02 9.0911372439e+03 4.6953230433e+01
6.56000e+02 9.1068575218e+03 7.0915826331e+01
6.57000e+02 9.1223608289e+03 2.3956863465e+01
6.58000e+02 9.1384045432e+03 9.4163633258e-01
6.59000e+02 9.1534508342e+03 7.7436788946e-01
6.60000e+02 9.1681944029e+03 2.3771435478e+01
6.61000e+02 9.1829967873e+03 2.3503757418e+01
6.62000e+02 9.1976583977e+03 2.2222744998e+01
6.63000e+02 9.2124300893e+03 2.2169829482e+01
6.64000e+02 9.2267204914e+03 7.1481947979e+01
6.65000e+02 9.2430611051e+03 8.3730654078e-01
6.66000e+02 9.2595889786e+03 2.5576971524e+01
6.67000e+02 9.2758898339e+03 2.5511636150e+01
6.68000e+02 9.2923575732e+03 2.5425990276e+01
6.69000e+02 9.3068540413e+03 1.1559879977e+02
6.70000e+02 9.3210666458e+03 2.6244796116e+01
6.71000e+02 9.3354110425e+03 2.6066479920e+01
6.72000e+02 9.3500001932e+03 2.2075199916e+01
6.73000e+02 9.3657793361e+03 9.8607374026e+01
6.74000e+02 9.3813513835e+03 2.0274342920e+01
6.75000e+02 9.3950239015e+03 6.7187875076e-01
6.76000e+02 9.4084468062e+03 1.9709128194e+01
6.77000e+02 9.4220117534e+03 1.9581848234e+01
6.78000e+02 9.4358384057e+03 5.3293905350e+01
6.79000e+02 9.4497967568e+03 7.4480395670e+01
6.80000e+02 9.4632951923e+03 1.9637797175e+01
6.81000e+02 9.4787764776e+03 4.4835062950e+01
6.82000e+02 9.4948145513e+03 1.1885263755e+02
6.83000e+02 9.5098359663e+03 1.5927089370e+01
6.84000e+02 9.5245602581e+03 3.7158313338e+01
6.85000e+02 9.5403816768e+03 4.4771320961e+01
6.86000e+02 9.5562741182e+03 2.4231405792e+01
6.87000e+02 9.5712611655e+03 2.2222761887e+01
6.88000e+02 9.5859577809e+03 2.2172862690e+01
6.89000e+02 9.6007171764e+03 2.1923037979e+01
6.90000e+02 9.6149864924e+03 5.5000140184e+00
6.91000e+02 9.6312949952e+03 4.9509368374e+01
6.92000e+02 9.6477920834e+03 7.4005092937e+01
6.93000e+02 9.6622824099e+03 6.4951357974e+01
6.94000e+02 9.6768768324e+03 2.1798922057e+01
6.95000e+02 9.6915821312e+03 2.1723026425e+01
6.96000e+02 9.7061686695e+03 2.1693419117e+01
6.97000e+02 9.7219275261e+03 4.9393549268e+01
6.98000e+02 9.7374886983e+03 9.7614979430e+00
6.99000e+02 9.7528548191e+03 3.4058291373e+01
7.00000e+02 9.7684032634e+03 2.3314091152e+01
7.01000e+02 9.7820810332e+03 4.2636292179e+01
7.02000e+02 9.7958878524e+03 7.7971906526e-01
7.03000e+02 9.8098105197e+03 2.0110154817e+01
7.04000e+02 9.8232760493e+03 1.0194714259e+02
7.05000e+02 9.8387171559e+03 2.3365762939e+01
7.06000e+02 9.8547211052e+03 7.7538634202e+01
7.07000e+02 9.8705923828e+03 5.2324579611e+01
7.08000e+02 9.8862330474e+03 2.3434617408e+01
7.09000e+02 9.8999606071e+03 1.9532831287e+01
7.10000e+02 9.9137929211e+03 4.4304823923e+01
7.11000e+02 9.9277344413e+03 4.4279371988e+01
7.12000e+02 9.9412142706e+03 1.9527598249e+01
7.13000e+02 9.9548070244e+03 2.3863732456e+01
7.14000e+02 9.9682694151e+03 2.3822430039e+01
7.15000e+02 9.9818796637e+03 1.9325634541e+01
7.16000e+02 9.9953576330e+03 1.9321887505e+01
7.17000e+02 1.0008982618e+04 1.9317302451e+01
7.18000e+02 1.0022473728e+04 1.9311125851e+01
7.19000e+02 1.0036110527e+04 1.9303628368e+01
7.20000e+02 1.0049611945e+04 1.9294632690e+01
7.21000e+02 1.0065142823e+04 2.3500953640e+01
7.22000e+02 1.0080851484e+04 9.7234222431e+01
7.23000e+02 1.0096338979e+04 9.7093605323e+01
7.24000e+02 1.0112365287e+04 4.4257452064e+01
7.25000e+02 1.0128263149e+04 1.0140511011e+02
7.26000e+02 1.0144203054e+04 8.1171492856e+01
7.27000e+02 1.0160072723e+04 2.3896797162e+01
7.28000e+02 1.0175991828e+04 2.3852100355e+01
7.29000e+02 1.0191010368e+04 7.8254878736e+01
7.30000e+02 1.0205368940e+04 2.4164892184e+01
7.31000e+02 1.0221676313e+04 4.8573116487e+01
7.32000e+02 1.0238539367e+04 9.4394945859e-01
7.33000e+02 1.0254312651e+04 2.4895470877e+01
7.34000e+02 1.0269414433e+04 4.9267754418e+01
7.35000e+02 1.0284561603e+04 9.4144922656e+01
7.36000e+02 1.0299531845e+04 2.2086954847e+01
7.37000e+02 1.0316665548e+04 1.7693365162e+00
7.38000e+02 1.0333984212e+04 9.5660779973e+01
7.39000e+02 1.0349214078e+04 2.2147564545e+01
7.40000e+02 1.0364531494e+04 1.2666170679e+02
7.41000e+02 1.0381081279e+04 7.2320245353e+01
7.42000e+02 1.0397433632e+04 2.1159106362e+01
7.43000e+02 1.0411818911e+04 8.4458729650e-01
7.44000e+02 1.0426321354e+04 7.1432953162e+01
7.45000e+02 1.0441989231e+04 2.0256038785e+01
7.46000e+02 1.0457466162e+04 1.7191649159e+00
7.47000e+02 1.0471068198e+04 2.4511382534e+01
7.48000e+02 1.0484809884e+04 1.9475025786e+01
7.49000e+02 1.0499643530e+04 2.5516765038e+00
7.50000e+02 1.0514283819e+04 2.3650229222e+01
7.51000e+02 1.0527131140e+04 1.8700835117e+01
7.52000e+02 1.0539756186e+04 6.2105484426e+01
7.53000e+02 1.0554297164e+04 8.7323229353e+01
7.54000e+02 1.0569041220e+04 2.1120199827e+01
7.55000e+02 1.0581957607e+04 1.7362269711e+01
7.56000e+02 1.0595023107e+04 3.2253114424e+00
7.57000e+02 1.0609101809e+04 4.3970714636e+01
7.58000e+02 1.0622971693e+04 1.4136437076e+01
7.59000e+02 1.0636679557e+04 3.4388266271e+01
7.60000e+02 1.0650568039e+04 1.9361866769e+01
7.61000e+02 1.0664301977e+04 1.9368579450e+01
7.62000e+02 1.0678212998e+04 1.9371749764e+01
7.63000e+02 1.0690405107e+04 7.2427770645e-01
7.64000e+02 1.0702376379e+04 5.5383611659e+01
7.65000e+02 1.0716177619e+04 1.9419680854e+01
7.66000e+02 1.0730536784e+04 1.3135743779e+02
7.67000e+02 1.0744788723e+04 5.2990420455e+01
7.68000e+02 1.0759080058e+04 5.2869599606e+01
7.69000e+02 1.0772608877e+04 1.8641049629e+02
7.70000e+02 1.0785865536e+04 9.7055333576e+01
7.71000e+02 1.0800053084e+04 2.0146199855e+01
7.72000e+02 1.0814019997e+04 1.9456153633e+01
7.73000e+02 1.0826244342e+04 7.6475224521e+01
7.74000e+02 1.0838623743e+04 1.9248794852e+01
7.75000e+02 1.0851115516e+04 3.9307260885e+01
7.76000e+02 1.0863522597e+04 1.6511311038e+01
7.77000e+02 1.0876043814e+04 1.6524244870e+01
7.78000e+02 1.0888121164e+04 3.7088794423e+01
7.79000e+02 1.0900300539e+04 3.5679376274e+01
7.80000e+02 1.0912746837e+04 1.6546937147e+01
7.81000e+02 1.0925309631e+04 1.6571967211e+01
7.82000e+02 1.0937421934e+04 3.5678649810e+01
7.83000e+02 1.0949634304e+04 1.6563384625e+01
7.84000e+02 1.0961727256e+04 1.6527471593e+01
7.85000e+02 1.0973953213e+04 1.5849711279e+01
7.86000e+02 1.0986059213e+04 1.5846909249e+01
7.87000e+02 1.0998297913e+04 1.5843804165e+01
7.88000e+02 1.1010798995e+04 1.6610179823e+01
7.89000e+02 1.1023412746e+04 3.1718142525e+01
7.90000e+02 1.1035927563e+04 3.1700159356e+01
7.91000e+02 1.1049384026e+04 7.3108445423e-01
7.92000e+02 1.1062902679e+04 1.0058654306e+02
7.93000e+02 1.1075730262e+04 1.6808674877e+01
7.94000e+02 1.1088316787e+04 1.6863574280e+01
7.95000e+02 1.1101775209e+04 1.0048791489e+02
7.96000e+02 1.1115005886e+04 1.0069855941e+02
7.97000e+02 1.1126557744e+04 3.2754711898e+01
7.98000e+02 1.1137898754e+04 4.7784927903e+01
7.99000e+02 1.1149365690e+04 1.4210667119e+01
8.00000e+02 1.1160730725e+04 1.4220481081e+01
8.01000e+02 1.1172229485e+04 1.4238085902e+01
8.02000e+02 1.1183621519e+04 1.4250846588e+01
8.03000e+02 1.1196808856e+04 1.2008264408e+02
8.04000e+02 1.1210523230e+04 1.8619623181e+01
8.05000e+02 1.1224123594e+04 1.8742946265e+01
8.06000e+02 1.1237748584e+04 1.8634819699e+01
8.07000e+02 1.1251321600e+04 1.8588837428e+01
8.08000e+02 1.1264648371e+04 6.1238354298e+01
8.09000e+02 1.1276280686e+04 1.4370150056e+01
8.10000e+02 1.1288055049e+04 3.8114326811e+01
8.11000e+02 1.1300679440e+04 2.2349311746e+01
8.12000e+02 1.1313369057e+04 3.9961838299e+01
8.13000e+02 1.1326052434e+04 1.6682925304e+01
8.14000e+02 1.1338504695e+04 1.3481269952e+01
8.15000e+02 1.1349354021e+04 7.8298815285e-01
8.16000e+02 1.1359994569e+04 1.2822088645e+01
8.17000e+02 1.1372312079e+04 7.6269237733e+01
8.18000e+02 1.1385169149e+04 1.6833695181e+01
8.19000e+02 1.1397312892e+04 7.1710582504e+01
8.20000e+02 1.1408870978e+04 2.0922436557e+01
8.21000e+02 1.1420467050e+04 3.4457526103e+01
8.22000e+02 1.1431932394e+04 1.4325428603e+01
8.23000e+02 1.1445176713e+04 1.7743670967e+01
8.24000e+02 1.1458580572e+04 3.7900219183e+01
8.25000e+02 1.1470252898e+04 1.4387356104e+01
8.26000e+02 1.1482082373e+04 3.9048316591e+01
8.27000e+02 1.1494009112e+04 3.4995613861e+01
8.28000e+02 1.1505845648e+04 2.8686857364e+01
8.29000e+02 1.1517782709e+04 1.4993643648e+01
8.30000e+02 1.1529272588e+04 1.4397503379e+01
8.31000e+02 1.1540853767e+04 1.4892174885e+01
8.32000e+02 1.1552701634e+04 1.4989981498e+01
8.33000e+02 1.1564656610e+04 1.4992906309e+01
8.34000e+02 1.1576161322e+04 1.4892115274e+01
8.35000e+02 1.1589419138e+04 1.7902804914e+01
8.36000e+02 1.1603203054e+04 5.9563206577e+01
8.37000e+02 1.1616870456e+04 7.7304529140e+01
8.38000e+02 1.1630559726e+04 1.8496218132e+01
8.39000e+02 1.1643534030e+04 1.0193279635e+00
8.40000e+02 1.1656237024e+04 3.4423904096e+01
8.41000e+02 1.1669799521e+04 1.8372817016e+01
8.42000e+02 1.1683414528e+04 1.8280181200e+01
8.43000e+02 1.1696998249e+04 1.8283125487e+01
8.44000e+02 1.1710626434e+04 1.8278020254e+01
8.45000e+02 1.1723559401e+04 3.4348143102e+01
8.46000e+02 1.1735876643e+04 8.1253039869e-01
8.47000e+02 1.1749928114e+04 9.7407355885e+01
8.48000e+02 1.1764144576e+04 1.1600745294e+02
8.49000e+02 1.1776566748e+04 5.0205465924e+01
8.50000e+02 1.1788745677e+04 8.9114042564e+01
8.51000e+02 1.1802761427e+04 1.9242023752e+01
8.52000e+02 1.1816953181e+04 1.9198073766e+01
8.53000e+02 1.1829352041e+04 5.4725869687e+01
8.54000e+02 1.1841514202e+04 1.9206014338e+01
8.55000e+02 1.1853796447e+04 1.9070193458e+01
8.56000e+02 1.1866342342e+04 3.6462187728e+01
8.57000e+02 1.1879001254e+04 7.3661935462e+01
8.58000e+02 1.1891562117e+04 5.3725194747e+01
8.59000e+02 1.1905069457e+04 5.6639980859e+01
8.60000e+02 1.1918640466e+04 5.6526164779e+01
8.61000e+02 1.1932187813e+04 1.8053026330e+01
8.62000e+02 1.1945506716e+04 1.4529538845e+01
8.63000e+02 1.1957134439e+04 1.5506682979e+01
8.64000e+02 1.1968912222e+04 2.0125006559e+01
8.65000e+02 1.1980791423e+04 3.5486375712e+01
8.66000e+02 1.1992231294e+04 3.0171276017e+01
8.67000e+02 1.2005418161e+04 3.6363010443e+01
8.68000e+02 1.2019142536e+04 3.2731140994e+01
8.69000e+02 1.2032759320e+04 3.2767846034e+01
8.70000e+02 1.2046404379e+04 1.8112961158e+01
8.71000e+02 1.2059999644e+04 1.8073329105e+01
8.72000e+02 1.2073350429e+04 2.0956140029e+01
8.73000e+02 1.2085006869e+04 2.0133598344e+01
8.74000e+02 1.2096426145e+04 2.0092869007e+01
8.75000e+02 1.2107958958e+04 1.3824167389e+01
8.76000e+02 1.2119382351e+04 1.3814460796e+01
8.77000e+02 1.2132594068e+04 5.0818108206e+01
8.78000e+02 1.2146337001e+04 1.8153129737e+01
8.79000e+02 1.2159967404e+04 1.8170114694e+01
8.80000e+02 1.2173342268e+04 5.0791369556e+01
8.81000e+02 1.2186512127e+04 1.8093118363e+01
8.82000e+02 1.2199829762e+04 1.8017795772e+01
8.83000e+02 1.2212979236e+04 1.7228911192e+01
8.84000e+02 1.2226287385e+04 1.7202196651e+01
8.85000e+02 1.2237923067e+04 1.3903515187e+01
8.86000e+02 1.2249339521e+04 5.7556331911e+01
8.87000e+02 1.2260874663e+04 5.7398236274e+01
8.88000e+02 1.2272302224e+04 1.3678285735e+01
8.89000e+02 1.2283860254e+04 1.3687494676e+01
8.90000e+02 1.2295690383e+04 6.8994624768e+01
8.91000e+02 1.2307630983e+04 9.8973223260e+01
8.92000e+02 1.2319124505e+04 1.3739768472e+01
8.93000e+02 1.2330712100e+04 1.3755593731e+01
8.94000e+02 1.2342184500e+04 1.3720715641e+01
8.95000e+02 1.2353783206e+04 1.3718105907e+01
8.96000e+02 1.2365649419e+04 4.4510857690e+01
8.97000e+02 1.2378405002e+04 3.3559471283e+01
8.98000e+02 1.2390918362e+04 5.3992422912e+01
8.99000e+02 1.2401808775e+04 7.0829313582e-01
9.00000e+02 1.2412883157e+04 7.9183123560e-01
9.01000e+02 1.2424756736e+04 5.3056426431e+01
9.02000e+02 1.2436398201e+04 1.5794804517e+00
9.03000e+02 1.2447901721e+04 6.7899569997e+01
9.04000e+02 1.2459568911e+04 1.3777769147e+01
9.05000e+02 1.2469715294e+04 7.4403008556e-01
9.06000e+02 1.2479685373e+04 2.5246525925e+01
9.07000e+02 1.2489773223e+04 2.5162747414e+01
9.08000e+02 1.2499775511e+04 1.0674464171e+01
9.09000e+02 1.2509900366e+04 1.0700793162e+01
9.10000e+02 1.2519933796e+04 1.0721234518e+01
9.11000e+02 1.2531610773e+04 1.3937449138e+01
9.12000e+02 1.2543440964e+04 2.1495346845e+01
9.13000e+02 1.2555092687e+04 2.1448597862e+01
9.14000e+02 1.2566884225e+04 1.3979661386e+01
9.15000e+02 1.2577122306e+04 1.0823740150e+01
9.16000e+02 1.2587170676e+04 1.4033252970e+01
9.17000e+02 1.2598834527e+04 1.3977808831e+01
9.18000e+02 1.2611022155e+04 1.0312592061e+02
9.19000e+02 1.2623119348e+04 4.7849238238e+01
9.20000e+02 1.2634947261e+04 1.4000206180e+01
9.21000e+02 1.2646590233e+04 1.3965327360e+01
9.22000e+02 1.2658733973e+04 4.7757500658e+01
9.23000e+02 1.2670805704e+04 1.4708730461e+01
9.24000e+02 1.2682901051e+04 1.4645629378e+01
9.25000e+02 1.2694431757e+04 8.7637930974e+01
9.26000e+02 1.2705374500e+04 2.8809566135e+01
9.27000e+02 1.2717905669e+04 1.6267167535e+01
9.28000e+02 1.2730589870e+04 3.1058550884e+01
9.29000e+02 1.2743083664e+04 1.5611145949e+01
9.30000e+02 1.2755717568e+04 1.5545237353e+01
9.31000e+02 1.2766725536e+04 4.3569863013e+01
9.32000e+02 1.2777901069e+04 1.0465107138e+02
9.33000e+02 1.2789168413e+04 2.9924345336e+01
9.34000e+02 1.2799995076e+04 3.1730356271e+01
9.35000e+02 1.2810910558e+04 3.1606140130e+01
9.36000e+02 1.2821718498e+04 1.2115078069e+01
9.37000e+02 1.2832646777e+04 1.2115759495e+01
9.38000e+02 1.2843848053e+04 1.2920537095e+01
9.39000e+02 1.2855863609e+04 4.5753022399e+01
9.40000e+02 1.2867628941e+04 2.3368872972e+01
9.41000e+02 1.2879239284e+04 3.7991746058e+01
9.42000e+02 1.2891003596e+04 1.3715289285e+01
9.43000e+02 1.2901229866e+04 7.0200878323e-01
9.44000e+02 1.2911650682e+04 3.2032015555e+01
9.45000e+02 1.2922794129e+04 3.6174969095e+01
9.46000e+02 1.2933991836e+04 8.0948422594e+01
9.47000e+02 1.2944714369e+04 4.4362790177e+01
9.48000e+02 1.2954892699e+04 2.5190342330e+01
9.49000e+02 1.2966604076e+04 2.6444790130e+01
9.50000e+02 1.2978469762e+04 2.6519719221e+01
9.51000e+02 1.2988754650e+04 2.5223770682e+01
9.52000e+02 1.2999223886e+04 3.6187212785e+01
9.53000e+02 1.3009784423e+04 3.5989029913e+01
9.54000e+02 1.3019912938e+04 2.6368530351e+01
9.55000e+02 1.3030125022e+04 2.6269357193e+01
9.56000e+02 1.3040618082e+04 1.1344023458e+01
9.57000e+02 1.3051208995e+04 1.2873700771e+01
9.58000e+02 1.3061364290e+04 1.0632453822e+01
9.59000e+02 1.3073122620e+04 1.3897970322e+01
9.60000e+02 1.3085391566e+04 2.5252266384e+01
9.61000e+02 1.3097563039e+04 3.8897222593e+01
9.62000e+02 1.3109461470e+04 1.3916817490e+01
9.63000e+02 1.3119784150e+04 1.0732417388e+01
9.64000e+02 1.3130274459e+04 2.7535375813e+01
9.65000e+02 1.3141476839e+04 1.5578099923e+00
9.66000e+02 1.3152430837e+04 6.4988536065e+00
9.67000e+02 1.3163249108e+04 1.9455196305e+01
9.68000e+02 1.3174580534e+04 1.5296030687e+01
9.69000e+02 1.3185365209e+04 2.6190956322e+01
9.70000e+02 1.3195594269e+04 2.2787904956e+01
9.71000e+02 1.3205856134e+04 2.2704302659e+01
9.72000e+02 1.3216383702e+04 1.1524725045e+01
9.73000e+02 1.3227638339e+04 1.2806088336e+01
9.74000e+02 1.3238634401e+04 2.2723662492e+01
9.75000e+02 1.3249485789e+04 2.2734054779e+01
9.76000e+02 1.3260845084e+04 1.2821151864e+01
9.77000e+02 1.3272149172e+04 1.6488913528e+01
9.78000e+02 1.3283477531e+04 1.6441489178e+01
9.79000e+02 1.3294310386e+04 1.1561380199e+01
9.80000e+02 1.3304572576e+04 2.2744450476e+01
9.81000e+02 1.3316354326e+04 1.3724278582e+01
9.82000e+02 1.3328283738e+04 2.6666080666e+01
9.83000e+02 1.3340030429e+04 1.3810439736e+01
9.84000e+02 1.3352276713e+04 9.1792427679e-01
9.85000e+02 1.3363874590e+04 1.9363272264e+01
9.86000e+02 1.3374886919e+04 2.8257322386e+01
9.87000e+02 1.3385926209e+04 5.1728195732e+01
9.88000e+02 1.3397215072e+04 3.1655022911e+01
9.89000e+02 1.3408592591e+04 2.8008706977e+01
9.90000e+02 1.3419874727e+04 2.7973970963e+01
9.91000e+02 1.3431243820e+04 1.2733624011e+01
9.92000e+02 1.3442163699e+04 1.2054657336e+01
9.93000e+02 1.3453164343e+04 1.2703403287e+01
9.94000e+02 1.3464431528e+04 1.2705939729e+01
9.95000e+02 1.3476511897e+04 2.7415695963e+01
9.96000e+02 1.3488340616e+04 3.8533743244e+01
9.97000e+02 1.3498609320e+04 1.1961294442e+01
9.98000e+02 1.3509071416e+04 8.0508952743e-01
9.99000e+02 1.3520262897e+04 3.7606322204e+01
1.00000e+03 1.3531509373e+04 6.3957187569e+01
1.00100e+03 1.3542276764e+04 1.1287247376e+01
1.00200e+03 1.3552851057e+04 1.2808369474e+01
1.00300e+03 1.3563471045e+04 1.2648157833e+01
1.00400e+03 1.3573646425e+04 2.3895534038e+01
1.00500e+03 1.3583897078e+04 1.1973225040e+01
1.00600e+03 1.3594044125e+04 1.1932918871e+01
1.00700e+03 1.3605833964e+04 5.1007886165e+01
1.00800e+03 1.3617773004e+04 2.6229392994e+01
1.00900e+03 1.3629527825e+04 1.3698617067e+01
1.01000e+03 1.3641782344e+04 1.2223340100e+01
1.01100e+03 1.3653953341e+04 2.7182679473e+01
1.01200e+03 1.3666142009e+04 1.5874348844e+01
1.01300e+03 1.3677752994e+04 1.1399663412e+01
1.01400e+03 1.3689123188e+04 2.7951398034e+01
1.01500e+03 1.3700524524e+04 1.7305131957e+01
1.01600e+03 1.3711818751e+04 1.2659924111e+01
1.01700e+03 1.3723192076e+04 1.2619252729e+01
1.01800e+03 1.3734114313e+04 1.6668594162e+01
1.01900e+03 1.3746709602e+04 1.5176424022e+01
1.02000e+03 1.3759462116e+04 2.9659640267e+01
1.02100e+03 1.3772022064e+04 1.5258683621e+01
1.02200e+03 1.3785088181e+04 2.6219973420e+01
1.02300e+03 1.3798059260e+04 4.1329791060e+01
1.02400e+03 1.3811051196e+04 1.5871756451e+01
1.02500e+03 1.3823392884e+04 9.6836249597e-01
1.02600e+03 1.3835125192e+04 3.1214743968e+01
1.02700e+03 1.3846880834e+04 5.9749111721e+01
1.02800e+03 1.3858496054e+04 1.3274196904e+01
1.02900e+03 1.3871895836e+04 2.7595446957e+01
1.03000e+03 1.3885451802e+04 4.3614728025e+01
1.03100e+03 1.3898803267e+04 1.6767183547e+01
1.03200e+03 1.3912667634e+04 8.7243129539e-01
1.03300e+03 1.3925731183e+04 3.1656193744e+01
1.03400e+03 1.3938176651e+04 3.1757231622e+01
1.03500e+03 1.3952377345e+04 8.4922842353e-01
1.03600e+03 1.3966737031e+04 1.8402516219e+01
1.03700e+03 1.3979281794e+04 4.5775517120e+01
1.03800e+03 1.3991958042e+04 4.6580586761e+01
1.03900e+03 1.4004728324e+04 3.1432207833e+01
1.04000e+03 1.4017037129e+04 1.4666095733e+01
1.04100e+03 1.4031177819e+04 1.8324109989e+01
1.04200e+03 1.4045490018e+04 1.8258297899e+01
1.04300e+03 1.4059595912e+04 1.8205243842e+01
1.04400e+03 1.4073853100e+04 1.8132027749e+01
1.04500e+03 1.4087922764e+04 1.8077665401e+01
1.04600e+03 1.4102524253e+04 4.8783892302e+01
1.04700e+03 1.4116262615e+04 1.5619509929e+01
1.04800e+03 1.4129725524e+04 4.7791326293e+01
1.04900e+03 1.4143238951e+04 1.6741369235e+01
1.05000e+03 1.4156268784e+04 4.1319060415e+01
1.05100e+03 1.4169387619e+04 5.6503243339e+01
1.05200e+03 1.4182366741e+04 1.5797996052e+01
1.05300e+03 1.4195477757e+04 1.5774378975e+01
1.05400e+03 1.4208451979e+04 1.5753705064e+01
1.05500e+03 1.4221560346e+04 1.5735301979e+01
1.05600e+03 1.4234918128e+04 1.6619501437e+01
1.05700e+03 1.4248389430e+04 5.5789461450e+01
1.05800e+03 1.4261391434e+04 1.5747348773e+01
1.05900e+03 1.4274492569e+04 1.5724369048e+01
1.06000e+03 1.4287457581e+04 1.5671653145e+01
1.06100e+03 1.4300557005e+04 1.5654271245e+01
1.06200e+03 1.4313521373e+04 1.5637971656e+01
1.06300e+03 1.4326620553e+04 1.5622089762e+01
1.06400e+03 1.4339969927e+04 5.5725264165e+01
1.06500e+03 1.4354367216e+04 8.8835642469e+01
1.06600e+03 1.4368821614e+04 8.7915099762e+01
1.06700e+03 1.4382493262e+04 4.7210263137e+01
1.06800e+03 1.4395552545e+04 1.5701382242e+01
1.06900e+03 1.4410446165e+04 6.6704259195e+01
1.07000e+03 1.4425511335e+04 1.1314817849e+02
1.07100e+03 1.4438699978e+04 1.5775143743e+01
1.07200e+03 1.4451629927e+04 1.5630035599e+01
1.07300e+03 1.4466480442e+04 4.7111622168e+01
1.07400e+03 1.4481512834e+04 1.9388678358e+01
1.07500e+03 1.4494674414e+04 1.5587343251e+01
1.07600e+03 1.4507583041e+04 1.5550433315e+01
1.07700e+03 1.4522414585e+04 1.9350319073e+01
1.07800e+03 1.4537429893e+04 1.9313884995e+01
1.07900e+03 1.4550577208e+04 1.5520617294e+01
1.08000e+03 1.4563473197e+04 1.5492459036e+01
1.08100e+03 1.4576494699e+04 1.5351154254e+01
1.08200e+03 1.4589773522e+04 4.7092501238e+01
1.08300e+03 1.4603170694e+04 6.2037459215e+01
1.08400e+03 1.4616105700e+04 1.5374820133e+01
1.08500e+03 1.4629144635e+04 1.5376877632e+01
1.08600e+03 1.4642436601e+04 6.1988565218e+01
1.08700e+03 1.4655846236e+04 1.6103430411e+01
1.08800e+03 1.4669147729e+04 1.6096853928e+01
1.08900e+03 1.4683476682e+04 1.5163055517e+02
1.09000e+03 1.4697588847e+04 3.7877956854e+01
1.09100e+03 1.4711518718e+04 5.6232976628e+01
1.09200e+03 1.4725618003e+04 1.7382764093e+01
1.09300e+03 1.4737971802e+04 1.6127142149e+01
1.09400e+03 1.4750478254e+04 7.9504134469e-01
1.09500e+03 1.4763092482e+04 1.4491103403e+01
1.09600e+03 1.4775616530e+04 1.4494208914e+01
1.09700e+03 1.4788252937e+04 1.4501892860e+01
1.09800e+03 1.4800441283e+04 3.2010485644e+01
1.09900e+03 1.4812730068e+04 1.5101183562e+01
1.10000e+03 1.4825282740e+04 1.4516014176e+01
1.10100e+03 1.4838802342e+04 5.4396110496e+01
1.10200e+03 1.4852381161e+04 1.5758290466e+02
1.10300e+03 1.4865262217e+04 1.4746148550e+01
1.10400e+03 1.4877903074e+04 1.4819587530e+01
1.10500e+03 1.4890599983e+04 1.4620620498e+01
1.10600e+03 1.4903186382e+04 1.4551541821e+01
1.10700e+03 1.4916706806e+04 1.6402095234e+01
1.10800e+03 1.4930003990e+04 1.2999351534e+01
1.10900e+03 1.4941613802e+04 4.1683554034e+01
1.11000e+03 1.4953013886e+04 5.4655061528e+01
1.11100e+03 1.4964541547e+04 1.2155728195e+01
1.11200e+03 1.4975966811e+04 1.2168751723e+01
1.11300e+03 1.4987526484e+04 1.2188594825e+01
1.11400e+03 1.4999361254e+04 7.5162953158e-01
1.11500e+03 1.5012089249e+04 7.9242877858e-01
1.11600e+03 1.5024871230e+04 2.4271885255e+01
1.11700e+03 1.5037026972e+04 3.8390284706e+01
1.11800e+03 1.5048606837e+04 1.2331007475e+01
1.11900e+03 1.5061869025e+04 5.7346584561e+01
1.12000e+03 1.5075658489e+04 3.9359377103e+01
1.12100e+03 1.5089333064e+04 6.4514210458e+01
1.12200e+03 1.5102749650e+04 6.6081251658e+01
1.12300e+03 1.5114455108e+04 1.2464461486e+01
1.12400e+03 1.5126301475e+04 5.4986628372e+01
1.12500e+03 1.5139005202e+04 9.7084829450e-01
1.12600e+03 1.5151478892e+04 1.1509100637e+01
1.12700e+03 1.5162352432e+04 1.6635708583e+01
1.12800e+03 1.5173412762e+04 1.7559152408e+00
1.12900e+03 1.5185272351e+04 9.6860726213e+00
1.13000e+03 1.5197198940e+04 2.3466769799e+01
1.13100e+03 1.5209131561e+04 1.2986124714e+01
1.13200e+03 1.5220829789e+04 1.5843611424e+01
1.13300e+03 1.5232363932e+04 6.3949950255e+01
1.13400e+03 1.5244049922e+04 1.2328628456e+01
1.13500e+03 1.5255595353e+04 1.2327588340e+01
1.13600e+03 1.5267663200e+04 1.3114396369e+01
1.13700e+03 1.5279666649e+04 1.5301803088e+01
1.13800e+03 1.5291700665e+04 1.5252670650e+01
1.13900e+03 1.5303178441e+04 2.7354177210e+01
1.14000e+03 1.5314075649e+04 5.3044540160e+01
1.14100e+03 1.5326562271e+04 1.4048917017e+01
1.14200e+03 1.5339567428e+04 9.7114118332e-01
1.14300e+03 1.5351838982e+04 3.8071806460e+01
1.14400e+03 1.5363510527e+04 1.4809204998e+01
1.14500e+03 1.5375211695e+04 5.1145893386e+01
1.14600e+03 1.5386774013e+04 1.2294525369e+01
1.14700e+03 1.5400118521e+04 1.8280554266e+00
1.14800e+03 1.5413618662e+04 4.0568031249e+01
1.14900e+03 1.5425375937e+04 1.2338337640e+01
1.15000e+03 1.5437285448e+04 5.0556480133e+01
1.15100e+03 1.5449289729e+04 2.6809354282e+01
1.15200e+03 1.5461200679e+04 2.6783984744e+01
1.15300e+03 1.5473210330e+04 1.2913838221e+01
1.15400e+03 1.5485126698e+04 1.2906341752e+01
1.15500e+03 1.5497911006e+04 4.1308322041e+01
1.15600e+03 1.5510752933e+04 5.1291511398e+01
1.15700e+03 1.5522965893e+04 1.3096745181e+01
1.15800e+03 1.5534597559e+04 1.2395347291e+01
1.15900e+03 1.5546266836e+04 2.5713905881e+01
1.16000e+03 1.5557805069e+04 2.5594758417e+01
1.16100e+03 1.5571130751e+04 5.1221394209e+01
1.16200e+03 1.5584979395e+04 1.4090365895e+01
1.16300e+03 1.5598008872e+04 1.2966728043e+01
1.16400e+03 1.5610422112e+04 3.4534647544e+00
1.16500e+03 1.5624591685e+04 1.4920166261e+01
1.16600e+03 1.5639283622e+04 1.3797054052e+01
1.16700e+03 1.5653077799e+04 4.2147116674e+00
1.16800e+03 1.5666585365e+04 3.1839105457e+01
1.16900e+03 1.5680135095e+04 1.5962595708e+01
1.17000e+03 1.5693192931e+04 1.5549842092e+01
1.17100e+03 1.5706333841e+04 3.3278899155e+01
1.17200e+03 1.5719329889e+04 1.5700128305e+01
1.17300e+03 1.5734276975e+04 1.4560770357e+01
1.17400e+03 1.5749757081e+04 2.0945299394e+01
1.17500e+03 1.5765090409e+04 7.6123558584e+01
1.17600e+03 1.5780449982e+04 1.9544634551e+01
1.17700e+03 1.5794942691e+04 1.5954655829e+01
1.17800e+03 1.5809128108e+04 3.6289651537e+01
1.17900e+03 1.5824325070e+04 1.9388723151e+01
1.18000e+03 1.5839584748e+04 1.9269439393e+01
1.18100e+03 1.5853997312e+04 2.1161540953e+01
1.18200e+03 1.5867775589e+04 7.8222873377e-01
1.18300e+03 1.5881594998e+04 3.6931861552e+01
1.18400e+03 1.5895255532e+04 3.6777187322e+01
1.18500e+03 1.5909048491e+04 1.6253720627e+01
1.18600e+03 1.5923082071e+04 1.9217496928e+01
1.18700e+03 1.5937233755e+04 1.8937399148e+01
1.18800e+03 1.5950909427e+04 1.6252604854e+01
1.18900e+03 1.5966574326e+04 6.0417426650e+01
1.19000e+03 1.5982418989e+04 1.3274563535e+02
1.19100e+03 1.5998040028e+04 2.0219231234e+01
1.19200e+03 1.6014198661e+04 1.7861995364e+01
1.19300e+03 1.6029345694e+04 1.4313593155e+01
1.19400e+03 1.6044185547e+04 3.2068593036e+01
1.19500e+03 1.6060125810e+04 4.0256562865e+01
1.19600e+03 1.6075853454e+04 2.0081993047e+01
1.19700e+03 1.6091373196e+04 1.9960613570e+01
1.19800e+03 1.6107067142e+04 1.9906954346e+01
1.19900e+03 1.6122574268e+04 1.9874431546e+01
1.20000e+03 1.6138258222e+04 1.9844565787e+01
1.20100e+03 1.6152058309e+04 3.4961761086e+01
1.20200e+03 1.6165977797e+04 8.0336203603e+00
1.20300e+03 1.6180984185e+04 5.8839804998e+01
1.20400e+03 1.6196074514e+04 8.0965926373e+01
1.20500e+03 1.6210339765e+04 2.5862084629e+01
1.20600e+03 1.6223991319e+04 6.5979009628e+01
1.20700e+03 1.6239545522e+04 3.8564122054e+01
1.20800e+03 1.6255655405e+04 1.0195538776e+00
1.20900e+03 1.6270746193e+04 3.9994701055e+01
1.21000e+03 1.6285184255e+04 3.9312065631e+01
1.21100e+03 1.6299667871e+04 8.7151032195e+01
1.21200e+03 1.6313984742e+04 1.7340804741e+01
1.21300e+03 1.6328439566e+04 1.7294671952e+01
1.21400e+03 1.6342742439e+04 1.7263379750e+01
1.21500e+03 1.6359152896e+04 1.8747872976e+00
1.21600e+03 1.6376115496e+04 8.5271802484e-01
1.21700e+03 1.6392918056e+04 2.2358893873e+01
1.21800e+03 1.6409759110e+04 2.2214989007e+01
1.21900e+03 1.6426513483e+04 2.2144586983e+01
1.22000e+03 1.6443048674e+04 7.4116167603e+01
1.22100e+03 1.6457591599e+04 1.7334218201e+01
1.22200e+03 1.6471832105e+04 1.7254516357e+01
1.22300e+03 1.6486200290e+04 1.7062520579e+01
1.22400e+03 1.6500426647e+04 1.7031309762e+01
1.22500e+03 1.6514804542e+04 1.7023988937e+01
1.22600e+03 1.6529041375e+04 1.7017439605e+01
1.22700e+03 1.6543430545e+04 1.7011698113e+01
1.22800e+03 1.6558063298e+04 1.0395320814e+02
1.22900e+03 1.6573894398e+04 3.0363282035e+01
1.23000e+03 1.6589515710e+04 6.7450113600e+01
1.23100e+03 1.6603226961e+04 6.7791896253e-01
1.23200e+03 1.6616686816e+04 1.5540467502e+01
1.23300e+03 1.6630288180e+04 1.5415039774e+01
1.23400e+03 1.6643765618e+04 1.5417207485e+01
1.23500e+03 1.6659272261e+04 1.2081004410e+02
1.23600e+03 1.6674967244e+04 1.9532451877e+01
1.23700e+03 1.6688727928e+04 1.5561110207e+01
1.23800e+03 1.6702612953e+04 2.9585190494e+01
1.23900e+03 1.6717589329e+04 8.6040859233e+01
1.24000e+03 1.6732646480e+04 1.3662627608e+02
1.24100e+03 1.6746878297e+04 1.5516204271e+02
1.24200e+03 1.6760496331e+04 1.5686144846e+01
1.24300e+03 1.6776015548e+04 3.7833005709e+01
1.24400e+03 1.6792089208e+04 1.0165096732e+00
1.24500e+03 1.6808023959e+04 2.0281379418e+01
1.24600e+03 1.6823998611e+04 2.0162090028e+01
1.24700e+03 1.6839900988e+04 2.0109554840e+01
1.24800e+03 1.6855852123e+04 2.0065927559e+01
1.24900e+03 1.6871735195e+04 2.0026556074e+01
1.25000e+03 1.6887669029e+04 1.9989228569e+01
1.25100e+03 1.6903536980e+04 1.9954118910e+01
1.25200e+03 1.6919457127e+04 1.9920476962e+01
1.25300e+03 1.6934481345e+04 1.6462860343e+01
1.25400e+03 1.6948846814e+04 2.7733456273e+01
1.25500e+03 1.6965161189e+04 8.1868236480e+01
1.25600e+03 1.6981661160e+04 1.2038652945e+02
1.25700e+03 1.6996164831e+04 4.4119167581e+01
1.25800e+03 1.7010384265e+04 8.1640332896e+01
1.25900e+03 1.7024735214e+04 8.1405971250e+01
1.26000e+03 1.7038943782e+04 1.6616359951e+01
1.26100e+03 1.7055251816e+04 2.0879210345e+01
1.26200e+03 1.7072120475e+04 9.4851339305e-01
1.26300e+03 1.7088836899e+04 4.1634580642e+01
1.26400e+03 1.7105596892e+04 4.1484279038e+01
1.26500e+03 1.7122275554e+04 2.1467047228e+01
1.26600e+03 1.7138738307e+04 2.0821112212e+01
1.26700e+03 1.7154959286e+04 2.1417753753e+01
1.26800e+03 1.7171347608e+04 2.1321905273e+01
1.26900e+03 1.7187541427e+04 2.0568907029e+01
1.27000e+03 1.7204297566e+04 2.1441726067e+01
1.27100e+03 1.7220926292e+04 2.1370347885e+01
1.27200e+03 1.7237609648e+04 2.1276194523e+01
1.27300e+03 1.7254222053e+04 2.1238597312e+01
1.27400e+03 1.7270894566e+04 2.1206516353e+01
1.27500e+03 1.7287497145e+04 2.1175482851e+01
1.27600e+03 1.7303890213e+04 2.0553085099e+01
1.27700e+03 1.7318318853e+04 1.6677434087e+01
1.27800e+03 1.7332453487e+04 4.6101845409e+01
1.27900e+03 1.7346720533e+04 4.5894149812e+01
1.28000e+03 1.7361236532e+04 2.9363620088e+02
1.28100e+03 1.7375885509e+04 2.1551154628e+02
1.28200e+03 1.7390067767e+04 1.6380856854e+01
1.28300e+03 1.7406305556e+04 4.3308415624e+01
1.28400e+03 1.7423108803e+04 3.8293209472e+01
1.28500e+03 1.7439766945e+04 3.8310479793e+01
1.28600e+03 1.7456472516e+04 2.1166325161e+01
1.28700e+03 1.7473100446e+04 2.1114946749e+01
1.28800e+03 1.7489783792e+04 2.1071606752e+01
1.28900e+03 1.7506393457e+04 2.1032270321e+01
1.29000e+03 1.7522791280e+04 4.3269861064e+01
1.29100e+03 1.7538952532e+04 8.0374073288e+01
1.29200e+03 1.7555660425e+04 2.1035785266e+01
1.29300e+03 1.7572246411e+04 2.0991069878e+01
1.29400e+03 1.7588613854e+04 8.0263320054e+01
1.29500e+03 1.7604752381e+04 2.0992024379e+01
1.29600e+03 1.7621442276e+04 2.0952080699e+01
1.29700e+03 1.7638012167e+04 2.0915033890e+01
1.29800e+03 1.7654364727e+04 2.0956148817e+01
1.29900e+03 1.7670489977e+04 2.0917850930e+01
1.30000e+03 1.7686789983e+04 2.0844379898e+01
1.30100e+03 1.7701162369e+04 4.4072226570e+01
1.30200e+03 1.7715260774e+04 1.4900968554e+02
1.30300e+03 1.7729496986e+04 1.2112209215e+02
1.30400e+03 1.7743985355e+04 1.2221380580e+02
1.30500e+03 1.7758607881e+04 1.2206514165e+02
1.30600e+03 1.7772765001e+04 1.5994300544e+01
1.30700e+03 1.7788976303e+04 2.0126026280e+01
1.30800e+03 1.7805383576e+04 2.0213166497e+01
1.30900e+03 1.7819795452e+04 1.6153969937e+01
1.31000e+03 1.7833934192e+04 1.6119435714e+01
1.31100e+03 1.7850136859e+04 2.0184318145e+01
1.31200e+03 1.7866912608e+04 3.7689780872e+01
1.31300e+03 1.7882605082e+04 3.2318244617e+01
1.31400e+03 1.7897637719e+04 9.0905301587e+00
1.31500e+03 1.7914716329e+04 8.7594306656e-01
1.31600e+03 1.7931981789e+04 2.1897387928e+01
1.31700e+03 1.7949011752e+04 2.1826843837e+01
1.31800e+03 1.7966594685e+04 3.3093110656e+01
1.31900e+03 1.7983037114e+04 9.8313940119e+00
1.32000e+03 1.7999146398e+04 6.0438212366e+01
1.32100e+03 1.8015322000e+04 1.9781212256e+01
1.32200e+03 1.8031342924e+04 1.9673071246e+01
1.32300e+03 1.8047485016e+04 1.9619887268e+01
1.32400e+03 1.8063487188e+04 1.9581516080e+01
1.32500e+03 1.8079618101e+04 1.9550755405e+01
1.32600e+03 1.8095258855e+04 2.3288201367e+01
1.32700e+03 1.8113104991e+04 9.4198637713e+00
1.32800e+03 1.8131525169e+04 6.9551709985e+01
1.32900e+03 1.8148705957e+04 1.0498763370e+00
1.33000e+03 1.8165540294e+04 2.1412194813e+01
1.33100e+03 1.8183693171e+04 1.4177725320e+02
1.33200e+03 1.8201932851e+04 2.3744778301e+01
1.33300e+03 1.8219055243e+04 2.1332386205e+01
1.33400e+03 1.8235493870e+04 1.0208316447e+01
1.33500e+03 1.8254121883e+04 9.3985068671e+01
1.33600e+03 1.8272950498e+04 1.2666969958e+02
1.33700e+03 1.8289565281e+04 1.0804181626e+02
1.33800e+03 1.8305852374e+04 9.3739550322e+01
1.33900e+03 1.8324423783e+04 2.4679543550e+01
1.34000e+03 1.8343589916e+04 9.2645210862e-01
1.34100e+03 1.8362579064e+04 4.9293451809e+01
1.34200e+03 1.8381627847e+04 4.9126808918e+01
1.34300e+03 1.8399487886e+04 4.7192324819e+01
1.34400e+03 1.8416631103e+04 2.5510988572e+01
1.34500e+03 1.8436021701e+04 2.6086249101e+01
1.34600e+03 1.8455998723e+04 9.2823859395e-01
1.34700e+03 1.8474596901e+04 2.6223616469e+01
1.34800e+03 1.8492814878e+04 9.6037220664e+01
1.34900e+03 1.8512495066e+04 2.6885410170e+01
1.35000e+03 1.8532274573e+04 2.6661010631e+01
1.35100e+03 1.8551964199e+04 2.6643788339e+01
1.35200e+03 1.8571739253e+04 2.6612691656e+01
1.35300e+03 1.8591415322e+04 2.6572521594e+01
1.35400e+03 1.8610912243e+04 5.1383332623e+01
1.35500e+03 1.8630135148e+04 5.3980046542e+01
1.35600e+03 1.8649933621e+04 2.6569367424e+01
1.35700e+03 1.8669573512e+04 2.6506620674e+01
1.35800e+03 1.8689023714e+04 5.3879347641e+01
1.35900e+03 1.8708208449e+04 2.6504627272e+01
1.36000e+03 1.8727586901e+04 2.6406373288e+01
1.36100e+03 1.8746749848e+04 2.5557998656e+01
1.36200e+03 1.8766510806e+04 2.6442599267e+01
1.36300e+03 1.8784946972e+04 2.3839016446e+01
1.36400e+03 1.8803017774e+04 8.3821584060e+01
1.36500e+03 1.8822549290e+04 2.6307781397e+01
1.36600e+03 1.8841920014e+04 2.5524712991e+01
1.36700e+03 1.8861051722e+04 2.5467949445e+01
1.36800e+03 1.8880390817e+04 2.5410852016e+01
1.36900e+03 1.8897528365e+04 1.8020171052e+02
1.37000e+03 1.8914339629e+04 1.5710732086e+02
1.37100e+03 1.8933498431e+04 2.5412535686e+01
1.37200e+03 1.8952890677e+04 2.5440273666e+01
1.37300e+03 1.8972049922e+04 2.5415276231e+01
1.37400e+03 1.8991801132e+04 2.6271725698e+01
1.37500e+03 1.9011390219e+04 7.5520664106e+01
1.37600e+03 1.9031055190e+04 7.5358904456e+01
1.37700e+03 1.9049485320e+04 1.3294314878e+02
1.37800e+03 1.9067196060e+04 5.1676459805e+01
1.37900e+03 1.9087222261e+04 2.6932862336e+01
1.38000e+03 1.9107849191e+04 9.6195867809e-01
1.38100e+03 1.9128283402e+04 2.7872026936e+01
1.38200e+03 1.9148787693e+04 2.7721516757e+01
1.38300e+03 1.9167976736e+04 5.2383696409e+01
1.38400e+03 1.9186424323e+04 2.7642776303e+01
1.38500e+03 1.9207259346e+04 2.9463613803e+01
1.38600e+03 1.9228698787e+04 9.3515008550e-01
1.38700e+03 1.9248626748e+04 2.8354051538e+01
1.38800e+03 1.9268149671e+04 1.5476575464e+02
1.38900e+03 1.9287760519e+04 2.5842535734e+01
1.39000e+03 1.9307178546e+04 2.5711796520e+01
1.39100e+03 1.9328283853e+04 2.9299106929e+01
1.39200e+03 1.9349242469e+04 8.3296310544e+01
1.39300e+03 1.9369937288e+04 2.8352111763e+01
1.39400e+03 1.9391235020e+04 4.9417844090e+01
1.39500e+03 1.9412359795e+04 4.9387894262e+01
1.39600e+03 1.9433311944e+04 2.8317292691e+01
1.39700e+03 1.9451878216e+04 1.8172579866e+02
1.39800e+03 1.9470068665e+04 7.5286920888e+01
1.39900e+03 1.9490745628e+04 2.8271119675e+01
1.40000e+03 1.9511667864e+04 2.8212935323e+01
1.40100e+03 1.9532342235e+04 2.8182131196e+01
1.40200e+03 1.9553623624e+04 2.9032416799e+01
1.40300e+03 1.9573432768e+04 4.9250282141e+01
1.40400e+03 1.9592501698e+04 3.9489129062e+01
1.40500e+03 1.9614046647e+04 8.7057725193e-01
1.40600e+03 1.9636209614e+04 2.1033850447e+01
1.40700e+03 1.9658160849e+04 5.0842660555e+01
1.40800e+03 1.9680191573e+04 3.0507302656e+01
1.40900e+03 1.9702094877e+04 3.0428864644e+01
1.41000e+03 1.9724089356e+04 3.0362190382e+01
1.41100e+03 1.9745961954e+04 3.0301122463e+01
1.41200e+03 1.9767676633e+04 2.9816098852e+01
1.41300e+03 1.9786936048e+04 6.3508683042e+01
1.41400e+03 1.9806186453e+04 1.4034221409e+02
1.41500e+03 1.9825572937e+04 1.1641331083e+02
1.41600e+03 1.9844797878e+04 2.4962629114e+01
1.41700e+03 1.9865719646e+04 9.5083041230e-01
1.41800e+03 1.9886778145e+04 5.4322935864e+01
1.41900e+03 1.9907754122e+04 5.4322822102e+01
1.42000e+03 1.9928587143e+04 2.3083161615e+01
1.42100e+03 1.9949145132e+04 1.2944310543e+02
1.42200e+03 1.9969913039e+04 1.0528372921e+02
1.42300e+03 1.9988358395e+04 1.0150993815e+02
1.42400e+03 2.0006450165e+04 1.2920621008e+02
1.42500e+03 2.0024709170e+04 2.6566654910e+01
1.42600e+03 2.0043186858e+04 2.7583273350e+01
1.42700e+03 2.0061832828e+04 5.1752842888e+01
1.42800e+03 2.0080331460e+04 2.3391507889e+01
1.42900e+03 2.0098998832e+04 2.3389518595e+01
1.43000e+03 2.0117167797e+04 2.2676867399e+01
1.43100e+03 2.0137839428e+04 2.7708383777e+01
1.43200e+03 2.0159125305e+04 7.5294597307e+01
1.43300e+03 2.0178910309e+04 1.1176312190e+00
1.43400e+03 2.0198304609e+04 2.5378310656e+01
1.43500e+03 2.0217794223e+04 2.5057542342e+01
1.43600e+03 2.0236748140e+04 5.8659550584e+00
1.43700e+03 2.0258264427e+04 4.8469216178e+01
1.43800e+03 2.0280396040e+04 2.6994734144e+01
1.43900e+03 2.0302315116e+04 1.0313014082e+02
1.44000e+03 2.0324312559e+04 3.0007148876e+01
1.44100e+03 2.0346181756e+04 2.9927263380e+01
1.44200e+03 2.0368140901e+04 2.9859038423e+01
1.44300e+03 2.0389977741e+04 2.9796821360e+01
1.44400e+03 2.0411907611e+04 2.9737749277e+01
1.44500e+03 2.0433718605e+04 2.9682165470e+01
1.44600e+03 2.0455624978e+04 2.9628986899e+01
1.44700e+03 2.0477414904e+04 2.9578290396e+01
1.44800e+03 2.0499050158e+04 7.6968769115e+01
1.44900e+03 2.0520390643e+04 1.4590562832e+02
1.45000e+03 2.0542331461e+04 2.9583157010e+01
1.45100e+03 2.0562758719e+04 9.3764326162e-01
1.45200e+03 2.0582434068e+04 1.9490190154e+02
1.45300e+03 2.0602190072e+04 2.2471827874e+02
1.45400e+03 2.0622124876e+04 1.7457986478e+02
1.45500e+03 2.0643829702e+04 2.9468473271e+01
1.45600e+03 2.0665393525e+04 1.7092038111e+02
1.45700e+03 2.0684506371e+04 6.4580159227e-02
1.45800e+03 2.0703649418e+04 2.8647247863e+01
1.45900e+03 2.0722946716e+04 2.0189392596e+02
1.46000e+03 2.0742092392e+04 2.4185486835e+01
1.46100e+03 2.0762937841e+04 2.3522318978e+01
1.46200e+03 2.0783921760e+04 5.2664964100e+01
1.46300e+03 2.0804825755e+04 2.8289149152e+01
1.46400e+03 2.0825842310e+04 2.7609434153e+01
1.46500e+03 2.0845512980e+04 2.4534673496e+01
1.46600e+03 2.0864791950e+04 2.7710092197e+01
1.46700e+03 2.0885659086e+04 2.7544966336e+01
1.46800e+03 2.0906388026e+04 7.7036757144e-01
1.46900e+03 2.0924754705e+04 7.9716117055e+01
1.47000e+03 2.0942777001e+04 1.0327995233e+02
1.47100e+03 2.0960974423e+04 2.1837393916e+01
1.47200e+03 2.0979005687e+04 2.1824524341e+01
1.47300e+03 2.0997234833e+04 2.1834423137e+01
1.47400e+03 2.1015684375e+04 2.6687993676e+01
1.47500e+03 2.1035771700e+04 7.7981139692e-01
1.47600e+03 2.1055978206e+04 2.5928340137e+01
1.47700e+03 2.1074890795e+04 7.0733651771e+01
1.47800e+03 2.1093449599e+04 4.0188098002e+01
1.47900e+03 2.1113540094e+04 2.5905581907e+01
1.48000e+03 2.1133484553e+04 1.2248006528e+02
1.48100e+03 2.1153188075e+04 1.7388629536e+02
1.48200e+03 2.1173493466e+04 4.0956754030e+01
1.48300e+03 2.1192431357e+04 2.3025166648e+01
1.48400e+03 2.1211001674e+04 2.3013654952e+01
1.48500e+03 2.1231097771e+04 4.0921399232e+01
1.48600e+03 2.1251045351e+04 2.5154379134e+01
1.48700e+03 2.1268700853e+04 4.5416863282e+01
1.48800e+03 2.1286412620e+04 2.0415952023e+00
1.48900e+03 2.1305640055e+04 2.3217913628e+01
1.49000e+03 2.1324722428e+04 1.9354980891e+01
1.49100e+03 2.1343588764e+04 4.3627665100e+01
1.49200e+03 2.1362675211e+04 2.3367922571e+01
1.49300e+03 2.1379589265e+04 1.2981060185e+00
1.49400e+03 2.1396577437e+04 2.2471100286e+01
1.49500e+03 2.1415001478e+04 4.1876786905e+01
1.49600e+03 2.1433551292e+04 8.9176314194e+01
1.49700e+03 2.1452052205e+04 2.2397253270e+01
1.49800e+03 2.1470656414e+04 2.2429251834e+01
1.49900e+03 2.1488133392e+04 4.6017911831e+01
1.50000e+03 2.1504923900e+04 8.9307127868e+01
1.50100e+03 2.1523945505e+04 6.8227027218e+01
1.50200e+03 2.1543566162e+04 1.0164473985e+00
1.50300e+03 2.1561849555e+04 1.9545544996e+01
1.50400e+03 2.1579425684e+04 6.8944421607e+01
1.50500e+03 2.1597070571e+04 1.1079407061e+02
1.50600e+03 2.1614910915e+04 6.5061937625e+01
1.50700e+03 2.1632897787e+04 6.8578956273e+01
1.50800e+03 2.1650731670e+04 4.3697204162e+01
1.50900e+03 2.1668718389e+04 2.1035621816e+01
1.51000e+03 2.1686203995e+04 2.0366912019e+01
1.51100e+03 2.1706109398e+04 1.8992282569e+00
1.51200e+03 2.1726235769e+04 8.9656160129e+01
1.51300e+03 2.1746106941e+04 4.3789638777e+01
1.51400e+03 2.1766175450e+04 2.5127881247e+01
1.51500e+03 2.1783954471e+04 2.1169907527e+01
1.51600e+03 2.1801775453e+04 2.1001684679e+01
1.51700e+03 2.1821103117e+04 9.3175627576e+01
1.51800e+03 2.1840550767e+04 9.2909444965e+01
1.51900e+03 2.1858780877e+04 2.1224074444e+01
1.52000e+03 2.1876324167e+04 2.5243427314e+01
1.52100e+03 2.1893944090e+04 2.4369856453e+01
1.52200e+03 2.1911378548e+04 2.0199648330e+01
1.52300e+03 2.1931271305e+04 4.9014251944e+01
1.52400e+03 2.1951384443e+04 4.9009866013e+01
1.52500e+03 2.1969164132e+04 2.0339215022e+01
1.52600e+03 2.1986991323e+04 2.8370410299e+01
1.52700e+03 2.2006333361e+04 4.8975230198e+01
1.52800e+03 2.2025517060e+04 9.2943873242e-01
1.52900e+03 2.2042477224e+04 3.7947942524e+00
1.53000e+03 2.2059125757e+04 2.7870832844e+01
1.53100e+03 2.2075941626e+04 2.3084347586e+01
1.53200e+03 2.2092605808e+04 1.8530030307e+01
1.53300e+03 2.2111661861e+04 2.3305728590e+01
1.53400e+03 2.2130941085e+04 2.3377947906e+01
1.53500e+03 2.2149980911e+04 2.3338343133e+01
1.53600e+03 2.2169219301e+04 2.3274171723e+01
1.53700e+03 2.2188236967e+04 2.3228737402e+01
1.53800e+03 2.2207848869e+04 4.9090506871e+01
1.53900e+03 2.2226143119e+04 7.0146322938e+01
1.54000e+03 2.2243728320e+04 5.2209572864e+01
1.54100e+03 2.2261383757e+04 7.1508432125e+01
1.54200e+03 2.2279236563e+04 6.2940439955e+01
1.54300e+03 2.2298631102e+04 4.5729459608e+01
1.54400e+03 2.2318132632e+04 4.5573358256e+01
1.54500e+03 2.2336402625e+04 5.2133105179e+01
1.54600e+03 2.2354326173e+04 5.2151714632e+01
1.54700e+03 2.2373703581e+04 2.3804168724e+01
1.54800e+03 2.2392922267e+04 4.3334172683e+01
1.54900e+03 2.2409911506e+04 2.0413358647e+01
1.55000e+03 2.2426582356e+04 3.9626964063e+01
1.55100e+03 2.2445598238e+04 4.3289054141e+01
1.55200e+03 2.2464849540e+04 2.3130013239e+01
1.55300e+03 2.2483870403e+04 2.3111864185e+01
1.55400e+03 2.2503093997e+04 2.3061044140e+01
1.55500e+03 2.2520113859e+04 1.8538402217e+01
1.55600e+03 2.2537195363e+04 2.5525079963e+00
1.55700e+03 2.2554408693e+04 3.8530674698e+01
1.55800e+03 2.2571134509e+04 2.5848168740e+01
1.55900e+03 2.2588002646e+04 2.5670596300e+01
1.56000e+03 2.2605098900e+04 3.5112342865e+01
1.56100e+03 2.2623675984e+04 6.4814079451e+01
1.56200e+03 2.2642082508e+04 1.7554516694e+01
1.56300e+03 2.2658328617e+04 6.2202814186e-01
1.56400e+03 2.2674278665e+04 1.6974412286e+01
1.56500e+03 2.2692505221e+04 3.9780639709e+01
1.56600e+03 2.2711340938e+04 8.7863816757e+01
1.56700e+03 2.2728910629e+04 4.3136118882e+01
1.56800e+03 2.2746140918e+04 4.3227017094e+01
1.56900e+03 2.2763458489e+04 1.9271318204e+01
1.57000e+03 2.2780266474e+04 2.2848615522e+01
1.57100e+03 2.2797200574e+04 4.0471196553e+01
1.57200e+03 2.2813964424e+04 1.8395911708e+01
1.57300e+03 2.2830901837e+04 1.8380828357e+01
1.57400e+03 2.2847671918e+04 1.8368679244e+01
1.57500e+03 2.2864616991e+04 1.8357969818e+01
1.57600e+03 2.2881783210e+04 1.9187977425e+01
1.57700e+03 2.2899100120e+04 4.0029494131e+01
1.57800e+03 2.2916271796e+04 3.9994921234e+01
1.57900e+03 2.2934911314e+04 2.2223982538e+01
1.58000e+03 2.2953656775e+04 7.2592565696e+01
1.58100e+03 2.2971239203e+04 1.9359078204e+01
1.58200e+03 2.2988141076e+04 1.8471403145e+01
1.58300e+03 2.3005110680e+04 1.9118091630e+01
1.58400e+03 2.3021897174e+04 1.8983595465e+01
1.58500e+03 2.3038851249e+04 1.8308453732e+01
1.58600e+03 2.3055635636e+04 1.8288038261e+01
1.58700e+03 2.3074816209e+04 7.8098574935e+01
1.58800e+03 2.3094584822e+04 2.0362870938e+01
1.58900e+03 2.3114166176e+04 9.3804317890e+01
1.59000e+03 2.3133809899e+04 2.3764841604e+01
1.59100e+03 2.3153346647e+04 2.3696470253e+01
1.59200e+03 2.3172957094e+04 2.3639498394e+01
1.59300e+03 2.3192466401e+04 2.3588417686e+01
1.59400e+03 2.3212052358e+04 2.3540338598e+01
1.59500e+03 2.3230417033e+04 3.7375981103e+01
1.59600e+03 2.3248401827e+04 9.1280172633e+01
1.59700e+03 2.3266461163e+04 5.4289819043e+01
1.59800e+03 2.3284349245e+04 2.0350085889e+01
1.59900e+03 2.3303758073e+04 2.3416320324e+01
1.60000e+03 2.3323009193e+04 1.1474509260e+02
1.60100e+03 2.3340024059e+04 9.3255435942e+01
1.60200e+03 2.3356720543e+04 9.3074277614e+01
1.60300e+03 2.3373580420e+04 1.7901319713e+01
1.60400e+03 2.3390672301e+04 2.1499050171e+00
1.60500e+03 2.3409244306e+04 8.3682425022e-01
1.60600e+03 2.3427925610e+04 2.1652264552e+01
1.60700e+03 2.3445453472e+04 3.7854571200e+01
1.60800e+03 2.3462308774e+04 1.8042235131e+01
1.60900e+03 2.3481417587e+04 1.1277509536e+02
1.61000e+03 2.3500743460e+04 1.1112035193e+02
1.61100e+03 2.3519826446e+04 3.5622337995e+01
1.61200e+03 2.3539493014e+04 3.6691862933e+01
1.61300e+03 2.3558994021e+04 5.9214785332e+01
1.61400e+03 2.3578300980e+04 2.2673774424e+01
1.61500e+03 2.3597341577e+04 2.2608711424e+01
1.61600e+03 2.3616960436e+04 2.3401261865e+01
1.61700e+03 2.3636424349e+04 2.3340767206e+01
1.61800e+03 2.3655965702e+04 2.3239921286e+01
1.61900e+03 2.3674287033e+04 1.8817661676e+01
1.62000e+03 2.3692236422e+04 8.2494516259e+01
1.62100e+03 2.3710264791e+04 4.8186313080e+01
1.62200e+03 2.3728125085e+04 2.0081478757e+01
1.62300e+03 2.3746129423e+04 2.0037366339e+01
1.62400e+03 2.3763630818e+04 4.5924885205e+01
1.62500e+03 2.3783547055e+04 2.5826086495e+01
1.62600e+03 2.3804065415e+04 4.1164908254e+01
1.62700e+03 2.3824393573e+04 6.5204670098e+01
1.62800e+03 2.3844532230e+04 4.9218061181e+01
1.62900e+03 2.3862341857e+04 8.7514614755e+01
1.63000e+03 2.3880174712e+04 4.4941454052e+01
1.63100e+03 2.3898135754e+04 4.4853215768e+01
1.63200e+03 2.3915949250e+04 1.9837440243e+01
1.63300e+03 2.3935300881e+04 9.7652806206e-01
1.63400e+03 2.3954501261e+04 1.5409771763e+01
1.63500e+03 2.3971472968e+04 6.3876196396e+01
1.63600e+03 2.3988517086e+04 7.6937799077e-01
1.63700e+03 2.4007007288e+04 8.6142892263e-01
1.63800e+03 2.4025343078e+04 6.2947730111e+01
1.63900e+03 2.4043470287e+04 1.0070851311e+02
1.64000e+03 2.4061810705e+04 2.0452064280e+01
1.64100e+03 2.4079959918e+04 2.0453615941e+01
1.64200e+03 2.4098319286e+04 2.0452111962e+01
1.64300e+03 2.4114568149e+04 1.4914523736e+00
1.64400e+03 2.4130513611e+04 1.4528529384e+02
1.64500e+03 2.4146615416e+04 5.8385731368e+01
1.64600e+03 2.4162571025e+04 1.5966933545e+01
1.64700e+03 2.4180836060e+04 2.0547482876e+01
1.64800e+03 2.4199696028e+04 4.3149970088e+01
1.64900e+03 2.4218391163e+04 1.0244200345e+02
1.65000e+03 2.4236886476e+04 2.0662880084e+01
1.65100e+03 2.4255123862e+04 2.0614567613e+01
1.65200e+03 2.4273931306e+04 8.0594119677e+01
1.65300e+03 2.4291504941e+04 9.3145344235e+01
1.65400e+03 2.4308383819e+04 2.6087371271e+01
1.65500e+03 2.4327503892e+04 1.6237456701e+00
1.65600e+03 2.4347217846e+04 1.3312066125e+01
1.65700e+03 2.4365579880e+04 2.6849682650e+01
1.65800e+03 2.4383226683e+04 2.3900472085e+00
1.65900e+03 2.4400937421e+04 4.6008840924e+01
1.66000e+03 2.4418449595e+04 1.9041978806e+01
1.66100e+03 2.4436130008e+04 1.8992612057e+01
1.66200e+03 2.4453628767e+04 1.8960204272e+01
1.66300e+03 2.4471304059e+04 1.8936123160e+01
1.66400e+03 2.4489190877e+04 1.2071773123e+02
1.66500e+03 2.4507230053e+04 4.0028980023e+01
1.66600e+03 2.4525115102e+04 3.9987182142e+01
1.66700e+03 2.4544545454e+04 3.5417247458e+01
1.66800e+03 2.4564086326e+04 6.6638700994e+01
1.66900e+03 2.4582390946e+04 1.9912774847e+01
1.67000e+03 2.4600346079e+04 1.9962945757e+01
1.67100e+03 2.4618390158e+04 1.9682441744e+01
1.67200e+03 2.4635917765e+04 1.8946034728e+01
1.67300e+03 2.4653576073e+04 3.9573328468e+01
1.67400e+03 2.4671444648e+04 1.9576201287e+01
1.67500e+03 2.4689466990e+04 1.9534888213e+01
1.67600e+03 2.4706985533e+04 3.9524691334e+01
1.67700e+03 2.4726930884e+04 8.0696094107e+01
1.67800e+03 2.4747475118e+04 6.0074337680e+01
1.67900e+03 2.4766583151e+04 1.0856908262e+00
1.68000e+03 2.4784961418e+04 8.5972434514e-01
1.68100e+03 2.4803407270e+04 2.0468350863e+01
1.68200e+03 2.4821644690e+04 2.0307035303e+01
1.68300e+03 2.4842419174e+04 6.0843396873e+01
1.68400e+03 2.4863794110e+04 1.9153075663e+00
1.68500e+03 2.4883650026e+04 2.1158792669e+01
1.68600e+03 2.4903103349e+04 4.3322340424e+01
1.68700e+03 2.4922644193e+04 2.2553036283e+01
1.68800e+03 2.4941641566e+04 2.5108851589e+01
1.68900e+03 2.4960771373e+04 4.6054427109e+01
1.69000e+03 2.4980091586e+04 2.2397373496e+01
1.69100e+03 2.5001118175e+04 1.3009595385e+02
1.69200e+03 2.5022257133e+04 4.3432138549e+01
1.69300e+03 2.5042012329e+04 2.2589327329e+01
1.69400e+03 2.5061041419e+04 2.1691191185e+01
1.69500e+03 2.5082547147e+04 4.6033343223e+01
1.69600e+03 2.5104666452e+04 2.3547084353e+01
1.69700e+03 2.5125208988e+04 2.2974999513e+00
1.69800e+03 2.5145335929e+04 2.5668667963e+01
1.69900e+03 2.5167136462e+04 6.7686188470e+01
1.70000e+03 2.5189056633e+04 2.7159282460e+01
1.70100e+03 2.5210869541e+04 2.7144497658e+01
1.70200e+03 2.5232785226e+04 2.7112866441e+01
1.70300e+03 2.5253269741e+04 2.4074819185e+01
1.70400e+03 2.5272992169e+04 2.5021173905e+01
1.70500e+03 2.5295240657e+04 7.8484173391e+01
1.70600e+03 2.5317723678e+04 2.9199473369e+02
1.70700e+03 2.5339928644e+04 2.7989565124e+01
1.70800e+03 2.5362744918e+04 9.0058981721e-01
1.70900e+03 2.5383944755e+04 1.5786336266e+00
1.71000e+03 2.5404713709e+04 5.2822580387e+01
1.71100e+03 2.5427226732e+04 5.5818956590e+01
1.71200e+03 2.5449870823e+04 5.5590953773e+01
1.71300e+03 2.5472405808e+04 2.8423926372e+01
1.71400e+03 2.5494803113e+04 2.7875859639e+01
1.71500e+03 2.5516897911e+04 2.8291796651e+01
1.71600e+03 2.5539206199e+04 2.8174487787e+01
1.71700e+03 2.5559050791e+04 9.9286882492e+01
1.71800e+03 2.5578507845e+04 1.3436539562e+02
1.71900e+03 2.5600592494e+04 2.7582184023e+01
1.72000e+03 2.5622935490e+04 2.7589310277e+01
1.72100e+03 2.5645018302e+04 2.7559883640e+01
1.72200e+03 2.5667724150e+04 2.8457259701e+01
1.72300e+03 2.5690233043e+04 5.5127961791e+01
1.72400e+03 2.5712580250e+04 2.7536534061e+01
1.72500e+03 2.5734629024e+04 2.7474959536e+01
1.72600e+03 2.5756892758e+04 2.7364012064e+01
1.72700e+03 2.5776698650e+04 8.2285885302e+01
1.72800e+03 2.5796118321e+04 8.2497026630e+01
1.72900e+03 2.5815710781e+04 8.2201097751e+01
1.73000e+03 2.5835508134e+04 1.3825987193e+02
1.73100e+03 2.5855482430e+04 2.1542001952e+02
1.73200e+03 2.5875295002e+04 4.9435577718e+01
1.73300e+03 2.5896881091e+04 5.3922841919e+01
1.73400e+03 2.5918606126e+04 1.0796094011e+02
1.73500e+03 2.5940240401e+04 2.6330267140e+01
1.73600e+03 2.5961737505e+04 2.1250445430e+01
1.73700e+03 2.5982950830e+04 5.2783281522e+01
1.73800e+03 2.6004769615e+04 2.6397687560e+01
1.73900e+03 2.6025084122e+04 2.3108850302e+01
1.74000e+03 2.6044999309e+04 3.0855112227e+01
1.74100e+03 2.6066580080e+04 2.6317786120e+01
1.74200e+03 2.6088028383e+04 3.0664622321e+01
1.74300e+03 2.6107047499e+04 5.3019551749e+01
1.74400e+03 2.6125708946e+04 7.4225384341e+01
1.74500e+03 2.6144549352e+04 2.0379552680e+01
1.74600e+03 2.6163606652e+04 2.5433581588e+01
1.74700e+03 2.6182840487e+04 5.5151733359e+01
1.74800e+03 2.6201922173e+04 2.1162744359e+01
1.74900e+03 2.6222699948e+04 8.0299594663e-01
1.75000e+03 2.6243343882e+04 4.1807913078e+01
1.75100e+03 2.6263741297e+04 6.6531265459e+01
1.75200e+03 2.6284361635e+04 2.3828854822e+01
1.75300e+03 2.6304765513e+04 2.3811489189e+01
1.75400e+03 2.6325788303e+04 4.6633830221e+01
1.75500e+03 2.6346643915e+04 6.4858748977e+01
1.75600e+03 2.6367329601e+04 2.3853026781e+01
1.75700e+03 2.6387743973e+04 2.3839667640e+01
1.75800e+03 2.6408758153e+04 4.2844729611e+01
1.75900e+03 2.6429608296e+04 2.4602700764e+01
1.76000e+03 2.6450288931e+04 2.3810775931e+01
1.76100e+03 2.6470698434e+04 2.3782096422e+01
1.76200e+03 2.6491707853e+04 2.4573337161e+01
1.76300e+03 2.6511288837e+04 2.1488730620e+01
1.76400e+03 2.6530139577e+04 1.1576273787e+02
1.76500e+03 2.6551445177e+04 2.4368911083e+00
1.76600e+03 2.6573373550e+04 9.1895419298e-01
1.76700e+03 2.6595099663e+04 2.6342768379e+01
1.76800e+03 2.6616652646e+04 2.7065117294e+01
1.76900e+03 2.6635754951e+04 1.1590887406e+02
1.77000e+03 2.6654468977e+04 2.0441980174e+01
1.77100e+03 2.6673346674e+04 2.0196929628e+01
1.77200e+03 2.6692042567e+04 2.0158599494e+01
1.77300e+03 2.6713347431e+04 2.5496522041e+01
1.77400e+03 2.6735277036e+04 2.6317657535e+01
1.77500e+03 2.6755644352e+04 1.3100181842e+02
1.77600e+03 2.6775266203e+04 9.2595816838e-01
1.77700e+03 2.6797431985e+04 2.5730357506e+00
1.77800e+03 2.6820217101e+04 5.9445705776e+01
1.77900e+03 2.6842781224e+04 8.6515610224e+01
1.78000e+03 2.6865173649e+04 3.9160413655e+01
1.78100e+03 2.6887252943e+04 5.9299771883e+01
1.78200e+03 2.6909537845e+04 4.8853464856e+01
1.78300e+03 2.6931574667e+04 2.6785014813e+01
1.78400e+03 2.6954235571e+04 2.7714687730e+01
1.78500e+03 2.6976700253e+04 2.7587532896e+01
1.78600e+03 2.6999001660e+04 2.6774734801e+01
1.78700e+03 2.7021005861e+04 2.6715339375e+01
1.78800e+03 2.7043620339e+04 2.7513519262e+01
1.78900e+03 2.7064657497e+04 1.5948748047e+00
1.79000e+03 2.7084931260e+04 1.0305975313e+02
1.79100e+03 2.7105290020e+04 1.2550123062e+02
1.79200e+03 2.7125822407e+04 2.0918760323e+02
1.79300e+03 2.7148192889e+04 2.7391805669e+01
1.79400e+03 2.7170429785e+04 4.9592000491e+01
1.79500e+03 2.7192396219e+04 4.9504641710e+01
1.79600e+03 2.7214591894e+04 2.6446028502e+01
1.79700e+03 2.7234328921e+04 6.2173377100e-01
1.79800e+03 2.7253689200e+04 4.8541653581e+01
1.79900e+03 2.7273226049e+04 4.8292933976e+01
1.80000e+03 2.7292579433e+04 2.1129385170e+01
1.80100e+03 2.7314621888e+04 2.6495603022e+01
1.80200e+03 2.7336911412e+04 2.6562956989e+01
1.80300e+03 2.7356676356e+04 2.1336350760e+01
1.80400e+03 2.7376065767e+04 2.1351040537e+01
1.80500e+03 2.7395631479e+04 2.1130457920e+01
1.80600e+03 2.7415009512e+04 2.1097949183e+01
1.80700e+03 2.7434591739e+04 2.1093366139e+01
1.80800e+03 2.7454378775e+04 2.6619063755e+01
1.80900e+03 2.7474341906e+04 2.1389057438e+02
1.81000e+03 2.7494139412e+04 1.3251717409e+02
1.81100e+03 2.7514113424e+04 2.1861277745e+01
1.81200e+03 2.7533571927e+04 2.1152742889e+01
1.81300e+03 2.7553188429e+04 2.1884671820e+01
1.81400e+03 2.7572611612e+04 2.1827467469e+01
1.81500e+03 2.7594734940e+04 2.6617266313e+01
1.81600e+03 2.7617481012e+04 1.8184212953e+02
1.81700e+03 2.7638582759e+04 2.2214568343e+01
1.81800e+03 2.7659263743e+04 4.4915248671e+01
1.81900e+03 2.7681690107e+04 1.8171616880e+02
1.82000e+03 2.7703980520e+04 8.0027462680e+01
1.82100e+03 2.7723747473e+04 4.5020783954e+01
1.82200e+03 2.7743523703e+04 4.0912240091e+00
1.82300e+03 2.7763451457e+04 2.6696639274e+01
1.82400e+03 2.7782868132e+04 4.4969255726e+01
1.82500e+03 2.7802448420e+04 2.0954121206e+01
1.82600e+03 2.7822233026e+04 2.1682340677e+01
1.82700e+03 2.7843797344e+04 8.6204631002e-01
1.82800e+03 2.7865222903e+04 6.5044076303e+01
1.82900e+03 2.7886389514e+04 1.4396975185e+02
1.83000e+03 2.7907781351e+04 2.4447204322e+01
1.83100e+03 2.7926784408e+04 4.0297740995e+00
1.83200e+03 2.7945426827e+04 4.4639837362e+01
1.83300e+03 2.7964243117e+04 3.9801426030e+01
1.83400e+03 2.7983274862e+04 7.5286126698e-01
1.83500e+03 2.8002481076e+04 6.0927312210e+01
1.83600e+03 2.8021534673e+04 6.0888237258e+01
1.83700e+03 2.8040763185e+04 2.0109344542e+01
1.83800e+03 2.8059836738e+04 2.0109190943e+01
1.83900e+03 2.8079081964e+04 2.0105796805e+01
1.84000e+03 2.8097820337e+04 1.9402396371e+01
1.84100e+03 2.8119124769e+04 2.4560577188e+01
1.84200e+03 2.8140665615e+04 2.4685026496e+01
1.84300e+03 2.8161941816e+04 2.4632110855e+01
1.84400e+03 2.8183823907e+04 1.4903962593e+02
1.84500e+03 2.8204172969e+04 1.1038351439e+00
1.84600e+03 2.8223769654e+04 3.0695365540e+01
1.84700e+03 2.8243444311e+04 5.0906031444e+01
1.84800e+03 2.8262904181e+04 2.0881256119e+01
1.84900e+03 2.8285042353e+04 3.6502425143e+01
1.85000e+03 2.8307802907e+04 1.9811945364e+00
1.85100e+03 2.8328919701e+04 3.1499642436e+01
1.85200e+03 2.8349268130e+04 1.6336409796e+01
1.85300e+03 2.8372233132e+04 2.8060440562e+00
1.85400e+03 2.8395820137e+04 3.2294593697e+01
1.85500e+03 2.8419171982e+04 1.8491962604e+02
1.85600e+03 2.8442607211e+04 2.8435595650e+01
1.85700e+03 2.8464464409e+04 1.7060477839e+01
1.85800e+03 2.8485865780e+04 8.3571754991e+01
1.85900e+03 2.8507359424e+04 3.6072644664e+01
1.86000e+03 2.8528294125e+04 3.3895108106e+00
1.86100e+03 2.8549378845e+04 7.5026711141e+01
1.86200e+03 2.8570639107e+04 2.4351508167e+01
1.86300e+03 2.8592077050e+04 2.4271456516e+01
1.86400e+03 2.8613326055e+04 2.4235928283e+01
1.86500e+03 2.8636496776e+04 2.8226035607e+01
1.86600e+03 2.8659547766e+04 1.2208737964e+02
1.86700e+03 2.8682313797e+04 8.4146652430e+01
1.86800e+03 2.8705705378e+04 4.8696155429e+01
1.86900e+03 2.8727441772e+04 2.4510143103e+01
1.87000e+03 2.8748748262e+04 2.4543118503e+01
1.87100e+03 2.8770165676e+04 2.4199594906e+01
1.87200e+03 2.8791035870e+04 8.3997998597e+01
1.87300e+03 2.8814683825e+04 2.5853218414e+01
1.87400e+03 2.8838974629e+04 4.9560251038e+01
1.87500e+03 2.8863031777e+04 9.9044576714e+01
1.87600e+03 2.8886935522e+04 5.4042030578e+01
1.87700e+03 2.8910510999e+04 4.9438212245e+01
1.87800e+03 2.8934303097e+04 4.9277126636e+01
1.87900e+03 2.8955493754e+04 7.3163360555e+01
1.88000e+03 2.8976265934e+04 7.5118124947e+01
1.88100e+03 2.8997216223e+04 5.2609137004e+01
1.88200e+03 2.9018356233e+04 5.3751426201e+01
1.88300e+03 2.9041419151e+04 2.7739623456e+01
1.88400e+03 2.9064626272e+04 5.6370712299e+01
1.88500e+03 2.9087728444e+04 2.7619742692e+01
1.88600e+03 2.9110708778e+04 2.2256911321e+01
1.88700e+03 2.9133388479e+04 5.5418565593e+01
1.88800e+03 2.9156291761e+04 3.2217419092e+01
1.88900e+03 2.9178954701e+04 2.6822608187e+01
1.89000e+03 2.9201853732e+04 2.6791534258e+01
1.89100e+03 2.9222240791e+04 2.8494040448e-01
1.89200e+03 2.9242626277e+04 5.4549482471e+01
1.89300e+03 2.9264799342e+04 5.2675003445e+01
1.89400e+03 2.9286855680e+04 8.4269193196e-01
1.89500e+03 2.9308661967e+04 2.5066239557e+01
1.89600e+03 2.9331103039e+04 7.9448401716e+01
1.89700e+03 2.9351985048e+04 1.0765720329e+02
1.89800e+03 2.9372121969e+04 1.0656484711e+02
1.89900e+03 2.9394864077e+04 2.7542513163e+01
1.90000e+03 2.9417858029e+04 5.3493757053e+01
1.90100e+03 2.9440581745e+04 2.6815179808e+01
1.90200e+03 2.9463530088e+04 2.6742755112e+01
1.90300e+03 2.9483944440e+04 1.0563740491e+02
1.90400e+03 2.9504353462e+04 5.2645864529e+01
1.90500e+03 2.9526550039e+04 7.9337938752e+01
1.90600e+03 2.9548626051e+04 8.7233035202e-01
1.90700e+03 2.9568221559e+04 6.5919585003e-01
1.90800e+03 2.9587844424e+04 7.8472443597e+01
1.90900e+03 2.9609196381e+04 1.7160773130e+00
1.91000e+03 2.9630430966e+04 8.4142709019e-01
1.91100e+03 2.9649268025e+04 7.7635522417e+01
1.91200e+03 2.9668152773e+04 2.4524782366e+00
1.91300e+03 2.9688694834e+04 1.6504830318e+00
1.91400e+03 2.9709387384e+04 7.4146885202e+01
1.91500e+03 2.9730016770e+04 2.2322524297e+01
1.91600e+03 2.9750769035e+04 2.2359916666e+01
1.91700e+03 2.9770204861e+04 1.2709098058e+02
1.91800e+03 2.9789262361e+04 2.0824120765e+01
1.91900e+03 2.9809894545e+04 2.2340354792e+01
1.92000e+03 2.9830661133e+04 2.2332337342e+01
1.92100e+03 2.9850098796e+04 2.0805134201e+01
1.92200e+03 2.9868828535e+04 9.8494234638e+01
1.92300e+03 2.9887642775e+04 1.8500909709e+01
1.92400e+03 2.9906262056e+04 1.8371949793e+01
1.92500e+03 2.9927475424e+04 9.0376380658e+01
1.92600e+03 2.9948924728e+04 9.0500723179e+01
1.92700e+03 2.9970112190e+04 2.3501556545e+01
1.92800e+03 2.9991907345e+04 1.0285661471e+00
1.92900e+03 3.0012179152e+04 1.9358180258e+01
1.93000e+03 3.0031702987e+04 5.0588123936e+01
1.93100e+03 3.0051306449e+04 6.9680336690e+01
1.93200e+03 3.0071088773e+04 3.9496955995e+01
1.93300e+03 3.0091034148e+04 5.0211103395e+01
1.93400e+03 3.0110458688e+04 1.9827792065e+01
1.93500e+03 3.0130039313e+04 1.9785126810e+01
1.93600e+03 3.0149425392e+04 1.9726880376e+01
1.93700e+03 3.0169011470e+04 1.9712606127e+01
1.93800e+03 3.0188797152e+04 5.0164250919e+01
1.93900e+03 3.0208754680e+04 3.9527270753e+01
1.94000e+03 3.0228542653e+04 3.9490034181e+01
1.94100e+03 3.0248503679e+04 2.0448898532e+01
1.94200e+03 3.0268295864e+04 2.0432661727e+01
1.94300e+03 3.0289849113e+04 4.6758532256e+01
1.94400e+03 3.0311268699e+04 8.2833659940e+01
1.94500e+03 3.0332424819e+04 8.2719483721e+01
1.94600e+03 3.0353802821e+04 2.3209857408e+01
1.94700e+03 3.0374951907e+04 2.3179613699e+01
1.94800e+03 3.0396325311e+04 2.3151836634e+01
1.94900e+03 3.0417468879e+04 2.3123166219e+01
1.95000e+03 3.0439235549e+04 1.2650271876e+02
1.95100e+03 3.0459491504e+04 2.0707157390e+01
1.95200e+03 3.0479347852e+04 2.0750613556e+01
1.95300e+03 3.0499306592e+04 2.0432648875e+01
1.95400e+03 3.0518733982e+04 8.9242124133e+01
1.95500e+03 3.0540779697e+04 9.0214702603e-01
1.95600e+03 3.0563454155e+04 4.2006454265e+01
1.95700e+03 3.0585916073e+04 1.4674940825e+02
1.95800e+03 3.0608465361e+04 2.5559392601e+01
1.95900e+03 3.0630886305e+04 2.5492859631e+01
1.96000e+03 3.0653405009e+04 2.5436782604e+01
1.96100e+03 3.0674441756e+04 2.8643396753e+01
1.96200e+03 3.0694702987e+04 1.7350863327e+00
1.96300e+03 3.0717546803e+04 6.8517860462e+01
1.96400e+03 3.0741020853e+04 9.5534654588e-01
1.96500e+03 3.0764269697e+04 2.7193636688e+01
1.96600e+03 3.0787608208e+04 2.7030904521e+01
1.96700e+03 3.0809382404e+04 2.4707992490e+00
1.96800e+03 3.0830706681e+04 1.0019851859e+02
1.96900e+03 3.0853821185e+04 2.6869533113e+01
1.97000e+03 3.0877074377e+04 2.6757343762e+01
1.97100e+03 3.0900215427e+04 2.6757132702e+01
1.97200e+03 3.0923227898e+04 9.4089697148e+01
1.97300e+03 3.0943664364e+04 1.6253620049e+02
1.97400e+03 3.0963688233e+04 9.1727137447e+01
1.97500e+03 3.0986400211e+04 5.4557013646e+01
1.97600e+03 3.1009768904e+04 2.6845876580e+01
1.97700e+03 3.1032926781e+04 2.6835858210e+01
1.97800e+03 3.1055932519e+04 5.4495723213e+01
1.97900e+03 3.1078630710e+04 2.6805243933e+01
1.98000e+03 3.1101547158e+04 2.6689149322e+01
1.98100e+03 3.1121946579e+04 2.0798785569e+01
1.98200e+03 3.1141949087e+04 5.7744377028e+01
1.98300e+03 3.1162129008e+04 5.7467132851e+01
1.98400e+03 3.1182117155e+04 2.0407554046e+01
1.98500e+03 3.1204863166e+04 2.5919473335e+01
1.98600e+03 3.1228251459e+04 2.6828623274e+01
1.98700e+03 3.1249944686e+04 1.6962822076e+02
1.98800e+03 3.1271210891e+04 1.2216522913e+02
1.98900e+03 3.1292588587e+04 2.2817922462e+01
1.99000e+03 3.1313417033e+04 6.3119375970e+00
1.99100e+03 3.1337019251e+04 1.7863480240e+00
1.99200e+03 3.1360870839e+04 2.8613256016e+01
1.99300e+03 3.1384433197e+04 2.7614641366e+01
1.99400e+03 3.1408218312e+04 2.7520553298e+01
1.99500e+03 3.1429385443e+04 4.4507810578e+01
1.99600e+03 3.1450527990e+04 2.2671445540e+01
1.99700e+03 3.1473531055e+04 8.1794516673e+01
1.99800e+03 3.1496417866e+04 8.7217706591e+00
1.99900e+03 3.1516745586e+04 2.1809362494e+01
2.00000e+03 3.1536695248e+04 5.9900433687e+01
