0.00000e+00 0.0000000000e+00 0.0000000000e+00
1.00000e+00 1.5883509346e+01 1.5883509346e+01
2.00000e+00 3.1872382937e+01 3.1856499427e+01
3.00000e+00 4.6719426674e+01 1.4847043737e+01
4.00000e+00 6.4480895366e+01 1.7761468692e+01
5.00000e+00 8.3529891523e+01 5.0873639085e+01
6.00000e+00 1.0185549302e+02 2.3367279080e+00
7.00000e+00 1.1886415769e+02 1.9905328151e+01
8.00000e+00 1.3588930408e+02 5.1742765907e+01
9.00000e+00 1.5282906180e+02 3.3878408971e+01
1.00000e+01 1.6982408014e+02 3.3814402513e+01
1.10000e+01 1.8769963722e+02 3.6151081848e+01
1.20000e+01 2.0634619748e+02 6.9469325704e+01
1.30000e+01 2.2383201279e+02 1.0295742656e+02
1.40000e+01 2.3836860084e+02 2.4584302896e+00
1.50000e+01 2.5392135476e+02 3.2918019113e+01
1.60000e+01 2.7006172779e+02 4.9525516455e+01
1.70000e+01 2.8634251522e+02 8.4282995660e+01
1.80000e+01 3.0229184267e+02 6.6623757805e+01
1.90000e+01 3.1700825114e+02 2.9101267002e+01
2.00000e+01 3.3462056267e+02 1.3487232095e+02
2.10000e+01 3.5225811075e+02 6.7161277374e+01
2.20000e+01 3.6687085668e+02 2.9148323617e+01
2.30000e+01 3.8247364919e+02 4.9526029518e+01
2.40000e+01 3.9865165005e+02 6.7131743935e+01
2.50000e+01 4.1495807850e+02 6.7090253211e+01
2.60000e+01 4.3092319676e+02 4.9492294298e+01
2.70000e+01 4.4565041175e+02 6.9476322985e+01
2.80000e+01 4.6327017616e+02 6.7030615836e+01
2.90000e+01 4.8219281265e+02 2.6162080435e+00
3.00000e+01 5.0041390479e+02 3.4952975178e+01
3.10000e+01 5.1733215723e+02 6.9154622658e+01
3.20000e+01 5.3735593410e+02 5.0176043025e+00
3.30000e+01 5.5866961209e+02 2.3910414987e+00
3.40000e+01 5.7902899073e+02 7.1223754536e+01
3.50000e+01 5.9805308821e+02 7.1184317429e+00
3.60000e+01 6.2040871378e+02 4.7204991472e+00
3.70000e+01 6.4405535252e+02 7.2622024392e+01
3.80000e+01 6.6752290723e+02 1.1693725434e+02
3.90000e+01 6.8970874417e+02 8.1240239426e+01
4.00000e+01 7.1166221040e+02 7.2147243031e+01
4.10000e+01 7.3505698955e+02 4.6279393850e+01
4.20000e+01 7.5834110568e+02 4.6049675878e+01
4.30000e+01 7.8038203578e+02 7.1930188957e+01
4.40000e+01 7.9901609822e+02 1.4962494451e+02
4.50000e+01 8.1766101005e+02 7.6411688793e+01
4.60000e+01 8.3971975777e+02 4.6338395948e+01
4.70000e+01 8.6183881431e+02 4.6370183982e+01
4.80000e+01 8.8049577781e+02 7.6358178171e+01
4.90000e+01 9.0011099453e+02 2.3390097969e+02
5.00000e+01 9.2076157785e+02 4.0826723988e+01
5.10000e+01 9.4029820590e+02 2.5824284861e+00
5.20000e+01 9.5969237031e+02 3.8215827423e+01
5.30000e+01 9.8056025963e+02 8.4262633644e+01
5.40000e+01 1.0005914701e+03 1.3155644126e+02
5.50000e+01 1.0193474339e+03 8.4580721100e+01
5.60000e+01 1.0414485892e+03 4.6004951124e+01
5.70000e+01 1.0635886427e+03 8.6739983224e+01
5.80000e+01 1.0822534597e+03 8.4503993885e+01
5.90000e+01 1.1018698071e+03 4.0787027900e+01
6.00000e+01 1.1225162967e+03 8.4069303534e+01
6.10000e+01 1.1420449065e+03 2.6114437353e+00
6.20000e+01 1.1614289555e+03 3.8029344391e+01
6.30000e+01 1.1810007237e+03 3.8034473526e+01
6.40000e+01 1.1974228223e+03 2.4454009981e+00
6.50000e+01 1.2148536392e+03 8.1799703799e+01
6.60000e+01 1.2330980728e+03 3.2985550697e+01
6.70000e+01 1.2515004275e+03 1.1447226475e+02
6.80000e+01 1.2693634318e+03 1.2029593878e+02
6.90000e+01 1.2859828080e+03 8.1813673668e+01
7.00000e+01 1.3057200228e+03 7.3964507569e+01
7.10000e+01 1.3267786164e+03 3.9981902592e+00
7.20000e+01 1.3477126107e+03 4.2298655570e+01
7.30000e+01 1.3673803734e+03 7.3986537472e+01
7.40000e+01 1.3838721881e+03 8.1787620280e+01
7.50000e+01 1.4013505831e+03 7.5256500162e+01
7.60000e+01 1.4196333268e+03 3.1652205382e+01
7.70000e+01 1.4368019628e+03 2.4991266170e+00
7.80000e+01 1.4538546817e+03 3.3116524867e+01
7.90000e+01 1.4723767030e+03 6.9998386415e+01
8.00000e+01 1.4902985512e+03 7.5240087556e+01
8.10000e+01 1.5079203236e+03 3.4393819305e+01
8.20000e+01 1.5256835605e+03 3.4200814177e+01
8.30000e+01 1.5432836579e+03 3.4144938343e+01
8.40000e+01 1.5616467515e+03 3.5705281848e+01
8.50000e+01 1.5801450906e+03 3.6772819900e+01
8.60000e+01 1.5980820357e+03 3.4284501637e+01
8.70000e+01 1.6147611618e+03 1.0703370123e+02
8.80000e+01 1.6345535140e+03 7.7597239800e+01
8.90000e+01 1.6543775785e+03 1.1325847931e+02
9.00000e+01 1.6709593602e+03 1.4374142955e+02
9.10000e+01 1.6875582920e+03 7.7439448291e+01
9.20000e+01 1.7042643542e+03 3.6087330719e+01
9.30000e+01 1.7209303204e+03 3.2014471790e+01
9.40000e+01 1.7376794858e+03 3.2025560570e+01
9.50000e+01 1.7553329581e+03 3.4303592061e+01
9.60000e+01 1.7731470901e+03 6.7822694437e+01
9.70000e+01 1.7898356746e+03 3.2016153230e+01
9.80000e+01 1.8096651523e+03 3.8324739874e+01
9.90000e+01 1.8308042338e+03 1.0464583125e+02
1.00000e+02 1.8510195518e+03 3.4385323115e+01
1.01000e+02 1.8699115805e+03 2.2034441961e+00
1.02000e+02 1.8888399803e+03 3.6364612173e+01
1.03000e+02 1.9086344251e+03 1.0424678202e+02
1.04000e+02 1.9294211271e+03 1.4370084095e+02
1.05000e+02 1.9503237856e+03 4.0188702821e+01
1.06000e+02 1.9704107457e+03 3.8353821029e+01
1.07000e+02 1.9901596117e+03 3.8269888447e+01
1.08000e+02 2.0100539639e+03 3.8039010713e+01
1.09000e+02 2.0288084011e+03 3.6190656172e+01
1.10000e+02 2.0476441937e+03 7.4419949642e+01
1.11000e+02 2.0673680195e+03 3.7975931445e+01
1.12000e+02 2.0880920841e+03 4.0085876766e+01
1.13000e+02 2.1089422828e+03 7.0189791080e+01
1.14000e+02 2.1297559251e+03 7.0209178952e+01
1.15000e+02 2.1506035877e+03 3.9939973597e+01
1.16000e+02 2.1706371177e+03 3.8077133335e+01
1.17000e+02 2.1893845832e+03 7.4338557970e+01
1.18000e+02 2.2114717305e+03 2.1867938962e+02
1.19000e+02 2.2348789098e+03 2.5595167575e+00
1.20000e+02 2.2571355191e+03 2.2230792861e+00
1.21000e+02 2.2780525881e+03 8.4301979259e+01
1.22000e+02 2.2990201989e+03 1.2225562355e+02
1.23000e+02 2.3208387203e+03 4.2354608050e+01
1.24000e+02 2.3428316786e+03 8.1922198810e+01
1.25000e+02 2.3636591435e+03 3.9911388088e+01
1.26000e+02 2.3845735904e+03 3.9818312752e+01
1.27000e+02 2.4063539418e+03 8.1802106602e+01
1.28000e+02 2.4293590896e+03 4.4648496322e+01
1.29000e+02 2.4512308060e+03 3.3857426401e+02
1.30000e+02 2.4697210179e+03 4.4900358626e-01
1.31000e+02 2.4882411402e+03 3.7022597226e+01
1.32000e+02 2.5101761162e+03 1.2166179842e+02
1.33000e+02 2.5334588895e+03 8.2033273308e+01
1.34000e+02 2.5566090935e+03 1.1940206859e+02
1.35000e+02 2.5797745214e+03 8.1611489578e+01
1.36000e+02 2.6028564437e+03 4.4155824105e+01
1.37000e+02 2.6247044725e+03 4.1736962347e+01
1.38000e+02 2.6463616403e+03 4.3946297413e+01
1.39000e+02 2.6682015177e+03 4.3894199725e+01
1.40000e+02 2.6866626150e+03 3.4981228695e+01
1.41000e+02 2.7061076053e+03 1.2350514218e+02
1.42000e+02 2.7265908036e+03 3.8722701058e+01
1.43000e+02 2.7472379889e+03 8.0277404093e+01
1.44000e+02 2.7671221341e+03 1.6311953207e+02
1.45000e+02 2.7866973327e+03 3.8814186595e+01
1.46000e+02 2.8072450116e+03 3.8940182266e+01
1.47000e+02 2.8266755776e+03 2.4093114623e+00
1.48000e+02 2.8429898069e+03 1.2499979821e+02
1.49000e+02 2.8603228158e+03 3.6659052419e+01
1.50000e+02 2.8784666720e+03 2.4038227648e+00
1.51000e+02 2.8955115155e+03 7.1323767729e+01
1.52000e+02 2.9096936752e+03 3.4490323754e+01
1.53000e+02 2.9239725302e+03 1.9003561200e+02
1.54000e+02 2.9412099924e+03 1.0574726141e+02
1.55000e+02 2.9597926522e+03 3.4435297636e+01
1.56000e+02 2.9782956501e+03 3.4760004067e+01
1.57000e+02 2.9955420789e+03 3.4657418634e+01
1.58000e+02 3.0126299384e+03 3.4473158591e+01
1.59000e+02 3.0298820666e+03 3.1920575500e+01
1.60000e+02 3.0442105164e+03 2.6222806885e+01
1.61000e+02 3.0595616758e+03 3.0341975576e+01
1.62000e+02 3.0754894012e+03 5.9505121592e+01
1.63000e+02 3.0902990260e+03 2.4425034259e+00
1.64000e+02 3.1024655985e+03 2.0732395254e+00
1.65000e+02 3.1156974412e+03 5.7326299763e+01
1.66000e+02 3.1291325365e+03 1.5652932299e+02
1.67000e+02 3.1424763913e+03 2.4246053044e+01
1.68000e+02 3.1561346417e+03 4.7095359555e+00
1.69000e+02 3.1699305765e+03 1.1351817637e+02
1.70000e+02 3.1836499155e+03 2.4506050678e+01
1.71000e+02 3.1961645773e+03 3.0150682798e+01
1.72000e+02 3.2113335358e+03 8.1294017961e+01
1.73000e+02 3.2278045508e+03 2.7156624850e+01
1.74000e+02 3.2438280188e+03 2.3041290358e+00
1.75000e+02 3.2585782748e+03 8.3448318081e+01
1.76000e+02 3.2761969858e+03 2.9579220745e+01
1.77000e+02 3.2951010965e+03 4.7349206240e+00
1.78000e+02 3.3132953595e+03 2.9930299517e+01
1.79000e+02 3.3301791910e+03 3.1683217017e+01
1.80000e+02 3.3501580011e+03 7.0902848411e+00
1.81000e+02 3.3714219804e+03 3.2260237845e+01
1.82000e+02 3.3925302759e+03 1.2530200169e+02
1.83000e+02 3.4136168703e+03 3.9476708590e+01
1.84000e+02 3.4338310741e+03 3.3671474668e+01
1.85000e+02 3.4527295597e+03 9.0978486474e+00
1.86000e+02 3.4716697350e+03 1.5676417252e+02
1.87000e+02 3.4905209263e+03 3.5067428446e+01
1.88000e+02 3.5094476467e+03 3.5018906111e+01
1.89000e+02 3.5292446183e+03 1.0279094919e+02
1.90000e+02 3.5500373356e+03 3.9121653644e+01
1.91000e+02 3.5696827855e+03 1.9277999501e+02
1.92000e+02 3.5861670928e+03 2.4424131339e+00
1.93000e+02 3.6036529361e+03 3.6771403634e+01
1.94000e+02 3.6219498559e+03 3.2802229151e+01
1.95000e+02 3.6404000954e+03 6.9215604019e+01
1.96000e+02 3.6583032921e+03 7.7700744931e+01
1.97000e+02 3.6759106993e+03 3.2890990909e+01
1.98000e+02 3.6942629459e+03 3.3903688560e+01
1.99000e+02 3.7114860600e+03 4.8623064949e+00
2.00000e+02 3.7285822879e+03 1.3792901561e+02
2.01000e+02 3.7471411765e+03 3.3978434052e+01
2.02000e+02 3.7650924041e+03 3.2906130903e+01
2.03000e+02 3.7827395321e+03 3.3909505589e+01
2.04000e+02 3.8011277332e+03 3.3980410087e+01
2.05000e+02 3.8183796340e+03 7.0161234060e+01
2.06000e+02 3.8327260955e+03 1.0048649051e+02
2.07000e+02 3.8481019931e+03 3.1675199248e+01
2.08000e+02 3.8640611424e+03 2.4290517199e+00
2.09000e+02 3.8801709165e+03 2.9070692503e+01
2.10000e+02 3.8959731060e+03 6.3370081882e+01
2.11000e+02 3.9105528185e+03 1.2865844174e+02
2.12000e+02 3.9251818822e+03 3.1926126235e+01
2.13000e+02 3.9407366290e+03 2.8297366066e+01
2.14000e+02 3.9564476444e+03 2.8177894749e+01
2.15000e+02 3.9710566043e+03 3.1923447419e+01
2.16000e+02 3.9885781059e+03 6.3411351242e+01
2.17000e+02 4.0074054691e+03 6.1412445443e+01
2.18000e+02 4.0255433217e+03 2.4268371852e+00
2.19000e+02 4.0423812863e+03 3.4291878630e+00
2.20000e+02 4.0623185571e+03 6.3766802135e+01
2.21000e+02 4.0835473121e+03 4.8258022338e+00
2.22000e+02 4.1038319999e+03 3.4569721339e+00
2.23000e+02 4.1227850978e+03 6.5818168630e+01
2.24000e+02 4.1450644411e+03 7.1630489296e+00
2.25000e+02 4.1673545677e+03 1.3924508698e+02
2.26000e+02 4.1861351873e+03 9.9483111950e+01
2.27000e+02 4.2058497277e+03 3.8187435996e+01
2.28000e+02 4.2257585562e+03 6.5376491128e+01
2.29000e+02 4.2445362867e+03 3.4305043049e+01
2.30000e+02 4.2666907721e+03 4.1208163951e+01
2.31000e+02 4.2901636424e+03 7.1008745049e+01
2.32000e+02 4.3124763194e+03 3.6674586505e+01
2.33000e+02 4.3343972029e+03 1.0415536974e+02
2.34000e+02 4.3564551685e+03 4.0612526042e+01
2.35000e+02 4.3773394586e+03 1.5948990938e+01
2.36000e+02 4.3983060022e+03 7.7323899508e+01
2.37000e+02 4.4201342100e+03 4.0479237781e+01
2.38000e+02 4.4431887380e+03 1.7324674619e+02
2.39000e+02 4.4663705106e+03 7.6918727781e+01
2.40000e+02 4.4894918903e+03 7.6908660728e+01
2.41000e+02 4.5113860360e+03 1.0417511909e+02
2.42000e+02 4.5298968982e+03 3.7983077230e+01
2.43000e+02 4.5493859563e+03 4.0472379793e+01
2.44000e+02 4.5691017070e+03 7.8528451065e+01
2.45000e+02 4.5886701276e+03 3.5717755687e+01
2.46000e+02 4.6084328789e+03 3.5729038587e+01
2.47000e+02 4.6270790985e+03 9.9111167865e+01
2.48000e+02 4.6458216792e+03 7.6345663803e+01
2.49000e+02 4.6654657925e+03 3.5769002170e+01
2.50000e+02 4.6861128611e+03 2.4743110645e+00
2.51000e+02 4.7056294348e+03 1.1183684028e+02
2.52000e+02 4.7249941963e+03 2.1300622350e+02
2.53000e+02 4.7458285946e+03 1.1179585793e+02
2.54000e+02 4.7658281381e+03 3.5970025309e+01
2.55000e+02 4.7855031451e+03 3.5964949017e+01
2.56000e+02 4.8061472247e+03 1.1168107305e+02
2.57000e+02 4.8269278039e+03 3.7712033385e+01
2.58000e+02 4.8476803101e+03 3.7782747939e+01
2.59000e+02 4.8684731013e+03 3.7757177276e+01
2.60000e+02 4.8884609920e+03 3.5917331312e+01
2.61000e+02 4.9071672211e+03 1.1150398834e+02
2.62000e+02 4.9259378798e+03 7.1690295232e+01
2.63000e+02 4.9455984968e+03 3.9562372441e+01
2.64000e+02 4.9654371877e+03 3.9373610259e+01
2.65000e+02 4.9850952985e+03 3.5636381933e+01
2.66000e+02 5.0049281010e+03 3.5594857151e+01
2.67000e+02 5.0236297499e+03 3.6439364045e+01
2.68000e+02 5.0457038307e+03 8.0437698952e+01
2.69000e+02 5.0691000064e+03 7.3801534925e+01
2.70000e+02 5.0913480139e+03 2.4152050399e+00
2.71000e+02 5.1122559627e+03 4.6119616845e+01
2.72000e+02 5.1367215687e+03 7.6119258646e+01
2.73000e+02 5.1624958016e+03 4.7908468931e+00
2.74000e+02 5.1868689625e+03 6.7334440674e+00
2.75000e+02 5.2098713520e+03 7.8137580151e+01
2.76000e+02 5.2366580574e+03 7.1071553579e+00
2.77000e+02 5.2647555586e+03 9.0499790220e+00
2.78000e+02 5.2912139689e+03 8.0144691943e+01
2.79000e+02 5.3162775206e+03 9.1612103563e+00
2.80000e+02 5.3414080407e+03 1.7330319943e+02
2.81000e+02 5.3673529978e+03 1.3105015629e+02
2.82000e+02 5.3949766111e+03 1.3214524577e+02
2.83000e+02 5.4214740160e+03 2.5172933238e+02
2.84000e+02 5.4441186543e+03 3.6613441880e+01
2.85000e+02 5.4677018660e+03 2.3617453599e+00
2.86000e+02 5.4915326266e+03 4.3264339615e+01
2.87000e+02 5.5142277292e+03 8.0281771016e+01
2.88000e+02 5.5370503779e+03 4.1280175919e+01
2.89000e+02 5.5597892583e+03 4.1282673534e+01
2.90000e+02 5.5826511846e+03 4.1280668494e+01
2.91000e+02 5.6063745435e+03 4.3361222449e+01
2.92000e+02 5.6302984695e+03 8.4796105333e+01
2.93000e+02 5.6530534988e+03 4.1255536686e+01
2.94000e+02 5.6759179399e+03 4.1216795944e+01
2.95000e+02 5.6996447755e+03 8.4714785929e+01
2.96000e+02 5.7235715481e+03 4.3247839058e+01
2.97000e+02 5.7463282474e+03 4.1177249178e+01
2.98000e+02 5.7691936463e+03 4.1137029708e+01
2.99000e+02 5.7929205462e+03 4.3204655586e+01
3.00000e+02 5.8168466360e+03 4.3160768052e+01
3.01000e+02 5.8396019240e+03 4.1094481397e+01
3.02000e+02 5.8661833822e+03 9.5030186820e+01
3.03000e+02 5.8940991417e+03 2.9413738858e+02
3.04000e+02 5.9218223056e+03 2.9394280170e+02
3.05000e+02 5.9495621930e+03 5.0829306132e+01
3.06000e+02 5.9757780757e+03 3.9287089533e+01
3.07000e+02 6.0015853803e+03 9.6203190189e+01
3.08000e+02 6.0275719482e+03 5.8880375646e+01
3.09000e+02 6.0533267920e+03 4.7011658638e+01
3.10000e+02 6.0807550608e+03 5.0483581792e+01
3.11000e+02 6.1070827711e+03 2.0115688926e+02
3.12000e+02 6.1332021892e+03 2.5796518295e+02
3.13000e+02 6.1595309946e+03 1.0524349399e+02
3.14000e+02 6.1856480678e+03 4.7664414976e+01
3.15000e+02 6.2119715935e+03 4.7611470910e+01
3.16000e+02 6.2344698946e+03 1.4676062643e+02
3.17000e+02 6.2579185730e+03 1.0628133623e+00
3.18000e+02 6.2828599203e+03 9.2743697717e+01
3.19000e+02 6.3079841472e+03 1.4046839176e+02
3.20000e+02 6.3318994147e+03 4.5955097011e+01
3.21000e+02 6.3554691393e+03 9.2772000306e+01
3.22000e+02 6.3804644844e+03 4.5151301843e+01
3.23000e+02 6.4043643756e+03 2.4236344406e+00
3.24000e+02 6.4247025655e+03 9.1580867643e+01
3.25000e+02 6.4460232367e+03 4.2857097120e+01
3.26000e+02 6.4686077390e+03 2.4108427758e+00
3.27000e+02 6.4901148869e+03 8.2851259717e+01
3.28000e+02 6.5114874470e+03 1.2316654394e+02
3.29000e+02 6.5343607886e+03 4.0446833239e+01
3.30000e+02 6.5562100820e+03 1.3342749434e+02
3.31000e+02 6.5777331536e+03 3.8279525795e+01
3.32000e+02 6.6004488841e+03 4.0537614613e+01
3.33000e+02 6.6233196647e+03 4.0494516033e+01
3.34000e+02 6.6451980197e+03 3.8270307840e+01
3.35000e+02 6.6667417879e+03 3.8252734137e+01
3.36000e+02 6.6884600088e+03 3.8054347324e+01
3.37000e+02 6.7090406418e+03 2.7372787188e+02
3.38000e+02 6.7297273740e+03 1.1961851005e+02
3.39000e+02 6.7513002139e+03 3.8045364596e+01
3.40000e+02 6.7740931074e+03 4.0531184576e+01
3.41000e+02 6.7970284703e+03 7.6301393217e+01
3.42000e+02 6.8189577414e+03 3.8218369347e+01
3.43000e+02 6.8405453265e+03 3.8194896309e+01
3.44000e+02 6.8633206834e+03 7.6207555214e+01
3.45000e+02 6.8862452782e+03 4.0374422007e+01
3.46000e+02 6.9081687088e+03 3.8150860960e+01
3.47000e+02 6.9288002749e+03 8.1750450352e+01
3.48000e+02 6.9529944415e+03 1.6499126027e+02
3.49000e+02 6.9785233648e+03 3.8511999453e+01
3.50000e+02 7.0026933570e+03 2.2465616155e+00
3.51000e+02 7.0255103083e+03 8.5312136899e+01
3.52000e+02 7.0483965038e+03 1.2346384812e+02
3.53000e+02 7.0721263792e+03 4.2499315392e+01
3.54000e+02 7.0972984505e+03 8.1204249392e+01
3.55000e+02 7.1213456400e+03 2.4537931742e+02
3.56000e+02 7.1417944582e+03 2.4373773244e+00
3.57000e+02 7.1632101361e+03 4.0656861654e+01
3.58000e+02 7.1858852273e+03 4.1993816833e+01
3.59000e+02 7.2074719672e+03 4.8953895609e+00
3.60000e+02 7.2257359442e+03 3.5787815490e+01
3.61000e+02 7.2450100314e+03 3.9810232314e+01
3.62000e+02 7.2653226698e+03 7.2529470280e+00
3.63000e+02 7.2845497977e+03 3.3392415629e+01
3.64000e+02 7.3006992387e+03 3.7655886086e+01
3.65000e+02 7.3178852727e+03 9.3337471826e+00
3.66000e+02 7.3353068854e+03 1.0677064994e+02
3.67000e+02 7.3516619851e+03 1.0468709889e+02
3.68000e+02 7.3711639893e+03 1.0674065099e+02
3.69000e+02 7.3920067216e+03 1.0422200330e+02
3.70000e+02 7.4119763433e+03 3.8711755482e+01
3.71000e+02 7.4315995760e+03 7.0096933579e+01
3.72000e+02 7.4521714372e+03 6.4776701432e+01
3.73000e+02 7.4716084408e+03 3.7828105948e+01
3.74000e+02 7.4879174665e+03 6.0862007951e+01
3.75000e+02 7.5042832305e+03 6.0811810164e+01
3.76000e+02 7.5238255169e+03 3.7830560032e+01
3.77000e+02 7.5434295082e+03 6.0968133711e+01
3.78000e+02 7.5628211220e+03 6.0756492937e+01
3.79000e+02 7.5823688045e+03 3.3115970972e+01
3.80000e+02 7.5987507020e+03 2.6960779963e+01
3.81000e+02 7.6161310365e+03 2.2428982475e+00
3.82000e+02 7.6343110533e+03 9.8229998515e+01
3.83000e+02 7.6513793310e+03 2.4794047453e+00
3.84000e+02 7.6683347278e+03 2.8169712761e+01
3.85000e+02 7.6867613279e+03 1.3144086988e+02
3.86000e+02 7.7051548406e+03 3.0901081977e+01
3.87000e+02 7.7235815335e+03 3.0870273670e+01
3.88000e+02 7.7419828042e+03 3.0847161497e+01
3.89000e+02 7.7604141473e+03 3.0820964536e+01
3.90000e+02 7.7788202108e+03 3.0794936296e+01
3.91000e+02 7.7959904985e+03 2.8243553056e+01
3.92000e+02 7.8102617337e+03 2.1106623936e+00
3.93000e+02 7.8255562181e+03 1.8554874489e+02
3.94000e+02 7.8410558426e+03 2.1251563375e+02
3.95000e+02 7.8554900181e+03 5.9382234550e+01
3.96000e+02 7.8728406129e+03 9.5189256232e+01
3.97000e+02 7.8915141877e+03 5.5674896296e+01
3.98000e+02 7.9095257124e+03 2.5119002954e+00
3.99000e+02 7.9272039915e+03 2.9561706144e+01
4.00000e+02 7.9456056476e+03 5.5614814042e+01
4.01000e+02 7.9641236289e+03 3.0735082579e+01
4.02000e+02 7.9820694584e+03 2.9466449111e+01
4.03000e+02 7.9987508419e+03 9.7341274968e+01
4.04000e+02 8.0154806658e+03 1.8822536579e+02
4.05000e+02 8.0331106191e+03 2.9388656968e+01
4.06000e+02 8.0515059264e+03 3.0697998627e+01
4.07000e+02 8.0700219126e+03 3.0665305499e+01
4.08000e+02 8.0879686566e+03 2.9360182922e+01
4.09000e+02 8.1046530997e+03 5.6457577503e+01
4.10000e+02 8.1244474103e+03 1.1940192494e+02
4.11000e+02 8.1455521985e+03 2.5888020572e+00
4.12000e+02 8.1657381687e+03 2.2392261340e+00
4.13000e+02 8.1855582545e+03 3.3757942161e+01
4.14000e+02 8.2063318636e+03 3.5599155277e+01
4.15000e+02 8.2259566275e+03 2.1683106616e+02
4.16000e+02 8.2454141483e+03 3.2740487372e+01
4.17000e+02 8.2650445494e+03 3.2713384040e+01
4.18000e+02 8.2845023545e+03 3.2680954958e+01
4.19000e+02 8.3054154079e+03 3.5371821277e+01
4.20000e+02 8.3262538285e+03 6.3236546057e+01
4.21000e+02 8.3458518690e+03 3.2615913448e+01
4.22000e+02 8.3652753918e+03 3.2549015271e+01
4.23000e+02 8.3848717255e+03 3.2514759375e+01
4.24000e+02 8.4013109255e+03 6.2792828719e+01
4.25000e+02 8.4177981195e+03 1.6050324314e+02
4.26000e+02 8.4344115358e+03 1.2463463242e+02
4.27000e+02 8.4519561573e+03 9.4505197279e+01
4.28000e+02 8.4702815653e+03 6.2552529591e+01
4.29000e+02 8.4887412640e+03 1.2320993185e+02
4.30000e+02 8.5066450112e+03 1.5590237738e+02
4.31000e+02 8.5232952509e+03 2.6702587235e+01
4.32000e+02 8.5430587645e+03 6.3008130029e+01
4.33000e+02 8.5641379238e+03 2.6194605243e+00
4.34000e+02 8.5843041025e+03 2.8938316216e+01
4.35000e+02 8.6031539834e+03 3.8605221601e+01
4.36000e+02 8.6253319521e+03 5.0312961666e+00
4.37000e+02 8.6475297786e+03 7.0572879628e+01
4.38000e+02 8.6694580187e+03 3.7449842421e+01
4.39000e+02 8.6928095006e+03 2.7657536846e+01
4.40000e+02 8.7150396959e+03 4.0630633050e+01
4.41000e+02 8.7368975045e+03 1.3277838082e+02
4.42000e+02 8.7589021083e+03 3.7127785700e+01
4.43000e+02 8.7797420612e+03 4.4428729461e+01
4.44000e+02 8.8041777661e+03 2.5074648001e+00
4.45000e+02 8.8299336057e+03 8.0085018038e+01
4.46000e+02 8.8555087635e+03 1.4768729786e+02
4.47000e+02 8.8810867534e+03 4.4295886327e+01
4.48000e+02 8.9053508675e+03 9.2904337864e+00
4.49000e+02 8.9282666768e+03 4.5808136006e+00
4.50000e+02 8.9549744137e+03 1.1645886372e+02
4.51000e+02 8.9817256295e+03 1.6081314418e+02
4.52000e+02 9.0045325976e+03 1.2039658632e+02
4.53000e+02 9.0272877421e+03 1.1618174015e+02
4.54000e+02 9.0539017454e+03 4.6371765657e+01
4.55000e+02 9.0818588136e+03 2.3790783423e+00
4.56000e+02 9.1082084180e+03 1.2272728147e+02
4.57000e+02 9.1331805157e+03 4.8542347060e+01
4.58000e+02 9.1621696567e+03 2.3751377957e+00
4.59000e+02 9.1912020853e+03 5.0979369290e+01
4.60000e+02 9.2160571726e+03 1.6660748236e+02
4.61000e+02 9.2408374211e+03 4.2508221445e+01
4.62000e+02 9.2657691547e+03 4.2542359567e+01
4.63000e+02 9.2915530303e+03 1.7290242246e+02
4.64000e+02 9.3190275987e+03 1.4354489017e+02
4.65000e+02 9.3453937501e+03 8.0160848060e+01
4.66000e+02 9.3679320690e+03 2.3934147692e+00
4.67000e+02 9.3904655519e+03 3.7862030272e+01
4.68000e+02 9.4131697317e+03 3.7990029235e+01
4.69000e+02 9.4358101801e+03 3.8059004626e+01
4.70000e+02 9.4585863489e+03 3.8092934588e+01
4.71000e+02 9.4822336150e+03 5.3852774220e+01
4.72000e+02 9.5073368469e+03 7.7709350840e+01
4.73000e+02 9.5313279998e+03 7.1240860878e+01
4.74000e+02 9.5551331490e+03 1.9699470529e+02
4.75000e+02 9.5804277528e+03 2.1837052240e+02
4.76000e+02 9.6044429083e+03 1.6447018288e+02
4.77000e+02 9.6271465987e+03 7.8472809608e+01
4.78000e+02 9.6536454842e+03 2.6937363322e+00
4.79000e+02 9.6814850820e+03 3.3229681405e+01
4.80000e+02 9.7077312060e+03 8.0625305346e+01
4.81000e+02 9.7335566075e+03 1.9103914440e+02
4.82000e+02 9.7610177148e+03 7.8608601792e+01
4.83000e+02 9.7873645139e+03 4.5401414657e+01
4.84000e+02 9.8098844294e+03 1.2264294699e+02
4.85000e+02 9.8333504303e+03 2.3594006178e+00
4.86000e+02 9.8583068119e+03 3.7770181131e+01
4.87000e+02 9.8821829457e+03 7.7003870313e+01
4.88000e+02 9.9025070192e+03 4.5528831906e+00
4.89000e+02 9.9228657954e+03 7.5272333639e+01
4.90000e+02 9.9468666040e+03 1.1978480285e+02
4.91000e+02 9.9709565391e+03 4.0404283737e+01
4.92000e+02 9.9948085748e+03 4.0215106495e+01
4.93000e+02 1.0020125828e+04 8.3055371822e+01
4.94000e+02 1.0044147358e+04 7.2972467882e+01
4.95000e+02 1.0066849437e+04 8.7257006405e+01
4.96000e+02 1.0093340176e+04 2.6387039017e+00
4.97000e+02 1.0121167648e+04 7.0376676978e+01
4.98000e+02 1.0147400427e+04 8.9380998604e+01
4.99000e+02 1.0172258914e+04 4.7924730330e+00
5.00000e+02 1.0201124409e+04 2.3747555507e+00
5.01000e+02 1.0231320365e+04 9.1660102879e+01
5.02000e+02 1.0259673996e+04 6.9085319000e+00
5.03000e+02 1.0286622811e+04 4.4627097009e+00
5.04000e+02 1.0317806193e+04 8.9599293100e+01
5.05000e+02 1.0350323869e+04 9.2233433635e+00
5.06000e+02 1.0380761882e+04 6.5426287327e+00
5.07000e+02 1.0409770629e+04 9.1569625233e+01
5.08000e+02 1.0438874742e+04 2.2972301125e+02
5.09000e+02 1.0468768927e+04 1.8205700642e+02
5.10000e+02 1.0500790908e+04 2.2085187260e+02
5.11000e+02 1.0532966499e+04 5.6229235153e+01
5.12000e+02 1.0563196143e+04 9.1269687048e+01
5.13000e+02 1.0592037971e+04 4.9894525591e+01
5.14000e+02 1.0621001822e+04 4.9704368318e+01
5.15000e+02 1.0649820018e+04 4.9631032088e+01
5.16000e+02 1.0683156338e+04 6.7540064435e+01
5.17000e+02 1.0716559517e+04 2.4372238334e+02
5.18000e+02 1.0745350655e+04 4.9408689569e+01
5.19000e+02 1.0774037917e+04 4.9228346807e+01
5.20000e+02 1.0807262063e+04 9.0697953695e+01
5.21000e+02 1.0841863240e+04 4.3568769119e+01
5.22000e+02 1.0874194414e+04 1.5070667989e+02
5.23000e+02 1.0906048560e+04 2.4369435210e+02
5.24000e+02 1.0940222731e+04 1.4913532336e+02
5.25000e+02 1.0973311482e+04 5.8049244388e+01
5.26000e+02 1.1006131931e+04 5.7587498560e+01
5.27000e+02 1.1040472025e+04 1.5029488944e+02
5.28000e+02 1.1072624108e+04 5.5598394468e+01
5.29000e+02 1.1104336752e+04 5.5401293631e+01
5.30000e+02 1.1138381629e+04 1.0273037354e+02
5.31000e+02 1.1171358850e+04 5.7418380233e+01
5.32000e+02 1.1199856264e+04 1.6000877054e+02
5.33000e+02 1.1229254342e+04 2.0573144123e+00
5.34000e+02 1.1258952897e+04 5.4947620839e+01
5.35000e+02 1.1288442413e+04 5.0612230931e+01
5.36000e+02 1.1320068968e+04 1.0074168315e+01
5.37000e+02 1.1350639054e+04 9.0907324461e+01
5.38000e+02 1.1376981098e+04 5.0461505969e+01
5.39000e+02 1.1403300742e+04 2.0789218801e+02
5.40000e+02 1.1429830054e+04 4.4131310924e+01
5.41000e+02 1.1456282125e+04 4.4219607527e+01
5.42000e+02 1.1482905574e+04 4.4269524035e+01
5.43000e+02 1.1510383593e+04 2.0114968522e+00
5.44000e+02 1.1539762457e+04 8.8568725412e+01
5.45000e+02 1.1568056583e+04 1.3644751922e+02
5.46000e+02 1.1592341844e+04 2.3381873409e+00
5.47000e+02 1.1617574486e+04 4.5778080455e+01
5.48000e+02 1.1643087227e+04 1.3449523601e+02
5.49000e+02 1.1667472752e+04 3.9822858518e+01
5.50000e+02 1.1692013235e+04 4.0038257576e+01
5.51000e+02 1.1717429852e+04 8.6521257881e+01
5.52000e+02 1.1744519455e+04 1.3402181124e+02
5.53000e+02 1.1771779153e+04 2.8526632000e+02
5.54000e+02 1.1798972463e+04 4.5464781760e+01
5.55000e+02 1.1824980063e+04 3.5375843566e+01
5.56000e+02 1.1850787503e+04 3.2283651696e+02
5.57000e+02 1.1878099283e+04 4.5471399062e+01
5.58000e+02 1.1903937514e+04 4.2363612332e+01
5.59000e+02 1.1929409068e+04 9.3024760217e+01
5.60000e+02 1.1956519347e+04 4.5342895643e+01
5.61000e+02 1.1983801601e+04 4.5268027606e+01
5.62000e+02 1.2009650887e+04 9.2942790574e+01
5.63000e+02 1.2035129002e+04 4.5304113527e+01
5.64000e+02 1.2060808786e+04 4.5089307755e+01
5.65000e+02 1.2086279656e+04 4.1940695115e+01
5.66000e+02 1.2111973113e+04 4.1912426969e+01
5.67000e+02 1.2136504636e+04 9.2957589058e+01
5.68000e+02 1.2165077612e+04 9.3414223518e+01
5.69000e+02 1.2195006413e+04 8.6465000393e+01
5.70000e+02 1.2223136734e+04 2.4368643283e+00
5.71000e+02 1.2250832136e+04 4.6529473120e+01
5.72000e+02 1.2280378387e+04 1.3403726760e+02
5.73000e+02 1.2310081764e+04 4.9859351840e+01
5.74000e+02 1.2338095795e+04 4.6366654160e+01
5.75000e+02 1.2364752551e+04 9.5446042863e+01
5.76000e+02 1.2391523466e+04 2.3105776235e+02
5.77000e+02 1.2419127028e+04 4.7558509395e+01
5.78000e+02 1.2448626233e+04 4.9762445978e+01
5.79000e+02 1.2478288750e+04 4.9671824285e+01
5.80000e+02 1.2507853348e+04 4.9687545513e+01
5.81000e+02 1.2536230475e+04 2.3319623165e+02
5.82000e+02 1.2560587356e+04 4.5096917580e+01
5.83000e+02 1.2585878449e+04 9.7038072127e+01
5.84000e+02 1.2611443185e+04 1.4200268967e+02
5.85000e+02 1.2636829265e+04 4.1275070412e+01
5.86000e+02 1.2663890283e+04 2.5035795835e+00
5.87000e+02 1.2691137045e+04 8.8402187164e+01
5.88000e+02 1.2716961655e+04 4.1493668754e+01
5.89000e+02 1.2742420523e+04 4.1524963899e+01
5.90000e+02 1.2768085278e+04 4.1323585223e+01
5.91000e+02 1.2793543331e+04 4.1281446283e+01
5.92000e+02 1.2820664223e+04 8.8373658732e+01
5.93000e+02 1.2847960182e+04 8.2783633742e+01
5.94000e+02 1.2873823007e+04 4.1438233976e+01
5.95000e+02 1.2899313913e+04 4.1429648491e+01
5.96000e+02 1.2926442996e+04 8.2709041992e+01
5.97000e+02 1.2952484606e+04 4.2716303715e+01
5.98000e+02 1.2974748352e+04 2.6019351652e+02
5.99000e+02 1.2997978203e+04 8.3817100029e-01
6.00000e+02 1.3021473280e+04 3.9857804062e+01
6.01000e+02 1.3043852617e+04 3.8540024760e+02
6.02000e+02 1.3066372481e+04 3.4861260676e+01
6.03000e+02 1.3089781718e+04 3.6898106149e+01
6.04000e+02 1.3113409636e+04 3.6994048609e+01
6.05000e+02 1.3135888130e+04 3.4925557055e+01
6.06000e+02 1.3158487890e+04 3.4970526879e+01
6.07000e+02 1.3181963872e+04 3.7023801027e+01
6.08000e+02 1.3206878180e+04 2.2147763855e+00
6.09000e+02 1.3231944987e+04 1.1594264426e+02
6.10000e+02 1.3255794772e+04 3.7208644931e+01
6.11000e+02 1.3278333697e+04 3.4995986079e+01
6.12000e+02 1.3304654550e+04 4.7039939327e+02
6.13000e+02 1.3332320266e+04 3.9770345455e+01
6.14000e+02 1.3359806816e+04 1.5812951986e+02
6.15000e+02 1.3386057486e+04 3.4039370980e+02
6.16000e+02 1.3408476362e+04 3.4780106498e+01
6.17000e+02 1.3430875094e+04 3.4605134172e+01
6.18000e+02 1.3453436491e+04 3.4713049897e+01
6.19000e+02 1.3476889576e+04 8.2060155604e+01
6.20000e+02 1.3500561697e+04 8.1800430533e+01
6.21000e+02 1.3524038129e+04 3.6830360878e+01
6.22000e+02 1.3547722560e+04 3.6805840131e+01
6.23000e+02 1.3570256063e+04 3.4813107954e+01
6.24000e+02 1.3592908610e+04 5.4520801101e+01
6.25000e+02 1.3616433111e+04 3.6817102357e+01
6.26000e+02 1.3640164044e+04 3.6826788434e+01
6.27000e+02 1.3663689012e+04 3.6790428988e+01
6.28000e+02 1.3688644510e+04 1.0749946099e-01
6.29000e+02 1.3712495810e+04 1.1100120366e+02
6.30000e+02 1.3736165875e+04 1.5060854174e+02
6.31000e+02 1.3761327064e+04 1.5277309859e+02
6.32000e+02 1.3785223584e+04 3.6919224883e+01
6.33000e+02 1.3808763389e+04 3.6897143204e+01
6.34000e+02 1.3833714057e+04 1.4997694264e+02
6.35000e+02 1.3857559969e+04 3.7051972831e+01
6.36000e+02 1.3881226716e+04 3.9088252514e+01
6.37000e+02 1.3905099933e+04 3.9076468497e+01
6.38000e+02 1.3928786488e+04 3.6980551109e+01
6.39000e+02 1.3952673999e+04 3.6957863930e+01
6.40000e+02 1.3972983184e+04 1.0805080793e+02
6.41000e+02 1.3994266197e+04 4.2925051929e-01
6.42000e+02 1.4015794162e+04 3.4920512171e+01
6.43000e+02 1.4036213851e+04 1.6540256189e+02
6.44000e+02 1.4056755886e+04 3.5424483071e+01
6.45000e+02 1.4078196062e+04 3.2356711495e+01
6.46000e+02 1.4100853115e+04 7.1588034195e+01
6.47000e+02 1.4123659641e+04 1.0873013237e+02
6.48000e+02 1.4145477540e+04 3.5052746268e+01
6.49000e+02 1.4166007556e+04 3.0392046902e+01
6.50000e+02 1.4190093684e+04 7.2060232598e+01
6.51000e+02 1.4214234510e+04 7.2241487840e+01
6.52000e+02 1.4234706658e+04 3.0291768101e+01
6.53000e+02 1.4256119902e+04 3.9289965165e+01
6.54000e+02 1.4278772448e+04 7.2164740354e+01
6.55000e+02 1.4300324022e+04 2.5892520331e+00
6.56000e+02 1.4318549419e+04 4.2038121453e+00
6.57000e+02 1.4337780236e+04 6.9910148516e+01
6.58000e+02 1.4357251428e+04 1.0430574964e+02
6.59000e+02 1.4376589056e+04 2.7916475644e+01
6.60000e+02 1.4396919482e+04 4.9087838208e+00
6.61000e+02 1.4416148255e+04 2.3228003938e+00
6.62000e+02 1.4432288263e+04 9.5643408086e+01
6.63000e+02 1.4449458334e+04 2.1675576814e+00
6.64000e+02 1.4467429831e+04 4.6794057536e+00
6.65000e+02 1.4484307548e+04 8.5951340113e+01
6.66000e+02 1.4498344258e+04 4.2686878386e+00
6.67000e+02 1.4513438435e+04 2.0758926895e+00
6.68000e+02 1.4529107930e+04 8.3563386102e+01
6.69000e+02 1.4543679402e+04 6.5706640404e+00
6.70000e+02 1.4558179187e+04 1.0223730470e+02
6.71000e+02 1.4572873890e+04 1.8220321420e+01
6.72000e+02 1.4584920856e+04 4.0635607784e+00
6.73000e+02 1.4598034379e+04 4.4110902114e+01
6.74000e+02 1.4611491305e+04 9.4254385784e+00
6.75000e+02 1.4625098957e+04 1.4621093547e+02
6.76000e+02 1.4638656314e+04 6.1802308342e+01
6.77000e+02 1.4651021913e+04 1.3567710308e+02
6.78000e+02 1.4666035563e+04 3.4754941647e+01
6.79000e+02 1.4682357721e+04 8.9474421978e+00
6.80000e+02 1.4698252240e+04 2.3371624782e+00
6.81000e+02 1.4712880667e+04 3.6983014492e+01
6.82000e+02 1.4730370009e+04 1.1414186055e+01
6.83000e+02 1.4747869269e+04 4.8927515255e+01
6.84000e+02 1.4765140487e+04 2.3682994264e+01
6.85000e+02 1.4783820015e+04 4.6921947310e+00
6.86000e+02 1.4801848190e+04 3.0614167865e+01
6.87000e+02 1.4818594633e+04 3.7180099554e+01
6.88000e+02 1.4838437727e+04 2.5718762798e+00
6.89000e+02 1.4858295496e+04 2.8587124413e+01
6.90000e+02 1.4874896437e+04 1.1424419785e+02
6.91000e+02 1.4892458712e+04 5.3016080519e+01
6.92000e+02 1.4910810436e+04 8.2331922886e+01
6.93000e+02 1.4928030545e+04 1.6984132849e+01
6.94000e+02 1.4942348653e+04 2.2828323570e+00
6.95000e+02 1.4956743166e+04 1.7558616875e+01
6.96000e+02 1.4974091302e+04 4.3030727078e+01
6.97000e+02 1.4991492030e+04 2.3546523090e+01
6.98000e+02 1.5005907785e+04 1.7638704364e+01
6.99000e+02 1.5020374632e+04 2.5718787843e+01
7.00000e+02 1.5037785030e+04 2.3585238948e+01
7.01000e+02 1.5056515104e+04 7.3732376726e+01
7.02000e+02 1.5074572859e+04 8.0406626108e+01
7.03000e+02 1.5091340779e+04 2.5862727095e+01
7.04000e+02 1.5111206385e+04 2.4552078399e+00
7.05000e+02 1.5132367328e+04 3.9658811510e+01
7.06000e+02 1.5152593855e+04 2.8005637362e+01
7.07000e+02 1.5171492669e+04 4.5836455712e+00
7.08000e+02 1.5193714472e+04 2.7371717655e+01
7.09000e+02 1.5215948631e+04 5.8192182076e+01
7.10000e+02 1.5234681302e+04 6.0425912638e+01
7.11000e+02 1.5253394700e+04 2.7158930017e+01
7.12000e+02 1.5275503623e+04 3.3005589416e+01
7.13000e+02 1.5298933393e+04 3.0246459554e+01
7.14000e+02 1.5322208108e+04 1.0354710609e+02
7.15000e+02 1.5345481177e+04 3.8081282837e+01
7.16000e+02 1.5367671475e+04 3.3674603637e+01
7.17000e+02 1.5388535305e+04 3.5123015566e+01
7.18000e+02 1.5409459771e+04 6.4411458053e+01
7.19000e+02 1.5431243606e+04 1.5076339505e+02
7.20000e+02 1.5454250163e+04 3.4872786586e+01
7.21000e+02 1.5477384629e+04 3.4699310619e+01
7.22000e+02 1.5499482052e+04 3.7077564342e+01
7.23000e+02 1.5520272171e+04 3.0282099633e+01
7.24000e+02 1.5544630236e+04 7.2054697205e+01
7.25000e+02 1.5570313545e+04 2.5488428888e+00
7.26000e+02 1.5594614784e+04 3.0373087651e+01
7.27000e+02 1.5617554343e+04 4.3776271807e+01
7.28000e+02 1.5640556762e+04 7.6062265701e+01
7.29000e+02 1.5663438257e+04 3.4301307974e+01
7.30000e+02 1.5686419989e+04 3.4246319594e+01
7.31000e+02 1.5709285768e+04 3.4196356654e+01
7.32000e+02 1.5732254013e+04 3.4148673622e+01
7.33000e+02 1.5755107718e+04 3.4102450670e+01
7.34000e+02 1.5781795531e+04 4.8760420444e+00
7.35000e+02 1.5808516637e+04 2.1212814293e+02
7.36000e+02 1.5831287242e+04 3.3870708814e+01
7.37000e+02 1.5854962435e+04 6.4677504236e+01
7.38000e+02 1.5878862345e+04 1.4582868088e+02
7.39000e+02 1.5902562355e+04 1.4570766939e+02
7.40000e+02 1.5926465805e+04 3.5779046805e+01
7.41000e+02 1.5949209596e+04 3.3726923967e+01
7.42000e+02 1.5975782864e+04 1.3944962059e+02
7.43000e+02 1.6003694055e+04 2.1160223529e+02
7.44000e+02 1.6031415128e+04 2.5331605434e+02
7.45000e+02 1.6057892354e+04 4.1251487644e+01
7.46000e+02 1.6080507695e+04 3.5620242947e+01
7.47000e+02 1.6104049065e+04 7.9273012761e+01
7.48000e+02 1.6129076151e+04 2.6939858564e+00
7.49000e+02 1.6153016794e+04 2.5389509491e+01
7.50000e+02 1.6173394018e+04 7.6955622089e+01
7.51000e+02 1.6194754521e+04 4.8721578538e+00
7.52000e+02 1.6216367759e+04 7.2036241868e+01
7.53000e+02 1.6236876872e+04 1.1022861167e+02
7.54000e+02 1.6257511430e+04 2.9099666960e+01
7.55000e+02 1.6279045162e+04 3.1140341180e+01
7.56000e+02 1.6301806526e+04 2.2657230126e+00
7.57000e+02 1.6323455743e+04 1.0365780787e+02
7.58000e+02 1.6344944758e+04 1.6504425382e+02
7.59000e+02 1.6367918776e+04 6.7027032070e+01
7.60000e+02 1.6389848806e+04 3.4026411491e+01
7.61000e+02 1.6410489692e+04 6.0206223192e+01
7.62000e+02 1.6434694383e+04 2.7156751316e+00
7.63000e+02 1.6460232800e+04 3.6556784321e+01
7.64000e+02 1.6484409942e+04 6.2393128364e+01
7.65000e+02 1.6507234438e+04 4.8965700747e+00
7.66000e+02 1.6533838416e+04 7.5774810814e+00
7.67000e+02 1.6560482322e+04 4.6281436126e+01
7.68000e+02 1.6583190923e+04 6.7111733239e+01
7.69000e+02 1.6606804993e+04 9.8403457701e+01
7.70000e+02 1.6631893271e+04 1.4686410744e+02
7.71000e+02 1.6655880223e+04 2.3100920724e+01
7.72000e+02 1.6679685480e+04 6.1336059612e+01
7.73000e+02 1.6704980705e+04 7.9251096216e+01
7.74000e+02 1.6728995767e+04 3.5396540562e+01
7.75000e+02 1.6751699056e+04 6.8723419203e+01
7.76000e+02 1.6774494397e+04 6.8741436058e+01
7.77000e+02 1.6797193962e+04 3.3152123208e+01
7.78000e+02 1.6820010276e+04 3.3139944047e+01
7.79000e+02 1.6843684876e+04 3.5421674343e+01
7.80000e+02 1.6868807054e+04 3.8148784476e+01
7.81000e+02 1.6894071756e+04 3.8080113291e+01
7.82000e+02 1.6919267782e+04 3.8115880984e+01
7.83000e+02 1.6943254041e+04 1.0177880620e+02
7.84000e+02 1.6967042470e+04 1.0166019949e+02
7.85000e+02 1.6991029216e+04 3.5296374715e+01
7.86000e+02 1.7011428815e+04 2.4167139742e+00
7.87000e+02 1.7031846367e+04 6.6120678709e+01
7.88000e+02 1.7055897327e+04 3.5523609317e+01
7.89000e+02 1.7081310060e+04 3.8225796010e+01
7.90000e+02 1.7105389060e+04 1.3722521731e+02
7.91000e+02 1.7129083558e+04 1.3710788902e+02
7.92000e+02 1.7154186341e+04 8.3765765068e+01
7.93000e+02 1.7178173145e+04 3.5488143949e+01
7.94000e+02 1.7201969896e+04 3.5198446643e+01
7.95000e+02 1.7225966292e+04 3.5172840884e+01
7.96000e+02 1.7246371611e+04 1.0125603251e+02
7.97000e+02 1.7267747075e+04 2.2657841765e+00
7.98000e+02 1.7290381934e+04 6.8122398884e+01
7.99000e+02 1.7311930559e+04 2.4477711057e+00
8.00000e+02 1.7330162920e+04 9.0560083900e-02
8.01000e+02 1.7348451877e+04 6.8522739434e+01
8.02000e+02 1.7366898866e+04 3.1209571950e+01
8.03000e+02 1.7386281418e+04 6.6061364402e+01
8.04000e+02 1.7405868894e+04 9.8963051184e+01
8.05000e+02 1.7424344764e+04 2.4249001512e+01
8.06000e+02 1.7446186742e+04 3.0737571575e+01
8.07000e+02 1.7468082305e+04 3.1053771884e+01
8.08000e+02 1.7486535361e+04 3.5006426444e+01
8.09000e+02 1.7505953721e+04 2.6260802160e+01
8.10000e+02 1.7526391394e+04 2.6380209276e+01
8.11000e+02 1.7546984393e+04 1.7327037119e+02
8.12000e+02 1.7567564513e+04 2.8400391985e+01
8.13000e+02 1.7586928852e+04 2.5795450572e+01
8.14000e+02 1.7603178004e+04 2.4030636784e+01
8.15000e+02 1.7620439234e+04 2.6343696413e+01
8.16000e+02 1.7638502618e+04 2.5167358256e+00
8.17000e+02 1.7655468201e+04 2.1607850118e+01
8.18000e+02 1.7669581206e+04 2.4181205461e+01
8.19000e+02 1.7684747255e+04 4.6093999853e+00
8.20000e+02 1.7700134060e+04 4.3746433154e+01
8.21000e+02 1.7714467743e+04 7.8992863372e+01
8.22000e+02 1.7731719470e+04 7.3788364106e+01
8.23000e+02 1.7750301740e+04 4.1563122600e+01
8.24000e+02 1.7768236702e+04 2.2739316095e+01
8.25000e+02 1.7784891400e+04 2.3210157432e+00
8.26000e+02 1.7804640407e+04 2.4920887608e+01
8.27000e+02 1.7825692132e+04 2.5186031253e+01
8.28000e+02 1.7845826093e+04 4.5176937348e+00
8.29000e+02 1.7864638130e+04 2.4277575728e+01
8.30000e+02 1.7886769952e+04 2.7543660556e+01
8.31000e+02 1.7910201247e+04 6.8927462422e+00
8.32000e+02 1.7932467035e+04 2.6385125523e+01
8.33000e+02 1.7953383280e+04 2.9620325163e+01
8.34000e+02 1.7977848499e+04 9.2192498213e+00
8.35000e+02 1.8002333542e+04 9.0522870029e+01
8.36000e+02 1.8026524149e+04 3.5687429880e+01
8.37000e+02 1.8052141474e+04 2.8544770011e+01
8.38000e+02 1.8076407039e+04 3.1590481256e+01
8.39000e+02 1.8099326021e+04 4.6864510497e+01
8.40000e+02 1.8126033451e+04 2.5168224544e+00
8.41000e+02 1.8152778327e+04 4.0425880634e+01
8.42000e+02 1.8175575397e+04 1.2725077896e+02
8.43000e+02 1.8198317176e+04 3.2448196635e+01
8.44000e+02 1.8224913541e+04 4.0274390730e+01
8.45000e+02 1.8252850674e+04 3.3878699387e+01
8.46000e+02 1.8280597857e+04 1.5959955306e+02
8.47000e+02 1.8307101696e+04 3.9993078496e+01
8.48000e+02 1.8329741208e+04 3.2258190571e+01
8.49000e+02 1.8353305357e+04 1.6783805399e+02
8.50000e+02 1.8378356690e+04 3.7257234928e+01
8.51000e+02 1.8402319890e+04 1.9562273365e+01
8.52000e+02 1.8422716772e+04 9.8403328406e+00
8.53000e+02 1.8443141221e+04 3.9739095107e+01
8.54000e+02 1.8467208910e+04 5.6967120341e+01
8.55000e+02 1.8492643630e+04 9.1294054928e+01
8.56000e+02 1.8516745566e+04 1.1876912184e+02
8.57000e+02 1.8539511566e+04 2.7318301032e+01
8.58000e+02 1.8566064008e+04 2.0205266213e+01
8.59000e+02 1.8592665218e+04 5.7630312618e+01
8.60000e+02 1.8615341335e+04 5.7186611071e+01
8.61000e+02 1.8638929531e+04 6.2097908312e+01
8.62000e+02 1.8663994455e+04 7.7128985601e+01
8.63000e+02 1.8687961756e+04 9.3337046587e+00
8.64000e+02 1.8711750582e+04 4.6412923306e+01
8.65000e+02 1.8737031685e+04 7.6898239245e+01
8.66000e+02 1.8761035550e+04 3.4321347573e+01
8.67000e+02 1.8784681826e+04 5.2256052361e+01
8.68000e+02 1.8809750049e+04 3.6972471073e+01
8.69000e+02 1.8833712207e+04 3.4393754172e+01
8.70000e+02 1.8857492740e+04 3.4351067576e+01
8.71000e+02 1.8881478405e+04 3.4340222388e+01
8.72000e+02 1.8901877784e+04 5.7055493666e+01
8.73000e+02 1.8922296984e+04 9.8521487267e+01
8.74000e+02 1.8942875111e+04 3.9269482226e+01
8.75000e+02 1.8964362767e+04 3.4776878500e+01
8.76000e+02 1.8987082546e+04 3.8671997344e+01
8.77000e+02 1.9008695008e+04 2.5139834402e+01
8.78000e+02 1.9030151167e+04 5.7096203332e+01
8.79000e+02 1.9051810280e+04 2.9572721434e+01
8.80000e+02 1.9070117701e+04 2.2707072780e+00
8.81000e+02 1.9088468957e+04 5.4971163697e+01
8.82000e+02 1.9106968995e+04 5.5108810735e+01
8.83000e+02 1.9126398058e+04 3.6574732398e+01
8.84000e+02 1.9146027614e+04 1.4183641367e+02
8.85000e+02 1.9164540597e+04 2.3420923615e+01
8.86000e+02 1.9186419923e+04 2.9966314652e+01
8.87000e+02 1.9209631456e+04 1.2171406186e+02
8.88000e+02 1.9232703427e+04 8.0924098541e+01
8.89000e+02 1.9255785138e+04 3.2498545284e+01
8.90000e+02 1.9277812829e+04 2.5795637385e+01
8.91000e+02 1.9299477685e+04 8.3078967400e+01
8.92000e+02 1.9322324576e+04 3.2240967180e+01
8.93000e+02 1.9344050141e+04 3.0002800168e+01
8.94000e+02 1.9362421361e+04 6.0140402489e+01
8.95000e+02 1.9381784806e+04 2.9907315945e+01
8.96000e+02 1.9402182551e+04 2.4491464766e+00
8.97000e+02 1.9421484796e+04 5.0979789445e+01
8.98000e+02 1.9437695759e+04 2.7717151349e+01
8.99000e+02 1.9454936679e+04 4.5692227810e+00
9.00000e+02 1.9472408807e+04 5.7628910776e+01
9.01000e+02 1.9488810241e+04 8.5658146914e+01
9.02000e+02 1.9508359669e+04 7.8571709413e+01
9.03000e+02 1.9527965557e+04 2.7993077487e+01
9.04000e+02 1.9547355849e+04 2.7805948807e+01
9.05000e+02 1.9566901248e+04 2.5118247255e+01
9.06000e+02 1.9583280881e+04 1.8992032483e+01
9.07000e+02 1.9600659299e+04 2.1088225402e+01
9.08000e+02 1.9618247405e+04 2.3503993495e+01
9.09000e+02 1.9635700198e+04 2.3554864903e+01
9.10000e+02 1.9653919581e+04 7.3401348335e+01
9.11000e+02 1.9671021100e+04 2.4438796665e+00
9.12000e+02 1.9685241133e+04 1.9050830692e+01
9.13000e+02 1.9700502088e+04 2.6704891762e+01
9.14000e+02 1.9716341209e+04 4.8216977106e+00
9.15000e+02 1.9732337899e+04 9.1188078430e+01
9.16000e+02 1.9748370781e+04 1.8152376720e+01
9.17000e+02 1.9763179040e+04 1.0532823757e+01
9.18000e+02 1.9777877797e+04 3.5918774417e+01
9.19000e+02 1.9794032909e+04 1.8292647104e+01
9.20000e+02 1.9809826769e+04 4.6094372354e+01
9.21000e+02 1.9824392271e+04 5.9225659425e+01
9.22000e+02 1.9841836589e+04 2.1019915357e+01
9.23000e+02 1.9860586971e+04 6.4294689126e+00
9.24000e+02 1.9878657258e+04 1.3554242345e+01
9.25000e+02 1.9896386023e+04 3.3160046376e+01
9.26000e+02 1.9914232454e+04 2.1625215477e+01
9.27000e+02 1.9931897392e+04 2.1539762807e+01
9.28000e+02 1.9949713592e+04 2.1487991648e+01
9.29000e+02 1.9967361089e+04 2.1449063528e+01
9.30000e+02 1.9985166353e+04 2.1416678006e+01
9.31000e+02 2.0002806486e+04 2.1387897542e+01
9.32000e+02 2.0021207642e+04 2.7065668087e+01
9.33000e+02 2.0038474035e+04 4.6513800548e+01
9.34000e+02 2.0052830552e+04 1.2425390582e+02
9.35000e+02 2.0067262675e+04 1.0093950068e+02
9.36000e+02 2.0081813005e+04 1.4870955797e+01
9.37000e+02 2.0097313134e+04 2.1400055210e+00
9.38000e+02 2.0112982048e+04 3.3907303273e+01
9.39000e+02 2.0127558487e+04 1.5000401880e+01
9.40000e+02 2.0145051411e+04 2.0805213200e+01
9.41000e+02 2.0163854746e+04 1.1193239233e+02
9.42000e+02 2.0182548977e+04 1.1211353528e+02
9.43000e+02 2.0201232716e+04 2.3206788491e+01
9.44000e+02 2.0219858070e+04 2.3114704676e+01
9.45000e+02 2.0237224703e+04 9.5030310050e+01
9.46000e+02 2.0251656053e+04 1.4866420760e+01
9.47000e+02 2.0267096835e+04 8.0232024958e+01
9.48000e+02 2.0282733109e+04 6.3304143749e+01
9.49000e+02 2.0297294324e+04 1.4836330514e+01
9.50000e+02 2.0314778258e+04 1.2066148414e+02
9.51000e+02 2.0332299282e+04 4.6549551780e+01
9.52000e+02 2.0346813343e+04 4.8434094606e+01
9.53000e+02 2.0362324717e+04 1.6893456729e+01
9.54000e+02 2.0378407144e+04 1.8224880221e+01
9.55000e+02 2.0394622850e+04 3.8830212509e+01
9.56000e+02 2.0410510094e+04 1.7127534114e+01
9.57000e+02 2.0425165055e+04 4.8479406685e+01
9.58000e+02 2.0442708562e+04 3.8850954971e+01
9.59000e+02 2.0461557959e+04 1.8360307250e+01
9.60000e+02 2.0480294965e+04 3.9020100170e+01
9.61000e+02 2.0497752334e+04 3.8748450026e+01
9.62000e+02 2.0512250724e+04 1.6860891411e+01
9.63000e+02 2.0526796134e+04 2.1860498989e+01
9.64000e+02 2.0544291885e+04 2.0638370989e+01
9.65000e+02 2.0563109206e+04 2.3222388149e+01
9.66000e+02 2.0581246044e+04 2.2112707616e+01
9.67000e+02 2.0598092338e+04 2.2918616039e+01
9.68000e+02 2.0614970304e+04 4.5138387656e+01
9.69000e+02 2.0631777519e+04 1.9310418735e+01
9.70000e+02 2.0651733179e+04 2.3314894403e+01
9.71000e+02 2.0672981606e+04 2.4311065146e+00
9.72000e+02 2.0693285323e+04 4.4353683941e+01
9.73000e+02 2.0712258752e+04 6.1082959657e+00
9.74000e+02 2.0734562932e+04 4.7771959705e+00
9.75000e+02 2.0758161090e+04 4.5495191352e+01
9.76000e+02 2.0781584066e+04 7.5763508305e+01
9.77000e+02 2.0803728393e+04 5.3368687862e+01
9.78000e+02 2.0822433788e+04 2.7220724701e+01
9.79000e+02 2.0842091105e+04 1.2019855877e+02
9.80000e+02 2.0862785316e+04 2.7287654452e+00
9.81000e+02 2.0882364764e+04 1.5914123828e+01
9.82000e+02 2.0901799723e+04 4.3060647144e+01
9.83000e+02 2.0922706842e+04 2.7125207876e+01
9.84000e+02 2.0942772208e+04 5.7790090142e+01
9.85000e+02 2.0961560236e+04 4.7604605318e+01
9.86000e+02 2.0983695707e+04 2.9318422349e+01
9.87000e+02 2.1007150354e+04 3.0463581172e+01
9.88000e+02 2.1030451517e+04 6.0138152727e+01
9.89000e+02 2.1052489810e+04 5.6286533254e+01
9.90000e+02 2.1071110893e+04 5.1841940453e+01
9.91000e+02 2.1090694668e+04 5.7278435196e+01
9.92000e+02 2.1111317211e+04 2.6786200463e+00
9.93000e+02 2.1130832173e+04 2.5233309743e+00
9.94000e+02 2.1147225898e+04 5.4993798950e+01
9.95000e+02 2.1163684371e+04 7.9860763831e+01
9.96000e+02 2.1183336055e+04 2.7949330846e+01
9.97000e+02 2.1204335085e+04 2.7030403901e+01
9.98000e+02 2.1224446205e+04 7.5457404294e+01
9.99000e+02 2.1244210055e+04 4.3400060597e+01
1.00000e+03 2.1264114912e+04 2.4959904135e+01
1.00100e+03 2.1282877284e+04 2.3038988874e+00
1.00200e+03 2.1305009911e+04 2.9484317138e+01
1.00300e+03 2.1328461071e+04 7.3283000030e+01
1.00400e+03 2.1350755711e+04 2.3897833763e+00
1.00500e+03 2.1372661433e+04 2.9464209161e+01
1.00600e+03 2.1395752581e+04 1.0268169594e+02
1.00700e+03 2.1417704900e+04 5.9813571002e+01
1.00800e+03 2.1436267123e+04 7.4959903835e+01
1.00900e+03 2.1455808398e+04 2.6996303443e+01
1.01000e+03 2.1475573707e+04 5.3874720904e+01
1.01100e+03 2.1495188540e+04 2.4533653723e+01
1.01200e+03 2.1515811238e+04 2.4684511264e+00
1.01300e+03 2.1535321526e+04 6.7967915330e+01
1.01400e+03 2.1554690949e+04 9.4545537088e+01
1.01500e+03 2.1574251290e+04 2.4091097818e+01
1.01600e+03 2.1590665104e+04 4.9330018604e+01
1.01700e+03 2.1608090132e+04 2.1898048627e+00
1.01800e+03 2.1626330725e+04 4.5783927879e+01
1.01900e+03 2.1644731502e+04 6.9969921729e+01
1.02000e+03 2.1663145098e+04 2.1906922277e+01
1.02100e+03 2.1680340821e+04 2.2875024982e+01
1.02200e+03 2.1697404385e+04 4.4613297480e+01
1.02300e+03 2.1715932273e+04 2.2012126489e+01
1.02400e+03 2.1734423231e+04 2.2067477182e+01
1.02500e+03 2.1751680160e+04 1.9390247595e+01
1.02600e+03 2.1766026770e+04 4.2548193514e+00
1.02700e+03 2.1780443579e+04 1.3914911152e+02
1.02800e+03 2.1797815260e+04 2.1180001540e+01
1.02900e+03 2.1816522414e+04 2.2224675726e+01
1.03000e+03 2.1834569743e+04 5.8023358478e+01
1.03100e+03 2.1851337363e+04 2.3509633091e+01
1.03200e+03 2.1871211107e+04 2.4704514086e+01
1.03300e+03 2.1892387140e+04 2.4688791675e+00
1.03400e+03 2.1912631789e+04 2.5683443523e+01
1.03500e+03 2.1931553207e+04 2.6833607060e+01
1.03600e+03 2.1953804648e+04 4.8441070693e+00
1.03700e+03 2.1976072487e+04 5.5688804594e+01
1.03800e+03 2.1994838197e+04 9.2131830342e+01
1.03900e+03 2.2014541377e+04 8.5901247787e+01
1.04000e+03 2.2035272079e+04 5.6371832004e+01
1.04100e+03 2.2054877758e+04 1.5120037623e+01
1.04200e+03 2.2071341071e+04 2.3023971915e+00
1.04300e+03 2.2088813641e+04 3.3204245225e+01
1.04400e+03 2.2106504077e+04 5.5526216597e+01
1.04500e+03 2.2124062931e+04 2.0122119893e+01
1.04600e+03 2.2141803798e+04 2.0152428747e+01
1.04700e+03 2.2159398767e+04 2.0168390765e+01
1.04800e+03 2.2177767092e+04 1.2742540697e+01
1.04900e+03 2.2195013238e+04 4.6596279119e+00
1.05000e+03 2.2212135662e+04 3.4784159579e+01
1.05100e+03 2.2230723600e+04 9.3895477355e+01
1.05200e+03 2.2248704093e+04 2.0387849298e+01
1.05300e+03 2.2265430059e+04 3.7393186496e+01
1.05400e+03 2.2285273543e+04 5.6609465313e+01
1.05500e+03 2.2306429349e+04 2.2935329474e+01
1.05600e+03 2.2327451652e+04 7.4799809187e+01
1.05700e+03 2.2347202555e+04 7.8324884993e+01
1.05800e+03 2.2363765424e+04 7.1623433752e+01
1.05900e+03 2.2381310377e+04 4.7236678806e+01
1.06000e+03 2.2399664054e+04 1.2228655443e+00
1.06100e+03 2.2416902635e+04 2.5123220867e+00
1.06200e+03 2.2434022988e+04 2.0189264260e+01
1.06300e+03 2.2451329087e+04 2.0236593191e+01
1.06400e+03 2.2465714286e+04 4.5011772086e+01
1.06500e+03 2.2481129317e+04 3.3515643146e+00
1.06600e+03 2.2496749616e+04 4.1481034918e+01
1.06700e+03 2.2511301595e+04 9.5077310949e+01
1.06800e+03 2.2528781860e+04 1.9512219291e+01
1.06900e+03 2.2547583087e+04 3.9084974962e+01
1.07000e+03 2.2566283553e+04 3.7946917567e+01
1.07100e+03 2.2583713442e+04 2.0653157667e+01
1.07200e+03 2.2598192041e+04 1.3718107870e+01
1.07300e+03 2.2613676873e+04 3.7978772084e+01
1.07400e+03 2.2629741661e+04 1.8967557081e+00
1.07500e+03 2.2644684088e+04 1.1216927749e+01
1.07600e+03 2.2656966763e+04 1.8771948346e+01
1.07700e+03 2.2669356273e+04 3.0295097698e+01
1.07800e+03 2.2681859401e+04 9.5173827814e+00
1.07900e+03 2.2695334304e+04 3.9047881492e+00
1.08000e+03 2.2709140393e+04 8.9470122667e+00
1.08100e+03 2.2721804435e+04 2.5982656480e+01
1.08200e+03 2.2734385486e+04 5.2895675182e+01
1.08300e+03 2.2748413499e+04 2.4436999758e+01
1.08400e+03 2.2762290484e+04 4.5494409671e+01
1.08500e+03 2.2774953778e+04 1.9622336890e+01
1.08600e+03 2.2787644667e+04 1.9790475359e+01
1.08700e+03 2.2800312107e+04 9.9341434276e+00
1.08800e+03 2.2815676436e+04 2.7832772147e+00
1.08900e+03 2.2831047658e+04 2.2477865415e+01
1.09000e+03 2.2843614865e+04 9.8005279586e+00
1.09100e+03 2.2857189139e+04 2.5276136552e+01
1.09200e+03 2.2870929109e+04 2.9389908166e+01
1.09300e+03 2.2883591558e+04 9.7857363213e+00
1.09400e+03 2.2896307695e+04 9.9248797628e+00
1.09500e+03 2.2909963915e+04 2.9442464501e+01
1.09600e+03 2.2923942599e+04 4.8584657125e+01
1.09700e+03 2.2938026464e+04 4.8591924955e+01
1.09800e+03 2.2951985242e+04 1.2157953531e+01
1.09900e+03 2.2964720425e+04 9.9876883640e+00
1.10000e+03 2.2980120409e+04 3.5090245146e+01
1.10100e+03 2.2996811305e+04 1.1815973160e+01
1.10200e+03 2.3013024703e+04 1.0069125657e+01
1.10300e+03 2.3028908063e+04 2.4431992118e+01
1.10400e+03 2.3045296223e+04 2.6812833593e+01
1.10500e+03 2.3060515620e+04 2.7753826933e+01
1.10600e+03 2.3073018640e+04 2.6357638318e+01
1.10700e+03 2.3086556000e+04 5.1720224307e+00
1.10800e+03 2.3100455394e+04 8.3394778112e-01
1.10900e+03 2.3114488054e+04 1.5751956747e+01
1.11000e+03 2.3128414174e+04 1.9472627624e+01
1.11100e+03 2.3141128448e+04 2.6310371589e+01
1.11200e+03 2.3153874152e+04 9.9336907132e+00
1.11300e+03 2.3167554378e+04 1.2077998934e+01
1.11400e+03 2.3181558688e+04 1.2518406893e+01
1.11500e+03 2.3194403755e+04 2.5680738207e+01
1.11600e+03 2.3204781145e+04 5.1734512357e+00
1.11700e+03 2.3216225369e+04 8.3213270771e-01
1.11800e+03 2.3227806287e+04 1.0818175095e+01
1.11900e+03 2.3239519592e+04 2.0993890100e+01
1.12000e+03 2.3251293218e+04 7.9240376919e+00
1.12100e+03 2.3261815098e+04 2.8450904837e+00
1.12200e+03 2.3272251861e+04 4.3550036542e+01
1.12300e+03 2.3282837915e+04 1.0347314015e+01
1.12400e+03 2.3293328038e+04 5.5012428589e+00
1.12500e+03 2.3305240114e+04 8.1148850574e+00
1.12600e+03 2.3317199912e+04 9.2682976502e+00
1.12700e+03 2.3327955184e+04 2.8911914462e+01
1.12800e+03 2.3341145918e+04 5.3594990313e+00
1.12900e+03 2.3355611992e+04 2.5539969520e+00
1.13000e+03 2.3369819054e+04 2.4419803422e+01
1.13100e+03 2.3383713190e+04 3.4700455572e+01
1.13200e+03 2.3397887991e+04 1.3059387856e+01
1.13300e+03 2.3412148350e+04 1.3321357897e+01
1.13400e+03 2.3426252211e+04 1.2390014817e+01
1.13500e+03 2.3439119350e+04 7.4660074041e+00
1.13600e+03 2.3454652975e+04 1.8202369626e+01
1.13700e+03 2.3471469118e+04 1.4933409050e+01
1.13800e+03 2.3487788770e+04 2.2157914802e+00
1.13900e+03 2.3502818288e+04 2.0346545815e+01
1.14000e+03 2.3520732749e+04 1.7299311696e+01
1.14100e+03 2.3539921738e+04 4.5864221671e+00
1.14200e+03 2.3558969019e+04 3.7680827997e+01
1.14300e+03 2.3576717770e+04 5.3478757912e+01
1.14400e+03 2.3591463848e+04 5.3494666946e+01
1.14500e+03 2.3607194058e+04 3.8998476482e+01
1.14600e+03 2.3623103652e+04 3.8549419358e+01
1.14700e+03 2.3638874431e+04 1.5980236543e+01
1.14800e+03 2.3655202394e+04 1.2687283529e+01
1.14900e+03 2.3671655249e+04 3.5774735472e+01
1.15000e+03 2.3687749927e+04 1.6149340624e+01
1.15100e+03 2.3703554163e+04 1.6166648490e+01
1.15200e+03 2.3719483989e+04 1.5985629947e+01
1.15300e+03 2.3734306055e+04 1.7074559843e+01
1.15400e+03 2.3752056655e+04 4.0156936036e+01
1.15500e+03 2.3771109751e+04 3.4703076953e+01
1.15600e+03 2.3789448310e+04 2.4087325469e+00
1.15700e+03 2.3806481110e+04 4.2327513807e+01
1.15800e+03 2.3823537647e+04 6.1653130149e+01
1.15900e+03 2.3840514179e+04 1.8260401734e+01
1.16000e+03 2.3857550902e+04 1.8222326677e+01
1.16100e+03 2.3875470363e+04 2.0491192482e+01
1.16200e+03 2.3894170645e+04 5.7373052789e+01
1.16300e+03 2.3911714271e+04 7.6432427484e+01
1.16400e+03 2.3926305899e+04 2.4450946601e+00
1.16500e+03 2.3940959945e+04 1.3438968371e+01
1.16600e+03 2.3958587205e+04 5.5900294748e+01
1.16700e+03 2.3977539551e+04 2.1847022799e+01
1.16800e+03 2.3995799330e+04 3.5148871119e+01
1.16900e+03 2.4013720074e+04 3.5115005762e+01
1.17000e+03 2.4032386024e+04 2.1790843004e+01
1.17100e+03 2.4051164135e+04 2.1594817264e+01
1.17200e+03 2.4069340336e+04 2.0239362980e+01
1.17300e+03 2.4086244822e+04 2.4016710076e+01
1.17400e+03 2.4106275922e+04 2.4446977165e+01
1.17500e+03 2.4127612796e+04 1.6581107801e+01
1.17600e+03 2.4148807691e+04 4.0666694386e+01
1.17700e+03 2.4169991664e+04 2.6450780817e+01
1.17800e+03 2.4190300432e+04 5.8023194146e+00
1.17900e+03 2.4209298949e+04 2.6516561235e+01
1.18000e+03 2.4231645868e+04 4.5304674999e+01
1.18100e+03 2.4255300260e+04 2.4704203337e+00
1.18200e+03 2.4278788664e+04 3.1185789007e+01
1.18300e+03 2.4301005950e+04 9.3679181558e+01
1.18400e+03 2.4319781660e+04 6.8092349257e+01
1.18500e+03 2.4339510537e+04 7.9785543166e+01
1.18600e+03 2.4359451080e+04 7.5667780185e+01
1.18700e+03 2.4378275049e+04 4.5084822661e+01
1.18800e+03 2.4397194933e+04 4.9690135655e+01
1.18900e+03 2.4416054427e+04 2.6252055853e+01
1.19000e+03 2.4438313625e+04 2.8465788802e+01
1.19100e+03 2.4460602989e+04 2.8509401000e+01
1.19200e+03 2.4479394532e+04 2.1591238575e+01
1.19300e+03 2.4498178585e+04 2.1494206909e+01
1.19400e+03 2.4520378550e+04 2.8421658779e+01
1.19500e+03 2.4543907530e+04 5.4659533803e+01
1.19600e+03 2.4567286959e+04 5.4495899580e+01
1.19700e+03 2.4589406351e+04 2.8223264665e+01
1.19800e+03 2.4608100764e+04 2.1375583173e+01
1.19900e+03 2.4627757284e+04 5.4369046350e+01
1.20000e+03 2.4647631438e+04 5.4248289228e+01
1.20100e+03 2.4667348591e+04 2.3443613254e+01
1.20200e+03 2.4687254995e+04 2.3452418750e+01
1.20300e+03 2.4706039573e+04 2.1354732547e+01
1.20400e+03 2.4724917816e+04 3.4726384360e+01
1.20500e+03 2.4744693656e+04 2.3487654161e+01
1.20600e+03 2.4765483103e+04 2.5566634333e+01
1.20700e+03 2.4785139955e+04 4.4538944968e+01
1.20800e+03 2.4804642017e+04 6.9991544217e+01
1.20900e+03 2.4824327115e+04 2.2948314483e+01
1.21000e+03 2.4840847408e+04 2.1106216237e+01
1.21100e+03 2.4857419926e+04 5.5399665816e+01
1.21200e+03 2.4877187977e+04 2.3191354685e+01
1.21300e+03 2.4898296187e+04 7.5202237623e+01
1.21400e+03 2.4918500457e+04 4.2432956475e+01
1.21500e+03 2.4937399554e+04 2.5494742251e+01
1.21600e+03 2.4956348321e+04 4.6568645550e+01
1.21700e+03 2.4976173014e+04 4.2439375476e+01
1.21800e+03 2.4996166417e+04 2.5258380732e+01
1.21900e+03 2.5015014255e+04 2.1467697482e+01
1.22000e+03 2.5033942171e+04 2.1425377446e+01
1.22100e+03 2.5053756332e+04 2.5222590976e+01
1.22200e+03 2.5074579716e+04 6.7453710426e+01
1.22300e+03 2.5094264459e+04 6.6090715381e+01
1.22400e+03 2.5110789820e+04 3.9465016283e-01
1.22500e+03 2.5127366796e+04 1.8738833986e+01
1.22600e+03 2.5147141280e+04 6.6031057581e+01
1.22700e+03 2.5168256525e+04 6.7630680088e+01
1.22800e+03 2.5189258125e+04 6.6202840506e+01
1.22900e+03 2.5209001528e+04 2.3100779433e+01
1.23000e+03 2.5225564937e+04 1.6750239135e+01
1.23100e+03 2.5243117269e+04 4.2366539596e+01
1.23200e+03 2.5261485587e+04 2.0444396655e+01
1.23300e+03 2.5278742613e+04 2.4863768956e+00
1.23400e+03 2.5295885391e+04 1.7962081517e+01
1.23500e+03 2.5313217242e+04 1.8018944135e+01
1.23600e+03 2.5327627753e+04 2.3459083779e+01
1.23700e+03 2.5343070975e+04 1.8314842689e+01
1.23800e+03 2.5359107275e+04 1.3185016911e+01
1.23900e+03 2.5374030547e+04 2.4085788170e+00
1.24000e+03 2.5388864784e+04 1.3286214325e+01
1.24100e+03 2.5403884203e+04 1.3369074802e+01
1.24200e+03 2.5416215992e+04 1.6217805612e+01
1.24300e+03 2.5429603150e+04 1.1115768380e+01
1.24400e+03 2.5443355845e+04 8.6659297207e+00
1.24500e+03 2.5455987145e+04 6.7083956266e-01
1.24600e+03 2.5466198150e+04 8.9838682560e+00
1.24700e+03 2.5477497352e+04 6.5693074169e+00
1.24800e+03 2.5488937256e+04 2.9829592295e+00
1.24900e+03 2.5499255017e+04 6.6613456034e+00
1.25000e+03 2.5507390089e+04 4.4868050571e+00
1.25100e+03 2.5515683650e+04 6.1544488850e+01
1.25200e+03 2.5526262717e+04 1.5085052179e+01
1.25300e+03 2.5538159787e+04 7.4683265965e+01
1.25400e+03 2.5550030905e+04 7.2547869571e+00
1.25500e+03 2.5560615978e+04 4.7496301729e+00
1.25600e+03 2.5568944001e+04 1.9295131753e-01
1.25700e+03 2.5578345634e+04 2.3699865090e+00
1.25800e+03 2.5587907938e+04 9.3678742230e+01
1.25900e+03 2.5596440688e+04 4.3194773546e-01
1.26000e+03 2.5607218725e+04 4.9438499211e+00
1.26100e+03 2.5619288201e+04 9.8560294185e+00
1.26200e+03 2.5631309433e+04 9.9962873438e+00
1.26300e+03 2.5642028569e+04 4.9684538588e+00
1.26400e+03 2.5652625770e+04 5.0893460627e+00
1.26500e+03 2.5664628755e+04 7.4837085212e+00
1.26600e+03 2.5676663685e+04 2.4726270657e+00
1.26700e+03 2.5687484088e+04 1.2013542242e+01
1.26800e+03 2.5698305919e+04 1.4833896535e+01
1.26900e+03 2.5710061044e+04 1.2339783929e+01
1.27000e+03 2.5721911164e+04 7.3051120239e+00
1.27100e+03 2.5732583918e+04 1.0131048473e+01
1.27200e+03 2.5741002164e+04 4.8613691191e-02
1.27300e+03 2.5750502074e+04 5.0425920264e+00
1.27400e+03 2.5759912923e+04 1.0127399200e-01
1.27500e+03 2.5768174266e+04 2.4599768918e+00
1.27600e+03 2.5776392614e+04 5.0973709619e+00
1.27700e+03 2.5786040981e+04 4.8420172638e+00
1.27800e+03 2.5795716721e+04 2.7640699630e+00
1.27900e+03 2.5805383351e+04 2.7795692657e+00
1.28000e+03 2.5815343715e+04 1.5290426364e+01
1.28100e+03 2.5824112379e+04 3.0405350051e+00
1.28200e+03 2.5835091588e+04 1.0374826439e+01
1.28300e+03 2.5847340460e+04 2.8193906025e+00
1.28400e+03 2.5859555115e+04 2.2542914852e+00
1.28500e+03 2.5870523610e+04 1.2564282032e+01
1.28600e+03 2.5883922413e+04 5.2361657055e+00
1.28700e+03 2.5898577986e+04 4.6587384691e+00
1.28800e+03 2.5912943450e+04 1.0347499582e+01
1.28900e+03 2.5926982276e+04 2.0025387118e+01
1.29000e+03 2.5941305959e+04 1.4895383377e+01
1.29100e+03 2.5954442572e+04 2.0518317050e+01
1.29200e+03 2.5965064762e+04 2.7246856470e+01
1.29300e+03 2.5976732183e+04 3.1725510251e-01
1.29400e+03 2.5988542848e+04 2.7806441049e+00
1.29500e+03 2.5999204494e+04 9.1015954378e+00
1.29600e+03 2.6009795380e+04 1.6232318765e+01
1.29700e+03 2.6021819333e+04 1.2537544573e+01
1.29800e+03 2.6033886953e+04 9.1938890594e+00
1.29900e+03 2.6044748884e+04 2.1340452685e+01
1.30000e+03 2.6058058042e+04 2.7182716849e+00
1.30100e+03 2.6072644172e+04 6.9148600834e+00
1.30200e+03 2.6086958734e+04 1.2074320492e+01
1.30300e+03 2.6100957423e+04 2.1524060100e+01
1.30400e+03 2.6115246091e+04 1.6617293151e+01
1.30500e+03 2.6128353058e+04 9.8003982226e+00
1.30600e+03 2.6141339657e+04 9.4680395104e+00
1.30700e+03 2.6155747516e+04 1.2069721698e+01
1.30800e+03 2.6169947540e+04 1.1560619626e+01
1.30900e+03 2.6182912049e+04 1.4276702668e+01
1.31000e+03 2.6198551639e+04 9.9668401544e+00
1.31100e+03 2.6215470984e+04 1.3874798639e+01
1.31200e+03 2.6232277492e+04 2.8436415497e+01
1.31300e+03 2.6247783386e+04 2.1814372565e+01
1.31400e+03 2.6260516386e+04 2.5883676610e+01
1.31500e+03 2.6274257048e+04 2.8335698242e+01
1.31600e+03 2.6288365867e+04 2.0799041801e+00
1.31700e+03 2.6301330376e+04 2.5413855354e+00
1.31800e+03 2.6314202203e+04 1.1093161426e+01
1.31900e+03 2.6328514861e+04 1.2360155041e+01
1.32000e+03 2.6342640744e+04 2.8233221495e+01
1.32100e+03 2.6355542631e+04 2.0976319766e+01
1.32200e+03 2.6368466128e+04 2.5910590453e+01
1.32300e+03 2.6381357492e+04 1.3879359662e+01
1.32400e+03 2.6396962304e+04 1.5080779345e+01
1.32500e+03 2.6413846385e+04 1.5809569238e+01
1.32600e+03 2.6430226080e+04 1.1354541896e+01
1.32700e+03 2.6446268097e+04 2.4804864665e+01
1.32800e+03 2.6462406072e+04 1.5437610041e+01
1.32900e+03 2.6477410825e+04 3.2892042282e+00
1.33000e+03 2.6495344047e+04 1.8122169481e+01
1.33100e+03 2.6514565595e+04 2.9102826684e+01
1.33200e+03 2.6533045816e+04 2.3422456429e+00
1.33300e+03 2.6550210090e+04 2.0263568975e+01
1.33400e+03 2.6570496111e+04 3.1426523288e+01
1.33500e+03 2.6592063848e+04 4.6860921361e+00
1.33600e+03 2.6613468209e+04 6.8574441829e+01
1.33700e+03 2.6633580729e+04 8.2794921898e+01
1.33800e+03 2.6650453275e+04 3.6579000320e+01
1.33900e+03 2.6668289978e+04 4.5719219460e+01
1.34000e+03 2.6686952037e+04 1.6152081103e+01
1.34100e+03 2.6704486740e+04 2.5778167495e+00
1.34200e+03 2.6721889633e+04 1.8117421041e+01
1.34300e+03 2.6740751819e+04 3.9592837275e+01
1.34400e+03 2.6759564224e+04 2.0809208012e+01
1.34500e+03 2.6777133180e+04 1.8133556176e+01
1.34600e+03 2.6794545083e+04 2.3243111232e+01
1.34700e+03 2.6812122774e+04 2.3228603439e+01
1.34800e+03 2.6826742903e+04 3.5571191779e+01
1.34900e+03 2.6842379742e+04 3.4724464048e+01
1.35000e+03 2.6858214997e+04 7.7718274649e+01
1.35100e+03 2.6872973363e+04 7.0308360410e+01
1.35200e+03 2.6890675682e+04 1.8377112157e+01
1.35300e+03 2.6909693613e+04 3.5497913715e+01
1.35400e+03 2.6928008516e+04 2.4796472480e+00
1.35500e+03 2.6945980595e+04 1.9366177928e+01
1.35600e+03 2.6964701366e+04 3.5370781114e+01
1.35700e+03 2.6982268087e+04 1.8347764638e+01
1.35800e+03 2.6996885849e+04 5.4034184208e+01
1.35900e+03 2.7011566232e+04 3.3986077211e+01
1.36000e+03 2.7029222579e+04 1.8283445993e+01
1.36100e+03 2.7046925125e+04 1.8400987300e+01
1.36200e+03 2.7061607915e+04 1.2395011608e+01
1.36300e+03 2.7076334374e+04 1.2428692006e+01
1.36400e+03 2.7091160974e+04 1.2560072486e+01
1.36500e+03 2.7106920962e+04 1.6092381627e+01
1.36600e+03 2.7123248369e+04 1.6942920650e+01
1.36700e+03 2.7138429270e+04 1.9848647267e+01
1.36800e+03 2.7150909790e+04 2.3460798250e+00
1.36900e+03 2.7164439612e+04 1.4695811183e+01
1.37000e+03 2.7178163351e+04 4.5513053334e+01
1.37100e+03 2.7190830923e+04 8.1448921661e+00
1.37200e+03 2.7206213293e+04 3.5937407019e+01
1.37300e+03 2.7221627882e+04 1.3764865507e+01
1.37400e+03 2.7236850052e+04 1.3590900911e+01
1.37500e+03 2.7253485069e+04 4.5561793808e+01
1.37600e+03 2.7269681116e+04 4.5978956842e+00
1.37700e+03 2.7285571488e+04 1.7190937519e+01
1.37800e+03 2.7301986028e+04 3.3667032345e+01
1.37900e+03 2.7317242748e+04 1.3419440967e+01
1.38000e+03 2.7329786298e+04 2.3247936196e+01
1.38100e+03 2.7342416053e+04 2.9414403915e+01
1.38200e+03 2.7355146934e+04 1.4524161707e+01
1.38300e+03 2.7368836038e+04 1.6601711033e+01
1.38400e+03 2.7382868256e+04 1.1023699047e+01
1.38500e+03 2.7395749761e+04 5.9068892959e+00
1.38600e+03 2.7406165754e+04 6.6610492253e-02
1.38700e+03 2.7417653278e+04 8.8110947599e+00
1.38800e+03 2.7429287272e+04 3.5027589427e+00
1.38900e+03 2.7441057129e+04 3.3043046619e+01
1.39000e+03 2.7452889603e+04 6.5015278565e+00
1.39100e+03 2.7463472868e+04 2.3647842542e+00
1.39200e+03 2.7471820172e+04 6.7335948355e+00
1.39300e+03 2.7481253992e+04 7.9405791384e+00
1.39400e+03 2.7490857492e+04 4.1775642154e+01
1.39500e+03 2.7499437733e+04 1.0892908247e+01
1.39600e+03 2.7510274061e+04 2.1224210440e+01
1.39700e+03 2.7522405860e+04 8.7808995576e+00
1.39800e+03 2.7534531879e+04 2.5225192424e+00
1.39900e+03 2.7545424394e+04 8.5728387263e+00
1.40000e+03 2.7556310417e+04 1.0934438939e+01
1.40100e+03 2.7568125063e+04 6.8247525833e+00
1.40200e+03 2.7580037046e+04 8.8516276178e+00
1.40300e+03 2.7590769680e+04 1.7799735174e+01
1.40400e+03 2.7601411401e+04 8.9218609349e+00
1.40500e+03 2.7612194228e+04 4.3001921001e+00
1.40600e+03 2.7620691921e+04 3.9665171755e+00
1.40700e+03 2.7630264751e+04 2.1570329251e+00
1.40800e+03 2.7639752558e+04 2.2160646421e+00
1.40900e+03 2.7649355190e+04 6.6035263061e+00
1.41000e+03 2.7659293208e+04 6.7848028110e+00
1.41100e+03 2.7668056713e+04 6.7839294157e+00
1.41200e+03 2.7679043749e+04 6.5978878227e+00
1.41300e+03 2.7691307480e+04 2.8264202730e+00
1.41400e+03 2.7703509563e+04 7.4945525127e+00
1.41500e+03 2.7714401393e+04 6.7002926301e+00
1.41600e+03 2.7725162309e+04 4.5107912297e+00
1.41700e+03 2.7737323415e+04 7.2191118669e+00
1.41800e+03 2.7749495949e+04 2.2345160029e+00
1.41900e+03 2.7760448713e+04 1.3286829706e+01
1.42000e+03 2.7773846319e+04 7.9352658839e+00
1.42100e+03 2.7788512664e+04 2.5052391617e+00
1.42200e+03 2.7803083528e+04 1.2083406377e+01
1.42300e+03 2.7816342797e+04 1.4801051550e+01
1.42400e+03 2.7827053339e+04 1.5908689906e+01
1.42500e+03 2.7838790344e+04 2.3936403815e+01
1.42600e+03 2.7850684649e+04 2.3634238764e+01
1.42700e+03 2.7862468717e+04 6.4968898093e+00
1.42800e+03 2.7874382624e+04 6.5099941063e+00
1.42900e+03 2.7886179418e+04 6.5162106633e+00
1.43000e+03 2.7898102499e+04 6.5188689872e+00
1.43100e+03 2.7908951151e+04 7.8232171274e+00
1.43200e+03 2.7919835468e+04 2.5545364936e+01
1.43300e+03 2.7930712076e+04 2.2128207594e+01
1.43400e+03 2.7944082313e+04 9.4603057915e+00
1.43500e+03 2.7957446299e+04 2.2204967134e+01
1.43600e+03 2.7968202155e+04 4.4214219931e+00
1.43700e+03 2.7979978502e+04 6.4919020626e+00
1.43800e+03 2.7991904742e+04 6.4885694496e+00
1.43900e+03 2.8003714547e+04 6.5155395252e+00
1.44000e+03 2.8015631182e+04 2.6513474386e+01
1.44100e+03 2.8026386724e+04 1.8085560705e+00
1.44200e+03 2.8034886564e+04 6.1885346114e+00
1.44300e+03 2.8044471529e+04 1.6856203221e+00
1.44400e+03 2.8054221670e+04 2.6489897678e+00
1.44500e+03 2.8062939682e+04 8.4407511184e+00
1.44600e+03 2.8071697826e+04 2.4606439123e-01
1.44700e+03 2.8081434588e+04 2.2589172036e+00
1.44800e+03 2.8091293173e+04 2.3651026057e+00
1.44900e+03 2.8100091780e+04 3.2641308161e-01
1.45000e+03 2.8108915118e+04 6.5015766792e-01
1.45100e+03 2.8118704859e+04 2.4157169917e+00
1.45200e+03 2.8128608738e+04 2.4585949397e+00
1.45300e+03 2.8137445395e+04 6.8755738815e-01
1.45400e+03 2.8146302340e+04 2.4469078120e+00
1.45500e+03 2.8155164364e+04 2.4698279451e+00
1.45600e+03 2.8164050575e+04 5.1131599044e-01
1.45700e+03 2.8173893189e+04 2.5090097485e+00
1.45800e+03 2.8183615137e+04 3.8793961467e-01
1.45900e+03 2.8193420288e+04 4.0623084100e+01
1.46000e+03 2.8203524462e+04 2.7067965140e+00
1.46100e+03 2.8212434553e+04 5.5887107725e-01
1.46200e+03 2.8223571395e+04 3.1364125254e+01
1.46300e+03 2.8235975206e+04 5.3027504471e+00
1.46400e+03 2.8248327504e+04 2.2481240653e+00
1.46500e+03 2.8260380723e+04 7.1605699575e+00
1.46600e+03 2.8272504765e+04 6.9251524267e+00
1.46700e+03 2.8283522228e+04 6.3407904196e+00
1.46800e+03 2.8297016501e+04 7.6548787315e+00
1.46900e+03 2.8311778967e+04 1.1522757795e+01
1.47000e+03 2.8326246686e+04 2.3436773711e+00
1.47100e+03 2.8339435707e+04 9.8187818030e+00
1.47200e+03 2.8355296364e+04 1.3877619412e+01
1.47300e+03 2.8371138528e+04 4.0863942920e+01
1.47400e+03 2.8386744652e+04 1.4151851699e+01
1.47500e+03 2.8403733378e+04 4.5675936800e+00
1.47600e+03 2.8420226394e+04 9.5491627979e+00
1.47700e+03 2.8436390157e+04 2.2909718246e+01
1.47800e+03 2.8452652444e+04 1.5132214393e+01
1.47900e+03 2.8468733624e+04 1.5034499465e+01
1.48000e+03 2.8484944691e+04 1.4968243974e+01
1.48100e+03 2.8500032932e+04 2.9900661396e+01
1.48200e+03 2.8518065879e+04 2.4268237460e+00
1.48300e+03 2.8536109558e+04 1.8763611593e+01
1.48400e+03 2.8551073562e+04 5.3161926795e+01
1.48500e+03 2.8567011943e+04 1.4810477414e+01
1.48600e+03 2.8583549349e+04 6.6383384574e+01
1.48700e+03 2.8598940700e+04 8.1499579593e+00
1.48800e+03 2.8611608507e+04 1.2499468973e+01
1.48900e+03 2.8624363207e+04 2.3380111069e+01
1.49000e+03 2.8639879354e+04 2.4369855496e+01
1.49100e+03 2.8655434576e+04 1.3707071006e+01
1.49200e+03 2.8670799287e+04 1.3541927733e+01
1.49300e+03 2.8687577444e+04 4.4583359414e+01
1.49400e+03 2.8703901050e+04 2.2957622302e+01
1.49500e+03 2.8719916016e+04 2.3011249267e+01
1.49600e+03 2.8736044071e+04 1.4743271604e+01
1.49700e+03 2.8751051582e+04 1.6837426604e+01
1.49800e+03 2.8768998445e+04 2.5821527147e+00
1.49900e+03 2.8786960972e+04 1.8515261080e+01
1.50000e+03 2.8801856715e+04 2.7097942743e+01
1.50100e+03 2.8817731891e+04 1.4588737885e+01
1.50200e+03 2.8833781229e+04 1.4495432015e+01
1.50300e+03 2.8848731012e+04 1.2428500112e+01
1.50400e+03 2.8866628509e+04 1.8447379121e+01
1.50500e+03 2.8885829099e+04 4.9382605695e+01
1.50600e+03 2.8904299486e+04 2.4210488701e+00
1.50700e+03 2.8921462813e+04 1.0735819382e+01
1.50800e+03 2.8941756037e+04 2.7347600925e+01
1.50900e+03 2.8963336654e+04 4.7986556090e+00
1.51000e+03 2.8983933267e+04 1.2574998807e+01
1.51100e+03 2.9003189684e+04 2.9413343082e+01
1.51200e+03 2.9025801386e+04 7.1123354217e+00
1.51300e+03 2.9049702730e+04 1.4883149813e+01
1.51400e+03 2.9072382633e+04 3.1467219921e+01
1.51500e+03 2.9093698266e+04 9.1644392408e+00
1.51600e+03 2.9118596329e+04 1.7154627320e+01
1.51700e+03 2.9144789250e+04 3.3727330490e+01
1.51800e+03 2.9170777392e+04 1.2809025434e+02
1.51900e+03 2.9196753285e+04 3.4368158727e+01
1.52000e+03 2.9222595017e+04 3.4187381219e+01
1.52100e+03 2.9247191202e+04 7.6625538979e+01
1.52200e+03 2.9271555492e+04 6.7493621026e+01
1.52300e+03 2.9297381619e+04 3.4003428145e+01
1.52400e+03 2.9321856547e+04 1.0950299433e+01
1.52500e+03 2.9344999170e+04 8.6390589521e+01
1.52600e+03 2.9368222682e+04 1.5631232735e+02
1.52700e+03 2.9392291505e+04 1.3782976884e+02
1.52800e+03 2.9417842505e+04 3.3678692875e+01
1.52900e+03 2.9442269418e+04 9.5901520331e+01
1.53000e+03 2.9463058930e+04 3.4238424205e-02
1.53100e+03 2.9484809222e+04 3.1326483173e+01
1.53200e+03 2.9506799349e+04 1.1751431712e+02
1.53300e+03 2.9528622952e+04 2.6026068635e+01
1.53400e+03 2.9551703331e+04 2.3273094986e+01
1.53500e+03 2.9573682033e+04 2.4824156829e+00
1.53600e+03 2.9595500132e+04 5.4687016769e+01
1.53700e+03 2.9617518982e+04 2.6062016999e+01
1.53800e+03 2.9639363400e+04 2.6062273998e+01
1.53900e+03 2.9662685372e+04 5.7093615925e+01
1.54000e+03 2.9685924291e+04 3.1451346523e+01
1.54100e+03 2.9709206167e+04 2.8676863680e+01
1.54200e+03 2.9731429530e+04 2.6233277918e+01
1.54300e+03 2.9752349753e+04 7.8446141779e+01
1.54400e+03 2.9776857052e+04 3.9047852307e+01
1.54500e+03 2.9801414914e+04 6.7584028938e+01
1.54600e+03 2.9822259335e+04 7.6022842740e+01
1.54700e+03 2.9844035290e+04 2.8669311215e+01
1.54800e+03 2.9867085595e+04 5.9591046548e+01
1.54900e+03 2.9889031532e+04 2.6119247559e+00
1.55000e+03 2.9907607965e+04 7.6999196597e+00
1.55100e+03 2.9927180309e+04 5.7327844359e+01
1.55200e+03 2.9946989534e+04 8.3497021310e+01
1.55300e+03 2.9966657166e+04 2.1467442673e+01
1.55400e+03 2.9987348811e+04 4.9679732211e+00
1.55500e+03 3.0006936295e+04 2.3584530804e+00
1.55600e+03 3.0026388795e+04 2.1111265903e+01
1.55700e+03 3.0046038566e+04 2.1152441954e+01
1.55800e+03 3.0062536840e+04 7.6638333022e+01
1.55900e+03 3.0079095517e+04 1.0378110643e+02
1.56000e+03 3.0095791063e+04 1.5190197343e+01
1.56100e+03 3.0113425853e+04 2.0328430390e+00
1.56200e+03 3.0131247670e+04 3.4451493503e+01
1.56300e+03 3.0147965293e+04 1.5333953716e+01
1.56400e+03 3.0167844781e+04 2.1558277758e+01
1.56500e+03 3.0187766040e+04 6.3490188439e+01
1.56600e+03 3.0204438585e+04 1.5295619250e+01
1.56700e+03 3.0222089232e+04 3.4432899723e+01
1.56800e+03 3.0240554486e+04 7.9975502004e+01
1.56900e+03 3.0257899708e+04 1.2704286588e+01
1.57000e+03 3.0272337720e+04 1.7842222382e-01
1.57100e+03 3.0286859201e+04 1.2905937456e+01
1.57200e+03 3.0301506214e+04 1.1045920472e+01
1.57300e+03 3.0316152895e+04 1.1160075139e+01
1.57400e+03 3.0333750125e+04 7.3836023059e+01
1.57500e+03 3.0352659952e+04 1.3009192798e+02
1.57600e+03 3.0371464384e+04 1.9576959737e+01
1.57700e+03 3.0388996024e+04 1.6986300315e+01
1.57800e+03 3.0403565362e+04 1.1071241078e+01
1.57900e+03 3.0418186715e+04 1.1034840972e+01
1.58000e+03 3.0435772414e+04 1.6957783799e+01
1.58100e+03 3.0454684320e+04 1.9559460713e+01
1.58200e+03 3.0473496934e+04 1.9548084646e+01
1.58300e+03 3.0491040218e+04 1.6952469421e+01
1.58400e+03 3.0505622133e+04 1.1036383142e+01
1.58500e+03 3.0521209970e+04 5.6166434371e+01
1.58600e+03 3.0537389328e+04 5.1854737599e+00
1.58700e+03 3.0552446860e+04 2.4857518129e+00
1.58800e+03 3.0564833127e+04 2.0904977641e+01
1.58900e+03 3.0578279229e+04 3.0385542005e+00
1.59000e+03 3.0592100422e+04 4.8414324687e+00
1.59100e+03 3.0606069597e+04 1.4929503715e+01
1.59200e+03 3.0619949145e+04 7.2578245019e+01
1.59300e+03 3.0632628867e+04 2.9967788969e+01
1.59400e+03 3.0647986185e+04 2.1802979387e+01
1.59500e+03 3.0663369692e+04 2.2107151434e+01
1.59600e+03 3.0675961940e+04 7.0431770042e+00
1.59700e+03 3.0688616524e+04 7.0109957211e+00
1.59800e+03 3.0704004082e+04 1.2536173837e+01
1.59900e+03 3.0720698588e+04 1.6658055215e+01
1.60000e+03 3.0737303991e+04 2.9004718769e+01
1.60100e+03 3.0752625241e+04 1.2461380120e+01
1.60200e+03 3.0765203471e+04 6.9899663691e+00
1.60300e+03 3.0778803118e+04 2.4292667389e+01
1.60400e+03 3.0792767170e+04 5.6721044652e+00
1.60500e+03 3.0806863150e+04 1.8110896144e+01
1.60600e+03 3.0820845601e+04 2.4371277095e+01
1.60700e+03 3.0833616467e+04 7.2994508044e+00
1.60800e+03 3.0849064755e+04 2.2288978221e+01
1.60900e+03 3.0864531890e+04 2.2412575134e+01
1.61000e+03 3.0877194082e+04 1.3546672591e+01
1.61100e+03 3.0889912560e+04 2.2214300968e+01
1.61200e+03 3.0905365646e+04 1.2615630543e+01
1.61300e+03 3.0922121639e+04 6.2974975187e+00
1.61400e+03 3.0938783928e+04 2.5088399164e+01
1.61500e+03 3.0954158846e+04 1.2510797302e+01
1.61600e+03 3.0966782861e+04 1.5983350366e+01
1.61700e+03 3.0980425124e+04 3.0772358991e+01
1.61800e+03 3.0994433741e+04 9.8446147567e+00
1.61900e+03 3.1007305070e+04 2.5035888296e+00
1.62000e+03 3.1020090873e+04 7.3299195660e+00
1.62100e+03 3.1033041985e+04 7.4023726107e+00
1.62200e+03 3.1043503573e+04 1.2557631540e+01
1.62300e+03 3.1055029224e+04 7.7181584058e+00
1.62400e+03 3.1066700548e+04 2.5565916764e+00
1.62500e+03 3.1077235038e+04 2.4166213567e+00
1.62600e+03 3.1085554879e+04 5.5686943054e+00
1.62700e+03 3.1094976742e+04 4.5024662638e-01
1.62800e+03 3.1104575277e+04 3.4517907687e+01
1.62900e+03 3.1114108584e+04 7.8020192260e-01
1.63000e+03 3.1123778592e+04 8.5089489440e-01
1.63100e+03 3.1133367197e+04 9.0534235443e-01
1.63200e+03 3.1142829176e+04 4.6235493067e+00
1.63300e+03 3.1152404798e+04 2.8153061300e+01
1.63400e+03 3.1162320542e+04 1.1501727986e+00
1.63500e+03 3.1172015884e+04 1.2557600570e+00
1.63600e+03 3.1181558511e+04 6.9079565462e+00
1.63700e+03 3.1191200046e+04 1.2149360468e+00
1.63800e+03 3.1200899797e+04 1.3708443475e+00
1.63900e+03 3.1209326769e+04 3.1086887934e+00
1.64000e+03 3.1215724355e+04 1.4659040235e+00
1.64100e+03 3.1223219450e+04 1.2164756064e+00
1.64200e+03 3.1230865630e+04 2.2303190817e+00
1.64300e+03 3.1238451712e+04 9.0987857659e-02
1.64400e+03 3.1245690311e+04 2.4611517641e+00
1.64500e+03 3.1253035746e+04 3.7710184411e+00
1.64600e+03 3.1260944463e+04 3.5343470712e-01
1.64700e+03 3.1268651785e+04 2.3374522787e+00
1.64800e+03 3.1275982124e+04 3.6755064401e+00
1.64900e+03 3.1283402398e+04 3.2524977263e-01
1.65000e+03 3.1291369442e+04 2.2767888109e+00
1.65100e+03 3.1298173287e+04 2.0691616169e+01
1.65200e+03 3.1304964617e+04 3.0657332989e+00
1.65300e+03 3.1312729194e+04 2.6173448279e+00
1.65400e+03 3.1320145030e+04 2.3942763827e-01
1.65500e+03 3.1326371524e+04 3.7987084557e+00
1.65600e+03 3.1330792872e+04 4.0582392413e+00
1.65700e+03 3.1336334522e+04 2.2229274673e+00
1.65800e+03 3.1341342947e+04 2.4074115237e+00
1.65900e+03 3.1346455431e+04 4.5823017023e+00
1.66000e+03 3.1352355782e+04 3.7549498656e+00
1.66100e+03 3.1357122622e+04 8.7176499229e+00
1.66200e+03 3.1361869982e+04 2.8211628837e+00
1.66300e+03 3.1366653370e+04 1.6548641132e-02
1.66400e+03 3.1371437419e+04 3.6688888289e-02
1.66500e+03 3.1376253594e+04 3.2786287051e-02
1.66600e+03 3.1382877359e+04 1.8101339974e+00
1.66700e+03 3.1390746784e+04 8.8448154189e-01
1.66800e+03 3.1399019302e+04 7.7500790801e-01
1.66900e+03 3.1406078634e+04 4.3483312932e-01
1.67000e+03 3.1415124907e+04 2.3620397795e+00
1.67100e+03 3.1424131019e+04 2.8700487960e-01
1.67200e+03 3.1432957737e+04 5.0627381445e-01
1.67300e+03 3.1443138540e+04 2.3113785319e+00
1.67400e+03 3.1453505029e+04 2.0939708679e+00
1.67500e+03 3.1462647492e+04 3.9370414483e+00
1.67600e+03 3.1474012167e+04 4.3106133221e+00
1.67700e+03 3.1486622412e+04 3.6373130863e+00
1.67800e+03 3.1499144530e+04 2.1556297886e+00
1.67900e+03 3.1510399455e+04 6.4187642641e+00
1.68000e+03 3.1521625695e+04 1.1709567358e+01
1.68100e+03 3.1532800606e+04 4.0480622446e+00
1.68200e+03 3.1546465734e+04 5.9341283893e+00
1.68300e+03 3.1561381388e+04 4.4588835293e+00
1.68400e+03 3.1575975500e+04 1.1383383246e+01
1.68500e+03 3.1589280917e+04 3.9306244536e+00
1.68600e+03 3.1602570008e+04 1.0033559246e+01
1.68700e+03 3.1616748266e+04 1.9728531912e+01
1.68800e+03 3.1631037023e+04 1.0092058168e+01
1.68900e+03 3.1644202194e+04 8.0831611639e+00
1.69000e+03 3.1657393952e+04 7.9777447922e+00
1.69100e+03 3.1670541131e+04 7.9517749954e+00
1.69200e+03 3.1686419182e+04 6.6673477169e+00
1.69300e+03 3.1703565217e+04 2.3684346835e+01
1.69400e+03 3.1720172279e+04 1.1866487663e+01
1.69500e+03 3.1736429356e+04 2.4015405694e+01
1.69600e+03 3.1753217116e+04 4.0375848342e+01
1.69700e+03 3.1770090588e+04 1.5247598007e+01
1.69800e+03 3.1786934637e+04 1.5288638889e+01
1.69900e+03 3.1802510478e+04 3.2491632826e+01
1.70000e+03 3.1815324097e+04 2.2008892091e+01
1.70100e+03 3.1829155753e+04 1.6513469066e+01
1.70200e+03 3.1843165402e+04 2.8342751309e+01
1.70300e+03 3.1856103014e+04 2.1777315659e+01
1.70400e+03 3.1871770487e+04 3.8682435698e+01
1.70500e+03 3.1888738386e+04 2.4743295444e+01
1.70600e+03 3.1905607505e+04 2.4743622674e+01
1.70700e+03 3.1921185865e+04 2.9113778542e+01
1.70800e+03 3.1933989529e+04 1.6487001228e+01
1.70900e+03 3.1947805557e+04 2.4703250751e+01
1.71000e+03 3.1962002637e+04 2.6720394364e+00
1.71100e+03 3.1975060441e+04 6.8255817380e+00
1.71200e+03 3.1988027059e+04 2.2017697700e+01
1.71300e+03 3.2002436135e+04 1.0115169256e+01
1.71400e+03 3.2016650428e+04 2.4883191546e+01
1.71500e+03 3.2029641129e+04 2.9173145613e+01
1.71600e+03 3.2045320796e+04 1.2818102480e+01
1.71700e+03 3.2062288462e+04 1.4742905998e+01
1.71800e+03 3.2079149873e+04 2.7497548495e+01
1.71900e+03 3.2095983872e+04 1.5152068690e+01
1.72000e+03 3.2112373960e+04 2.1757946126e+00
1.72100e+03 3.2127490593e+04 1.4931216268e+01
1.72200e+03 3.2145515528e+04 3.2210347781e+01
1.72300e+03 3.2163547772e+04 6.2607403550e+01
1.72400e+03 3.2178504199e+04 3.7028394813e+01
1.72500e+03 3.2194434762e+04 2.6915218486e+01
1.72600e+03 3.2210965150e+04 3.2270796784e+01
1.72700e+03 3.2226351289e+04 2.6461044712e+00
1.72800e+03 3.2239016361e+04 1.4399863534e+01
1.72900e+03 3.2251769807e+04 2.9814951553e+01
1.73000e+03 3.2264626554e+04 1.3285592292e+01
1.73100e+03 3.2278440791e+04 3.0122200691e+01
1.73200e+03 3.2292611887e+04 5.0027503202e+00
1.73300e+03 3.2305632152e+04 4.6502983544e+00
1.73400e+03 3.2318556829e+04 1.4366834113e+01
1.73500e+03 3.2331642169e+04 7.4013703558e+00
1.73600e+03 3.2342220402e+04 1.4719647419e+01
1.73700e+03 3.2352906308e+04 1.9653558995e+01
1.73800e+03 3.2366120213e+04 7.6831977035e+00
1.73900e+03 3.2380642084e+04 2.4928650483e+01
1.74000e+03 3.2394916941e+04 5.7500894933e+01
1.74100e+03 3.2407941118e+04 2.6451536070e+00
1.74200e+03 3.2423641742e+04 2.4867177655e+00
1.74300e+03 3.2440619395e+04 1.9546280587e+01
1.74400e+03 3.2457080988e+04 4.8292450476e+00
1.74500e+03 3.2472249644e+04 4.6287093834e+00
1.74600e+03 3.2487424710e+04 1.4499166666e+01
1.74700e+03 3.2502529286e+04 1.1629475032e+01
1.74800e+03 3.2517678343e+04 1.1591836938e+01
1.74900e+03 3.2533720916e+04 1.9145503001e+01
1.75000e+03 3.2550329382e+04 3.2046381667e+01
1.75100e+03 3.2565770308e+04 3.5789131148e+01
1.75200e+03 3.2578469724e+04 2.4496410118e+00
1.75300e+03 3.2592203196e+04 7.7903198003e+00
1.75400e+03 3.2606320267e+04 1.5692551732e+01
1.75500e+03 3.2619303086e+04 4.9052978872e+00
1.75600e+03 3.2629818736e+04 3.2049412966e+00
1.75700e+03 3.2641409304e+04 1.3533954397e+01
1.75800e+03 3.2653160689e+04 7.2660780008e+00
1.75900e+03 3.2663781064e+04 8.3929187801e-01
1.76000e+03 3.2672180516e+04 1.1404223181e+01
1.76100e+03 3.2681682497e+04 9.3473994891e+00
1.76200e+03 3.2691115545e+04 1.4798843175e+00
1.76300e+03 3.2699413341e+04 9.0702398741e+00
1.76400e+03 3.2705727139e+04 1.1423706487e+01
1.76500e+03 3.2712213449e+04 3.6970609484e+00
1.76600e+03 3.2718780408e+04 2.5316029782e-01
1.76700e+03 3.2726366654e+04 3.3941382482e+00
1.76800e+03 3.2733621633e+04 6.8831005654e+00
1.76900e+03 3.2739709983e+04 1.3368822087e+01
1.77000e+03 3.2745769751e+04 1.7756263695e+01
1.77100e+03 3.2753250682e+04 1.9242974730e+01
1.77200e+03 3.2761235014e+04 1.3944996381e+01
1.77300e+03 3.2768058541e+04 5.9012397442e-01
1.77400e+03 3.2776880528e+04 1.2158226723e+01
1.77500e+03 3.2786962295e+04 2.6008360221e+00
1.77600e+03 3.2797228095e+04 2.2814678858e+00
1.77700e+03 3.2807220829e+04 9.2827055346e+00
1.77800e+03 3.2817274676e+04 9.0614705707e+00
1.77900e+03 3.2826241668e+04 7.7662517370e+00
1.78000e+03 3.2835215799e+04 8.2898507650e+00
1.78100e+03 3.2844183745e+04 2.6597285070e+00
1.78200e+03 3.2855418132e+04 5.0106341653e+00
1.78300e+03 3.2867909400e+04 3.7568672138e+00
1.78400e+03 3.2880321227e+04 7.5487483443e+00
1.78500e+03 3.2891410519e+04 1.5629353561e+01
1.78600e+03 3.2900165844e+04 2.1880550111e-01
1.78700e+03 3.2909965505e+04 7.3481259689e+00
1.78800e+03 3.2919684186e+04 2.6931464030e+00
1.78900e+03 3.2929506421e+04 8.3434734311e-01
1.79000e+03 3.2939384421e+04 9.9283226206e-01
1.79100e+03 3.2947987760e+04 2.4859528257e+00
1.79200e+03 3.2954541078e+04 5.1387708725e+00
1.79300e+03 3.2961231864e+04 2.6378844835e+00
1.79400e+03 3.2967982976e+04 1.9779377147e-01
1.79500e+03 3.2975734765e+04 3.7464849143e+00
1.79600e+03 3.2983157504e+04 2.4552614241e+00
1.79700e+03 3.2989402368e+04 4.0731607265e-01
1.79800e+03 3.2995606638e+04 4.4349290403e-01
1.79900e+03 3.3003223217e+04 3.6666222328e+00
1.80000e+03 3.3011322966e+04 1.6439404682e+00
1.80100e+03 3.3019207791e+04 2.3197706665e+00
1.80200e+03 3.3026723450e+04 2.9507801372e+00
1.80300e+03 3.3033048300e+04 7.9986525529e-02
1.80400e+03 3.3037558759e+04 7.7014863684e+00
1.80500e+03 3.3043185974e+04 2.6577274049e+00
1.80600e+03 3.3048948852e+04 4.0549658683e+00
1.80700e+03 3.3053706155e+04 4.9447277257e+00
1.80800e+03 3.3058476007e+04 2.9950323131e+00
1.80900e+03 3.3063293584e+04 6.0273721898e-02
1.81000e+03 3.3069930606e+04 2.5310421451e+00
1.81100e+03 3.3077821431e+04 2.6735838450e+00
1.81200e+03 3.3086117997e+04 7.2073638533e-01
1.81300e+03 3.3093205060e+04 2.5902565377e-01
1.81400e+03 3.3100251490e+04 2.2765777357e+00
1.81500e+03 3.3108245562e+04 1.8085454554e-01
1.81600e+03 3.3116321950e+04 4.0085214068e-01
1.81700e+03 3.3123329470e+04 7.9542532842e-02
1.81800e+03 3.3132369919e+04 2.4034274236e+00
1.81900e+03 3.3141388344e+04 6.4275303470e-01
1.82000e+03 3.3150238402e+04 8.3250211707e-01
1.82100e+03 3.3159173395e+04 9.1510199922e-01
1.82200e+03 3.3167976648e+04 9.6099074926e-01
1.82300e+03 3.3176879829e+04 9.9184215162e-01
1.82400e+03 3.3183662029e+04 4.4490315811e-01
1.82500e+03 3.3191515269e+04 1.4083276977e-01
1.82600e+03 3.3199499083e+04 2.3326603689e-01
1.82700e+03 3.3206444199e+04 5.4692154447e-01
1.82800e+03 3.3215434473e+04 8.0382999025e-01
1.82900e+03 3.3224415624e+04 7.2505629475e-01
1.83000e+03 3.3231233744e+04 1.0477181789e-01
1.83100e+03 3.3239112804e+04 2.5820345028e-02
1.83200e+03 3.3247116752e+04 4.5928211153e-02
1.83300e+03 3.3254077358e+04 7.8753664938e-01
1.83400e+03 3.3263082776e+04 7.0918682143e-01
1.83500e+03 3.3272077583e+04 6.9482176947e-01
1.83600e+03 3.3280912711e+04 2.6888294627e-01
1.83700e+03 3.3291115890e+04 2.3123542613e+00
1.83800e+03 3.3301511093e+04 2.3912547979e+00
1.83900e+03 3.3311642396e+04 2.2522428463e+00
1.84000e+03 3.3321633002e+04 1.4948240355e+00
1.84100e+03 3.3330425867e+04 4.7055530250e-01
1.84200e+03 3.3337145377e+04 2.1771742249e+00
1.84300e+03 3.3343996497e+04 9.6408160120e-01
1.84400e+03 3.3352930362e+04 2.4087778162e+00
1.84500e+03 3.3361869318e+04 2.5524597337e+00
1.84600e+03 3.3370660660e+04 1.4252219913e-01
1.84700e+03 3.3379551074e+04 1.9092084619e-01
1.84800e+03 3.3388321258e+04 2.1158155254e-02
1.84900e+03 3.3397199758e+04 3.3051818500e-02
1.85000e+03 3.3403965837e+04 4.6569376394e-02
1.85100e+03 3.3411808324e+04 7.9548728015e-01
1.85200e+03 3.3419357276e+04 2.4416541918e+00
1.85300e+03 3.3427002324e+04 2.9800834984e+00
1.85400e+03 3.3435169928e+04 7.7229984502e-01
1.85500e+03 3.3443125691e+04 2.3259362237e+00
1.85600e+03 3.3451156839e+04 2.4600661043e+00
1.85700e+03 3.3458134635e+04 2.2470317629e+00
1.85800e+03 3.3467152986e+04 8.0133441620e-01
1.85900e+03 3.3476159882e+04 6.7213710512e-01
1.86000e+03 3.3483000349e+04 2.8021123084e+00
1.86100e+03 3.3489945160e+04 8.3351773566e-01
1.86200e+03 3.3498963607e+04 6.7136928330e-01
1.86300e+03 3.3507972878e+04 6.6832336586e-01
1.86400e+03 3.3516823645e+04 8.3533498467e-01
1.86500e+03 3.3527043121e+04 2.0504974505e+00
1.86600e+03 3.3537239352e+04 1.7186221118e+00
1.86700e+03 3.3546124123e+04 9.5899866058e-01
1.86800e+03 3.3552906642e+04 2.9974978296e-01
1.86900e+03 3.3560758683e+04 1.6131817418e+00
1.87000e+03 3.3568316466e+04 2.6384478584e+00
1.87100e+03 3.3575972159e+04 3.4826895706e+00
1.87200e+03 3.3584150837e+04 1.7590985115e+00
1.87300e+03 3.3592118217e+04 2.5204706181e+00
1.87400e+03 3.3599729960e+04 2.3640448349e+00
1.87500e+03 3.3607424991e+04 1.0379945345e-02
1.87600e+03 3.3615186419e+04 1.4968484515e-01
1.87700e+03 3.3621659058e+04 2.4121318885e+00
1.87800e+03 3.3626290808e+04 2.7416518251e+00
1.87900e+03 3.3631073731e+04 3.6670861190e+00
1.88000e+03 3.3635901830e+04 1.1914884872e-01
1.88100e+03 3.3640784829e+04 1.0007655403e-01
1.88200e+03 3.3647498702e+04 4.1457664114e+00
1.88300e+03 3.3655469027e+04 2.7529489626e-01
1.88400e+03 3.3663411686e+04 5.9458242138e-01
1.88500e+03 3.3671295660e+04 8.6351576841e-02
1.88600e+03 3.3679627069e+04 2.3652192394e+00
1.88700e+03 3.3686759698e+04 1.8919896996e+00
1.88800e+03 3.3695897699e+04 2.6128819753e+00
1.88900e+03 3.3706279478e+04 1.3495098993e-01
1.89000e+03 3.3716803479e+04 2.1925929265e+00
1.89100e+03 3.3726085129e+04 4.7592886705e+00
1.89200e+03 3.3737594877e+04 2.5065642310e+00
1.89300e+03 3.3749067456e+04 5.9726457291e+00
1.89400e+03 3.3758107610e+04 4.2120535704e+00
1.89500e+03 3.3768166853e+04 1.8904517984e+00
1.89600e+03 3.3778350338e+04 1.5480448390e+00
1.89700e+03 3.3787463455e+04 2.3355250212e+00
1.89800e+03 3.3798852763e+04 4.1637746217e+00
1.89900e+03 3.3810231352e+04 4.0656209019e+00
1.90000e+03 3.3819200178e+04 1.8783503910e+00
1.90100e+03 3.3829202255e+04 1.4893308324e+00
1.90200e+03 3.3839133401e+04 1.0382808542e+01
1.90300e+03 3.3849157719e+04 9.6006429624e+00
1.90400e+03 3.3859460138e+04 1.6067756434e+00
1.90500e+03 3.3868568660e+04 4.1550161571e+00
1.90600e+03 3.3879924047e+04 5.2729055151e+00
1.90700e+03 3.3891267685e+04 5.2326815980e+00
1.90800e+03 3.3900207823e+04 4.1221725224e+00
1.90900e+03 3.3910183498e+04 6.1948057626e+00
1.91000e+03 3.3920087947e+04 5.2007522861e+00
1.91100e+03 3.3928818968e+04 2.6126169216e+00
1.91200e+03 3.3937482253e+04 1.3199287534e+00
1.91300e+03 3.3947558601e+04 5.2475815531e+00
1.91400e+03 3.3957644363e+04 1.4414703151e+00
1.91500e+03 3.3966439710e+04 1.2542834870e+00
1.91600e+03 3.3975137545e+04 3.9047116988e+00
1.91700e+03 3.3983957842e+04 3.9257575649e+00
1.91800e+03 3.3992677113e+04 2.1435770095e-02
1.91900e+03 3.4002793105e+04 1.4796723164e+00
1.92000e+03 3.4012906305e+04 1.5056309967e+00
1.92100e+03 3.4022992891e+04 1.4747192891e+00
1.92200e+03 3.4033317627e+04 6.2109274093e+00
1.92300e+03 3.4043389153e+04 8.2355559405e+00
1.92400e+03 3.4053326960e+04 1.2978506315e+00
1.92500e+03 3.4062078632e+04 4.7210194818e-02
1.92600e+03 3.4070754509e+04 2.9080431567e+00
1.92700e+03 3.4079561747e+04 2.9607007077e+00
1.92800e+03 3.4086279351e+04 9.4692616940e+00
1.92900e+03 3.4094085111e+04 9.6921325710e-01
1.93000e+03 3.4101602967e+04 2.4199509643e+00
1.93100e+03 3.4109224109e+04 3.5864218411e+00
1.93200e+03 3.4117375074e+04 5.0853052860e+00
1.93300e+03 3.4124365030e+04 8.6578142666e+00
1.93400e+03 3.4131345068e+04 7.0581021911e-01
1.93500e+03 3.4139296940e+04 2.2714190444e+00
1.93600e+03 3.4146920739e+04 1.1362748004e+00
1.93700e+03 3.4153354590e+04 2.3733871660e+00
1.93800e+03 3.4159736023e+04 5.8772798721e+00
1.93900e+03 3.4167522278e+04 1.8471527840e-01
1.94000e+03 3.4175769309e+04 1.9783290579e+00
1.94100e+03 3.4182840895e+04 2.5948191147e+00
1.94200e+03 3.4191925775e+04 2.6730507360e+00
1.94300e+03 3.4202261409e+04 1.7640692740e+00
1.94400e+03 3.4212748269e+04 2.0450766217e+00
1.94500e+03 3.4222951951e+04 1.9686611855e+00
1.94600e+03 3.4233010746e+04 1.6721538390e+00
1.94700e+03 3.4241865804e+04 2.5524149495e-01
1.94800e+03 3.4250630563e+04 1.2880506380e+00
1.94900e+03 3.4259516907e+04 7.9347183683e-01
1.95000e+03 3.4268297229e+04 1.5562598095e-02
1.95100e+03 3.4277194035e+04 2.6009770958e-02
1.95200e+03 3.4283981601e+04 4.9492763292e-01
1.95300e+03 3.4290894302e+04 6.1884963658e-01
1.95400e+03 3.4299890133e+04 2.1550842456e-01
1.95500e+03 3.4310160007e+04 1.6047217080e+00
1.95600e+03 3.4320599145e+04 1.9189701874e+00
1.95700e+03 3.4330766016e+04 1.8802408101e+00
1.95800e+03 3.4340995449e+04 1.6686559118e+00
1.95900e+03 3.4350135379e+04 2.4425216179e+00
1.96000e+03 3.4361542246e+04 4.0141528924e+00
1.96100e+03 3.4374210741e+04 5.1641677976e+00
1.96200e+03 3.4386798351e+04 9.2909355639e+00
1.96300e+03 3.4399333194e+04 6.3824453434e+00
1.96400e+03 3.4411835488e+04 6.2907460731e+00
1.96500e+03 3.4424304206e+04 6.2183311180e+00
1.96600e+03 3.4436768803e+04 2.2351633905e+00
1.96700e+03 3.4447997140e+04 6.0985450251e+00
1.96800e+03 3.4461691773e+04 2.0034946119e+01
1.96900e+03 3.4476651049e+04 2.4905579150e+00
1.97000e+03 3.4491507820e+04 1.1054657497e+01
1.97100e+03 3.4506317607e+04 1.0894112826e+01
1.97200e+03 3.4521077177e+04 1.0786017589e+01
1.97300e+03 3.4534542681e+04 2.8809040807e+01
1.97400e+03 3.4545450681e+04 8.9070272749e+00
1.97500e+03 3.4557386953e+04 3.8055774919e+01
1.97600e+03 3.4569489507e+04 2.6570156256e+00
1.97700e+03 3.4580440437e+04 2.5145749967e+00
1.97800e+03 3.4591314691e+04 1.0550907867e+01
1.97900e+03 3.4603620040e+04 5.6164347813e+00
1.98000e+03 3.4615938491e+04 3.7871574203e+01
1.98100e+03 3.4627999124e+04 5.5716046540e+00
1.98200e+03 3.4640160953e+04 5.6700937785e+00
1.98300e+03 3.4652418294e+04 8.0535949102e+00
1.98400e+03 3.4664729087e+04 5.5583742553e+00
1.98500e+03 3.4675826679e+04 3.0424522748e+01
1.98600e+03 3.4686932056e+04 4.0872898227e+01
1.98700e+03 3.4698972910e+04 5.5330367103e+00
1.98800e+03 3.4711141923e+04 8.0527245428e+00
1.98900e+03 3.4722134957e+04 2.4259742339e+01
1.99000e+03 3.4733035352e+04 1.6763715413e+01
1.99100e+03 3.4745357912e+04 5.6727128585e+00
1.99200e+03 3.4757672660e+04 5.8127746124e+00
1.99300e+03 3.4768706834e+04 3.1108111051e+00
1.99400e+03 3.4777438332e+04 3.1536234936e+00
1.99500e+03 3.4786279222e+04 1.4571048339e+01
1.99600e+03 3.4795189585e+04 1.7886513274e-01
1.99700e+03 3.4805079977e+04 3.7111782824e+00
1.99800e+03 3.4814878058e+04 1.9947898428e+00
1.99900e+03 3.4823504703e+04 2.1480451164e+00
2.00000e+03 3.4830090695e+04 1.3830963122e+00
