0.00000e+00 0.0000000000e+00 0.0000000000e+00
1.00000e+00 1.3675608872e+02 1.3675608872e+02
2.00000e+00 2.7347507845e+02 2.7333832236e+02
3.00000e+00 4.1508637117e+02 1.4161129272e+02
4.00000e+00 5.5634734366e+02 2.8273065392e+02
5.00000e+00 6.9321794194e+02 2.7317949360e+02
6.00000e+00 8.1321751152e+02 1.1999956958e+02
7.00000e+00 9.3386039169e+02 3.9370786421e+02
8.00000e+00 1.0548809336e+03 3.9433512864e+02
9.00000e+00 1.1790737464e+03 4.0664073608e+02
1.00000e+01 1.3133472800e+03 2.6106852643e+02
1.10000e+01 1.4477956972e+03 5.3609250568e+02
1.20000e+01 1.5721396670e+03 5.3057806514e+02
1.30000e+01 1.6931900590e+03 2.4116289126e+02
1.40000e+01 1.8315697816e+03 5.4206749486e+02
1.50000e+01 1.9694642680e+03 5.4254931549e+02
1.60000e+01 2.0901025163e+03 2.4053943482e+02
1.70000e+01 2.2112260047e+03 3.0084314432e+02
1.80000e+01 2.3326334258e+03 3.0131147391e+02
1.90000e+01 2.4571467618e+03 2.6112798111e+02
2.00000e+01 2.5917208894e+03 5.4230736019e+02
2.10000e+01 2.7217614285e+03 2.3268506265e+02
2.20000e+01 2.8516702935e+03 4.9848783827e+02
2.30000e+01 2.9816864454e+03 2.5742595329e+02
2.40000e+01 3.1115900495e+03 2.5716326640e+02
2.50000e+01 3.2462805512e+03 5.4200713735e+02
2.60000e+01 3.3805631314e+03 4.8932935746e+02
2.70000e+01 3.5150652353e+03 4.8865163023e+02
2.80000e+01 3.6492350550e+03 2.6538812518e+02
2.90000e+01 3.7789982704e+03 2.5665316661e+02
3.00000e+01 3.8925875165e+03 7.8181749876e+00
3.10000e+01 4.0098493026e+03 1.2884762681e+03
3.20000e+01 4.1275739619e+03 1.5414353344e+03
3.30000e+01 4.2451274920e+03 2.3124993097e+02
3.40000e+01 4.3721263074e+03 7.1710043584e+00
3.50000e+01 4.4993368466e+03 4.8878935944e+02
3.60000e+01 4.6171798182e+03 2.3113699331e+02
3.70000e+01 4.7347835875e+03 2.3095609561e+02
3.80000e+01 4.8527957850e+03 2.3089436542e+02
3.90000e+01 4.9675283079e+03 7.4850448806e+02
4.00000e+01 5.0988293443e+03 7.5519888801e+02
4.10000e+01 5.2296196573e+03 7.5547078675e+02
4.20000e+01 5.3600692942e+03 2.5645897423e+02
4.30000e+01 5.4905164152e+03 2.5585932324e+02
4.40000e+01 5.6207800624e+03 2.5541747424e+02
4.50000e+01 5.7557852097e+03 4.6936393541e+02
4.60000e+01 5.8903467157e+03 1.0087770984e+03
4.70000e+01 6.0251018075e+03 3.0782691807e+02
4.80000e+01 6.1497522723e+03 6.6382673163e+00
4.90000e+01 6.2711130889e+03 1.2724365548e+03
5.00000e+01 6.4098290409e+03 2.7195212979e+02
5.10000e+01 6.5527308927e+03 8.1467599504e+00
5.20000e+01 6.6844682498e+03 5.4475261925e+02
5.30000e+01 6.8158427717e+03 7.9527371926e+02
5.40000e+01 6.9475775388e+03 2.5681012863e+02
5.50000e+01 7.0759520211e+03 2.7869384340e+02
5.60000e+01 7.2045463750e+03 2.3123403592e+03
5.70000e+01 7.3331109988e+03 2.5056292109e+02
5.80000e+01 7.4796073314e+03 1.5918993695e+01
5.90000e+01 7.6254884916e+03 7.9264905325e+02
6.00000e+01 7.7709259863e+03 5.1915912825e+02
6.10000e+01 7.9163320338e+03 2.8369515147e+02
6.20000e+01 8.0614875559e+03 2.8312948367e+02
6.30000e+01 8.2066992673e+03 2.8265201810e+02
6.40000e+01 8.3517124992e+03 2.8222707583e+02
6.50000e+01 8.4968133619e+03 2.8183400013e+02
6.60000e+01 8.6240962787e+03 2.4900092107e+02
6.70000e+01 8.7549954755e+03 2.5607799345e+02
6.80000e+01 8.8968602566e+03 1.6464926678e+03
6.90000e+01 9.0389381097e+03 1.6440221764e+03
7.00000e+01 9.1806218828e+03 2.7464619168e+02
7.10000e+01 9.3225499106e+03 2.7422172022e+02
7.20000e+01 9.4641423347e+03 2.7385614954e+02
7.30000e+01 9.6013408233e+03 7.9023742072e+00
7.40000e+01 9.7385078539e+03 8.2248066305e+02
7.50000e+01 9.8805292139e+03 2.7367562556e+02
7.60000e+01 1.0022164562e+04 2.7344487350e+02
7.70000e+01 1.0164048354e+04 2.7303386154e+02
7.80000e+01 1.0305600760e+04 2.7267788596e+02
7.90000e+01 1.0442763363e+04 8.2162229656e+02
8.00000e+01 1.0563019781e+04 7.0264988987e+00
8.10000e+01 1.0686960493e+04 2.2321023257e+03
8.20000e+01 1.0821152973e+04 7.3599266352e+00
8.30000e+01 1.0955610243e+04 2.5762611878e+02
8.40000e+01 1.1089728307e+04 2.5729407760e+02
8.50000e+01 1.1224111928e+04 2.5696313367e+02
8.60000e+01 1.1358197719e+04 2.5667389745e+02
8.70000e+01 1.1492566373e+04 2.5640225691e+02
8.80000e+01 1.1616924038e+04 2.4783150363e+03
8.90000e+01 1.1738038556e+04 1.6631695441e+03
9.00000e+01 1.1859487022e+04 2.2149693976e+03
9.10000e+01 1.1984059411e+04 5.0673311715e+02
9.20000e+01 1.2108906098e+04 5.0671540624e+02
9.30000e+01 1.2233456649e+04 2.3686132378e+02
9.40000e+01 1.2368151471e+04 2.5675488526e+02
9.50000e+01 1.2498327842e+04 7.7688099441e+02
9.60000e+01 1.2628375808e+04 1.3092642309e+03
9.70000e+01 1.2763209043e+04 2.5696271186e+02
9.80000e+01 1.2887877314e+04 2.3644604675e+02
9.90000e+01 1.3012285136e+04 2.3606687177e+02
1.00000e+02 1.3146903287e+04 2.5662907819e+02
1.01000e+02 1.3277044092e+04 5.2405217414e+02
1.02000e+02 1.3390895082e+04 9.7108417619e+02
1.03000e+02 1.3505325220e+04 1.7472959376e+03
1.04000e+02 1.3620080422e+04 2.1550022616e+02
1.05000e+02 1.3737984852e+04 3.3274425446e+01
1.06000e+02 1.3856166722e+04 4.4394041849e+02
1.07000e+02 1.3974075407e+04 4.0372291484e+02
1.08000e+02 1.4101400070e+04 7.2934870136e+00
1.09000e+02 1.4228894055e+04 6.5275185901e+02
1.10000e+02 1.4356002823e+04 6.5188321181e+02
1.11000e+02 1.4483323299e+04 2.4005296572e+02
1.12000e+02 1.4610327817e+04 2.3970866231e+02
1.13000e+02 1.4737580476e+04 2.3940113655e+02
1.14000e+02 1.4855512878e+04 2.2171486079e+02
1.15000e+02 1.4970180230e+04 2.1552194001e+02
1.16000e+02 1.5085153235e+04 2.2218213105e+02
1.17000e+02 1.5203244805e+04 4.7987831360e+02
1.18000e+02 1.5330683272e+04 2.3959568400e+02
1.19000e+02 1.5453595758e+04 8.7604170857e+02
1.20000e+02 1.5576398759e+04 1.3805345394e+03
1.21000e+02 1.5699303031e+04 4.9587576285e+02
1.22000e+02 1.5822108647e+04 2.3014910898e+02
1.23000e+02 1.5945016661e+04 2.2992270293e+02
1.24000e+02 1.6067827406e+04 2.2969790891e+02
1.25000e+02 1.6190741762e+04 2.2947455255e+02
1.26000e+02 1.6298082408e+04 4.7176607706e+02
1.27000e+02 1.6409037604e+04 2.3221971358e+02
1.28000e+02 1.6528747553e+04 6.8135583390e+02
1.29000e+02 1.6648714702e+04 9.1274505669e+02
1.30000e+02 1.6768370607e+04 2.2269391581e+02
1.31000e+02 1.6883603381e+04 7.6815815875e+00
1.32000e+02 1.6984112333e+04 2.2515579993e+02
1.33000e+02 1.7088284274e+04 8.9636244430e+02
1.34000e+02 1.7192886000e+04 1.5935213350e+03
1.35000e+02 1.7297329141e+04 1.9149494401e+02
1.36000e+02 1.7402141430e+04 1.9151401226e+02
1.37000e+02 1.7506745069e+04 1.9148299681e+02
1.38000e+02 1.7619321838e+04 7.0791357116e+00
1.39000e+02 1.7732112613e+04 5.9784108881e+02
1.40000e+02 1.7836977200e+04 1.9134381142e+02
1.41000e+02 1.7941583404e+04 1.9115503234e+02
1.42000e+02 1.8054196866e+04 5.9727994103e+02
1.43000e+02 1.8167037816e+04 2.0711453800e+02
1.44000e+02 1.8279556000e+04 2.0681214525e+02
1.45000e+02 1.8387622840e+04 7.1659339153e+00
1.46000e+02 1.8481671391e+04 1.4625645204e+03
1.47000e+02 1.8576315320e+04 2.3592634373e+03
1.48000e+02 1.8685394796e+04 1.2424124401e+03
1.49000e+02 1.8798751865e+04 2.0712145297e+02
1.50000e+02 1.8911594390e+04 2.0723867218e+02
1.51000e+02 1.9024563435e+04 2.0664340915e+02
1.52000e+02 1.9129585792e+04 3.6095705969e+02
1.53000e+02 1.9231293703e+04 4.6178247975e+01
1.54000e+02 1.9333243412e+04 2.2386864019e+02
1.55000e+02 1.9438306527e+04 4.3000557370e+02
1.56000e+02 1.9551256516e+04 2.0654422964e+02
1.57000e+02 1.9659694441e+04 1.4260716179e+03
1.58000e+02 1.9753998646e+04 2.0596258238e+02
1.59000e+02 1.9848855890e+04 3.8343645791e+02
1.60000e+02 1.9958139812e+04 4.1355554295e+02
1.61000e+02 2.0071677739e+04 2.0690656798e+02
1.62000e+02 2.0177034357e+04 4.2951935219e+02
1.63000e+02 2.0282034509e+04 3.6007430994e+02
1.64000e+02 2.0387344266e+04 1.9022243918e+02
1.65000e+02 2.0492393726e+04 1.9008152417e+02
1.66000e+02 2.0597739811e+04 1.8992777014e+02
1.67000e+02 2.0699766544e+04 3.0024351852e+01
1.68000e+02 2.0816911466e+04 2.1456066196e+02
1.69000e+02 2.0933535569e+04 4.5114376085e+02
1.70000e+02 2.1049837129e+04 2.1271274359e+02
1.71000e+02 2.1166105684e+04 2.1214448293e+02
1.72000e+02 2.1267384790e+04 5.5658057890e+02
1.73000e+02 2.1372217443e+04 1.8952103567e+02
1.74000e+02 2.1477406011e+04 1.8917399773e+02
1.75000e+02 2.1582375740e+04 1.8912190028e+02
1.76000e+02 2.1695344414e+04 6.3220679048e+02
1.77000e+02 2.1808509820e+04 7.2218194958e+02
1.78000e+02 2.1921329157e+04 2.9582198707e+02
1.79000e+02 2.2029679939e+04 9.8405232328e+01
1.80000e+02 2.2123971116e+04 3.7127636396e+02
1.81000e+02 2.2221897026e+04 1.9750245794e+02
1.82000e+02 2.2327134167e+04 7.5821957701e+00
1.83000e+02 2.2432653528e+04 1.8932561890e+02
1.84000e+02 2.2537906514e+04 1.8915213778e+02
1.85000e+02 2.2643392623e+04 1.8892973357e+02
1.86000e+02 2.2741739624e+04 3.7939616654e+02
1.87000e+02 2.2839857391e+04 1.8158023034e+02
1.88000e+02 2.2945275630e+04 1.8890605613e+02
1.89000e+02 2.3046271499e+04 3.6355017463e+02
1.90000e+02 2.3133923290e+04 3.7206421877e+02
1.91000e+02 2.3225200117e+04 1.8187620963e+02
1.92000e+02 2.3323044494e+04 7.5738608596e+00
1.93000e+02 2.3421183212e+04 1.7380347238e+02
1.94000e+02 2.3512908439e+04 3.5647120963e+02
1.95000e+02 2.3604393403e+04 1.6068784516e+02
1.96000e+02 2.3702434581e+04 1.7382646983e+02
1.97000e+02 2.3796063741e+04 3.6432544493e+02
1.98000e+02 2.3877095136e+04 3.3560109499e+02
1.99000e+02 2.3958701583e+04 1.5906115860e+03
2.00000e+02 2.4053278838e+04 1.0376861230e+03
2.01000e+02 2.4152148281e+04 1.7438336811e+02
2.02000e+02 2.4244329501e+04 3.0064832137e+02
2.03000e+02 2.4333108793e+04 7.1728447227e+00
2.04000e+02 2.4422054679e+04 1.5474533400e+02
2.05000e+02 2.4511050267e+04 1.5480688439e+02
2.06000e+02 2.4600107687e+04 1.5476361162e+02
2.07000e+02 2.4689178832e+04 1.5468440579e+02
2.08000e+02 2.4791808455e+04 1.8226135191e+02
2.09000e+02 2.4898583045e+04 3.0264617336e+02
2.10000e+02 2.4997790029e+04 3.2337323347e+02
2.11000e+02 2.5096588889e+04 6.3071143046e+02
2.12000e+02 2.5195643939e+04 1.7391614435e+02
2.13000e+02 2.5294417716e+04 1.7371714510e+02
2.14000e+02 2.5400439269e+04 4.8453288652e+02
2.15000e+02 2.5501955033e+04 6.5235153423e+02
2.16000e+02 2.5590020085e+04 5.0114885847e+02
2.17000e+02 2.5681667593e+04 7.1262690472e+00
2.18000e+02 2.5773659545e+04 1.5936118715e+02
2.19000e+02 2.5862412498e+04 5.0032951794e+02
2.20000e+02 2.5951359964e+04 1.5310009620e+02
2.21000e+02 2.6040376110e+04 1.5321018849e+02
2.22000e+02 2.6129466498e+04 1.5319990093e+02
2.23000e+02 2.6221634969e+04 1.5972278876e+02
2.24000e+02 2.6313971307e+04 3.1273818994e+02
2.25000e+02 2.6402971473e+04 1.5303072131e+02
2.26000e+02 2.6505630001e+04 4.5549558483e+02
2.27000e+02 2.6612464700e+04 9.6847947470e+02
2.28000e+02 2.6711737851e+04 1.5981450365e+02
2.29000e+02 2.6810608726e+04 4.7878254479e+02
2.30000e+02 2.6909740701e+04 1.7245415781e+02
2.31000e+02 2.7005541450e+04 6.8005824746e+00
2.32000e+02 2.7101489721e+04 3.3233090832e+02
2.33000e+02 2.7200504100e+04 1.7242520742e+02
2.34000e+02 2.7306683337e+04 9.6766867939e+02
2.35000e+02 2.7412996799e+04 3.3141515536e+02
2.36000e+02 2.7518940014e+04 3.3084771857e+02
2.37000e+02 2.7625044602e+04 1.8596057633e+02
2.38000e+02 2.7723899598e+04 1.7197580395e+02
2.39000e+02 2.7822483921e+04 1.8573939503e+02
2.40000e+02 2.7928379911e+04 1.8572739010e+02
2.41000e+02 2.8029821705e+04 1.1385660137e+03
2.42000e+02 2.8131232277e+04 1.3299982436e+03
2.43000e+02 2.8232729725e+04 3.7046635539e+02
2.44000e+02 2.8334171533e+04 1.7630837309e+02
2.45000e+02 2.8440360138e+04 1.8562568056e+02
2.46000e+02 2.8546189041e+04 1.8537296859e+02
2.47000e+02 2.8652192390e+04 1.8500233914e+02
2.48000e+02 2.8757907178e+04 1.8470322090e+02
2.49000e+02 2.8863832887e+04 1.8444087854e+02
2.50000e+02 2.8969491201e+04 1.8419996356e+02
2.51000e+02 2.9070705542e+04 1.7584895836e+02
2.52000e+02 2.9158586746e+04 3.4973937046e+02
2.53000e+02 2.9247052274e+04 8.7120612224e+02
2.54000e+02 2.9335779887e+04 3.4757333489e+02
2.55000e+02 2.9424633724e+04 1.5046093573e+02
2.56000e+02 2.9513601499e+04 1.5055063673e+02
2.57000e+02 2.9605673881e+04 7.3275159796e+02
2.58000e+02 2.9704182865e+04 7.1493292729e+00
2.59000e+02 2.9802873389e+04 1.6963839832e+02
2.60000e+02 2.9901250205e+04 1.6933659125e+02
2.61000e+02 2.9995141275e+04 2.9314944179e+02
2.62000e+02 3.0076416184e+04 2.2728857960e+02
2.63000e+02 3.0158261543e+04 3.7045289961e+02
2.64000e+02 3.0240348071e+04 1.3591262048e+02
2.65000e+02 3.0325619654e+04 1.5522427491e+02
2.66000e+02 3.0411107467e+04 1.0592743701e+03
2.67000e+02 3.0496369136e+04 1.4255094535e+02
2.68000e+02 3.0587433502e+04 7.3124494483e+00
2.69000e+02 3.0674059258e+04 3.5557268489e+02
2.70000e+02 3.0760701918e+04 8.0894736565e+02
2.71000e+02 3.0852103827e+04 3.0443949859e+02
2.72000e+02 3.0943196820e+04 3.0416368613e+02
2.73000e+02 3.1034461021e+04 1.5385581805e+02
2.74000e+02 3.1125478448e+04 1.5362639629e+02
2.75000e+02 3.1216698750e+04 1.5342887190e+02
2.76000e+02 3.1302190931e+04 1.4241276085e+02
2.77000e+02 3.1387424721e+04 3.0743841789e+02
2.78000e+02 3.1472976832e+04 3.0719091077e+02
2.79000e+02 3.1558329996e+04 1.4180714517e+02
2.80000e+02 3.1643968981e+04 1.4175221171e+02
2.81000e+02 3.1729387610e+04 1.4167592508e+02
2.82000e+02 3.1815079657e+04 1.4158730999e+02
2.83000e+02 3.1897489527e+04 2.8116892562e+02
2.84000e+02 3.1992851953e+04 3.4379116810e+02
2.85000e+02 3.2092416781e+04 4.3308847887e+02
2.86000e+02 3.2191439470e+04 5.9393609542e+02
2.87000e+02 3.2285855911e+04 4.9606576829e+02
2.88000e+02 3.2380219327e+04 4.3165637995e+02
2.89000e+02 3.2479310209e+04 1.6812425978e+02
2.90000e+02 3.2571787929e+04 6.7856736432e+00
2.91000e+02 3.2663951886e+04 3.1678925694e+02
2.92000e+02 3.2762687239e+04 1.6766879931e+02
2.93000e+02 3.2861632217e+04 1.6735522611e+02
2.94000e+02 3.2960267354e+04 1.6708765526e+02
2.95000e+02 3.3054413414e+04 4.3095434191e+02
2.96000e+02 3.3135911587e+04 1.0685911231e+03
2.97000e+02 3.3217972526e+04 9.2234589406e+02
2.98000e+02 3.3300268173e+04 1.3392930025e+02
2.99000e+02 3.3382689518e+04 1.3415577716e+02
3.00000e+02 3.3478000142e+04 3.3609121469e+02
3.01000e+02 3.3577511101e+04 1.6748654874e+02
3.02000e+02 3.3676488338e+04 1.6766116206e+02
3.03000e+02 3.3775538495e+04 1.6703269894e+02
3.04000e+02 3.3868005392e+04 5.8361509334e+02
3.05000e+02 3.3960168846e+04 5.0191469521e+02
3.06000e+02 3.4058908876e+04 1.6662845930e+02
3.07000e+02 3.4157861589e+04 1.6636438627e+02
3.08000e+02 3.4256506407e+04 1.6610280971e+02
3.09000e+02 3.4350663476e+04 3.3576613337e+02
3.10000e+02 3.4432172547e+04 3.6749437751e+02
3.11000e+02 3.4517292558e+04 3.2535509532e+02
3.12000e+02 3.4602761753e+04 5.5229137017e+02
3.13000e+02 3.4688068005e+04 1.3882374297e+02
3.14000e+02 3.4773684768e+04 1.3883248667e+02
3.15000e+02 3.4859100023e+04 1.3880265749e+02
3.16000e+02 3.4950344564e+04 7.4002765693e+00
3.17000e+02 3.5041820938e+04 4.3579152559e+02
3.18000e+02 3.5133024580e+04 4.3531483466e+02
3.19000e+02 3.5219750284e+04 3.0575848976e+02
3.20000e+02 3.5306524846e+04 9.2720242294e+02
3.21000e+02 3.5393403830e+04 6.1323864491e+02
3.22000e+02 3.5468322360e+04 5.9578797403e+02
3.23000e+02 3.5543778724e+04 9.7324726674e+02
3.24000e+02 3.5631494681e+04 1.4193370692e+02
3.25000e+02 3.5718820704e+04 1.4223881272e+02
3.26000e+02 3.5805976469e+04 1.4153638182e+02
3.27000e+02 3.5897799224e+04 1.5050186718e+02
3.28000e+02 3.5983714168e+04 2.7459820886e+02
3.29000e+02 3.6066249007e+04 2.9026509415e+02
3.30000e+02 3.6148943847e+04 4.3338731157e+02
3.31000e+02 3.6234751605e+04 2.7471611300e+02
3.32000e+02 3.6326291839e+04 2.8342547821e+02
3.33000e+02 3.6418008005e+04 2.8303546368e+02
3.34000e+02 3.6509416177e+04 1.4988284500e+02
3.35000e+02 3.6600988364e+04 1.4958898397e+02
3.36000e+02 3.6686773453e+04 2.8984497460e+02
3.37000e+02 3.6772280455e+04 3.0840613546e+02
3.38000e+02 3.6863647606e+04 1.4939837412e+02
3.39000e+02 3.6955253532e+04 1.4928271388e+02
3.40000e+02 3.7046586284e+04 1.4909903287e+02
3.41000e+02 3.7138103726e+04 1.4886145039e+02
3.42000e+02 3.7223851684e+04 1.5689099328e+02
3.43000e+02 3.7309329103e+04 2.9816932639e+02
3.44000e+02 3.7395116889e+04 2.9791098476e+02
3.45000e+02 3.7480697759e+04 1.3709995654e+02
3.46000e+02 3.7566558120e+04 1.3703543183e+02
3.47000e+02 3.7649138590e+04 1.3191975737e+02
3.48000e+02 3.7744690289e+04 6.0569625584e+02
3.49000e+02 3.7839763810e+04 7.5423290375e+02
3.50000e+02 3.7921858133e+04 5.9116162061e+02
3.51000e+02 3.8007438645e+04 1.3689803813e+02
3.52000e+02 3.8098853447e+04 3.0497298683e+02
3.53000e+02 3.8185832510e+04 1.0925956745e+02
3.54000e+02 3.8260857342e+04 1.2969164875e+02
3.55000e+02 3.8336429175e+04 7.1312377942e+02
3.56000e+02 3.8412213681e+04 1.1643489011e+02
3.57000e+02 3.8488127087e+04 1.1666002773e+02
3.58000e+02 3.8564123840e+04 1.1675561492e+02
3.59000e+02 3.8643240526e+04 2.4309286017e+01
3.60000e+02 3.8727351988e+04 1.0184696690e+02
3.61000e+02 3.8806994816e+04 3.5518303674e+02
3.62000e+02 3.8875409011e+04 7.5825582452e+00
3.63000e+02 3.8947411236e+04 9.4630658822e+01
3.64000e+02 3.9019720567e+04 3.5542869304e+02
3.65000e+02 3.9091875318e+04 2.2270755878e+02
3.66000e+02 3.9168409943e+04 3.4725101713e+02
3.67000e+02 3.9240547932e+04 1.5079814642e+01
3.68000e+02 3.9302245555e+04 1.0237070162e+02
3.69000e+02 3.9367550821e+04 1.1749924828e+02
3.70000e+02 3.9433163075e+04 2.1977194529e+02
3.71000e+02 3.9495592503e+04 1.9784823631e+02
3.72000e+02 3.9568818857e+04 5.8276643104e+02
3.73000e+02 3.9641651571e+04 1.1058006654e+02
3.74000e+02 3.9714343586e+04 1.0993514757e+02
3.75000e+02 3.9787011275e+04 1.0966018843e+02
3.76000e+02 3.9849078428e+04 1.1775127833e+02
3.77000e+02 3.9914681610e+04 9.5501356081e+01
3.78000e+02 3.9980547755e+04 9.5659744964e+01
3.79000e+02 4.0043197531e+04 1.1785387560e+02
3.80000e+02 4.0105992667e+04 9.6133838360e+01
3.81000e+02 4.0168894334e+04 9.6289595211e+01
3.82000e+02 4.0242491156e+04 1.1045533493e+02
3.83000e+02 4.0320309925e+04 9.3038575146e+02
3.84000e+02 4.0393497693e+04 9.7026462103e+01
3.85000e+02 4.0463220724e+04 2.0937235944e+01
3.86000e+02 4.0533028726e+04 1.1763400215e+02
3.87000e+02 4.0602877812e+04 1.0352655161e+02
3.88000e+02 4.0672733077e+04 1.0347028817e+02
3.89000e+02 4.0745663424e+04 1.9982068600e+02
3.90000e+02 4.0822857799e+04 3.0995860617e+02
3.91000e+02 4.0900233587e+04 1.1843814213e+02
3.92000e+02 4.0977331756e+04 1.1822349763e+02
3.93000e+02 4.1054576327e+04 1.1797405726e+02
3.94000e+02 4.1131585434e+04 1.1776702172e+02
3.95000e+02 4.1208766865e+04 1.1758611361e+02
3.96000e+02 4.1285729646e+04 1.1742220207e+02
3.97000e+02 4.1362875758e+04 1.1726946135e+02
3.98000e+02 4.1435689592e+04 1.2396538955e+02
3.99000e+02 4.1505168609e+04 1.0299674851e+02
4.00000e+02 4.1586192600e+04 5.8256725207e+02
4.01000e+02 4.1666786238e+04 7.0025551215e+02
4.02000e+02 4.1747189657e+04 1.2379460152e+02
4.03000e+02 4.1827551232e+04 1.2343874548e+02
4.04000e+02 4.1907828995e+04 1.2318965052e+02
4.05000e+02 4.1988110918e+04 1.2298680789e+02
4.06000e+02 4.2068333937e+04 1.2280907766e+02
4.07000e+02 4.2148575982e+04 1.2264639062e+02
4.08000e+02 4.2217474514e+04 1.0193701930e+02
4.09000e+02 4.2286865310e+04 7.4455268619e+02
4.10000e+02 4.2356420917e+04 7.4446520788e+02
4.11000e+02 4.2429141810e+04 3.7480154130e+02
4.12000e+02 4.2502030052e+04 8.4677629391e+02
4.13000e+02 4.2571633808e+04 1.0112787766e+02
4.14000e+02 4.2641362787e+04 1.0120012260e+02
4.15000e+02 4.2711163149e+04 1.0129552831e+02
4.16000e+02 4.2780990992e+04 1.0129309671e+02
4.17000e+02 4.2853911929e+04 5.9495999009e+02
4.18000e+02 4.2926957522e+04 2.0237833314e+02
4.19000e+02 4.2996687343e+04 1.0112126235e+02
4.20000e+02 4.3077932770e+04 1.2354615206e+02
4.21000e+02 4.3163385303e+04 8.0524232202e+02
4.22000e+02 4.3243430239e+04 1.0801948399e+02
4.23000e+02 4.3323058307e+04 3.1679455024e+02
4.24000e+02 4.3402894610e+04 1.2069458661e+02
4.25000e+02 4.3479412512e+04 6.7880823568e+00
4.26000e+02 4.3568189305e+04 3.1885039870e+02
4.27000e+02 4.3661145939e+04 2.3598945745e+02
4.28000e+02 4.3753552739e+04 1.1727867580e+03
4.29000e+02 4.3845993816e+04 1.4567715702e+02
4.30000e+02 4.3938086855e+04 1.4521771850e+02
4.31000e+02 4.4025647227e+04 4.4927248198e+02
4.32000e+02 4.4113204821e+04 3.8006574963e+02
4.33000e+02 4.4205495300e+04 1.4492190286e+02
4.34000e+02 4.4291855518e+04 6.5239153439e+00
4.35000e+02 4.4377893089e+04 4.1824860960e+02
4.36000e+02 4.4469816762e+04 1.4460761504e+02
4.37000e+02 4.4557287078e+04 3.7959562731e+02
4.38000e+02 4.4644750209e+04 1.4468251776e+02
4.39000e+02 4.4736950265e+04 1.4437258475e+02
4.40000e+02 4.4828817087e+04 1.4417136148e+02
4.41000e+02 4.4920834970e+04 1.4384501603e+02
4.42000e+02 4.5007012466e+04 4.1764763971e+02
4.43000e+02 4.5089855738e+04 6.6929739857e+02
4.44000e+02 4.5185727552e+04 2.9633806592e+02
4.45000e+02 4.5285816642e+04 8.0712077197e+00
4.46000e+02 4.5379041110e+04 1.4372278595e+02
4.47000e+02 4.5471867856e+04 2.9527937275e+02
4.48000e+02 4.5571279200e+04 1.5930882968e+02
4.49000e+02 4.5670861031e+04 1.5864226189e+02
4.50000e+02 4.5770101455e+04 1.5831269889e+02
4.51000e+02 4.5869499358e+04 1.5797045776e+02
4.52000e+02 4.5968607330e+04 1.5768003658e+02
4.53000e+02 4.6067903063e+04 1.5742018642e+02
4.54000e+02 4.6160645561e+04 1.5782630855e+02
4.55000e+02 4.6253120239e+04 4.7447419628e+02
4.56000e+02 4.6352228984e+04 1.5726353775e+02
4.57000e+02 4.6451562753e+04 1.5714431074e+02
4.58000e+02 4.6550595348e+04 1.5691101728e+02
4.59000e+02 4.6645144931e+04 4.4765883041e+02
4.60000e+02 4.6739714951e+04 6.3730738263e+02
4.61000e+02 4.6834384107e+04 6.3678964718e+02
4.62000e+02 4.6929019612e+04 1.4754923343e+02
4.63000e+02 4.7023724513e+04 1.4743743006e+02
4.64000e+02 4.7105665704e+04 1.4208508855e+03
4.65000e+02 4.7188136965e+04 1.0797414761e+03
4.66000e+02 4.7270825843e+04 4.4710142023e+02
4.67000e+02 4.7353626895e+04 1.2332862781e+02
4.68000e+02 4.7436516541e+04 1.2340606778e+02
4.69000e+02 4.7519455324e+04 1.2342039322e+02
4.70000e+02 4.7615291480e+04 1.4849064286e+02
4.71000e+02 4.7715295855e+04 1.5742471218e+02
4.72000e+02 4.7808425519e+04 1.1672428941e+03
4.73000e+02 4.7898097330e+04 6.7330282943e+00
4.74000e+02 4.8001481576e+04 7.5480906175e+00
4.75000e+02 4.8109023992e+04 5.3016656448e+02
4.76000e+02 4.8208918546e+04 1.3491184709e+01
4.77000e+02 4.8305344687e+04 6.7543300184e+00
4.78000e+02 4.8401903043e+04 1.5043955300e+02
4.79000e+02 4.8498454871e+04 1.5041479945e+02
4.80000e+02 4.8595043545e+04 1.5029470396e+02
4.81000e+02 4.8691600860e+04 1.5014989594e+02
4.82000e+02 4.8802508709e+04 3.9965354763e+02
4.83000e+02 4.8912838311e+04 5.7076128992e+02
4.84000e+02 4.9022820178e+04 1.7713460185e+02
4.85000e+02 4.9137406413e+04 2.0521512812e+01
4.86000e+02 4.9243752611e+04 3.1346335104e+02
4.87000e+02 4.9346692005e+04 1.9176111462e+02
4.88000e+02 4.9449809122e+04 3.4809754134e+02
4.89000e+02 4.9552929428e+04 1.6255132094e+02
4.90000e+02 4.9671152272e+04 8.2409773314e+00
4.91000e+02 4.9788795414e+04 3.4664141564e+02
4.92000e+02 4.9906073050e+04 3.4534956597e+02
4.93000e+02 5.0027964349e+04 3.2045495151e+02
4.94000e+02 5.0140888302e+04 3.6053587798e+02
4.95000e+02 5.0253464050e+04 1.5433928972e+03
4.96000e+02 5.0366351467e+04 1.8126083812e+02
4.97000e+02 5.0475893229e+04 1.9728799883e+02
4.98000e+02 5.0601360787e+04 8.1899226488e+00
4.99000e+02 5.0726272757e+04 2.0631710473e+02
5.00000e+02 5.0835172345e+04 3.6526195145e+02
5.01000e+02 5.0944497283e+04 1.7381332336e+02
5.02000e+02 5.1054029864e+04 1.7427250303e+02
5.03000e+02 5.1163583812e+04 1.7432723917e+02
5.04000e+02 5.1288976129e+04 2.0603554703e+02
5.05000e+02 5.1413795638e+04 3.3985418239e+02
5.06000e+02 5.1522609462e+04 1.7343415472e+02
5.07000e+02 5.1634900627e+04 1.8079499400e+02
5.08000e+02 5.1747514058e+04 3.6331177252e+02
5.09000e+02 5.1859862917e+04 3.6300615476e+02
5.10000e+02 5.1972520155e+04 1.7971539613e+02
5.11000e+02 5.2081839714e+04 1.7302633215e+02
5.12000e+02 5.2191345534e+04 1.8036358451e+02
5.13000e+02 5.2303905111e+04 1.7974639900e+02
5.14000e+02 5.2425136462e+04 1.7790829156e+03
5.15000e+02 5.2541809656e+04 3.4529762731e+02
5.16000e+02 5.2658356503e+04 6.7562118702e+02
5.17000e+02 5.2774970501e+04 1.8732529497e+02
5.18000e+02 5.2876613020e+04 1.7170335247e+02
5.19000e+02 5.2981843859e+04 7.3287381113e+00
5.20000e+02 5.3095167637e+04 5.2418272606e+02
5.21000e+02 5.3208736256e+04 1.4433835913e+03
5.22000e+02 5.3314313217e+04 1.6516496590e+02
5.23000e+02 5.3416589386e+04 3.6052432266e+02
5.24000e+02 5.3519116770e+04 1.7466372844e+02
5.25000e+02 5.3621708531e+04 1.5895181354e+02
5.26000e+02 5.3724405764e+04 1.5896270993e+02
5.27000e+02 5.3830160545e+04 3.6849115267e+02
5.28000e+02 5.3943845240e+04 1.8086583870e+02
5.29000e+02 5.4052996020e+04 3.0997675127e+02
5.30000e+02 5.4162057613e+04 4.8931949011e+02
5.31000e+02 5.4271193026e+04 1.7137483586e+02
5.32000e+02 5.4380245028e+04 1.7119386938e+02
5.33000e+02 5.4494043768e+04 1.8091509430e+02
5.34000e+02 5.4607460999e+04 3.0009784992e+02
5.35000e+02 5.4716392207e+04 1.7081846943e+02
5.36000e+02 5.4825309066e+04 1.7051250929e+02
5.37000e+02 5.4934339343e+04 1.7044106551e+02
5.38000e+02 5.5029192059e+04 2.0385011318e+01
5.39000e+02 5.5124598396e+04 6.6437319708e+02
5.40000e+02 5.5234494456e+04 1.7124982556e+02
5.41000e+02 5.5343968286e+04 1.7152212942e+02
5.42000e+02 5.5439061537e+04 6.3571983010e+02
5.43000e+02 5.5537682431e+04 4.7334883759e+02
5.44000e+02 5.5636637792e+04 9.9698035722e+02
5.45000e+02 5.5735386129e+04 3.1266068602e+02
5.46000e+02 5.5834450403e+04 1.4985313122e+02
5.47000e+02 5.5930227154e+04 1.7144899066e+02
5.48000e+02 5.6040447604e+04 1.7167499593e+02
5.49000e+02 5.6150174971e+04 1.7175685821e+02
5.50000e+02 5.6245451914e+04 1.7146123459e+02
5.51000e+02 5.6341174544e+04 1.7144919916e+02
5.52000e+02 5.6437094003e+04 1.7192026569e+02
5.53000e+02 5.6533076801e+04 1.4341025347e+02
5.54000e+02 5.6629147212e+04 1.4341779460e+02
5.55000e+02 5.6725227865e+04 1.4337223184e+02
5.56000e+02 5.6835646100e+04 1.7178288707e+02
5.57000e+02 5.6950196302e+04 7.6278573454e+02
5.58000e+02 5.7056394158e+04 4.8644035859e+02
5.59000e+02 5.7159136366e+04 6.6615542713e+00
5.60000e+02 5.7277047881e+04 7.4932803680e+00
5.61000e+02 5.7399094586e+04 4.9345042078e+02
5.62000e+02 5.7512031398e+04 1.3393849157e+01
5.63000e+02 5.7621501730e+04 6.7281240376e+00
5.64000e+02 5.7731138281e+04 1.7017128907e+02
5.65000e+02 5.7840751886e+04 1.7014439127e+02
5.66000e+02 5.7966175010e+04 4.5900640930e+02
5.67000e+02 5.8091000685e+04 6.5274260211e+02
5.68000e+02 5.8215433981e+04 1.9960522994e+02
5.69000e+02 5.8344485977e+04 2.0385747358e+01
5.70000e+02 5.8463851975e+04 1.8312482847e+02
5.71000e+02 5.8579823910e+04 3.8698266895e+02
5.72000e+02 5.8696015245e+04 5.6312471770e+02
5.73000e+02 5.8812198071e+04 1.8214814396e+02
5.74000e+02 5.8944933822e+04 8.3024562575e+00
5.75000e+02 5.9081750418e+04 1.9070630313e+02
5.76000e+02 5.9217858068e+04 1.3689201620e+03
5.77000e+02 5.9354016981e+04 2.2238096010e+02
5.78000e+02 5.9489720396e+04 2.2175434465e+02
5.79000e+02 5.9620930567e+04 3.8772737375e+02
5.80000e+02 5.9752045783e+04 3.8571911116e+02
5.81000e+02 5.9887946531e+04 2.2127442623e+02
5.82000e+02 6.0023419495e+04 2.2082270032e+02
5.83000e+02 6.0159091019e+04 2.2037265306e+02
5.84000e+02 6.0294403036e+04 2.1999133351e+02
5.85000e+02 6.0429950536e+04 2.1964731808e+02
5.86000e+02 6.0565161710e+04 2.1932682819e+02
5.87000e+02 6.0695958446e+04 2.1127685784e+02
5.88000e+02 6.0826719352e+04 5.0538362407e+02
5.89000e+02 6.0957632268e+04 5.0499442061e+02
5.90000e+02 6.1072191817e+04 1.8033420853e+02
5.91000e+02 6.1187331005e+04 7.1552489658e+02
5.92000e+02 6.1319174326e+04 2.1089948734e+02
5.93000e+02 6.1455251466e+04 2.1963714221e+02
5.94000e+02 6.1580880600e+04 1.2896341900e+03
5.95000e+02 6.1706166724e+04 2.1468616968e+03
5.96000e+02 6.1831811766e+04 1.9870237752e+02
5.97000e+02 6.1957168863e+04 1.9857464901e+02
5.98000e+02 6.2082853606e+04 1.9841577417e+02
5.99000e+02 6.2205180747e+04 2.1787654040e+02
6.00000e+02 6.2344864311e+04 1.7440676136e+01
6.01000e+02 6.2488667449e+04 5.8873963201e+02
6.02000e+02 6.2621177040e+04 6.8248479012e+00
6.03000e+02 6.2753296189e+04 2.1179743319e+02
6.04000e+02 6.2896382027e+04 8.1544306114e+02
6.05000e+02 6.3039577650e+04 2.3300646902e+02
6.06000e+02 6.3171734624e+04 2.1123301880e+02
6.07000e+02 6.3303601755e+04 2.2654394317e+02
6.08000e+02 6.3435865935e+04 2.2642460583e+02
6.09000e+02 6.3567844609e+04 2.1053554898e+02
6.10000e+02 6.3700167122e+04 2.1038334671e+02
6.11000e+02 6.3829121240e+04 2.4050212323e+01
6.12000e+02 6.3976165478e+04 8.2828502937e+02
6.13000e+02 6.4127310257e+04 4.2854612468e+02
6.14000e+02 6.4277722509e+04 6.6821745487e+02
6.15000e+02 6.4423544813e+04 1.0704779556e+03
6.16000e+02 6.4551473717e+04 1.7734693187e+03
6.17000e+02 6.4679956768e+04 1.0066983001e+03
6.18000e+02 6.4826602217e+04 4.2771878946e+02
6.19000e+02 6.4977434560e+04 2.4663983251e+02
6.20000e+02 6.5127594367e+04 2.4614074777e+02
6.21000e+02 6.5273204308e+04 4.2707870726e+02
6.22000e+02 6.5418660337e+04 2.4520377269e+02
6.23000e+02 6.5568907421e+04 2.4530934829e+02
6.24000e+02 6.5718691440e+04 2.4468825045e+02
6.25000e+02 6.5864025773e+04 2.4468296152e+02
6.26000e+02 6.6009265730e+04 2.4484796672e+02
6.27000e+02 6.6159333206e+04 2.4426395389e+02
6.28000e+02 6.6297724166e+04 2.0815428323e+02
6.29000e+02 6.6432823372e+04 7.4375628999e+02
6.30000e+02 6.6586803702e+04 2.5276006321e+02
6.31000e+02 6.6744942814e+04 8.0716356382e+00
6.32000e+02 6.6890376085e+04 7.5005484478e+02
6.33000e+02 6.7032401471e+04 2.5943348328e+02
6.34000e+02 6.7174704698e+04 1.2186467427e+03
6.35000e+02 6.7320027282e+04 1.1807677922e+03
6.36000e+02 6.7477657586e+04 2.5992954015e+02
6.37000e+02 6.7635338682e+04 2.5921159456e+02
6.38000e+02 6.7792485587e+04 2.5846898333e+02
6.39000e+02 6.7945156329e+04 7.3222748735e+02
6.40000e+02 6.8079310874e+04 8.1486813745e+00
6.41000e+02 6.8214067056e+04 2.1237092080e+02
6.42000e+02 6.8367718804e+04 4.7754477421e+02
6.43000e+02 6.8525576901e+04 2.5838751576e+02
6.44000e+02 6.8682768482e+04 2.5817380443e+02
6.45000e+02 6.8840099532e+04 2.5738858318e+02
6.46000e+02 6.8996988226e+04 2.5682830701e+02
6.47000e+02 6.9149450633e+04 2.4907823754e+02
