0 0 2 2.5927423673e-01 -2.8531944758e-01 2.4858127126e-01 5.4973874042e-01 -2.0248505792e+00 2.1407807367e+00 5.3395804874e+00 -8.4601594420e-02 1.4146400219e-01 4.2013242078e-01
2 1 3 -3.6822644580e-03 -3.8549725313e-01 1.9398499674e-01 8.4474595378e-01 -3.6756255872e+00 2.5085206103e+00 7.7654757275e+00 -2.8531944758e-01 2.4858127126e-01 5.4973874042e-01
3 1 2 3.7903203676e-03 -2.7848628208e-01 2.7352590841e-01 5.4047222485e-01 -3.6516840641e+00 2.6761494685e+00 7.6665700129e+00 -3.8549725313e-01 1.9398499674e-01 8.4474595378e-01
2 1 3 -3.6827555949e-03 -3.8010939152e-01 1.9374861021e-01 8.3046959896e-01 -3.6003499160e+00 2.5641945504e+00 7.5747085475e+00 -2.7848628208e-01 2.7352590841e-01 5.4047222485e-01
3 1 2 3.7899184211e-03 -2.7535327366e-01 2.7147550473e-01 5.3508024417e-01 -3.6061734511e+00 2.6605804925e+00 7.5656989639e+00 -3.8010939152e-01 1.9374861021e-01 8.3046959896e-01
2 1 3 -3.6775161022e-03 -3.7790151621e-01 1.9298589759e-01 8.2555425019e-01 -3.5713496096e+00 2.5497167459e+00 7.5165177402e+00 -2.7535327366e-01 2.7147550473e-01 5.3508024417e-01
3 1 2 3.7905796763e-03 -2.7398829044e-01 2.7028428520e-01 5.3254998972e-01 -3.5867202643e+00 2.6488353362e+00 7.5251511546e+00 -3.7790151621e-01 1.9298589759e-01 8.2555425019e-01
2 1 3 -3.6824628787e-03 -3.7680675644e-01 1.9241038480e-01 8.2296427786e-01 -3.5579401950e+00 2.5403943208e+00 7.4877591355e+00 -2.7398829044e-01 2.7028428520e-01 5.3254998972e-01
3 0 1 -3.6726183951e-03 -1.5504471213e-01 9.4282577119e-02 6.9547344008e-01 -2.9244529142e+00 1.5754261368e+00 8.3166400833e+00 -3.7680675644e-01 1.9241038480e-01 8.2296427786e-01
1 1 0 2.5866247414e-01 -5.1388597220e-02 1.8355388871e-01 4.4101269410e-01 -1.1428342727e+00 1.6349007819e+00 6.3363597716e+00 -1.5504471213e-01 9.4282577119e-02 6.9547344008e-01
0 0 2 2.5914780407e-01 -2.4743390028e-01 2.7023984829e-01 5.6269305126e-01 -1.6161008153e+00 2.4509789567e+00 5.4857177784e+00 -5.1388597220e-02 1.8355388871e-01 4.4101269410e-01
2 0 0 -2.5925187746e-01 -4.7317787241e-02 1.6547145021e-01 4.3033328188e-01 -1.5885067017e+00 2.4520989827e+00 5.4406658416e+00 -2.4743390028e-01 2.7023984829e-01 5.6269305126e-01
0 0 2 2.5915748005e-01 -2.4915021251e-01 2.6777575785e-01 5.6495453797e-01 -1.6207518430e+00 2.3656341153e+00 5.4780040088e+00 -4.7317787241e-02 1.6547145021e-01 4.3033328188e-01
2 0 0 -2.5925261291e-01 -4.9014558655e-02 1.6427309271e-01 4.3075557370e-01 -1.6094916351e+00 2.4329376443e+00 5.4535755052e+00 -2.4915021251e-01 2.6777575785e-01 5.6495453797e-01
0 1 1 -2.5867381074e-01 -1.6171628480e-01 9.0701703708e-02 7.0695967893e-01 -1.1523815544e+00 1.4352783085e+00 6.3264845912e+00 -4.9014558655e-02 1.6427309271e-01 4.3075557370e-01
1 0 3 3.8887687693e-03 -3.9278018254e-01 1.9418001529e-01 8.1795221317e-01 -3.0648609357e+00 1.5589498708e+00 8.3711682916e+00 -1.6171628480e-01 9.0701703708e-02 7.0695967893e-01
3 0 1 -3.6734528405e-03 -1.6115386106e-01 9.2306582578e-02 6.9685768786e-01 -3.0394794002e+00 1.5693727324e+00 8.3178295231e+00 -3.9278018254e-01 1.9418001529e-01 8.1795221317e-01
1 1 0 2.5866772229e-01 -5.4170889801e-02 1.8289624287e-01 4.4137759648e-01 -1.1886419056e+00 1.6230155517e+00 6.3475134289e+00 -1.6115386106e-01 9.2306582578e-02 6.9685768786e-01
0 1 1 -2.5860620659e-01 -1.6132805163e-01 9.3382142798e-02 7.0210385737e-01 -1.1604672980e+00 1.5163897504e+00 6.3115903997e+00 -5.4170889801e-02 1.8289624287e-01 4.4137759648e-01
1 0 3 3.9071446644e-03 -3.9279184671e-01 1.9513651647e-01 8.1450892416e-01 -3.0631217048e+00 1.5787583892e+00 8.3262117431e+00 -1.6132805163e-01 9.3382142798e-02 7.0210385737e-01
3 0 1 -3.6397358163e-03 -1.6084544187e-01 9.2617879729e-02 6.9504020372e-01 -3.0370634060e+00 1.5758825786e+00 8.2902271258e+00 -3.9279184671e-01 1.9513651647e-01 8.1450892416e-01
1 0 3 3.9048145071e-03 -3.8967889883e-01 2.0006941182e-01 8.0894813715e-01 -3.0211547404e+00 1.6369598857e+00 8.2483862173e+00 -1.6084544187e-01 9.2617879729e-02 6.9504020372e-01
3 0 1 -3.6395755538e-03 -1.5886369407e-01 9.4519033568e-02 6.9308525084e-01 -3.0091577953e+00 1.6100789981e+00 8.2537195551e+00 -3.8967889883e-01 2.0006941182e-01 8.0894813715e-01
1 0 3 3.9048557227e-03 -3.8840762189e-01 2.0082261204e-01 8.0708550470e-01 -3.0033841057e+00 1.6511657708e+00 8.2269529184e+00 -1.5886369407e-01 9.4519033568e-02 6.9308525084e-01
3 1 2 3.7909123370e-03 -2.7748977588e-01 2.7176653544e-01 5.3019378753e-01 -3.6558415153e+00 2.7062191267e+00 7.4500084508e+00 -3.8840762189e-01 2.0082261204e-01 8.0708550470e-01
2 1 3 -3.6832423661e-03 -3.7869789325e-01 1.9151759706e-01 8.1675624091e-01 -3.5862801474e+00 2.5403287665e+00 7.4342121678e+00 -2.7748977588e-01 2.7176653544e-01 5.3019378753e-01
3 0 1 -3.6396474538e-03 -1.5612828843e-01 9.3050939986e-02 6.9118538974e-01 -2.9402042545e+00 1.5627606662e+00 8.2603595531e+00 -3.7869789325e-01 1.9151759706e-01 8.1675624091e-01
1 0 3 3.9054102726e-03 -3.8609452747e-01 1.9943703754e-01 8.0606143969e-01 -2.9751084604e+00 1.6339770230e+00 8.2124177843e+00 -1.5612828843e-01 9.3050939986e-02 6.9118538974e-01
3 1 2 3.7908888625e-03 -2.7634742565e-01 2.7090856073e-01 5.2910677947e-01 -3.6375846693e+00 2.6937731330e+00 7.4369357595e+00 -3.8609452747e-01 1.9943703754e-01 8.0606143969e-01
2 1 3 -3.6816530996e-03 -3.7776063311e-01 1.9114983498e-01 8.1585375794e-01 -3.5749351755e+00 2.5338973504e+00 7.4234976763e+00 -2.7634742565e-01 2.7090856073e-01 5.2910677947e-01
3 1 2 3.7905153226e-03 -2.7396517578e-01 2.6739052268e-01 5.2720034695e-01 -3.5853479239e+00 2.6211223354e+00 7.4436018523e+00 -3.7776063311e-01 1.9114983498e-01 8.1585375794e-01
2 1 3 -3.6823756128e-03 -3.7659771644e-01 1.9009103942e-01 8.1627109660e-01 -3.5566764242e+00 2.5118700676e+00 7.4200411592e+00 -2.7396517578e-01 2.6739052268e-01 5.2720034695e-01
3 1 2 3.7921469112e-03 -2.7350727382e-01 2.6689660453e-01 5.2692789035e-01 -3.5769275482e+00 2.6127155784e+00 7.4431633175e+00 -3.7659771644e-01 1.9009103942e-01 8.1627109660e-01
2 0 0 -2.5952377406e-01 -7.2392519124e-02 1.4050944546e-01 3.9790040963e-01 -1.8817735662e+00 2.2083448643e+00 5.0504317224e+00 -2.7350727382e-01 2.6689660453e-01 5.2692789035e-01
0 0 2 2.5930021400e-01 -2.7642956104e-01 2.4080089729e-01 5.3119347365e-01 -1.9084630408e+00 2.0804382207e+00 5.1099549822e+00 -7.2392519124e-02 1.4050944546e-01 3.9790040963e-01
2 1 3 -3.6775968677e-03 -3.7952555712e-01 1.8949285990e-01 8.2733335266e-01 -3.5959397124e+00 2.4410565401e+00 7.5627627843e+00 -2.7642956104e-01 2.4080089729e-01 5.3119347365e-01
3 1 2 3.6187755190e-03 -2.7529830737e-01 2.6797605869e-01 5.3057178546e-01 -3.6020940681e+00 2.6175093350e+00 7.5166528132e+00 -3.7952555712e-01 1.8949285990e-01 8.2733335266e-01
2 0 0 -2.5952480578e-01 -7.3139685455e-02 1.4070795250e-01 3.9962355677e-01 -1.8959853777e+00 2.2143786613e+00 5.0786220735e+00 -2.7529830737e-01 2.6797605869e-01 5.3057178546e-01
0 0 2 2.5927036269e-01 -2.7718327674e-01 2.4140849362e-01 5.3288653187e-01 -1.9169768759e+00 2.0850873933e+00 5.1289523409e+00 -7.3139685455e-02 1.4070795250e-01 3.9962355677e-01
2 1 3 -3.6815995183e-03 -3.8006390175e-01 1.8981580360e-01 8.2908410195e-01 -3.6029845208e+00 2.4462057554e+00 7.5824114373e+00 -2.7718327674e-01 2.4140849362e-01 5.3288653187e-01
3 0 1 -3.6396510931e-03 -1.5727002456e-01 9.2382480726e-02 6.9630057639e-01 -2.9544926840e+00 1.5510452691e+00 8.3484013694e+00 -3.8006390175e-01 1.8981580360e-01 8.2908410195e-01
1 0 3 3.9008723838e-03 -3.8659222640e-01 1.9968694010e-01 8.0965279233e-01 -2.9841867192e+00 1.6321943856e+00 8.2598109364e+00 -1.5727002456e-01 9.2382480726e-02 6.9630057639e-01
3 0 1 -3.6728383201e-03 -1.5763971606e-01 9.4784193749e-02 6.9295919495e-01 -2.9862295486e+00 1.6102743372e+00 8.2559215024e+00 -3.8659222640e-01 1.9968694010e-01 8.0965279233e-01
1 0 3 3.9048264023e-03 -3.8691166836e-01 2.0085606678e-01 8.0673583697e-01 -2.9880380741e+00 1.6526344792e+00 8.2243962709e+00 -1.5763971606e-01 9.4784193749e-02 6.9295919495e-01
3 0 1 -3.6726650295e-03 -1.5736518359e-01 9.5205449352e-02 6.9153339622e-01 -2.9855519868e+00 1.6183981943e+00 8.2332136744e+00 -3.8691166836e-01 2.0085606678e-01 8.0673583697e-01
1 0 3 3.9049665135e-03 -3.8684458560e-01 2.0092105091e-01 8.0544411720e-01 -2.9863311546e+00 1.6552304935e+00 8.2093625252e+00 -1.5736518359e-01 9.5205449352e-02 6.9153339622e-01
3 0 1 -3.6396957659e-03 -1.5725471484e-01 9.5233524817e-02 6.9073158209e-01 -2.9843637948e+00 1.6189230484e+00 8.2220304587e+00 -3.8684458560e-01 2.0092105091e-01 8.0544411720e-01
1 0 3 3.9011449321e-03 -3.8678838560e-01 2.0081100649e-01 8.0469634844e-01 -2.9854416341e+00 1.6547241729e+00 8.2008252055e+00 -1.5725471484e-01 9.5233524817e-02 6.9073158209e-01
3 0 1 -3.6384052013e-03 -1.5722937709e-01 9.5168143784e-02 6.9020964368e-01 -2.9838489790e+00 1.6179792282e+00 8.2151325009e+00 -3.8678838560e-01 2.0081100649e-01 8.0469634844e-01
1 1 0 2.5860080148e-01 -5.2187327707e-02 1.8310120782e-01 4.3883602382e-01 -1.1568724538e+00 1.6380933351e+00 6.2987301953e+00 -1.5722937709e-01 9.5168143784e-02 6.9020964368e-01
0 0 2 2.5915400750e-01 -2.4842742441e-01 2.6858019956e-01 5.5903580801e-01 -1.6268098127e+00 2.4389227808e+00 5.4522405553e+00 -5.2187327707e-02 1.8310120782e-01 4.3883602382e-01
2 0 0 -2.5925469052e-01 -4.8288956599e-02 1.6406232686e-01 4.2762977863e-01 -1.5990084013e+00 2.4346289707e+00 5.4060888113e+00 -2.4842742441e-01 2.6858019956e-01 5.5903580801e-01
0 0 2 2.5914851108e-01 -2.4991979649e-01 2.6589144922e-01 5.6173163002e-01 -1.6305407413e+00 2.3475100850e+00 5.4451070927e+00 -4.8288956599e-02 1.6406232686e-01 4.2762977863e-01
2 0 0 -2.5925264627e-01 -5.0017767523e-02 1.6281643762e-01 4.2830769927e-01 -1.6194030776e+00 2.4140844797e+00 5.4227210122e+00 -2.4991979649e-01 2.6589144922e-01 5.6173163002e-01
0 1 1 -2.5860092881e-01 -1.6247622818e-01 8.9448586023e-02 7.0362038238e-01 -1.1620097800e+00 1.4203608267e+00 6.2939901074e+00 -5.0017767523e-02 1.6281643762e-01 4.2830769927e-01
1 1 0 2.5866979003e-01 -5.8937919473e-02 1.7627434072e-01 4.3727675604e-01 -1.2354504619e+00 1.5302469988e+00 6.3151161243e+00 -1.6247622818e-01 8.9448586023e-02 7.0362038238e-01
0 0 2 2.5915675633e-01 -2.5355323609e-01 2.6715802350e-01 5.6251602369e-01 -1.6932655270e+00 2.3980334340e+00 5.4718994270e+00 -5.8937919473e-02 1.7627434072e-01 4.3727675604e-01
2 0 0 -2.5914550135e-01 -5.1235291051e-02 1.6274583331e-01 4.2896621169e-01 -1.6442039864e+00 2.4190041444e+00 5.4314301520e+00 -2.5355323609e-01 2.6715802350e-01 5.6251602369e-01
0 0 2 2.5914838289e-01 -2.5258340378e-01 2.6577369562e-01 5.6364704474e-01 -1.6617124991e+00 2.3402233682e+00 5.4634442477e+00 -5.1235291051e-02 1.6274583331e-01 4.2896621169e-01
2 0 0 -2.5914698171e-01 -5.1459906304e-02 1.6236562651e-01 4.2917498411e-01 -1.6421830737e+00 2.4104055454e+00 5.4375251430e+00 -2.5258340378e-01 2.6577369562e-01 5.6364704474e-01
0 0 2 2.5914913152e-01 -2.5269103766e-01 2.6573307273e-01 5.6406342964e-01 -1.6632515216e+00 2.3381284820e+00 5.4671209882e+00 -5.1459906304e-02 1.6236562651e-01 4.2917498411e-01
2 1 3 -3.6040231205e-03 -3.5416211474e-01 2.1627916192e-01 8.6413306607e-01 -3.3256137047e+00 2.7302094885e+00 7.9545717806e+00 -2.5269103766e-01 2.6573307273e-01 5.6406342964e-01
3 1 2 3.7701922959e-03 -2.4973964742e-01 2.9376724053e-01 5.5913435834e-01 -3.3224419774e+00 2.9144611298e+00 7.8792784738e+00 -3.5416211474e-01 2.1627916192e-01 8.6413306607e-01
2 1 3 -3.5766386310e-03 -3.5087291430e-01 2.1683712316e-01 8.5233904397e-01 -3.2820053183e+00 2.8044911784e+00 7.7994123495e+00 -2.4973964742e-01 2.9376724053e-01 5.5913435834e-01
3 0 1 -3.5392777785e-03 -1.3215654240e-01 1.1684862909e-01 7.2252164780e-01 -2.6502013389e+00 1.8400126233e+00 8.6244296226e+00 -3.5087291430e-01 2.1683712316e-01 8.5233904397e-01
1 1 0 2.5905026222e-01 -2.9893865413e-02 2.0384131417e-01 4.6423721972e-01 -9.0144070911e-01 1.8753423287e+00 6.6196459460e+00 -1.3215654240e-01 1.1684862909e-01 7.2252164780e-01
0 0 2 2.5937188597e-01 -2.2123273925e-01 2.9126980049e-01 5.8616939632e-01 -1.3490501719e+00 2.6775285659e+00 5.7410712950e+00 -2.9893865413e-02 2.0384131417e-01 4.6423721972e-01
2 1 3 -3.4415165210e-03 -3.2287556411e-01 2.4396906569e-01 8.8968323623e-01 -2.9803444470e+00 3.0261997336e+00 8.2178038021e+00 -2.2123273925e-01 2.9126980049e-01 5.8616939632e-01
3 1 2 3.7057521679e-03 -2.1991209864e-01 3.1837087046e-01 5.8287109862e-01 -2.9868503600e+00 3.2074060687e+00 8.1560004966e+00 -3.2287556411e-01 2.4396906569e-01 8.8968323623e-01
2 1 3 -3.4526020714e-03 -3.2098429605e-01 2.4348979393e-01 8.7954102813e-01 -2.9540748936e+00 3.0882487362e+00 8.0812919799e+00 -2.1991209864e-01 3.1837087046e-01 5.8287109862e-01
3 0 1 -3.7598758922e-03 -1.0641215020e-01 1.4159172671e-01 7.4921819790e-01 -2.3372791956e+00 2.1299987887e+00 8.9193791964e+00 -3.2098429605e-01 2.4348979393e-01 8.7954102813e-01
1 0 3 3.8513964031e-03 -3.2932701080e-01 2.5168959825e-01 8.6503157559e-01 -2.3852424790e+00 2.1911222053e+00 8.8560498227e+00 -1.0641215020e-01 1.4159172671e-01 7.4921819790e-01
3 1 2 3.7162392879e-03 -2.2169396454e-01 3.1959091600e-01 5.7958010769e-01 -3.0278687609e+00 3.2630505116e+00 8.0512746347e+00 -3.2932701080e-01 2.5168959825e-01 8.6503157559e-01
2 0 0 -2.5950860225e-01 -2.4324890708e-02 1.8433126249e-01 4.4516766989e-01 -1.3153851391e+00 2.7442800415e+00 5.5920707532e+00 -2.2169396454e-01 3.1959091600e-01 5.7958010769e-01
0 0 2 2.5924997790e-01 -2.2206542067e-01 2.8561016615e-01 5.8095850637e-01 -1.3420909433e+00 2.5653077150e+00 5.6463242607e+00 -2.4324890708e-02 1.8433126249e-01 4.4516766989e-01
2 0 0 -2.5949980333e-01 -2.6823545187e-02 1.8230907711e-01 4.4811991668e-01 -1.3343176050e+00 2.6372120119e+00 5.6369350661e+00 -2.2206542067e-01 2.8561016615e-01 5.8095850637e-01
0 0 2 2.5928333634e-01 -2.2405580700e-01 2.8592197196e-01 5.8469540956e-01 -1.3675946753e+00 2.5575742288e+00 5.6860934232e+00 -2.6823545187e-02 1.8230907711e-01 4.4811991668e-01
2 1 3 -3.4402523071e-03 -3.2530987371e-01 2.4018119017e-01 8.8865510223e-01 -3.0098119506e+00 2.9767970814e+00 8.2063109344e+00 -2.2405580700e-01 2.8592197196e-01 5.8469540956e-01
3 1 2 3.7228344150e-03 -2.2227032567e-01 3.1590908555e-01 5.8100326863e-01 -3.0134102494e+00 3.1732022245e+00 8.1383426623e+00 -3.2530987371e-01 2.4018119017e-01 8.8865510223e-01
2 0 0 -2.5936501918e-01 -2.5985520141e-02 1.8296507879e-01 4.4574498662e-01 -1.3307859035e+00 2.7194047888e+00 5.6036512908e+00 -2.2227032567e-01 3.1590908555e-01 5.8100326863e-01
0 0 2 2.5900947978e-01 -2.2342854579e-01 2.8524383595e-01 5.8229300837e-01 -1.3583978976e+00 2.5562043206e+00 5.6578138559e+00 -2.5985520141e-02 1.8296507879e-01 4.4574498662e-01
2 0 0 -2.5925687797e-01 -2.7762503787e-02 1.8187688182e-01 4.4856944089e-01 -1.3473040506e+00 2.6325206378e+00 5.6461797160e+00 -2.2342854579e-01 2.8524383595e-01 5.8229300837e-01
0 0 2 2.5901618999e-01 -2.2504726629e-01 2.8576915682e-01 5.8531799299e-01 -1.3782110956e+00 2.5543929570e+00 5.6922367890e+00 -2.7762503787e-02 1.8187688182e-01 4.4856944089e-01
2 1 3 -3.3933733381e-03 -3.2612486369e-01 2.3986588134e-01 8.8945599171e-01 -3.0195879938e+00 2.9742405028e+00 8.2147408999e+00 -2.2504726629e-01 2.8576915682e-01 5.8531799299e-01
3 1 2 3.7060216668e-03 -2.2295079488e-01 3.1576845179e-01 5.8124629837e-01 -3.0216161317e+00 3.1707875596e+00 8.1438470739e+00 -3.2612486369e-01 2.3986588134e-01 8.8945599171e-01
2 1 3 -3.4404847092e-03 -3.2344262829e-01 2.4094378707e-01 8.7814778957e-01 -2.9841288790e+00 3.0596143601e+00 8.0649882171e+00 -2.2295079488e-01 3.1576845179e-01 5.8124629837e-01
3 1 2 3.7057399645e-03 -2.2123372844e-01 3.1475628557e-01 5.7764982232e-01 -2.9978931059e+00 3.1684043677e+00 8.0697850325e+00 -3.2344262829e-01 2.4094378707e-01 8.7814778957e-01
2 0 0 -2.5935926322e-01 -2.5750170826e-02 1.8250826602e-01 4.4406362853e-01 -1.3236418918e+00 2.7113082121e+00 5.5772461025e+00 -2.2123372844e-01 3.1475628557e-01 5.7764982232e-01
0 1 1 -2.5874371558e-01 -1.3789820955e-01 1.1004602560e-01 7.2312310223e-01 -8.9414356520e-01 1.6404570400e+00 6.4873737155e+00 -2.5750170826e-02 1.8250826602e-01 4.4406362853e-01
1 1 0 2.5915999296e-01 -3.7104671435e-02 1.9500474677e-01 4.5705642410e-01 -9.8268818158e-01 1.7525762635e+00 6.5378956723e+00 -1.3789820955e-01 1.1004602560e-01 7.2312310223e-01
0 1 1 -2.5871383453e-01 -1.4085521928e-01 1.1042137210e-01 7.2599136443e-01 -9.5221838980e-01 1.6811834689e+00 6.5401453830e+00 -3.7104671435e-02 1.9500474677e-01 4.5705642410e-01
1 1 0 2.5915993990e-01 -3.8013572058e-02 1.9560924030e-01 4.5867701061e-01 -1.0020231098e+00 1.7587547320e+00 6.5638471938e+00 -1.4085521928e-01 1.1042137210e-01 7.2599136443e-01
0 0 2 2.5909874214e-01 -2.2803293461e-01 2.8720535542e-01 5.8452179977e-01 -1.4328777366e+00 2.6138846271e+00 5.7088911457e+00 -3.8013572058e-02 1.9560924030e-01 4.5867701061e-01
2 1 3 -3.3937205974e-03 -3.2787563996e-01 2.3996882488e-01 8.8833839462e-01 -3.0444006715e+00 2.9815202166e+00 8.2027593682e+00 -2.2803293461e-01 2.8720535542e-01 5.8452179977e-01
3 0 1 -3.7602219995e-03 -1.1078946685e-01 1.3870118791e-01 7.5185308774e-01 -2.3998894047e+00 2.0946027340e+00 8.9752555659e+00 -3.2787563996e-01 2.3996882488e-01 8.8833839462e-01
1 1 0 2.5918607520e-01 -9.2044632891e-03 2.2408902972e-01 4.8826798774e-01 -6.7247899757e-01 2.1123347695e+00 6.9185897854e+00 -1.1078946685e-01 1.3870118791e-01 7.5185308774e-01
0 1 1 -2.5891018715e-01 -1.1331674718e-01 1.3617561071e-01 7.5605382081e-01 -6.4601726314e-01 1.9761364203e+00 6.8711884656e+00 -9.2044632891e-03 2.2408902972e-01 4.8826798774e-01
1 1 0 2.5934067112e-01 -1.3027071172e-02 2.1894097455e-01 4.8486086673e-01 -7.1590620798e-01 2.0369033046e+00 6.8800633990e+00 -1.1331674718e-01 1.3617561071e-01 7.5605382081e-01
0 0 2 2.5921837369e-01 -1.9875264987e-01 3.1096945845e-01 6.1078448933e-01 -1.1285577377e+00 2.8720133102e+00 5.9955079342e+00 -1.3027071172e-02 2.1894097455e-01 4.8486086673e-01
2 0 0 -2.5955626163e-01 -4.1706520668e-03 2.0406642444e-01 4.7377861320e-01 -1.0746474729e+00 2.9021755152e+00 5.9389218367e+00 -1.9875264987e-01 3.1096945845e-01 6.1078448933e-01
0 0 2 2.5921207839e-01 -1.9827941825e-01 3.0892695291e-01 6.1178179591e-01 -1.0997541858e+00 2.8029836007e+00 5.9780795966e+00 -4.1706520668e-03 2.0406642444e-01 4.7377861320e-01
2 0 0 -2.5955416471e-01 -4.8429860891e-03 2.0326764568e-01 4.7374370262e-01 -1.0780222830e+00 2.8876843907e+00 5.9428536770e+00 -1.9827941825e-01 3.0892695291e-01 6.1178179591e-01
0 1 1 -2.5891179978e-01 -1.1595734797e-01 1.3168364501e-01 7.5926322635e-01 -6.6037414321e-01 1.8741859558e+00 6.8615943230e+00 -4.8429860891e-03 2.0326764568e-01 4.7374370262e-01
1 0 3 3.7510979595e-03 -3.3887021341e-01 2.4140684442e-01 8.7125990759e-01 -2.5074522231e+00 2.0523686173e+00 8.9519018556e+00 -1.1595734797e-01 1.3168364501e-01 7.5926322635e-01
3 1 2 3.7030856442e-03 -2.2915625766e-01 3.1512436065e-01 5.7895432047e-01 -3.1202387255e+00 3.1845695313e+00 8.0722616340e+00 -3.3887021341e-01 2.4140684442e-01 8.7125990759e-01
2 0 0 -2.5950227961e-01 -2.9507982721e-02 1.8071390701e-01 4.4362441539e-01 -1.3869898328e+00 2.6988913722e+00 5.5802056464e+00 -2.2915625766e-01 3.1512436065e-01 5.7895432047e-01
0 1 1 -2.5888368525e-01 -1.4109150039e-01 1.0805331557e-01 7.2255096946e-01 -9.3203084574e-01 1.6196347055e+00 6.4812992957e+00 -2.9507982721e-02 1.8071390701e-01 4.4362441539e-01
1 0 3 3.7461450490e-03 -3.6812087629e-01 2.1362471442e-01 8.3627057096e-01 -2.8116666747e+00 1.7645601482e+00 8.5585591361e+00 -1.4109150039e-01 1.0805331557e-01 7.2255096946e-01
3 1 2 3.6368253732e-03 -2.5731842178e-01 2.8876981256e-01 5.5065811627e-01 -3.4342233457e+00 2.8783601922e+00 7.7187450164e+00 -3.6812087629e-01 2.1362471442e-01 8.3627057096e-01
2 0 0 -2.5928759710e-01 -5.4623698151e-02 1.5796861437e-01 4.1837632051e-01 -1.6874527271e+00 2.4243906206e+00 5.2894146656e+00 -2.5731842178e-01 2.8876981256e-01 5.5065811627e-01
0 0 2 2.5914896409e-01 -2.5538204445e-01 2.5962400936e-01 5.5324013360e-01 -1.6940958084e+00 2.2794049613e+00 5.3450011069e+00 -5.4623698151e-02 1.5796861437e-01 4.1837632051e-01
2 0 0 -2.5914213606e-01 -5.4875083448e-02 1.5795955055e-01 4.2233565946e-01 -1.6773527266e+00 2.3513475016e+00 5.3451802849e+00 -2.5538204445e-01 2.5962400936e-01 5.5324013360e-01
0 1 1 -2.5860050023e-01 -1.6681366315e-01 8.5083942222e-02 6.9744616792e-01 -1.2121538998e+00 1.3698251998e+00 6.2251560999e+00 -5.4875083448e-02 1.5795955055e-01 4.2233565946e-01
1 0 3 3.9055193957e-03 -3.9756670437e-01 1.8787827217e-01 8.0928681686e-01 -3.1202210773e+00 1.4922583627e+00 8.2713953137e+00 -1.6681366315e-01 8.5083942222e-02 6.9744616792e-01
3 0 1 -3.6423889997e-03 -1.6557052352e-01 8.7148570475e-02 6.8940380562e-01 -3.0909376770e+00 1.5052583594e+00 8.2297154223e+00 -3.9756670437e-01 1.8787827217e-01 8.0928681686e-01
1 0 3 3.9049408952e-03 -3.9386041225e-01 1.9472308806e-01 8.0353026032e-01 -3.0703904091e+00 1.5771619603e+00 8.1877286002e+00 -1.6557052352e-01 8.7148570475e-02 6.8940380562e-01
3 1 2 3.7789223474e-03 -2.8246858507e-01 2.6711648057e-01 5.2622263266e-01 -3.7128792330e+00 2.6463325156e+00 7.4065013051e+00 -3.9386041225e-01 1.9472308806e-01 8.0353026032e-01
2 0 0 -2.5967805788e-01 -7.7106310184e-02 1.3790875847e-01 3.9580333157e-01 -1.9555525135e+00 2.1900165773e+00 5.0336278802e+00 -2.8246858507e-01 2.6711648057e-01 5.2622263266e-01
0 0 2 2.5922851149e-01 -2.8184184503e-01 2.3811661462e-01 5.2850742826e-01 -1.9652677183e+00 2.0515378598e+00 5.0829295528e+00 -7.7106310184e-02 1.3790875847e-01 3.9580333157e-01
2 0 0 -2.5958154844e-01 -7.7952339178e-02 1.3748325032e-01 3.9956431771e-01 -1.9545206191e+00 2.1130559193e+00 5.0863441036e+00 -2.8184184503e-01 2.3811661462e-01 5.2850742826e-01
0 0 2 2.5923693679e-01 -2.8273692974e-01 2.3931683793e-01 5.3275194091e-01 -1.9766196913e+00 2.0566022912e+00 5.1295972833e+00 -7.7952339178e-02 1.3748325032e-01 3.9956431771e-01
2 0 0 -2.5951992862e-01 -7.8166948818e-02 1.3804167263e-01 4.0168222061e-01 -1.9610369630e+00 2.1224548812e+00 5.1197010039e+00 -2.8273692974e-01 2.3931683793e-01 5.3275194091e-01
0 1 1 -2.5865490106e-01 -1.9083921389e-01 6.3916648998e-02 6.7199250015e-01 -1.4710338238e+00 1.1442979750e+00 5.9667498086e+00 -7.8166948818e-02 1.3804167263e-01 4.0168222061e-01
1 0 3 3.8369429702e-03 -4.2576510888e-01 1.6361911326e-01 7.8266266057e-01 -3.4122467328e+00 1.2384392381e+00 7.9851303882e+00 -1.9083921389e-01 6.3916648998e-02 6.7199250015e-01
3 0 1 -3.8620830358e-03 -1.8941720992e-01 6.4211804869e-02 6.6335254120e-01 -3.3809223916e+00 1.2396505784e+00 7.9406023584e+00 -4.2576510888e-01 1.6361911326e-01 7.8266266057e-01
1 1 0 2.5891568532e-01 -8.0464331997e-02 1.5780790322e-01 4.1257310677e-01 -1.4852176402e+00 1.3244160480e+00 5.9962189969e+00 -1.8941720992e-01 6.4211804869e-02 6.6335254120e-01
0 0 2 2.5927870274e-01 -2.8140653905e-01 2.4376250265e-01 5.3334315619e-01 -1.9706071768e+00 2.1645132167e+00 5.1692730697e+00 -8.0464331997e-02 1.5780790322e-01 4.1257310677e-01
2 1 3 -3.6509810666e-03 -3.8349153284e-01 1.8981892476e-01 8.2824352535e-01 -3.6442233031e+00 2.4576647877e+00 7.5785539134e+00 -2.8140653905e-01 2.4376250265e-01 5.3334315619e-01
3 0 1 -3.6424446365e-03 -1.5920892944e-01 9.1390425686e-02 6.9559494615e-01 -2.9835807601e+00 1.5444952299e+00 8.3403788168e+00 -3.8349153284e-01 1.8981892476e-01 8.2824352535e-01
1 0 3 3.9053168493e-03 -3.8914249417e-01 1.9856130111e-01 8.0864424310e-01 -3.0095167349e+00 1.6205845788e+00 8.2502685575e+00 -1.5920892944e-01 9.1390425686e-02 6.9559494615e-01
3 0 1 -3.6419332372e-03 -1.5942728367e-01 9.3438961886e-02 6.9186848801e-01 -3.0101911857e+00 1.5961341818e+00 8.2445220295e+00 -3.8914249417e-01 1.9856130111e-01 8.0864424310e-01
1 1 0 2.5863922343e-01 -5.3871870084e-02 1.8217163777e-01 4.3881678742e-01 -1.1780555286e+00 1.6238685635e+00 6.3071525424e+00 -1.5942728367e-01 9.3438961886e-02 6.9186848801e-01
0 1 1 -2.5861507271e-01 -1.6147081974e-01 9.2528295138e-02 6.9802264630e-01 -1.1598295588e+00 1.5076140998e+00 6.2738721723e+00 -5.3871870084e-02 1.8217163777e-01 4.3881678742e-01
1 0 3 3.9043728198e-03 -3.9317742211e-01 1.9348110624e-01 8.1034900555e-01 -3.0660318684e+00 1.5646954081e+00 8.2808170482e+00 -1.6147081974e-01 9.2528295138e-02 6.9802264630e-01
3 0 1 -3.6725167497e-03 -1.6168078966e-01 9.1199381824e-02 6.9154080406e-01 -3.0439379254e+00 1.5587269874e+00 8.2482555180e+00 -3.9317742211e-01 1.9348110624e-01 8.1034900555e-01
1 1 0 2.5865137004e-01 -5.5209870768e-02 1.8110973912e-01 4.3812660115e-01 -1.1971883069e+00 1.6060609970e+00 6.3004509403e+00 -1.6168078966e-01 9.1199381824e-02 6.9154080406e-01
0 0 2 2.5906485792e-01 -2.5156893337e-01 2.6733488939e-01 5.5891939128e-01 -1.6614649397e+00 2.4214234858e+00 5.4485433653e+00 -5.5209870768e-02 1.8110973912e-01 4.3812660115e-01
2 0 0 -2.5914142730e-01 -5.0416394028e-02 1.6272080202e-01 4.2701913006e-01 -1.6283356647e+00 2.4196680095e+00 5.4019350740e+00 -2.5156893337e-01 2.6733488939e-01 5.5891939128e-01
0 1 1 -2.5859435443e-01 -1.6340509941e-01 8.8802355843e-02 7.0151911381e-01 -1.1697448227e+00 1.4158383980e+00 6.2741416486e+00 -5.0416394028e-02 1.6272080202e-01 4.2701913006e-01
1 1 0 2.5865125318e-01 -5.9850426673e-02 1.7540725903e-01 4.3600337099e-01 -1.2454597894e+00 1.5214858270e+00 6.2969805696e+00 -1.6340509941e-01 8.8802355843e-02 7.0151911381e-01
0 1 1 -2.5861378867e-01 -1.6543698127e-01 8.9266654435e-02 7.0108766558e-01 -1.2142577820e+00 1.4576341314e+00 6.2859331565e+00 -5.9850426673e-02 1.7540725903e-01 4.3600337099e-01
1 1 0 2.5864315282e-01 -6.0466523029e-02 1.7562270133e-01 4.3640052769e-01 -1.2583828142e+00 1.5253910809e+00 6.2995431442e+00 -1.6543698127e-01 8.9266654435e-02 7.0108766558e-01
0 1 1 -2.5860330370e-01 -1.6606092810e-01 8.9121266072e-02 7.0136005768e-01 -1.2212052508e+00 1.4576853160e+00 6.2893076043e+00 -6.0466523029e-02 1.7562270133e-01 4.3640052769e-01
1 1 0 2.5865236081e-01 -6.0786839820e-02 1.7558446198e-01 4.3654371280e-01 -1.2633990012e+00 1.5244263004e+00 6.3019657569e+00 -1.6606092810e-01 8.9121266072e-02 7.0136005768e-01
0 1 1 -2.5861495597e-01 -1.6639768452e-01 8.8995261510e-02 7.0156287136e-01 -1.2248627444e+00 1.4567111308e+00 6.2911892164e+00 -6.0786839820e-02 1.7558446198e-01 4.3654371280e-01
1 1 0 2.5864275006e-01 -6.0984681173e-02 1.7553877649e-01 4.3662087841e-01 -1.2662796867e+00 1.5234923121e+00 6.3035032021e+00 -1.6639768452e-01 8.8995261510e-02 7.0156287136e-01
0 0 2 2.5914856881e-01 -2.5625194226e-01 2.6622892231e-01 5.6164538583e-01 -1.7203581428e+00 2.3886151644e+00 5.4631016891e+00 -6.0984681173e-02 1.7553877649e-01 4.3662087841e-01
2 1 3 -3.6058241555e-03 -3.5663458015e-01 2.1550533069e-01 8.6134457832e-01 -3.3576449535e+00 2.7274300929e+00 7.9240241204e+00 -2.5625194226e-01 2.6622892231e-01 5.6164538583e-01
3 1 2 3.6373583325e-03 -2.5152623632e-01 2.9266468577e-01 5.5764281915e-01 -3.3453596995e+00 2.9034483403e+00 7.8565865548e+00 -3.5663458015e-01 2.1550533069e-01 8.6134457832e-01
2 0 0 -2.5939024560e-01 -5.0860971902e-02 1.6165737024e-01 4.2356346981e-01 -1.6354056787e+00 2.4691321698e+00 5.3558264258e+00 -2.5152623632e-01 2.9266468577e-01 5.5764281915e-01
0 0 2 2.5914673956e-01 -2.5221502473e-01 2.6338951934e-01 5.5844808003e-01 -1.6557230956e+00 2.3202821230e+00 5.4029991080e+00 -5.0860971902e-02 1.6165737024e-01 4.2356346981e-01
2 0 0 -2.5913806103e-01 -5.2130927077e-02 1.6088797298e-01 4.2618862803e-01 -1.6444099304e+00 2.3891393032e+00 5.3941854336e+00 -2.5221502473e-01 2.6338951934e-01 5.5844808003e-01
0 0 2 2.5906447997e-01 -2.5346089032e-01 2.6391813327e-01 5.6120594889e-01 -1.6709841507e+00 2.3197670310e+00 5.4346837075e+00 -5.2130927077e-02 1.6088797298e-01 4.2618862803e-01
2 0 0 -2.5914118958e-01 -5.2649349805e-02 1.6097711111e-01 4.2734545054e-01 -1.6541473508e+00 2.3922589684e+00 5.4144324955e+00 -2.5346089032e-01 2.6391813327e-01 5.6120594889e-01
0 1 1 -2.5861269133e-01 -1.6493148605e-01 8.7581970927e-02 7.0311963059e-01 -1.1897558624e+00 1.4000386021e+00 6.2857533544e+00 -5.2649349805e-02 1.6097711111e-01 4.2734545054e-01
1 1 0 2.5864914331e-01 -6.0886365673e-02 1.7488150979e-01 4.3629303095e-01 -1.2594354456e+00 1.5118911846e+00 6.3063906055e+00 -1.6493148605e-01 8.7581970927e-02 7.0311963059e-01
0 0 2 2.5924294644e-01 -2.5584366650e-01 2.6598085032e-01 5.6177071638e-01 -1.7170636271e+00 2.3839668021e+00 5.4625689003e+00 -6.0886365673e-02 1.7488150979e-01 4.3629303095e-01
2 1 3 -3.6057295830e-03 -3.5633013229e-01 2.1536769982e-01 8.6169515971e-01 -3.3537588141e+00 2.7253132271e+00 7.9268960122e+00 -2.5584366650e-01 2.6598085032e-01 5.6177071638e-01
3 0 1 -3.5295725104e-03 -1.3518846955e-01 1.1538517409e-01 7.2603080602e-01 -2.6965345961e+00 1.8239680721e+00 8.6885342560e+00 -3.5633013229e-01 2.1536769982e-01 8.6169515971e-01
1 1 0 2.5904795734e-01 -3.1690431365e-02 2.0342891865e-01 4.6516134602e-01 -9.2737190765e-01 1.8660828217e+00 6.6427263510e+00 -1.3518846955e-01 1.1538517409e-01 7.2603080602e-01
0 1 1 -2.5824929796e-01 -1.3747142744e-01 1.1467726681e-01 7.2963576291e-01 -9.0411806171e-01 1.7455128120e+00 6.5973715217e+00 -3.1690431365e-02 2.0342891865e-01 4.6516134602e-01
1 1 0 2.5911674380e-01 -3.5406990460e-02 1.9856248484e-01 4.6182790987e-01 -9.6973203837e-01 1.7991402358e+00 6.6034014824e+00 -1.3747142744e-01 1.1467726681e-01 7.2963576291e-01
0 0 2 2.5938172570e-01 -2.2604214551e-01 2.8962771175e-01 5.8709836384e-01 -1.4072275969e+00 2.6431214141e+00 5.7399874431e+00 -3.5406990460e-02 1.9856248484e-01 4.6182790987e-01
2 1 3 -3.4418832857e-03 -3.2649946403e-01 2.4217337527e-01 8.9083467385e-01 -3.0261817471e+00 3.0073364885e+00 8.2309171296e+00 -2.2604214551e-01 2.8962771175e-01 5.8709836384e-01
3 0 1 -3.7595697811e-03 -1.0946431708e-01 1.4035603929e-01 7.5399370160e-01 -2.3845362907e+00 2.1162321623e+00 9.0005704838e+00 -3.2649946403e-01 2.4217337527e-01 8.9083467385e-01
1 0 3 3.8512918650e-03 -3.3230223601e-01 2.5149041431e-01 8.6816907007e-01 -2.4189693211e+00 2.1840561805e+00 8.8988747618e+00 -1.0946431708e-01 1.4035603929e-01 7.5399370160e-01
3 0 1 -3.7305164344e-03 -1.1012018916e-01 1.4213536680e-01 7.4915060137e-01 -2.4170456279e+00 2.1669303376e+00 8.8856730945e+00 -3.3230223601e-01 2.5149041431e-01 8.6816907007e-01
1 1 0 2.5916764109e-01 -7.7237464264e-03 2.2580552680e-01 4.8864092422e-01 -6.5875831474e-01 2.1420380330e+00 6.9112910663e+00 -1.1012018916e-01 1.4213536680e-01 7.4915060137e-01
0 0 2 2.5932996429e-01 -1.9512470718e-01 3.1310346275e-01 6.0991037759e-01 -1.0787918801e+00 2.9170840533e+00 6.0029068723e+00 -7.7237464264e-03 2.2580552680e-01 4.8864092422e-01
2 0 0 -2.5952359544e-01 -1.7635749768e-03 2.0567014990e-01 4.7393890412e-01 -1.0404600064e+00 2.9231951509e+00 5.9354756509e+00 -1.9512470718e-01 3.1310346275e-01 6.0991037759e-01
0 0 2 2.5909329853e-01 -1.9633084015e-01 3.0970351445e-01 6.1153410864e-01 -1.0757099879e+00 2.8155029636e+00 5.9772533552e+00 -1.7635749768e-03 2.0567014990e-01 4.7393890412e-01
2 0 0 -2.5955546880e-01 -3.5787371454e-03 2.0406521744e-01 4.7393135417e-01 -1.0600825651e+00 2.8967770137e+00 5.9427013543e+00 -1.9633084015e-01 3.0970351445e-01 6.1153410864e-01
0 1 1 -2.5889424700e-01 -1.1490394274e-01 1.3245152569e-01 7.5917659366e-01 -6.4773610268e-01 1.8827486360e+00 6.8620960748e+00 -3.5787371454e-03 2.0406521744e-01 4.7393135417e-01
1 1 0 2.5931723980e-01 -1.4658137475e-02 2.1732558419e-01 4.8450195339e-01 -7.3465372172e-01 2.0075312713e+00 6.8896538104e+00 -1.1490394274e-01 1.3245152569e-01 7.5917659366e-01
0 1 1 -2.5888394069e-01 -1.1685892939e-01 1.3301480853e-01 7.5772110111e-01 -6.9506260097e-01 1.9269455189e+00 6.8699850822e+00 -1.4658137475e-02 2.1732558419e-01 4.8450195339e-01
1 1 0 2.5932151025e-01 -1.5253594556e-02 2.1746242838e-01 4.8451734183e-01 -7.4698893792e-01 2.0115608249e+00 6.8850907763e+00 -1.1685892939e-01 1.3301480853e-01 7.5772110111e-01
0 1 1 -2.5889567539e-01 -1.1750367648e-01 1.3277736597e-01 7.5740355705e-01 -7.0203924185e-01 1.9260050143e+00 6.8677071979e+00 -1.5253594556e-02 2.1746242838e-01 4.8451734183e-01
1 1 0 2.5932287085e-01 -1.5646817998e-02 2.1726582395e-01 4.8434265933e-01 -7.5251487984e-01 2.0091281958e+00 6.8826120234e+00 -1.1750367648e-01 1.3277736597e-01 7.5740355705e-01
0 0 2 2.5920889070e-01 -2.0124919316e-01 3.1004807178e-01 6.1083196138e-01 -1.1574024657e+00 2.8580825775e+00 5.9936058090e+00 -1.5646817998e-02 2.1726582395e-01 4.8434265933e-01
2 0 0 -2.5955971420e-01 -5.7373792377e-03 2.0310717209e-01 4.7345691285e-01 -1.0971801868e+00 2.8913552145e+00 5.9373278471e+00 -2.0124919316e-01 3.1004807178e-01 6.1083196138e-01
0 0 2 2.5922343110e-01 -1.9992773706e-01 3.0826625226e-01 6.1164493543e-01 -1.1175859057e+00 2.7942304312e+00 5.9755376505e+00 -5.7373792377e-03 2.0310717209e-01 4.7345691285e-01
2 0 0 -2.5952292189e-01 -5.9075626427e-03 2.0259120260e-01 4.7341380384e-01 -1.0929258777e+00 2.8801807918e+00 5.9401887155e+00 -1.9992773706e-01 3.0826625226e-01 6.1164493543e-01
0 0 2 2.5933782583e-01 -1.9990709969e-01 3.0807450100e-01 6.1182918806e-01 -1.1180166756e+00 2.7905954097e+00 5.9766248703e+00 -5.9075626427e-03 2.0259120260e-01 4.7341380384e-01
