0.00000e+00 0.0000000000e+00 0.0000000000e+00
1.00000e+00 5.6537741567e-01 5.6537741567e-01
2.00000e+00 1.1261639646e+00 1.1255985872e+00
3.00000e+00 1.6338659572e+00 5.0770199255e-01
4.00000e+00 2.2612092317e+00 6.2734327454e-01
5.00000e+00 2.9559297979e+00 1.8191935548e+00
6.00000e+00 3.6239073832e+00 2.4853519466e+00
7.00000e+00 4.2622215441e+00 1.2650300922e+00
8.00000e+00 4.8968600904e+00 1.8246696329e+00
9.00000e+00 5.5561200472e+00 1.3229329967e+00
1.00000e+01 6.2040459677e+00 1.3015583989e+00
1.10000e+01 6.8435847120e+00 1.8240695466e+00
1.20000e+01 7.4798664262e+00 1.3232532316e+00
1.30000e+01 8.1321265958e+00 1.2932570533e+00
1.40000e+01 8.7913497932e+00 9.8436648368e-02
1.50000e+01 9.4530021527e+00 3.8793983789e+00
1.60000e+01 1.0120917545e+01 1.3119532679e+00
1.70000e+01 1.0744849144e+01 1.3063228335e+00
1.80000e+01 1.1366420308e+01 1.2772532461e+00
1.90000e+01 1.2016092894e+01 1.3080537309e+00
2.00000e+01 1.2655435336e+01 1.2781727272e+00
2.10000e+01 1.3289789564e+01 1.2615761967e+00
2.20000e+01 1.3953835018e+01 3.8803412371e+00
2.30000e+01 1.4615983967e+01 2.5880324583e+00
2.40000e+01 1.5277481509e+01 1.2824697198e+00
2.50000e+01 1.5897148892e+01 1.2717117768e+00
2.60000e+01 1.6514772551e+01 2.5631127921e+00
2.70000e+01 1.7134376029e+01 2.5604857744e+00
2.80000e+01 1.7693780581e+01 7.5851799970e+00
2.90000e+01 1.8204632510e+01 7.6111664808e+00
3.00000e+01 1.8705474940e+01 1.0264120386e+00
3.10000e+01 1.9251858846e+01 1.1654222075e+00
3.20000e+01 1.9818547329e+01 1.1265748255e+00
3.30000e+01 2.0355286698e+01 2.3090206420e+00
3.40000e+01 2.0888738725e+01 1.0520912816e+00
3.50000e+01 2.1416070206e+01 1.0416313019e+00
3.60000e+01 2.1974297174e+01 3.6438827245e+00
3.70000e+01 2.2534462301e+01 2.1902686622e+00
3.80000e+01 2.3090673160e+01 1.0633485022e+00
3.90000e+01 2.3601228273e+01 8.8591553280e-01
4.00000e+01 2.4113393290e+01 3.2418426505e+00
4.10000e+01 2.4629653771e+01 2.2493422777e+00
4.20000e+01 2.5088806700e+01 2.2256715167e+00
4.30000e+01 2.5505726151e+01 3.1446683309e+00
4.40000e+01 2.5914961560e+01 8.2424512434e-01
4.50000e+01 2.6315987005e+01 7.8733580833e-01
4.60000e+01 2.6823963615e+01 1.0020167388e+00
4.70000e+01 2.7343328280e+01 1.0041189057e+00
4.80000e+01 2.7856600872e+01 1.0084107685e+00
4.90000e+01 2.8416360961e+01 1.0947137614e+00
5.00000e+01 2.8963978423e+01 2.0007265358e+00
5.10000e+01 2.9492069781e+01 1.0161290511e+00
5.20000e+01 3.0019162097e+01 1.0289326463e+00
5.30000e+01 3.0568968252e+01 1.9887718756e+00
5.40000e+01 3.1127408226e+01 3.8490025160e+00
5.50000e+01 3.1687754361e+01 2.3924116690e+00
5.60000e+01 3.2315795512e+01 1.5691813160e-01
5.70000e+01 3.2947770831e+01 1.2885488888e+00
5.80000e+01 3.3501641184e+01 3.3212026736e+00
5.90000e+01 3.4013733054e+01 1.0365362275e+00
6.00000e+01 3.4628412681e+01 1.2179295188e+00
6.10000e+01 3.5251663561e+01 1.2079871489e+00
6.20000e+01 3.5795038456e+01 1.0250042341e+00
6.30000e+01 3.6300150630e+01 1.0169995328e+00
6.40000e+01 3.6799087268e+01 9.7154427572e-01
6.50000e+01 3.7349750854e+01 3.0515094216e+00
6.60000e+01 3.7925177738e+01 3.5369618454e+00
6.70000e+01 3.8427330341e+01 1.5847713745e+00
6.80000e+01 3.8931335376e+01 2.6792911735e+00
6.90000e+01 3.9443608865e+01 9.8086311685e-01
7.00000e+01 3.9955259864e+01 9.8752821801e-01
7.10000e+01 4.0473212072e+01 9.9221940922e-01
7.20000e+01 4.0928267420e+01 4.3881290427e-02
7.30000e+01 4.1377376748e+01 3.4318706252e+00
7.40000e+01 4.1836265376e+01 3.4377577911e+00
7.50000e+01 4.2272757707e+01 6.8544310921e+00
7.60000e+01 4.2709478355e+01 8.3304242931e-01
7.70000e+01 4.3126985957e+01 1.0044460505e-01
7.80000e+01 4.3506526622e+01 2.9916938509e-01
7.90000e+01 4.3838268827e+01 2.7544856851e+00
8.00000e+01 4.4246595206e+01 1.7431129782e+00
8.10000e+01 4.4712156866e+01 8.6127871707e-01
8.20000e+01 4.5163604279e+01 8.7514420278e-01
8.30000e+01 4.5590190458e+01 1.7504484419e+00
8.40000e+01 4.6018157647e+01 8.8005824884e-01
8.50000e+01 4.6447763416e+01 8.8219778036e-01
8.60000e+01 4.6822104812e+01 2.3718478620e+00
8.70000e+01 4.7185827158e+01 5.0554114972e+00
8.80000e+01 4.7553822195e+01 9.6760967002e+00
8.90000e+01 4.7927686813e+01 6.9765900593e-01
9.00000e+01 4.8301928072e+01 7.0320756845e-01
9.10000e+01 4.8680041701e+01 7.0675337199e-01
9.20000e+01 4.9055299930e+01 7.3785238470e-01
9.30000e+01 4.9408077548e+01 2.1515061115e+00
9.40000e+01 4.9787485189e+01 7.1121300018e-01
9.50000e+01 5.0157958232e+01 2.6592788932e+00
9.60000e+01 5.0585918248e+01 2.1493474328e+00
9.70000e+01 5.1023877489e+01 2.1555515572e+00
9.80000e+01 5.1394915242e+01 4.0730132780e+00
9.90000e+01 5.1734024509e+01 2.1158343090e+00
1.00000e+02 5.2068308226e+01 6.5726713197e-01
1.01000e+02 5.2396266574e+01 6.1387896963e-01
1.02000e+02 5.2725986655e+01 6.0870145485e-01
1.03000e+02 5.3111378013e+01 7.1777951740e-01
1.04000e+02 5.3497042946e+01 1.3135435508e+00
1.05000e+02 5.3836998871e+01 6.2009033026e-01
1.06000e+02 5.4168731186e+01 6.2148247501e-01
1.07000e+02 5.4555563949e+01 1.3136714111e+00
1.08000e+02 5.4942649539e+01 7.2355387624e-01
1.09000e+02 5.5328966194e+01 7.2231421501e-01
1.10000e+02 5.5719162021e+01 2.1683336025e+00
1.11000e+02 5.6040957819e+01 1.7378201911e+00
1.12000e+02 5.6318612931e+01 7.7017767485e-01
1.13000e+02 5.6600383191e+01 1.0454639499e-01
1.14000e+02 5.6877743122e+01 1.6232464758e+00
1.15000e+02 5.7135325608e+01 3.0396868026e+00
1.16000e+02 5.7396014186e+01 4.6581042346e-01
1.17000e+02 5.7632085438e+01 6.8368295091e-01
1.18000e+02 5.7874999854e+01 3.0521190064e+00
1.19000e+02 5.8141619191e+01 4.7438146500e-01
1.20000e+02 5.8427548706e+01 5.1599397719e-01
1.21000e+02 5.8735201099e+01 8.8054656400e-01
1.22000e+02 5.9025795552e+01 5.0381295818e-01
1.23000e+02 5.9297428212e+01 5.0832246807e-01
1.24000e+02 5.9570698829e+01 4.9049031042e-01
1.25000e+02 5.9838417330e+01 4.8608566097e-01
1.26000e+02 6.0146810275e+01 9.0212944722e-01
1.27000e+02 6.0468043844e+01 1.0068901410e+00
1.28000e+02 6.0763477640e+01 5.0776275449e-01
1.29000e+02 6.1010410952e+01 4.3653781652e-01
1.30000e+02 6.1264107312e+01 1.2775852570e+00
1.31000e+02 6.1545962286e+01 5.2139146464e-01
1.32000e+02 6.1823461980e+01 5.0293597123e-01
1.33000e+02 6.2086137089e+01 1.2920494687e+00
1.34000e+02 6.2314768869e+01 1.7320840873e+00
1.35000e+02 6.2523265758e+01 8.9695134761e-01
1.36000e+02 6.2716683858e+01 8.4081594062e-02
1.37000e+02 6.2858382891e+01 9.2607501449e-02
1.38000e+02 6.3011052318e+01 4.1984314096e-01
1.39000e+02 6.3170799447e+01 4.0910281893e-01
1.40000e+02 6.3333202168e+01 2.6509742738e-01
1.41000e+02 6.3519883511e+01 3.2326189151e-01
1.42000e+02 6.3703801311e+01 3.1343832954e-01
1.43000e+02 6.3885604872e+01 3.0824710893e-01
1.44000e+02 6.4105511407e+01 1.8134512374e+00
1.45000e+02 6.4335130813e+01 3.6661710262e+00
1.46000e+02 6.4605248476e+01 4.8322829978e-01
1.47000e+02 6.4884049500e+01 8.6663129657e-01
1.48000e+02 6.5159024970e+01 4.9510911476e-01
1.49000e+02 6.5438471419e+01 4.9525943046e-01
1.50000e+02 6.5660652112e+01 1.0506914703e+00
1.51000e+02 6.5852435778e+01 9.3952333753e-01
1.52000e+02 6.6040239761e+01 9.0420710367e-01
1.53000e+02 6.6221731824e+01 3.0940594315e-01
1.54000e+02 6.6485063681e+01 4.8312055740e-01
1.55000e+02 6.6760817210e+01 4.7894451652e-01
1.56000e+02 6.7032876568e+01 4.8719307283e-01
1.57000e+02 6.7343512808e+01 2.7038696471e-01
1.58000e+02 6.7660084704e+01 1.5054338723e+00
1.59000e+02 6.7993202251e+01 1.9992307594e+00
1.60000e+02 6.8323941166e+01 6.0263003669e-01
1.61000e+02 6.8627314183e+01 7.7152672443e-01
1.62000e+02 6.8997442415e+01 9.8068873745e-02
1.63000e+02 6.9377756420e+01 6.8923716117e-01
1.64000e+02 6.9752074395e+01 6.9273766776e-01
1.65000e+02 7.0165611549e+01 2.2088567581e+00
1.66000e+02 7.0567772830e+01 3.0029468222e+00
1.67000e+02 7.0948738193e+01 6.9269628806e-01
1.68000e+02 7.1286901382e+01 1.2302109411e+00
1.69000e+02 7.1603338622e+01 1.3377808456e+00
1.70000e+02 7.1912581093e+01 2.7434927612e-01
1.71000e+02 7.2200551276e+01 9.0094170202e-01
1.72000e+02 7.2519765972e+01 1.3249188452e+00
1.73000e+02 7.2833509098e+01 8.0038584336e-01
1.74000e+02 7.3122161363e+01 1.1046399606e+00
1.75000e+02 7.3446278057e+01 5.7883963509e-01
1.76000e+02 7.3770913035e+01 5.8368107742e-01
1.77000e+02 7.4096624257e+01 5.8469192354e-01
1.78000e+02 7.4413784760e+01 5.4069070571e-01
1.79000e+02 7.4706973179e+01 8.8540088627e-01
1.80000e+02 7.5000130902e+01 8.6051270562e-01
1.81000e+02 7.5286006750e+01 5.1230698602e-01
1.82000e+02 7.5609931414e+01 5.8339691743e-01
1.83000e+02 7.5944932687e+01 5.9210357254e-01
1.84000e+02 7.6273976090e+01 5.9663020844e-01
1.85000e+02 7.6577629344e+01 8.8276467326e-01
1.86000e+02 7.6862859835e+01 1.7504577215e+00
1.87000e+02 7.7192047524e+01 5.9021999387e-01
1.88000e+02 7.7520431872e+01 5.8897071794e-01
1.89000e+02 7.7805786178e+01 1.7304083162e+00
1.90000e+02 7.8165277781e+01 2.6062600576e+00
1.91000e+02 7.8537934269e+01 2.6332529334e+00
1.92000e+02 7.8843660134e+01 6.1012514790e-01
1.93000e+02 7.9121593800e+01 6.0209438298e-01
1.94000e+02 7.9395865092e+01 4.8252283532e-01
1.95000e+02 7.9718007923e+01 5.8133688958e-01
1.96000e+02 8.0041837018e+01 5.7620030007e-01
1.97000e+02 8.0322121088e+01 4.8439071552e-01
1.98000e+02 8.0680779852e+01 7.0070400377e-01
1.99000e+02 8.1052837440e+01 1.0909564350e+00
2.00000e+02 8.1356236882e+01 5.1303447568e-01
2.01000e+02 8.1632117144e+01 5.0811763363e-01
2.02000e+02 8.1904793812e+01 4.7688674163e-01
2.03000e+02 8.2225510928e+01 5.7419838452e-01
2.04000e+02 8.2549007427e+01 2.3335357760e+00
2.05000e+02 8.2844897329e+01 2.3412162938e+00
2.06000e+02 8.3139685375e+01 5.1876430340e-01
2.07000e+02 8.3426722536e+01 5.0939279981e-01
2.08000e+02 8.3716792295e+01 5.0416511975e-01
2.09000e+02 8.3989756523e+01 8.8983793634e-01
2.10000e+02 8.4230740988e+01 3.1692203086e-02
2.11000e+02 8.4427724682e+01 3.6585277602e-01
2.12000e+02 8.4616306123e+01 3.1308389893e-01
2.13000e+02 8.4842173335e+01 1.4350254415e+00
2.14000e+02 8.5059340469e+01 7.2902624194e-02
2.15000e+02 8.5252845661e+01 3.3729926244e-01
2.16000e+02 8.5479561072e+01 1.9101009191e+00
2.17000e+02 8.5720115286e+01 3.9300247389e-01
2.18000e+02 8.5935516675e+01 3.3519621734e-01
2.19000e+02 8.6131701147e+01 4.5382447518e-01
2.20000e+02 8.6365090463e+01 3.9928337560e-01
2.21000e+02 8.6612510866e+01 4.0575028246e-01
2.22000e+02 8.6831469586e+01 4.5692798177e-01
2.23000e+02 8.7031060022e+01 4.0229005599e-01
2.24000e+02 8.7233662319e+01 3.8553134224e-01
2.25000e+02 8.7429587470e+01 3.2278331483e-01
2.26000e+02 8.7630220407e+01 3.2049117178e-01
2.27000e+02 8.7826207559e+01 3.2023268196e-01
2.28000e+02 8.8067891408e+01 4.1363906472e-01
2.29000e+02 8.8316197025e+01 3.6409273818e-01
2.30000e+02 8.8535592366e+01 1.5457578866e+00
2.31000e+02 8.8740487300e+01 1.5008014450e+00
2.32000e+02 8.9017700450e+01 3.8993693878e+00
2.33000e+02 8.9354858921e+01 1.4117131853e-01
2.34000e+02 8.9692518228e+01 4.4406076218e-01
2.35000e+02 9.0019070082e+01 7.7341316323e-01
2.36000e+02 9.0322881754e+01 1.2051413841e+00
2.37000e+02 9.0664306732e+01 9.5084670094e-01
2.38000e+02 9.1004963658e+01 7.7563736920e-01
2.39000e+02 9.1345018321e+01 7.7349141693e-01
2.40000e+02 9.1683027641e+01 5.9924111994e-01
2.41000e+02 9.1980807195e+01 5.2340769958e-01
2.42000e+02 9.2352111538e+01 2.3512134112e-01
2.43000e+02 9.2790013258e+01 1.6844697055e+00
2.44000e+02 9.3209132619e+01 2.3622142573e+00
2.45000e+02 9.3593829284e+01 3.1409911128e+00
2.46000e+02 9.3978467592e+01 1.6961191998e+00
2.47000e+02 9.4363303184e+01 1.3772682278e+00
2.48000e+02 9.4692664792e+01 6.2743866285e-01
2.49000e+02 9.4983651588e+01 1.3703365424e+00
2.50000e+02 9.5352479316e+01 6.7211369287e-01
2.51000e+02 9.5731071523e+01 6.6519819435e-01
2.52000e+02 9.6105072640e+01 6.6970638585e-01
2.53000e+02 9.6484973847e+01 6.7034567857e-01
2.54000e+02 9.6862115504e+01 6.7281587240e-01
2.55000e+02 9.7242968182e+01 6.7309452872e-01
2.56000e+02 9.7621115172e+01 6.7342676638e-01
2.57000e+02 9.8002122767e+01 6.7290825622e-01
2.58000e+02 9.8322724116e+01 1.2812015122e+00
2.59000e+02 9.8607456216e+01 2.6791199593e+00
2.60000e+02 9.8973050084e+01 6.5968222614e-01
2.61000e+02 9.9393285013e+01 7.5845879580e-01
2.62000e+02 9.9797852443e+01 3.3522374524e+00
2.63000e+02 1.0017560870e+02 6.5577121039e-01
2.64000e+02 1.0050989710e+02 2.6901278811e+00
2.65000e+02 1.0079856415e+02 6.6295750006e-01
2.66000e+02 1.0107841475e+02 6.0785674594e-01
2.67000e+02 1.0134985584e+02 4.6266571471e-01
2.68000e+02 1.0171213811e+02 6.5180384152e-01
2.69000e+02 1.0213751243e+02 3.3540246043e+00
2.70000e+02 1.0255543101e+02 5.1708094685e+00
2.71000e+02 1.0295937886e+02 3.0376711377e-01
2.72000e+02 1.0333985686e+02 8.6629380378e-01
2.73000e+02 1.0370726047e+02 6.5762290502e-01
2.74000e+02 1.0407334980e+02 6.4257661272e-01
2.75000e+02 1.0443343766e+02 6.3461829964e-01
2.76000e+02 1.0489967143e+02 1.9041758987e-01
2.77000e+02 1.0543256413e+02 1.1481462432e+00
2.78000e+02 1.0594273975e+02 1.9941878119e+00
2.79000e+02 1.0643912933e+02 9.1506265001e-01
2.80000e+02 1.0693268496e+02 8.9752760029e-01
2.81000e+02 1.0741894380e+02 8.8649932579e-01
2.82000e+02 1.0790568615e+02 8.7879955373e-01
2.83000e+02 1.0838710944e+02 8.7308519997e-01
2.84000e+02 1.0887009435e+02 8.6845467627e-01
2.85000e+02 1.0934918625e+02 2.0885888556e+00
2.86000e+02 1.0982692363e+02 3.8304742400e+00
2.87000e+02 1.1029989101e+02 2.6746452400e+00
2.88000e+02 1.1071988439e+02 6.8788773068e-01
2.89000e+02 1.1112048485e+02 9.4185291469e+00
2.90000e+02 1.1152218541e+02 4.3019923890e+00
2.91000e+02 1.1189760824e+02 2.6961047160e+00
2.92000e+02 1.1234891073e+02 8.2659925640e-01
2.93000e+02 1.1286076812e+02 1.6020079031e+00
2.94000e+02 1.1335420094e+02 1.6108538032e+00
2.95000e+02 1.1383673378e+02 8.7593082259e-01
2.96000e+02 1.1434587543e+02 1.0744109297e-01
2.97000e+02 1.1485102471e+02 9.5549910681e-01
2.98000e+02 1.1532065870e+02 3.6975928211e+00
2.99000e+02 1.1582116728e+02 1.7091510753e+00
3.00000e+02 1.1631857823e+02 1.6957112181e+00
3.01000e+02 1.1681375787e+02 8.9076484564e-01
3.02000e+02 1.1730737109e+02 8.8607635412e-01
3.03000e+02 1.1776538256e+02 8.2741485668e-01
3.04000e+02 1.1820855363e+02 1.6466989820e+00
3.05000e+02 1.1864341337e+02 1.6219005462e+00
3.06000e+02 1.1907935555e+02 7.6647530420e-01
3.07000e+02 1.1951077140e+02 7.6226493731e-01
3.08000e+02 1.2005826783e+02 1.7186205777e+00
3.09000e+02 1.2061518340e+02 4.1950346196e+00
3.10000e+02 1.2109003069e+02 8.0040778062e-01
3.11000e+02 1.2157682188e+02 8.7680183169e-01
3.12000e+02 1.2206217578e+02 1.5269475467e+00
3.13000e+02 1.2254711235e+02 1.5235659834e+00
3.14000e+02 1.2304605671e+02 3.4489793689e+00
3.15000e+02 1.2351920613e+02 3.4361469652e+00
3.16000e+02 1.2400909640e+02 8.6729694883e-01
3.17000e+02 1.2448726138e+02 8.4635651489e-01
3.18000e+02 1.2503261536e+02 3.4305683662e+00
3.19000e+02 1.2563393340e+02 8.5577254912e-01
3.20000e+02 1.2622217426e+02 9.8350597093e-02
3.21000e+02 1.2681041030e+02 1.0679813641e+00
3.22000e+02 1.2740773071e+02 1.8175907078e+00
3.23000e+02 1.2795165626e+02 1.8457359527e+00
3.24000e+02 1.2849446575e+02 9.7704785342e-01
3.25000e+02 1.2904083860e+02 9.7851811987e-01
3.26000e+02 1.2952683926e+02 1.9408273284e+00
3.27000e+02 1.2996919841e+02 1.9993835727e+00
3.28000e+02 1.3050296818e+02 9.6849988512e-01
3.29000e+02 1.3109557747e+02 1.0794604446e+00
3.30000e+02 1.3166910185e+02 1.0784191317e+00
3.31000e+02 1.3221653777e+02 9.6859444779e-01
3.32000e+02 1.3276244117e+02 9.7975947304e-01
3.33000e+02 1.3330857207e+02 9.7747470191e-01
3.34000e+02 1.3385222884e+02 9.7425059715e-01
3.35000e+02 1.3439846084e+02 9.7337744659e-01
3.36000e+02 1.3494152087e+02 9.7180733444e-01
3.37000e+02 1.3551364813e+02 1.0568586820e+00
3.38000e+02 1.3607552872e+02 2.9048833523e+00
3.39000e+02 1.3663256011e+02 2.8868825981e+00
3.40000e+02 1.3721841704e+02 1.9777498335e+00
3.41000e+02 1.3780612023e+02 4.0357670147e+00
3.42000e+02 1.3845271379e+02 1.1029697412e+00
3.43000e+02 1.3910132468e+02 2.1750811788e+00
3.44000e+02 1.3967363568e+02 5.0312619783e+00
3.45000e+02 1.4020264720e+02 1.0431751050e+00
3.46000e+02 1.4072284795e+02 9.9002168017e-01
3.47000e+02 1.4123306043e+02 9.0787067413e-01
3.48000e+02 1.4186221463e+02 1.1560305217e+00
3.49000e+02 1.4249979485e+02 1.1438438285e+00
3.50000e+02 1.4305389451e+02 9.4086170940e-01
3.51000e+02 1.4361764313e+02 4.9447487048e+00
3.52000e+02 1.4417738753e+02 5.9547134408e+00
3.53000e+02 1.4470076434e+02 9.5308518392e-01
3.54000e+02 1.4521050532e+02 9.0777342432e-01
3.55000e+02 1.4571159583e+02 8.8457934386e-01
3.56000e+02 1.4633554162e+02 1.1374915806e+00
3.57000e+02 1.4696890024e+02 1.6143601190e+00
3.58000e+02 1.4751692642e+02 9.2197995910e-01
3.59000e+02 1.4802843441e+02 9.3147546250e-01
3.60000e+02 1.4853462515e+02 8.8870854908e-01
3.61000e+02 1.4903322276e+02 8.7490946526e-01
3.62000e+02 1.4953412667e+02 8.6874771580e-01
3.63000e+02 1.5009574226e+02 2.9531616627e+00
3.64000e+02 1.5068652812e+02 4.9572571173e+00
3.65000e+02 1.5119963465e+02 2.5565046996e+00
3.66000e+02 1.5165337152e+02 4.7167037465e-02
3.67000e+02 1.5210934112e+02 1.8913591724e+00
3.68000e+02 1.5257689853e+02 2.4307197537e+00
3.69000e+02 1.5302170254e+02 7.2683615083e+00
3.70000e+02 1.5346669709e+02 7.5566645271e-01
3.71000e+02 1.5390694273e+02 7.5035241937e-01
3.72000e+02 1.5437959124e+02 3.5533095294e+00
3.73000e+02 1.5485130522e+02 7.9387546432e-01
3.74000e+02 1.5538056512e+02 5.5998394489e+00
3.75000e+02 1.5591647306e+02 2.4580565952e+00
3.76000e+02 1.5644602522e+02 9.2805941465e-01
3.77000e+02 1.5698171392e+02 9.2691211412e-01
3.78000e+02 1.5745249186e+02 8.1012266598e-01
3.79000e+02 1.5791799683e+02 3.1927351851e+00
3.80000e+02 1.5839282788e+02 2.6331909237e+00
3.81000e+02 1.5881026024e+02 1.1825634427e-01
3.82000e+02 1.5918219800e+02 1.5426491778e+00
3.83000e+02 1.5951596300e+02 3.2715574282e+00
3.84000e+02 1.5993232007e+02 6.9465202476e-01
3.85000e+02 1.6036172057e+02 7.0592552306e-01
3.86000e+02 1.6072426765e+02 1.6174058284e+00
3.87000e+02 1.6109556549e+02 2.5363506122e+00
3.88000e+02 1.6147086363e+02 4.8710348338e+00
3.89000e+02 1.6185061007e+02 6.1360588974e-01
3.90000e+02 1.6223204827e+02 4.9368866129e-01
3.91000e+02 1.6255170567e+02 1.0974310530e-01
3.92000e+02 1.6287839537e+02 5.0591885753e-01
3.93000e+02 1.6321340718e+02 5.2076735610e-01
3.94000e+02 1.6349496572e+02 1.4390214943e+00
3.95000e+02 1.6377567471e+02 9.9037454615e-02
3.96000e+02 1.6405504232e+02 3.0854263692e-01
3.97000e+02 1.6427917102e+02 6.8403012674e-01
3.98000e+02 1.6451285177e+02 1.1105837458e+00
3.99000e+02 1.6475480466e+02 3.3238410388e-01
4.00000e+02 1.6494719645e+02 1.8810516227e-01
4.01000e+02 1.6511250198e+02 2.1403840069e+00
4.02000e+02 1.6534916454e+02 3.3503351735e-01
4.03000e+02 1.6559964377e+02 3.4322483065e-01
4.04000e+02 1.6579092866e+02 7.1606510600e-01
4.05000e+02 1.6595925131e+02 3.3771559517e-01
4.06000e+02 1.6612700941e+02 3.1385109146e-01
4.07000e+02 1.6633872295e+02 1.2727633180e-01
4.08000e+02 1.6655675561e+02 1.4113382714e+00
4.09000e+02 1.6673433702e+02 2.0096959181e-01
4.10000e+02 1.6698043752e+02 3.5231955207e-01
4.11000e+02 1.6724263433e+02 3.6368480971e-01
4.12000e+02 1.6744335146e+02 2.3372764830e-01
4.13000e+02 1.6765759519e+02 1.2161853504e+00
4.14000e+02 1.6786666853e+02 1.6513062655e+00
4.15000e+02 1.6801368331e+02 4.1944517644e-02
4.16000e+02 1.6817071508e+02 2.3234983001e-01
4.17000e+02 1.6836366212e+02 4.8343431617e+00
4.18000e+02 1.6855404630e+02 2.3777202472e-01
4.19000e+02 1.6872537157e+02 1.8319046056e-01
4.20000e+02 1.6890159625e+02 3.1755665466e-01
4.21000e+02 1.6909633115e+02 2.3932210868e-01
4.22000e+02 1.6931054515e+02 2.8374967670e-01
4.23000e+02 1.6953805073e+02 7.5953715999e-01
4.24000e+02 1.6974337839e+02 7.6338815334e-01
4.25000e+02 1.6998021793e+02 6.9612985804e-01
4.26000e+02 1.7021994653e+02 7.2094832241e-01
4.27000e+02 1.7042089181e+02 2.5994540137e-01
4.28000e+02 1.7061265568e+02 2.4612166340e-01
4.29000e+02 1.7085405761e+02 3.3472163371e-01
4.30000e+02 1.7109689434e+02 3.3749505664e-01
4.31000e+02 1.7129447750e+02 2.4251340957e-01
4.32000e+02 1.7148448730e+02 2.4051683195e-01
4.33000e+02 1.7172745965e+02 3.3872799020e-01
4.34000e+02 1.7197172094e+02 3.3981381270e-01
4.35000e+02 1.7221664086e+02 3.4142156567e-01
4.36000e+02 1.7244526952e+02 2.7732727098e-01
4.37000e+02 1.7260488163e+02 1.0781834889e+00
4.38000e+02 1.7277446716e+02 9.5510967618e-01
4.39000e+02 1.7298275858e+02 1.0203473358e+00
4.40000e+02 1.7318730373e+02 9.9524347453e-01
4.41000e+02 1.7337105567e+02 2.0563684315e-01
4.42000e+02 1.7352085302e+02 4.9514333301e-01
4.43000e+02 1.7363413331e+02 6.5062163563e-01
4.44000e+02 1.7374178761e+02 7.2472179232e-02
4.45000e+02 1.7388623799e+02 1.6403782529e-01
4.46000e+02 1.7403769126e+02 4.1214591008e-01
4.47000e+02 1.7415036485e+02 7.1793014312e-02
4.48000e+02 1.7425670743e+02 7.0409490963e-02
4.49000e+02 1.7441367216e+02 1.5974075614e-01
4.50000e+02 1.7457390595e+02 1.6836153251e-01
4.51000e+02 1.7473696682e+02 1.7428930536e-01
4.52000e+02 1.7489920838e+02 1.7612279229e-01
4.53000e+02 1.7501769406e+02 7.6151175151e-02
4.54000e+02 1.7519273532e+02 3.0211668133e-01
4.55000e+02 1.7538516612e+02 4.6456882962e-01
4.56000e+02 1.7557638315e+02 3.8905027968e-01
4.57000e+02 1.7577489439e+02 2.4066626773e-01
4.58000e+02 1.7597213339e+02 2.4644757452e-01
4.59000e+02 1.7619780059e+02 7.7324937653e-01
4.60000e+02 1.7641727521e+02 7.8740560229e-01
4.61000e+02 1.7661920594e+02 2.4962062083e-01
4.62000e+02 1.7678429983e+02 3.6998468264e-01
4.63000e+02 1.7691054896e+02 4.8855039674e-01
4.64000e+02 1.7709697806e+02 2.3856109614e-01
4.65000e+02 1.7733427888e+02 3.0688558791e-01
4.66000e+02 1.7756060729e+02 3.1343248709e-01
4.67000e+02 1.7776003538e+02 2.3581988558e-01
4.68000e+02 1.7796277604e+02 2.5189562807e-01
4.69000e+02 1.7818472256e+02 2.9776475000e-01
4.70000e+02 1.7840268929e+02 2.8910530918e-01
4.71000e+02 1.7860681452e+02 2.5634087875e-01
4.72000e+02 1.7877632323e+02 2.5731832494e-01
4.73000e+02 1.7892538639e+02 1.0591361689e+00
4.74000e+02 1.7905721997e+02 8.6133149706e-02
4.75000e+02 1.7913689870e+02 1.2444650648e-01
4.76000e+02 1.7922795074e+02 1.6657802463e-01
4.77000e+02 1.7934773187e+02 1.0060379527e-01
4.78000e+02 1.7949027204e+02 1.0383756355e+00
4.79000e+02 1.7966053547e+02 1.6135031842e-01
4.80000e+02 1.7983139572e+02 1.8950906466e-01
4.81000e+02 1.8000976018e+02 1.9742057896e-01
4.82000e+02 1.8018541675e+02 2.0201946866e-01
4.83000e+02 1.8032455225e+02 6.6926408614e-01
4.84000e+02 1.8051473860e+02 1.9963749347e-01
4.85000e+02 1.8072020836e+02 4.9164033299e-01
4.86000e+02 1.8086999070e+02 1.1438592878e+00
4.87000e+02 1.8099783020e+02 6.2093046612e-01
4.88000e+02 1.8119227780e+02 2.4840259757e-01
4.89000e+02 1.8139919335e+02 4.3423439821e-01
4.90000e+02 1.8154739156e+02 1.2373457527e-01
4.91000e+02 1.8170536307e+02 1.8142451051e-01
4.92000e+02 1.8185276056e+02 7.9400860085e-01
4.93000e+02 1.8197916126e+02 7.9983416703e-01
4.94000e+02 1.8210839914e+02 1.0293321649e-01
4.95000e+02 1.8223038759e+02 9.8418032197e-02
4.96000e+02 1.8239462924e+02 1.6982816132e-01
4.97000e+02 1.8256105371e+02 1.6219581470e-01
4.98000e+02 1.8276405822e+02 6.6176951191e-01
4.99000e+02 1.8301819036e+02 1.3214368296e-01
5.00000e+02 1.8325996340e+02 3.4286631897e-01
5.01000e+02 1.8349159690e+02 3.2002481133e-01
5.02000e+02 1.8372401335e+02 3.1034819907e-01
5.03000e+02 1.8393863014e+02 4.8417456649e-01
5.04000e+02 1.8415601117e+02 4.6609284787e-01
5.05000e+02 1.8438724162e+02 3.0963480625e-01
5.06000e+02 1.8463922538e+02 1.9385135154e-01
5.07000e+02 1.8490289155e+02 9.1573093409e-01
5.08000e+02 1.8514080780e+02 1.1665668610e+00
5.09000e+02 1.8536453810e+02 3.0697517794e-01
5.10000e+02 1.8558521891e+02 2.8943275859e-01
5.11000e+02 1.8580000507e+02 2.8019918872e-01
5.12000e+02 1.8601493283e+02 2.7416594565e-01
5.13000e+02 1.8622590095e+02 2.7007373598e-01
5.14000e+02 1.8643800980e+02 2.6698474897e-01
5.15000e+02 1.8664688618e+02 2.6462602930e-01
5.16000e+02 1.8694340788e+02 3.8846584192e-01
5.17000e+02 1.8725109514e+02 1.7353611489e+00
5.18000e+02 1.8749068979e+02 2.9184720535e-01
5.19000e+02 1.8774299593e+02 1.0256067373e+00
5.20000e+02 1.8800054032e+02 2.0411280856e+00
5.21000e+02 1.8822106297e+02 3.0320163066e-01
5.22000e+02 1.8843206087e+02 2.7430167016e-01
5.23000e+02 1.8863840213e+02 2.5984597669e-01
5.24000e+02 1.8892965460e+02 1.2315930144e+00
5.25000e+02 1.8928742482e+02 1.5976704451e+00
5.26000e+02 1.8963987497e+02 6.5739032827e-01
5.27000e+02 1.8997681637e+02 1.3060013677e-01
5.28000e+02 1.9037844699e+02 4.6958867680e-01
5.29000e+02 1.9078729189e+02 1.0120516034e+00
5.30000e+02 1.9112534902e+02 5.1711490729e-01
5.31000e+02 1.9143090385e+02 4.8521122470e-01
5.32000e+02 1.9182144526e+02 6.4073981279e-01
5.33000e+02 1.9227067581e+02 7.4819326720e-01
5.34000e+02 1.9270131063e+02 2.8510613930e+00
5.35000e+02 1.9312019462e+02 6.9000015513e-01
5.36000e+02 1.9353741667e+02 6.7589737754e-01
5.37000e+02 1.9394780046e+02 6.6672128749e-01
5.38000e+02 1.9439307726e+02 7.0802219133e-01
5.39000e+02 1.9483956560e+02 6.0974602879e-01
5.40000e+02 1.9524929816e+02 1.1655377183e+00
5.41000e+02 1.9563937697e+02 6.3915013667e-01
5.42000e+02 1.9612417193e+02 1.5452343166e+00
5.43000e+02 1.9661659395e+02 2.2673652826e+00
5.44000e+02 1.9703422819e+02 6.4641266796e-01
5.45000e+02 1.9741782876e+02 8.4165117672e-01
5.46000e+02 1.9789341016e+02 8.0490358695e-01
5.47000e+02 1.9842964928e+02 1.2585532490e-01
5.48000e+02 1.9895284094e+02 2.1663716565e+00
5.49000e+02 1.9947720728e+02 5.2714432788e+00
5.50000e+02 2.0000669998e+02 1.5924423555e+00
5.51000e+02 2.0051062158e+02 1.5585323934e+00
5.52000e+02 2.0103250466e+02 8.8163079551e-01
5.53000e+02 2.0154523020e+02 9.3322364595e-01
5.54000e+02 2.0202464071e+02 1.8348762239e+00
5.55000e+02 2.0248633308e+02 7.7554633063e-01
5.56000e+02 2.0305459784e+02 9.6126955202e-01
5.57000e+02 2.0363058258e+02 1.8479696855e+00
5.58000e+02 2.0412662843e+02 7.9140611314e-01
5.59000e+02 2.0463067959e+02 8.6043397987e-01
5.60000e+02 2.0514762275e+02 1.8335721877e+00
5.61000e+02 2.0563715419e+02 1.8173484533e+00
5.62000e+02 2.0612346337e+02 8.0736158903e-01
5.63000e+02 2.0658754092e+02 5.4497872739e-01
5.64000e+02 2.0701046588e+02 3.7669179924e-02
5.65000e+02 2.0741213077e+02 1.7700560610e+00
5.66000e+02 2.0781377535e+02 2.5076210508e+00
5.67000e+02 2.0818711844e+02 6.6463392260e-01
5.68000e+02 2.0854672039e+02 1.7049629969e+00
5.69000e+02 2.0895416799e+02 6.3845380322e-01
5.70000e+02 2.0936163610e+02 6.4363886910e-01
5.71000e+02 2.0976890147e+02 6.4281300589e-01
5.72000e+02 2.1018005604e+02 7.5154609303e-02
5.73000e+02 2.1052558678e+02 1.5470797220e+00
5.74000e+02 2.1082775464e+02 1.2225514509e+00
5.75000e+02 2.1113228916e+02 1.0273085363e-01
5.76000e+02 2.1143255672e+02 1.1410838002e+00
5.77000e+02 2.1167460708e+02 1.1178485193e+00
5.78000e+02 2.1188235429e+02 1.9704876883e-01
5.79000e+02 2.1206096916e+02 2.5330069853e+00
5.80000e+02 2.1230871985e+02 3.8637185163e+00
5.81000e+02 2.1261732522e+02 1.9012944882e+00
5.82000e+02 2.1291495832e+02 1.1140962202e+00
5.83000e+02 2.1320502109e+02 8.8363645617e-01
5.84000e+02 2.1352753066e+02 6.6793166742e-01
5.85000e+02 2.1385054613e+02 6.5726577862e-01
5.86000e+02 2.1422298007e+02 5.3812778639e-01
5.87000e+02 2.1464604791e+02 1.3300506988e-01
5.88000e+02 2.1505335605e+02 6.5599162949e-01
5.89000e+02 2.1543448564e+02 9.9268232631e-01
5.90000e+02 2.1577356645e+02 1.0012902508e+00
5.91000e+02 2.1606598409e+02 5.0699183046e-01
5.92000e+02 2.1643074123e+02 5.7056830930e-01
5.93000e+02 2.1680539845e+02 5.6352537961e-01
5.94000e+02 2.1711549940e+02 4.7750497140e-01
5.95000e+02 2.1743104592e+02 1.5685266982e+00
5.96000e+02 2.1774718658e+02 9.1716742447e-01
5.97000e+02 2.1804092993e+02 1.4422614004e+00
5.98000e+02 2.1836256370e+02 1.3527342368e+00
5.99000e+02 2.1867649970e+02 5.9151609994e-01
6.00000e+02 2.1904449401e+02 9.9868325726e-01
6.01000e+02 2.1942227043e+02 1.0008037780e+00
6.02000e+02 2.1973577288e+02 5.9432608646e-01
6.03000e+02 2.2001922261e+02 9.6719829941e-01
6.04000e+02 2.2038445613e+02 5.6455794967e-01
6.05000e+02 2.2076064164e+02 5.6240247571e-01
6.06000e+02 2.2106961935e+02 9.6170636636e-01
6.07000e+02 2.2138708755e+02 9.1817193319e-01
6.08000e+02 2.2170627075e+02 1.5646855875e+00
6.09000e+02 2.2196373902e+02 1.1871723601e-01
6.10000e+02 2.2218271725e+02 8.9999483949e-02
6.11000e+02 2.2240332525e+02 1.4662607052e+00
6.12000e+02 2.2263092898e+02 2.2880181661e+00
6.13000e+02 2.2282696371e+02 4.7657838966e-01
6.14000e+02 2.2301433035e+02 9.8379761575e-01
6.15000e+02 2.2325121890e+02 2.8377008345e-01
6.16000e+02 2.2347894282e+02 2.1005780011e-01
6.17000e+02 2.2368199269e+02 1.7399169619e+00
6.18000e+02 2.2391630996e+02 2.9019985366e-01
6.19000e+02 2.2413960344e+02 7.6982539986e-01
6.20000e+02 2.2434328643e+02 2.9980265491e-01
6.21000e+02 2.2458690562e+02 2.9664029270e-01
6.22000e+02 2.2483266138e+02 3.0778215000e-01
6.23000e+02 2.2503658731e+02 2.8013529500e-01
6.24000e+02 2.2530728249e+02 1.0763199708e+00
6.25000e+02 2.2559296457e+02 1.1034574591e+00
6.26000e+02 2.2581667292e+02 3.1636901456e-01
6.27000e+02 2.2601626369e+02 3.1171748973e-01
6.28000e+02 2.2621339030e+02 2.1459741644e-01
6.29000e+02 2.2640589855e+02 2.0730029998e-01
6.30000e+02 2.2660034389e+02 2.0441172618e-01
6.31000e+02 2.2679238999e+02 2.0374516398e-01
6.32000e+02 2.2707107074e+02 3.8272282052e-01
6.33000e+02 2.2741626022e+02 7.3952363171e-01
6.34000e+02 2.2774410368e+02 1.5665203916e+00
6.35000e+02 2.2803581327e+02 7.0749613698e-01
6.36000e+02 2.2828549513e+02 2.5877793918e-01
6.37000e+02 2.2849458112e+02 2.7555905941e-01
6.38000e+02 2.2877297896e+02 7.0650572142e-01
6.39000e+02 2.2906252533e+02 3.8450746150e-01
6.40000e+02 2.2934903609e+02 3.9223588260e-01
6.41000e+02 2.2967115412e+02 4.6716112510e-01
6.42000e+02 2.2998483839e+02 7.1270555642e-01
6.43000e+02 2.3027939024e+02 3.9684913147e-01
6.44000e+02 2.3053389159e+02 2.8010298923e-01
6.45000e+02 2.3076888899e+02 1.5010779987e+00
6.46000e+02 2.3101004911e+02 1.4949812749e+00
6.47000e+02 2.3125844759e+02 3.0466194989e-01
6.48000e+02 2.3150650873e+02 3.1125830989e-01
6.49000e+02 2.3175895881e+02 3.1499865101e-01
6.50000e+02 2.3200998959e+02 3.1765328931e-01
6.51000e+02 2.3222267855e+02 5.2359813205e-01
6.52000e+02 2.3242487707e+02 1.1392179646e+00
6.53000e+02 2.3267808753e+02 3.1809602281e-01
6.54000e+02 2.3293231192e+02 3.2097153636e-01
6.55000e+02 2.3318742628e+02 3.2255446248e-01
6.56000e+02 2.3342574564e+02 3.2108737015e-01
6.57000e+02 2.3364062928e+02 1.8449525818e+00
6.58000e+02 2.3385710065e+02 1.1646365828e+00
6.59000e+02 2.3406567391e+02 2.3773372871e-01
6.60000e+02 2.3427843898e+02 2.3378968792e-01
6.61000e+02 2.3447264724e+02 7.9756287198e-01
6.62000e+02 2.3463886169e+02 6.0402576077e-01
6.63000e+02 2.3476524660e+02 1.4150241589e+00
6.64000e+02 2.3494756822e+02 1.7162437047e+00
6.65000e+02 2.3514224900e+02 8.1709351183e-01
6.66000e+02 2.3528235584e+02 7.9045438360e-02
6.67000e+02 2.3542891041e+02 3.6904021312e-01
6.68000e+02 2.3556421868e+02 1.1160436917e-01
6.69000e+02 2.3564143327e+02 1.1746618316e-01
6.70000e+02 2.3569152524e+02 1.7350325432e-01
6.71000e+02 2.3571873744e+02 1.5312343021e-01
6.72000e+02 2.3580089611e+02 2.8450502616e-02
6.73000e+02 2.3594017021e+02 2.7574949464e-01
6.74000e+02 2.3609226002e+02 5.8876850027e-01
6.75000e+02 2.3626650675e+02 1.3918492558e-01
6.76000e+02 2.3641567510e+02 1.0027266819e-01
6.77000e+02 2.3654493140e+02 9.0154598186e-02
6.78000e+02 2.3671176163e+02 1.5378615762e-01
6.79000e+02 2.3687338041e+02 1.3440657767e-01
6.80000e+02 2.3701410835e+02 2.2968171773e-01
6.81000e+02 2.3719075529e+02 1.5511954126e-01
6.82000e+02 2.3734786719e+02 9.8007986574e-02
6.83000e+02 2.3743649614e+02 2.7996328038e-01
6.84000e+02 2.3753571540e+02 3.1088632757e-01
6.85000e+02 2.3764254581e+02 3.1805924840e-02
6.86000e+02 2.3775135071e+02 2.7217343928e-02
6.87000e+02 2.3788543739e+02 1.0274035578e-01
6.88000e+02 2.3801636460e+02 7.6452926508e-02
6.89000e+02 2.3813100900e+02 3.5004124710e-02
6.90000e+02 2.3821290971e+02 9.6137189497e-02
6.91000e+02 2.3827953144e+02 1.1714309742e-02
6.92000e+02 2.3835818457e+02 7.8489918160e-02
6.93000e+02 2.3841074117e+02 2.1643090058e-01
6.94000e+02 2.3845468843e+02 2.6250855664e-02
6.95000e+02 2.3854365616e+02 2.2346005948e-02
6.96000e+02 2.3863679633e+02 3.6810702064e-02
6.97000e+02 2.3868668891e+02 2.8888629035e-02
6.98000e+02 2.3873053818e+02 2.2225671641e-02
6.99000e+02 2.3882589580e+02 6.3898880412e-03
7.00000e+02 2.3889414014e+02 6.2682870644e-02
7.01000e+02 2.3893816578e+02 2.0238755999e-02
7.02000e+02 2.3902254040e+02 2.3820543599e-03
7.03000e+02 2.3909643687e+02 4.6207350377e-02
7.04000e+02 2.3915426934e+02 2.0366691788e-02
7.05000e+02 2.3925202652e+02 6.5343129992e-03
7.06000e+02 2.3935325012e+02 1.0321199182e-02
7.07000e+02 2.3941118809e+02 4.3878255816e-03
7.08000e+02 2.3951852701e+02 6.3321421111e-02
7.09000e+02 2.3964277883e+02 8.1179028108e-02
7.10000e+02 2.3971449474e+02 7.3556654149e-03
7.11000e+02 2.3980047137e+02 1.4696764199e-03
7.12000e+02 2.3989629717e+02 6.8660048755e-03
7.13000e+02 2.4000005043e+02 1.0917494019e-02
7.14000e+02 2.4010295238e+02 1.7982734963e-02
7.15000e+02 2.4016429331e+02 1.0751263382e-02
7.16000e+02 2.4027339357e+02 5.3040896605e-02
7.17000e+02 2.4045028256e+02 1.5190017257e-01
7.18000e+02 2.4061539708e+02 2.2839993196e-01
7.19000e+02 2.4076867888e+02 1.2946152704e-01
7.20000e+02 2.4095825490e+02 8.6674071396e-02
7.21000e+02 2.4116353716e+02 2.7256246756e-01
7.22000e+02 2.4133499637e+02 1.3567676718e-01
7.23000e+02 2.4145151358e+02 3.6939731121e-02
7.24000e+02 2.4154114033e+02 2.9963911806e-01
7.25000e+02 2.4160180332e+02 2.9866153515e-01
7.26000e+02 2.4165705658e+02 3.4373490573e-02
7.27000e+02 2.4170740857e+02 4.4650114280e-02
7.28000e+02 2.4175842163e+02 4.2401984121e-03
7.29000e+02 2.4185712081e+02 2.8958012648e-02
7.30000e+02 2.4193277587e+02 9.5804157255e-02
7.31000e+02 2.4198397925e+02 6.2245675550e-02
7.32000e+02 2.4207453221e+02 2.0219589042e-01
7.33000e+02 2.4218292433e+02 9.6642219375e-03
7.34000e+02 2.4225277731e+02 6.7985511838e-02
7.35000e+02 2.4226310970e+02 1.1725356423e-01
7.36000e+02 2.4225263100e+02 2.2908152874e-02
7.37000e+02 2.4224732293e+02 1.1370019470e-01
7.38000e+02 2.4225367659e+02 1.8813123372e-01
7.39000e+02 2.4222797824e+02 1.0317154411e-01
7.40000e+02 2.4224013668e+02 7.0675531350e-02
7.41000e+02 2.4227113370e+02 2.2206182663e-03
7.42000e+02 2.4225669164e+02 1.1754985174e-01
7.43000e+02 2.4222747260e+02 1.2095298798e-01
7.44000e+02 2.4219799654e+02 1.5034001194e-02
7.45000e+02 2.4216624445e+02 1.5049028899e-02
7.46000e+02 2.4219048356e+02 1.2080665754e-02
7.47000e+02 2.4227602801e+02 3.3576455686e-02
7.48000e+02 2.4237435605e+02 9.1974379956e-02
7.49000e+02 2.4249423812e+02 2.9129440900e-02
7.50000e+02 2.4261356943e+02 5.0103583826e-02
7.51000e+02 2.4269801513e+02 1.2826638158e-01
7.52000e+02 2.4282873535e+02 9.0684470659e-02
7.53000e+02 2.4297347120e+02 8.6452920485e-02
7.54000e+02 2.4306355145e+02 1.4865662533e-01
7.55000e+02 2.4316510928e+02 3.1729251005e-02
7.56000e+02 2.4327541555e+02 2.2672474787e-02
7.57000e+02 2.4335054191e+02 1.2461704463e-01
7.58000e+02 2.4341701786e+02 8.0932235832e-03
7.59000e+02 2.4348056479e+02 3.4942961119e-03
7.60000e+02 2.4360816003e+02 8.3241489496e-02
7.61000e+02 2.4380020308e+02 2.4673833255e-01
7.62000e+02 2.4397863369e+02 3.2152634687e-01
7.63000e+02 2.4411933448e+02 7.9123189571e-02
7.64000e+02 2.4426333996e+02 1.5878912458e-01
7.65000e+02 2.4442876196e+02 1.5434403301e-01
7.66000e+02 2.4461330056e+02 7.4232338179e-02
7.67000e+02 2.4482187057e+02 3.1062705077e-01
7.68000e+02 2.4500340050e+02 1.5728900967e-01
7.69000e+02 2.4513173068e+02 1.4625972578e-01
7.70000e+02 2.4523056493e+02 3.4267472488e-01
7.71000e+02 2.4529955211e+02 3.4777229255e-01
7.72000e+02 2.4542196543e+02 1.3259753723e-01
7.73000e+02 2.4555719608e+02 1.5887166861e-01
7.74000e+02 2.4569149346e+02 9.9185807414e-02
7.75000e+02 2.4583110166e+02 8.3957907112e-02
7.76000e+02 2.4591728881e+02 1.2647100312e-02
7.77000e+02 2.4597980222e+02 7.3106600699e-02
7.78000e+02 2.4604062016e+02 2.5683936675e-02
7.79000e+02 2.4613910541e+02 4.7046962993e-02
7.80000e+02 2.4624520867e+02 2.8293423970e-01
7.81000e+02 2.4631139001e+02 3.6679256039e-03
7.82000e+02 2.4643147639e+02 6.9662955032e-02
7.83000e+02 2.4661740366e+02 1.9634959498e-01
7.84000e+02 2.4681141289e+02 9.1570224568e-02
7.85000e+02 2.4699591576e+02 1.8791482851e-01
7.86000e+02 2.4723100417e+02 1.3997956975e-01
7.87000e+02 2.4747570730e+02 3.1452781434e-01
7.88000e+02 2.4771544272e+02 2.9388275339e-01
7.89000e+02 2.4795915953e+02 2.9260254717e-01
7.90000e+02 2.4814456157e+02 3.1597528019e-01
7.91000e+02 2.4830082183e+02 4.0518585044e-01
7.92000e+02 2.4852644113e+02 2.7819382132e-01
7.93000e+02 2.4880550459e+02 1.8461485000e-01
7.94000e+02 2.4907065293e+02 8.6131733813e-01
7.95000e+02 2.4932535724e+02 7.2590560793e-01
7.96000e+02 2.4958021604e+02 3.1777471840e-01
7.97000e+02 2.4982829896e+02 3.1083554777e-01
7.98000e+02 2.5007879554e+02 3.0616248789e-01
7.99000e+02 2.5031641892e+02 2.7182220382e-01
8.00000e+02 2.5052366834e+02 4.2662804274e-01
8.01000e+02 2.5070538218e+02 1.5669978796e+00
8.02000e+02 2.5089274172e+02 1.5510636963e+00
8.03000e+02 2.5108777871e+02 1.8925776636e-01
8.04000e+02 2.5128127624e+02 1.9520649022e-01
8.05000e+02 2.5143901605e+02 2.7939517283e-01
8.06000e+02 2.5158572021e+02 1.0937290505e+00
8.07000e+02 2.5172833614e+02 9.7187822219e-01
8.08000e+02 2.5194236409e+02 6.2699761665e-01
8.09000e+02 2.5217002981e+02 9.7704443441e-01
8.10000e+02 2.5233827482e+02 1.1728865631e-01
8.11000e+02 2.5251960580e+02 1.8130527767e-01
8.12000e+02 2.5268973571e+02 5.2866213704e-01
8.13000e+02 2.5279632035e+02 3.9097038366e-03
8.14000e+02 2.5287301665e+02 6.1725452822e-03
8.15000e+02 2.5292537796e+02 2.0750373650e-02
8.16000e+02 2.5297518701e+02 2.6887255711e-02
8.17000e+02 2.5302194539e+02 3.2463293479e-02
8.18000e+02 2.5307074291e+02 1.0115241389e-03
8.19000e+02 2.5311886138e+02 3.4957127481e-04
8.20000e+02 2.5316927256e+02 1.6136609778e-03
8.21000e+02 2.5327100286e+02 7.7586889638e-02
8.22000e+02 2.5335184038e+02 9.3198180592e-02
8.23000e+02 2.5340771989e+02 5.4868141066e-01
8.24000e+02 2.5350135139e+02 1.5876724759e-01
8.25000e+02 2.5358405848e+02 3.6200671858e-02
8.26000e+02 2.5370650837e+02 5.1354495401e-01
8.27000e+02 2.5388697149e+02 2.1910948780e-01
8.28000e+02 2.5405643019e+02 2.5052127700e-01
8.29000e+02 2.5421532024e+02 1.3417179808e-01
8.30000e+02 2.5440999798e+02 1.0104625086e-01
8.31000e+02 2.5462069181e+02 2.6612930481e-01
8.32000e+02 2.5479867730e+02 1.4256440892e-01
8.33000e+02 2.5495605454e+02 1.4090904520e-01
8.34000e+02 2.5511525014e+02 1.2197824982e-01
8.35000e+02 2.5526638513e+02 1.1561402258e-01
8.36000e+02 2.5542120478e+02 1.1112245564e-01
8.37000e+02 2.5555845647e+02 6.5895608621e-02
8.38000e+02 2.5570035325e+02 5.7165115114e-01
8.39000e+02 2.5585483878e+02 1.1436186558e-01
8.40000e+02 2.5603409284e+02 2.5043949265e-01
8.41000e+02 2.5622794034e+02 7.4987367340e-01
8.42000e+02 2.5639823561e+02 8.0844420985e-01
8.43000e+02 2.5655579081e+02 1.3261020320e-01
8.44000e+02 2.5678229430e+02 1.9885421033e-01
8.45000e+02 2.5706707318e+02 1.3029335498e-01
8.46000e+02 2.5733619363e+02 3.5871136999e-01
8.47000e+02 2.5759308161e+02 3.3046175497e-01
8.48000e+02 2.5784963046e+02 3.1755969212e-01
8.49000e+02 2.5809868927e+02 3.0941296059e-01
8.50000e+02 2.5834997492e+02 3.0384035121e-01
8.51000e+02 2.5859527440e+02 2.9977718701e-01
8.52000e+02 2.5884363584e+02 2.9655319379e-01
8.53000e+02 2.5908666041e+02 2.9398172689e-01
8.54000e+02 2.5937466825e+02 5.8641901600e-01
8.55000e+02 2.5967560633e+02 1.7409216402e+00
8.56000e+02 2.5994356561e+02 3.1328559294e-01
8.57000e+02 2.6019062439e+02 3.1700651761e-01
8.58000e+02 2.6047573641e+02 1.2586196592e+00
8.59000e+02 2.6077216363e+02 3.8339477517e-01
8.60000e+02 2.6103829671e+02 3.1486329838e-01
8.61000e+02 2.6128322056e+02 3.1241351239e-01
8.62000e+02 2.6152932400e+02 2.9207146078e-01
8.63000e+02 2.6176782780e+02 2.8535933700e-01
8.64000e+02 2.6204975926e+02 3.7983081965e-01
8.65000e+02 2.6234444129e+02 5.2964931208e-01
8.66000e+02 2.6260700790e+02 3.0153715292e-01
8.67000e+02 2.6284916231e+02 3.0488622310e-01
8.68000e+02 2.6312987146e+02 5.2789735060e-01
8.69000e+02 2.6342207652e+02 3.7294896509e-01
8.70000e+02 2.6370806039e+02 3.7785073646e-01
8.71000e+02 2.6396638853e+02 1.3052579756e-01
8.72000e+02 2.6427759035e+02 2.6657073147e+00
8.73000e+02 2.6464902285e+02 5.8094129762e-01
8.74000e+02 2.6502212619e+02 8.7119474904e-02
8.75000e+02 2.6540327895e+02 5.5345293946e-01
8.76000e+02 2.6577888814e+02 5.5540533608e-01
8.77000e+02 2.6612395386e+02 2.7497791853e+00
8.78000e+02 2.6645057377e+02 3.3879242585e+00
8.79000e+02 2.6682242728e+02 5.4555068330e-01
8.80000e+02 2.6719178818e+02 5.3875684482e-01
8.81000e+02 2.6751634535e+02 6.7123331443e-01
8.82000e+02 2.6791837936e+02 6.7119254709e-01
8.83000e+02 2.6838671111e+02 1.2769996273e+00
8.84000e+02 2.6884655570e+02 9.0483681355e-02
8.85000e+02 2.6928867499e+02 1.1756212322e-01
8.86000e+02 2.6979929621e+02 1.3843098377e+00
8.87000e+02 2.7036469902e+02 1.8746425140e-01
8.88000e+02 2.7091723153e+02 1.1399208271e-01
8.89000e+02 2.7146904942e+02 9.2245375886e-01
8.90000e+02 2.7202416658e+02 2.6404916609e+00
8.91000e+02 2.7252335004e+02 5.8481551178e+00
8.92000e+02 2.7302089223e+02 7.9151390834e-01
8.93000e+02 2.7352082515e+02 7.9147185013e-01
8.94000e+02 2.7396193070e+02 1.5810220801e+00
8.95000e+02 2.7439372984e+02 6.8179754807e-01
8.96000e+02 2.7482808716e+02 1.2872366876e+00
8.97000e+02 2.7523851678e+02 2.0466706560e+00
8.98000e+02 2.7564815350e+02 6.1190685870e-01
8.99000e+02 2.7603747409e+02 1.1061233329e-01
9.00000e+02 2.7639088559e+02 5.9342170886e-01
9.01000e+02 2.7672349061e+02 1.7980502817e+00
9.02000e+02 2.7704767003e+02 8.5457306660e-02
9.03000e+02 2.7735157203e+02 4.1939548033e-01
9.04000e+02 2.7768843990e+02 3.1619304867e+00
9.05000e+02 2.7803586206e+02 4.7452499883e-01
9.06000e+02 2.7836456321e+02 4.2349781613e-01
9.07000e+02 2.7864211743e+02 9.1924431831e-02
9.08000e+02 2.7888652265e+02 2.1612964174e+00
9.09000e+02 2.7909625754e+02 4.0990200652e+00
9.10000e+02 2.7930015686e+02 2.0276954985e-01
9.11000e+02 2.7949852818e+02 1.9120320843e-01
9.12000e+02 2.7969858590e+02 1.8717039937e-01
9.13000e+02 2.7989652041e+02 1.8654641849e-01
9.14000e+02 2.8017857875e+02 1.6308000747e+00
9.15000e+02 2.8047407845e+02 2.5666306097e+00
9.16000e+02 2.8070570432e+02 2.1792802501e-01
9.17000e+02 2.8091319775e+02 2.2726902152e-01
9.18000e+02 2.8119907376e+02 1.3099438708e+00
9.19000e+02 2.8149730441e+02 3.7200708570e-01
9.20000e+02 2.8179204995e+02 3.8050462119e-01
9.21000e+02 2.8212549678e+02 5.7462453293e-01
9.22000e+02 2.8246445314e+02 1.3238280392e+00
9.23000e+02 2.8280414211e+02 6.6388569366e-01
9.24000e+02 2.8320410756e+02 1.0521989912e-01
9.25000e+02 2.8361108317e+02 5.9398375944e-01
9.26000e+02 2.8394899930e+02 9.9655382118e-01
9.27000e+02 2.8425462278e+02 4.2980161941e-01
9.28000e+02 2.8464458567e+02 5.8338722431e-01
9.29000e+02 2.8509269286e+02 1.4371645728e+00
9.30000e+02 2.8552293869e+02 2.3726957523e+00
9.31000e+02 2.8594213786e+02 8.9690543664e-01
9.32000e+02 2.8638748129e+02 1.1989806961e+00
9.33000e+02 2.8682935977e+02 3.6030640459e-01
9.34000e+02 2.8723793979e+02 8.5998180237e-01
9.35000e+02 2.8762867227e+02 5.8392442034e-01
9.36000e+02 2.8801596679e+02 5.6205499490e-01
9.37000e+02 2.8845374546e+02 2.6106424328e+00
9.38000e+02 2.8888917327e+02 9.3337097383e-01
9.39000e+02 2.8927956389e+02 5.6115107140e-01
9.40000e+02 2.8965928873e+02 5.5302025144e-01
9.41000e+02 2.9003249981e+02 5.3528769263e-01
9.42000e+02 2.9051250019e+02 7.2467226818e-01
9.43000e+02 2.9100263669e+02 2.4149953142e+00
9.44000e+02 2.9148453426e+02 1.7798427260e+00
9.45000e+02 2.9201230707e+02 1.3129794976e+00
9.46000e+02 2.9253635170e+02 1.1839591497e+00
9.47000e+02 2.9305173915e+02 8.9515625939e-01
9.48000e+02 2.9363931779e+02 1.0568107038e-01
9.49000e+02 2.9427866779e+02 1.2943523962e+00
9.50000e+02 2.9489532754e+02 3.4257732562e+00
9.51000e+02 2.9549983341e+02 1.0003222862e+00
9.52000e+02 2.9610086805e+02 9.8369685724e-01
9.53000e+02 2.9669517128e+02 9.7251052514e-01
9.54000e+02 2.9728908610e+02 9.6441819091e-01
9.55000e+02 2.9787989792e+02 9.5923060607e-01
9.56000e+02 2.9842973155e+02 1.5991222933e+00
9.57000e+02 2.9891404278e+02 8.1346705941e-01
9.58000e+02 2.9947862682e+02 2.7746444046e+00
9.59000e+02 3.0004941807e+02 2.7518491857e+00
9.60000e+02 3.0054831267e+02 7.6171455371e-01
9.61000e+02 3.0100867985e+02 2.0089578270e+00
9.62000e+02 3.0156562811e+02 9.0209392818e-01
9.63000e+02 3.0218312297e+02 9.8664540274e-01
9.64000e+02 3.0278000503e+02 9.8862599931e-01
9.65000e+02 3.0336589493e+02 9.5603241588e-01
9.66000e+02 3.0394990143e+02 9.4220082612e-01
9.67000e+02 3.0452329391e+02 9.0379306711e-01
9.68000e+02 3.0505400181e+02 2.0387621733e+00
9.69000e+02 3.0555194189e+02 7.0856035644e+00
9.70000e+02 3.0604577142e+02 5.6774230316e+00
9.71000e+02 3.0651265152e+02 9.0770474741e-01
9.72000e+02 3.0706310711e+02 1.0245127597e+00
9.73000e+02 3.0767440931e+02 1.7281871758e+00
9.74000e+02 3.0827161711e+02 1.0337826025e-01
9.75000e+02 3.0885279598e+02 1.1377870218e+00
9.76000e+02 3.0940469746e+02 2.0646398581e+00
9.77000e+02 3.0994001798e+02 8.5681117423e-01
9.78000e+02 3.1059374609e+02 1.8297315030e+00
9.79000e+02 3.1131277179e+02 2.1099837537e-01
9.80000e+02 3.1200573169e+02 2.0461997627e+00
9.81000e+02 3.1268516183e+02 1.1397668730e+00
9.82000e+02 3.1338206603e+02 1.0053224859e+00
9.83000e+02 3.1407117356e+02 2.2353210139e+00
9.84000e+02 3.1474803926e+02 1.3074211059e+00
9.85000e+02 3.1542409692e+02 1.1180185541e+00
9.86000e+02 3.1609477908e+02 1.1107169932e+00
9.87000e+02 3.1673901655e+02 1.0341492025e+00
9.88000e+02 3.1736138296e+02 3.3707794441e+00
9.89000e+02 3.1803111218e+02 1.1032778363e+00
9.90000e+02 3.1869559016e+02 1.0959703854e+00
9.91000e+02 3.1935463173e+02 1.0841867578e+00
9.92000e+02 3.2004889782e+02 1.1399332914e+00
9.93000e+02 3.2071399626e+02 3.3212174103e+00
9.94000e+02 3.2137265843e+02 3.2822922750e+00
9.95000e+02 3.2202481714e+02 1.0693145049e+00
9.96000e+02 3.2270182239e+02 1.0956298376e+00
9.97000e+02 3.2337475345e+02 2.4708699947e+00
9.98000e+02 3.2411551176e+02 5.8225860802e+00
9.99000e+02 3.2485826260e+02 8.8375118638e+00
1.00000e+03 3.2559083167e+02 1.2303540913e+00
1.00100e+03 3.2632882826e+02 1.2243694915e+00
1.00200e+03 3.2706117249e+02 1.2229202838e+00
1.00300e+03 3.2779757813e+02 1.2201064197e+00
1.00400e+03 3.2846604039e+02 2.2313729795e+00
1.00500e+03 3.2908280137e+02 5.7692381048e+00
1.00600e+03 3.2968817725e+02 4.5722593877e+00
1.00700e+03 3.3034232085e+02 1.0896362369e+00
1.00800e+03 3.3102750153e+02 4.7753384751e+00
1.00900e+03 3.3168030607e+02 4.7712089697e+00
1.01000e+03 3.3232716462e+02 1.0475408595e+00
1.01100e+03 3.3296758397e+02 1.0341081206e+00
1.01200e+03 3.3360896303e+02 1.0275945288e+00
1.01300e+03 3.3424404340e+02 8.7009526569e-01
1.01400e+03 3.3487720139e+02 3.2386370787e+00
1.01500e+03 3.3552888681e+02 1.0378329995e+00
1.01600e+03 3.3619019197e+02 4.6196456735e+00
1.01700e+03 3.3685269235e+02 6.8397001980e+00
1.01800e+03 3.3750586671e+02 3.2779305484e+00
1.01900e+03 3.3814181450e+02 3.2545852487e+00
1.02000e+03 3.3886853966e+02 1.1303623295e+00
1.02100e+03 3.3959978770e+02 3.4893775373e+00
1.02200e+03 3.4032048207e+02 1.1933503728e+00
1.02300e+03 3.4104784002e+02 1.1882669349e+00
1.02400e+03 3.4176971087e+02 1.1882551483e+00
1.02500e+03 3.4253183757e+02 1.1687765167e+00
1.02600e+03 3.4327942578e+02 3.5294641400e+00
1.02700e+03 3.4402000995e+02 2.4460569138e+00
1.02800e+03 3.4478431505e+02 1.1113073531e-01
1.02900e+03 3.4554013707e+02 3.6192563176e+00
1.03000e+03 3.4628214650e+02 3.5933413856e+00
1.03100e+03 3.4700852011e+02 3.5988817115e+00
1.03200e+03 3.4770578985e+02 6.9935922508e+00
1.03300e+03 3.4838515146e+02 1.1671528814e+00
1.03400e+03 3.4906330626e+02 1.0917858851e+00
1.03500e+03 3.4973284695e+02 1.0808731857e+00
1.03600e+03 3.5040448650e+02 1.0732770601e+00
1.03700e+03 3.5114049610e+02 1.2133557819e+00
1.03800e+03 3.5186945606e+02 2.1776436613e+00
1.03900e+03 3.5259007410e+02 2.1600744560e+00
1.04000e+03 3.5331091694e+02 1.1712465616e+00
1.04100e+03 3.5402981698e+02 1.1683573079e+00
1.04200e+03 3.5474880120e+02 1.1653303238e+00
1.04300e+03 3.5546671403e+02 1.1631777961e+00
1.04400e+03 3.5618463676e+02 1.1609531242e+00
1.04500e+03 3.5690180174e+02 1.1590443213e+00
1.04600e+03 3.5761896117e+02 1.1571219767e+00
1.04700e+03 3.5833556085e+02 1.1553995536e+00
1.04800e+03 3.5909446887e+02 1.2360785695e+00
1.04900e+03 3.5979326563e+02 4.5355684687e+00
1.05000e+03 3.6048888407e+02 4.5047804910e+00
1.05100e+03 3.6119096923e+02 1.1265013489e+00
1.05200e+03 3.6189063282e+02 1.1294199914e+00
1.05300e+03 3.6259634548e+02 1.1319180742e+00
1.05400e+03 3.6323467758e+02 5.7873892203e+00
1.05500e+03 3.6382408386e+02 6.7736711986e+00
1.05600e+03 3.6451995266e+02 1.1269913718e+00
1.05700e+03 3.6527813357e+02 8.0762283003e+00
1.05800e+03 3.6601426146e+02 2.1194134726e+00
1.05900e+03 3.6673166861e+02 1.2800086840e-01
1.06000e+03 3.6754096130e+02 2.6191408200e+00
1.06100e+03 3.6835372335e+02 3.8494354423e+00
1.06200e+03 3.6907765294e+02 1.1596712194e+00
1.06300e+03 3.6980282966e+02 2.1258710906e+00
1.06400e+03 3.7051937655e+02 1.1579633668e+00
1.06500e+03 3.7123253058e+02 1.1447827214e+00
1.06600e+03 3.7194494217e+02 1.1395026370e+00
1.06700e+03 3.7265655681e+02 1.1368237355e+00
1.06800e+03 3.7336801667e+02 1.1347351937e+00
1.06900e+03 3.7407950396e+02 1.1334731025e+00
1.07000e+03 3.7479066794e+02 1.1320437454e+00
1.07100e+03 3.7547234629e+02 1.1227827500e+00
1.07200e+03 3.7613633079e+02 4.4013908894e+00
1.07300e+03 3.7678899122e+02 4.3679715749e+00
1.07400e+03 3.7744432820e+02 1.0152800663e+00
1.07500e+03 3.7809372520e+02 1.0110013595e+00
1.07600e+03 3.7874724233e+02 1.0081705130e+00
1.07700e+03 3.7939550525e+02 1.0060282614e+00
1.07800e+03 3.8004818198e+02 1.0041818373e+00
1.07900e+03 3.8076819670e+02 1.1394391331e+00
1.08000e+03 3.8153581308e+02 9.4167295147e+00
1.08100e+03 3.8222311222e+02 8.2423551773e+00
1.08200e+03 3.8283809362e+02 3.7695328272e-02
1.08300e+03 3.8340696658e+02 8.8613005456e-01
1.08400e+03 3.8408944343e+02 9.4471660640e+00
1.08500e+03 3.8478323835e+02 1.0763965924e+00
1.08600e+03 3.8539273760e+02 8.7976176414e-01
1.08700e+03 3.8596346686e+02 1.1094147573e+00
1.08800e+03 3.8652926269e+02 1.0646019209e+00
1.08900e+03 3.8715010037e+02 9.9177028285e-02
1.09000e+03 3.8780631514e+02 9.1980314020e+00
1.09100e+03 3.8843137434e+02 1.1639235382e+01
1.09200e+03 3.8906081176e+02 4.9507628905e+00
1.09300e+03 3.8968752393e+02 5.1012568254e+00
1.09400e+03 3.9030848758e+02 1.0944141781e+00
1.09500e+03 3.9090613162e+02 8.6177565554e-01
1.09600e+03 3.9160266884e+02 2.0676746120e+00
1.09700e+03 3.9230693584e+02 2.0760790147e+00
1.09800e+03 3.9300207979e+02 1.0943156193e+00
1.09900e+03 3.9374637472e+02 1.0629852792e+00
1.10000e+03 3.9447528442e+02 2.1466978754e+00
1.10100e+03 3.9519687982e+02 1.1781020947e+00
1.10200e+03 3.9591708234e+02 1.1344302190e+00
1.10300e+03 3.9663338987e+02 1.1280079151e+00
1.10400e+03 3.9737903504e+02 1.2468153554e-01
1.10500e+03 3.9811763293e+02 3.3897326845e+00
1.10600e+03 3.9886206454e+02 1.1511089921e+00
1.10700e+03 3.9958309050e+02 1.1546763174e+00
1.10800e+03 4.0029980937e+02 1.1258089155e+00
1.10900e+03 4.0101125616e+02 1.1004010903e+00
1.11000e+03 4.0167622171e+02 4.5884006378e+00
1.11100e+03 4.0227383504e+02 4.5837815180e+00
1.11200e+03 4.0285558954e+02 8.6766965417e-01
1.11300e+03 4.0342399948e+02 8.3759860059e-01
1.11400e+03 4.0411423457e+02 3.4186300916e+00
1.11500e+03 4.0481313621e+02 3.4026663166e+00
1.11600e+03 4.0550336039e+02 1.0750144677e+00
1.11700e+03 4.0620238524e+02 1.0740626700e+00
1.11800e+03 4.0683054750e+02 8.8316875946e-01
1.11900e+03 4.0741253374e+02 1.3760803568e+00
1.12000e+03 4.0798582277e+02 1.3198310450e+00
1.12100e+03 4.0854956240e+02 8.2004613369e-01
1.12200e+03 4.0924084485e+02 1.0740468865e+00
1.12300e+03 4.1000172261e+02 1.1645349055e+00
1.12400e+03 4.1073726860e+02 2.1668411148e+00
1.12500e+03 4.1144215808e+02 1.0788374554e+00
1.12600e+03 4.1209008934e+02 8.9386831863e-01
1.12700e+03 4.1267789510e+02 9.1704058427e-01
1.12800e+03 4.1325308598e+02 8.4338317203e-01
1.12900e+03 4.1387545970e+02 4.3230910926e+00
1.13000e+03 4.1452858606e+02 9.9533898066e-01
1.13100e+03 4.1511200183e+02 1.3793604417e+00
1.13200e+03 4.1569604773e+02 2.3485031472e+00
1.13300e+03 4.1628859825e+02 8.5445524466e-01
1.13400e+03 4.1688037727e+02 8.6133390981e-01
1.13500e+03 4.1747905666e+02 8.6660144798e-01
1.13600e+03 4.1801407172e+02 4.0175822189e-02
1.13700e+03 4.1854217511e+02 9.0007331405e-01
1.13800e+03 4.1908514244e+02 2.9871576876e+00
1.13900e+03 4.1960512642e+02 5.9022946595e+00
1.14000e+03 4.2012453545e+02 7.1311510556e-01
1.14100e+03 4.2063997594e+02 7.0785850886e-01
1.14200e+03 4.2118679118e+02 8.4054542613e+00
1.14300e+03 4.2173320339e+02 2.5069393115e+00
1.14400e+03 4.2224373258e+02 2.4799464949e+00
1.14500e+03 4.2273567659e+02 6.7706963214e-01
1.14600e+03 4.2333708524e+02 2.3191885314e+00
1.14700e+03 4.2400268469e+02 1.5015895584e-01
1.14800e+03 4.2464809318e+02 2.9591725494e+00
1.14900e+03 4.2528948457e+02 3.8233507191e+00
1.15000e+03 4.2594808653e+02 9.9635237656e-01
1.15100e+03 4.2655366959e+02 2.3237730138e+00
1.15200e+03 4.2710255024e+02 1.6736920939e+00
1.15300e+03 4.2760190192e+02 1.6794260684e+00
1.15400e+03 4.2809191903e+02 6.5993503160e-01
1.15500e+03 4.2862949056e+02 8.7804595957e-01
1.15600e+03 4.2918967639e+02 6.2920026055e-01
1.15700e+03 4.2972085221e+02 1.4895034587e+00
1.15800e+03 4.3024894538e+02 7.2830490358e-01
1.15900e+03 4.3075517490e+02 6.4660844473e-01
1.16000e+03 4.3121858735e+02 1.3176468337e-01
1.16100e+03 4.3166186532e+02 1.2618540948e+00
1.16200e+03 4.3210836893e+02 8.1589552833e-02
1.16300e+03 4.3250183243e+02 1.8866896305e-02
1.16400e+03 4.3285432821e+02 1.1496755641e+00
1.16500e+03 4.3317005466e+02 1.7558086804e+00
1.16600e+03 4.3356642531e+02 1.4329847499e+00
1.16700e+03 4.3397687839e+02 1.1655154738e+00
1.16800e+03 4.3432279457e+02 3.2851169432e-01
1.16900e+03 4.3464071415e+02 3.3037630809e-01
1.17000e+03 4.3495634661e+02 2.9976221750e-01
1.17100e+03 4.3532040472e+02 1.6072781790e-01
1.17200e+03 4.3569346381e+02 9.9531772516e-01
1.17300e+03 4.3599769399e+02 5.2142273530e-01
1.17400e+03 4.3625974537e+02 5.3581081624e-02
1.17500e+03 4.3649207926e+02 1.6034926772e-01
1.17600e+03 4.3672201598e+02 1.2807425274e-01
1.17700e+03 4.3694857389e+02 1.2217020067e-01
1.17800e+03 4.3717888954e+02 1.2242695979e-01
1.17900e+03 4.3746367034e+02 9.1504510075e-01
1.18000e+03 4.3775199851e+02 3.6870020803e+00
1.18100e+03 4.3799639969e+02 1.4014779791e-01
1.18200e+03 4.3823494853e+02 1.4824084468e-01
1.18300e+03 4.3847146830e+02 1.4021119162e-01
1.18400e+03 4.3871124373e+02 1.4129756585e-01
1.18500e+03 4.3900852453e+02 4.4498715742e-01
1.18600e+03 4.3930757475e+02 2.9080067261e-01
1.18700e+03 4.3960688155e+02 2.9253587026e-01
1.18800e+03 4.3990646172e+02 2.6342560898e-01
1.18900e+03 4.4016403001e+02 1.6220478793e-01
1.19000e+03 4.4049684227e+02 1.5261051852e+00
1.19100e+03 4.4089940017e+02 2.4979323246e+00
1.19200e+03 4.4129645006e+02 9.7469732224e-02
1.19300e+03 4.4170071696e+02 4.6549453801e-01
1.19400e+03 4.4210129512e+02 4.6855730805e-01
1.19500e+03 4.4247116370e+02 1.1230029119e-01
1.19600e+03 4.4282448208e+02 8.4146765724e-01
1.19700e+03 4.4316909611e+02 8.1537164097e-01
1.19800e+03 4.4351382827e+02 3.5227591933e-01
1.19900e+03 4.4385421412e+02 3.4769546281e-01
1.20000e+03 4.4429878664e+02 1.0175310839e+00
1.20100e+03 4.4475400377e+02 1.8295088605e+00
1.20200e+03 4.4513280183e+02 3.8141366949e-01
1.20300e+03 4.4552392295e+02 4.5494297690e-01
1.20400e+03 4.4592263273e+02 2.3742313588e+00
1.20500e+03 4.4625645159e+02 2.5963399483e-01
1.20600e+03 4.4659577011e+02 1.0760288784e+00
1.20700e+03 4.4694245844e+02 3.4714611670e-01
1.20800e+03 4.4723315114e+02 8.8105358687e-02
1.20900e+03 4.4749147033e+02 6.3324224051e-01
1.21000e+03 4.4782998934e+02 3.4599946522e-01
1.21100e+03 4.4818076073e+02 3.4973652397e-01
1.21200e+03 4.4846572017e+02 6.2687573082e-01
1.21300e+03 4.4875851758e+02 7.2191319668e-01
1.21400e+03 4.4905369687e+02 8.5202962826e-01
1.21500e+03 4.4928917607e+02 1.1529219137e-01
1.21600e+03 4.4953299651e+02 1.3951132349e-01
1.21700e+03 4.4978484695e+02 1.5574304961e-01
1.21800e+03 4.5003841114e+02 1.6533104900e-01
1.21900e+03 4.5032089670e+02 2.1168031860e+00
1.22000e+03 4.5059863491e+02 2.1977665080e-01
1.22100e+03 4.5087383314e+02 2.1226954356e-01
1.22200e+03 4.5115211920e+02 2.1260512909e-01
1.22300e+03 4.5142054006e+02 1.8173613811e-01
1.22400e+03 4.5169215422e+02 4.2691457989e-01
1.22500e+03 4.5196253333e+02 4.2844592146e-01
1.22600e+03 4.5218331289e+02 6.4179878195e-02
1.22700e+03 4.5239149278e+02 1.1985094784e+00
1.22800e+03 4.5259202825e+02 1.2295668030e-01
1.22900e+03 4.5277434529e+02 2.4234506233e-01
1.23000e+03 4.5299262943e+02 2.1906962605e+00
1.23100e+03 4.5322689096e+02 1.4891535834e-01
1.23200e+03 4.5345915391e+02 1.6274525692e-01
1.23300e+03 4.5366362162e+02 1.0228271815e+00
1.23400e+03 4.5392310962e+02 2.2997655335e-01
1.23500e+03 4.5424498273e+02 2.6444651100e-01
1.23600e+03 4.5455261057e+02 4.1266988293e-01
1.23700e+03 4.5484981925e+02 2.6270233735e-01
1.23800e+03 4.5514739362e+02 2.5238615908e-01
1.23900e+03 4.5542729770e+02 2.3927154506e-01
1.24000e+03 4.5570971592e+02 5.4955191939e-01
1.24100e+03 4.5600816466e+02 2.5337383185e-01
1.24200e+03 4.5630205630e+02 2.4943773760e-01
1.24300e+03 4.5659243687e+02 2.4112012278e-01
1.24400e+03 4.5692029774e+02 9.5597924825e-02
1.24500e+03 4.5726104732e+02 1.0200673327e+00
1.24600e+03 4.5757762158e+02 2.6356162104e-01
1.24700e+03 4.5784726877e+02 5.3874547365e-01
1.24800e+03 4.5808358514e+02 2.2155219045e+00
1.24900e+03 4.5828289897e+02 1.2713131042e+00
1.25000e+03 4.5854545450e+02 4.7413676400e-01
1.25100e+03 4.5886304066e+02 2.9050365892e-01
1.25200e+03 4.5918505295e+02 1.1050597318e+00
1.25300e+03 4.5950118970e+02 1.1682291896e-01
1.25400e+03 4.5987572611e+02 4.0219403920e-01
1.25500e+03 4.6030385557e+02 2.5801339594e-01
1.25600e+03 4.6071481719e+02 6.4235589881e-01
1.25700e+03 4.6111482473e+02 4.6612152459e-01
1.25800e+03 4.6154313902e+02 2.2300810036e-01
1.25900e+03 4.6197689905e+02 9.9802205437e-01
1.26000e+03 4.6239589426e+02 4.7368899371e-01
1.26100e+03 4.6276522682e+02 9.7513984537e-01
1.26200e+03 4.6309429099e+02 1.0897718299e+00
1.26300e+03 4.6338188094e+02 1.0601352545e+00
1.26400e+03 4.6374117091e+02 7.0816434236e-01
1.26500e+03 4.6415712825e+02 4.8916511103e-01
1.26600e+03 4.6455803864e+02 4.7059112039e-01
1.26700e+03 4.6494942231e+02 4.4554685141e-01
1.26800e+03 4.6534098310e+02 4.3575170126e-01
1.26900e+03 4.6572708442e+02 4.3003359654e-01
1.27000e+03 4.6615054194e+02 1.0542183568e+00
1.27100e+03 4.6658083062e+02 1.3751804392e+00
1.27200e+03 4.6699253591e+02 4.4974806151e-01
1.27300e+03 4.6735770272e+02 7.0677986522e-01
1.27400e+03 4.6772597337e+02 1.3723615056e+00
1.27500e+03 4.6812111815e+02 4.5834177362e-01
1.27600e+03 4.6850971629e+02 4.3477629132e-01
1.27700e+03 4.6888476000e+02 1.3773766013e+00
1.27800e+03 4.6922257659e+02 1.3825576809e+00
1.27900e+03 4.6951197613e+02 1.3829847189e+00
1.28000e+03 4.6979126066e+02 2.1988265485e-01
1.28100e+03 4.7010797734e+02 7.7006781988e-01
1.28200e+03 4.7042295634e+02 7.3619144158e-02
1.28300e+03 4.7067205336e+02 1.0739150665e-01
1.28400e+03 4.7088449904e+02 4.2404419345e-01
1.28500e+03 4.7106771142e+02 5.3709575110e-01
1.28600e+03 4.7131991835e+02 3.8567505441e-01
1.28700e+03 4.7163197733e+02 2.7771018453e-01
1.28800e+03 4.7194749816e+02 1.8102236963e+00
1.28900e+03 4.7225614278e+02 1.2543224219e-01
1.29000e+03 4.7262551829e+02 3.5074570883e-01
1.29100e+03 4.7305001972e+02 5.1381562782e-01
1.29200e+03 4.7345783582e+02 8.8357139615e-01
1.29300e+03 4.7383679956e+02 6.3221286626e-01
1.29400e+03 4.7417277708e+02 2.9451425691e-01
1.29500e+03 4.7446274436e+02 2.7554240881e-01
1.29600e+03 4.7474350427e+02 2.2004926182e-01
1.29700e+03 4.7506415988e+02 8.1308123260e-01
1.29800e+03 4.7538702379e+02 7.7393560731e-01
1.29900e+03 4.7571140871e+02 2.9557633460e-01
1.30000e+03 4.7603545970e+02 2.9646784120e-01
1.30100e+03 4.7636203790e+02 2.9836466198e-01
1.30200e+03 4.7668746756e+02 2.9944495972e-01
1.30300e+03 4.7697422074e+02 2.1661511523e-01
1.30400e+03 4.7733349034e+02 5.0319589522e-01
1.30500e+03 4.7776047844e+02 1.3709652313e+00
1.30600e+03 4.7818199068e+02 9.6082590080e-02
1.30700e+03 4.7858792943e+02 1.8655531230e-01
1.30800e+03 4.7906127811e+02 1.4836733458e+00
1.30900e+03 4.7959059186e+02 1.9831216576e-01
1.31000e+03 4.8009965223e+02 1.6689523798e+00
1.31100e+03 4.8057932624e+02 2.0855926394e+00
1.31200e+03 4.8105670822e+02 6.0264780068e-01
1.31300e+03 4.8153320664e+02 5.9886955989e-01
1.31400e+03 4.8200637119e+02 5.9405326279e-01
1.31500e+03 4.8248088491e+02 5.9147451494e-01
1.31600e+03 4.8295183371e+02 5.8866728449e-01
1.31700e+03 4.8342470185e+02 5.8643303337e-01
1.31800e+03 4.8389403515e+02 5.8423110802e-01
1.31900e+03 4.8438964466e+02 6.5042875989e-01
1.32000e+03 4.8489030678e+02 7.9149876264e-02
1.32100e+03 4.8540022153e+02 1.2626015749e+00
1.32200e+03 4.8590436176e+02 1.2648170903e+00
1.32300e+03 4.8641093941e+02 6.5515289066e-01
1.32400e+03 4.8692241291e+02 2.1779140980e+00
1.32500e+03 4.8740832611e+02 2.1660398762e+00
1.32600e+03 4.8789080134e+02 6.0915293663e-01
1.32700e+03 4.8835435555e+02 5.7433295002e-01
1.32800e+03 4.8877826793e+02 3.0183550946e+00
1.32900e+03 4.8915023255e+02 3.8154453856e+00
1.33000e+03 4.8951074110e+02 1.2757907478e+00
1.33100e+03 4.8986155168e+02 3.5190839374e-01
1.33200e+03 4.9021268402e+02 3.4218026017e-01
1.33300e+03 4.9055942134e+02 3.3776482288e-01
1.33400e+03 4.9100865842e+02 6.1805496801e-01
1.33500e+03 4.9152490086e+02 6.3887302242e-01
1.33600e+03 4.9202066106e+02 6.5151911801e-01
1.33700e+03 4.9248295320e+02 7.1363843638e-01
1.33800e+03 4.9289796031e+02 4.0130183770e-01
1.33900e+03 4.9326442102e+02 4.2062391992e-01
1.34000e+03 4.9371216153e+02 6.4703565264e-01
1.34100e+03 4.9421704022e+02 6.3950385082e-01
1.34200e+03 4.9470496779e+02 6.3103171240e-01
1.34300e+03 4.9518319018e+02 6.0374438123e-01
1.34400e+03 4.9568739564e+02 3.1029443758e+00
1.34500e+03 4.9619405670e+02 3.4071416664e+00
1.34600e+03 4.9669416410e+02 6.1532047023e-01
1.34700e+03 4.9714650707e+02 5.3897585722e-01
1.34800e+03 4.9755408832e+02 1.3681305426e+00
1.34900e+03 4.9791694757e+02 1.3631609551e+00
1.35000e+03 4.9835934132e+02 1.2263601535e+00
1.35100e+03 4.9881236724e+02 1.2258167448e+00
1.35200e+03 4.9926109484e+02 5.3765473987e-01
1.35300e+03 4.9975048653e+02 6.2587445335e-01
1.35400e+03 5.0024201026e+02 1.3491160566e+00
1.35500e+03 5.0074155395e+02 1.0334327421e+00
1.35600e+03 5.0124178843e+02 6.2537565985e-01
1.35700e+03 5.0171931326e+02 6.1288342426e-01
1.35800e+03 5.0219452449e+02 5.8724728700e-01
1.35900e+03 5.0266356870e+02 5.7817941927e-01
1.36000e+03 5.0316631224e+02 6.3717443709e-01
1.36100e+03 5.0367239980e+02 7.9210922994e-01
1.36200e+03 5.0416914708e+02 7.8532087167e-01
1.36300e+03 5.0464555716e+02 6.5706378285e-01
1.36400e+03 5.0509867416e+02 1.8692521900e+00
1.36500e+03 5.0553908136e+02 1.2878670991e+00
1.36600e+03 5.0597812602e+02 5.1164185395e-01
1.36700e+03 5.0647257620e+02 6.2387008333e-01
1.36800e+03 5.0698293052e+02 6.1274432481e-01
1.36900e+03 5.0746113682e+02 6.4466954347e-01
1.37000e+03 5.0795359427e+02 6.1895637755e-01
1.37100e+03 5.0843088994e+02 5.4801868382e-01
1.37200e+03 5.0897633880e+02 2.0245456048e+00
1.37300e+03 5.0957816317e+02 7.4195549165e-01
1.37400e+03 5.1016006889e+02 1.4567898122e+00
1.37500e+03 5.1073115725e+02 7.8288371570e-01
1.37600e+03 5.1130031919e+02 7.6935706208e-01
1.37700e+03 5.1185901236e+02 2.6653053855e+00
1.37800e+03 5.1241556208e+02 1.5344152304e+00
1.37900e+03 5.1298860768e+02 7.7054493993e-01
1.38000e+03 5.1355325024e+02 7.6525501220e-01
1.38100e+03 5.1411328956e+02 7.5148348538e-01
1.38200e+03 5.1470532556e+02 5.4951720515e-01
1.38300e+03 5.1530034464e+02 1.8381250918e+00
1.38400e+03 5.1595146980e+02 1.6150818303e+00
1.38500e+03 5.1664650966e+02 1.3500053845e-01
1.38600e+03 5.1731969864e+02 9.9414395277e-01
1.38700e+03 5.1798234077e+02 9.6075207920e-01
1.38800e+03 5.1866828801e+02 1.9301982097e+00
1.38900e+03 5.1934849703e+02 4.1439432480e+00
1.39000e+03 5.2003122240e+02 9.6932772253e-01
1.39100e+03 5.2066997797e+02 3.2264099679e+00
1.39200e+03 5.2125555486e+02 4.3838635540e+00
1.39300e+03 5.2182030122e+02 8.5289573105e-01
1.39400e+03 5.2237971339e+02 2.5790814479e+00
1.39500e+03 5.2293982528e+02 7.4089821643e-01
1.39600e+03 5.2349855510e+02 7.3947496527e-01
1.39700e+03 5.2405871776e+02 7.3878625293e-01
1.39800e+03 5.2461765263e+02 7.3825251689e-01
1.39900e+03 5.2517783404e+02 7.3753301197e-01
1.40000e+03 5.2573675716e+02 7.3678373540e-01
1.40100e+03 5.2629680670e+02 7.3591508380e-01
1.40200e+03 5.2687516169e+02 1.0437038094e-01
1.40300e+03 5.2739261627e+02 9.2431026998e-01
1.40400e+03 5.2791157756e+02 1.7054006289e+00
1.40500e+03 5.2843761072e+02 6.6666254824e-01
1.40600e+03 5.2896281768e+02 6.7224154614e-01
1.40700e+03 5.2949371572e+02 6.7643419694e-01
1.40800e+03 5.2996360769e+02 3.6865373410e+00
1.40900e+03 5.3039266489e+02 6.1759669309e+00
1.41000e+03 5.3091332721e+02 6.7121312621e-01
1.41100e+03 5.3149315464e+02 3.8433730753e+00
1.41200e+03 5.3205487997e+02 3.8229000360e+00
1.41300e+03 5.3259117674e+02 2.3585962586e+00
1.41400e+03 5.3307970279e+02 5.3262909500e-01
1.41500e+03 5.3351571386e+02 5.3905033589e-01
1.41600e+03 5.3403761568e+02 2.3574771663e+00
1.41700e+03 5.3456914826e+02 6.6769986609e-01
1.41800e+03 5.3509543794e+02 6.7142003042e-01
1.41900e+03 5.3566419849e+02 7.4591485724e-01
1.42000e+03 5.3623173545e+02 1.7962993076e+00
1.42100e+03 5.3680351882e+02 1.8062368416e+00
1.42200e+03 5.3736925355e+02 7.5012206906e-01
1.42300e+03 5.3791267123e+02 9.1852282500e-01
1.42400e+03 5.3843460580e+02 1.4895241094e+00
1.42500e+03 5.3900103101e+02 7.4401378516e-01
1.42600e+03 5.3956407999e+02 7.4058402050e-01
1.42700e+03 5.4008570973e+02 6.5513043195e-01
1.42800e+03 5.4071008900e+02 9.8089590169e-02
1.42900e+03 5.4140097773e+02 2.6488648236e+00
1.43000e+03 5.4206785568e+02 3.4965375255e+00
1.43100e+03 5.4270424082e+02 1.4525195528e+00
1.43200e+03 5.4333689135e+02 2.1312547509e+00
1.43300e+03 5.4396989565e+02 1.5468157814e+00
1.43400e+03 5.4454072277e+02 7.0336785637e-01
1.43500e+03 5.4509786862e+02 1.6968684112e+00
1.43600e+03 5.4565095331e+02 1.6852072636e+00
1.43700e+03 5.4617467784e+02 1.5522914072e+00
1.43800e+03 5.4679250073e+02 8.5852486713e-01
1.43900e+03 5.4741928241e+02 8.5144372370e-01
1.44000e+03 5.4803805236e+02 8.5153933247e-01
1.44100e+03 5.4866476705e+02 8.5062080404e-01
1.44200e+03 5.4928714510e+02 8.5337827892e-01
1.44300e+03 5.4994875375e+02 1.6542419837e+00
1.44400e+03 5.5059781726e+02 2.5559005232e+00
1.44500e+03 5.5123217901e+02 8.6017196142e-01
1.44600e+03 5.5186329059e+02 8.6804532072e-01
1.44700e+03 5.5251606074e+02 1.8272884136e+00
1.44800e+03 5.5315941482e+02 8.9862447684e-01
1.44900e+03 5.5379816662e+02 8.8370750035e-01
1.45000e+03 5.5443733067e+02 8.7863375115e-01
1.45100e+03 5.5507593654e+02 8.7142139649e-01
1.45200e+03 5.5567282604e+02 1.6443483878e+00
1.45300e+03 5.5622969129e+02 4.3285450033e+00
1.45400e+03 5.5678934347e+02 7.9511862930e-02
1.45500e+03 5.5729883672e+02 1.2911262410e-01
1.45600e+03 5.5776319195e+02 4.1916821918e+00
1.45700e+03 5.5818301838e+02 4.8787643196e+00
1.45800e+03 5.5868890210e+02 8.0261804967e-01
1.45900e+03 5.5920632772e+02 1.5625384761e+00
1.46000e+03 5.5971984324e+02 1.3823282907e+00
1.46100e+03 5.6024179371e+02 6.3268014049e-01
1.46200e+03 5.6076177607e+02 6.3851430911e-01
1.46300e+03 5.6128760025e+02 6.4174949989e-01
1.46400e+03 5.6175169438e+02 4.8186109260e-01
1.46500e+03 5.6217543553e+02 1.2699458168e+00
1.46600e+03 5.6259226603e+02 1.2214122411e+00
1.46700e+03 5.6305455789e+02 1.7400573983e-01
1.46800e+03 5.6351747166e+02 5.9848435889e+00
1.46900e+03 5.6394081493e+02 4.3514109078e-01
1.47000e+03 5.6445720242e+02 6.3751287552e-01
1.47100e+03 5.6504075024e+02 3.1898020044e+00
1.47200e+03 5.6560409579e+02 3.1903055686e+00
1.47300e+03 5.6615632987e+02 7.0911830546e-01
1.47400e+03 5.6673023828e+02 5.4570060141e-01
1.47500e+03 5.6729743170e+02 3.4518653451e-01
1.47600e+03 5.6782852153e+02 8.9380662844e-01
1.47700e+03 5.6834023308e+02 6.3609456434e-01
1.47800e+03 5.6884928839e+02 6.1342394365e-01
1.47900e+03 5.6935040322e+02 6.0221379886e-01
1.48000e+03 5.6985313427e+02 5.9528733781e-01
1.48100e+03 5.7041546756e+02 3.2871566894e+00
1.48200e+03 5.7100518787e+02 7.3478394552e-01
1.48300e+03 5.7156105147e+02 7.3767868192e-01
1.48400e+03 5.7212395715e+02 1.5709086714e+00
1.48500e+03 5.7268527033e+02 1.3730405020e+00
1.48600e+03 5.7324051888e+02 7.0663271526e-01
1.48700e+03 5.7377007610e+02 6.2313444000e-01
1.48800e+03 5.7428020402e+02 7.2168669966e-01
1.48900e+03 5.7477910556e+02 6.9030933337e-01
1.49000e+03 5.7527891860e+02 5.8752561858e-01
1.49100e+03 5.7583774625e+02 7.0344055455e-01
1.49200e+03 5.7642341362e+02 7.3288806652e-01
1.49300e+03 5.7693293777e+02 3.8275574462e+00
1.49400e+03 5.7744366176e+02 3.8180663930e+00
1.49500e+03 5.7799840190e+02 1.3448140721e+00
1.49600e+03 5.7854399996e+02 1.7995498923e+00
1.49700e+03 5.7908433378e+02 1.1695616739e+00
1.49800e+03 5.7965124564e+02 7.1440040955e-01
1.49900e+03 5.8021722947e+02 1.2612866056e+00
1.50000e+03 5.8084561349e+02 7.8990219596e-01
1.50100e+03 5.8152235633e+02 1.3640901552e-01
1.50200e+03 5.8217826676e+02 9.1882714393e-01
1.50300e+03 5.8281251094e+02 1.5210985357e+00
1.50400e+03 5.8339517692e+02 1.3428782635e+00
1.50500e+03 5.8395025573e+02 2.0981274590e+00
1.50600e+03 5.8449995640e+02 2.0788181463e+00
1.50700e+03 5.8502169067e+02 7.4486272930e-01
1.50800e+03 5.8563512461e+02 8.3238518597e-01
1.50900e+03 5.8625747093e+02 8.1965494652e-01
1.51000e+03 5.8680087637e+02 9.0164009811e-01
1.51100e+03 5.8735085449e+02 6.8344834643e-01
1.51200e+03 5.8791824844e+02 1.4413814752e+00
1.51300e+03 5.8842372381e+02 1.0252842355e-01
1.51400e+03 5.8893162730e+02 6.1087895169e-01
1.51500e+03 5.8944687944e+02 6.0570231637e-01
1.51600e+03 5.8996183157e+02 6.1214525083e-01
1.51700e+03 5.9051209817e+02 2.2313721627e+00
1.51800e+03 5.9105355114e+02 6.7330185797e-01
1.51900e+03 5.9159088784e+02 6.5969866633e-01
1.52000e+03 5.9215667039e+02 6.9884678017e-01
1.52100e+03 5.9272452051e+02 1.4418916172e+00
1.52200e+03 5.9328946474e+02 6.8253022183e-01
1.52300e+03 5.9381065230e+02 6.1746852541e-01
1.52400e+03 5.9433216905e+02 8.6217571011e-01
1.52500e+03 5.9485681333e+02 8.6477025508e-01
1.52600e+03 5.9537996086e+02 6.2677622468e-01
1.52700e+03 5.9593297826e+02 6.9752839413e-01
1.52800e+03 5.9649146717e+02 1.4331560853e+00
1.52900e+03 5.9705675347e+02 7.0328742774e-01
1.53000e+03 5.9762523919e+02 7.0037236381e-01
1.53100e+03 5.9817152217e+02 6.9293756062e-01
1.53200e+03 5.9871536286e+02 6.6759959568e-01
1.53300e+03 5.9924631611e+02 6.3245841655e-01
1.53400e+03 5.9977684814e+02 7.7131454196e-01
1.53500e+03 6.0030632279e+02 7.6906462811e-01
1.53600e+03 6.0078160703e+02 2.7576775528e+00
1.53700e+03 6.0124145326e+02 1.2371603590e+00
1.53800e+03 6.0170124834e+02 1.8398135141e+00
1.53900e+03 6.0216437305e+02 4.9865174817e-01
1.54000e+03 6.0262722339e+02 5.0120835894e-01
1.54100e+03 6.0309275309e+02 5.0311214363e-01
1.54200e+03 6.0356483995e+02 5.6443765250e-01
1.54300e+03 6.0401337599e+02 1.5652654872e+00
1.54400e+03 6.0446079439e+02 9.0284027612e-01
1.54500e+03 6.0490261047e+02 4.6301025998e-01
1.54600e+03 6.0534742120e+02 4.5993957677e-01
1.54700e+03 6.0578254766e+02 9.4348188037e-02
1.54800e+03 6.0621929467e+02 1.9324624490e+00
1.54900e+03 6.0667304773e+02 4.7141662065e-01
1.55000e+03 6.0714321848e+02 5.0992943666e-01
1.55100e+03 6.0762009606e+02 6.1970334875e+00
1.55200e+03 6.0815518120e+02 5.6928333649e-01
1.55300e+03 6.0873840263e+02 1.2946836607e-01
1.55400e+03 6.0930266387e+02 7.1973461362e-01
1.55500e+03 6.0984429403e+02 2.6057477329e+00
1.55600e+03 6.1038362856e+02 6.5213635090e-01
1.55700e+03 6.1094511740e+02 6.9728229038e-01
1.55800e+03 6.1151542668e+02 1.0317081204e+00
1.55900e+03 6.1209061269e+02 1.7578810563e+00
1.56000e+03 6.1266685063e+02 7.0856170547e-01
1.56100e+03 6.1319687721e+02 6.3988063717e-01
1.56200e+03 6.1367837618e+02 3.9990232370e+00
1.56300e+03 6.1414426074e+02 5.9855169419e-01
1.56400e+03 6.1460851368e+02 1.3164503881e+00
1.56500e+03 6.1504411516e+02 1.3126731426e+00
1.56600e+03 6.1556230155e+02 6.1809261050e-01
1.56700e+03 6.1614371104e+02 1.2269257677e+00
1.56800e+03 6.1670581961e+02 1.2115694765e+00
1.56900e+03 6.1723955272e+02 6.2118105024e-01
1.57000e+03 6.1772572744e+02 6.0262888430e-01
1.57100e+03 6.1819178702e+02 1.2105329255e+00
1.57200e+03 6.1865596888e+02 1.2092513135e+00
1.57300e+03 6.1909116648e+02 6.0162237370e-01
1.57400e+03 6.1951186585e+02 1.1438470541e+00
1.57500e+03 6.1998060741e+02 4.9951810475e-01
1.57600e+03 6.2044877279e+02 5.0300210208e-01
1.57700e+03 6.2091555444e+02 5.0053919123e-01
1.57800e+03 6.2138260246e+02 4.9892129806e-01
1.57900e+03 6.2185069397e+02 4.9973223544e-01
1.58000e+03 6.2231859038e+02 5.0008088884e-01
1.58100e+03 6.2278787659e+02 5.0077551131e-01
1.58200e+03 6.2325668071e+02 5.0118243786e-01
1.58300e+03 6.2369003803e+02 1.1408629338e+00
1.58400e+03 6.2411001933e+02 1.9978463964e+00
1.58500e+03 6.2458286466e+02 5.0424038131e-01
1.58600e+03 6.2507107649e+02 7.3896746216e-02
1.58700e+03 6.2548643765e+02 3.1384825163e+00
1.58800e+03 6.2585174682e+02 4.4906402002e-01
1.58900e+03 6.2618209453e+02 2.3414538936e+00
1.59000e+03 6.2650800290e+02 2.1768518167e-01
1.59100e+03 6.2688315295e+02 9.7695279356e-02
1.59200e+03 6.2726650068e+02 2.8865447738e+00
1.59300e+03 6.2762378668e+02 3.2969178230e+00
1.59400e+03 6.2798092683e+02 2.7600445188e-01
1.59500e+03 6.2831190436e+02 5.8169882417e-01
1.59600e+03 6.2860678640e+02 3.1026317061e-02
1.59700e+03 6.2888767577e+02 4.9328347592e-01
1.59800e+03 6.2917373265e+02 7.1618151056e-01
1.59900e+03 6.2946705700e+02 1.4035615142e-01
1.60000e+03 6.2976111104e+02 1.4821296345e-01
1.60100e+03 6.3002123842e+02 1.1625186910e-01
1.60200e+03 6.3027118064e+02 2.3338258858e-01
1.60300e+03 6.3057218259e+02 1.5574233842e-01
1.60400e+03 6.3087472660e+02 1.6407656496e-01
1.60500e+03 6.3117881016e+02 1.6699410893e-01
1.60600e+03 6.3147435577e+02 2.1731055297e-01
1.60700e+03 6.3174715799e+02 6.3114307349e-01
1.60800e+03 6.3204910119e+02 1.6622630438e-01
1.60900e+03 6.3236180228e+02 1.7467759984e-01
1.61000e+03 6.3265580394e+02 3.5006289313e-01
1.61100e+03 6.3293026452e+02 1.6771844332e-01
1.61200e+03 6.3323799377e+02 1.8028897097e-01
1.61300e+03 6.3353979250e+02 2.7482055278e-01
1.61400e+03 6.3389075422e+02 4.6889539319e+00
1.61500e+03 6.3425167411e+02 7.9127041488e-01
1.61600e+03 6.3460872431e+02 2.7741004931e-01
1.61700e+03 6.3500293497e+02 2.9985876225e-01
1.61800e+03 6.3538757460e+02 5.5774758849e-01
1.61900e+03 6.3576604621e+02 3.2218969789e-01
1.62000e+03 6.3614546031e+02 3.1664198673e-01
1.62100e+03 6.3651435821e+02 2.8511064996e-01
1.62200e+03 6.3688427592e+02 3.6297234642e-01
1.62300e+03 6.3725156169e+02 3.6099724785e-01
1.62400e+03 6.3756764348e+02 5.6305619620e-01
1.62500e+03 6.3784429618e+02 1.1737701337e+00
1.62600e+03 6.3811369979e+02 7.4136048917e-01
1.62700e+03 6.3842142909e+02 8.2939099552e-01
1.62800e+03 6.3872900656e+02 2.2352032029e-01
1.62900e+03 6.3897051298e+02 2.1583239379e-02
1.63000e+03 6.3917457270e+02 2.4820949247e-02
1.63100e+03 6.3938231635e+02 1.2331114262e-01
1.63200e+03 6.3959744476e+02 8.5914860189e-01
1.63300e+03 6.3982021417e+02 1.5025755677e-02
1.63400e+03 6.4002395809e+02 1.2539519918e-01
1.63500e+03 6.4020784423e+02 3.2577523036e-01
1.63600e+03 6.4042764007e+02 1.9678154547e-02
1.63700e+03 6.4063982781e+02 1.4935020650e-02
1.63800e+03 6.4089846188e+02 2.1416581452e-01
1.63900e+03 6.4116952749e+02 1.3931472517e-01
1.64000e+03 6.4143832684e+02 9.7686537614e-02
1.64100e+03 6.4174381850e+02 1.4126399704e-01
1.64200e+03 6.4205842827e+02 9.4813936930e-02
1.64300e+03 6.4237572290e+02 3.3724740485e-01
1.64400e+03 6.4274927928e+02 1.5835849780e-01
1.64500e+03 6.4313033225e+02 3.6577635970e-01
1.64600e+03 6.4350536647e+02 3.1328694631e-01
1.64700e+03 6.4391587244e+02 1.9973343587e-01
1.64800e+03 6.4431555971e+02 7.0052934201e-01
1.64900e+03 6.4470834393e+02 4.6172109696e-01
1.65000e+03 6.4513116775e+02 2.8132278764e-01
1.65100e+03 6.4555561834e+02 5.7832975933e-01
1.65200e+03 6.4594598367e+02 1.0753643476e+00
1.65300e+03 6.4636495176e+02 7.7075769259e-01
1.65400e+03 6.4678185400e+02 5.9095661498e-01
1.65500e+03 6.4719800369e+02 3.8914587066e-01
1.65600e+03 6.4761563427e+02 3.6692728463e-01
1.65700e+03 6.4800741416e+02 3.9095994157e-01
1.65800e+03 6.4839703744e+02 3.6256168754e-01
1.65900e+03 6.4877914917e+02 3.2712704821e-01
1.66000e+03 6.4916340051e+02 3.2142797650e-01
1.66100e+03 6.4954291705e+02 3.1851136071e-01
1.66200e+03 6.4992554311e+02 3.1656756579e-01
1.66300e+03 6.5030428441e+02 3.1547575484e-01
1.66400e+03 6.5068640903e+02 3.1465883529e-01
1.66500e+03 6.5106356396e+02 6.8005029048e-01
1.66600e+03 6.5144178656e+02 1.7028943823e+00
1.66700e+03 6.5181613437e+02 1.3274096871e+00
1.66800e+03 6.5214138275e+02 3.4276653986e-01
1.66900e+03 6.5244996082e+02 1.1809253097e+00
1.67000e+03 6.5276318601e+02 1.4648240568e+00
1.67100e+03 6.5305091362e+02 1.5644685046e+00
1.67200e+03 6.5332585231e+02 1.1294346870e+00
1.67300e+03 6.5359422421e+02 1.2115650959e-01
1.67400e+03 6.5395057752e+02 2.8387722436e-01
1.67500e+03 6.5431897094e+02 2.7763896008e-01
1.67600e+03 6.5462043484e+02 1.2283673086e-01
1.67700e+03 6.5493365147e+02 1.7950086543e-01
1.67800e+03 6.5524688878e+02 5.1422053057e-01
1.67900e+03 6.5553683180e+02 7.3925221055e-01
1.68000e+03 6.5585414243e+02 1.8340680529e-01
1.68100e+03 6.5616247861e+02 1.8304541326e-01
1.68200e+03 6.5652486682e+02 4.3880135274e-01
1.68300e+03 6.5694309939e+02 1.2828954872e-01
1.68400e+03 6.5735919826e+02 1.9864075899e-01
1.68500e+03 6.5778305011e+02 4.9230073741e-01
1.68600e+03 6.5820234036e+02 3.9514729823e-01
1.68700e+03 6.5859350784e+02 5.2119384901e-01
1.68800e+03 6.5896630786e+02 7.7487114315e-01
1.68900e+03 6.5938468914e+02 3.8928158189e-01
1.69000e+03 6.5980095365e+02 3.8586656502e-01
1.69100e+03 6.6021547432e+02 3.8162008406e-01
1.69200e+03 6.6062845594e+02 3.7795556291e-01
1.69300e+03 6.6104202918e+02 3.7663018334e-01
1.69400e+03 6.6145742813e+02 3.8572802090e-01
1.69500e+03 6.6180745111e+02 7.3535858523e-01
1.69600e+03 6.6216249625e+02 5.7187503450e-01
1.69700e+03 6.6255607488e+02 1.1759780263e+00
1.69800e+03 6.6296007756e+02 3.6727461823e-01
1.69900e+03 6.6336431201e+02 5.8437013326e-01
1.70000e+03 6.6374174787e+02 1.0223034150e+00
1.70100e+03 6.6410498646e+02 7.2434856148e-01
1.70200e+03 6.6456489484e+02 8.2860843777e-01
1.70300e+03 6.6503439855e+02 1.2031972451e+00
1.70400e+03 6.6542999039e+02 3.0789838064e-01
1.70500e+03 6.6579358621e+02 3.0794771338e-01
1.70600e+03 6.6615238771e+02 2.7084943304e-01
1.70700e+03 6.6650449475e+02 2.5908980854e-01
1.70800e+03 6.6685816093e+02 2.5369538477e-01
1.70900e+03 6.6726783925e+02 3.6301242656e-01
1.71000e+03 6.6767684187e+02 8.6121282166e-01
1.71100e+03 6.6808371123e+02 8.5754264664e-01
1.71200e+03 6.6849029186e+02 3.6069965010e-01
1.71300e+03 6.6885661154e+02 2.6765432149e-01
1.71400e+03 6.6921187101e+02 3.6471493134e-01
1.71500e+03 6.6962076974e+02 3.6236831496e-01
1.71600e+03 6.7003966523e+02 1.6565474339e+00
1.71700e+03 6.7042893878e+02 1.5832928238e+00
1.71800e+03 6.7083655238e+02 3.6303891313e-01
1.71900e+03 6.7124934663e+02 3.6657139243e-01
1.72000e+03 6.7165754403e+02 3.6678862220e-01
1.72100e+03 6.7206903694e+02 3.6512050248e-01
1.72200e+03 6.7247782284e+02 3.6534387195e-01
1.72300e+03 6.7285270857e+02 3.7291627893e-01
1.72400e+03 6.7330582085e+02 1.5749134371e+00
1.72500e+03 6.7377059398e+02 1.5686079340e+00
1.72600e+03 6.7416334365e+02 1.1304563468e+00
1.72700e+03 6.7456621578e+02 3.5635775178e-01
1.72800e+03 6.7496997119e+02 3.5097091080e-01
1.72900e+03 6.7533853749e+02 1.1230064470e+00
1.73000e+03 6.7578972548e+02 4.6165434644e-01
1.73100e+03 6.7630635851e+02 1.5720556547e+00
1.73200e+03 6.7680369241e+02 2.7523826951e+00
1.73300e+03 6.7726948209e+02 6.9052949714e-01
1.73400e+03 6.7773446009e+02 1.1206949758e+00
1.73500e+03 6.7822493772e+02 5.3078204370e-01
1.73600e+03 6.7870720763e+02 5.1518726906e-01
1.73700e+03 6.7917661207e+02 8.9486879985e-01
1.73800e+03 6.7960363458e+02 3.9027422851e-01
1.73900e+03 6.7997687198e+02 8.9592514517e-01
1.74000e+03 6.8033835511e+02 7.7921413868e-01
1.74100e+03 6.8068937795e+02 2.5485027496e-01
1.74200e+03 6.8113843954e+02 5.1433485130e-01
1.74300e+03 6.8159809335e+02 5.0406988046e-01
1.74400e+03 6.8205172001e+02 4.5478755723e-01
1.74500e+03 6.8251270591e+02 4.5566485360e-01
1.74600e+03 6.8297044949e+02 4.5932611073e-01
1.74700e+03 6.8346227702e+02 5.1602197757e-01
1.74800e+03 6.8394403701e+02 9.0492176612e-01
1.74900e+03 6.8441039936e+02 4.6424324126e-01
1.75000e+03 6.8487583297e+02 4.7146902314e-01
1.75100e+03 6.8534007840e+02 4.6888062696e-01
1.75200e+03 6.8574811476e+02 3.0114866120e-01
1.75300e+03 6.8614190943e+02 2.3171688493e+00
1.75400e+03 6.8653797759e+02 2.3071644315e+00
1.75500e+03 6.8693865176e+02 3.3611038401e-01
1.75600e+03 6.8733893429e+02 3.3998864658e-01
1.75700e+03 6.8774238671e+02 3.4242691186e-01
1.75800e+03 6.8814472979e+02 3.4414503359e-01
1.75900e+03 6.8854971338e+02 3.4533205631e-01
1.76000e+03 6.8895401177e+02 8.5472914374e-01
1.76100e+03 6.8929576729e+02 1.2248991113e-01
1.76200e+03 6.8959580203e+02 2.1303465990e+00
1.76300e+03 6.8989676388e+02 1.0402173102e-01
1.76400e+03 6.9020183052e+02 1.4379257320e-01
1.76500e+03 6.9051292816e+02 1.5378456379e-01
1.76600e+03 6.9082441437e+02 1.6005035300e-01
1.76700e+03 6.9114046619e+02 1.6484447822e-01
1.76800e+03 6.9144554256e+02 2.2158944669e-01
1.76900e+03 6.9172907353e+02 2.0119398206e+00
1.77000e+03 6.9204326509e+02 1.6738497684e-01
1.77100e+03 6.9236827491e+02 1.7617559839e-01
1.77200e+03 6.9268958995e+02 1.8312290941e-01
1.77300e+03 6.9301580291e+02 1.8414292117e-01
1.77400e+03 6.9333931977e+02 1.8616059385e-01
1.77500e+03 6.9362821068e+02 2.3669318462e+00
1.77600e+03 6.9398398292e+02 1.0465617846e+00
1.77700e+03 6.9440609819e+02 6.7471610359e-01
1.77800e+03 6.9482511488e+02 9.5499838451e-02
1.77900e+03 6.9522972845e+02 3.5312689160e-01
1.78000e+03 6.9569972272e+02 7.8826342264e-01
1.78100e+03 6.9622557119e+02 1.9913754132e-01
1.78200e+03 6.9673154910e+02 1.8840601649e+00
1.78300e+03 6.9722551903e+02 5.3504845085e-01
1.78400e+03 6.9774531180e+02 1.0077606617e-01
1.78500e+03 6.9826595087e+02 1.0427318836e+00
1.78600e+03 6.9877810493e+02 5.4068955030e-01
1.78700e+03 6.9924158265e+02 1.9547125913e+00
1.78800e+03 6.9965988718e+02 1.7343098439e+00
1.78900e+03 7.0006427449e+02 4.2389709741e-01
1.79000e+03 7.0046791258e+02 1.3490076744e+00
1.79100e+03 7.0084179395e+02 1.4644390952e+00
1.79200e+03 7.0129196157e+02 7.1362515550e-01
1.79300e+03 7.0180515770e+02 9.0063316732e-01
1.79400e+03 7.0229998389e+02 8.8240467104e-01
1.79500e+03 7.0276514629e+02 7.1459620395e-01
1.79600e+03 7.0318513251e+02 4.2515489863e-01
1.79700e+03 7.0355576075e+02 4.2147660960e-01
1.79800e+03 7.0400577120e+02 8.9957536872e-01
1.79900e+03 7.0446541043e+02 8.9315262498e-01
1.80000e+03 7.0485697925e+02 2.9508958306e-01
1.80100e+03 7.0525416218e+02 8.7431788583e-01
1.80200e+03 7.0565343924e+02 8.6908254244e-01
1.80300e+03 7.0605594795e+02 3.3327507713e-01
1.80400e+03 7.0646068512e+02 3.5140537131e-01
1.80500e+03 7.0684196482e+02 7.5940169708e-01
1.80600e+03 7.0724692552e+02 3.3862543931e-01
1.80700e+03 7.0764215068e+02 5.0375836566e-01
1.80800e+03 7.0809668389e+02 7.6316505848e-01
1.80900e+03 7.0856018595e+02 7.6626472270e-01
1.81000e+03 7.0901804952e+02 4.5168090832e-01
1.81100e+03 7.0948219921e+02 4.5187685973e-01
1.81200e+03 7.0988353076e+02 8.9264111927e-01
1.81300e+03 7.1024744482e+02 1.1823200197e+00
1.81400e+03 7.1069824346e+02 4.4436005441e-01
1.81500e+03 7.1115913670e+02 4.4065924802e-01
1.81600e+03 7.1154935523e+02 7.9040089573e-01
1.81700e+03 7.1194642539e+02 3.3284826726e-01
1.81800e+03 7.1235049361e+02 1.6564730763e+00
1.81900e+03 7.1269338573e+02 1.1800111909e-01
1.82000e+03 7.1299352452e+02 9.0079738098e-02
1.82100e+03 7.1325948997e+02 3.4596708880e-01
1.82200e+03 7.1360261549e+02 2.1466234855e-01
1.82300e+03 7.1400678242e+02 1.6777038306e+00
1.82400e+03 7.1439713497e+02 3.2231632888e-01
1.82500e+03 7.1475924093e+02 2.3366152514e-01
1.82600e+03 7.1512340118e+02 4.7494984775e-01
1.82700e+03 7.1551212517e+02 3.0655107085e-01
1.82800e+03 7.1589508257e+02 2.9884937528e-01
1.82900e+03 7.1627433589e+02 2.8907985293e-01
1.83000e+03 7.1668712683e+02 1.1549652894e+00
1.83100e+03 7.1710888708e+02 1.9848690852e+00
1.83200e+03 7.1752330305e+02 1.1698896128e+00
1.83300e+03 7.1791666986e+02 8.1632394300e-01
1.83400e+03 7.1828889589e+02 1.5859729582e+00
1.83500e+03 7.1870283381e+02 3.5452871885e-01
1.83600e+03 7.1912107409e+02 3.2407365114e-01
1.83700e+03 7.1946962318e+02 1.1058379696e+00
1.83800e+03 7.1982300623e+02 8.7346767906e-01
1.83900e+03 7.2018364716e+02 2.3976610940e-01
1.84000e+03 7.2054444578e+02 2.4694191459e-01
1.84100e+03 7.2091031601e+02 2.5192426948e-01
1.84200e+03 7.2121882539e+02 2.9045753900e-01
1.84300e+03 7.2152240890e+02 1.1035441367e-01
1.84400e+03 7.2183238135e+02 1.3948661710e-01
1.84500e+03 7.2214909554e+02 1.5247781448e-01
1.84600e+03 7.2246624422e+02 1.5950156232e-01
1.84700e+03 7.2278762597e+02 1.6400961982e-01
1.84800e+03 7.2310818770e+02 1.6725866872e-01
1.84900e+03 7.2339223500e+02 1.0099696689e+00
1.85000e+03 7.2374703485e+02 2.4567357806e-01
1.85100e+03 7.2416930887e+02 8.7115235968e-01
1.85200e+03 7.2457464079e+02 8.5737284118e-01
1.85300e+03 7.2494701185e+02 2.5192873965e-01
1.85400e+03 7.2527713923e+02 3.2364653412e-01
1.85500e+03 7.2559265933e+02 5.1336314500e-01
1.85600e+03 7.2590117259e+02 6.4985228029e-02
1.85700e+03 7.2618873617e+02 2.8234319621e-01
1.85800e+03 7.2650770637e+02 5.1125824793e-01
1.85900e+03 7.2683750852e+02 1.7289564616e-01
1.86000e+03 7.2716342130e+02 1.7966533827e-01
1.86100e+03 7.2746232340e+02 2.6028270439e-01
1.86200e+03 7.2774501363e+02 5.4203373488e-01
1.86300e+03 7.2807362668e+02 1.7829657811e-01
1.86400e+03 7.2840201244e+02 1.8059125113e-01
1.86500e+03 7.2873074968e+02 1.8053484944e-01
1.86600e+03 7.2905837497e+02 1.7959384723e-01
1.86700e+03 7.2934623360e+02 4.2414106693e-01
1.86800e+03 7.2970690037e+02 3.7780071153e-01
1.86900e+03 7.3008134340e+02 4.3725649676e-01
1.87000e+03 7.3038930867e+02 3.8374762459e-01
1.87100e+03 7.3070962998e+02 1.7099833338e-01
1.87200e+03 7.3102932785e+02 4.4800383846e-01
1.87300e+03 7.3128590234e+02 2.6549534508e-01
1.87400e+03 7.3150444438e+02 8.1404107463e-02
1.87500e+03 7.3169273863e+02 3.6512219878e-01
1.87600e+03 7.3187718091e+02 3.4099752895e-02
1.87700e+03 7.3210624157e+02 9.1260660809e-02
1.87800e+03 7.3234039067e+02 7.0767601978e-03
1.87900e+03 7.3257826951e+02 1.5887866740e-02
1.88000e+03 7.3280077573e+02 1.6803821155e-01
1.88100e+03 7.3300140177e+02 5.5313607553e-01
1.88200e+03 7.3320470167e+02 1.9206317533e-02
1.88300e+03 7.3337846113e+02 3.5557991828e-02
1.88400e+03 7.3355939178e+02 3.7284681716e-01
1.88500e+03 7.3376427756e+02 4.2597395899e-03
1.88600e+03 7.3396705687e+02 2.5474289364e-02
1.88700e+03 7.3415554797e+02 1.4731647290e-02
1.88800e+03 7.3434835665e+02 2.0281680810e-02
1.88900e+03 7.3454141477e+02 4.5670176833e-03
1.89000e+03 7.3473479084e+02 5.1298398014e-03
1.89100e+03 7.3493028881e+02 2.4398456341e-03
1.89200e+03 7.3507294390e+02 1.1206157978e-01
1.89300e+03 7.3518764084e+02 1.9818542414e-01
1.89400e+03 7.3536889797e+02 9.6815295980e-03
1.89500e+03 7.3560089734e+02 2.7113593859e-02
1.89600e+03 7.3582234615e+02 4.5755971495e-02
1.89700e+03 7.3603600902e+02 1.8336494051e-02
1.89800e+03 7.3625180341e+02 2.1592861616e-02
1.89900e+03 7.3645170367e+02 9.5792016191e-02
1.90000e+03 7.3662059573e+02 2.1213934496e-02
1.90100e+03 7.3674882565e+02 1.3298644866e-02
1.90200e+03 7.3686963318e+02 4.8084536087e-02
1.90300e+03 7.3698318757e+02 2.4113046449e-02
1.90400e+03 7.3709780032e+02 6.1947692798e-03
1.90500e+03 7.3720978403e+02 1.5706877795e-03
1.90600e+03 7.3732403675e+02 3.6003628102e-04
1.90700e+03 7.3748918816e+02 7.2727429485e-02
1.90800e+03 7.3765817777e+02 1.4283722595e-01
1.90900e+03 7.3782938093e+02 3.9092842149e-02
1.91000e+03 7.3800007443e+02 3.7349862597e-02
1.91100e+03 7.3812691849e+02 1.4860351400e-02
1.91200e+03 7.3831244658e+02 1.8912500565e-03
1.91300e+03 7.3856710856e+02 4.1454924629e-03
1.91400e+03 7.3882625120e+02 8.8449143034e-02
1.91500e+03 7.3909827075e+02 1.0081638565e-01
1.91600e+03 7.3936745879e+02 1.1076096458e-01
1.91700e+03 7.3964003047e+02 6.4700716064e-02
1.91800e+03 7.3989304698e+02 3.0701071501e-02
1.91900e+03 7.4008164633e+02 9.4115627392e-03
1.92000e+03 7.4023678035e+02 9.4524439169e-02
1.92100e+03 7.4039468750e+02 1.1466452865e-01
1.92200e+03 7.4053421376e+02 1.1349025864e-01
1.92300e+03 7.4061525313e+02 6.0166604084e-02
1.92400e+03 7.4070824126e+02 9.6681308871e-02
1.92500e+03 7.4080907510e+02 1.9794468991e-02
1.92600e+03 7.4086462792e+02 2.1413106688e-01
1.92700e+03 7.4089870433e+02 1.8746290776e-01
1.92800e+03 7.4093219221e+02 2.2064942409e-02
1.92900e+03 7.4096248547e+02 3.7831650146e-03
1.93000e+03 7.4099541688e+02 5.5646169187e-04
1.93100e+03 7.4102767857e+02 1.9684390374e-03
1.93200e+03 7.4112606390e+02 5.3971971198e-03
1.93300e+03 7.4128796978e+02 2.8607510947e-02
1.93400e+03 7.4143847126e+02 1.7603678702e-02
1.93500e+03 7.4157823645e+02 2.2140681016e-02
1.93600e+03 7.4175256062e+02 1.4477772422e-01
1.93700e+03 7.4192676913e+02 1.4733861802e-01
1.93800e+03 7.4214150680e+02 6.5654901442e-02
1.93900e+03 7.4240663619e+02 1.9268747312e-02
1.94000e+03 7.4265827290e+02 5.9767208454e-02
1.94100e+03 7.4289917112e+02 1.5668147593e-02
1.94200e+03 7.4317329474e+02 9.9799460538e-02
1.94300e+03 7.4345969324e+02 8.3558067894e-02
1.94400e+03 7.4371931269e+02 2.3635218570e-02
1.94500e+03 7.4392704206e+02 3.3898576372e-02
1.94600e+03 7.4414052463e+02 4.8521004429e-03
1.94700e+03 7.4435715923e+02 4.0579777207e-03
1.94800e+03 7.4457349449e+02 2.8526880213e-03
1.94900e+03 7.4481247986e+02 5.7887495407e-02
1.95000e+03 7.4506616088e+02 6.3031900669e-02
1.95100e+03 7.4534239945e+02 5.2808940436e-02
1.95200e+03 7.4561672479e+02 7.3400457154e-02
1.95300e+03 7.4586609288e+02 1.3875141356e-01
1.95400e+03 7.4609832144e+02 3.3552778577e-01
1.95500e+03 7.4632212107e+02 1.4810245280e-01
1.95600e+03 7.4654445873e+02 9.8909075246e-03
1.95700e+03 7.4676271171e+02 1.5427667853e-02
1.95800e+03 7.4698149953e+02 3.5498359214e-03
1.95900e+03 7.4719714401e+02 6.1547917206e-03
1.96000e+03 7.4750006176e+02 1.4441209623e-01
1.96100e+03 7.4786886525e+02 2.6611404170e-01
1.96200e+03 7.4823119946e+02 8.8008869699e-02
1.96300e+03 7.4857678060e+02 1.2993666393e-01
1.96400e+03 7.4889988815e+02 1.9142019028e-01
1.96500e+03 7.4926205054e+02 2.4717174218e-01
1.96600e+03 7.4962298392e+02 2.4552373298e-01
1.96700e+03 7.4998252757e+02 2.4265947457e-01
1.96800e+03 7.5033908204e+02 4.2061255176e-01
1.96900e+03 7.5066927046e+02 2.9458399622e-01
1.97000e+03 7.5102314003e+02 2.3535301667e-01
1.97100e+03 7.5136477821e+02 1.8728580510e-01
1.97200e+03 7.5176220605e+02 6.5464742628e-01
1.97300e+03 7.5221505943e+02 3.5778263237e-01
1.97400e+03 7.5265012738e+02 7.3022774513e-01
1.97500e+03 7.5307391822e+02 3.7982549767e-01
1.97600e+03 7.5352562386e+02 9.7836063994e-02
1.97700e+03 7.5397400032e+02 5.5352637527e-01
1.97800e+03 7.5447548862e+02 8.4093098125e-01
1.97900e+03 7.5502452819e+02 1.2524873562e-01
1.98000e+03 7.5555349688e+02 5.9846989771e-01
1.98100e+03 7.5605692029e+02 1.9279891652e+00
1.98200e+03 7.5655729519e+02 5.2341426339e-01
1.98300e+03 7.5705570703e+02 5.1787928384e-01
1.98400e+03 7.5749685630e+02 8.5811309160e-01
1.98500e+03 7.5789284108e+02 1.3105892084e+00
1.98600e+03 7.5827901316e+02 1.2543014282e+00
1.98700e+03 7.5870663714e+02 1.3099574500e+00
1.98800e+03 7.5914329909e+02 8.2445884825e-01
1.98900e+03 7.5955117501e+02 1.2803421600e+00
1.99000e+03 7.5995638172e+02 3.3084099531e-01
1.99100e+03 7.6033658826e+02 1.8232780275e-01
1.99200e+03 7.6067923087e+02 4.3529466539e-02
1.99300e+03 7.6100397972e+02 1.0512694116e+00
1.99400e+03 7.6132139927e+02 8.7787160651e-02
1.99500e+03 7.6158445626e+02 1.6063547544e-01
1.99600e+03 7.6181352750e+02 5.9818519546e-01
1.99700e+03 7.6204093955e+02 1.8503616564e-01
1.99800e+03 7.6225720068e+02 1.0115842358e-01
1.99900e+03 7.6245505184e+02 6.8271243930e-02
2.00000e+03 7.6265763875e+02 8.1877200373e-02
