0.00000e+00 0.0000000000e+00 0.0000000000e+00
1.00000e+00 8.0728831158e+01 8.0728831158e+01
2.00000e+00 1.5816529204e+02 7.7436460887e+01
3.00000e+00 2.3578275001e+02 1.5497648239e+02
4.00000e+00 3.1654104526e+02 1.6140639758e+02
5.00000e+00 4.0248033020e+02 8.5939284941e+01
6.00000e+00 4.8394482055e+02 2.3628599626e+02
7.00000e+00 5.6541834561e+02 3.1752323532e+02
8.00000e+00 6.5163030721e+02 1.7206530726e+02
9.00000e+00 7.3752823743e+02 2.3600835554e+02
1.00000e+01 8.2357854266e+02 2.3561069081e+02
1.10000e+01 9.0937929832e+02 1.7112143726e+02
1.20000e+01 9.9069968539e+02 1.6224010290e+02
1.30000e+01 1.0606662408e+03 7.6235064182e+01
1.40000e+01 1.1342380976e+03 4.0474146792e+02
1.50000e+01 1.2081321588e+03 5.5874694763e+02
1.60000e+01 1.2788252769e+03 3.1046236935e+02
1.70000e+01 1.3496950391e+03 4.0523993329e+02
1.80000e+01 1.4237239620e+03 1.4671736038e+02
1.90000e+01 1.5022032294e+03 7.3214882447e+00
2.00000e+01 1.5762308852e+03 3.1131658501e+02
2.10000e+01 1.6395993936e+03 1.3906938911e+02
2.20000e+01 1.7065586943e+03 7.0696221164e+00
2.30000e+01 1.7773555392e+03 2.9418209688e+02
2.40000e+01 1.8437939074e+03 1.3134103218e+02
2.50000e+01 1.9003848816e+03 1.3840086616e+01
2.60000e+01 1.9575386917e+03 4.3017408145e+02
2.70000e+01 2.0249332291e+03 5.9021383466e+02
2.80000e+01 2.0966607172e+03 4.4320124674e+02
2.90000e+01 2.1680012886e+03 1.4143725261e+02
3.00000e+01 2.2347656307e+03 1.3240995858e+02
3.10000e+01 2.2915937776e+03 1.1240220332e+02
3.20000e+01 2.3519988310e+03 2.7505502175e+02
3.30000e+01 2.4155004250e+03 1.1475473624e+02
3.40000e+01 2.4746508950e+03 7.6138719782e+00
3.50000e+01 2.5246858735e+03 1.5582176769e+02
3.60000e+01 2.5752815112e+03 2.6139757462e+02
3.70000e+01 2.6260455799e+03 9.9250331152e+01
3.80000e+01 2.6800379562e+03 1.0822730434e+02
3.90000e+01 2.7363019055e+03 1.4843902784e+01
4.00000e+01 2.7881817790e+03 2.1392599999e+02
4.10000e+01 2.8316577967e+03 2.3097850959e+00
4.20000e+01 2.8787306573e+03 2.1748574626e+01
4.30000e+01 2.9274348388e+03 2.0615230629e+02
4.40000e+01 2.9718249006e+03 5.1823364931e+00
4.50000e+01 3.0085972195e+03 1.6301534871e+01
4.60000e+01 3.0489784698e+03 1.9925454374e+02
4.70000e+01 3.0902574455e+03 1.2602360049e+01
4.80000e+01 3.1272438396e+03 2.3688900968e+01
4.90000e+01 3.1644623062e+03 2.7936492756e+02
5.00000e+01 3.2064525028e+03 4.0472584276e+02
5.10000e+01 3.2476005361e+03 6.6698956959e+02
5.20000e+01 3.2853828142e+03 1.4422668730e+02
5.30000e+01 3.3311707452e+03 1.1303341799e+02
5.40000e+01 3.3812565476e+03 9.9641597879e+01
5.50000e+01 3.4295280701e+03 7.1234891844e+00
5.60000e+01 3.4743363688e+03 1.1994640520e+02
5.70000e+01 3.5278598726e+03 1.0727752902e+02
5.80000e+01 3.5856211906e+03 1.4791881289e+01
5.90000e+01 3.6429504395e+03 2.1116806041e+02
6.00000e+01 3.6956333528e+03 3.0765387936e+02
6.10000e+01 3.7397432240e+03 2.7124647169e+02
6.20000e+01 3.7873769086e+03 2.0561956893e+02
6.30000e+01 3.8352173025e+03 2.0498282086e+02
6.40000e+01 3.8829018649e+03 9.2534181244e+01
6.50000e+01 3.9322289296e+03 8.0561041945e+01
6.60000e+01 3.9771816866e+03 7.7301562048e+00
6.70000e+01 4.0222789971e+03 8.7191696307e+01
6.80000e+01 4.0721068266e+03 1.9684434952e+02
6.90000e+01 4.1202688453e+03 9.2763271741e+01
7.00000e+01 4.1650357241e+03 1.9423333629e+02
7.10000e+01 4.2098721076e+03 2.2159948850e+02
7.20000e+01 4.2548132034e+03 1.1346546637e+02
7.30000e+01 4.2997373818e+03 8.6605922604e+01
7.40000e+01 4.3477929199e+03 9.3041484112e+01
7.50000e+01 4.3973799235e+03 1.0834421795e+02
7.60000e+01 4.4472112686e+03 9.6236566799e+01
7.70000e+01 4.4954179498e+03 9.2993105093e+01
7.80000e+01 4.5402422860e+03 8.6402557127e+01
7.90000e+01 4.5938368839e+03 2.2044432258e+02
8.00000e+01 4.6470202826e+03 3.1555902454e+02
8.10000e+01 4.7000836014e+03 1.0276515122e+02
8.20000e+01 4.7530766096e+03 1.0247199552e+02
8.30000e+01 4.8060382664e+03 1.0226786160e+02
8.40000e+01 4.8589663323e+03 1.0210065146e+02
8.50000e+01 4.9118842501e+03 1.0195481173e+02
8.60000e+01 4.9647817267e+03 1.0182226761e+02
8.70000e+01 5.0090559482e+03 8.5666197644e+01
8.80000e+01 5.0568407472e+03 9.2629372981e+01
8.90000e+01 5.1062682250e+03 5.0536575433e+02
9.00000e+01 5.1560016394e+03 5.0476245791e+02
9.10000e+01 5.2041540227e+03 9.2482445782e+01
9.20000e+01 5.2489495209e+03 3.2706531081e+02
9.30000e+01 5.3025303060e+03 1.9725605810e+02
9.40000e+01 5.3557130649e+03 1.9734408444e+02
9.50000e+01 5.4001469454e+03 3.2689790443e+02
9.60000e+01 5.4449957694e+03 1.9711212785e+02
9.70000e+01 5.4899079286e+03 1.9739329446e+02
9.80000e+01 5.5379882138e+03 4.1581830553e+02
9.90000e+01 5.5861707125e+03 5.1103247252e+02
1.00000e+02 5.6341436042e+03 1.8728119058e+02
1.01000e+02 5.6837558617e+03 1.9733152004e+02
1.02000e+02 5.7289716010e+03 7.7227468497e+01
1.03000e+02 5.7664274251e+03 8.4037704439e+01
1.04000e+02 5.8074451686e+03 2.7904561656e+00
1.05000e+02 5.8493854151e+03 6.9478230118e+01
1.06000e+02 5.8869947448e+03 7.6347257138e+01
1.07000e+02 5.9176531606e+03 4.0097426687e+00
1.08000e+02 5.9519057162e+03 6.2643564047e+01
1.09000e+02 5.9863508300e+03 6.8775777170e+01
1.10000e+02 6.0164943527e+03 1.1471539933e+01
1.11000e+02 6.0404540552e+03 5.5882207267e+01
1.12000e+02 6.0680151340e+03 6.2015524475e+01
1.13000e+02 6.0950342037e+03 1.8886112547e+01
1.14000e+02 6.1224481985e+03 2.9406329576e+02
1.15000e+02 6.1505734878e+03 1.9875892526e+02
1.16000e+02 6.1753647772e+03 2.0091121244e+02
1.17000e+02 6.2067365681e+03 2.7156023826e+02
1.18000e+02 6.2377644692e+03 1.0703063447e+02
1.19000e+02 6.2622967116e+03 6.2526048840e+01
1.20000e+02 6.2903071265e+03 5.1148144758e+01
1.21000e+02 6.3177362441e+03 1.0733365180e+02
1.22000e+02 6.3408240728e+03 4.2035194069e+00
1.23000e+02 6.3584059236e+03 4.4146604923e+01
1.24000e+02 6.3765092613e+03 9.9878029454e+01
1.25000e+02 6.4004727637e+03 5.4180476198e+01
1.26000e+02 6.4288067353e+03 1.0814629489e+02
1.27000e+02 6.4575454718e+03 8.2285765271e+01
1.28000e+02 6.4828305013e+03 7.1816916954e+00
1.29000e+02 6.5081094765e+03 4.5446955926e+01
1.30000e+02 6.5335002480e+03 4.5507251020e+01
1.31000e+02 6.5653911015e+03 5.4376734971e+01
1.32000e+02 6.6015440818e+03 5.2362205209e+01
1.33000e+02 6.6372537262e+03 5.9607161614e+01
1.34000e+02 6.6725169711e+03 1.4900386401e+02
1.35000e+02 6.7079213613e+03 1.1093381536e+02
1.36000e+02 6.7388983305e+03 1.0419420266e+02
1.37000e+02 6.7635237574e+03 1.1045148035e+02
1.38000e+02 6.7886333550e+03 1.1005985499e+02
1.39000e+02 6.8137969192e+03 4.4844647494e+01
1.40000e+02 6.8421756744e+03 1.5235897492e-01
1.41000e+02 6.8699417839e+03 2.3074991744e+00
1.42000e+02 6.8933342233e+03 1.4075520706e+02
1.43000e+02 6.9111715651e+03 7.3262224024e+00
1.44000e+02 6.9325666632e+03 9.2888488391e+00
1.45000e+02 6.9526984322e+03 1.3298011140e+02
1.46000e+02 6.9685301132e+03 1.4879654572e+01
1.47000e+02 6.9846270788e+03 1.6759641362e+02
1.48000e+02 7.0054563072e+03 1.8149787268e+02
1.49000e+02 7.0275373388e+03 9.6321182436e+01
1.50000e+02 7.0492634269e+03 1.3317812123e+02
1.51000e+02 7.0696994364e+03 3.5675381887e+01
1.52000e+02 7.0857823608e+03 2.6659219906e+01
1.53000e+02 7.0970493210e+03 7.2736284728e+01
1.54000e+02 7.1118716620e+03 2.8735959496e+01
1.55000e+02 7.1268504828e+03 1.0091167896e+02
1.56000e+02 7.1417369485e+03 2.4185976454e+01
1.57000e+02 7.1567980353e+03 2.4244056376e+01
1.58000e+02 7.1687072215e+03 9.6944043749e+01
1.59000e+02 7.1806705493e+03 5.3565381575e+01
1.60000e+02 7.1958706521e+03 2.4533449412e+01
1.61000e+02 7.2089994650e+03 7.3071965858e+00
1.62000e+02 7.2177821462e+03 9.2467144976e+01
1.63000e+02 7.2224865170e+03 1.7249958929e+01
1.64000e+02 7.2276945988e+03 6.4043420792e+01
1.65000e+02 7.2373120614e+03 1.1252773547e+02
1.66000e+02 7.2513137022e+03 7.7153783072e+01
1.67000e+02 7.2671582447e+03 2.9434252535e+01
1.68000e+02 7.2795381813e+03 7.1718547809e+00
1.69000e+02 7.2918737303e+03 1.8937741898e+01
1.70000e+02 7.3073846459e+03 2.9715631146e+01
1.71000e+02 7.3229156874e+03 2.5230533661e+01
1.72000e+02 7.3382701299e+03 2.5048829925e+01
1.73000e+02 7.3516364043e+03 7.7314090802e+01
1.74000e+02 7.3606581094e+03 3.6390537029e+01
1.75000e+02 7.3655698317e+03 3.5979306236e+01
1.76000e+02 7.3740240595e+03 6.9002146454e+00
1.77000e+02 7.3826118647e+03 1.1187230414e+01
1.78000e+02 7.3880562547e+03 4.7926584418e+01
1.79000e+02 7.3979519246e+03 3.6632353873e+01
1.80000e+02 7.4075365544e+03 3.6506251578e+01
1.81000e+02 7.4127800081e+03 4.8072563084e+00
1.82000e+02 7.4214754793e+03 1.1417286537e+01
1.83000e+02 7.4274214209e+03 5.7098251918e+01
1.84000e+02 7.4337189288e+03 7.0932244041e+01
1.85000e+02 7.4400028980e+03 6.6807546970e+00
1.86000e+02 7.4417433451e+03 3.0417336500e+00
1.87000e+02 7.4437201151e+03 3.4893572385e+01
1.88000e+02 7.4503758175e+03 7.0322684770e+00
1.89000e+02 7.4568957040e+03 7.2611535099e+00
1.90000e+02 7.4634835671e+03 7.1860529959e+00
1.91000e+02 7.4727632537e+03 1.2097750610e+01
1.92000e+02 7.4816749794e+03 2.6994433173e+01
1.93000e+02 7.4878521441e+03 6.8361451309e+00
1.94000e+02 7.4896840567e+03 7.2963963438e+00
1.95000e+02 7.4881259944e+03 2.0202952677e+01
1.96000e+02 7.4901021517e+03 1.0625948818e-01
1.97000e+02 7.4886358070e+03 7.6435094590e+00
1.98000e+02 7.4875657516e+03 8.4644754521e+00
1.99000e+02 7.4900481872e+03 2.0064034638e+01
2.00000e+02 7.4891571687e+03 1.8649790295e+01
2.01000e+02 7.4882422611e+03 5.3700146424e-01
2.02000e+02 7.4875014531e+03 6.8667497318e-01
2.03000e+02 7.4903879906e+03 6.6578597087e+00
2.04000e+02 7.4975990351e+03 1.4439101707e+01
2.05000e+02 7.5072972136e+03 7.2157428392e+00
2.06000e+02 7.5134887765e+03 6.9323708908e+00
2.07000e+02 7.5240610882e+03 2.2110436844e+01
2.08000e+02 7.5389104242e+03 1.4846818580e+01
2.09000e+02 7.5534418994e+03 3.6798443396e+01
2.10000e+02 7.5632797397e+03 3.6745455878e+01
2.11000e+02 7.5688168549e+03 6.4520229032e+00
2.12000e+02 7.5747729202e+03 1.4989747235e+01
2.13000e+02 7.5806965136e+03 1.4705487531e+01
2.14000e+02 7.5898275171e+03 3.6280625280e+01
2.15000e+02 7.5961888107e+03 8.1701817154e+00
2.16000e+02 7.5981926337e+03 1.9229091377e+00
2.17000e+02 7.6004498170e+03 6.5168433866e+00
2.18000e+02 7.6073865931e+03 7.3205445815e+00
2.19000e+02 7.6169357962e+03 3.6095369246e+01
2.20000e+02 7.6230394226e+03 6.6578876934e+00
2.21000e+02 7.6335529009e+03 1.5569519101e+01
2.22000e+02 7.6483693226e+03 2.8705814970e+01
2.23000e+02 7.6648913819e+03 6.9728561514e+00
2.24000e+02 7.6809501372e+03 2.6557792863e+01
2.25000e+02 7.6950012082e+03 4.3680110715e+01
2.26000e+02 7.7046478081e+03 2.3795944936e+01
2.27000e+02 7.7100835536e+03 4.7968722375e+01
2.28000e+02 7.7190287207e+03 8.7307897710e+00
2.29000e+02 7.7252807425e+03 7.7990492703e+00
2.30000e+02 7.7318954809e+03 6.8173277056e+00
2.31000e+02 7.7412731160e+03 2.8108869983e+01
2.32000e+02 7.7503154538e+03 1.2333553783e+01
2.33000e+02 7.7594557716e+03 1.2083902836e+01
2.34000e+02 7.7654097325e+03 4.7171869722e+01
2.35000e+02 7.7758338087e+03 3.5398217303e+01
2.36000e+02 7.7905973038e+03 4.0248209082e+01
2.37000e+02 7.8050844301e+03 5.5253575786e+01
2.38000e+02 7.8149059173e+03 3.5537706300e+01
2.39000e+02 7.8204468879e+03 2.1148504423e+01
2.40000e+02 7.8294703142e+03 3.5151777346e+01
2.41000e+02 7.8357936567e+03 8.1637837690e+00
2.42000e+02 7.8424705567e+03 6.8566547864e+00
2.43000e+02 7.8518988319e+03 3.5404582949e+01
2.44000e+02 7.8579369021e+03 2.1211465155e+01
2.45000e+02 7.8684159982e+03 4.7112778918e+01
2.46000e+02 7.8832221232e+03 2.8555153435e+01
2.47000e+02 7.8997497486e+03 7.0993502766e+00
2.48000e+02 7.9127783382e+03 3.6524063172e+01
2.49000e+02 7.9257359563e+03 4.9370518305e+01
2.50000e+02 7.9387882242e+03 1.9811282350e+01
2.51000e+02 7.9569443576e+03 3.6203635665e+01
2.52000e+02 7.9746816610e+03 9.1148914454e+01
2.53000e+02 7.9871973853e+03 1.9349577303e+01
2.54000e+02 8.0000742097e+03 1.9154784202e+01
2.55000e+02 8.0181083841e+03 2.9515601817e+01
2.56000e+02 8.0357580601e+03 2.9398458757e+01
2.57000e+02 8.0533791419e+03 2.8955967723e+01
2.58000e+02 8.0755656726e+03 1.4472656649e+01
2.59000e+02 8.0974939028e+03 1.0998790518e+02
2.60000e+02 8.1147708349e+03 2.8554267928e+01
2.61000e+02 8.1270226400e+03 1.8871710241e+01
2.62000e+02 8.1397132053e+03 5.5276439136e+01
2.63000e+02 8.1575913356e+03 2.8782762124e+01
2.64000e+02 8.1797964554e+03 8.2378326933e+01
2.65000e+02 8.2017071799e+03 3.7730005786e+01
2.66000e+02 8.2189567700e+03 2.8726637321e+01
2.67000e+02 8.2311827886e+03 5.5195376243e+01
2.68000e+02 8.2469002826e+03 1.4610864083e+02
2.69000e+02 8.2627314603e+03 1.4526608440e+02
2.70000e+02 8.2753792575e+03 2.8711211310e+01
2.71000e+02 8.2932514540e+03 2.8691976868e+01
2.72000e+02 8.3154547770e+03 6.2759283701e+01
2.73000e+02 8.3386404988e+03 7.3545441570e+00
2.74000e+02 8.3583337270e+03 3.5708715748e+01
2.75000e+02 8.3839144467e+03 5.0928934761e+01
2.76000e+02 8.4137463825e+03 1.4975802410e+01
2.77000e+02 8.4437518475e+03 2.6198226648e+01
2.78000e+02 8.4732844419e+03 7.2403123094e+01
2.79000e+02 8.5022977547e+03 8.4759939356e+01
2.80000e+02 8.5268745282e+03 8.6868474137e+01
2.81000e+02 8.5457272142e+03 1.2393441092e+02
2.82000e+02 8.5650426649e+03 8.4545756011e+01
2.83000e+02 8.5902959501e+03 4.3233759625e+01
2.84000e+02 8.6198694372e+03 5.2000736472e+01
2.85000e+02 8.6496857472e+03 8.4272055245e+01
2.86000e+02 8.6790625736e+03 8.4032015208e+01
2.87000e+02 8.7079308725e+03 5.1803721711e+01
2.88000e+02 8.7323835916e+03 4.3066471515e+01
2.89000e+02 8.7569917959e+03 4.2378324082e+01
2.90000e+02 8.7815957773e+03 4.2487208098e+01
2.91000e+02 8.8062796391e+03 4.2520378399e+01
2.92000e+02 8.8309237203e+03 4.2517957744e+01
2.93000e+02 8.8497708310e+03 8.3942407931e+01
2.94000e+02 8.8721006061e+03 7.0470513176e+00
2.95000e+02 8.8945597132e+03 3.8041802266e+01
2.96000e+02 8.9138301609e+03 9.3913799007e+01
2.97000e+02 8.9331458086e+03 4.1849412893e+01
2.98000e+02 8.9556672646e+03 3.8195441269e+01
2.99000e+02 8.9769110387e+03 9.6970672830e+01
3.00000e+02 8.9937762487e+03 2.3928355746e+01
3.01000e+02 9.0108497658e+03 5.8769522507e+01
3.02000e+02 9.0279424845e+03 2.7231034680e+01
3.03000e+02 9.0400265359e+03 7.2315963440e+00
3.04000e+02 9.0556128891e+03 4.5586130456e+01
3.05000e+02 9.0692502654e+03 4.3501833254e+01
3.06000e+02 9.0832501880e+03 1.7651038702e+02
3.07000e+02 9.0972245304e+03 2.0967414126e+01
3.08000e+02 9.1066701235e+03 7.6471255378e+00
3.09000e+02 9.1163408319e+03 4.0431443066e+01
3.10000e+02 9.1260290083e+03 4.0633594829e+01
3.11000e+02 9.1314571339e+03 2.8620984277e+01
3.12000e+02 9.1373334290e+03 8.5707612006e+01
3.13000e+02 9.1476571129e+03 1.2976010230e+01
3.14000e+02 9.1623414047e+03 2.1630815963e+01
3.15000e+02 9.1787847798e+03 1.2802705247e+02
3.16000e+02 9.1947987760e+03 7.5805435216e+01
3.17000e+02 9.2088312510e+03 2.1667317752e+01
3.18000e+02 9.2184839069e+03 1.2927513837e+01
3.19000e+02 9.2239435264e+03 7.5761123606e+01
3.20000e+02 9.2329290115e+03 3.6441253498e+00
3.21000e+02 9.2420382399e+03 2.1690970031e+01
3.22000e+02 9.2510482327e+03 1.1021150281e+01
3.23000e+02 9.2574153478e+03 4.0369239519e+00
3.24000e+02 9.2594806128e+03 9.1083981793e+00
3.25000e+02 9.2618338710e+03 1.4043450368e+01
3.26000e+02 9.2642160568e+03 3.1692087122e-01
3.27000e+02 9.2667668835e+03 5.1417247737e-01
3.28000e+02 9.2739618654e+03 2.5152983130e+01
3.29000e+02 9.2837299604e+03 1.1668995754e+01
3.30000e+02 9.2900495510e+03 3.0102118874e+01
3.31000e+02 9.3008019997e+03 2.0285122436e+01
3.32000e+02 9.3111785190e+03 2.6106446935e+01
3.33000e+02 9.3170970208e+03 1.5109492618e+01
3.34000e+02 9.3233887325e+03 1.8084234554e+01
3.35000e+02 9.3296263086e+03 8.4219956519e+00
3.36000e+02 9.3390587341e+03 1.2079759465e+01
3.37000e+02 9.3457469823e+03 3.5817367292e+01
3.38000e+02 9.3527476534e+03 2.0557709508e+01
3.39000e+02 9.3597057109e+03 6.8101210456e+00
3.40000e+02 9.3621004932e+03 2.5858937205e+00
3.41000e+02 9.3610167129e+03 3.3565979307e+00
3.42000e+02 9.3634511465e+03 8.9000124819e+00
3.43000e+02 9.3624840606e+03 7.9251433252e+00
3.44000e+02 9.3572283753e+03 1.1003708838e+01
3.45000e+02 9.3522905586e+03 4.8468863916e+00
3.46000e+02 9.3520574400e+03 8.3476969710e+00
3.47000e+02 9.3551752248e+03 1.4308481943e+01
3.48000e+02 9.3579080496e+03 1.3054396804e+00
3.49000e+02 9.3572141084e+03 8.0662046185e+00
3.50000e+02 9.3521814594e+03 3.0224737267e+00
3.51000e+02 9.3444504600e+03 9.3975909608e-01
3.52000e+02 9.3402527689e+03 6.9305159141e+00
3.53000e+02 9.3319210498e+03 7.6377779521e+00
3.54000e+02 9.3193195156e+03 7.5688851911e+00
3.55000e+02 9.3048203253e+03 1.3691776300e+01
3.56000e+02 9.2908287301e+03 1.5441267428e+01
3.57000e+02 9.2791091137e+03 1.5121148962e+01
3.58000e+02 9.2718046086e+03 7.5799925998e-01
3.59000e+02 9.2684910089e+03 1.4659104163e+01
3.60000e+02 9.2617038428e+03 7.9015986695e+00
3.61000e+02 9.2578784277e+03 7.1369601108e+00
3.62000e+02 9.2536909914e+03 4.3789320471e-01
3.63000e+02 9.2465083528e+03 7.3165516496e+00
3.64000e+02 9.2427403196e+03 1.4214787173e+01
3.65000e+02 9.2348024496e+03 3.6339210448e-01
3.66000e+02 9.2225387741e+03 8.0762392233e+00
3.67000e+02 9.2083070716e+03 2.1249636183e+01
3.68000e+02 9.1976070907e+03 6.9319476573e+00
3.69000e+02 9.1820455166e+03 7.6237041207e+00
3.70000e+02 9.1668952251e+03 2.2490231425e+01
3.71000e+02 9.1567143839e+03 2.7992829647e+01
3.72000e+02 9.1431511967e+03 3.5380209056e-01
3.73000e+02 9.1318526655e+03 2.9940857369e+01
3.74000e+02 9.1202437773e+03 2.0826862111e+01
3.75000e+02 9.1087225555e+03 2.2269054203e-01
3.76000e+02 9.1017670154e+03 7.1415785270e+00
3.77000e+02 9.0946358795e+03 2.1171739966e+01
3.78000e+02 9.0828414482e+03 1.8554307316e-01
3.79000e+02 9.0712375635e+03 7.2170998190e+00
3.80000e+02 9.0595736946e+03 1.3056230152e-01
3.81000e+02 9.0480524832e+03 8.2673270780e-02
3.82000e+02 9.0411163977e+03 1.2609052349e+01
3.83000e+02 9.0381324834e+03 7.1969270128e+00
3.84000e+02 9.0316623461e+03 1.4388599634e+01
3.85000e+02 9.0250804355e+03 7.2477612824e-01
3.86000e+02 9.0216752445e+03 1.3480316846e+01
3.87000e+02 9.0182395057e+03 1.3918661061e+01
3.88000e+02 9.0146408447e+03 1.4098212378e+01
3.89000e+02 9.0111154130e+03 7.4657055760e+00
3.90000e+02 9.0044101285e+03 4.8890416487e-01
3.91000e+02 9.0007615405e+03 4.7238199080e+00
3.92000e+02 9.0014608845e+03 8.8663177407e-01
3.93000e+02 9.0053015042e+03 7.8544666803e+00
3.94000e+02 9.0056242664e+03 7.0280467247e+00
3.95000e+02 9.0096599130e+03 6.7984894061e+00
3.96000e+02 9.0132895587e+03 1.6017566018e+01
3.97000e+02 9.0131114135e+03 6.9296497667e+00
3.98000e+02 9.0163263218e+03 7.2019415558e+00
3.99000e+02 9.0161294531e+03 8.4847258597e+00
4.00000e+02 9.0162521929e+03 7.8996368827e+00
4.01000e+02 9.0163415826e+03 2.8625845670e-01
4.02000e+02 9.0118519470e+03 1.5042001473e+01
4.03000e+02 9.0045611554e+03 7.1126464232e+00
4.04000e+02 8.9977254010e+03 2.1186770541e+01
4.05000e+02 8.9939155212e+03 4.6210943544e-02
4.06000e+02 8.9944742750e+03 7.2198618636e-01
4.07000e+02 8.9982071035e+03 1.0956838234e-01
4.08000e+02 8.9984417332e+03 7.0703841748e+00
4.09000e+02 8.9985765230e+03 4.0278555247e-01
4.10000e+02 9.0018767024e+03 6.6520630878e+00
4.11000e+02 9.0017219928e+03 6.6637449696e+00
4.12000e+02 9.0018686348e+03 7.0691929431e+00
4.13000e+02 9.0019730386e+03 6.8030103412e+00
4.14000e+02 8.9974937318e+03 6.6928221719e+00
4.15000e+02 8.9902101729e+03 7.7293770377e-01
4.16000e+02 8.9864281830e+03 1.3758420048e+01
4.17000e+02 8.9785344374e+03 7.9981493596e+00
4.18000e+02 8.9710263755e+03 7.6738735312e+00
4.19000e+02 8.9677037410e+03 1.4134937118e+01
4.20000e+02 8.9640444285e+03 1.3998124802e+01
4.21000e+02 8.9562689929e+03 7.5478896926e+00
4.22000e+02 8.9441804820e+03 8.3676517586e+00
4.23000e+02 8.9301131733e+03 2.0508634933e+01
4.24000e+02 8.9165305181e+03 1.4173349950e+01
4.25000e+02 8.9052431113e+03 2.1484586276e+01
4.26000e+02 8.8983530512e+03 1.3502800361e+01
4.27000e+02 8.8912820424e+03 8.2199770423e+00
4.28000e+02 8.8795543369e+03 2.0141038022e+01
4.29000e+02 8.8657183202e+03 1.3772611213e+01
4.30000e+02 8.8523106351e+03 2.1288131553e+01
4.31000e+02 8.8388407454e+03 3.6612706992e-01
4.32000e+02 8.8286206069e+03 6.5608259374e+00
4.33000e+02 8.8184047571e+03 2.7451383578e+01
4.34000e+02 8.8050170102e+03 1.9938168579e-02
4.35000e+02 8.7939546047e+03 1.3264296165e+01
4.36000e+02 8.7872658937e+03 1.6197136590e+01
4.37000e+02 8.7844727810e+03 7.4227370672e+00
4.38000e+02 8.7781745806e+03 5.3422726896e+00
4.39000e+02 8.7748628479e+03 7.8053306430e+00
4.40000e+02 8.7758423443e+03 7.6682074344e+00
4.41000e+02 8.7799032276e+03 6.8539959914e+00
4.42000e+02 8.7804250705e+03 6.8200433161e+00
4.43000e+02 8.7846635526e+03 1.4585817874e+01
4.44000e+02 8.7931597796e+03 1.0753740366e+01
4.45000e+02 8.8039631766e+03 6.7425137827e+00
4.46000e+02 8.8112153880e+03 1.2684862609e+01
4.47000e+02 8.8183429530e+03 1.4043189544e+01
4.48000e+02 8.8285921560e+03 1.4043636841e+01
4.49000e+02 8.8361223680e+03 1.2258913555e+01
4.50000e+02 8.8392384977e+03 1.5479903879e+01
4.51000e+02 8.8387912760e+03 6.4548065589e+00
4.52000e+02 8.8418453415e+03 4.9212639270e+00
4.53000e+02 8.8449875474e+03 1.4520594283e+00
4.54000e+02 8.8449607551e+03 7.2440002112e+00
4.55000e+02 8.8449386489e+03 4.4912272018e+00
4.56000e+02 8.8481471958e+03 1.5448142735e-01
4.57000e+02 8.8479332574e+03 7.7441504596e+00
4.58000e+02 8.8433702554e+03 5.7175158754e+00
4.59000e+02 8.8360562542e+03 7.1375681312e+00
4.60000e+02 8.8322716901e+03 7.8163771227e+00
4.61000e+02 8.8285803087e+03 9.4095446247e+00
4.62000e+02 8.8217527880e+03 1.8417894906e+01
4.63000e+02 8.8180084469e+03 2.7601634526e+00
4.64000e+02 8.8139654689e+03 6.6104065316e+00
4.65000e+02 8.8099995530e+03 2.2157474611e-01
4.66000e+02 8.8059378339e+03 1.8741105676e-02
4.67000e+02 8.7989282935e+03 7.5040998989e+00
4.68000e+02 8.7953626441e+03 6.6942254872e+00
4.69000e+02 8.7918420474e+03 1.1595023086e+01
4.70000e+02 8.7851521389e+03 2.3217505776e-01
4.71000e+02 8.7815341703e+03 3.4794726770e-01
4.72000e+02 8.7775990425e+03 1.0440332312e-01
4.73000e+02 8.7737261733e+03 2.5490057164e-01
4.74000e+02 8.7744204862e+03 6.5286755746e+00
4.75000e+02 8.7782926968e+03 7.3928073569e+00
4.76000e+02 8.7786707058e+03 7.1608711615e+00
4.77000e+02 8.7789475698e+03 8.8697135516e-01
4.78000e+02 8.7823896514e+03 7.0077310038e+00
4.79000e+02 8.7858125524e+03 6.5514136252e+00
4.80000e+02 8.7860026314e+03 1.8793006948e-01
4.81000e+02 8.7899863995e+03 1.3344903645e+00
4.82000e+02 8.7982889112e+03 7.6081988323e+00
4.83000e+02 8.8089544468e+03 7.2426346380e+00
4.84000e+02 8.8191471267e+03 1.3845844103e+01
4.85000e+02 8.8266685808e+03 8.8138362002e+00
4.86000e+02 8.8297862866e+03 8.1313437636e+00
4.87000e+02 8.8331119788e+03 6.9425148068e+00
4.88000e+02 8.8364086488e+03 7.1145365176e+00
4.89000e+02 8.8398223781e+03 8.8037102810e-02
4.90000e+02 8.8431661728e+03 1.3507371322e-01
4.91000e+02 8.8466067554e+03 2.6853305181e-02
4.92000e+02 8.8546406529e+03 8.5364081521e+00
4.93000e+02 8.8651277284e+03 1.3653538182e+01
4.94000e+02 8.8751824091e+03 1.3501885320e+01
4.95000e+02 8.8825806228e+03 8.4046313673e+00
4.96000e+02 8.8855953709e+03 3.0222008215e-01
4.97000e+02 8.8850746744e+03 3.3235446271e+01
4.98000e+02 8.8850155044e+03 2.6619284054e+01
4.99000e+02 8.8887379039e+03 8.8096885606e+00
5.00000e+02 8.8968168919e+03 1.1975198562e+01
5.01000e+02 8.9073097267e+03 1.3494142670e+01
5.02000e+02 8.9143074202e+03 7.0568635163e+00
5.03000e+02 8.9212203905e+03 7.4336667633e+00
5.04000e+02 8.9312884063e+03 1.3493983699e+01
5.05000e+02 8.9386477752e+03 1.1924378554e+01
5.06000e+02 8.9462922418e+03 1.3046127095e+01
5.07000e+02 8.9565505239e+03 1.3245937073e+01
5.08000e+02 8.9664397085e+03 1.3053859840e+01
5.09000e+02 8.9736935048e+03 1.2927508374e+01
5.10000e+02 8.9765890750e+03 2.5792084591e+01
5.11000e+02 8.9797269730e+03 2.4411802831e+01
5.12000e+02 8.9828607249e+03 7.5151891936e+00
5.13000e+02 8.9823719382e+03 1.9119538728e+01
5.14000e+02 8.9853599036e+03 6.9012192070e+00
5.15000e+02 8.9849780640e+03 7.6356359108e+00
5.16000e+02 8.9802858709e+03 3.9974666829e+00
5.17000e+02 8.9728785648e+03 1.3812837394e+01
5.18000e+02 8.9690167031e+03 6.8498269890e+00
5.19000e+02 8.9610667532e+03 4.3838228561e+00
5.20000e+02 8.9488514698e+03 1.9346502091e+01
5.21000e+02 8.9369835372e+03 1.5005830595e+01
5.22000e+02 8.9251494703e+03 1.5943962826e+00
5.23000e+02 8.9135251705e+03 2.4363284371e-01
5.24000e+02 8.9018644623e+03 1.7335863149e-01
5.25000e+02 8.8880592560e+03 1.3240877326e+01
5.26000e+02 8.8746738330e+03 2.0427311491e+01
5.27000e+02 8.8635676904e+03 5.1815716525e-01
5.28000e+02 8.8521639173e+03 1.1997248614e+01
5.29000e+02 8.8408591881e+03 1.9858649077e-01
5.30000e+02 8.8341279187e+03 1.1430449595e+00
5.31000e+02 8.8313254013e+03 1.3757288683e+01
5.32000e+02 8.8250374463e+03 7.4167191014e+00
5.33000e+02 8.8217485928e+03 6.8739737168e+00
5.34000e+02 8.8227593786e+03 6.0014761035e+00
5.35000e+02 8.8268546292e+03 6.8977679386e+00
5.36000e+02 8.8274185571e+03 1.3718982582e+01
5.37000e+02 8.8317099854e+03 1.5848072283e+00
5.38000e+02 8.8355868695e+03 2.3532591454e+01
5.39000e+02 8.8356261588e+03 1.3844495598e+01
5.40000e+02 8.8360044937e+03 6.0028935798e+00
5.41000e+02 8.8362882110e+03 2.4442797644e-01
5.42000e+02 8.8366999342e+03 2.7757181736e-01
5.43000e+02 8.8369866169e+03 2.9653834972e-03
5.44000e+02 8.8373917022e+03 3.6754562325e-03
5.45000e+02 8.8415076198e+03 9.2318842757e-01
5.46000e+02 8.8452334198e+03 4.7013260216e+00
5.47000e+02 8.8489591851e+03 4.3064724287e+00
5.48000e+02 8.8572312464e+03 1.4152145646e+01
5.49000e+02 8.8679044832e+03 6.5779863146e+00
5.50000e+02 8.8781227029e+03 1.3798828418e+01
5.51000e+02 8.8856832387e+03 1.9326815304e+01
5.52000e+02 8.8888458423e+03 1.9117531675e-01
5.53000e+02 8.8884480543e+03 1.3100558952e+01
5.54000e+02 8.8915563826e+03 4.9487751975e+00
5.55000e+02 8.8913160637e+03 7.8008547822e+00
5.56000e+02 8.8867655054e+03 5.0022754000e+00
5.57000e+02 8.8825103658e+03 3.6176466142e-01
5.58000e+02 8.8829431038e+03 1.2679149815e+00
5.59000e+02 8.8832546161e+03 7.1481585056e-01
5.60000e+02 8.8789540004e+03 2.4994267103e-01
5.61000e+02 8.8718214506e+03 1.1678588231e+01
5.62000e+02 8.8681862952e+03 8.9045998629e+00
5.63000e+02 8.8604558236e+03 8.0419839470e+00
5.64000e+02 8.8484378377e+03 1.9384279881e+01
5.65000e+02 8.8344513175e+03 1.5749665724e+01
5.66000e+02 8.8240144359e+03 6.8017261578e+00
5.67000e+02 8.8136733181e+03 2.7398437803e+01
5.68000e+02 8.8032707663e+03 1.4345650971e+01
5.69000e+02 8.7880870565e+03 7.4532380939e+00
5.70000e+02 8.7733223116e+03 3.7023248489e+01
5.71000e+02 8.7586287219e+03 2.0894816414e+01
5.72000e+02 8.7393908806e+03 7.9069800892e+00
5.73000e+02 8.7188616768e+03 1.2872274558e+01
5.74000e+02 8.7018532959e+03 1.9596887745e+01
5.75000e+02 8.6792821678e+03 1.5776611434e+01
5.76000e+02 8.6524612405e+03 7.5830861377e+00
5.77000e+02 8.6251771074e+03 6.7549292414e+00
5.78000e+02 8.6014472967e+03 6.7214297543e+00
5.79000e+02 8.5714291925e+03 1.5022479207e+01
5.80000e+02 8.5371903499e+03 7.4179152640e+00
5.81000e+02 8.5032468089e+03 6.6594079254e+00
5.82000e+02 8.4698127497e+03 3.3105720558e+01
5.83000e+02 8.4364921208e+03 6.7318361512e+01
5.84000e+02 8.4076175341e+03 1.9655115548e+01
5.85000e+02 8.3849138964e+03 4.5435134719e+01
5.86000e+02 8.3617811481e+03 4.4792637265e+01
5.87000e+02 8.3323098932e+03 6.8636480050e+00
5.88000e+02 8.2985280874e+03 4.0850079551e+01
5.89000e+02 8.2651053006e+03 1.9737618385e+01
5.90000e+02 8.2316615709e+03 3.3807599374e-01
5.91000e+02 8.1982612075e+03 3.2529437224e+01
5.92000e+02 8.1652656093e+03 7.3365563139e+01
5.93000e+02 8.1323568693e+03 5.1404667242e-01
5.94000e+02 8.1038420282e+03 4.5029953908e+01
5.95000e+02 8.0814270725e+03 5.2475185728e+01
5.96000e+02 8.0555005473e+03 7.0690729442e+00
5.97000e+02 8.0303730744e+03 2.0338548578e+01
5.98000e+02 8.0095689614e+03 1.4670383923e-01
5.99000e+02 7.9940447066e+03 6.8907009428e+00
6.00000e+02 7.9749742008e+03 6.8560194568e+00
6.01000e+02 7.9574354171e+03 7.5886891569e+00
6.02000e+02 7.9441840237e+03 7.5527196465e+00
6.03000e+02 7.9354317475e+03 6.7719786021e+00
6.04000e+02 7.9261747596e+03 6.3117363101e+00
6.05000e+02 7.9120530119e+03 2.5121984356e+01
6.06000e+02 7.8935378629e+03 1.7568327046e+01
6.07000e+02 7.8736316465e+03 3.2964296230e+01
6.08000e+02 7.8541547599e+03 2.5794857466e+01
6.09000e+02 7.8362687352e+03 9.5206250831e+00
6.10000e+02 7.8180759322e+03 3.2608985898e+01
6.11000e+02 7.7983181757e+03 1.4845990297e-01
6.12000e+02 7.7819777408e+03 3.2180309364e+01
6.13000e+02 7.7656372760e+03 3.3430893054e+01
6.14000e+02 7.7491796802e+03 1.1716093798e-01
6.15000e+02 7.7272180986e+03 1.7013217982e+01
6.16000e+02 7.7009706291e+03 7.9063550612e+00
6.17000e+02 7.6750763266e+03 8.0082778212e+00
6.18000e+02 7.6538439401e+03 5.0074060284e+01
6.19000e+02 7.6325305040e+03 4.8204054774e+01
6.20000e+02 7.6065751898e+03 2.9215527753e-01
6.21000e+02 7.5799465695e+03 3.9136036529e+01
6.22000e+02 7.5537422107e+03 2.4238846211e+01
6.23000e+02 7.5283868966e+03 4.8021348718e+01
6.24000e+02 7.5074171306e+03 2.2251444023e+01
6.25000e+02 7.4862876382e+03 4.7580686950e-01
6.26000e+02 7.4651440817e+03 1.7379052753e-01
6.27000e+02 7.4494269543e+03 5.0629361857e-01
6.28000e+02 7.4332830656e+03 3.8690774962e+01
6.29000e+02 7.4115704554e+03 5.8311774561e-01
6.30000e+02 7.3855197920e+03 3.9192249736e+01
6.31000e+02 7.3588672815e+03 3.0664974483e+01
6.32000e+02 7.3357164275e+03 7.0069652292e+00
6.33000e+02 7.3062938746e+03 3.1576401275e+01
6.34000e+02 7.2726112898e+03 2.6625178307e+01
6.35000e+02 7.2391387453e+03 6.8200340621e+00
6.36000e+02 7.2061489925e+03 5.4758721341e+01
6.37000e+02 7.1730840138e+03 1.4603392429e+01
6.38000e+02 7.1433183796e+03 6.6147801236e+00
6.39000e+02 7.1065071868e+03 7.3886398572e+00
6.40000e+02 7.0654343227e+03 7.3902793562e+00
6.41000e+02 7.0253161572e+03 1.3661352148e+01
6.42000e+02 6.9856803941e+03 6.6460103237e+00
6.43000e+02 6.9459575898e+03 3.9536129186e-01
6.44000e+02 6.9064936524e+03 1.7182572745e-01
6.45000e+02 6.8663924806e+03 3.8612316176e+01
6.46000e+02 6.8260313147e+03 3.7862005635e+01
6.47000e+02 6.7863544978e+03 4.5987360139e-02
6.48000e+02 6.7470508608e+03 3.8413403425e+01
6.49000e+02 6.7075964965e+03 2.2245257377e-01
6.50000e+02 6.6683569843e+03 6.4124716563e-02
6.51000e+02 6.6284695222e+03 2.1370976439e-01
6.52000e+02 6.5882959263e+03 4.0106605670e-01
6.53000e+02 6.5487698459e+03 7.1716136622e-02
6.54000e+02 6.5096009738e+03 2.8413628051e-01
6.55000e+02 6.4697928990e+03 7.9387230548e-02
6.56000e+02 6.4343651365e+03 1.3778418590e+01
6.57000e+02 6.3988028683e+03 1.2515715545e+01
6.58000e+02 6.3585318507e+03 1.8113930776e-02
6.59000e+02 6.3185019091e+03 1.3986506891e+01
6.60000e+02 6.2783722841e+03 7.6769607482e+00
6.61000e+02 6.2384336961e+03 9.1353692525e-02
6.62000e+02 6.1983690235e+03 6.4952398260e-02
6.63000e+02 6.1589527289e+03 1.0978578677e-01
6.64000e+02 6.1229410128e+03 6.2460818984e+00
6.65000e+02 6.0868808299e+03 7.8843099174e+01
6.66000e+02 6.0476794696e+03 7.6618578157e+00
6.67000e+02 6.0079320238e+03 1.9114209103e-01
6.68000e+02 5.9725914973e+03 7.7596817004e+01
6.69000e+02 5.9440302328e+03 7.4989184210e+00
6.70000e+02 5.9119434575e+03 7.1145850298e+00
6.71000e+02 5.8799535940e+03 6.9761637892e+01
6.72000e+02 5.8476076753e+03 7.8284299065e+00
6.73000e+02 5.8150792262e+03 6.4800970833e-01
6.74000e+02 5.7828765818e+03 5.3149256989e-01
6.75000e+02 5.7507812186e+03 4.6849500891e+00
6.76000e+02 5.7183567298e+03 5.6879162693e-01
6.77000e+02 5.6857746986e+03 5.3582041625e-02
6.78000e+02 5.6565804535e+03 6.4455365602e+01
6.79000e+02 5.6273386298e+03 6.5071469493e+01
6.80000e+02 5.5949309495e+03 2.5856434714e-01
6.81000e+02 5.5624456274e+03 6.4294201133e+01
6.82000e+02 5.5332187195e+03 6.4438792975e+00
6.83000e+02 5.4969631340e+03 7.2853864900e+01
6.84000e+02 5.4610837161e+03 5.9134073041e+01
6.85000e+02 5.4322208906e+03 6.0584370907e+00
6.86000e+02 5.4029826876e+03 6.4658855293e+01
6.87000e+02 5.3667468524e+03 1.9750296191e-02
6.88000e+02 5.3262126088e+03 7.2393190248e+01
6.89000e+02 5.2860576246e+03 7.1925009768e+01
6.90000e+02 5.2458736758e+03 3.5029483995e-01
6.91000e+02 5.2064006761e+03 1.4210628496e+01
6.92000e+02 5.1673183690e+03 8.5100951662e+01
6.93000e+02 5.1280937020e+03 6.3560348296e+01
6.94000e+02 5.0921386452e+03 6.7168537781e+00
6.95000e+02 5.0484222828e+03 7.1914138760e+01
6.96000e+02 5.0051121363e+03 1.3483107274e+01
6.97000e+02 4.9695805407e+03 7.7973103494e+01
6.98000e+02 4.9306306442e+03 6.3364377312e+01
6.99000e+02 4.8910865142e+03 6.9263867436e+00
7.00000e+02 4.8559233725e+03 6.9748125593e+01
7.01000e+02 4.8206211017e+03 8.7685072023e-01
7.02000e+02 4.7806061155e+03 7.7524243280e+01
7.03000e+02 4.7412883430e+03 6.8032423360e+00
7.04000e+02 4.7054028465e+03 7.7825570163e+01
7.05000e+02 4.6617816046e+03 8.3929731821e+01
7.06000e+02 4.6138870761e+03 1.4675981427e+01
7.07000e+02 4.5664066636e+03 8.3547043073e+01
7.08000e+02 4.5189001381e+03 3.8800309328e-01
7.09000e+02 4.4716532160e+03 2.3349026939e-01
7.10000e+02 4.4289794419e+03 7.5106323183e+00
7.11000e+02 4.3862304611e+03 6.6308606509e+00
7.12000e+02 4.3434660453e+03 9.0641764498e-02
7.13000e+02 4.3006770579e+03 1.3055769396e-01
7.14000e+02 4.2532229463e+03 5.2413909619e-02
7.15000e+02 4.2072392421e+03 8.4413676433e+01
7.16000e+02 4.1616518557e+03 9.7763191662e+01
7.17000e+02 4.1147332447e+03 7.2653616983e+00
7.18000e+02 4.0722158505e+03 2.4702157036e-01
7.19000e+02 4.0295946536e+03 4.1456507457e-01
7.20000e+02 3.9869429283e+03 1.3433110586e-01
7.21000e+02 3.9518648906e+03 7.7294186704e+01
7.22000e+02 3.9163398643e+03 7.6856422275e+01
7.23000e+02 3.8730702030e+03 7.8266124845e-01
7.24000e+02 3.8301592933e+03 7.7476076892e+01
7.25000e+02 3.7873290599e+03 8.1367641316e+00
7.26000e+02 3.7398771823e+03 8.4327028828e+01
7.27000e+02 3.6927334454e+03 7.7511148865e+01
7.28000e+02 3.6501781010e+03 3.5556524576e-01
7.29000e+02 3.6151544606e+03 7.6725168517e+01
7.30000e+02 3.5796711513e+03 2.3023045521e+01
7.31000e+02 3.5441071311e+03 2.1476543658e+01
7.32000e+02 3.5053621613e+03 6.8424164616e+00
7.33000e+02 3.4660870454e+03 8.2238307182e+00
7.34000e+02 3.4265215648e+03 7.8863969669e+00
7.35000e+02 3.3875293566e+03 8.3888659494e+01
7.36000e+02 3.3488776371e+03 7.6923920637e+01
7.37000e+02 3.3096252139e+03 2.2692543435e-02
7.38000e+02 3.2747351767e+03 1.5399455181e+01
7.39000e+02 3.2465553195e+03 5.3203043161e+00
7.40000e+02 3.2148323945e+03 6.9514642702e+00
7.41000e+02 3.1829043629e+03 1.8352561473e+00
7.42000e+02 3.1541582345e+03 6.7371808824e+00
7.43000e+02 3.1253186990e+03 6.0707654553e+00
7.44000e+02 3.0963369128e+03 2.3565776745e-01
7.45000e+02 3.0604252319e+03 6.9445638836e+01
7.46000e+02 3.0249002315e+03 6.4294032508e+01
7.47000e+02 2.9963529666e+03 5.6848393506e-02
7.48000e+02 2.9674225511e+03 6.3550907043e+01
7.49000e+02 2.9384678878e+03 6.3894754454e+01
7.50000e+02 2.9093993713e+03 5.9120164450e+00
7.51000e+02 2.8734110084e+03 7.6681958519e-02
7.52000e+02 2.8331447310e+03 7.7695297940e+01
7.53000e+02 2.7937297655e+03 6.8489985109e+01
7.54000e+02 2.7547732831e+03 7.2335573256e+00
7.55000e+02 2.7157092113e+03 1.5444940402e+00
7.56000e+02 2.6799343442e+03 6.7829559289e+00
7.57000e+02 2.6364316024e+03 7.9231180862e+01
7.58000e+02 2.5933423861e+03 7.1338284128e+01
7.59000e+02 2.5503789727e+03 5.3614722679e+00
7.60000e+02 2.5028264647e+03 7.2862305375e+00
7.61000e+02 2.4567980709e+03 1.2295258039e+01
7.62000e+02 2.4111973369e+03 6.6442515808e+00
7.63000e+02 2.3642914765e+03 1.0044697632e+02
7.64000e+02 2.3171359051e+03 9.0494161375e+01
7.65000e+02 2.2701863489e+03 5.8130896671e+01
7.66000e+02 2.2277788183e+03 6.8168574164e-01
7.67000e+02 2.1928666709e+03 1.8639761469e+01
7.68000e+02 2.1544309273e+03 8.3726107660e+01
7.69000e+02 2.1153841978e+03 8.5838307535e+00
7.70000e+02 2.0806703356e+03 1.0927453291e+01
7.71000e+02 2.0526292845e+03 6.8710962713e+00
7.72000e+02 2.0210306479e+03 6.8371069892e+00
7.73000e+02 1.9892164118e+03 1.2768920734e+01
7.74000e+02 1.9605758912e+03 6.2602888973e+01
7.75000e+02 1.9318365935e+03 6.3238532673e+01
7.76000e+02 1.8998963177e+03 1.2414512604e+01
7.77000e+02 1.8681765300e+03 3.5895839932e+00
7.78000e+02 1.8408164245e+03 5.5284312915e-01
7.79000e+02 1.8132798127e+03 6.0727155662e+01
7.80000e+02 1.7810246813e+03 2.7656591794e+01
7.81000e+02 1.7489719298e+03 5.2150267653e+00
7.82000e+02 1.7214741720e+03 4.8542121377e+01
7.83000e+02 1.6999714494e+03 7.2365750273e+00
7.84000e+02 1.6749447591e+03 6.9135855057e+00
7.85000e+02 1.6507952455e+03 7.9032379025e+00
7.86000e+02 1.6309451745e+03 1.4877025185e+01
7.87000e+02 1.6162597865e+03 6.8173346386e+00
7.88000e+02 1.5980086981e+03 6.7756019404e+00
7.89000e+02 1.5813597879e+03 7.5006034205e+00
7.90000e+02 1.5689781032e+03 1.4278903648e+01
7.91000e+02 1.5609936349e+03 1.3314320102e+01
7.92000e+02 1.5494347192e+03 6.6921726854e+00
7.93000e+02 1.5402119936e+03 7.4261846348e+00
7.94000e+02 1.5352380783e+03 2.0708775095e+01
7.95000e+02 1.5299597150e+03 2.8358529397e+01
7.96000e+02 1.5199341546e+03 2.2229570989e+01
7.97000e+02 1.5075626351e+03 2.9798688587e+01
7.98000e+02 1.4986118782e+03 1.6144668817e+01
7.99000e+02 1.4849016828e+03 1.3775509323e+01
8.00000e+02 1.4668523047e+03 3.7792707621e+01
8.01000e+02 1.4473982141e+03 7.0825710553e+00
8.02000e+02 1.4283977551e+03 4.4285921668e+01
8.03000e+02 1.4110589266e+03 1.2895123894e+01
8.04000e+02 1.3934233961e+03 6.6616408256e+00
8.05000e+02 1.3741739988e+03 2.9222711812e+01
8.06000e+02 1.3583468335e+03 4.3873247048e+00
8.07000e+02 1.3370109435e+03 3.4612056948e+01
8.08000e+02 1.3113668308e+03 3.1324521370e+01
8.09000e+02 1.2860628034e+03 7.9651988059e+00
8.10000e+02 1.2607427377e+03 5.5535030093e+00
8.11000e+02 1.2346506402e+03 1.1225637538e+01
8.12000e+02 1.2089662635e+03 3.7957090484e+01
8.13000e+02 1.1841790471e+03 5.1681095448e-01
8.14000e+02 1.1637727298e+03 1.5432401906e+01
8.15000e+02 1.1486436307e+03 3.4269492761e+01
8.16000e+02 1.1299966645e+03 7.5537047250e+00
8.17000e+02 1.1111960264e+03 7.2914593568e+00
8.18000e+02 1.0925252294e+03 2.3830852409e-02
8.19000e+02 1.0754348518e+03 7.7201307390e+00
8.20000e+02 1.0626547175e+03 2.4462178159e+01
8.21000e+02 1.0496417341e+03 3.1531778811e+01
8.22000e+02 1.0319130782e+03 3.6611658045e+00
8.23000e+02 1.0126381845e+03 4.7425555391e-01
8.24000e+02 9.9680634581e+02 3.6728980443e+01
8.25000e+02 9.7547262492e+02 8.3207375519e+00
8.26000e+02 9.4983165574e+02 8.3860945427e+00
8.27000e+02 9.2452952323e+02 3.2649470863e+01
8.28000e+02 9.0388037227e+02 1.0015878807e+01
8.29000e+02 8.8314194464e+02 9.4105696714e+00
8.30000e+02 8.5775670019e+02 2.5572473279e-01
8.31000e+02 8.3260944578e+02 9.8509848275e+00
8.32000e+02 8.1206818277e+02 1.0788795334e-01
8.33000e+02 7.9140953724e+02 1.8756216791e-01
8.34000e+02 7.7075507309e+02 1.1320114404e-01
8.35000e+02 7.5548534716e+02 3.6832878271e+01
8.36000e+02 7.3674290126e+02 2.9122847115e+00
8.37000e+02 7.1961684165e+02 8.0158869199e+00
8.38000e+02 7.0680856048e+02 2.8949862410e+01
8.39000e+02 6.9847558317e+02 6.9367486226e+00
8.40000e+02 6.8660118801e+02 6.8680507416e+00
8.41000e+02 6.7705696426e+02 1.2817207532e+00
8.42000e+02 6.7178552956e+02 1.4466658334e+01
8.43000e+02 6.6623194173e+02 6.1284131361e+00
8.44000e+02 6.5594931226e+02 1.5102614987e+01
8.45000e+02 6.4580109163e+02 1.4483515490e+01
8.46000e+02 6.4022368146e+02 3.0597547419e-01
8.47000e+02 6.3844277775e+02 6.5520736060e+00
8.48000e+02 6.3315034652e+02 6.5819639281e+00
8.49000e+02 6.2772970667e+02 1.6446636656e+01
8.50000e+02 6.2241332060e+02 1.6454144852e+01
8.51000e+02 6.2014603719e+02 7.8809372097e+00
8.52000e+02 6.2215410601e+02 1.4131000527e+01
8.53000e+02 6.2712985070e+02 6.7566484033e+00
8.54000e+02 6.2855616092e+02 6.7426962838e+00
8.55000e+02 6.3378944341e+02 7.5005659114e+00
8.56000e+02 6.4326752887e+02 1.4219908388e+01
8.57000e+02 6.5494388411e+02 6.7006105461e+00
8.58000e+02 6.6306291614e+02 1.2355767405e+01
8.59000e+02 6.7572318538e+02 1.4751198631e+01
8.60000e+02 6.9261027501e+02 1.4102914112e+01
8.61000e+02 7.1094144867e+02 1.5687853926e+01
8.62000e+02 7.2876255001e+02 3.9448195852e+01
8.63000e+02 7.4658056880e+02 2.9862557272e+01
8.64000e+02 7.6110234539e+02 2.1139191998e+01
8.65000e+02 7.8096009253e+02 2.1286289091e+01
8.66000e+02 8.0507167016e+02 5.2729348789e+01
8.67000e+02 8.2991905105e+02 7.0293621056e+00
8.68000e+02 8.5122210678e+02 2.8046281940e+01
8.69000e+02 8.7854276721e+02 6.0139532737e+01
8.70000e+02 9.0539296097e+02 1.2244652224e+02
8.71000e+02 9.2607105191e+02 7.7876693770e+01
8.72000e+02 9.5013633145e+02 4.3099205651e+01
8.73000e+02 9.7309478507e+02 1.6592362954e+02
8.74000e+02 9.9164432916e+02 8.3006496673e+00
8.75000e+02 1.0103618825e+03 3.1338977106e+01
8.76000e+02 1.0290638406e+03 3.1460052081e+01
8.77000e+02 1.0425686578e+03 1.7122256385e+01
8.78000e+02 1.0595494651e+03 7.5265649030e+01
8.79000e+02 1.0766357848e+03 1.1048542855e+02
8.80000e+02 1.0905282481e+03 8.3976438956e+01
8.81000e+02 1.1097723596e+03 3.1955150193e+01
8.82000e+02 1.1286560986e+03 3.2104975937e+01
8.83000e+02 1.1475214123e+03 3.1694073142e+01
8.84000e+02 1.1662865194e+03 3.1543747242e+01
8.85000e+02 1.1850856052e+03 3.1445975631e+01
8.86000e+02 1.2084788158e+03 1.1667890880e+02
8.87000e+02 1.2327790939e+03 7.2139584868e+00
8.88000e+02 1.2536047535e+03 1.0193330001e+02
8.89000e+02 1.2743843382e+03 1.6870306660e+02
8.90000e+02 1.2952508197e+03 3.5427505677e+01
8.91000e+02 1.3160168746e+03 3.5378548422e+01
8.92000e+02 1.3399126254e+03 4.2146509904e+01
8.93000e+02 1.3626257910e+03 8.6476029461e+01
8.94000e+02 1.3809171878e+03 1.0167067298e+02
8.95000e+02 1.3941279922e+03 7.5552505631e+00
8.96000e+02 1.4108594253e+03 4.3993669291e+01
8.97000e+02 1.4277208176e+03 1.1419110804e+02
8.98000e+02 1.4414039976e+03 2.0612173168e+01
8.99000e+02 1.4604313778e+03 1.0179729662e+02
9.00000e+02 1.4791106421e+03 3.1353513213e+01
9.01000e+02 1.4925146294e+03 2.0784743914e+01
9.02000e+02 1.5063106110e+03 3.8626142472e+01
9.03000e+02 1.5253893058e+03 3.1373474345e+01
9.04000e+02 1.5487775993e+03 1.2127874442e+02
9.05000e+02 1.5730197926e+03 6.6559878332e+01
9.06000e+02 1.5937603985e+03 3.8286725218e+01
9.07000e+02 1.6204977967e+03 7.6587033504e+00
9.08000e+02 1.6514797341e+03 7.4086962332e+01
9.09000e+02 1.6825152372e+03 4.5041748349e+01
9.10000e+02 1.7100255282e+03 1.4420729671e+01
9.11000e+02 1.7374749555e+03 1.0528770379e+02
9.12000e+02 1.7680377593e+03 1.8824032565e+02
9.13000e+02 1.7986110705e+03 5.4586422777e+01
9.14000e+02 1.8289527512e+03 5.4310713209e+01
9.15000e+02 1.8589269707e+03 1.8403787414e+02
9.16000e+02 1.8844935006e+03 9.4320299911e+01
9.17000e+02 1.9042534661e+03 8.7209246355e+01
9.18000e+02 1.9244856323e+03 1.2828380120e+02
9.19000e+02 1.9507644828e+03 9.3767431882e+01
9.20000e+02 1.9813691992e+03 9.9151321992e+01
9.21000e+02 2.0121172859e+03 8.7687987182e+01
9.22000e+02 2.0424329763e+03 8.7574308895e+01
9.23000e+02 2.0723466978e+03 9.8991672691e+01
9.24000e+02 2.1025187916e+03 8.7167676593e+01
9.25000e+02 2.1330323790e+03 5.3995425992e+01
9.26000e+02 2.1601346285e+03 6.8700832334e+00
9.27000e+02 2.1939983399e+03 1.4337721927e+02
9.28000e+02 2.2321312712e+03 6.1902267987e+01
9.29000e+02 2.2696172462e+03 6.9723877031e+00
9.30000e+02 2.3066468465e+03 6.7620755848e+01
9.31000e+02 2.3437568289e+03 6.7177142383e+01
9.32000e+02 2.3775805733e+03 1.0806707557e+02
9.33000e+02 2.4189084270e+03 6.9304507910e+01
9.34000e+02 2.4598004331e+03 2.7302829736e+02
9.35000e+02 2.5005723250e+03 7.4566583308e+01
9.36000e+02 2.5459085205e+03 8.1278644821e+01
9.37000e+02 2.5899323648e+03 6.9138618899e+00
9.38000e+02 2.6335287770e+03 8.0583725196e+01
9.39000e+02 2.6782000305e+03 2.4487577283e+02
9.40000e+02 2.7184236629e+03 7.3823642961e+01
9.41000e+02 2.7513521738e+03 2.4871155655e+02
9.42000e+02 2.7847531010e+03 1.4669444712e+02
9.43000e+02 2.8182132539e+03 5.9615414345e+01
9.44000e+02 2.8548678376e+03 6.8970736135e+01
9.45000e+02 2.8918115395e+03 5.9947446597e+01
9.46000e+02 2.9243517974e+03 5.5262468702e+01
9.47000e+02 2.9570458202e+03 1.2087915648e+02
9.48000e+02 2.9944377672e+03 1.3476276332e+02
9.49000e+02 3.0313932749e+03 1.4233657034e+02
9.50000e+02 3.0679795485e+03 6.6213358964e+01
9.51000e+02 3.1047011346e+03 6.5913223973e+01
9.52000e+02 3.1412359199e+03 6.5795822541e+01
9.53000e+02 3.1781318383e+03 6.6905218784e+01
9.54000e+02 3.2106411609e+03 5.7781498833e+01
9.55000e+02 3.2366680586e+03 1.3426191024e+02
9.56000e+02 3.2662461786e+03 6.9566653766e+00
9.57000e+02 3.2954562798e+03 3.8292104145e+01
9.58000e+02 3.3203399249e+03 6.8689536588e+01
9.59000e+02 3.3454466622e+03 1.1875727892e+02
9.60000e+02 3.3706014078e+03 4.2594408088e+01
9.61000e+02 3.3958761471e+03 4.2719815620e+01
9.62000e+02 3.4258195445e+03 9.7643576028e+01
9.63000e+02 3.4555562609e+03 1.1169927585e+02
9.64000e+02 3.4853762125e+03 1.1146413075e+02
9.65000e+02 3.5155623103e+03 5.2244829733e+01
9.66000e+02 3.5454003192e+03 1.4469811030e+02
9.67000e+02 3.5748431116e+03 5.1454093194e+01
9.68000e+02 3.5999095551e+03 4.2588793654e+01
9.69000e+02 3.6192447938e+03 1.3091204439e+02
9.70000e+02 3.6390739516e+03 3.1089281025e+02
9.71000e+02 3.6649267406e+03 5.2326066834e+01
9.72000e+02 3.6904469179e+03 5.2727474527e+01
9.73000e+02 3.7100251208e+03 3.1526012862e+01
9.74000e+02 3.7300144603e+03 3.1654668525e+01
9.75000e+02 3.7559941065e+03 4.3599791991e+01
9.76000e+02 3.7816099807e+03 4.3651889182e+01
9.77000e+02 3.8012555278e+03 3.1690357998e+01
9.78000e+02 3.8212986992e+03 3.1712499586e+01
9.79000e+02 3.8473267627e+03 4.3656654529e+01
9.80000e+02 3.8776609943e+03 5.1916919129e+01
9.81000e+02 3.9076682738e+03 8.7645659106e+01
9.82000e+02 3.9330187834e+03 4.3347633231e+01
9.83000e+02 3.9584685643e+03 4.2726003157e+01
9.84000e+02 3.9885654098e+03 8.7320627200e+01
9.85000e+02 4.0184318942e+03 5.1876341633e+01
9.86000e+02 4.0436872973e+03 4.2588170696e+01
9.87000e+02 4.0631431780e+03 3.1491120747e+01
9.88000e+02 4.0830645565e+03 7.3070531470e+01
9.89000e+02 4.1089984461e+03 4.3029691119e+01
9.90000e+02 4.1392611300e+03 5.1990303748e+01
9.91000e+02 4.1697055452e+03 3.1239604015e+02
9.92000e+02 4.1966696362e+03 5.0029373917e+01
9.93000e+02 4.2303409152e+03 2.5842971388e+01
9.94000e+02 4.2682617014e+03 3.6710992047e+01
9.95000e+02 4.3057952558e+03 9.6279664544e+01
9.96000e+02 4.3386510209e+03 7.6404151747e+01
9.97000e+02 4.3649053309e+03 1.2977523479e+02
9.98000e+02 4.3946512894e+03 2.8687645239e+02
9.99000e+02 4.4245409082e+03 1.1845046892e+02
1.00000e+03 4.4542800149e+03 5.1194671485e+01
1.00100e+03 4.4836478359e+03 1.3382151105e+01
1.00200e+03 4.5086538923e+03 1.1259266284e+01
1.00300e+03 4.5279413916e+03 1.1320258697e+02
1.00400e+03 4.5477275504e+03 1.5083755554e+02
1.00500e+03 4.5735356612e+03 6.1607004523e+01
1.00600e+03 4.5990135117e+03 1.1356117840e+02
1.00700e+03 4.6185537916e+03 3.0770100920e+01
1.00800e+03 4.6385091558e+03 3.0908536221e+01
1.00900e+03 4.6644536810e+03 1.1358403150e+02
1.01000e+03 4.6947124788e+03 1.1067003011e+02
1.01100e+03 4.7246507106e+03 1.2526603506e+02
1.01200e+03 4.7546115701e+03 8.7010076302e+01
1.01300e+03 4.7848903024e+03 1.1292753836e+02
1.01400e+03 4.8117423491e+03 1.8974837349e+01
1.01500e+03 4.8453183267e+03 5.8870369917e+01
1.01600e+03 4.8784812735e+03 1.0931408161e+02
1.01700e+03 4.9115619771e+03 5.7470576128e+01
1.01800e+03 4.9445367632e+03 5.7224944823e+01
1.01900e+03 4.9708412651e+03 5.6597712179e+01
1.02000e+03 4.9975550293e+03 1.1608632252e+02
1.02100e+03 5.0309939992e+03 5.7525986147e+01
1.02200e+03 5.0687232292e+03 3.3274966669e+01
1.02300e+03 5.1058619336e+03 1.4178607084e+02
1.02400e+03 5.1395071162e+03 6.4399878630e+01
1.02500e+03 5.1805918875e+03 7.6458013538e+00
1.02600e+03 5.2259053768e+03 1.4922854405e+02
1.02700e+03 5.2698304370e+03 7.1121834521e+01
1.02800e+03 5.3132873530e+03 3.3922741757e+02
1.02900e+03 5.3577769951e+03 2.4811133501e+02
1.03000e+03 5.4024824140e+03 8.0104272340e+01
1.03100e+03 5.4460496287e+03 7.7873819250e+01
1.03200e+03 5.4862000528e+03 1.4143397018e+01
1.03300e+03 5.5345590826e+03 1.5448586394e+02
1.03400e+03 5.5824814490e+03 2.3438557405e+02
1.03500e+03 5.6221477091e+03 2.7189913792e+02
1.03600e+03 5.6621904067e+03 1.5422365157e+02
1.03700e+03 5.7022545865e+03 9.0364936432e+01
1.03800e+03 5.7424081013e+03 7.0812988232e+01
1.03900e+03 5.7825175608e+03 7.0787455033e+01
1.04000e+03 5.8257412185e+03 7.7562687154e+01
1.04100e+03 5.8699368157e+03 1.6666970626e+02
1.04200e+03 5.9096865826e+03 1.3324623905e+02
1.04300e+03 5.9421992546e+03 7.5967875203e+00
1.04400e+03 5.9782521336e+03 9.1197942486e+01
1.04500e+03 6.0146493753e+03 1.2531463733e+02
1.04600e+03 6.0467042214e+03 1.5284111501e+01
1.04700e+03 6.0723526730e+03 1.0184564883e+00
1.04800e+03 6.1015770994e+03 1.1836087009e+02
1.04900e+03 6.1304162929e+03 2.2826875600e+01
1.05000e+03 6.1549466923e+03 6.5070085738e+00
1.05100e+03 6.1738447349e+03 1.1149210020e+02
1.05200e+03 6.1963250397e+03 2.9548170331e+01
1.05300e+03 6.2176820271e+03 1.3982707703e+01
1.05400e+03 6.2347512363e+03 1.0391941792e+02
1.05500e+03 6.2520929663e+03 2.7108144560e+02
1.05600e+03 6.2694983969e+03 2.4918891490e+01
1.05700e+03 6.2870593593e+03 2.5113205017e+01
1.05800e+03 6.3092990612e+03 2.3245386863e+02
1.05900e+03 6.3326224429e+03 2.3707192297e+02
1.06000e+03 6.3525242568e+03 2.0494458411e+02
1.06100e+03 6.3783914122e+03 8.3061930104e+00
1.06200e+03 6.4085519009e+03 5.7970367576e+01
1.06300e+03 6.4383775343e+03 1.3717811720e+02
1.06400e+03 6.4635416507e+03 4.1144664475e+01
1.06500e+03 6.4888027540e+03 4.0497467619e+01
1.06600e+03 6.5187098544e+03 8.6737970015e+01
1.06700e+03 6.5489032888e+03 1.1500312820e+02
1.06800e+03 6.5787066331e+03 1.5829202045e+02
1.06900e+03 6.6080792977e+03 4.9339357083e+01
1.07000e+03 6.6330539468e+03 4.0267502862e+01
1.07100e+03 6.6522922179e+03 1.2895533484e+02
1.07200e+03 6.6720132173e+03 7.8974802990e+01
1.07300e+03 6.6977354440e+03 4.0688358849e+01
1.07400e+03 6.7231173144e+03 4.1054891726e+01
1.07500e+03 6.7484903112e+03 4.0664606906e+01
1.07600e+03 6.7784651923e+03 4.9357798381e+01
1.07700e+03 6.8087002009e+03 7.8937402409e+01
1.07800e+03 6.8354801175e+03 5.7929769462e+01
1.07900e+03 6.8622444822e+03 9.4293108538e+01
1.08000e+03 6.8921579269e+03 7.8968565436e+01
1.08100e+03 6.9215740777e+03 7.2595752241e+01
1.08200e+03 6.9465725074e+03 8.3568464765e+01
1.08300e+03 6.9717317496e+03 8.3271141709e+01
1.08400e+03 6.9968957349e+03 4.0025463089e+01
1.08500e+03 7.0221459911e+03 4.0076451621e+01
1.08600e+03 7.0473648840e+03 4.0091282698e+01
1.08700e+03 7.0726511105e+03 4.0087161788e+01
1.08800e+03 7.1025699723e+03 7.2467137103e+01
1.08900e+03 7.1327698221e+03 5.7836680925e+01
1.09000e+03 7.1595240474e+03 1.6324562910e+02
1.09100e+03 7.1929822774e+03 8.1720034052e+00
1.09200e+03 7.2307024699e+03 5.0522232730e+01
1.09300e+03 7.2680456128e+03 1.7144851741e+02
1.09400e+03 7.3007180925e+03 5.5664492883e+01
1.09500e+03 7.3268124172e+03 1.6241234345e+02
1.09600e+03 7.3564027517e+03 1.8601190098e+02
1.09700e+03 7.3861396941e+03 1.7748556361e+02
1.09800e+03 7.4126733240e+03 4.2085978456e+01
1.09900e+03 7.4392613039e+03 4.2537547644e+01
1.10000e+03 7.4659843793e+03 4.2684455605e+01
1.10100e+03 7.4926577454e+03 4.2727157398e+01
1.10200e+03 7.5224909920e+03 4.8994823163e+01
1.10300e+03 7.5523732855e+03 6.9964927247e+01
1.10400e+03 7.5790013013e+03 4.2589370631e+01
1.10500e+03 7.6123659512e+03 5.5515248324e+01
1.10600e+03 7.6500144365e+03 2.4713133310e+02
1.10700e+03 7.6870749463e+03 4.9724997531e+01
1.10800e+03 7.7236931560e+03 1.2635519794e+02
1.10900e+03 7.7606012238e+03 1.8255015638e+02
1.11000e+03 7.7930760893e+03 1.1912456861e+02
1.11100e+03 7.8190433061e+03 1.0464894568e+02
1.11200e+03 7.8454856050e+03 1.0435857981e+02
1.11300e+03 7.8719771958e+03 4.1970281528e+01
1.11400e+03 7.9016779019e+03 7.1279567688e+00
1.11500e+03 7.9314577078e+03 9.6973517318e+01
1.11600e+03 7.9580062685e+03 4.2034573023e+01
1.11700e+03 7.9912989529e+03 1.2730443752e+02
1.11800e+03 8.0288867077e+03 1.4649108592e+02
1.11900e+03 8.0659005944e+03 4.9226619213e+01
1.12000e+03 8.0994235572e+03 6.9744021714e+00
1.12100e+03 8.1403750227e+03 1.5400337591e+02
1.12200e+03 8.1808751607e+03 2.2518932839e+02
1.12300e+03 8.2138598989e+03 5.5453113534e+01
1.12400e+03 8.2502688947e+03 1.3871676582e+02
1.12500e+03 8.2869801635e+03 2.1639638103e+02
1.12600e+03 8.3239704956e+03 1.3275147839e+02
1.12700e+03 8.3606347337e+03 6.1910783282e+01
1.12800e+03 8.3939087505e+03 7.0442501892e+01
1.12900e+03 8.4346485386e+03 1.3240704954e+02
1.13000e+03 8.4796581841e+03 8.0193134062e+00
1.13100e+03 8.5233370281e+03 2.2093661207e+01
1.13200e+03 8.5665728111e+03 9.0998295665e+01
1.13300e+03 8.6099148420e+03 7.5491429047e+01
1.13400e+03 8.6530230380e+03 7.5037282168e+01
1.13500e+03 8.6971905293e+03 7.7837658241e+01
1.13600e+03 8.7369355968e+03 1.3151957195e+02
1.13700e+03 8.7694499035e+03 2.2069211499e+02
1.13800e+03 8.8055079241e+03 4.4552240113e+00
1.13900e+03 8.8419089293e+03 5.3240130616e+01
1.14000e+03 8.8739652745e+03 6.5214270592e+01
1.14100e+03 8.8996130657e+03 1.1317284256e+01
1.14200e+03 8.9288370384e+03 4.6352842605e+01
1.14300e+03 8.9582600112e+03 1.0289890777e+02
1.14400e+03 8.9845228736e+03 1.8686051398e+02
1.14500e+03 9.0108716472e+03 4.7007472182e+01
1.14600e+03 9.0404398062e+03 4.7358353244e+01
1.14700e+03 9.0695274047e+03 5.7835649484e+01
1.14800e+03 9.0942383012e+03 2.8309049101e+01
1.14900e+03 9.1132608113e+03 3.9984731300e+01
1.15000e+03 9.1327922649e+03 8.0173802604e+01
1.15100e+03 9.1583278085e+03 1.4724346255e+02
1.15200e+03 9.1882201928e+03 1.7360726370e+02
1.15300e+03 9.2183515407e+03 7.4829449326e+01
1.15400e+03 9.2480748046e+03 7.4909724797e+01
1.15500e+03 9.2779021108e+03 4.7720693990e+01
1.15600e+03 9.3044867907e+03 7.0532262105e+00
1.15700e+03 9.3311021103e+03 8.2427624546e+01
1.15800e+03 9.3608942887e+03 4.7741887817e+01
1.15900e+03 9.3907418765e+03 4.7714427581e+01
1.16000e+03 9.4203954444e+03 4.7528102535e+01
1.16100e+03 9.4501943425e+03 4.7431884770e+01
1.16200e+03 9.4767702817e+03 8.2336456153e+01
1.16300e+03 9.5100924864e+03 2.6783904599e+01
1.16400e+03 9.5477071965e+03 2.1443743808e+02
1.16500e+03 9.5847430430e+03 7.2369482711e+00
1.16600e+03 9.6182840832e+03 6.9651011480e+00
1.16700e+03 9.6518030469e+03 1.0207836443e+02
1.16800e+03 9.6853890071e+03 1.0202120609e+02
1.16900e+03 9.7263501687e+03 2.2186195747e+02
1.17000e+03 9.7715287014e+03 1.4793533942e+01
1.17100e+03 9.8153317856e+03 6.1745395283e+01
1.17200e+03 9.8586692312e+03 1.2998169184e+02
1.17300e+03 9.9030301657e+03 2.9155306065e+02
1.17400e+03 9.9476108837e+03 7.6718869246e+01
1.17500e+03 9.9910682176e+03 7.4527802368e+01
1.17600e+03 1.0031111557e+04 6.9127093841e+01
1.17700e+03 1.0079355245e+04 9.8703417229e+01
1.17800e+03 1.0127163665e+04 4.0863818198e+02
1.17900e+03 1.0174840480e+04 8.3021536583e+01
1.18000e+03 1.0227091682e+04 6.6490724101e+01
1.18100e+03 1.0277341761e+04 6.7927445099e+00
1.18200e+03 1.0324126688e+04 1.8828481728e+02
1.18300e+03 1.0379830145e+04 8.0266417863e+00
1.18400e+03 1.0435067321e+04 9.8385886154e+01
1.18500e+03 1.0490133727e+04 9.7650448307e+01
1.18600e+03 1.0549769609e+04 1.4170632342e+01
1.18700e+03 1.0606658698e+04 1.8891995655e+02
1.18800e+03 1.0660081611e+04 1.1220939890e+02
1.18900e+03 1.0713535952e+04 4.4416522355e+02
1.19000e+03 1.0770085454e+04 2.8318231914e+02
1.19100e+03 1.0829070048e+04 2.7314171893e+02
1.19200e+03 1.0888246584e+04 2.0680303894e+02
1.19300e+03 1.0947179544e+04 1.0524938823e+02
1.19400e+03 1.1006226434e+04 1.0501449233e+02
1.19500e+03 1.1062713034e+04 1.1169470177e+02
1.19600e+03 1.1115813416e+04 9.3614169483e+01
1.19700e+03 1.1178588466e+04 2.1791914441e+02
1.19800e+03 1.1240922035e+04 3.2235041642e+02
1.19900e+03 1.1293561239e+04 9.2705418175e+01
1.20000e+03 1.1349649795e+04 1.2321454107e+02
1.20100e+03 1.1405917724e+04 1.1139365607e+02
1.20200e+03 1.1461981412e+04 9.9164914114e+01
1.20300e+03 1.1518245849e+04 9.9062256459e+01
1.20400e+03 1.1571247745e+04 1.2366603858e+02
1.20500e+03 1.1633920441e+04 1.1171521192e+02
1.20600e+03 1.1700832772e+04 2.0601841864e+02
1.20700e+03 1.1764206100e+04 1.3493741905e+01
1.20800e+03 1.1827144688e+04 1.1931834315e+02
1.20900e+03 1.1890239243e+04 1.1253540155e+02
1.21000e+03 1.1950024244e+04 1.1838660089e+02
1.21100e+03 1.2020199941e+04 1.0149783520e+02
1.21200e+03 1.2094574601e+04 1.3336544286e+02
1.21300e+03 1.2168446154e+04 4.5889254844e+02
1.21400e+03 1.2237659371e+04 2.1987948173e+02
1.21500e+03 1.2306846958e+04 1.3224396690e+02
1.21600e+03 1.2376031749e+04 1.3208329722e+02
1.21700e+03 1.2434961226e+04 2.4810085984e+02
1.21800e+03 1.2494354539e+04 2.3311637291e+02
1.21900e+03 1.2553865184e+04 2.3346442486e+02
1.22000e+03 1.2616533278e+04 2.4652993627e+02
1.22100e+03 1.2679331819e+04 2.4598739290e+02
1.22200e+03 1.2738840471e+04 1.0493568951e+02
1.22300e+03 1.2798439860e+04 1.0491949777e+02
1.22400e+03 1.2861165711e+04 1.1142159845e+02
1.22500e+03 1.2927046318e+04 1.1639295849e+02
1.22600e+03 1.2988461161e+04 2.0186498161e+02
1.22700e+03 1.3040461594e+04 6.8265757249e+00
1.22800e+03 1.3096019946e+04 2.2547744882e+00
1.22900e+03 1.3151823448e+04 1.0206261750e+02
1.23000e+03 1.3204419045e+04 1.0472127286e+02
1.23100e+03 1.3266686323e+04 3.1912671337e+02
1.23200e+03 1.3333229132e+04 3.3987010868e+02
1.23300e+03 1.3396294458e+04 9.9705363615e+01
1.23400e+03 1.3455893181e+04 1.0935603344e+02
1.23500e+03 1.3525848344e+04 2.1171102074e+01
1.23600e+03 1.3600004215e+04 1.0721872051e+02
1.23700e+03 1.3669873896e+04 1.1605103167e+02
1.23800e+03 1.3739302960e+04 3.2645918122e+02
1.23900e+03 1.3812681681e+04 3.2975594970e+02
1.24000e+03 1.3886250007e+04 1.3218516058e+02
1.24100e+03 1.3955780461e+04 1.2410327878e+02
1.24200e+03 1.4021920189e+04 2.7690936616e+01
1.24300e+03 1.4088165076e+04 3.3812465626e+02
1.24400e+03 1.4157524044e+04 1.2390907933e+02
1.24500e+03 1.4226999758e+04 1.2373042963e+02
1.24600e+03 1.4293157102e+04 2.1430130888e+02
1.24700e+03 1.4359400095e+04 1.2378327694e+02
1.24800e+03 1.4428746582e+04 1.2359421798e+02
1.24900e+03 1.4501970791e+04 1.3189846346e+02
1.25000e+03 1.4570706780e+04 4.7558691932e+02
1.25100e+03 1.4629283794e+04 1.1580464501e+02
1.25200e+03 1.4691415442e+04 7.2148394767e+00
1.25300e+03 1.4753804441e+04 1.0917628508e+02
1.25400e+03 1.4816027916e+04 1.0915893581e+02
1.25500e+03 1.4881506858e+04 2.1471837158e+02
1.25600e+03 1.4942585848e+04 1.0803184122e+02
1.25700e+03 1.5003756976e+04 5.6076788985e+02
1.25800e+03 1.5064990085e+04 1.0672921462e+02
1.25900e+03 1.5126253968e+04 1.0671524032e+02
1.26000e+03 1.5192223542e+04 3.3867146625e+02
1.26100e+03 1.5257909537e+04 2.1475334703e+02
1.26200e+03 1.5323721026e+04 2.1438050947e+02
1.26300e+03 1.5389313365e+04 1.1539533435e+02
1.26400e+03 1.5450391976e+04 1.0645402742e+02
1.26500e+03 1.5502128058e+04 9.5001219782e+01
1.26600e+03 1.5557442669e+04 3.2936462943e+02
1.26700e+03 1.5615285056e+04 7.7499515232e+00
1.26800e+03 1.5673452037e+04 9.9893228714e+01
1.26900e+03 1.5729209862e+04 4.3145386761e+02
1.27000e+03 1.5784684717e+04 9.4909164880e+01
1.27100e+03 1.5842673536e+04 9.9939766857e+01
1.27200e+03 1.5896283462e+04 7.4686846890e+00
1.27300e+03 1.5950017250e+04 2.0775223146e+02
1.27400e+03 1.6008487560e+04 1.0279445097e+02
1.27500e+03 1.6064431411e+04 9.5000281206e+01
1.27600e+03 1.6116990659e+04 6.4647833823e+02
1.27700e+03 1.6179178714e+04 1.1114592225e+02
1.27800e+03 1.6245625314e+04 1.0288157176e+02
1.27900e+03 1.6308594136e+04 7.0249716428e+00
1.28000e+03 1.6368092146e+04 1.1797353702e+02
1.28100e+03 1.6427641525e+04 5.3971052169e+02
1.28200e+03 1.6490291665e+04 1.0909851312e+02
1.28300e+03 1.6556069628e+04 2.1325949114e+02
1.28400e+03 1.6617367220e+04 4.2858107604e+02
1.28500e+03 1.6669254103e+04 6.7207858642e+00
1.28600e+03 1.6724691841e+04 1.0125930554e+02
1.28700e+03 1.6782644489e+04 9.8460864717e+01
1.28800e+03 1.6836231517e+04 1.4424629608e+01
1.28900e+03 1.6881243760e+04 9.4283406420e+01
1.29000e+03 1.6929845068e+04 9.1525974164e+01
1.29100e+03 1.6980235076e+04 2.1972845333e+01
1.29200e+03 1.7026291197e+04 8.6658215431e+01
1.29300e+03 1.7072525261e+04 2.6527223122e+02
1.29400e+03 1.7123512031e+04 1.7644135661e+02
1.29500e+03 1.7172735910e+04 2.8783696566e+02
1.29600e+03 1.7218580928e+04 2.5135396753e+02
1.29700e+03 1.7264510139e+04 1.4991982540e+02
1.29800e+03 1.7310551493e+04 7.4748494391e+01
1.29900e+03 1.7356585569e+04 7.4778610689e+01
1.30000e+03 1.7405752815e+04 8.1280953923e+01
1.30100e+03 1.7456578245e+04 8.7006980168e+01
1.30200e+03 1.7507645997e+04 1.0274687095e+02
1.30300e+03 1.7556968927e+04 1.3234120527e+02
1.30400e+03 1.7602911393e+04 7.4604944372e+01
1.30500e+03 1.7648932113e+04 7.4516983060e+01
1.30600e+03 1.7698112880e+04 1.3222238622e+02
1.30700e+03 1.7748963997e+04 1.0048719353e+02
1.30800e+03 1.7800061043e+04 1.3223815781e+02
1.30900e+03 1.7849411109e+04 8.1074818778e+01
1.31000e+03 1.7895380396e+04 7.4469286573e+01
1.31100e+03 1.7941427063e+04 7.4420764625e+01
1.31200e+03 1.7987575927e+04 7.4525921731e+01
1.31300e+03 1.8042534635e+04 2.4129207103e+02
1.31400e+03 1.8101720461e+04 8.9082524492e+01
1.31500e+03 1.8158139910e+04 1.4939825336e+02
1.31600e+03 1.8211070255e+04 6.7814796604e+00
1.31700e+03 1.8273594928e+04 9.6559408151e+01
1.31800e+03 1.8335644125e+04 4.2872445065e+02
1.31900e+03 1.8388007474e+04 8.7542776362e+01
1.32000e+03 1.8443807140e+04 2.3686149731e+02
1.32100e+03 1.8502081332e+04 3.3525729366e+02
1.32200e+03 1.8560606576e+04 2.0569963740e+02
1.32300e+03 1.8616638453e+04 9.3908192465e+01
1.32400e+03 1.8672345098e+04 9.3721263487e+01
1.32500e+03 1.8730553106e+04 9.8692897393e+01
1.32600e+03 1.8784352445e+04 3.9736548436e+01
1.32700e+03 1.8829526284e+04 1.7395909938e+02
1.32800e+03 1.8875211967e+04 2.5399571269e+02
1.32900e+03 1.8921018875e+04 7.3226175631e+01
1.33000e+03 1.8970029273e+04 5.5195037412e+01
1.33100e+03 1.9019167784e+04 1.5932728449e+02
1.33200e+03 1.9068111538e+04 9.7210028247e+01
1.33300e+03 1.9118813738e+04 7.5058082096e+00
1.33400e+03 1.9165121207e+04 2.3944622101e+02
1.33500e+03 1.9211561174e+04 3.6955373593e+02
1.33600e+03 1.9262723400e+04 1.8850785946e+02
1.33700e+03 1.9313652375e+04 1.8854612604e+02
1.33800e+03 1.9364695376e+04 8.3463378879e+01
1.33900e+03 1.9413992963e+04 7.9818628475e+01
1.34000e+03 1.9462967969e+04 8.3613856889e+01
1.34100e+03 1.9513702736e+04 8.3185708951e+01
1.34200e+03 1.9564714528e+04 8.3071313588e+01
1.34300e+03 1.9614001931e+04 8.3520058985e+01
1.34400e+03 1.9659920375e+04 1.4764539726e+02
1.34500e+03 1.9705922428e+04 1.6338494152e+02
1.34600e+03 1.9755085994e+04 8.3291082568e+01
1.34700e+03 1.9804348316e+04 8.3182710517e+01
1.34800e+03 1.9850336222e+04 8.9031331997e+01
1.34900e+03 1.9905213115e+04 1.8297993033e+02
1.35000e+03 1.9964345707e+04 8.7710550240e+01
1.35100e+03 2.0020727300e+04 7.1192703124e+00
1.35200e+03 2.0073624635e+04 1.0074450899e+02
1.35300e+03 2.0136115425e+04 9.5236736672e+01
1.35400e+03 2.0202812590e+04 1.4676723544e+01
1.35500e+03 2.0269026703e+04 2.0075247421e+02
1.35600e+03 2.0330577963e+04 3.6744192620e+02
1.35700e+03 2.0382652291e+04 1.7996629667e+02
1.35800e+03 2.0438242410e+04 2.0697827573e+02
1.35900e+03 2.0496335776e+04 8.2125846141e+01
1.36000e+03 2.0550041105e+04 7.8459302805e+00
1.36100e+03 2.0603859110e+04 8.8397771717e+01
1.36200e+03 2.0657729827e+04 8.8474762344e+01
1.36300e+03 2.0711643189e+04 8.8481643988e+01
1.36400e+03 2.0765572546e+04 8.8451802039e+01
1.36500e+03 2.0819524283e+04 8.8401726123e+01
1.36600e+03 2.0878155064e+04 1.8782715730e+02
1.36700e+03 2.0934209501e+04 2.0644414217e+02
1.36800e+03 2.0989908074e+04 9.2496330733e+01
1.36900e+03 2.1048089937e+04 1.6900005071e+02
1.37000e+03 2.1106527437e+04 1.6863777010e+02
1.37100e+03 2.1162481963e+04 9.2303924010e+01
1.37200e+03 2.1215061639e+04 3.5983970083e+02
1.37300e+03 2.1277272092e+04 1.0520903073e+02
1.37400e+03 2.1339054280e+04 2.0126997742e+02
1.37500e+03 2.1391209253e+04 3.5956050473e+02
1.37600e+03 2.1443771629e+04 1.0508652267e+02
1.37700e+03 2.1505944906e+04 1.0408121658e+02
1.37800e+03 2.1572374098e+04 7.9916921585e+00
1.37900e+03 2.1635324944e+04 2.6296871444e+02
1.38000e+03 2.1694801390e+04 1.1089120536e+02
1.38100e+03 2.1754326643e+04 2.2313203093e+02
1.38200e+03 2.1816949099e+04 3.6184124807e+02
1.38300e+03 2.1879660636e+04 1.1054100576e+02
1.38400e+03 2.1939050522e+04 9.8736215444e+01
1.38500e+03 2.2008790010e+04 7.5662109314e+00
1.38600e+03 2.2082734551e+04 3.1437628447e+02
1.38700e+03 2.2152415889e+04 1.0560728010e+02
1.38800e+03 2.2218606596e+04 6.8008203318e+00
1.38900e+03 2.2284846897e+04 1.1214654697e+02
1.39000e+03 2.2354164440e+04 2.2262722435e+02
1.39100e+03 2.2427334897e+04 4.3398451881e+02
1.39200e+03 2.2500676480e+04 1.2608664009e+02
1.39300e+03 2.2569998630e+04 1.1813462739e+02
1.39400e+03 2.2638977200e+04 1.1767751963e+02
1.39500e+03 2.2711919319e+04 1.2573221537e+02
1.39600e+03 2.2780414856e+04 3.2154766005e+02
1.39700e+03 2.2838794316e+04 2.2139879644e+02
1.39800e+03 2.2897685376e+04 3.2591215176e+02
1.39900e+03 2.2966960214e+04 3.4342312021e+02
1.40000e+03 2.3035842512e+04 2.2156415785e+02
1.40100e+03 2.3094411644e+04 9.6516273987e+01
1.40200e+03 2.3156467412e+04 2.1855114365e+01
1.40300e+03 2.3218745594e+04 2.0684247538e+02
1.40400e+03 2.3277783465e+04 9.6566568975e+01
1.40500e+03 2.3336939448e+04 9.7056853741e+01
1.40600e+03 2.3399242963e+04 1.7810546333e+02
1.40700e+03 2.3464672810e+04 1.9116866435e+02
1.40800e+03 2.3525649519e+04 1.8547396617e+02
1.40900e+03 2.3577266677e+04 5.7481231963e-01
1.41000e+03 2.3629397510e+04 8.9478521887e+01
1.41100e+03 2.3681665876e+04 8.3076238162e+01
1.41200e+03 2.3734076244e+04 8.3272696152e+01
1.41300e+03 2.3786514765e+04 8.3359578161e+01
1.41400e+03 2.3842098029e+04 6.3995286354e+00
1.41500e+03 2.3900064455e+04 1.7782507085e+02
1.41600e+03 2.3953597293e+04 1.5825127209e+02
1.41700e+03 2.4007225045e+04 5.2641536325e+02
1.41800e+03 2.4065572958e+04 4.7923755449e+02
1.41900e+03 2.4121396252e+04 2.6259358155e+02
1.42000e+03 2.4173827794e+04 1.6871541104e+02
1.42100e+03 2.4226345686e+04 1.6862606681e+02
1.42200e+03 2.4282011187e+04 2.4929344613e+02
1.42300e+03 2.4340063644e+04 1.5817905181e+02
1.42400e+03 2.4393675180e+04 1.6853613857e+02
1.42500e+03 2.4447373340e+04 1.6843801000e+02
1.42600e+03 2.4505784033e+04 1.5808365397e+02
1.42700e+03 2.4561658249e+04 1.6859761731e+02
1.42800e+03 2.4617188092e+04 1.6829336173e+02
1.42900e+03 2.4675192761e+04 1.6831981403e+02
1.43000e+03 2.4728787174e+04 8.5213027217e+01
1.43100e+03 2.4773777695e+04 8.1873829554e+01
1.43200e+03 2.4819283245e+04 1.6134357986e+02
1.43300e+03 2.4873691037e+04 8.5837446704e+01
1.43400e+03 2.4932413218e+04 1.6846298146e+02
1.43500e+03 2.4988465415e+04 1.6136021780e+02
1.43600e+03 2.5041067197e+04 9.2847840079e+01
1.43700e+03 2.5103258484e+04 1.7204034980e+01
1.43800e+03 2.5169679104e+04 8.2717912957e+01
1.43900e+03 2.5232605399e+04 9.9629090098e+01
1.44000e+03 2.5295096421e+04 2.6768949667e+02
1.44100e+03 2.5357743668e+04 1.0260673183e+02
1.44200e+03 2.5420138952e+04 1.0240838717e+02
1.44300e+03 2.5485738217e+04 1.8477814499e+02
1.44400e+03 2.5546884514e+04 1.1049032359e+02
1.44500e+03 2.5598644249e+04 3.7649700102e+02
1.44600e+03 2.5653958467e+04 7.0810651599e+00
1.44700e+03 2.5711775096e+04 1.0541462816e+01
1.44800e+03 2.5769897313e+04 1.9373518315e+02
1.44900e+03 2.5825601752e+04 8.8289185317e+01
1.45000e+03 2.5877957184e+04 2.8668435260e+02
1.45100e+03 2.5939941606e+04 2.7596977691e+02
1.45200e+03 2.6001517946e+04 2.7612385029e+02
1.45300e+03 2.6053499905e+04 8.1428133438e+01
1.45400e+03 2.6105899624e+04 8.1390991874e+01
1.45500e+03 2.6167901398e+04 1.0064772987e+02
1.45600e+03 2.6234167616e+04 9.6344897119e+01
1.45700e+03 2.6296978329e+04 1.7669576946e+02
1.45800e+03 2.6356320759e+04 3.2093025131e+01
1.45900e+03 2.6415715621e+04 1.2078343609e+02
1.46000e+03 2.6478211686e+04 2.7190181628e+02
1.46100e+03 2.6543818948e+04 2.8363835896e+02
1.46200e+03 2.6604945965e+04 1.9561009835e+02
1.46300e+03 2.6656679189e+04 6.2317849358e+01
1.46400e+03 2.6711963097e+04 7.2121570370e+00
1.46500e+03 2.6769744472e+04 1.8758860173e+02
1.46600e+03 2.6823160061e+04 5.4544103189e+01
1.46700e+03 2.6868017726e+04 1.4080504349e+01
1.46800e+03 2.6916462774e+04 1.1726813289e+02
1.46900e+03 2.6966678540e+04 4.6923949881e+01
1.47000e+03 2.7012560425e+04 2.1600127386e+01
1.47100e+03 2.7050662396e+04 1.1039517132e+02
1.47200e+03 2.7092364862e+04 4.0134443064e+01
1.47300e+03 2.7135100668e+04 2.9058487440e+01
1.47400e+03 2.7173529456e+04 1.0283167855e+02
1.47500e+03 2.7204941274e+04 3.3404155945e+01
1.47600e+03 2.7236910454e+04 2.5998372380e+02
1.47700e+03 2.7276309438e+04 3.0845157635e+02
1.47800e+03 2.7320075482e+04 2.9597348932e+02
1.47900e+03 2.7362705104e+04 2.7160358192e+02
1.48000e+03 2.7404949674e+04 1.0089006455e+02
1.48100e+03 2.7448171795e+04 1.0321516181e+02
1.48200e+03 2.7486998226e+04 5.4554545690e+01
1.48300e+03 2.7518710812e+04 1.0108994120e+02
1.48400e+03 2.7550934440e+04 1.0124329957e+02
1.48500e+03 2.7590577482e+04 5.4744049238e+01
1.48600e+03 2.7634558189e+04 1.2959205238e+02
1.48700e+03 2.7678213695e+04 9.0137169431e+01
1.48800e+03 2.7721929425e+04 6.3516611940e+01
1.48900e+03 2.7765451168e+04 6.3319332766e+01
1.49000e+03 2.7804418648e+04 8.0343749771e+01
1.49100e+03 2.7843510965e+04 9.8106163109e+01
1.49200e+03 2.7887302922e+04 6.3332240418e+01
1.49300e+03 2.7930872157e+04 6.3316400163e+01
1.49400e+03 2.7969873941e+04 7.2528964328e+01
1.49500e+03 2.8001723559e+04 4.0193939576e+01
1.49600e+03 2.8037118447e+04 1.8344100507e+02
1.49700e+03 2.8072799589e+04 7.8880930641e+00
1.49800e+03 2.8108829278e+04 4.7610610937e+01
1.49900e+03 2.8144677201e+04 2.3756101511e+02
1.50000e+03 2.8177175630e+04 7.2769461308e+01
1.50100e+03 2.8217091411e+04 1.1165537304e+02
1.50200e+03 2.8261309630e+04 6.3101502583e+01
1.50300e+03 2.8304301291e+04 7.1437378710e+00
1.50400e+03 2.8343821171e+04 1.1856516916e+02
1.50500e+03 2.8383348755e+04 1.9882126102e+02
1.50600e+03 2.8422951700e+04 5.4820871847e+01
1.50700e+03 2.8470613213e+04 7.0784133306e+01
1.50800e+03 2.8522491732e+04 1.4796893474e+01
1.50900e+03 2.8572326248e+04 1.0955154380e+02
1.51000e+03 2.8621708475e+04 1.7759869233e+02
1.51100e+03 2.8671206501e+04 7.4375914790e+01
1.51200e+03 2.8720461078e+04 7.4173889123e+01
1.51300e+03 2.8769872683e+04 7.4013294665e+01
1.51400e+03 2.8816007179e+04 2.2507093665e+01
1.51500e+03 2.8862199043e+04 2.1024245150e+02
1.51600e+03 2.8911527791e+04 7.4013451900e+01
1.51700e+03 2.8960933417e+04 7.3933459169e+01
1.51800e+03 2.9010101712e+04 7.3699072721e+01
1.51900e+03 2.9059437324e+04 7.3555359646e+01
1.52000e+03 2.9108562805e+04 7.3438991164e+01
1.52100e+03 2.9159442838e+04 1.4058238815e+02
1.52200e+03 2.9205905789e+04 3.8377490075e+02
1.52300e+03 2.9244472950e+04 2.1330566108e+02
1.52400e+03 2.9286593504e+04 7.0049272648e+00
1.52500e+03 2.9329750006e+04 2.4107814257e+02
1.52600e+03 2.9368564172e+04 2.0544357017e+02
1.52700e+03 2.9400296488e+04 1.3832767236e+01
1.52800e+03 2.9435613117e+04 6.8039258156e+00
1.52900e+03 2.9471149721e+04 4.5771499870e+01
1.53000e+03 2.9503524530e+04 3.7957040015e+02
1.53100e+03 2.9543349322e+04 4.6098517436e+02
1.53200e+03 2.9582819275e+04 5.4030955030e+01
1.53300e+03 2.9622242657e+04 5.3575513961e+01
1.53400e+03 2.9666284172e+04 4.4291286752e+02
1.53500e+03 2.9710053327e+04 2.5982770307e+02
1.53600e+03 2.9753898431e+04 1.2785089714e+02
1.53700e+03 2.9797553151e+04 6.2061842764e+01
1.53800e+03 2.9836653460e+04 5.3152294028e+01
1.53900e+03 2.9875875826e+04 6.1975262433e+01
1.54000e+03 2.9919794226e+04 6.2073076645e+01
1.54100e+03 2.9963486009e+04 6.2048066569e+01
1.54200e+03 3.0002606826e+04 6.1933795053e+01
1.54300e+03 3.0034560398e+04 3.9152110287e+01
1.54400e+03 3.0070055999e+04 2.9793780883e+02
1.54500e+03 3.0105845440e+04 7.9023419167e+00
1.54600e+03 3.0141979914e+04 4.6307653606e+01
1.54700e+03 3.0177919219e+04 2.9804257155e+02
1.54800e+03 3.0213557185e+04 4.5853786138e+01
1.54900e+03 3.0249373415e+04 4.5684858191e+01
1.55000e+03 3.0281982321e+04 1.8286342461e+02
1.55100e+03 3.0314662141e+04 2.9844607419e+02
1.55200e+03 3.0350534382e+04 4.5873448962e+01
1.55300e+03 3.0386490133e+04 4.5967095376e+01
1.55400e+03 3.0419201549e+04 1.5473376979e+02
1.55500e+03 3.0459340385e+04 1.0918881853e+02
1.55600e+03 3.0503762485e+04 1.5345378766e+02
1.55700e+03 3.0546923869e+04 7.2056332744e+00
1.55800e+03 3.0586600052e+04 6.9647665016e+00
1.55900e+03 3.0626274362e+04 5.3492063051e+01
1.56000e+03 3.0669066823e+04 6.0039775121e+01
1.56100e+03 3.0711913882e+04 5.9665410173e+01
1.56200e+03 3.0751473614e+04 5.3322119693e+01
1.56300e+03 3.0799189993e+04 1.6087787778e+02
1.56400e+03 3.0851151242e+04 7.4343321017e+01
1.56500e+03 3.0901069429e+04 7.0711290370e+00
1.56600e+03 3.0947485878e+04 6.8583516188e+01
1.56700e+03 3.1002759056e+04 8.1825776348e+01
1.56800e+03 3.1057558603e+04 3.6721931039e+02
1.56900e+03 3.1103395860e+04 1.2794667652e+02
1.57000e+03 3.1152656766e+04 7.3138247690e+01
1.57100e+03 3.1203654700e+04 3.7284430587e+02
1.57200e+03 3.1254905753e+04 1.5979093135e+02
1.57300e+03 3.1305971378e+04 7.5893676698e+01
1.57400e+03 3.1357169999e+04 7.5765350770e+01
1.57500e+03 3.1406609241e+04 7.2586164475e+01
1.57600e+03 3.1452668938e+04 8.1387199063e+01
1.57700e+03 3.1507631356e+04 2.3500996560e+02
1.57800e+03 3.1566850248e+04 8.0202712078e+00
1.57900e+03 3.1625641698e+04 9.1427660784e+01
1.58000e+03 3.1679789329e+04 2.3412303935e+02
1.58100e+03 3.1733961406e+04 8.1583005146e+01
1.58200e+03 3.1788130458e+04 8.1522842955e+01
1.58300e+03 3.1833553051e+04 8.0891147864e+01
1.58400e+03 3.1879432971e+04 3.1609660094e+02
1.58500e+03 3.1934208478e+04 8.2044750023e+01
1.58600e+03 3.1993266050e+04 9.1174913208e+01
1.58700e+03 3.2051918368e+04 1.5566328308e+02
1.58800e+03 3.2110612256e+04 1.5514393552e+02
1.58900e+03 3.2169052165e+04 9.0057705681e+01
1.59000e+03 3.2227603690e+04 8.9825285634e+01
1.59100e+03 3.2283645910e+04 3.9309817597e+02
1.59200e+03 3.2336305907e+04 8.8742781500e+01
1.59300e+03 3.2398596345e+04 1.8752050615e+02
1.59400e+03 3.2465132928e+04 7.9850572799e+00
1.59500e+03 3.2531215084e+04 1.0535478030e+02
1.59600e+03 3.2592654248e+04 2.7656580285e+02
1.59700e+03 3.2644640626e+04 4.1099832876e+02
1.59800e+03 3.2697100097e+04 1.8713246011e+02
1.59900e+03 3.2759195573e+04 9.6088699929e+01
1.60000e+03 3.2825568421e+04 1.0508569022e+02
1.60100e+03 3.2888480167e+04 2.8246889244e+02
1.60200e+03 3.2947925749e+04 1.0297872172e+02
1.60300e+03 3.3017706382e+04 2.4359172135e+01
1.60400e+03 3.3091683557e+04 8.3693629068e+01
1.60500e+03 3.3165160110e+04 1.9598493565e+02
1.60600e+03 3.3238655840e+04 1.1921820472e+02
1.60700e+03 3.3308090686e+04 1.0939884260e+02
1.60800e+03 3.3374115966e+04 3.0914511390e+01
1.60900e+03 3.3451235687e+04 2.1004801000e+02
1.61000e+03 3.3532557838e+04 7.8264200148e+00
1.61100e+03 3.3608873276e+04 3.7764189147e+01
1.61200e+03 3.3684751917e+04 9.2103868312e+02
1.61300e+03 3.3765295807e+04 1.3398491823e+02
1.61400e+03 3.3841338908e+04 3.4476932319e+02
1.61500e+03 3.3906475026e+04 4.5811814696e+02
1.61600e+03 3.3975154971e+04 9.9336019141e+01
1.61700e+03 3.4047815528e+04 1.0933969030e+02
1.61800e+03 3.4116076707e+04 9.8862180695e+00
1.61900e+03 3.4174274627e+04 9.2298485651e+01
1.62000e+03 3.4233007739e+04 3.1242012195e+02
1.62100e+03 3.4291903918e+04 8.9305537942e+01
1.62200e+03 3.4350939997e+04 8.9519198593e+01
1.62300e+03 3.4420260480e+04 1.2711871032e+02
1.62400e+03 3.4489137340e+04 1.8203810175e+02
1.62500e+03 3.4547677533e+04 8.9073693087e+01
1.62600e+03 3.4609690959e+04 1.0256383085e+02
1.62700e+03 3.4674903841e+04 1.8428472050e+02
1.62800e+03 3.4735710606e+04 8.0914523347e+01
1.62900e+03 3.4787198699e+04 7.0520993645e+00
1.63000e+03 3.4839215863e+04 7.4920657585e+01
1.63100e+03 3.4891379983e+04 7.5521762427e+01
1.63200e+03 3.4946750802e+04 1.7745782921e+02
1.63300e+03 3.5002270673e+04 4.8244649458e+02
1.63400e+03 3.5057594602e+04 8.2051656532e+01
1.63500e+03 3.5115390440e+04 7.3416564793e+01
1.63600e+03 3.5168791817e+04 6.0995806857e+01
1.63700e+03 3.5213620747e+04 1.0149335877e+02
1.63800e+03 3.5262029936e+04 6.9147395889e+00
1.63900e+03 3.5310686491e+04 6.8198463897e+01
1.64000e+03 3.5356159744e+04 1.7029419523e+02
1.64100e+03 3.5410531039e+04 3.0867529599e+02
1.64200e+03 3.5464526410e+04 1.0198585885e+02
1.64300e+03 3.5518428768e+04 1.0141493525e+02
1.64400e+03 3.5576957902e+04 5.5461751656e+02
1.64500e+03 3.5632895901e+04 7.5484620679e+01
1.64600e+03 3.5688461966e+04 1.5069627846e+02
1.64700e+03 3.5746486601e+04 1.6450266773e+02
1.64800e+03 3.5804758349e+04 8.7195114361e+01
1.64900e+03 3.5862827893e+04 8.7152828285e+01
1.65000e+03 3.5916370226e+04 7.8350456136e+01
1.65100e+03 3.5961317302e+04 1.4375590385e+02
1.65200e+03 3.6009831145e+04 9.2056817105e+01
1.65300e+03 3.6058583860e+04 1.6712188165e+02
1.65400e+03 3.6104145538e+04 1.4370057234e+02
1.65500e+03 3.6158606029e+04 8.9121240340e+01
1.65600e+03 3.6217358906e+04 1.5539252426e+02
1.65700e+03 3.6273424625e+04 7.3130036456e+00
1.65800e+03 3.6326028604e+04 3.1265767030e+01
1.65900e+03 3.6388214628e+04 1.6296266479e+02
1.66000e+03 3.6449943448e+04 2.6001830819e+02
1.66100e+03 3.6502031533e+04 9.9589976783e+01
1.66200e+03 3.6557567120e+04 8.2173155057e+01
1.66300e+03 3.6615559012e+04 2.4938963729e+02
1.66400e+03 3.6673811336e+04 1.8079397450e+02
1.66500e+03 3.6729604585e+04 8.1818512308e+01
1.66600e+03 3.6785080555e+04 1.7392921937e+02
1.66700e+03 3.6843040137e+04 8.6350713298e+01
1.66800e+03 3.6896597170e+04 8.1717871624e+00
1.66900e+03 3.6941557717e+04 2.4823452670e+02
1.67000e+03 3.6990087953e+04 7.9318628115e+01
1.67100e+03 3.7040381109e+04 7.6664256680e+00
1.67200e+03 3.7091000685e+04 7.0972855495e+01
1.67300e+03 3.7139967946e+04 2.4616861114e+02
1.67400e+03 3.7185591310e+04 3.1627259851e+02
1.67500e+03 3.7240099042e+04 2.4383677110e+02
1.67600e+03 3.7298891370e+04 8.3237447990e+01
1.67700e+03 3.7357282497e+04 1.6215406396e+02
1.67800e+03 3.7415719870e+04 8.6572258967e+01
1.67900e+03 3.7471631436e+04 6.9443055140e+00
1.68000e+03 3.7527197868e+04 1.6136934718e+02
1.68100e+03 3.7585237098e+04 8.6133789517e+01
1.68200e+03 3.7638859126e+04 2.4365792901e+02
1.68300e+03 3.7683868453e+04 2.4049606756e+02
1.68400e+03 3.7732439246e+04 7.9052015977e+01
1.68500e+03 3.7781242543e+04 2.3307267284e+02
1.68600e+03 3.7826848431e+04 2.4023809644e+02
1.68700e+03 3.7881352925e+04 1.6963665791e+02
1.68800e+03 3.7935469632e+04 1.6996170091e+02
1.68900e+03 3.7989482372e+04 7.7625838825e+01
1.69000e+03 3.8043439360e+04 7.7388494452e+01
1.69100e+03 3.8088649834e+04 7.9174110123e+01
1.69200e+03 3.8137363412e+04 6.6944877656e+01
1.69300e+03 3.8187815192e+04 1.4784124753e+02
1.69400e+03 3.8238563311e+04 2.2605180765e+02
1.69500e+03 3.8287627021e+04 6.7138345519e+01
1.69600e+03 3.8333330936e+04 8.9997112800e+01
1.69700e+03 3.8387915146e+04 1.4827963393e+02
1.69800e+03 3.8446773903e+04 8.1106371056e+00
1.69900e+03 3.8502922801e+04 1.1286240335e+01
1.70000e+03 3.8555599909e+04 1.5510454646e+02
1.70100e+03 3.8617856229e+04 1.5774636521e+01
1.70200e+03 3.8684326743e+04 7.6117573342e+00
1.70300e+03 3.8747287788e+04 1.6176158900e+02
1.70400e+03 3.8809805258e+04 2.5374988017e+02
1.70500e+03 3.8872471763e+04 9.4051096730e+01
1.70600e+03 3.8931825618e+04 2.2435608794e+01
1.70700e+03 3.9001520178e+04 1.5042385370e+01
1.70800e+03 3.9075413752e+04 2.6043478088e+02
1.70900e+03 3.9148806505e+04 3.6921904936e+02
1.71000e+03 3.9222216893e+04 1.1535492420e+02
1.71100e+03 3.9291574452e+04 6.6910529840e+00
1.71200e+03 3.9360572876e+04 2.1627611078e+02
1.71300e+03 3.9433522861e+04 1.1479680117e+02
1.71400e+03 3.9502015747e+04 1.9345345727e+02
1.71500e+03 3.9570539451e+04 3.7424305888e+02
1.71600e+03 3.9643767732e+04 1.1449989781e+02
1.71700e+03 3.9712961800e+04 2.1589634328e+02
1.71800e+03 3.9778761641e+04 3.9534214488e+02
1.71900e+03 3.9844666437e+04 6.6408272548e+02
1.72000e+03 3.9913686907e+04 1.1470404921e+02
1.72100e+03 3.9982824751e+04 1.1453312289e+02
1.72200e+03 4.0051702591e+04 1.0612065448e+02
1.72300e+03 4.0124513021e+04 1.1424584271e+02
1.72400e+03 4.0192868317e+04 4.7355934326e+02
1.72500e+03 4.0251117288e+04 1.0599354876e+02
1.72600e+03 4.0312930321e+04 8.0350686632e-01
1.72700e+03 4.0377976080e+04 8.2678073547e+01
1.72800e+03 4.0438650911e+04 9.8207089946e+01
1.72900e+03 4.0490039420e+04 6.0577592755e+00
1.73000e+03 4.0541969617e+04 1.8579432836e+02
1.73100e+03 4.0603537097e+04 2.9598080121e+02
1.73200e+03 4.0669428313e+04 1.8938992716e+02
1.73300e+03 4.0731939795e+04 1.7134733083e+02
1.73400e+03 4.0791012156e+04 1.0316301183e+02
1.73500e+03 4.0860406173e+04 8.4754469982e+00
1.73600e+03 4.0929345614e+04 1.0670072953e+02
1.73700e+03 4.0998104421e+04 1.0530990896e+02
1.73800e+03 4.1071464813e+04 8.8181450636e+01
1.73900e+03 4.1144455140e+04 2.1264747983e+02
1.74000e+03 4.1217530812e+04 1.3143783758e+02
1.74100e+03 4.1290337821e+04 1.1327123198e+02
1.74200e+03 4.1358611964e+04 1.0453930112e+02
1.74300e+03 4.1416806555e+04 1.8102238749e+02
1.74400e+03 4.1478569603e+04 4.0813820209e+02
1.74500e+03 4.1543566380e+04 7.8102309530e+00
1.74600e+03 4.1608870773e+04 9.7584260059e+01
1.74700e+03 4.1673999148e+04 9.7618273321e+01
1.74800e+03 4.1734638349e+04 7.6349427309e+00
1.74900e+03 4.1785995303e+04 2.2667612201e+02
1.75000e+03 4.1840945162e+04 8.2905046761e+01
1.75100e+03 4.1898394559e+04 7.6789782053e+00
1.75200e+03 4.1951508042e+04 1.9007267341e+02
1.75300e+03 4.1996115114e+04 7.6072259139e+01
1.75400e+03 4.2044327981e+04 1.4408291923e+01
1.75500e+03 4.2094302734e+04 6.8274185329e+01
1.75600e+03 4.2139957972e+04 6.8537942267e+01
1.75700e+03 4.2177866861e+04 2.1092066839e+01
1.75800e+03 4.2216335640e+04 3.4559159328e+02
1.75900e+03 4.2262962072e+04 3.3302708435e+02
1.76000e+03 4.2309268025e+04 5.9750193661e+01
1.76100e+03 4.2347567557e+04 4.3694628583e+01
1.76200e+03 4.2389370411e+04 6.1795898321e+01
1.76300e+03 4.2431370484e+04 4.4622455823e+02
1.76400e+03 4.2470179587e+04 8.0510776784e+01
1.76500e+03 4.2517137633e+04 6.0022058058e+01
1.76600e+03 4.2563723536e+04 6.0241985840e+01
1.76700e+03 4.2602236894e+04 8.0644091225e+01
1.76800e+03 4.2644224271e+04 5.0829492637e+01
1.76900e+03 4.2687188386e+04 1.8133095277e+02
1.77000e+03 4.2725787490e+04 7.9867985071e+00
1.77100e+03 4.2757315349e+04 6.9854980837e+00
1.77200e+03 4.2792424061e+04 1.2362598656e+02
1.77300e+03 4.2827812692e+04 1.5554295524e+01
1.77400e+03 4.2858892358e+04 7.5194378705e+00
1.77500e+03 4.2883688040e+04 1.0554869831e+02
1.77600e+03 4.2912080919e+04 2.2254574240e+01
1.77700e+03 4.2940022168e+04 1.4959300486e+01
1.77800e+03 4.2968354479e+04 2.7174972506e+02
1.77900e+03 4.2997303577e+04 1.3899773026e+02
1.78000e+03 4.3022919536e+04 1.2931542090e+02
1.78100e+03 4.3055205202e+04 5.2896917797e+01
1.78200e+03 4.3091822423e+04 4.7122072321e+01
1.78300e+03 4.3128122945e+04 7.8312509132e+01
1.78400e+03 4.3164471998e+04 3.9128865935e+01
1.78500e+03 4.3200517316e+04 4.6233768951e+01
1.78600e+03 4.3236207131e+04 7.7377292823e+01
1.78700e+03 4.3272151433e+04 3.8733517153e+01
1.78800e+03 4.3308387961e+04 3.8582258741e+01
1.78900e+03 4.3344384834e+04 3.8113921073e+01
1.79000e+03 4.3377003096e+04 7.0023029035e+00
1.79100e+03 4.3409665229e+04 6.2934046617e+01
1.79200e+03 4.3445499470e+04 3.8220232957e+01
1.79300e+03 4.3481521798e+04 3.8621702241e+01
1.79400e+03 4.3513139743e+04 1.4595591911e+02
1.79500e+03 4.3544915796e+04 1.2419875140e+02
1.79600e+03 4.3581393957e+04 3.8824713833e+01
1.79700e+03 4.3617533308e+04 3.8324490600e+01
1.79800e+03 4.3650259870e+04 9.4480344526e+01
1.79900e+03 4.3683011747e+04 6.3308543479e+01
1.80000e+03 4.3715871829e+04 3.1877822555e+01
1.80100e+03 4.3748682866e+04 3.1905104861e+01
1.80200e+03 4.3784634277e+04 3.8403336492e+01
1.80300e+03 4.3820640425e+04 5.6749527938e+01
1.80400e+03 4.3853381886e+04 3.1754579393e+01
1.80500e+03 4.3893538811e+04 4.7166760224e+01
1.80600e+03 4.3933288214e+04 1.0324989356e+02
1.80700e+03 4.3965624876e+04 3.1248449065e+01
1.80800e+03 4.4001411226e+04 5.6527717320e+01
1.80900e+03 4.4037454763e+04 1.0139116743e+02
1.81000e+03 4.4069120487e+04 2.3133520645e+01
1.81100e+03 4.4094396803e+04 8.2977835091e-01
1.81200e+03 4.4123231458e+04 3.1770692230e+01
1.81300e+03 4.4151626975e+04 1.5462366829e+01
1.81400e+03 4.4180383445e+04 1.0901498970e+02
1.81500e+03 4.4209691660e+04 6.2994380197e+01
1.81600e+03 4.4238696408e+04 2.4379091669e+01
1.81700e+03 4.4267862168e+04 2.4212257884e+01
1.81800e+03 4.4293831244e+04 2.3615866729e+01
1.81900e+03 4.4319862476e+04 5.6848549692e+01
1.82000e+03 4.4349094855e+04 2.4415675928e+01
1.82100e+03 4.4377797630e+04 2.3518776439e+01
1.82200e+03 4.4406793846e+04 3.3189885615e+01
1.82300e+03 4.4436280653e+04 2.4712306371e+01
1.82400e+03 4.4465435704e+04 2.4610267356e+01
1.82500e+03 4.4494135809e+04 3.3154025063e+01
1.82600e+03 4.4523149647e+04 2.4705215547e+01
1.82700e+03 4.4552658475e+04 2.4607679695e+01
1.82800e+03 4.4578788698e+04 5.6952847448e+01
1.82900e+03 4.4611604640e+04 1.5940219900e+02
1.83000e+03 4.4644038379e+04 1.1229570272e+02
1.83100e+03 4.4669807922e+04 4.8715228438e+01
1.83200e+03 4.4699029069e+04 2.4649166892e+01
1.83300e+03 4.4728376026e+04 2.4462645849e+01
1.83400e+03 4.4757566407e+04 2.4407418592e+01
1.83500e+03 4.4786324548e+04 5.5873228310e+01
1.83600e+03 4.4810723278e+04 8.0350087759e+00
1.83700e+03 4.4829467388e+04 4.1982095404e+01
1.83800e+03 4.4851768508e+04 1.1147663645e+00
1.83900e+03 4.4872903946e+04 1.5649675611e+01
1.84000e+03 4.4889733649e+04 2.7472664716e+01
1.84100e+03 4.4906822436e+04 3.4825744761e+01
1.84200e+03 4.4928640498e+04 4.1825479576e+01
1.84300e+03 4.4950315078e+04 2.7984333366e+01
1.84400e+03 4.4972093432e+04 1.8057110571e+01
1.84500e+03 4.4995058880e+04 1.6887850069e+01
1.84600e+03 4.5014631685e+04 8.4049209623e+01
1.84700e+03 4.5034214481e+04 4.9833444399e+00
1.84800e+03 4.5056988722e+04 1.2795443728e+01
1.84900e+03 4.5078507337e+04 9.1138425633e+00
1.85000e+03 4.5095644264e+04 5.2855856138e+00
1.85100e+03 4.5112989067e+04 9.5258231428e+00
1.85200e+03 4.5135029456e+04 9.3667631403e+00
1.85300e+03 4.5158175077e+04 1.2962821659e+01
1.85400e+03 4.5177894559e+04 9.4122010840e+00
1.85500e+03 4.5203556646e+04 1.7674680093e+01
1.85600e+03 4.5233506342e+04 1.0528581694e+01
1.85700e+03 4.5263644009e+04 8.8704968743e+00
1.85800e+03 4.5293336112e+04 2.7503491222e+01
1.85900e+03 4.5322549476e+04 2.7570197942e+01
1.86000e+03 4.5347341449e+04 2.9599215087e+01
1.86100e+03 4.5372286504e+04 1.5505680322e+01
1.86200e+03 4.5401903618e+04 2.4590771093e+01
1.86300e+03 4.5431308094e+04 2.4757292945e+01
1.86400e+03 4.5460785596e+04 2.4592923038e+01
1.86500e+03 4.5490104076e+04 2.4482334306e+01
1.86600e+03 4.5514850843e+04 1.5444967864e+01
1.86700e+03 4.5533868472e+04 3.4435159137e+01
1.86800e+03 4.5556411958e+04 5.8103497813e+01
1.86900e+03 4.5577795872e+04 7.9345664114e+00
1.87000e+03 4.5594858718e+04 7.6839213036e+00
1.87100e+03 4.5607026873e+04 5.1195920751e+01
1.87200e+03 4.5622762856e+04 1.4734134809e+01
1.87300e+03 4.5636611086e+04 7.5356836142e+00
1.87400e+03 4.5646172109e+04 4.0609282051e+01
1.87500e+03 4.5651613583e+04 2.1446081462e+01
1.87600e+03 4.5660633918e+04 1.4243795529e+01
1.87700e+03 4.5667030895e+04 2.5591464862e+00
1.87800e+03 4.5669161959e+04 2.8854594319e+01
1.87900e+03 4.5667930052e+04 2.0902933357e+01
1.88000e+03 4.5670280337e+04 9.2266377163e+00
1.88100e+03 4.5669272182e+04 1.2297238495e+01
1.88200e+03 4.5664017361e+04 2.8267915122e+01
1.88300e+03 4.5656146776e+04 1.5856088389e+01
1.88400e+03 4.5648809284e+04 6.0902059182e+00
1.88500e+03 4.5641495786e+04 5.5708634860e-01
1.88600e+03 4.5634426490e+04 2.6819523432e-01
1.88700e+03 4.5630342110e+04 1.4400417462e+01
1.88800e+03 4.5625959689e+04 9.4539774661e+00
1.88900e+03 4.5618648288e+04 2.0966561206e-03
1.89000e+03 4.5614796214e+04 1.8487300115e+01
1.89100e+03 4.5606809748e+04 6.9783113419e+00
1.89200e+03 4.5594528059e+04 7.8992673665e+00
1.89300e+03 4.5580305598e+04 2.5379872923e+01
1.89400e+03 4.5566587123e+04 7.7368387585e+00
1.89500e+03 4.5555168137e+04 7.3346068519e+00
1.89600e+03 4.5548164050e+04 4.9291377541e+01
1.89700e+03 4.5545124415e+04 6.1695465941e+00
1.89800e+03 4.5541662717e+04 6.5809571904e+00
1.89900e+03 4.5534061151e+04 4.8857186108e+01
1.90000e+03 4.5522116077e+04 6.9906574479e+00
1.90100e+03 4.5508163500e+04 6.3044921862e+00
1.90200e+03 4.5494687778e+04 7.0845195348e+00
1.90300e+03 4.5483514071e+04 4.8996806980e+01
1.90400e+03 4.5476733312e+04 3.3924522268e+01
1.90500e+03 4.5469770261e+04 7.7231901786e+00
1.90600e+03 4.5462821172e+04 1.6833057506e-01
1.90700e+03 4.5459894921e+04 6.4609930048e+00
1.90800e+03 4.5453520386e+04 4.1087406848e+01
1.90900e+03 4.5450164577e+04 5.4380667415e-01
1.91000e+03 4.5451126265e+04 1.4562448472e+00
1.91100e+03 4.5451832656e+04 7.6694415503e+00
1.91200e+03 4.5447848505e+04 4.0227671854e+01
1.91300e+03 4.5444016661e+04 2.4718301345e+01
1.91400e+03 4.5440116833e+04 8.4323109884e-02
1.91500e+03 4.5433263875e+04 7.0996190755e+00
1.91600e+03 4.5429857581e+04 4.0546977868e+01
1.91700e+03 4.5422350001e+04 3.2456237450e+01
1.91800e+03 4.5410527517e+04 8.3013566207e-01
1.91900e+03 4.5396700958e+04 4.7480031736e+01
1.92000e+03 4.5386412639e+04 6.8820258779e+00
1.92100e+03 4.5376210821e+04 5.4657141374e+01
1.92200e+03 4.5365938091e+04 4.0667833162e+01
1.92300e+03 4.5355787533e+04 7.0431529888e+00
1.92400e+03 4.5342510661e+04 3.2898399125e+01
1.92500e+03 4.5329238566e+04 4.6280594321e+01
1.92600e+03 4.5316182319e+04 2.2062572123e-01
1.92700e+03 4.5303026436e+04 3.3661676108e-01
1.92800e+03 4.5290047932e+04 7.7743235237e-02
1.92900e+03 4.5276951605e+04 1.3722160729e-01
1.93000e+03 4.5264021497e+04 4.8395748996e-02
1.93100e+03 4.5253350755e+04 6.8388991072e+00
1.93200e+03 4.5247017287e+04 4.7978578006e+01
1.93300e+03 4.5244531499e+04 2.4854313108e+01
1.93400e+03 4.5241581699e+04 7.3229296263e+00
1.93500e+03 4.5234511546e+04 1.6252817137e+01
1.93600e+03 4.5223067093e+04 3.9542610374e+01
1.93700e+03 4.5211886196e+04 4.8440753978e+01
1.93800e+03 4.5200678860e+04 4.8155196880e+01
1.93900e+03 4.5187276415e+04 6.0441672956e+00
1.94000e+03 4.5177336024e+04 2.3227155170e+01
1.94100e+03 4.5162573443e+04 3.8932782783e+01
1.94200e+03 4.5143515114e+04 6.6934154554e+00
1.94300e+03 4.5123187742e+04 1.3226864686e+01
1.94400e+03 4.5106399869e+04 3.6395548418e+01
1.94500e+03 4.5084079459e+04 7.5578286199e+00
1.94600e+03 4.5057510705e+04 8.6680024699e+00
1.94700e+03 4.5031332012e+04 1.4997796348e+01
1.94800e+03 4.5005174352e+04 1.1644967141e+01
1.94900e+03 4.4978356963e+04 6.4900167625e+00
1.95000e+03 4.4955023276e+04 6.5458132127e+00
1.95100e+03 4.4925399351e+04 7.3035150488e+00
1.95200e+03 4.4891521741e+04 1.0646687706e+01
1.95300e+03 4.4858049598e+04 7.2934491777e+00
1.95400e+03 4.4829258999e+04 6.8241761778e+01
1.95500e+03 4.4806675999e+04 2.0097212182e+01
1.95600e+03 4.4780635870e+04 8.6873983157e+01
1.95700e+03 4.4754466667e+04 5.9152223890e+01
1.95800e+03 4.4731526264e+04 1.9683832016e+01
1.95900e+03 4.4702251507e+04 6.7824351756e+01
1.96000e+03 4.4668674419e+04 6.9856340748e+00
1.96100e+03 4.4635275994e+04 2.6893371020e+01
1.96200e+03 4.4605399725e+04 6.9358651313e+00
1.96300e+03 4.4568520732e+04 7.6042365495e+00
1.96400e+03 4.4527405645e+04 7.5379976461e+00
1.96500e+03 4.4486722765e+04 7.5384258210e+01
1.96600e+03 4.4446051593e+04 7.4864959026e+01
1.96700e+03 4.4406170874e+04 1.3411223488e+01
1.96800e+03 4.4369759606e+04 6.5349983748e+00
1.96900e+03 4.4325594092e+04 7.2865219366e+00
1.97000e+03 4.4281865765e+04 3.5014842482e+01
1.97100e+03 4.4245979719e+04 1.0009015525e+02
1.97200e+03 4.4206695181e+04 9.2282648923e+01
1.97300e+03 4.4166803733e+04 3.4188394635e+01
1.97400e+03 4.4131309503e+04 7.8513450178e+01
1.97500e+03 4.4102611483e+04 1.0531838430e+00
1.97600e+03 4.4070393168e+04 1.3252898038e+01
1.97700e+03 4.4037990505e+04 9.4959329934e-01
1.97800e+03 4.4008791427e+04 7.9535356982e+01
1.97900e+03 4.3979516214e+04 8.0033014461e+01
1.98000e+03 4.3950118542e+04 1.9859436240e-01
1.98100e+03 4.3913764492e+04 1.0560329992e+02
1.98200e+03 4.3877811172e+04 9.2602459346e+01
1.98300e+03 4.3848891440e+04 1.5708562970e-01
1.98400e+03 4.3819602783e+04 9.1877425401e+01
1.98500e+03 4.3790300444e+04 2.0023559509e+01
1.98600e+03 4.3757843641e+04 7.1015536259e-01
1.98700e+03 4.3725586050e+04 7.2497172110e+01
1.98800e+03 4.3693047085e+04 1.1238270460e+01
1.98900e+03 4.3660652620e+04 1.1363906801e+01
1.99000e+03 4.3632797125e+04 5.2565015858e+00
1.99100e+03 4.3610968671e+04 8.1833302061e+00
1.99200e+03 4.3585617822e+04 7.1059542008e+00
1.99300e+03 4.3561112237e+04 7.8888816539e+00
1.99400e+03 4.3540912082e+04 9.3382054907e+00
1.99500e+03 4.3525919138e+04 1.3934358502e+01
1.99600e+03 4.3510419190e+04 1.5880743966e+01
1.99700e+03 4.3494851470e+04 5.7477653390e-01
1.99800e+03 4.3476044206e+04 6.5435853541e+00
1.99900e+03 4.3458893625e+04 7.3550031955e+00
2.00000e+03 4.3446069425e+04 2.0722178093e+01
