0.00000e+00 0.0000000000e+00 0.0000000000e+00
1.00000e+00 8.0728831158e+01 8.0728831158e+01
2.00000e+00 1.5816529204e+02 7.7436460887e+01
3.00000e+00 2.4804014821e+02 8.9874856164e+01
4.00000e+00 3.4214891504e+02 1.7475686916e+02
5.00000e+00 4.3000192581e+02 8.4483204036e+01
6.00000e+00 5.1440835087e+02 9.6754945487e+01
7.00000e+00 6.1194756172e+02 1.8224646697e+02
8.00000e+00 7.1365755057e+02 9.1999942848e+01
9.00000e+00 8.0831118526e+02 1.0345881446e+02
1.00000e+01 8.9949343229e+02 1.8884004247e+02
1.10000e+01 9.9079303470e+02 4.5396801981e+02
1.20000e+01 1.0851498953e+03 3.6275903943e+02
1.30000e+01 1.1861408480e+03 3.6748100791e+02
1.40000e+01 1.2825894695e+03 5.4996267321e+02
1.50000e+01 1.3660763584e+03 7.8127134224e+00
1.60000e+01 1.4531254648e+03 9.1403593869e+01
1.70000e+01 1.5462191154e+03 2.7502535317e+02
1.80000e+01 1.6349014412e+03 1.5571196288e+01
1.90000e+01 1.7114729151e+03 8.4124638197e+01
2.00000e+01 1.7916527181e+03 2.6788102435e+02
2.10000e+01 1.8771454637e+03 2.3156530033e+01
2.20000e+01 1.9582660739e+03 7.6478797932e+01
2.30000e+01 2.0280627228e+03 2.6083831836e+02
2.40000e+01 2.1014825954e+03 2.9893303853e+01
2.50000e+01 2.1794807377e+03 6.8907715767e+01
2.60000e+01 2.2578053766e+03 4.9913711616e+02
2.70000e+01 2.3317118344e+03 4.9669381161e+02
2.80000e+01 2.4023147951e+03 4.9789865654e+02
2.90000e+01 2.4731029181e+03 1.3973903529e+02
3.00000e+01 2.5470578827e+03 1.4640390750e+02
3.10000e+01 2.6254620127e+03 1.5527461739e+02
3.20000e+01 2.7040960672e+03 1.5542875839e+02
3.30000e+01 2.7782274296e+03 1.6883587639e+02
3.40000e+01 2.8490151774e+03 1.3978408332e+02
3.50000e+01 2.9314924485e+03 7.3075731186e+02
3.60000e+01 3.0182125804e+03 9.8663782416e+01
3.70000e+01 3.0994233526e+03 1.4672370907e+02
3.80000e+01 3.1771866628e+03 7.8924877902e+01
3.90000e+01 3.2673428536e+03 1.0624403827e+02
4.00000e+01 3.3616819343e+03 1.5419593426e+02
4.10000e+01 3.4497094004e+03 8.5662646849e+01
4.20000e+01 3.5342637346e+03 1.1292881822e+02
4.30000e+01 3.6319463135e+03 1.6156812648e+02
4.40000e+01 3.7337825780e+03 9.3074167906e+01
4.50000e+01 3.8285375490e+03 1.1954339438e+02
4.60000e+01 3.9198107868e+03 1.6812546189e+02
4.70000e+01 4.0249474867e+03 1.0043521476e+02
4.80000e+01 4.1342178244e+03 1.2685792420e+02
4.90000e+01 4.2428661609e+03 6.5783655317e+02
5.00000e+01 4.3468721560e+03 8.6289060873e+02
5.10000e+01 4.4371472348e+03 5.1875043396e+02
5.20000e+01 4.5309738315e+03 7.5513968403e+02
5.30000e+01 4.6315822577e+03 7.1526831520e+01
5.40000e+01 4.7277527600e+03 7.0567743255e+01
5.50000e+01 4.8239096376e+03 2.6781516123e+02
5.60000e+01 4.9248225447e+03 2.7812106516e+02
5.70000e+01 5.0189562481e+03 4.0010366675e+02
5.80000e+01 5.1097410238e+03 3.6739366358e+02
5.90000e+01 5.2144285908e+03 1.3630971623e+02
6.00000e+01 5.3233150859e+03 1.2119865537e+02
6.10000e+01 5.4244451338e+03 1.4125501646e+02
6.20000e+01 5.5221319398e+03 1.4307543679e+02
6.30000e+01 5.6344266954e+03 1.2868464523e+02
6.40000e+01 5.7508647863e+03 1.4866535728e+02
6.50000e+01 5.8587557745e+03 1.4969330168e+02
6.60000e+01 5.9631827037e+03 1.3529608380e+02
6.70000e+01 6.0829517887e+03 1.5599102135e+02
6.80000e+01 6.2068382956e+03 1.5699202426e+02
6.90000e+01 6.3214171072e+03 1.4184861121e+02
7.00000e+01 6.4355692742e+03 6.3737007483e+02
7.10000e+01 6.5499955614e+03 2.2422835929e+02
7.20000e+01 6.6640954774e+03 2.2395187985e+02
7.30000e+01 6.7871180406e+03 6.4711952014e+02
7.40000e+01 6.9055831972e+03 6.3200316173e+02
7.50000e+01 7.0088696568e+03 1.1062396115e+03
7.60000e+01 7.1157293138e+03 7.2402589316e+00
7.70000e+01 7.2308430055e+03 6.9254079427e+01
7.80000e+01 7.3415107026e+03 4.8762740502e+02
7.90000e+01 7.4378497764e+03 1.4180404506e+01
8.00000e+01 7.5347548321e+03 6.2957179711e+02
8.10000e+01 7.6463201429e+03 7.1293398662e+02
8.20000e+01 7.7574600189e+03 2.1726836706e+02
8.30000e+01 7.8540487572e+03 1.8831609669e+02
8.40000e+01 7.9541632328e+03 6.7451813889e+00
8.50000e+01 8.0546156137e+03 3.9058743528e+02
8.60000e+01 8.1518028448e+03 2.3124458763e+02
8.70000e+01 8.2636036277e+03 2.1728657092e+02
8.80000e+01 8.3795940784e+03 7.4801168518e+02
8.90000e+01 8.4871168856e+03 2.3808376934e+02
9.00000e+01 8.5912020173e+03 2.2396718496e+02
9.10000e+01 8.7106203480e+03 7.6175478023e+00
9.20000e+01 8.8341814132e+03 2.4541630007e+02
9.30000e+01 8.9484868572e+03 2.3052585451e+02
9.40000e+01 9.0593312297e+03 1.4369171125e+01
9.50000e+01 9.1862390561e+03 2.1857022566e+02
9.60000e+01 9.3172631730e+03 2.3775838041e+02
9.70000e+01 9.4382638691e+03 2.1050054032e+01
9.80000e+01 9.5557998326e+03 2.2504324649e+02
9.90000e+01 9.6901351050e+03 2.4494806787e+02
1.00000e+02 9.8285686401e+03 2.8438422264e+01
1.01000e+02 9.9562264500e+03 2.3147531700e+02
1.02000e+02 1.0083465288e+04 1.1377350706e+03
1.03000e+02 1.0221102825e+04 1.2037260566e+03
1.04000e+02 1.0354165167e+04 7.0965645658e+02
1.05000e+02 1.0470577562e+04 9.6161612309e+02
1.06000e+02 1.0587514918e+04 4.7419039797e+02
1.07000e+02 1.0704736402e+04 2.2666239682e+02
1.08000e+02 1.0825063346e+04 3.1063623438e+01
1.09000e+02 1.0954968866e+04 2.2420344728e+02
1.10000e+02 1.1080329809e+04 4.4882022082e+02
1.11000e+02 1.1189843179e+04 7.7081144611e+00
1.12000e+02 1.1302956266e+04 2.1676538647e+02
1.13000e+02 1.1425042731e+04 4.4055234621e+02
1.14000e+02 1.1542692816e+04 1.5411264673e+01
1.15000e+02 1.1645325589e+04 1.4847276755e+01
1.16000e+02 1.1748544094e+04 2.1984890687e+02
1.17000e+02 1.1867145996e+04 6.7758762469e+02
1.18000e+02 1.1990003581e+04 9.1773444781e+02
1.19000e+02 1.2112310104e+04 2.3672990597e+02
1.20000e+02 1.2230072972e+04 2.2820160688e+02
1.21000e+02 1.2332792460e+04 1.9798789888e+02
1.22000e+02 1.2439126849e+04 6.6982627188e+02
1.23000e+02 1.2545860193e+04 1.1436760619e+03
1.24000e+02 1.2652402560e+04 2.0418063304e+02
1.25000e+02 1.2767144602e+04 7.5644805678e+00
1.26000e+02 1.2877430411e+04 7.4770598431e+00
1.27000e+02 1.2973425397e+04 6.6850721315e+02
1.28000e+02 1.3073043671e+04 6.9240940745e+00
1.29000e+02 1.3180156992e+04 7.6287208336e+00
1.30000e+02 1.3282875186e+04 6.4480460882e+02
1.31000e+02 1.3372095707e+04 1.3691635585e+01
1.32000e+02 1.3461909072e+04 8.3854553193e+02
1.33000e+02 1.3565620800e+04 8.4977345332e+02
1.34000e+02 1.3673620585e+04 4.2560802881e+02
1.35000e+02 1.3774015859e+04 3.6011365444e+02
1.36000e+02 1.3871019496e+04 2.1741967324e+02
1.37000e+02 1.3982605213e+04 7.8739891086e+00
1.38000e+02 1.4098377242e+04 3.6752578579e+02
1.39000e+02 1.4205701670e+04 2.2413140723e+02
1.40000e+02 1.4309592234e+04 1.4753042479e+01
1.41000e+02 1.4428795300e+04 1.8720010392e+02
1.42000e+02 1.4552142446e+04 2.3148239332e+02
1.43000e+02 1.4666257072e+04 2.1528487322e+01
1.44000e+02 1.4776914120e+04 1.9377938781e+02
1.45000e+02 1.4903617418e+04 2.3875114303e+02
1.46000e+02 1.5029763321e+04 6.5337057602e+02
1.47000e+02 1.5155532628e+04 2.4094954842e+02
1.48000e+02 1.5285928279e+04 2.8555462717e+01
1.49000e+02 1.5406507711e+04 2.0005041510e+02
1.50000e+02 1.5523699031e+04 4.8575526230e+02
1.51000e+02 1.5657703344e+04 8.2350058426e+00
1.52000e+02 1.5795838379e+04 2.0758974838e+02
1.53000e+02 1.5923248289e+04 4.9209998526e+02
1.54000e+02 1.6047206109e+04 1.4993270342e+01
1.55000e+02 1.6188690821e+04 7.4803991693e+00
1.56000e+02 1.6334271256e+04 4.9905328624e+02
1.57000e+02 1.6468360757e+04 2.1657866736e+01
1.58000e+02 1.6598991283e+04 1.4145625856e+01
1.59000e+02 1.6747883141e+04 4.9998690623e+02
1.60000e+02 1.6900851563e+04 2.9024194900e+01
1.61000e+02 1.7041575076e+04 2.0765493149e+01
1.62000e+02 1.7178831685e+04 5.0611300211e+02
1.63000e+02 1.7335086602e+04 3.6358229294e+01
1.64000e+02 1.7495408325e+04 2.8098029074e+01
1.65000e+02 1.7654946032e+04 1.8675443787e+03
1.66000e+02 1.7809873571e+04 8.2099871466e+02
1.67000e+02 1.7945975494e+04 1.6617861493e+03
1.68000e+02 1.8085673439e+04 1.6866058437e+03
1.69000e+02 1.8237286456e+04 2.6260816371e+02
1.70000e+02 1.8389070776e+04 5.6132736312e+02
1.71000e+02 1.8528992065e+04 5.7481915600e+02
1.72000e+02 1.8668659355e+04 2.6669447189e+02
1.73000e+02 1.8820227955e+04 2.9018876455e+02
1.74000e+02 1.8967283197e+04 2.1641417496e+02
1.75000e+02 1.9114165579e+04 5.7946343276e+02
1.76000e+02 1.9265840197e+04 2.8978887340e+02
1.77000e+02 1.9405655841e+04 2.6632213253e+02
1.78000e+02 1.9542168594e+04 6.1446198364e+02
1.79000e+02 1.9697715226e+04 2.9816333345e+02
1.80000e+02 1.9857412659e+04 8.0228158854e+00
1.81000e+02 2.0016394423e+04 3.0492704191e+02
1.82000e+02 2.0170817933e+04 6.5983093490e+02
1.83000e+02 2.0306504337e+04 6.1343200286e+02
1.84000e+02 2.0445815056e+04 5.8978454846e+02
1.85000e+02 2.0597029635e+04 2.7985461974e+02
1.86000e+02 2.0743772799e+04 7.6803447855e+00
1.87000e+02 2.0872569819e+04 3.0490012646e+02
1.88000e+02 2.1005016497e+04 2.7271072386e+02
1.89000e+02 2.1148628513e+04 1.5275227628e+01
1.90000e+02 2.1292469847e+04 5.5308082816e+02
1.91000e+02 2.1425287867e+04 8.5463515332e+02
1.92000e+02 2.1554835542e+04 5.5585122234e+02
1.93000e+02 2.1702668889e+04 5.5282925543e+02
1.94000e+02 2.1854685250e+04 2.7355542320e+02
1.95000e+02 2.1994626621e+04 7.1233503924e+00
1.96000e+02 2.2131170571e+04 2.9432157183e+02
1.97000e+02 2.2286695261e+04 2.8097321090e+02
1.98000e+02 2.2446337184e+04 1.4741789367e+01
1.99000e+02 2.2593095575e+04 2.7191211713e+02
2.00000e+02 2.2736427554e+04 2.8748026717e+02
2.01000e+02 2.2899469275e+04 2.2244078031e+01
2.02000e+02 2.3061910874e+04 8.7088893217e+02
2.03000e+02 2.3204563973e+04 8.3858197703e+02
2.04000e+02 2.3350718995e+04 5.4258521945e+02
2.05000e+02 2.3509456400e+04 8.8514343344e+02
2.06000e+02 2.3663656963e+04 2.3926299099e+02
2.07000e+02 2.3799123082e+04 7.1869800117e+00
2.08000e+02 2.3938215729e+04 3.3305908644e+02
2.09000e+02 2.4089194543e+04 2.3126513741e+02
2.10000e+02 2.4240379755e+04 8.3433882650e+02
2.11000e+02 2.4391147175e+04 2.8483884428e+02
2.12000e+02 2.4537500667e+04 1.5026863872e+01
2.13000e+02 2.4666012460e+04 3.1552645044e+02
2.14000e+02 2.4798206916e+04 5.0868968794e+02
2.15000e+02 2.4941562091e+04 7.4122460556e+00
2.16000e+02 2.5080494648e+04 3.0778998936e+02
2.17000e+02 2.5202297352e+04 5.0147190862e+02
2.18000e+02 2.5327773411e+04 1.4123230442e+01
2.19000e+02 2.5463664243e+04 4.4219404523e-02
2.20000e+02 2.5599816234e+04 2.6207177671e+02
2.21000e+02 2.5735625018e+04 2.5430753356e+02
2.22000e+02 2.5867036594e+04 4.9344945611e+02
2.23000e+02 2.5982121892e+04 2.0826513064e+01
2.24000e+02 2.6100894680e+04 2.4730577885e+02
2.25000e+02 2.6220147115e+04 1.3232979729e+03
2.26000e+02 2.6336185206e+04 1.0306278538e+03
2.27000e+02 2.6452516033e+04 2.4830400249e+02
2.28000e+02 2.6568910134e+04 2.4841170891e+02
2.29000e+02 2.6685457553e+04 2.1436597319e+02
2.30000e+02 2.6802008024e+04 2.1430797667e+02
2.31000e+02 2.6935188445e+04 1.3040193195e+03
2.32000e+02 2.7072489933e+04 4.7486384145e+02
2.33000e+02 2.7209120131e+04 4.7521039171e+02
2.34000e+02 2.7341170413e+04 4.4204032436e+02
2.35000e+02 2.7456724230e+04 2.1310006733e+02
2.36000e+02 2.7575890479e+04 4.7512864286e+02
2.37000e+02 2.7704716773e+04 1.9797182734e+02
2.38000e+02 2.7829108043e+04 2.0522795609e+02
2.39000e+02 2.7937811760e+04 3.9560364315e+01
2.40000e+02 2.8050160216e+04 1.9095606203e+02
2.41000e+02 2.8162945534e+04 6.5895150261e+02
2.42000e+02 2.8272499916e+04 2.4541168221e+02
2.43000e+02 2.8398083064e+04 6.3902373891e+02
2.44000e+02 2.8527869680e+04 6.5077767849e+02
2.45000e+02 2.8647822041e+04 1.5157745069e+01
2.46000e+02 2.8764369441e+04 1.9777804758e+02
2.47000e+02 2.8897665632e+04 2.4704148342e+02
2.48000e+02 2.9035109174e+04 2.2799514100e+01
2.49000e+02 2.9161913886e+04 2.0443261958e+02
2.50000e+02 2.9285284643e+04 2.5361779860e+02
2.51000e+02 2.9426138548e+04 3.0334429177e+01
2.52000e+02 2.9571107750e+04 2.1175384630e+02
2.53000e+02 2.9704663693e+04 2.6011541194e+02
2.54000e+02 2.9834776696e+04 3.7046342070e+01
2.55000e+02 2.9965118564e+04 7.0834770267e+02
2.56000e+02 3.0098476269e+04 7.0567995330e+02
2.57000e+02 3.0232049741e+04 2.4605665123e+02
2.58000e+02 3.0362201703e+04 2.3979474598e+02
2.59000e+02 3.0510540547e+04 2.1902703097e+02
2.60000e+02 3.0662955019e+04 5.1311116176e+02
2.61000e+02 3.0803187292e+04 3.7183925829e+01
2.62000e+02 3.0943021199e+04 2.8943353728e+02
2.63000e+02 3.1083204597e+04 2.5857010439e+02
2.64000e+02 3.1219992074e+04 6.6355153255e+00
2.65000e+02 3.1375718544e+04 5.1998567627e+02
2.66000e+02 3.1535517612e+04 3.0284287273e+02
2.67000e+02 3.1682388941e+04 6.6879296023e+00
2.68000e+02 3.1825809719e+04 5.0515120827e+02
2.69000e+02 3.1988929950e+04 3.0993379126e+02
2.70000e+02 3.2156117836e+04 1.4070058113e+01
2.71000e+02 3.2309635068e+04 2.5930186176e+02
2.72000e+02 3.2459697812e+04 3.1626582336e+02
2.73000e+02 3.2630194962e+04 2.1432906614e+01
2.74000e+02 3.2804740656e+04 2.6640036872e+02
2.75000e+02 3.2964870329e+04 3.2256199856e+02
2.76000e+02 3.3121552007e+04 2.8030407354e+01
2.77000e+02 3.3278512300e+04 1.1214002477e+03
2.78000e+02 3.3438441389e+04 8.6636995548e+02
2.79000e+02 3.3598624273e+04 2.9695128074e+02
2.80000e+02 3.3755331002e+04 2.9075066120e+02
2.81000e+02 3.3933151881e+04 2.7345769772e+02
2.82000e+02 3.4114988734e+04 6.2618492402e+02
2.83000e+02 3.4281664043e+04 2.8056643577e+01
2.84000e+02 3.4444889082e+04 6.5183098620e+00
2.85000e+02 3.4630017918e+04 6.3286669575e+02
2.86000e+02 3.4819179172e+04 3.5352988518e+01
2.87000e+02 3.5007470605e+04 2.4943395265e+03
2.88000e+02 3.5195845027e+04 3.5247262649e+02
2.89000e+02 3.5368664070e+04 1.2655524594e+01
2.90000e+02 3.5538172625e+04 6.2097597549e+02
2.91000e+02 3.5730369934e+04 3.9450626251e+02
2.92000e+02 3.5921955731e+04 2.9434377479e+03
2.93000e+02 3.6090829010e+04 9.2923968851e+02
2.94000e+02 3.6263228312e+04 6.9041258673e+02
2.95000e+02 3.6451148380e+04 7.1027128635e+02
2.96000e+02 3.6634494108e+04 8.2400688113e+00
2.97000e+02 3.6796167234e+04 3.4091012806e+01
2.98000e+02 3.6961483104e+04 7.0247758331e+02
2.99000e+02 3.7141618225e+04 1.6016776005e+01
3.00000e+02 3.7317249300e+04 7.7146530680e+00
3.01000e+02 3.7472026940e+04 6.9487961989e+02
3.02000e+02 3.7627422874e+04 1.0277470303e+03
3.03000e+02 3.7804036482e+04 3.2700002886e+02
3.04000e+02 3.7984839883e+04 6.8598923475e+02
3.05000e+02 3.8150695975e+04 1.6401113312e+03
3.06000e+02 3.8313191301e+04 7.0993922598e+00
3.07000e+02 3.8476043926e+04 2.9882028922e+02
3.08000e+02 3.8641916897e+04 5.8885071720e+02
3.09000e+02 3.8822401862e+04 3.3536242138e+02
3.10000e+02 3.8998249871e+04 9.4648629869e+02
3.11000e+02 3.9153152343e+04 2.8956640842e+02
3.12000e+02 3.9308626640e+04 5.8077728178e+02
3.13000e+02 3.9464509264e+04 2.8366009489e+02
3.14000e+02 3.9623478615e+04 6.9036197780e+00
3.15000e+02 3.9782787843e+04 5.8074193338e+02
3.16000e+02 3.9938695307e+04 2.8380960180e+02
3.17000e+02 4.0115695925e+04 9.4592682284e+02
3.18000e+02 4.0296768513e+04 1.1847247536e+03
3.19000e+02 4.0477034466e+04 1.1833210162e+03
3.20000e+02 4.0652746034e+04 5.7251683666e+02
3.21000e+02 4.0807588186e+04 2.8248532017e+02
3.22000e+02 4.0966076503e+04 9.1238934402e+02
3.23000e+02 4.1138627153e+04 7.7153020577e+00
3.24000e+02 4.1306689688e+04 2.7455380154e+02
3.25000e+02 4.1454665624e+04 3.3150828698e+02
3.26000e+02 4.1603259622e+04 6.0606614813e+02
3.27000e+02 4.1772314064e+04 8.3827739131e+02
3.28000e+02 4.1945573037e+04 3.1718798530e+02
3.29000e+02 4.2118134864e+04 3.1688197435e+02
3.30000e+02 4.2286197667e+04 3.3117704564e+02
3.31000e+02 4.2434196134e+04 2.6710811067e+02
3.32000e+02 4.2585867262e+04 3.0204031732e+02
3.33000e+02 4.2750863519e+04 2.7191333576e+02
3.34000e+02 4.2916068145e+04 5.8015216875e+02
3.35000e+02 4.3068101898e+04 9.1636309843e+02
3.36000e+02 4.3216876797e+04 2.6702190276e+02
3.37000e+02 4.3386092644e+04 6.3110038343e+02
3.38000e+02 4.3559474807e+04 1.0416156098e+01
3.39000e+02 4.3732130171e+04 3.1815795750e+02
3.40000e+02 4.3900265389e+04 6.0733248183e+02
3.41000e+02 4.4048314953e+04 2.6680597749e+02
3.42000e+02 4.4200025159e+04 5.8952029957e+02
3.43000e+02 4.4365053759e+04 2.8859953642e+02
3.44000e+02 4.4530282791e+04 5.9575898525e+02
3.45000e+02 4.4682332981e+04 5.8894721619e+02
3.46000e+02 4.4831119335e+04 3.4043052005e+02
3.47000e+02 4.5000343322e+04 6.0557710539e+02
3.48000e+02 4.5173729709e+04 8.1573556927e+00
3.49000e+02 4.5332892095e+04 7.1121964551e+00
3.50000e+02 4.5488671230e+04 6.1196430816e+02
3.51000e+02 4.5665583199e+04 1.5837181627e+01
3.52000e+02 4.5846589068e+04 7.6194812843e+00
3.53000e+02 4.6012565593e+04 6.0142797550e+02
3.54000e+02 4.6175131902e+04 2.2608518732e+01
3.55000e+02 4.6359565344e+04 1.5133334528e+01
3.56000e+02 4.6548061452e+04 5.9986802345e+02
3.57000e+02 4.6720759621e+04 2.9307552989e+01
3.58000e+02 4.6890037554e+04 2.1829826237e+01
3.59000e+02 4.7081918659e+04 6.0671581766e+02
3.60000e+02 4.7277844965e+04 3.6708443615e+01
3.61000e+02 4.7457215891e+04 2.8480753748e+01
3.62000e+02 4.7633161501e+04 6.1277677814e+02
3.63000e+02 4.7832445854e+04 4.4074983790e+01
3.64000e+02 4.8031072470e+04 1.3165424833e+03
3.65000e+02 4.8206256248e+04 1.6351345548e+03
3.66000e+02 4.8384955083e+04 9.6540786870e+02
3.67000e+02 4.8579869623e+04 1.3451118805e+03
3.68000e+02 4.8774869056e+04 7.2118386536e+02
3.69000e+02 4.8953637409e+04 6.1156142954e+02
3.70000e+02 4.9129114382e+04 3.1713071381e+02
3.71000e+02 4.9305009264e+04 3.1752468738e+02
3.72000e+02 4.9483922723e+04 6.9387309102e+02
3.73000e+02 4.9678900799e+04 3.5593815298e+02
3.74000e+02 4.9869224347e+04 5.8247253741e+02
3.75000e+02 5.0037140027e+04 8.1657149765e+01
3.76000e+02 5.0208688032e+04 3.4821675975e+02
3.77000e+02 5.0395743167e+04 2.1809250606e+02
3.78000e+02 5.0582952719e+04 5.6566674816e+02
3.79000e+02 5.0754759408e+04 7.4735681328e+02
3.80000e+02 5.0923308216e+04 3.9185449114e+02
3.81000e+02 5.1114497701e+04 1.2774688945e+03
3.82000e+02 5.1309816407e+04 9.8553383699e+01
3.83000e+02 5.1488697684e+04 7.0745870119e+00
3.84000e+02 5.1664202150e+04 6.1079598607e+02
3.85000e+02 5.1840081001e+04 9.1997464567e+02
3.86000e+02 5.2015896033e+04 3.1552490918e+02
3.87000e+02 5.2191922480e+04 3.1535698027e+02
3.88000e+02 5.2367821245e+04 3.1512535550e+02
3.89000e+02 5.2566881270e+04 1.0632537084e+02
3.90000e+02 5.2769912769e+04 1.4780305317e+01
3.91000e+02 5.2955652292e+04 1.2010207934e+03
3.92000e+02 5.3137963990e+04 6.4129339354e+00
3.93000e+02 5.3344326130e+04 2.2067639194e+01
3.94000e+02 5.3554707649e+04 1.2071697937e+03
3.95000e+02 5.3747075504e+04 1.3034852390e+01
3.96000e+02 5.3939080127e+04 1.5486843642e+03
3.97000e+02 5.4148739516e+04 1.6808728678e+03
3.98000e+02 5.4353751377e+04 1.3303601002e+03
3.99000e+02 5.4534876467e+04 6.7288200683e+02
4.00000e+02 5.4716578016e+04 6.7159897546e+02
4.01000e+02 5.4922388255e+04 1.2054107229e+03
4.02000e+02 5.5132313839e+04 3.8140454475e+02
4.03000e+02 5.5324332942e+04 6.7057862422e+02
4.04000e+02 5.5512982310e+04 3.6952656814e+01
4.05000e+02 5.5702039566e+04 3.6920863399e+02
4.06000e+02 5.5894072311e+04 6.6993616794e+02
4.07000e+02 5.6103603744e+04 3.8089518395e+02
4.08000e+02 5.6308444610e+04 1.0408775551e+03
4.09000e+02 5.6489404771e+04 2.9989266824e+02
4.10000e+02 5.6673997676e+04 7.2005065640e+01
4.11000e+02 5.6875550070e+04 3.2159562532e+02
4.12000e+02 5.7072568595e+04 2.9177043415e+02
4.13000e+02 5.7269297817e+04 9.9299545144e+02
4.14000e+02 5.7466207859e+04 3.5346661049e+02
4.15000e+02 5.7640157561e+04 6.4922601215e+01
4.16000e+02 5.7817803915e+04 3.1432747789e+02
4.17000e+02 5.8011689984e+04 6.3692548328e+02
4.18000e+02 5.8201092285e+04 7.5077422217e+00
4.19000e+02 5.8390259620e+04 3.3805102214e+02
4.20000e+02 5.8579628967e+04 3.3768001794e+02
4.21000e+02 5.8768793506e+04 3.3733954198e+02
4.22000e+02 5.8962842985e+04 1.3222007705e+03
4.23000e+02 5.9156392073e+04 3.4637511706e+02
4.24000e+02 5.9345588157e+04 3.3682893875e+02
4.25000e+02 5.9512673139e+04 3.0714843119e+02
4.26000e+02 5.9683498013e+04 9.7549582044e+02
4.27000e+02 5.9854947470e+04 1.6848023567e+03
4.28000e+02 6.0023127277e+04 1.6462480689e+03
4.29000e+02 6.0213864131e+04 3.3806442410e+02
4.30000e+02 6.0404034216e+04 3.3870036184e+02
4.31000e+02 6.0571680449e+04 9.7508157480e+02
4.32000e+02 6.0742900820e+04 3.0047681635e+02
4.33000e+02 6.0929563912e+04 6.5109778002e+02
4.34000e+02 6.1111702308e+04 8.0316900453e+00
4.35000e+02 6.1272329004e+04 2.9315680308e+02
4.36000e+02 6.1436635913e+04 3.4345190049e+02
4.37000e+02 6.1601518990e+04 6.3671840916e+02
4.38000e+02 6.1763119365e+04 6.0379940220e+02
4.39000e+02 6.1946532905e+04 3.2301469005e+02
4.40000e+02 6.2134066268e+04 1.2756756356e+03
4.41000e+02 6.2320818405e+04 6.1650522834e+02
4.42000e+02 6.2503057306e+04 3.2279218118e+02
4.43000e+02 6.2663799304e+04 3.4322375041e+02
4.44000e+02 6.2828218692e+04 6.1600120273e+02
4.45000e+02 6.3007388098e+04 7.5827309806e+00
4.46000e+02 6.3182079912e+04 2.8529423917e+02
4.47000e+02 6.3336033183e+04 6.0859647435e+02
4.48000e+02 6.3493675588e+04 1.4352131943e+01
4.49000e+02 6.3651886727e+04 5.9437548326e+02
4.50000e+02 6.3806831458e+04 9.4421276061e+02
4.51000e+02 6.3982855373e+04 6.1705021665e+02
4.52000e+02 6.4163016744e+04 5.8640911606e+02
4.53000e+02 6.4328270829e+04 2.8532040980e+02
4.54000e+02 6.4490151217e+04 6.9356561367e+00
4.55000e+02 6.4673858275e+04 5.9350584997e+02
4.56000e+02 6.4861660900e+04 2.9267634464e+02
4.57000e+02 6.5048654673e+04 8.8603074169e+02
4.58000e+02 6.5231110543e+04 9.2426824063e+02
4.59000e+02 6.5392028424e+04 2.7783301398e+02
4.60000e+02 6.5556606340e+04 8.9208022142e+02
4.61000e+02 6.5735934651e+04 2.0510628402e+01
4.62000e+02 6.5910770761e+04 7.6197612957e+00
4.63000e+02 6.6064842631e+04 5.9913594751e+02
4.64000e+02 6.6219542446e+04 8.6891141972e+02
4.65000e+02 6.6395393019e+04 3.0509113040e+02
4.66000e+02 6.6575444751e+04 3.4166498488e+02
4.67000e+02 6.6740634133e+04 8.7490652554e+02
4.68000e+02 6.6902473071e+04 7.1391232391e+00
4.69000e+02 6.7086149955e+04 3.2858568373e+02
4.70000e+02 6.7273931987e+04 5.3234604066e+02
4.71000e+02 6.7446018811e+04 1.4029425635e+01
4.72000e+02 6.7614712985e+04 7.2322687013e+01
4.73000e+02 6.7805972325e+04 5.3939615081e+02
4.74000e+02 6.8001300125e+04 2.1561163277e+01
4.75000e+02 6.8180150608e+04 7.9014023377e+01
4.76000e+02 6.8358645819e+04 6.5197355988e+02
4.77000e+02 6.8553303108e+04 8.8182950535e+02
4.78000e+02 6.8748015022e+04 3.4170065363e+02
4.79000e+02 6.8926506733e+04 3.0951991544e+02
4.80000e+02 6.9101694077e+04 5.4534992448e+02
4.81000e+02 6.9300220461e+04 3.7016559886e+02
4.82000e+02 6.9498147891e+04 1.5647866458e+03
4.83000e+02 6.9672742006e+04 9.0676971804e+02
4.84000e+02 6.9850883267e+04 3.0885644519e+02
4.85000e+02 7.0029541186e+04 3.0871379641e+02
4.86000e+02 7.0204827198e+04 3.6989410210e+02
4.87000e+02 7.0380447484e+04 3.7055037877e+02
4.88000e+02 7.0559047513e+04 3.0886385062e+02
4.89000e+02 7.0737968356e+04 3.0881791048e+02
4.90000e+02 7.0913418980e+04 3.0208775001e+02
4.91000e+02 7.1112096295e+04 3.4790116770e+02
4.92000e+02 7.1314783784e+04 6.7071861648e+02
4.93000e+02 7.1500231766e+04 2.9566032090e+02
4.94000e+02 7.1685318737e+04 6.1036069588e+02
4.95000e+02 7.1870882108e+04 3.2073254263e+02
4.96000e+02 7.2056062850e+04 3.2050557987e+02
4.97000e+02 7.2258080097e+04 1.0187668081e+03
4.98000e+02 7.2455439937e+04 3.4698567729e+02
4.99000e+02 7.2629680094e+04 9.4120776063e+02
5.00000e+02 7.2807550899e+04 7.3099363226e+00
5.01000e+02 7.2985986490e+04 3.0575466809e+02
5.02000e+02 7.3161083859e+04 9.3991329648e+02
5.03000e+02 7.3336537757e+04 2.9938489677e+02
5.04000e+02 7.3514990063e+04 3.0603041461e+02
5.05000e+02 7.3709451655e+04 1.6785375793e+01
5.06000e+02 7.3899259193e+04 1.1861696338e+03
5.07000e+02 7.4088725296e+04 1.5224109446e+03
5.08000e+02 7.4283004032e+04 9.1281663035e+02
5.09000e+02 7.4461160819e+04 3.0544557977e+02
5.10000e+02 7.4636053818e+04 6.2604774015e+02
5.11000e+02 7.4834285320e+04 8.7653991649e+00
5.12000e+02 7.5031943877e+04 3.4377424962e+02
5.13000e+02 7.5206314877e+04 6.2433879490e+02
5.14000e+02 7.5384249637e+04 3.0462258729e+02
5.15000e+02 7.5578361705e+04 1.5280644164e+03
5.16000e+02 7.5767927038e+04 2.7969800096e+02
5.17000e+02 7.5935219425e+04 7.0786133611e+00
5.18000e+02 7.6106186522e+04 6.6497676130e+02
5.19000e+02 7.6292630332e+04 2.7175004434e+02
5.20000e+02 7.6474586460e+04 1.4680739362e+01
5.21000e+02 7.6635070730e+04 3.3665054171e+02
5.22000e+02 7.6799248554e+04 2.6468902253e+02
5.23000e+02 7.6978170949e+04 2.2187473779e+01
5.24000e+02 7.7152634570e+04 3.2882138351e+02
5.25000e+02 7.7306396751e+04 2.5770224483e+02
5.26000e+02 7.7463862603e+04 2.8877258566e+01
5.27000e+02 7.7621905800e+04 1.1840921123e+03
5.28000e+02 7.7779744690e+04 2.6202362469e+02
5.29000e+02 7.7951516410e+04 3.2134188738e+02
5.30000e+02 7.8118778363e+04 2.5024287559e+02
5.31000e+02 7.8266030324e+04 2.2640299934e+02
5.32000e+02 7.8416960200e+04 5.2460944830e+01
5.33000e+02 7.8581148657e+04 2.4240936893e+02
5.34000e+02 7.8740893974e+04 2.1865995978e+02
5.35000e+02 7.8900504679e+04 1.3664884166e+03
5.36000e+02 7.9064986681e+04 1.7597883386e+03
5.37000e+02 7.9216381658e+04 3.0752186447e+02
5.38000e+02 7.9364530070e+04 1.3471339753e+03
5.39000e+02 7.9533062497e+04 6.4420377028e+01
5.40000e+02 7.9705774986e+04 1.3907910752e+01
5.41000e+02 7.9864345282e+04 4.5975746493e+02
5.42000e+02 8.0019546598e+04 7.1408860002e+01
5.43000e+02 8.0195830888e+04 2.1645866081e+01
5.44000e+02 8.0371538864e+04 3.6641004417e+02
5.45000e+02 8.0526154262e+04 5.8369151669e+02
5.46000e+02 8.0684308187e+04 7.1436614165e+02
5.47000e+02 8.0856421384e+04 5.9240967414e+02
5.48000e+02 8.1024012869e+04 2.2454394950e+02
5.49000e+02 8.1191387152e+04 5.1206037384e+02
5.50000e+02 8.1363591995e+04 5.8563219495e+02
5.51000e+02 8.1535312919e+04 2.8800331298e+02
5.52000e+02 8.1702632685e+04 2.7861615402e+02
5.53000e+02 8.1850013310e+04 1.8249740671e+02
5.54000e+02 8.1998044210e+04 5.2600211798e+02
5.55000e+02 8.2166494590e+04 2.7941363606e+02
5.56000e+02 8.2339165708e+04 2.8818158417e+02
5.57000e+02 8.2497722927e+04 5.9680048939e+02
5.58000e+02 8.2652929189e+04 2.8630958452e+02
5.59000e+02 8.2808487817e+04 6.2994521436e+02
5.60000e+02 8.2967084603e+04 5.9664654956e+02
5.61000e+02 8.3125989423e+04 2.8637087555e+02
5.62000e+02 8.3284528368e+04 2.8602666332e+02
5.63000e+02 8.3456955616e+04 2.8859972780e+02
5.64000e+02 8.3624788443e+04 5.3325536563e+02
5.65000e+02 8.3772497119e+04 2.5217337692e+02
5.66000e+02 8.3923838557e+04 7.1975075649e+00
5.67000e+02 8.4088441210e+04 4.5126546986e+02
5.68000e+02 8.4253237718e+04 7.3125072216e+02
5.69000e+02 8.4404895793e+04 2.4558627349e+02
5.70000e+02 8.4556342397e+04 2.7149974691e+02
5.71000e+02 8.4721049050e+04 2.7153340600e+02
5.72000e+02 8.4881259059e+04 2.4429838561e+02
5.73000e+02 8.5041287805e+04 7.9572988241e+02
5.74000e+02 8.5206152568e+04 2.7133012767e+02
5.75000e+02 8.5370561604e+04 2.7076118022e+02
5.76000e+02 8.5530565960e+04 2.8919921352e+02
5.77000e+02 8.5671365190e+04 2.5712849041e+02
5.78000e+02 8.5815865404e+04 5.3480590212e+02
5.79000e+02 8.5972917495e+04 7.3569444129e+00
5.80000e+02 8.6130211695e+04 2.5557026778e+02
5.81000e+02 8.6287105304e+04 2.5515621580e+02
5.82000e+02 8.6444286203e+04 2.5478775884e+02
5.83000e+02 8.6589170243e+04 7.9872530809e+02
5.84000e+02 8.6730836315e+04 7.8139396292e+02
5.85000e+02 8.6892177769e+04 7.8221917440e+02
5.86000e+02 8.7057713543e+04 8.3548752307e+00
5.87000e+02 8.7209831822e+04 7.2342388545e+00
5.88000e+02 8.7358572261e+04 7.8851132258e+02
5.89000e+02 8.7527670629e+04 1.6103433967e+01
5.90000e+02 8.7700884799e+04 7.6783963183e+00
5.91000e+02 8.7859863109e+04 5.1686305000e+02
5.92000e+02 8.8015435422e+04 2.2919204053e+01
5.93000e+02 8.8192098654e+04 1.5235581381e+01
5.94000e+02 8.8372842486e+04 5.1367177920e+02
5.95000e+02 8.8552778414e+04 8.0675063576e+02
5.96000e+02 8.8728151919e+04 8.2811378060e+02
5.97000e+02 8.8903281797e+04 5.1162475343e+02
5.98000e+02 8.9078542987e+04 5.1100081399e+02
5.99000e+02 8.9253573559e+04 2.8912905773e+02
6.00000e+02 8.9428744206e+04 2.8874938549e+02
6.01000e+02 8.9583110875e+04 1.0807378395e+03
6.02000e+02 8.9741136296e+04 1.0670205637e+03
6.03000e+02 8.9913184581e+04 5.6980135601e+02
6.04000e+02 9.0080757589e+04 7.5976399269e+00
6.05000e+02 9.0248145409e+04 2.7322784200e+02
6.06000e+02 9.0415706181e+04 2.7294237930e+02
6.07000e+02 9.0563252931e+04 5.2623432002e+02
6.08000e+02 9.0714476840e+04 5.6243004305e+02
6.09000e+02 9.0878986152e+04 2.5754042078e+02
6.10000e+02 9.1039043229e+04 7.5036950843e+00
6.11000e+02 9.1179841600e+04 5.5511923372e+02
6.12000e+02 9.1324327289e+04 2.5054466009e+02
6.13000e+02 9.1481358282e+04 1.4974509570e+01
6.14000e+02 9.1638631659e+04 1.0878862132e+03
6.15000e+02 9.1783548090e+04 1.3540503737e+03
6.16000e+02 9.1928272830e+04 2.2661917207e+02
6.17000e+02 9.2085525501e+04 2.5174780193e+02
6.18000e+02 9.2238308809e+04 2.3446972443e+02
6.19000e+02 9.2372549440e+04 4.7012892860e+02
6.20000e+02 9.2507409596e+04 1.7788181542e+03
6.21000e+02 9.2642668542e+04 2.0644913083e+02
6.22000e+02 9.2781073869e+04 3.8369848860e+00
6.23000e+02 9.2931124201e+04 7.2023389409e+00
6.24000e+02 9.3081322769e+04 2.3722610814e+02
6.25000e+02 9.3219825372e+04 4.2540954058e+02
6.26000e+02 9.3355043860e+04 2.0660101395e+02
6.27000e+02 9.3509178017e+04 7.4043458845e+02
6.28000e+02 9.3667491473e+04 4.3013775764e+02
6.29000e+02 9.3813097971e+04 2.1349830790e+02
6.30000e+02 9.3955315747e+04 6.9992878776e+00
6.31000e+02 9.4117156556e+04 4.3741427227e+02
6.32000e+02 9.4283115547e+04 2.2093034388e+02
6.33000e+02 9.4435565297e+04 1.3835540746e+01
6.34000e+02 9.4584595681e+04 2.6583864377e+02
6.35000e+02 9.4753981409e+04 2.2825433242e+02
6.36000e+02 9.4927455615e+04 2.1336920763e+01
6.37000e+02 9.5086647891e+04 2.7231533040e+02
6.38000e+02 9.5242415940e+04 2.3476374338e+02
6.39000e+02 9.5419280234e+04 2.8794149441e+01
6.40000e+02 9.5600211018e+04 2.7949959322e+02
6.41000e+02 9.5780320530e+04 1.2180007731e+03
6.42000e+02 9.5955856792e+04 1.2144719059e+03
6.43000e+02 9.6110525181e+04 7.3289792858e+02
6.44000e+02 9.6268822868e+04 1.2294799960e+03
6.45000e+02 9.6441144873e+04 2.3746385314e-01
6.46000e+02 9.6608967132e+04 2.0863355829e+02
6.47000e+02 9.6776582471e+04 4.8642103542e+02
6.48000e+02 9.6949032251e+04 2.8736659476e+02
6.49000e+02 9.7107563363e+04 5.4703217865e+02
6.50000e+02 9.7265877406e+04 2.5089112887e+02
6.51000e+02 9.7438206175e+04 2.7906102161e+02
6.52000e+02 9.7606017541e+04 2.6957615919e+02
6.53000e+02 9.7773612660e+04 2.6928636357e+02
6.54000e+02 9.7941357824e+04 2.6895087516e+02
6.55000e+02 9.8089055484e+04 5.5683387101e+02
6.56000e+02 9.8240419075e+04 2.1193962873e+01
6.57000e+02 9.8392313894e+04 2.6517671316e+02
6.58000e+02 9.8543982136e+04 2.3707177254e+02
6.59000e+02 9.8708870424e+04 4.5991869407e+02
