remeshing time
0.00000e+00
1.00000e-01
4.00000e-01
7.00000e-01
8.00000e-01
9.00000e-01
1.30000e+00
1.40000e+00
1.70000e+00
1.80000e+00
2.10000e+00
2.20000e+00
2.40000e+00
2.60000e+00
2.80000e+00
2.90000e+00
3.00000e+00
3.10000e+00
3.20000e+00
3.30000e+00
3.50000e+00
3.70000e+00
4.00000e+00
4.10000e+00
4.40000e+00
4.70000e+00
4.80000e+00
4.90000e+00
5.20000e+00
5.50000e+00
5.80000e+00
6.00000e+00
6.10000e+00
6.30000e+00
6.60000e+00
6.90000e+00
7.00000e+00
7.10000e+00
7.40000e+00
7.70000e+00
8.00000e+00
8.30000e+00
8.60000e+00
8.90000e+00
9.00000e+00
9.10000e+00
9.40000e+00
9.70000e+00
1.00000e+01
1.01000e+01
1.03000e+01
1.05000e+01
1.07000e+01
1.10000e+01
1.12000e+01
1.14000e+01
1.17000e+01
1.18000e+01
1.23000e+01
1.24000e+01
1.27000e+01
1.28000e+01
1.29000e+01
1.32000e+01
1.35000e+01
1.38000e+01
1.40000e+01
1.41000e+01
1.43000e+01
1.45000e+01
1.47000e+01
1.50000e+01
1.52000e+01
1.54000e+01
1.57000e+01
1.58000e+01
1.61000e+01
1.62000e+01
1.64000e+01
1.66000e+01
1.68000e+01
1.69000e+01
1.70000e+01
1.71000e+01
1.72000e+01
1.75000e+01
1.77000e+01
1.80000e+01
1.81000e+01
1.83000e+01
1.85000e+01
1.87000e+01
1.89000e+01
1.94000e+01
1.96000e+01
1.98000e+01
2.00000e+01
2.01000e+01
2.03000e+01
2.05000e+01
2.07000e+01
2.09000e+01
2.11000e+01
2.13000e+01
2.15000e+01
2.18000e+01
2.21000e+01
2.22000e+01
2.23000e+01
2.25000e+01
2.27000e+01
2.29000e+01
2.30000e+01
2.31000e+01
2.32000e+01
2.33000e+01
2.35000e+01
2.37000e+01
2.39000e+01
2.40000e+01
2.43000e+01
2.44000e+01
2.45000e+01
2.48000e+01
2.49000e+01
2.50000e+01
2.52000e+01
2.53000e+01
2.56000e+01
2.58000e+01
2.60000e+01
2.61000e+01
2.63000e+01
2.65000e+01
2.67000e+01
2.69000e+01
2.74000e+01
2.76000e+01
2.78000e+01
2.80000e+01
2.81000e+01
2.83000e+01
2.85000e+01
2.87000e+01
2.89000e+01
2.91000e+01
2.93000e+01
2.95000e+01
2.98000e+01
3.03000e+01
3.04000e+01
3.05000e+01
3.08000e+01
3.09000e+01
3.10000e+01
3.12000e+01
3.14000e+01
3.16000e+01
3.17000e+01
3.18000e+01
3.23000e+01
3.24000e+01
3.25000e+01
3.28000e+01
3.29000e+01
3.30000e+01
3.32000e+01
3.33000e+01
3.36000e+01
3.38000e+01
3.40000e+01
3.41000e+01
3.44000e+01
3.46000e+01
3.49000e+01
3.50000e+01
3.51000e+01
3.52000e+01
3.53000e+01
3.55000e+01
3.57000e+01
3.60000e+01
3.61000e+01
3.62000e+01
3.64000e+01
3.66000e+01
3.68000e+01
3.69000e+01
3.70000e+01
3.71000e+01
3.72000e+01
3.73000e+01
3.75000e+01
3.77000e+01
3.80000e+01
3.81000e+01
3.84000e+01
3.87000e+01
3.88000e+01
3.89000e+01
3.92000e+01
3.95000e+01
3.98000e+01
4.00000e+01
4.02000e+01
4.05000e+01
4.07000e+01
4.10000e+01
4.12000e+01
4.14000e+01
4.17000e+01
4.18000e+01
4.23000e+01
4.24000e+01
4.27000e+01
4.28000e+01
4.29000e+01
4.32000e+01
4.35000e+01
4.38000e+01
4.40000e+01
4.41000e+01
4.43000e+01
4.45000e+01
4.47000e+01
4.50000e+01
4.52000e+01
4.54000e+01
4.57000e+01
4.58000e+01
4.61000e+01
4.62000e+01
4.64000e+01
4.66000e+01
4.68000e+01
4.69000e+01
4.70000e+01
4.71000e+01
4.72000e+01
4.73000e+01
4.75000e+01
4.77000e+01
4.80000e+01
4.81000e+01
4.82000e+01
4.84000e+01
4.86000e+01
4.88000e+01
4.89000e+01
4.90000e+01
4.91000e+01
4.92000e+01
4.93000e+01
4.95000e+01
4.97000e+01
5.00000e+01
5.01000e+01
5.04000e+01
5.07000e+01
5.08000e+01
5.09000e+01
5.13000e+01
5.14000e+01
5.17000e+01
5.18000e+01
5.21000e+01
5.22000e+01
5.24000e+01
5.26000e+01
5.28000e+01
5.29000e+01
5.30000e+01
5.31000e+01
5.32000e+01
5.33000e+01
5.35000e+01
5.37000e+01
5.40000e+01
5.41000e+01
5.42000e+01
5.44000e+01
5.46000e+01
5.48000e+01
5.49000e+01
5.50000e+01
5.51000e+01
5.52000e+01
5.55000e+01
5.57000e+01
5.60000e+01
5.61000e+01
5.63000e+01
5.65000e+01
5.67000e+01
5.69000e+01
5.74000e+01
5.76000e+01
5.78000e+01
5.80000e+01
5.81000e+01
5.82000e+01
5.84000e+01
5.86000e+01
5.87000e+01
5.89000e+01
5.94000e+01
5.96000e+01
5.98000e+01
6.00000e+01
6.01000e+01
6.04000e+01
6.06000e+01
6.09000e+01
6.10000e+01
6.11000e+01
6.12000e+01
6.13000e+01
6.15000e+01
6.17000e+01
6.20000e+01
6.21000e+01
6.24000e+01
6.27000e+01
6.28000e+01
6.29000e+01
6.33000e+01
6.34000e+01
6.37000e+01
6.38000e+01
6.43000e+01
6.44000e+01
6.47000e+01
6.48000e+01
6.49000e+01
6.53000e+01
6.54000e+01
6.57000e+01
6.58000e+01
6.63000e+01
6.64000e+01
6.67000e+01
6.68000e+01
6.69000e+01
6.73000e+01
6.74000e+01
6.77000e+01
6.78000e+01
6.81000e+01
6.82000e+01
6.84000e+01
6.86000e+01
6.88000e+01
6.89000e+01
6.90000e+01
6.91000e+01
6.92000e+01
6.95000e+01
6.97000e+01
7.00000e+01
7.01000e+01
7.04000e+01
7.06000e+01
7.09000e+01
7.10000e+01
7.11000e+01
7.12000e+01
7.13000e+01
7.15000e+01
7.17000e+01
7.20000e+01
7.21000e+01
7.24000e+01
7.27000e+01
7.28000e+01
7.29000e+01
7.32000e+01
7.35000e+01
7.38000e+01
7.40000e+01
7.41000e+01
7.42000e+01
7.45000e+01
7.47000e+01
7.50000e+01
7.52000e+01
7.55000e+01
7.58000e+01
7.60000e+01
7.62000e+01
7.65000e+01
7.67000e+01
7.70000e+01
7.72000e+01
7.75000e+01
7.78000e+01
7.80000e+01
7.82000e+01
7.84000e+01
7.86000e+01
7.89000e+01
7.90000e+01
7.91000e+01
7.92000e+01
7.93000e+01
7.95000e+01
7.96000e+01
7.99000e+01
8.00000e+01
8.01000e+01
8.02000e+01
8.03000e+01
8.06000e+01
8.08000e+01
8.09000e+01
8.10000e+01
8.11000e+01
8.12000e+01
8.13000e+01
8.15000e+01
8.16000e+01
8.19000e+01
8.20000e+01
8.21000e+01
8.23000e+01
8.25000e+01
8.27000e+01
8.30000e+01
8.32000e+01
8.34000e+01
8.36000e+01
8.38000e+01
8.40000e+01
8.42000e+01
8.45000e+01
8.47000e+01
8.50000e+01
8.52000e+01
8.54000e+01
8.56000e+01
8.58000e+01
8.60000e+01
8.61000e+01
8.62000e+01
8.65000e+01
8.67000e+01
8.70000e+01
8.72000e+01
8.75000e+01
8.78000e+01
8.81000e+01
8.82000e+01
8.83000e+01
8.86000e+01
8.88000e+01
8.89000e+01
8.90000e+01
8.91000e+01
8.92000e+01
8.93000e+01
8.95000e+01
8.96000e+01
8.99000e+01
9.00000e+01
9.01000e+01
9.02000e+01
9.03000e+01
9.06000e+01
9.08000e+01
9.09000e+01
9.10000e+01
9.11000e+01
9.14000e+01
9.17000e+01
9.20000e+01
9.21000e+01
9.23000e+01
9.26000e+01
9.29000e+01
9.30000e+01
9.31000e+01
9.32000e+01
9.33000e+01
9.35000e+01
9.36000e+01
9.39000e+01
9.40000e+01
9.41000e+01
9.43000e+01
9.45000e+01
9.47000e+01
9.50000e+01
9.52000e+01
9.55000e+01
9.58000e+01
9.61000e+01
9.62000e+01
9.63000e+01
9.66000e+01
9.68000e+01
9.69000e+01
9.70000e+01
9.71000e+01
9.74000e+01
9.77000e+01
9.80000e+01
9.81000e+01
9.83000e+01
9.86000e+01
9.89000e+01
9.90000e+01
9.91000e+01
9.92000e+01
9.93000e+01
9.95000e+01
9.96000e+01
9.99000e+01
1.00000e+02
1.00100e+02
1.00300e+02
1.00500e+02
1.00700e+02
1.01000e+02
1.01200e+02
1.01400e+02
1.01600e+02
1.01800e+02
1.02000e+02
1.02200e+02
1.02400e+02
1.02600e+02
1.02900e+02
1.03400e+02
1.03700e+02
1.03800e+02
1.04000e+02
1.04200e+02
1.04500e+02
1.04700e+02
1.05000e+02
1.05200e+02
1.05400e+02
1.05600e+02
1.05800e+02
1.06000e+02
1.06200e+02
1.06500e+02
1.06700e+02
1.07000e+02
1.07200e+02
1.07400e+02
1.07600e+02
1.07800e+02
1.08000e+02
1.08100e+02
1.08300e+02
1.08600e+02
1.08900e+02
1.09400e+02
1.09700e+02
1.09800e+02
1.10000e+02
1.10100e+02
1.10300e+02
1.10500e+02
1.10800e+02
1.11200e+02
1.11300e+02
1.11500e+02
1.11700e+02
1.11800e+02
1.11900e+02
1.12000e+02
1.12100e+02
1.12300e+02
1.12500e+02
1.12700e+02
1.12800e+02
1.12900e+02
1.13200e+02
1.13400e+02
1.13600e+02
1.13800e+02
1.14000e+02
1.14200e+02
1.14400e+02
1.14600e+02
1.14900e+02
1.15400e+02
1.15600e+02
1.15700e+02
1.15800e+02
1.16000e+02
1.16200e+02
1.16400e+02
1.16500e+02
1.16800e+02
1.17400e+02
1.17600e+02
1.17800e+02
1.18000e+02
1.18100e+02
1.18300e+02
1.18500e+02
1.18800e+02
1.19400e+02
1.19600e+02
1.19800e+02
1.20000e+02
1.20200e+02
1.20400e+02
1.20600e+02
1.20900e+02
1.21100e+02
1.21200e+02
1.21300e+02
1.21500e+02
1.21700e+02
1.21800e+02
1.21900e+02
1.22000e+02
1.22100e+02
1.22300e+02
1.22600e+02
1.22800e+02
1.22900e+02
1.23000e+02
1.23200e+02
1.23500e+02
1.23800e+02
1.24500e+02
1.24600e+02
1.24800e+02
1.24900e+02
1.25000e+02
1.25200e+02
1.25600e+02
1.25800e+02
1.26000e+02
1.26100e+02
1.26400e+02
1.26500e+02
1.26800e+02
1.26900e+02
1.27400e+02
1.27600e+02
1.27700e+02
1.27900e+02
1.28300e+02
1.28600e+02
1.28900e+02
1.29100e+02
1.29200e+02
1.29300e+02
1.29500e+02
1.29700e+02
1.30100e+02
1.30400e+02
1.30600e+02
1.30700e+02
1.30800e+02
1.30900e+02
1.31000e+02
1.31200e+02
1.31500e+02
1.31700e+02
1.31900e+02
1.32100e+02
1.32200e+02
1.32400e+02
1.32600e+02
1.32800e+02
1.32900e+02
1.33000e+02
1.33100e+02
1.33200e+02
1.33300e+02
1.33500e+02
1.33700e+02
1.34500e+02
1.34800e+02
1.34900e+02
1.35000e+02
1.35100e+02
1.35200e+02
1.35300e+02
1.35500e+02
1.35700e+02
1.36500e+02
1.36800e+02
1.36900e+02
1.37000e+02
1.37100e+02
1.37200e+02
1.37300e+02
1.37500e+02
1.37700e+02
1.38500e+02
1.38800e+02
1.38900e+02
1.39000e+02
1.39100e+02
1.39200e+02
1.39300e+02
1.39500e+02
1.39700e+02
1.40100e+02
1.40400e+02
1.40600e+02
1.40700e+02
1.40800e+02
1.40900e+02
1.41000e+02
1.41200e+02
1.41600e+02
1.41800e+02
1.41900e+02
1.42300e+02
1.42500e+02
1.42600e+02
1.43000e+02
1.43100e+02
1.43400e+02
1.43700e+02
1.43900e+02
1.44200e+02
1.44500e+02
1.44700e+02
1.44900e+02
1.45400e+02
1.45700e+02
1.45900e+02
1.46000e+02
1.46100e+02
1.46400e+02
1.46500e+02
1.46700e+02
1.46900e+02
1.47400e+02
1.47700e+02
1.47900e+02
1.48200e+02
1.48500e+02
1.48700e+02
1.48900e+02
1.49400e+02
1.49700e+02
1.49900e+02
1.50000e+02
1.50100e+02
1.50300e+02
1.50500e+02
1.50800e+02
1.51400e+02
1.51700e+02
1.51900e+02
1.52000e+02
1.52100e+02
1.52200e+02
1.52300e+02
1.52500e+02
1.52600e+02
1.53000e+02
1.53100e+02
1.53400e+02
1.53700e+02
1.53900e+02
1.54000e+02
1.54100e+02
1.54200e+02
1.54300e+02
1.54500e+02
1.54600e+02
1.54900e+02
1.55200e+02
1.55300e+02
1.55400e+02
1.55600e+02
1.55900e+02
1.56000e+02
1.56100e+02
1.56200e+02
1.56400e+02
1.56700e+02
1.56800e+02
1.57000e+02
1.57200e+02
1.57400e+02
1.57600e+02
1.57800e+02
1.58000e+02
1.58300e+02
1.58500e+02
1.58800e+02
1.59100e+02
1.59300e+02
1.59400e+02
1.59600e+02
1.59800e+02
1.60100e+02
1.60200e+02
1.60400e+02
1.60600e+02
1.60800e+02
1.60900e+02
1.61000e+02
1.61100e+02
1.61200e+02
1.61300e+02
1.61400e+02
1.61600e+02
1.61900e+02
1.62000e+02
1.62100e+02
1.62200e+02
1.62400e+02
1.62600e+02
1.62800e+02
1.62900e+02
1.63000e+02
1.63100e+02
1.63200e+02
1.63300e+02
1.63400e+02
1.63600e+02
1.63900e+02
1.64000e+02
1.64200e+02
1.64400e+02
1.64600e+02
1.64800e+02
1.64900e+02
1.65000e+02
1.65100e+02
1.65200e+02
1.65300e+02
1.65400e+02
1.65600e+02
1.65900e+02
1.66000e+02
1.66100e+02
1.66200e+02
1.66400e+02
1.66700e+02
1.66800e+02
1.67000e+02
1.67200e+02
1.67500e+02
1.67600e+02
1.67800e+02
1.68100e+02
1.68200e+02
1.68400e+02
1.68600e+02
1.68800e+02
1.68900e+02
1.69000e+02
1.69100e+02
1.69400e+02
1.69700e+02
1.69900e+02
1.70200e+02
1.70500e+02
1.70700e+02
1.70900e+02
1.71200e+02
1.71500e+02
1.71700e+02
1.71900e+02
1.72400e+02
1.72600e+02
1.72700e+02
1.72800e+02
1.72900e+02
1.73000e+02
1.73200e+02
1.73600e+02
1.73800e+02
1.73900e+02
1.74000e+02
1.74100e+02
1.74300e+02
1.74500e+02
1.74700e+02
1.74900e+02
1.75400e+02
1.75700e+02
1.75900e+02
1.76000e+02
1.76100e+02
1.76300e+02
1.76500e+02
1.76700e+02
1.76900e+02
1.77200e+02
1.77500e+02
1.77700e+02
1.77900e+02
1.78400e+02
1.78600e+02
1.78700e+02
1.78800e+02
1.78900e+02
1.79000e+02
1.79200e+02
1.79500e+02
1.79700e+02
1.79900e+02
1.80400e+02
1.80600e+02
1.80700e+02
1.80800e+02
1.80900e+02
1.81000e+02
1.81200e+02
1.81500e+02
1.81700e+02
1.81900e+02
1.82100e+02
1.82200e+02
1.82400e+02
1.82600e+02
1.82800e+02
1.82900e+02
1.83000e+02
1.83100e+02
1.83200e+02
1.83300e+02
1.83500e+02
1.83700e+02
1.84500e+02
1.84800e+02
1.84900e+02
1.85000e+02
1.85100e+02
1.85200e+02
1.85300e+02
1.85500e+02
1.85700e+02
1.86500e+02
1.86800e+02
1.86900e+02
1.87000e+02
1.87100e+02
1.87200e+02
1.87300e+02
1.87500e+02
1.87700e+02
1.88100e+02
1.88400e+02
1.88600e+02
1.88700e+02
1.88800e+02
1.88900e+02
1.89000e+02
1.89200e+02
1.89600e+02
1.89800e+02
1.89900e+02
1.90000e+02
1.90100e+02
1.90300e+02
1.90500e+02
1.90800e+02
1.91100e+02
1.91200e+02
1.91300e+02
1.91400e+02
1.91600e+02
1.91900e+02
1.92000e+02
1.92100e+02
1.92200e+02
1.92400e+02
1.92600e+02
1.92800e+02
1.92900e+02
1.93000e+02
1.93100e+02
1.93200e+02
1.93300e+02
1.93400e+02
1.93600e+02
1.93900e+02
1.94000e+02
1.94100e+02
1.94200e+02
1.94400e+02
1.94600e+02
1.94800e+02
1.94900e+02
1.95000e+02
1.95100e+02
1.95200e+02
1.95300e+02
1.95400e+02
1.95600e+02
1.95900e+02
1.96000e+02
1.96100e+02
1.96200e+02
1.96400e+02
1.96600e+02
1.96800e+02
1.96900e+02
1.97000e+02
1.97100e+02
1.97200e+02
1.97300e+02
1.97400e+02
1.97600e+02
1.97900e+02
1.98000e+02
1.98100e+02
1.98200e+02
1.98400e+02
1.98700e+02
1.98800e+02
1.99000e+02
1.99200e+02
1.99500e+02
1.99600e+02
1.99800e+02
2.00400e+02
2.00700e+02
2.00800e+02
2.01000e+02
2.01200e+02
2.01500e+02
2.01600e+02
2.01800e+02
2.02100e+02
2.02200e+02
2.02400e+02
2.02600e+02
2.02800e+02
2.02900e+02
2.03000e+02
2.03100e+02
2.03200e+02
2.03300e+02
2.03400e+02
2.03600e+02
2.03900e+02
2.04000e+02
2.04100e+02
2.04200e+02
2.04400e+02
2.04700e+02
2.04800e+02
2.05000e+02
2.05200e+02
2.05500e+02
2.05600e+02
2.05800e+02
2.06100e+02
2.06200e+02
2.06400e+02
2.06600e+02
2.06800e+02
2.06900e+02
2.07000e+02
2.07100e+02
2.07400e+02
2.07700e+02
2.07900e+02
2.08000e+02
2.08100e+02
2.08300e+02
2.08500e+02
2.08800e+02
2.09400e+02
2.09700e+02
2.09900e+02
2.10200e+02
2.10500e+02
2.10700e+02
2.10900e+02
2.11200e+02
2.11500e+02
2.11700e+02
2.11900e+02
2.12100e+02
2.12200e+02
2.12400e+02
2.12600e+02
2.12800e+02
2.12900e+02
2.13000e+02
2.13100e+02
2.13200e+02
2.13300e+02
2.13500e+02
2.13700e+02
2.14100e+02
2.14400e+02
2.14600e+02
2.14700e+02
2.14800e+02
2.14900e+02
2.15000e+02
2.15200e+02
2.15500e+02
2.15700e+02
2.15900e+02
2.16100e+02
2.16200e+02
2.16400e+02
2.16600e+02
2.16800e+02
2.16900e+02
2.17000e+02
2.17100e+02
2.17400e+02
2.17600e+02
2.17700e+02
2.17900e+02
2.18300e+02
2.18600e+02
2.18900e+02
2.19100e+02
2.19200e+02
2.19300e+02
2.19500e+02
2.19700e+02
2.20500e+02
2.20800e+02
2.20900e+02
2.21000e+02
2.21100e+02
2.21200e+02
2.21300e+02
2.21500e+02
2.21700e+02
2.22500e+02
2.22800e+02
2.22900e+02
2.23000e+02
2.23100e+02
2.23200e+02
2.23300e+02
2.23500e+02
2.23700e+02
2.24500e+02
2.24800e+02
2.24900e+02
2.25000e+02
2.25100e+02
2.25200e+02
2.25300e+02
2.25500e+02
2.25700e+02
2.26500e+02
2.26800e+02
2.26900e+02
2.27000e+02
2.27100e+02
2.27400e+02
2.27600e+02
2.27700e+02
2.27900e+02
2.28100e+02
2.28300e+02
2.28400e+02
2.28500e+02
2.28800e+02
2.29600e+02
2.29800e+02
2.30000e+02
2.30200e+02
2.30300e+02
2.30400e+02
2.30500e+02
2.30800e+02
2.31100e+02
2.31400e+02
2.31600e+02
2.31900e+02
2.32200e+02
2.32400e+02
2.32600e+02
2.32800e+02
2.32900e+02
2.33000e+02
2.33100e+02
2.33400e+02
2.33600e+02
2.33700e+02
2.33800e+02
2.34000e+02
2.34100e+02
2.34200e+02
2.34400e+02
2.34500e+02
2.34800e+02
2.35400e+02
2.35600e+02
2.35800e+02
2.36000e+02
2.36100e+02
2.36300e+02
2.36400e+02
2.36600e+02
2.36900e+02
2.37400e+02
2.37600e+02
2.37700e+02
2.37800e+02
2.38000e+02
2.38100e+02
2.38300e+02
2.38400e+02
2.38600e+02
2.38900e+02
2.39100e+02
2.39200e+02
2.39300e+02
2.39500e+02
2.39700e+02
2.39800e+02
2.39900e+02
2.40000e+02
2.40100e+02
2.40300e+02
2.40600e+02
2.40800e+02
2.40900e+02
2.41000e+02
2.41200e+02
2.41500e+02
2.41800e+02
2.42500e+02
2.42600e+02
2.42800e+02
2.42900e+02
2.43000e+02
2.43200e+02
2.43500e+02
2.43800e+02
2.44100e+02
2.44200e+02
2.44400e+02
2.44600e+02
2.44800e+02
2.44900e+02
2.45000e+02
2.45100e+02
2.45200e+02
2.45300e+02
2.45500e+02
2.45700e+02
2.45800e+02
2.45900e+02
2.46000e+02
2.46100e+02
2.46300e+02
2.46600e+02
2.46800e+02
2.46900e+02
2.47000e+02
2.47200e+02
2.47600e+02
2.47800e+02
2.48000e+02
2.48200e+02
2.48300e+02
2.48400e+02
2.48500e+02
2.48800e+02
2.49600e+02
2.49800e+02
2.50000e+02
2.50100e+02
2.50300e+02
2.50400e+02
2.50500e+02
2.50800e+02
2.51100e+02
2.51400e+02
2.51600e+02
2.51900e+02
2.52200e+02
2.52400e+02
2.52600e+02
2.52800e+02
2.52900e+02
2.53000e+02
2.53100e+02
2.53400e+02
2.53600e+02
2.53700e+02
2.53800e+02
2.54000e+02
2.54100e+02
2.54300e+02
2.54500e+02
2.54800e+02
2.55100e+02
2.55300e+02
2.55500e+02
2.55800e+02
2.56100e+02
2.56200e+02
2.56400e+02
2.56500e+02
2.56700e+02
2.57000e+02
2.57100e+02
2.57400e+02
2.57600e+02
2.57700e+02
2.57800e+02
2.58000e+02
2.58100e+02
2.58300e+02
2.58500e+02
2.58700e+02
2.59000e+02
2.59200e+02
2.59500e+02
2.59800e+02
2.60500e+02
2.60700e+02
2.61000e+02
2.61200e+02
2.61500e+02
2.61800e+02
2.62500e+02
2.62700e+02
2.63000e+02
2.63200e+02
2.63500e+02
2.63800e+02
2.64500e+02
2.64700e+02
2.65000e+02
2.65200e+02
2.65500e+02
2.65800e+02
2.66500e+02
2.66700e+02
2.67000e+02
2.67200e+02
2.67400e+02
2.67600e+02
2.67800e+02
2.68000e+02
2.68200e+02
2.68500e+02
2.68700e+02
2.69000e+02
2.69200e+02
2.69500e+02
2.69800e+02
2.70500e+02
2.70700e+02
2.71000e+02
2.71200e+02
2.71500e+02
2.71800e+02
2.72100e+02
2.72200e+02
2.72400e+02
2.72600e+02
2.72800e+02
2.72900e+02
2.73000e+02
2.73100e+02
2.73400e+02
2.73700e+02
2.74000e+02
2.74200e+02
2.74400e+02
2.74500e+02
2.74700e+02
2.74900e+02
2.75500e+02
2.75800e+02
2.76000e+02
2.76200e+02
2.76400e+02
2.76500e+02
2.76700e+02
2.76900e+02
2.77200e+02
2.77400e+02
2.77700e+02
2.77800e+02
2.78300e+02
2.78400e+02
2.78700e+02
2.78800e+02
2.78900e+02
2.79300e+02
2.79400e+02
2.79700e+02
2.79800e+02
2.80100e+02
2.80200e+02
2.80400e+02
2.80600e+02
2.80800e+02
2.80900e+02
2.81000e+02
2.81100e+02
2.81200e+02
2.81300e+02
2.81500e+02
2.81700e+02
2.82000e+02
2.82100e+02
2.82200e+02
2.82400e+02
2.82600e+02
2.82800e+02
2.82900e+02
2.83000e+02
2.83100e+02
2.83200e+02
2.83500e+02
2.83700e+02
2.84000e+02
2.84100e+02
2.84200e+02
2.84500e+02
2.84700e+02
2.84900e+02
2.85100e+02
2.85300e+02
2.85400e+02
2.85600e+02
2.85700e+02
2.85800e+02
2.86300e+02
2.86400e+02
2.86500e+02
2.86800e+02
2.86900e+02
2.87000e+02
2.87200e+02
2.87400e+02
2.87600e+02
2.87700e+02
2.87800e+02
2.88300e+02
2.88400e+02
2.88500e+02
2.88800e+02
2.88900e+02
2.89000e+02
2.89200e+02
2.89300e+02
2.89500e+02
2.89800e+02
2.90000e+02
2.90100e+02
2.90300e+02
2.90500e+02
2.90700e+02
2.90900e+02
2.91400e+02
2.91600e+02
2.91800e+02
2.92000e+02
2.92100e+02
2.92300e+02
2.92600e+02
2.92900e+02
2.93000e+02
2.93100e+02
2.93200e+02
2.93300e+02
2.93500e+02
2.93700e+02
2.94000e+02
2.94100e+02
2.94400e+02
2.94700e+02
2.94800e+02
2.94900e+02
2.95300e+02
2.95400e+02
2.95700e+02
2.95800e+02
2.96300e+02
2.96400e+02
2.96700e+02
2.96800e+02
2.96900e+02
2.97300e+02
2.97400e+02
2.97700e+02
2.97800e+02
2.98300e+02
2.98400e+02
2.98700e+02
2.98800e+02
2.98900e+02
2.99200e+02
2.99500e+02
2.99800e+02
3.00000e+02
3.00100e+02
3.00200e+02
3.00400e+02
3.00500e+02
3.00700e+02
3.00900e+02
3.01500e+02
3.01800e+02
3.02000e+02
3.02100e+02
3.02300e+02
3.02600e+02
3.02900e+02
3.03000e+02
3.03100e+02
3.03400e+02
3.03700e+02
3.04000e+02
3.04100e+02
3.04300e+02
3.04600e+02
3.04900e+02
3.05000e+02
3.05100e+02
3.05400e+02
3.05700e+02
3.06000e+02
3.06100e+02
3.06300e+02
3.06600e+02
3.06900e+02
3.07000e+02
3.07100e+02
3.07200e+02
3.07300e+02
3.07500e+02
3.07600e+02
3.07900e+02
3.08000e+02
3.08100e+02
3.08200e+02
3.08400e+02
3.08600e+02
3.08800e+02
3.08900e+02
3.09000e+02
3.09100e+02
3.09400e+02
3.09700e+02
3.10000e+02
3.10100e+02
3.10300e+02
3.10600e+02
3.10900e+02
3.11000e+02
3.11100e+02
3.11400e+02
3.11700e+02
3.12000e+02
3.12100e+02
3.12300e+02
3.12500e+02
3.12700e+02
3.12900e+02
3.13200e+02
3.13400e+02
3.13700e+02
3.13800e+02
3.14300e+02
3.14400e+02
3.14700e+02
3.14800e+02
3.14900e+02
3.15200e+02
3.15500e+02
3.15800e+02
3.16000e+02
3.16100e+02
3.16300e+02
3.16500e+02
3.16700e+02
3.16900e+02
3.17200e+02
3.17400e+02
3.17700e+02
3.17800e+02
3.18100e+02
3.18200e+02
3.18400e+02
3.18600e+02
3.18800e+02
3.18900e+02
3.19000e+02
3.19100e+02
3.19200e+02
3.19300e+02
3.19500e+02
3.19700e+02
3.20000e+02
3.20100e+02
3.20400e+02
3.20700e+02
3.20800e+02
3.20900e+02
3.21300e+02
3.21400e+02
3.21700e+02
3.21800e+02
3.22300e+02
3.22400e+02
3.22700e+02
3.22800e+02
3.22900e+02
3.23300e+02
3.23400e+02
3.23700e+02
3.23800e+02
3.24300e+02
3.24400e+02
3.24700e+02
3.24800e+02
3.24900e+02
3.25200e+02
3.25500e+02
3.25800e+02
3.26000e+02
3.26100e+02
3.26300e+02
3.26500e+02
3.26700e+02
3.26900e+02
3.27500e+02
3.27800e+02
3.28000e+02
3.28300e+02
3.28600e+02
3.28900e+02
3.29000e+02
3.29100e+02
3.29400e+02
3.29700e+02
3.30000e+02
3.30200e+02
3.30400e+02
3.30500e+02
3.30700e+02
3.30900e+02
3.31500e+02
3.31800e+02
3.32000e+02
3.32200e+02
3.32400e+02
3.32500e+02
3.32700e+02
3.32900e+02
3.33500e+02
3.33800e+02
3.34000e+02
3.34100e+02
3.34300e+02
3.34600e+02
3.34900e+02
3.35000e+02
3.35100e+02
3.35200e+02
3.35300e+02
3.35500e+02
3.35600e+02
3.35900e+02
3.36000e+02
3.36100e+02
3.36300e+02
3.36500e+02
3.36700e+02
3.37000e+02
3.37200e+02
3.37500e+02
3.37800e+02
3.38500e+02
3.38700e+02
3.39000e+02
3.39200e+02
3.39400e+02
3.39600e+02
3.39800e+02
3.40000e+02
3.40100e+02
3.40200e+02
3.40500e+02
3.40700e+02
3.41000e+02
3.41200e+02
3.41500e+02
3.41800e+02
3.42500e+02
3.42700e+02
3.43000e+02
3.43200e+02
3.43500e+02
3.43800e+02
3.44100e+02
3.44200e+02
3.44400e+02
3.44600e+02
3.44800e+02
3.44900e+02
3.45000e+02
3.45100e+02
3.45200e+02
3.45300e+02
3.45500e+02
3.45600e+02
3.45900e+02
3.46000e+02
3.46100e+02
3.46300e+02
3.46500e+02
3.46700e+02
3.47000e+02
3.47200e+02
3.47400e+02
3.47600e+02
3.47800e+02
3.48000e+02
3.48100e+02
3.48300e+02
3.48500e+02
3.48800e+02
3.49200e+02
3.49300e+02
3.49500e+02
3.49700e+02
3.49800e+02
3.49900e+02
3.50000e+02
3.50100e+02
3.50300e+02
3.50500e+02
3.50700e+02
3.50800e+02
3.50900e+02
3.51300e+02
3.51500e+02
3.51800e+02
3.52500e+02
3.52700e+02
3.52800e+02
3.52900e+02
3.53200e+02
3.53400e+02
3.53600e+02
3.53800e+02
3.54000e+02
3.54100e+02
3.54300e+02
3.54400e+02
3.54600e+02
3.54900e+02
3.55400e+02
3.55600e+02
3.55700e+02
3.55800e+02
3.56000e+02
3.56100e+02
3.56200e+02
3.56400e+02
3.56500e+02
3.56800e+02
3.57100e+02
3.57300e+02
3.57500e+02
3.57800e+02
3.58500e+02
3.58700e+02
3.58800e+02
3.58900e+02
3.59300e+02
3.59500e+02
3.59800e+02
3.60500e+02
3.60700e+02
3.60800e+02
3.60900e+02
3.61300e+02
3.61500e+02
3.61800e+02
3.62500e+02
3.62700e+02
3.62800e+02
3.62900e+02
3.63300e+02
3.63600e+02
3.63700e+02
3.64000e+02
3.64100e+02
3.64300e+02
3.64500e+02
3.64700e+02
3.64800e+02
3.64900e+02
3.65200e+02
3.65400e+02
3.65600e+02
3.65800e+02
3.66000e+02
3.66100e+02
3.66200e+02
3.66400e+02
3.66500e+02
3.66800e+02
3.67400e+02
3.67600e+02
3.67800e+02
3.68000e+02
3.68100e+02
3.68200e+02
3.68400e+02
3.68500e+02
3.68800e+02
3.69100e+02
3.69300e+02
3.69500e+02
3.69800e+02
3.70100e+02
3.70200e+02
3.70400e+02
3.70500e+02
3.70700e+02
3.71000e+02
3.71100e+02
3.71400e+02
3.71600e+02
3.71700e+02
3.71800e+02
3.72000e+02
3.72100e+02
3.72200e+02
3.72500e+02
3.72700e+02
3.73000e+02
3.73200e+02
3.73400e+02
3.73600e+02
3.73800e+02
3.74000e+02
3.74100e+02
3.74300e+02
3.74500e+02
3.74800e+02
3.75500e+02
3.75700e+02
3.75800e+02
3.76000e+02
3.76100e+02
3.76300e+02
3.76500e+02
3.76800e+02
3.77200e+02
3.77300e+02
3.77500e+02
3.77700e+02
3.77800e+02
3.77900e+02
3.78000e+02
3.78100e+02
3.78300e+02
3.78500e+02
3.78700e+02
3.78800e+02
3.78900e+02
3.79200e+02
3.79400e+02
3.79600e+02
3.79800e+02
3.80000e+02
3.80100e+02
3.80300e+02
3.80400e+02
3.80600e+02
3.80900e+02
3.81400e+02
3.81600e+02
3.81700e+02
3.81800e+02
3.82000e+02
3.82100e+02
3.82300e+02
3.82400e+02
3.82600e+02
3.82900e+02
3.83100e+02
3.83200e+02
3.83300e+02
3.83500e+02
3.83700e+02
3.83800e+02
3.83900e+02
3.84000e+02
3.84100e+02
3.84200e+02
3.84400e+02
3.84600e+02
3.84800e+02
3.84900e+02
3.85000e+02
3.85100e+02
3.85200e+02
3.85300e+02
3.85500e+02
3.85700e+02
3.85800e+02
3.85900e+02
3.86000e+02
3.86100e+02
3.86200e+02
3.86400e+02
3.86600e+02
3.86800e+02
3.86900e+02
3.87000e+02
3.87100e+02
3.87200e+02
3.87300e+02
3.87500e+02
3.87700e+02
3.87800e+02
3.87900e+02
3.88000e+02
3.88100e+02
3.88200e+02
3.88400e+02
3.88600e+02
3.88800e+02
3.88900e+02
3.89000e+02
3.89100e+02
3.89400e+02
3.89600e+02
3.89700e+02
3.89800e+02
3.90000e+02
3.90100e+02
3.90200e+02
3.90400e+02
3.90500e+02
3.90800e+02
3.91100e+02
3.91300e+02
3.91500e+02
3.91800e+02
3.92500e+02
3.92700e+02
3.92800e+02
3.92900e+02
3.93200e+02
3.93400e+02
3.93600e+02
3.93800e+02
3.94000e+02
3.94100e+02
3.94200e+02
3.94400e+02
3.94600e+02
3.94800e+02
3.95100e+02
3.95300e+02
3.95500e+02
3.95800e+02
3.96500e+02
3.96700e+02
3.96800e+02
3.96900e+02
3.97300e+02
3.97500e+02
3.97800e+02
3.98100e+02
3.98200e+02
3.98400e+02
3.98500e+02
3.98700e+02
3.99000e+02
3.99100e+02
3.99400e+02
3.99600e+02
3.99700e+02
3.99800e+02
4.00000e+02
4.00100e+02
4.00300e+02
4.00500e+02
4.00700e+02
4.01000e+02
4.01200e+02
4.01500e+02
4.01800e+02
4.02100e+02
4.02200e+02
4.02400e+02
4.02600e+02
4.02800e+02
4.02900e+02
4.03000e+02
4.03100e+02
4.03200e+02
4.03300e+02
4.03500e+02
4.03600e+02
4.03900e+02
4.04000e+02
4.04100e+02
4.04200e+02
4.04400e+02
4.04600e+02
4.04800e+02
4.04900e+02
4.05000e+02
4.05100e+02
4.05200e+02
4.05300e+02
4.05500e+02
4.05600e+02
4.05900e+02
4.06000e+02
4.06100e+02
4.06300e+02
4.06500e+02
4.06700e+02
4.07000e+02
4.07200e+02
4.07400e+02
4.07600e+02
4.07800e+02
4.08000e+02
4.08100e+02
4.08400e+02
4.08600e+02
4.08800e+02
4.09200e+02
4.09300e+02
4.09500e+02
4.09700e+02
4.09800e+02
4.09900e+02
4.10000e+02
4.10100e+02
4.10200e+02
4.10400e+02
4.10500e+02
4.10700e+02
4.11000e+02
4.11100e+02
4.11400e+02
4.11600e+02
4.11700e+02
4.11900e+02
4.12000e+02
4.12200e+02
4.12400e+02
4.12600e+02
4.12800e+02
4.13200e+02
4.13300e+02
4.13500e+02
4.13700e+02
4.13800e+02
4.13900e+02
4.14000e+02
4.14100e+02
4.14300e+02
4.14500e+02
4.14700e+02
4.14800e+02
4.14900e+02
4.15200e+02
4.15400e+02
4.15600e+02
4.15800e+02
4.16000e+02
4.16100e+02
4.16300e+02
4.16400e+02
4.16600e+02
4.16900e+02
4.17400e+02
4.17600e+02
4.17700e+02
4.17800e+02
4.18000e+02
4.18100e+02
4.18300e+02
4.18400e+02
4.18600e+02
4.18900e+02
4.19100e+02
4.19200e+02
4.19300e+02
4.19500e+02
4.19700e+02
4.19800e+02
4.19900e+02
4.20000e+02
4.20100e+02
4.20200e+02
4.20400e+02
4.20600e+02
4.20800e+02
4.20900e+02
4.21000e+02
4.21100e+02
4.21200e+02
4.21300e+02
4.21500e+02
4.21700e+02
4.21800e+02
4.21900e+02
4.22000e+02
4.22100e+02
4.22300e+02
4.22600e+02
4.22800e+02
4.22900e+02
4.23000e+02
4.23200e+02
4.23600e+02
4.23800e+02
4.24000e+02
4.24200e+02
4.24400e+02
4.24500e+02
4.24800e+02
4.24900e+02
4.25100e+02
4.25200e+02
4.25300e+02
4.25500e+02
4.25700e+02
4.26100e+02
4.26400e+02
4.26600e+02
4.26700e+02
4.26800e+02
4.26900e+02
4.27000e+02
4.27200e+02
4.27500e+02
4.27700e+02
4.27900e+02
4.28100e+02
4.28200e+02
4.28400e+02
4.28600e+02
4.28800e+02
4.28900e+02
4.29000e+02
4.29100e+02
4.29400e+02
4.29600e+02
4.29700e+02
4.29900e+02
4.30400e+02
4.30500e+02
4.30800e+02
4.30900e+02
4.31100e+02
4.31200e+02
4.31300e+02
4.31500e+02
4.31700e+02
4.32500e+02
4.32800e+02
4.32900e+02
4.33000e+02
4.33100e+02
4.33200e+02
4.33300e+02
4.33500e+02
4.33700e+02
4.34500e+02
4.34800e+02
4.34900e+02
4.35000e+02
4.35100e+02
4.35200e+02
4.35300e+02
4.35500e+02
4.35700e+02
4.36100e+02
4.36400e+02
4.36600e+02
4.36700e+02
4.36800e+02
4.36900e+02
4.37000e+02
4.37200e+02
4.37500e+02
4.37700e+02
4.37900e+02
4.38100e+02
4.38200e+02
4.38400e+02
4.38600e+02
4.38800e+02
4.38900e+02
4.39000e+02
4.39100e+02
4.39200e+02
4.39300e+02
4.39500e+02
4.39700e+02
4.40100e+02
4.40400e+02
4.40600e+02
4.40700e+02
4.40800e+02
4.40900e+02
4.41000e+02
4.41200e+02
4.41500e+02
4.41700e+02
4.41900e+02
4.42400e+02
4.42600e+02
4.42700e+02
4.42800e+02
4.42900e+02
4.43000e+02
4.43200e+02
4.43600e+02
4.43800e+02
4.43900e+02
4.44000e+02
4.44100e+02
4.44300e+02
4.44500e+02
4.44800e+02
4.45100e+02
4.45200e+02
4.45300e+02
4.45400e+02
4.45600e+02
4.45900e+02
4.46000e+02
4.46100e+02
4.46200e+02
4.46400e+02
4.46600e+02
4.46800e+02
4.46900e+02
4.47000e+02
4.47100e+02
4.47400e+02
4.47700e+02
4.47900e+02
4.48000e+02
4.48100e+02
4.48300e+02
4.48500e+02
4.48700e+02
4.48900e+02
4.49200e+02
4.49500e+02
4.49700e+02
4.49900e+02
4.50100e+02
4.50200e+02
4.50400e+02
4.50600e+02
4.50800e+02
4.50900e+02
4.51000e+02
4.51100e+02
4.51200e+02
4.51300e+02
4.51500e+02
4.51700e+02
4.52500e+02
4.52800e+02
4.52900e+02
4.53000e+02
4.53100e+02
4.53200e+02
4.53300e+02
4.53500e+02
4.53700e+02
4.54500e+02
4.54800e+02
4.54900e+02
4.55000e+02
4.55100e+02
4.55200e+02
4.55300e+02
4.55500e+02
4.55700e+02
4.56100e+02
4.56400e+02
4.56600e+02
4.56700e+02
4.56800e+02
4.56900e+02
4.57000e+02
4.57200e+02
4.57500e+02
4.57700e+02
4.57900e+02
4.58100e+02
4.58200e+02
4.58400e+02
4.58600e+02
4.58800e+02
4.58900e+02
4.59000e+02
4.59100e+02
4.59200e+02
4.59300e+02
4.59500e+02
4.59700e+02
4.60100e+02
4.60400e+02
4.60600e+02
4.60700e+02
4.60800e+02
4.60900e+02
4.61000e+02
4.61200e+02
4.61600e+02
4.61800e+02
4.61900e+02
4.62200e+02
4.62500e+02
4.62700e+02
4.62900e+02
4.63400e+02
4.63700e+02
4.63900e+02
4.64200e+02
4.64300e+02
4.64500e+02
4.64600e+02
4.65000e+02
4.65100e+02
4.65200e+02
4.65300e+02
4.65400e+02
4.65600e+02
4.65900e+02
4.66000e+02
4.66100e+02
4.66200e+02
4.66400e+02
4.66600e+02
4.66800e+02
4.66900e+02
4.67000e+02
4.67100e+02
4.67400e+02
4.67700e+02
4.67900e+02
4.68200e+02
4.68300e+02
4.68500e+02
4.68600e+02
4.69000e+02
4.69100e+02
4.69200e+02
4.69300e+02
4.69400e+02
4.69600e+02
4.69900e+02
4.70000e+02
4.70200e+02
4.70400e+02
4.70600e+02
4.70800e+02
4.70900e+02
4.71000e+02
4.71100e+02
4.71200e+02
4.71300e+02
4.71400e+02
4.71600e+02
4.71900e+02
4.72000e+02
4.72100e+02
4.72200e+02
4.72400e+02
4.72700e+02
4.72800e+02
4.73000e+02
4.73200e+02
4.73500e+02
4.73600e+02
4.73800e+02
4.74400e+02
4.74700e+02
4.74800e+02
4.75000e+02
4.75200e+02
4.75400e+02
4.75600e+02
4.75800e+02
4.76000e+02
4.76100e+02
4.76300e+02
4.76600e+02
4.76900e+02
4.77400e+02
4.77700e+02
4.77900e+02
4.78200e+02
4.78400e+02
4.78500e+02
4.78800e+02
4.79400e+02
4.79600e+02
4.79800e+02
4.80000e+02
4.80200e+02
4.80400e+02
4.80500e+02
4.80800e+02
4.81100e+02
4.81300e+02
4.81400e+02
4.81600e+02
4.81800e+02
4.82400e+02
4.82700e+02
4.82800e+02
4.83000e+02
4.83200e+02
4.83500e+02
4.83600e+02
4.83800e+02
4.84400e+02
4.84700e+02
4.84800e+02
4.85000e+02
4.85200e+02
4.85500e+02
4.85600e+02
4.85800e+02
4.86100e+02
4.86200e+02
4.86400e+02
4.86600e+02
4.86800e+02
4.86900e+02
4.87000e+02
4.87100e+02
4.87200e+02
4.87300e+02
4.87400e+02
4.87600e+02
4.87900e+02
4.88000e+02
4.88100e+02
4.88200e+02
4.88400e+02
4.88600e+02
4.88800e+02
4.88900e+02
4.89000e+02
4.89100e+02
4.89200e+02
4.89300e+02
4.89400e+02
4.89600e+02
4.89900e+02
4.90000e+02
4.90200e+02
4.90400e+02
4.90600e+02
4.90800e+02
4.90900e+02
4.91000e+02
4.91100e+02
4.91200e+02
4.91300e+02
4.91400e+02
4.91600e+02
4.91900e+02
4.92000e+02
4.92100e+02
4.92200e+02
4.92400e+02
4.92700e+02
4.92800e+02
4.93000e+02
4.93200e+02
4.93500e+02
4.93600e+02
4.93800e+02
4.94100e+02
4.94200e+02
4.94400e+02
4.94600e+02
4.94800e+02
4.94900e+02
4.95000e+02
4.95100e+02
4.95200e+02
4.95300e+02
4.95400e+02
4.95600e+02
4.95900e+02
4.96000e+02
4.96100e+02
4.96200e+02
4.96400e+02
4.96700e+02
4.96800e+02
4.97000e+02
4.97200e+02
4.97400e+02
4.97600e+02
4.97800e+02
4.98000e+02
4.98100e+02
4.98400e+02
4.98600e+02
4.98900e+02
4.99400e+02
4.99700e+02
4.99900e+02
5.00200e+02
5.00400e+02
5.00500e+02
5.00800e+02
5.01100e+02
5.01300e+02
5.01400e+02
5.01600e+02
5.01800e+02
5.02400e+02
5.02700e+02
5.02800e+02
5.03000e+02
5.03200e+02
5.03500e+02
5.03600e+02
5.03800e+02
5.04400e+02
5.04700e+02
5.04800e+02
5.05000e+02
5.05200e+02
5.05400e+02
5.05600e+02
5.05800e+02
5.06000e+02
5.06100e+02
5.06400e+02
5.06600e+02
5.06900e+02
5.07400e+02
5.07700e+02
5.07900e+02
5.08300e+02
5.08600e+02
5.08900e+02
5.09200e+02
5.09300e+02
5.09400e+02
5.09600e+02
5.09800e+02
5.09900e+02
5.10000e+02
5.10300e+02
5.10600e+02
5.10800e+02
5.10900e+02
5.11000e+02
5.11100e+02
5.11200e+02
5.11300e+02
5.11400e+02
5.11600e+02
5.11800e+02
5.11900e+02
5.12000e+02
5.12200e+02
5.12500e+02
5.12800e+02
5.13000e+02
5.13200e+02
5.13500e+02
5.13600e+02
5.13800e+02
5.14000e+02
5.14200e+02
5.14500e+02
5.14700e+02
5.15000e+02
5.15100e+02
5.15200e+02
5.15400e+02
5.15600e+02
5.15700e+02
5.15800e+02
5.16100e+02
5.16400e+02
5.16500e+02
5.16700e+02
5.16900e+02
5.17500e+02
5.17600e+02
5.17800e+02
5.18000e+02
5.18300e+02
5.18500e+02
5.18700e+02
5.18900e+02
5.19200e+02
5.19400e+02
5.19600e+02
5.19900e+02
5.20200e+02
5.20500e+02
5.20800e+02
5.21000e+02
5.21200e+02
5.21500e+02
5.21600e+02
5.21800e+02
5.22000e+02
5.22200e+02
5.22500e+02
5.22700e+02
5.23000e+02
5.23100e+02
5.23200e+02
5.23400e+02
5.23600e+02
5.23700e+02
5.23800e+02
5.24500e+02
5.24700e+02
5.25000e+02
5.25100e+02
5.25200e+02
5.25400e+02
5.25600e+02
5.25700e+02
5.25800e+02
5.26500e+02
5.26700e+02
5.27000e+02
5.27100e+02
5.27200e+02
5.27300e+02
5.27400e+02
5.27600e+02
5.27800e+02
5.27900e+02
5.28000e+02
5.28100e+02
5.28400e+02
5.28700e+02
5.28900e+02
5.29300e+02
5.29400e+02
5.29600e+02
5.29900e+02
5.30400e+02
5.30700e+02
5.30900e+02
5.31300e+02
5.31400e+02
5.31600e+02
5.31900e+02
5.32200e+02
5.32400e+02
5.32600e+02
5.32700e+02
5.32900e+02
5.33000e+02
5.33100e+02
5.33200e+02
5.33400e+02
5.33600e+02
5.33700e+02
5.33800e+02
5.34100e+02
5.34300e+02
5.34500e+02
5.34700e+02
5.34900e+02
5.35200e+02
5.35400e+02
5.35600e+02
5.35900e+02
5.36200e+02
5.36500e+02
5.36800e+02
5.37000e+02
5.37200e+02
5.37400e+02
5.37600e+02
5.37900e+02
5.38200e+02
5.38500e+02
5.38800e+02
5.39000e+02
5.39200e+02
5.39400e+02
5.39600e+02
5.39900e+02
5.40200e+02
5.40400e+02
5.40600e+02
5.40800e+02
5.40900e+02
5.41000e+02
5.41100e+02
5.41400e+02
5.41700e+02
5.41900e+02
5.42400e+02
5.42600e+02
5.42900e+02
5.43200e+02
5.43300e+02
5.43400e+02
5.43600e+02
5.43800e+02
5.43900e+02
5.44000e+02
5.44200e+02
5.44400e+02
5.44600e+02
5.44800e+02
5.44900e+02
5.45000e+02
5.45100e+02
5.45400e+02
5.45700e+02
5.45900e+02
5.46300e+02
5.46600e+02
5.46900e+02
5.47400e+02
5.47700e+02
5.47900e+02
5.48200e+02
5.48400e+02
5.48500e+02
5.48800e+02
5.49100e+02
5.49300e+02
5.49400e+02
5.49600e+02
5.49800e+02
5.50400e+02
5.50700e+02
5.50800e+02
5.51000e+02
5.51200e+02
5.51500e+02
5.51600e+02
5.51800e+02
5.52400e+02
5.52700e+02
5.52800e+02
5.53000e+02
5.53200e+02
5.53400e+02
5.53600e+02
5.53800e+02
5.54000e+02
5.54200e+02
5.54400e+02
5.54500e+02
5.54800e+02
5.55100e+02
5.55300e+02
5.55400e+02
5.55600e+02
5.55800e+02
5.56400e+02
5.56700e+02
5.56800e+02
5.57000e+02
5.57200e+02
5.57500e+02
5.57600e+02
5.57800e+02
5.58400e+02
5.58700e+02
5.58800e+02
5.59000e+02
5.59200e+02
5.59400e+02
5.59600e+02
5.59800e+02
5.60000e+02
5.60100e+02
5.60300e+02
5.60500e+02
5.60800e+02
5.61100e+02
5.61300e+02
5.61400e+02
5.61600e+02
5.61800e+02
5.62400e+02
5.62700e+02
5.62800e+02
5.63000e+02
5.63200e+02
5.63500e+02
5.63600e+02
5.63800e+02
5.64100e+02
5.64200e+02
5.64400e+02
5.64600e+02
5.64800e+02
5.64900e+02
5.65000e+02
5.65100e+02
5.65400e+02
5.65700e+02
5.65900e+02
5.66000e+02
5.66100e+02
5.66300e+02
5.66500e+02
5.66700e+02
5.66900e+02
5.67400e+02
5.67700e+02
5.67900e+02
5.68300e+02
5.68500e+02
5.68600e+02
5.69000e+02
5.69100e+02
5.69200e+02
5.69300e+02
5.69400e+02
5.69600e+02
5.69900e+02
5.70000e+02
5.70100e+02
5.70200e+02
5.70400e+02
5.70700e+02
5.70800e+02
5.71000e+02
5.71200e+02
5.71400e+02
5.71600e+02
5.71800e+02
5.72000e+02
5.72100e+02
5.72300e+02
5.72600e+02
5.72900e+02
5.73200e+02
5.73300e+02
5.73400e+02
5.73600e+02
5.73800e+02
5.73900e+02
5.74000e+02
5.74100e+02
5.74200e+02
5.74500e+02
5.74800e+02
5.75000e+02
5.75200e+02
5.75400e+02
5.75600e+02
5.75900e+02
5.76200e+02
5.76500e+02
5.76800e+02
5.77000e+02
5.77200e+02
5.77400e+02
5.77600e+02
5.77900e+02
5.78200e+02
5.78500e+02
5.78800e+02
5.79000e+02
5.79200e+02
5.79500e+02
5.79600e+02
5.79800e+02
5.80000e+02
5.80100e+02
5.80300e+02
5.80500e+02
5.80700e+02
5.81000e+02
5.81100e+02
5.81200e+02
5.81300e+02
5.81400e+02
5.81600e+02
5.81800e+02
5.81900e+02
5.82000e+02
5.82100e+02
5.82200e+02
5.82400e+02
5.82600e+02
5.82700e+02
5.82900e+02
5.83000e+02
5.83100e+02
5.83200e+02
5.83300e+02
5.83400e+02
5.83600e+02
5.83800e+02
5.83900e+02
5.84000e+02
5.84100e+02
5.84200e+02
5.84400e+02
5.84600e+02
5.84700e+02
5.84900e+02
5.85000e+02
5.85100e+02
5.85200e+02
5.85300e+02
5.85400e+02
5.85600e+02
5.85800e+02
5.85900e+02
5.86000e+02
5.86100e+02
5.86400e+02
5.86700e+02
5.86900e+02
5.87300e+02
5.87500e+02
5.87800e+02
5.87900e+02
5.88300e+02
5.88500e+02
5.88800e+02
5.89600e+02
5.89700e+02
5.89900e+02
5.90300e+02
5.90500e+02
5.90800e+02
5.91100e+02
5.91300e+02
5.91400e+02
5.91600e+02
5.91900e+02
5.92200e+02
5.92400e+02
5.92600e+02
5.92700e+02
5.92900e+02
5.93000e+02
5.93100e+02
5.93200e+02
5.93400e+02
5.93600e+02
5.93700e+02
5.93800e+02
5.94500e+02
5.94700e+02
5.95000e+02
5.95100e+02
5.95200e+02
5.95300e+02
5.95400e+02
5.95600e+02
5.95800e+02
5.95900e+02
5.96000e+02
5.96100e+02
5.96200e+02
5.96400e+02
5.96600e+02
5.96700e+02
5.96900e+02
5.97000e+02
5.97100e+02
5.97200e+02
5.97400e+02
5.97600e+02
5.97700e+02
5.97800e+02
5.98500e+02
5.98700e+02
5.99000e+02
5.99100e+02
5.99200e+02
5.99300e+02
5.99400e+02
5.99600e+02
5.99800e+02
5.99900e+02
6.00000e+02
6.00200e+02
6.00400e+02
6.00600e+02
6.00700e+02
6.00900e+02
6.01000e+02
6.01100e+02
6.01200e+02
6.01300e+02
6.01400e+02
6.01600e+02
6.01800e+02
6.01900e+02
6.02000e+02
6.02100e+02
6.02200e+02
6.02400e+02
6.02600e+02
6.02700e+02
6.02900e+02
6.03000e+02
6.03100e+02
6.03200e+02
6.03300e+02
6.03400e+02
6.03600e+02
6.03800e+02
6.03900e+02
6.04000e+02
6.04100e+02
6.04400e+02
6.04700e+02
6.04900e+02
6.05300e+02
6.05500e+02
6.05800e+02
6.05900e+02
6.06200e+02
6.06500e+02
6.06800e+02
6.07400e+02
6.07700e+02
6.07800e+02
6.08100e+02
6.08300e+02
6.08500e+02
6.08800e+02
6.09100e+02
6.09300e+02
6.09400e+02
6.09600e+02
6.09900e+02
6.10400e+02
6.10700e+02
6.10900e+02
6.11300e+02
6.11400e+02
6.11600e+02
6.11900e+02
6.12200e+02
6.12400e+02
6.12600e+02
6.12700e+02
6.12900e+02
6.13000e+02
6.13100e+02
6.13200e+02
6.13400e+02
6.13600e+02
6.13700e+02
6.13800e+02
6.14500e+02
6.14700e+02
6.15000e+02
6.15100e+02
6.15200e+02
6.15300e+02
6.15400e+02
6.15600e+02
6.15800e+02
6.15900e+02
6.16000e+02
6.16100e+02
6.16200e+02
6.16400e+02
6.16600e+02
6.16700e+02
6.16900e+02
6.17000e+02
6.17100e+02
6.17200e+02
6.17400e+02
6.17600e+02
6.17700e+02
6.17800e+02
6.18500e+02
6.18700e+02
6.19000e+02
6.19100e+02
6.19200e+02
6.19300e+02
6.19400e+02
6.19600e+02
6.19800e+02
6.19900e+02
6.20000e+02
6.20100e+02
6.20200e+02
6.20400e+02
6.20600e+02
6.20700e+02
6.20900e+02
6.21000e+02
6.21100e+02
6.21200e+02
6.21300e+02
6.21400e+02
6.21600e+02
6.21800e+02
6.21900e+02
6.22000e+02
6.22100e+02
6.22400e+02
6.22700e+02
6.22900e+02
6.23300e+02
6.23500e+02
6.23800e+02
6.23900e+02
6.24000e+02
6.24100e+02
6.24400e+02
6.24600e+02
6.24800e+02
6.25100e+02
6.25300e+02
6.25400e+02
6.25600e+02
6.25900e+02
6.26400e+02
6.26700e+02
6.26900e+02
6.27300e+02
6.27400e+02
6.27600e+02
6.27900e+02
6.28200e+02
6.28400e+02
6.28600e+02
6.28700e+02
6.28900e+02
6.29000e+02
6.29100e+02
6.29200e+02
6.29300e+02
6.29400e+02
6.29600e+02
6.29800e+02
6.29900e+02
6.30000e+02
6.30100e+02
6.30200e+02
6.30400e+02
6.30600e+02
6.30700e+02
6.30900e+02
6.31000e+02
6.31100e+02
6.31200e+02
6.31400e+02
6.31600e+02
6.31700e+02
6.31800e+02
6.32500e+02
6.32700e+02
6.33000e+02
6.33100e+02
6.33200e+02
6.33300e+02
6.33400e+02
6.33600e+02
6.33800e+02
6.33900e+02
6.34000e+02
6.34100e+02
6.34200e+02
6.34400e+02
6.34600e+02
6.34700e+02
6.34900e+02
6.35000e+02
6.35100e+02
6.35200e+02
6.35300e+02
6.35400e+02
6.35600e+02
6.35800e+02
6.35900e+02
6.36000e+02
6.36100e+02
6.36200e+02
6.36400e+02
6.36600e+02
6.36700e+02
6.36900e+02
6.37000e+02
6.37100e+02
6.37200e+02
6.37400e+02
6.37600e+02
6.37700e+02
6.37800e+02
6.38100e+02
6.38400e+02
6.38500e+02
6.38700e+02
6.38900e+02
6.39200e+02
6.39400e+02
6.39600e+02
6.39900e+02
6.40200e+02
6.40500e+02
6.40800e+02
6.41000e+02
6.41200e+02
6.41400e+02
6.41600e+02
6.41900e+02
6.42200e+02
6.42500e+02
6.42800e+02
6.43000e+02
6.43200e+02
6.43500e+02
6.43600e+02
6.43800e+02
6.44000e+02
6.44200e+02
6.44500e+02
6.44700e+02
6.45000e+02
6.45100e+02
6.45200e+02
6.45400e+02
6.45600e+02
6.45700e+02
6.45800e+02
6.46100e+02
6.46400e+02
6.46500e+02
6.46700e+02
6.46900e+02
6.47200e+02
6.47400e+02
6.47600e+02
6.47900e+02
6.48200e+02
6.48500e+02
6.48800e+02
6.49000e+02
6.49200e+02
6.49400e+02
6.49600e+02
6.49900e+02
6.50200e+02
6.50400e+02
6.50600e+02
6.50800e+02
6.50900e+02
6.51000e+02
6.51100e+02
6.51200e+02
6.51300e+02
6.51400e+02
6.51600e+02
6.51800e+02
6.51900e+02
6.52000e+02
6.52300e+02
6.52600e+02
6.52800e+02
6.52900e+02
6.53000e+02
6.53100e+02
6.53400e+02
6.53700e+02
6.53900e+02
6.54300e+02
6.54600e+02
6.54900e+02
6.55400e+02
6.55700e+02
6.55900e+02
6.56200e+02
6.56400e+02
6.56500e+02
6.56800e+02
6.57100e+02
6.57300e+02
6.57400e+02
6.57600e+02
6.57800e+02
6.58100e+02
6.58200e+02
6.58400e+02
6.58600e+02
6.58800e+02
6.58900e+02
6.59000e+02
6.59100e+02
6.59200e+02
6.59300e+02
6.59400e+02
6.59600e+02
6.59900e+02
6.60000e+02
6.60100e+02
6.60200e+02
6.60400e+02
6.60600e+02
6.60800e+02
6.60900e+02
6.61000e+02
6.61100e+02
6.61200e+02
6.61300e+02
6.61400e+02
6.61600e+02
6.61900e+02
6.62000e+02
6.62100e+02
6.62200e+02
6.62400e+02
6.62600e+02
6.62800e+02
6.62900e+02
6.63000e+02
6.63100e+02
6.63200e+02
6.63300e+02
6.63400e+02
6.63600e+02
6.63900e+02
6.64000e+02
6.64100e+02
6.64200e+02
6.64400e+02
6.64700e+02
6.64800e+02
6.65000e+02
6.65200e+02
6.65400e+02
6.65600e+02
6.65800e+02
6.66000e+02
6.66100e+02
6.66300e+02
6.66600e+02
6.66900e+02
6.67200e+02
6.67300e+02
6.67400e+02
6.67600e+02
6.67800e+02
6.67900e+02
6.68000e+02
6.68100e+02
6.68200e+02
6.68500e+02
6.68800e+02
6.69000e+02
6.69200e+02
6.69500e+02
6.69600e+02
6.69800e+02
6.70000e+02
6.70100e+02
6.70400e+02
6.70500e+02
6.70700e+02
6.70900e+02
6.71500e+02
6.71600e+02
6.71800e+02
6.72000e+02
6.72100e+02
6.72300e+02
6.72500e+02
6.72700e+02
6.73000e+02
6.73100e+02
6.73200e+02
6.73300e+02
6.73400e+02
6.73600e+02
6.73800e+02
6.73900e+02
6.74000e+02
6.74100e+02
6.74400e+02
6.74700e+02
6.74900e+02
6.75300e+02
6.75500e+02
6.75800e+02
6.75900e+02
6.76000e+02
6.76100e+02
6.76300e+02
6.76500e+02
6.76800e+02
6.77100e+02
6.77300e+02
6.77400e+02
6.77600e+02
6.77900e+02
6.78400e+02
6.78700e+02
6.78900e+02
6.79300e+02
6.79500e+02
6.79800e+02
6.79900e+02
6.80000e+02
6.80100e+02
6.80300e+02
6.80500e+02
6.80800e+02
6.81600e+02
6.81700e+02
6.81900e+02
6.82200e+02
6.82500e+02
6.82800e+02
6.83200e+02
6.83300e+02
6.83400e+02
6.83500e+02
6.83700e+02
6.83900e+02
6.84000e+02
6.84100e+02
6.84200e+02
6.84400e+02
6.84600e+02
6.84800e+02
6.84900e+02
6.85000e+02
6.85100e+02
6.85200e+02
6.85400e+02
6.85700e+02
6.85800e+02
6.86100e+02
6.86300e+02
6.86500e+02
6.86800e+02
6.87100e+02
6.87300e+02
6.87400e+02
6.87600e+02
6.87900e+02
6.88400e+02
6.88700e+02
6.88900e+02
6.89300e+02
6.89500e+02
6.89800e+02
6.89900e+02
6.90000e+02
6.90200e+02
6.90500e+02
6.90800e+02
6.91100e+02
6.91300e+02
6.91400e+02
6.91600e+02
6.91900e+02
6.92400e+02
6.92700e+02
6.92900e+02
6.93300e+02
6.93400e+02
6.93600e+02
6.93900e+02
6.94400e+02
6.94700e+02
6.94900e+02
6.95300e+02
6.95500e+02
6.95800e+02
6.95900e+02
6.96000e+02
6.96200e+02
6.96500e+02
6.96800e+02
6.97600e+02
6.97700e+02
6.97900e+02
6.98200e+02
6.98500e+02
6.98800e+02
6.99200e+02
6.99300e+02
6.99400e+02
6.99500e+02
6.99700e+02
6.99900e+02
7.00000e+02
7.00100e+02
7.00200e+02
7.00300e+02
7.00600e+02
7.00800e+02
7.00900e+02
7.01300e+02
7.01400e+02
7.01500e+02
7.01800e+02
7.01900e+02
7.02000e+02
7.02100e+02
7.02200e+02
7.02300e+02
7.02600e+02
7.02800e+02
7.02900e+02
7.03300e+02
7.03400e+02
7.03500e+02
7.03800e+02
7.04000e+02
7.04200e+02
7.04400e+02
7.04600e+02
7.04900e+02
7.05200e+02
7.05400e+02
7.05500e+02
7.05800e+02
7.05900e+02
7.06000e+02
7.06100e+02
7.06200e+02
7.06400e+02
7.06600e+02
7.06800e+02
7.06900e+02
7.07000e+02
7.07100e+02
7.07200e+02
7.07400e+02
7.07700e+02
7.07800e+02
7.08100e+02
7.08300e+02
7.08500e+02
7.08800e+02
7.09600e+02
7.09700e+02
7.09900e+02
7.10000e+02
7.10100e+02
7.10300e+02
7.10500e+02
7.10800e+02
7.11600e+02
7.11700e+02
7.11900e+02
7.12000e+02
7.12200e+02
7.12500e+02
7.12800e+02
7.13400e+02
7.13700e+02
7.13800e+02
7.14100e+02
7.14400e+02
7.14600e+02
7.14800e+02
7.15100e+02
7.15300e+02
7.15400e+02
7.15600e+02
7.15900e+02
7.16200e+02
7.16400e+02
7.16600e+02
7.16700e+02
7.16900e+02
7.17000e+02
7.17100e+02
7.17200e+02
7.17400e+02
7.17600e+02
7.17700e+02
7.17800e+02
7.18100e+02
7.18300e+02
7.18500e+02
7.18700e+02
7.18900e+02
7.19200e+02
7.19400e+02
7.19600e+02
7.19900e+02
7.20200e+02
7.20400e+02
7.20600e+02
7.20800e+02
7.20900e+02
7.21000e+02
7.21100e+02
7.21200e+02
7.21300e+02
7.21400e+02
7.21600e+02
7.21800e+02
7.21900e+02
7.22000e+02
7.22200e+02
7.22400e+02
7.22600e+02
7.22800e+02
7.22900e+02
7.23000e+02
7.23100e+02
7.23400e+02
7.23700e+02
7.23900e+02
7.24200e+02
7.24400e+02
7.24500e+02
7.24800e+02
7.25100e+02
7.25300e+02
7.25400e+02
7.25600e+02
7.25800e+02
7.26100e+02
7.26200e+02
7.26400e+02
7.26600e+02
7.26800e+02
7.26900e+02
7.27000e+02
7.27100e+02
7.27200e+02
7.27300e+02
7.27400e+02
7.27600e+02
7.27900e+02
7.28000e+02
7.28100e+02
7.28200e+02
7.28400e+02
7.28700e+02
7.28800e+02
7.29000e+02
7.29200e+02
7.29400e+02
7.29600e+02
7.29800e+02
7.30000e+02
7.30100e+02
7.30400e+02
7.30500e+02
7.30800e+02
7.31100e+02
7.31300e+02
7.31400e+02
7.31600e+02
7.31800e+02
7.32400e+02
7.32700e+02
7.32800e+02
7.33000e+02
7.33200e+02
7.33500e+02
7.33600e+02
7.33800e+02
7.34100e+02
7.34200e+02
7.34400e+02
7.34600e+02
7.34800e+02
7.34900e+02
7.35000e+02
7.35100e+02
7.35200e+02
7.35300e+02
7.35400e+02
7.35600e+02
7.35900e+02
7.36000e+02
7.36100e+02
7.36200e+02
7.36400e+02
7.36700e+02
7.36800e+02
7.37000e+02
7.37200e+02
7.37500e+02
7.37600e+02
7.37800e+02
7.38400e+02
7.38700e+02
7.38800e+02
7.39000e+02
7.39200e+02
7.39400e+02
7.39600e+02
7.39800e+02
7.40000e+02
7.40100e+02
7.40400e+02
7.40600e+02
7.40900e+02
7.41200e+02
7.41300e+02
7.41400e+02
7.41600e+02
7.41800e+02
7.41900e+02
7.42000e+02
7.42300e+02
7.42600e+02
7.42800e+02
7.42900e+02
7.43000e+02
7.43100e+02
7.43200e+02
7.43300e+02
7.43400e+02
7.43600e+02
7.43800e+02
7.43900e+02
7.44000e+02
7.44300e+02
7.44600e+02
7.44800e+02
7.44900e+02
7.45000e+02
7.45100e+02
7.45400e+02
7.45700e+02
7.45900e+02
7.46200e+02
7.46400e+02
7.46500e+02
7.46800e+02
7.47100e+02
7.47300e+02
7.47400e+02
7.47600e+02
7.47800e+02
7.48100e+02
7.48200e+02
7.48400e+02
7.48600e+02
7.48800e+02
7.48900e+02
7.49000e+02
7.49100e+02
7.49200e+02
7.49300e+02
7.49400e+02
7.49600e+02
7.49900e+02
7.50000e+02
7.50200e+02
7.50400e+02
7.50600e+02
7.50800e+02
7.50900e+02
7.51000e+02
7.51100e+02
7.51200e+02
7.51300e+02
7.51400e+02
7.51600e+02
7.51900e+02
7.52000e+02
7.52100e+02
7.52200e+02
7.52400e+02
7.52600e+02
7.52800e+02
7.52900e+02
7.53000e+02
7.53100e+02
7.53200e+02
7.53300e+02
7.53400e+02
7.53600e+02
7.53900e+02
7.54000e+02
7.54100e+02
7.54200e+02
7.54400e+02
7.54600e+02
7.54800e+02
7.54900e+02
7.55000e+02
7.55100e+02
7.55400e+02
7.55700e+02
7.55900e+02
7.56000e+02
7.56100e+02
7.56200e+02
7.56300e+02
7.56500e+02
7.56600e+02
7.57000e+02
7.57100e+02
7.57200e+02
7.57300e+02
7.57400e+02
7.57600e+02
7.57900e+02
7.58000e+02
7.58100e+02
7.58200e+02
7.58400e+02
7.58600e+02
7.58800e+02
7.58900e+02
7.59000e+02
7.59100e+02
7.59400e+02
7.59700e+02
7.59900e+02
7.60200e+02
7.60300e+02
7.60500e+02
7.60600e+02
7.61000e+02
7.61100e+02
7.61400e+02
7.61700e+02
7.61900e+02
7.62000e+02
7.62100e+02
7.62300e+02
7.62500e+02
7.62700e+02
7.62900e+02
7.63200e+02
7.63500e+02
7.63700e+02
7.63900e+02
7.64400e+02
7.64600e+02
7.64700e+02
7.64800e+02
7.64900e+02
7.65000e+02
7.65200e+02
7.65600e+02
7.65800e+02
7.65900e+02
7.66200e+02
7.66500e+02
7.66700e+02
7.66900e+02
7.67200e+02
7.67500e+02
7.67700e+02
7.67900e+02
7.68400e+02
7.68600e+02
7.68700e+02
7.68800e+02
7.68900e+02
7.69000e+02
7.69200e+02
7.69500e+02
7.69700e+02
7.69900e+02
7.70100e+02
7.70200e+02
7.70400e+02
7.70600e+02
7.70800e+02
7.70900e+02
7.71000e+02
7.71100e+02
7.71400e+02
7.71600e+02
7.71700e+02
7.71900e+02
7.72300e+02
7.72600e+02
7.72900e+02
7.73100e+02
7.73200e+02
7.73300e+02
7.73500e+02
7.73700e+02
7.74500e+02
7.74800e+02
7.74900e+02
7.75000e+02
7.75100e+02
7.75200e+02
7.75300e+02
7.75500e+02
7.75700e+02
7.76500e+02
7.76800e+02
7.76900e+02
7.77000e+02
7.77100e+02
7.77200e+02
7.77300e+02
7.77500e+02
7.77700e+02
7.78500e+02
7.78800e+02
7.78900e+02
7.79000e+02
7.79100e+02
7.79200e+02
7.79300e+02
7.79500e+02
7.79700e+02
7.80100e+02
7.80400e+02
7.80600e+02
7.80700e+02
7.80800e+02
7.80900e+02
7.81000e+02
7.81200e+02
7.81600e+02
7.81800e+02
7.81900e+02
7.82300e+02
7.82500e+02
7.82600e+02
7.83000e+02
7.83100e+02
7.83400e+02
7.83700e+02
7.83900e+02
7.84000e+02
7.84200e+02
7.84300e+02
7.84500e+02
7.84600e+02
7.85000e+02
7.85100e+02
7.85400e+02
7.85700e+02
7.85900e+02
7.86000e+02
7.86100e+02
7.86200e+02
7.86300e+02
7.86500e+02
7.86600e+02
7.87000e+02
7.87100e+02
7.87200e+02
7.87300e+02
7.87400e+02
7.87600e+02
7.87900e+02
7.88000e+02
7.88100e+02
7.88200e+02
7.88400e+02
7.88600e+02
7.88800e+02
7.88900e+02
7.89000e+02
7.89100e+02
7.89400e+02
7.89700e+02
7.89900e+02
7.90200e+02
7.90300e+02
7.90500e+02
7.90600e+02
7.91000e+02
7.91100e+02
7.91200e+02
7.91300e+02
7.91400e+02
7.91600e+02
7.91900e+02
7.92000e+02
7.92100e+02
7.92200e+02
7.92400e+02
7.92600e+02
7.92800e+02
7.92900e+02
7.93000e+02
7.93100e+02
7.93200e+02
7.93300e+02
7.93400e+02
7.93600e+02
7.93900e+02
7.94000e+02
7.94200e+02
7.94400e+02
7.94600e+02
7.94800e+02
7.94900e+02
7.95000e+02
7.95100e+02
7.95200e+02
7.95300e+02
7.95400e+02
7.95600e+02
7.95900e+02
7.96000e+02
7.96100e+02
7.96200e+02
7.96400e+02
7.96600e+02
7.96800e+02
7.96900e+02
7.97000e+02
7.97100e+02
7.97200e+02
7.97300e+02
7.97400e+02
7.97600e+02
7.97900e+02
7.98000e+02
7.98200e+02
7.98400e+02
7.98600e+02
7.98800e+02
7.98900e+02
7.99000e+02
7.99100e+02
7.99200e+02
7.99300e+02
7.99400e+02
7.99600e+02
7.99900e+02
8.00000e+02
8.00100e+02
8.00200e+02
8.00400e+02
8.00700e+02
8.00800e+02
8.01000e+02
8.01200e+02
8.01400e+02
8.01600e+02
8.01800e+02
8.02000e+02
8.02200e+02
8.02400e+02
8.02600e+02
8.02900e+02
8.03200e+02
8.03300e+02
8.03400e+02
8.03600e+02
8.03800e+02
8.03900e+02
8.04000e+02
8.04200e+02
8.04400e+02
8.04600e+02
8.04800e+02
8.04900e+02
8.05000e+02
8.05100e+02
8.05400e+02
8.05700e+02
8.05900e+02
8.06200e+02
8.06400e+02
8.06500e+02
8.06800e+02
8.07100e+02
8.07300e+02
8.07400e+02
8.07600e+02
8.07800e+02
8.08400e+02
8.08700e+02
8.08800e+02
8.09000e+02
8.09200e+02
8.09500e+02
8.09600e+02
8.09800e+02
8.10100e+02
8.10200e+02
8.10400e+02
8.10600e+02
8.10800e+02
8.10900e+02
8.11000e+02
8.11100e+02
8.11400e+02
8.11700e+02
8.11900e+02
8.12200e+02
8.12500e+02
8.12700e+02
8.12900e+02
8.13100e+02
8.13300e+02
8.13400e+02
8.13600e+02
8.13900e+02
8.14100e+02
8.14200e+02
8.14400e+02
8.14600e+02
8.14800e+02
8.14900e+02
8.15000e+02
8.15100e+02
8.15400e+02
8.15600e+02
8.15700e+02
8.15900e+02
8.16300e+02
8.16600e+02
8.16900e+02
8.17400e+02
8.17600e+02
8.17700e+02
8.17900e+02
8.18200e+02
8.18300e+02
8.18400e+02
8.18500e+02
8.18800e+02
8.19600e+02
8.19800e+02
8.20000e+02
8.20100e+02
8.20300e+02
8.20600e+02
8.20900e+02
8.21400e+02
8.21600e+02
8.21700e+02
8.21900e+02
8.22200e+02
8.22300e+02
8.22400e+02
8.22500e+02
8.22800e+02
8.23600e+02
8.23800e+02
8.24000e+02
8.24200e+02
8.24300e+02
8.24400e+02
8.24500e+02
8.24800e+02
8.25100e+02
8.25400e+02
8.25600e+02
8.25900e+02
8.26300e+02
8.26600e+02
8.26800e+02
8.26900e+02
8.27000e+02
8.27200e+02
8.27600e+02
8.27800e+02
8.28000e+02
8.28100e+02
8.28300e+02
8.28400e+02
8.28500e+02
8.28800e+02
8.29100e+02
8.29400e+02
8.29600e+02
8.29900e+02
8.30300e+02
8.30600e+02
8.30800e+02
8.30900e+02
8.31000e+02
8.31200e+02
8.31500e+02
8.31800e+02
8.32100e+02
8.32200e+02
8.32400e+02
8.32600e+02
8.32800e+02
8.32900e+02
8.33000e+02
8.33100e+02
8.33200e+02
8.33300e+02
8.33500e+02
8.33700e+02
8.33800e+02
8.33900e+02
8.34000e+02
8.34100e+02
8.34200e+02
8.34400e+02
8.34600e+02
8.34800e+02
8.34900e+02
8.35000e+02
8.35100e+02
8.35200e+02
8.35300e+02
8.35500e+02
8.35700e+02
8.35800e+02
8.35900e+02
8.36000e+02
8.36100e+02
8.36200e+02
8.36400e+02
8.36600e+02
8.36800e+02
8.36900e+02
8.37000e+02
8.37100e+02
8.37400e+02
8.37600e+02
8.37700e+02
8.37800e+02
8.38000e+02
8.38100e+02
8.38200e+02
8.38400e+02
8.38500e+02
8.38800e+02
8.39100e+02
8.39300e+02
8.39500e+02
8.39800e+02
8.40100e+02
8.40200e+02
8.40400e+02
8.40500e+02
8.40700e+02
8.41000e+02
8.41100e+02
8.41200e+02
8.41300e+02
8.41500e+02
8.41600e+02
8.41900e+02
8.42000e+02
8.42100e+02
8.42300e+02
8.42600e+02
8.42800e+02
8.42900e+02
8.43200e+02
8.43400e+02
8.43600e+02
8.43800e+02
8.44000e+02
8.44100e+02
8.44300e+02
8.44400e+02
8.44600e+02
8.44900e+02
8.45100e+02
8.45200e+02
8.45300e+02
8.45500e+02
8.45700e+02
8.45800e+02
8.45900e+02
8.46000e+02
8.46100e+02
8.46300e+02
8.46600e+02
8.46800e+02
8.46900e+02
8.47000e+02
8.47200e+02
8.47600e+02
8.47800e+02
8.48000e+02
8.48200e+02
8.48300e+02
8.48400e+02
8.48500e+02
8.48800e+02
8.49600e+02
8.49800e+02
8.50000e+02
8.50200e+02
8.50400e+02
8.50500e+02
8.50800e+02
8.51100e+02
8.51200e+02
8.51300e+02
8.51500e+02
8.51700e+02
8.52500e+02
8.52800e+02
8.52900e+02
8.53000e+02
8.53100e+02
8.53200e+02
8.53300e+02
8.53500e+02
8.53700e+02
8.54500e+02
8.54800e+02
8.54900e+02
8.55000e+02
8.55100e+02
8.55200e+02
8.55300e+02
8.55500e+02
8.55700e+02
8.56100e+02
8.56400e+02
8.56600e+02
8.56700e+02
8.56800e+02
8.56900e+02
8.57000e+02
8.57200e+02
8.57500e+02
8.57700e+02
8.57900e+02
8.58100e+02
8.58200e+02
8.58400e+02
8.58600e+02
8.58800e+02
8.58900e+02
8.59000e+02
8.59100e+02
8.59400e+02
8.59600e+02
8.59700e+02
8.59900e+02
8.60300e+02
8.60600e+02
8.60900e+02
8.61100e+02
8.61200e+02
8.61300e+02
8.61500e+02
8.61700e+02
8.62100e+02
8.62400e+02
8.62600e+02
8.62700e+02
8.62800e+02
8.62900e+02
8.63000e+02
8.63200e+02
8.63500e+02
8.63700e+02
8.63900e+02
8.64100e+02
8.64200e+02
8.64400e+02
8.64600e+02
8.64800e+02
8.64900e+02
8.65000e+02
8.65100e+02
8.65200e+02
8.65300e+02
8.65500e+02
8.65700e+02
8.66100e+02
8.66400e+02
8.66600e+02
8.66700e+02
8.66800e+02
8.66900e+02
8.67000e+02
8.67200e+02
8.67600e+02
8.67800e+02
8.67900e+02
8.68300e+02
8.68500e+02
8.68600e+02
8.69000e+02
8.69100e+02
8.69400e+02
8.69700e+02
8.69900e+02
8.70200e+02
8.70500e+02
8.70700e+02
8.70900e+02
8.71100e+02
8.71300e+02
8.71400e+02
8.71600e+02
8.71900e+02
8.72100e+02
8.72200e+02
8.72400e+02
8.72600e+02
8.72800e+02
8.72900e+02
8.73000e+02
8.73100e+02
8.73200e+02
8.73300e+02
8.73500e+02
8.73700e+02
8.74500e+02
8.74800e+02
8.74900e+02
8.75000e+02
8.75100e+02
8.75400e+02
8.75600e+02
8.75700e+02
8.75900e+02
8.76200e+02
8.76300e+02
8.76400e+02
8.76500e+02
8.76800e+02
8.77600e+02
8.77800e+02
8.78000e+02
8.78100e+02
8.78300e+02
8.78400e+02
8.78500e+02
8.78800e+02
8.79600e+02
8.79800e+02
8.80000e+02
8.80100e+02
8.80300e+02
8.80400e+02
8.80500e+02
8.80800e+02
8.81600e+02
8.81800e+02
8.82000e+02
8.82200e+02
8.82400e+02
8.82500e+02
8.82800e+02
8.83400e+02
8.83600e+02
8.83700e+02
8.83900e+02
8.84100e+02
8.84300e+02
8.84400e+02
8.84500e+02
8.84800e+02
8.85600e+02
8.85800e+02
8.86000e+02
8.86200e+02
8.86400e+02
8.86500e+02
8.86800e+02
8.87100e+02
8.87200e+02
8.87300e+02
8.87500e+02
8.87700e+02
8.88500e+02
8.88800e+02
8.88900e+02
8.89000e+02
8.89100e+02
8.89200e+02
8.89300e+02
8.89500e+02
8.89700e+02
8.90100e+02
8.90400e+02
8.90600e+02
8.90700e+02
8.90800e+02
8.90900e+02
8.91000e+02
8.91200e+02
8.91500e+02
8.91700e+02
8.91900e+02
8.92100e+02
8.92200e+02
8.92400e+02
8.92600e+02
8.92800e+02
8.92900e+02
8.93000e+02
8.93100e+02
8.93400e+02
8.93600e+02
8.93700e+02
8.93900e+02
8.94300e+02
8.94600e+02
8.94900e+02
8.95400e+02
8.95600e+02
8.95700e+02
8.95900e+02
8.96300e+02
8.96600e+02
8.96900e+02
8.97100e+02
8.97200e+02
8.97300e+02
8.97500e+02
8.97700e+02
8.98500e+02
8.98800e+02
8.98900e+02
8.99000e+02
8.99100e+02
8.99200e+02
8.99300e+02
8.99500e+02
8.99700e+02
9.00500e+02
9.00800e+02
9.00900e+02
9.01000e+02
9.01100e+02
9.01400e+02
9.01600e+02
9.01700e+02
9.01900e+02
9.02300e+02
9.02600e+02
9.02900e+02
9.03400e+02
9.03600e+02
9.03700e+02
9.03900e+02
9.04300e+02
9.04600e+02
9.04900e+02
9.05100e+02
9.05200e+02
9.05300e+02
9.05500e+02
9.05700e+02
9.06500e+02
9.06800e+02
9.06900e+02
9.07000e+02
9.07100e+02
9.07200e+02
9.07300e+02
9.07500e+02
9.07700e+02
9.08100e+02
9.08400e+02
9.08600e+02
9.08700e+02
9.08800e+02
9.08900e+02
9.09000e+02
9.09200e+02
9.09600e+02
9.09800e+02
9.09900e+02
9.10300e+02
9.10500e+02
9.10600e+02
9.11000e+02
9.11100e+02
9.11400e+02
9.11700e+02
9.11900e+02
9.12000e+02
9.12100e+02
9.12200e+02
9.12300e+02
9.12500e+02
9.12600e+02
9.12900e+02
9.13400e+02
9.13700e+02
9.13900e+02
9.14200e+02
9.14300e+02
9.14500e+02
9.14600e+02
9.15000e+02
9.15100e+02
9.15400e+02
9.15700e+02
9.15900e+02
9.16000e+02
9.16100e+02
9.16300e+02
9.16500e+02
9.16600e+02
9.17000e+02
9.17100e+02
9.17200e+02
9.17300e+02
9.17400e+02
9.17600e+02
9.17900e+02
9.18000e+02
9.18100e+02
9.18200e+02
9.18400e+02
9.18700e+02
9.18800e+02
9.19000e+02
9.19200e+02
9.19500e+02
9.19600e+02
9.19800e+02
9.20400e+02
9.20700e+02
9.20800e+02
9.21000e+02
9.21200e+02
9.21400e+02
9.21600e+02
9.21800e+02
9.22000e+02
9.22300e+02
9.22500e+02
9.22800e+02
9.23400e+02
9.23600e+02
9.23800e+02
9.24000e+02
9.24200e+02
9.24400e+02
9.24600e+02
9.24900e+02
9.25200e+02
9.25300e+02
9.25400e+02
9.25600e+02
9.25800e+02
9.25900e+02
9.26000e+02
9.26100e+02
9.26200e+02
9.26500e+02
9.26800e+02
9.27000e+02
9.27200e+02
9.27500e+02
9.27600e+02
9.27800e+02
9.28000e+02
9.28300e+02
9.28500e+02
9.28700e+02
9.28900e+02
9.29200e+02
9.29400e+02
9.29600e+02
9.29900e+02
9.30200e+02
9.30400e+02
9.30600e+02
9.30800e+02
9.30900e+02
9.31000e+02
9.31100e+02
9.31400e+02
9.31700e+02
9.31900e+02
9.32200e+02
9.32400e+02
9.32500e+02
9.32800e+02
9.33100e+02
9.33300e+02
9.33400e+02
9.33600e+02
9.33800e+02
9.34100e+02
9.34200e+02
9.34400e+02
9.34600e+02
9.34800e+02
9.34900e+02
9.35000e+02
9.35100e+02
9.35400e+02
9.35700e+02
9.35900e+02
9.36200e+02
9.36500e+02
9.36700e+02
9.36900e+02
9.37100e+02
9.37300e+02
9.37400e+02
9.37600e+02
9.37900e+02
9.38400e+02
9.38600e+02
9.38700e+02
9.38800e+02
9.38900e+02
9.39000e+02
9.39200e+02
9.39600e+02
9.39800e+02
9.39900e+02
9.40000e+02
9.40100e+02
9.40200e+02
9.40300e+02
9.40500e+02
9.40600e+02
9.41000e+02
9.41100e+02
9.41400e+02
9.41700e+02
9.41900e+02
9.42000e+02
9.42100e+02
9.42400e+02
9.42500e+02
9.42700e+02
9.42900e+02
9.43500e+02
9.43700e+02
9.43900e+02
9.44000e+02
9.44100e+02
9.44300e+02
9.44500e+02
9.44700e+02
9.44900e+02
9.45100e+02
9.45300e+02
9.45400e+02
9.45600e+02
9.45900e+02
9.46100e+02
9.46200e+02
9.46400e+02
9.46600e+02
9.46800e+02
9.46900e+02
9.47000e+02
9.47100e+02
9.47200e+02
9.47300e+02
9.47500e+02
9.47700e+02
9.48500e+02
9.48800e+02
9.48900e+02
9.49000e+02
9.49100e+02
9.49400e+02
9.49600e+02
9.49700e+02
9.49900e+02
9.50200e+02
9.50300e+02
9.50400e+02
9.50500e+02
9.50800e+02
9.51100e+02
9.51400e+02
9.51600e+02
9.51900e+02
9.52300e+02
9.52600e+02
9.52800e+02
9.52900e+02
9.53000e+02
9.53200e+02
9.53600e+02
9.53800e+02
9.54000e+02
9.54100e+02
9.54300e+02
9.54600e+02
9.54900e+02
9.55400e+02
9.55600e+02
9.55700e+02
9.55900e+02
9.56100e+02
9.56300e+02
9.56400e+02
9.56500e+02
9.56800e+02
9.57600e+02
9.57800e+02
9.58000e+02
9.58100e+02
9.58300e+02
9.58400e+02
9.58500e+02
9.58800e+02
9.59600e+02
9.59800e+02
9.60000e+02
9.60200e+02
9.60400e+02
9.60500e+02
9.60800e+02
9.61100e+02
9.61200e+02
9.61300e+02
9.61500e+02
9.61700e+02
9.62500e+02
9.62800e+02
9.62900e+02
9.63000e+02
9.63100e+02
9.63200e+02
9.63300e+02
9.63500e+02
9.63700e+02
9.64100e+02
9.64400e+02
9.64600e+02
9.64700e+02
9.64800e+02
9.64900e+02
9.65000e+02
9.65200e+02
9.65500e+02
9.65700e+02
9.65900e+02
9.66400e+02
9.66600e+02
9.66700e+02
9.66800e+02
9.66900e+02
9.67000e+02
9.67200e+02
9.67600e+02
9.67800e+02
9.67900e+02
9.68200e+02
9.68500e+02
9.68700e+02
9.68900e+02
9.69500e+02
9.69700e+02
9.69900e+02
9.70000e+02
9.70200e+02
9.70300e+02
9.70500e+02
9.70600e+02
9.71000e+02
9.71100e+02
9.71200e+02
9.71300e+02
9.71400e+02
9.71600e+02
9.71900e+02
9.72000e+02
9.72100e+02
9.72200e+02
9.72400e+02
9.72600e+02
9.72800e+02
9.72900e+02
9.73000e+02
9.73100e+02
9.73200e+02
9.73300e+02
9.73400e+02
9.73600e+02
9.73900e+02
9.74000e+02
9.74100e+02
9.74200e+02
9.74500e+02
9.74600e+02
9.74700e+02
9.74800e+02
9.75000e+02
9.75200e+02
9.75500e+02
9.75600e+02
9.75800e+02
9.76500e+02
9.76600e+02
9.76700e+02
9.76800e+02
9.77000e+02
9.77200e+02
9.77400e+02
9.77600e+02
9.77800e+02
9.78000e+02
9.78100e+02
9.78400e+02
9.78600e+02
9.78900e+02
9.79400e+02
9.79700e+02
9.79900e+02
9.80400e+02
9.80600e+02
9.80900e+02
9.81400e+02
9.81700e+02
9.81900e+02
9.82200e+02
9.82400e+02
9.82500e+02
9.82800e+02
9.83400e+02
9.83600e+02
9.83800e+02
9.84000e+02
9.84200e+02
9.84400e+02
9.84600e+02
9.84900e+02
9.85400e+02
9.85700e+02
9.85900e+02
9.86300e+02
9.86600e+02
9.86900e+02
9.87400e+02
9.87700e+02
9.87900e+02
9.88400e+02
9.88600e+02
9.88900e+02
9.89400e+02
9.89700e+02
9.89900e+02
9.90300e+02
9.90600e+02
9.90900e+02
9.91400e+02
9.91700e+02
9.91900e+02
9.92300e+02
9.92600e+02
9.92900e+02
9.93200e+02
9.93300e+02
9.93400e+02
9.93600e+02
9.93800e+02
9.93900e+02
9.94000e+02
9.94200e+02
9.94500e+02
9.94800e+02
9.95000e+02
9.95200e+02
9.95400e+02
9.95600e+02
9.95900e+02
9.96200e+02
9.96400e+02
9.96600e+02
9.96800e+02
9.96900e+02
9.97000e+02
9.97100e+02
9.97200e+02
9.97300e+02
9.97400e+02
9.97600e+02
9.97800e+02
9.97900e+02
9.98000e+02
9.98300e+02
9.98600e+02
9.98800e+02
9.98900e+02
9.99000e+02
9.99100e+02
9.99400e+02
9.99700e+02
9.99900e+02
1.00020e+03
1.00040e+03
1.00050e+03
1.00080e+03
1.00140e+03
1.00160e+03
1.00180e+03
1.00200e+03
1.00210e+03
1.00230e+03
1.00250e+03
1.00280e+03
1.00340e+03
1.00360e+03
1.00380e+03
1.00400e+03
1.00420e+03
1.00440e+03
1.00460e+03
1.00490e+03
1.00520e+03
1.00530e+03
1.00540e+03
1.00560e+03
1.00580e+03
1.00590e+03
1.00600e+03
1.00630e+03
1.00660e+03
1.00680e+03
1.00690e+03
1.00700e+03
1.00710e+03
1.00740e+03
1.00770e+03
1.00790e+03
1.00830e+03
1.00860e+03
1.00890e+03
1.00920e+03
1.00930e+03
1.00940e+03
1.00960e+03
1.00980e+03
1.00990e+03
1.01000e+03
1.01020e+03
1.01050e+03
1.01080e+03
1.01100e+03
1.01120e+03
1.01140e+03
1.01160e+03
1.01190e+03
1.01220e+03
1.01240e+03
1.01260e+03
1.01280e+03
1.01290e+03
1.01300e+03
1.01310e+03
1.01320e+03
1.01330e+03
1.01340e+03
1.01360e+03
1.01380e+03
1.01390e+03
1.01400e+03
1.01430e+03
1.01460e+03
1.01480e+03
1.01490e+03
1.01500e+03
1.01510e+03
1.01520e+03
1.01530e+03
1.01540e+03
1.01560e+03
1.01580e+03
1.01590e+03
1.01600e+03
1.01620e+03
1.01650e+03
1.01680e+03
1.01700e+03
1.01720e+03
1.01750e+03
1.01760e+03
1.01780e+03
1.01800e+03
1.01820e+03
1.01850e+03
1.01870e+03
1.01900e+03
1.01910e+03
1.01920e+03
1.01930e+03
1.01940e+03
1.01960e+03
1.01980e+03
1.01990e+03
1.02000e+03
1.02010e+03
1.02040e+03
1.02070e+03
1.02090e+03
1.02130e+03
1.02140e+03
1.02160e+03
1.02190e+03
1.02220e+03
1.02240e+03
1.02260e+03
1.02290e+03
1.02300e+03
1.02310e+03
1.02320e+03
1.02340e+03
1.02370e+03
1.02380e+03
1.02450e+03
1.02470e+03
1.02500e+03
1.02510e+03
1.02520e+03
1.02530e+03
1.02540e+03
1.02560e+03
1.02580e+03
1.02590e+03
1.02600e+03
1.02610e+03
1.02620e+03
1.02640e+03
1.02660e+03
1.02670e+03
1.02690e+03
1.02700e+03
1.02710e+03
1.02720e+03
1.02730e+03
1.02740e+03
1.02760e+03
1.02780e+03
1.02790e+03
1.02800e+03
1.02810e+03
1.02820e+03
1.02840e+03
1.02860e+03
1.02890e+03
1.02900e+03
1.02910e+03
1.02920e+03
1.02940e+03
1.02970e+03
1.02980e+03
1.03050e+03
1.03070e+03
1.03100e+03
1.03110e+03
1.03120e+03
1.03140e+03
1.03170e+03
1.03180e+03
1.03250e+03
1.03270e+03
1.03300e+03
1.03310e+03
1.03320e+03
1.03340e+03
1.03370e+03
1.03380e+03
1.03450e+03
1.03470e+03
1.03500e+03
1.03510e+03
1.03520e+03
1.03540e+03
1.03570e+03
1.03580e+03
1.03650e+03
1.03670e+03
1.03700e+03
1.03710e+03
1.03720e+03
1.03730e+03
1.03740e+03
1.03760e+03
1.03780e+03
1.03790e+03
1.03800e+03
1.03810e+03
1.03840e+03
1.03870e+03
1.03890e+03
1.03930e+03
1.03940e+03
1.03960e+03
1.03990e+03
1.04020e+03
1.04040e+03
1.04060e+03
1.04070e+03
1.04090e+03
1.04100e+03
1.04110e+03
1.04120e+03
1.04130e+03
1.04140e+03
1.04160e+03
1.04180e+03
1.04190e+03
1.04200e+03
1.04210e+03
1.04220e+03
1.04240e+03
1.04260e+03
1.04270e+03
1.04290e+03
1.04300e+03
1.04310e+03
1.04320e+03
1.04340e+03
1.04370e+03
1.04380e+03
1.04450e+03
1.04470e+03
1.04500e+03
1.04510e+03
1.04520e+03
1.04540e+03
1.04570e+03
1.04580e+03
1.04650e+03
1.04670e+03
1.04700e+03
1.04710e+03
1.04720e+03
1.04740e+03
1.04770e+03
1.04780e+03
1.04810e+03
1.04830e+03
1.04850e+03
1.04870e+03
1.04890e+03
1.04920e+03
1.04940e+03
1.04960e+03
1.04990e+03
1.05020e+03
1.05040e+03
1.05060e+03
1.05080e+03
1.05090e+03
1.05100e+03
1.05110e+03
1.05120e+03
1.05130e+03
1.05140e+03
1.05160e+03
1.05180e+03
1.05190e+03
1.05200e+03
1.05230e+03
1.05260e+03
1.05280e+03
1.05290e+03
1.05300e+03
1.05310e+03
1.05340e+03
1.05370e+03
1.05390e+03
1.05420e+03
1.05440e+03
1.05450e+03
1.05480e+03
1.05540e+03
1.05560e+03
1.05580e+03
1.05600e+03
1.05610e+03
1.05630e+03
1.05660e+03
1.05690e+03
1.05720e+03
1.05730e+03
1.05740e+03
1.05760e+03
1.05780e+03
1.05790e+03
1.05800e+03
1.05830e+03
1.05860e+03
1.05880e+03
1.05890e+03
1.05900e+03
1.05910e+03
1.05920e+03
1.05930e+03
1.05940e+03
1.05960e+03
1.05980e+03
1.05990e+03
1.06000e+03
1.06030e+03
1.06060e+03
1.06080e+03
1.06090e+03
1.06100e+03
1.06110e+03
1.06140e+03
1.06170e+03
1.06190e+03
1.06220e+03
1.06240e+03
1.06250e+03
1.06280e+03
1.06310e+03
1.06330e+03
1.06340e+03
1.06360e+03
1.06380e+03
1.06440e+03
1.06470e+03
1.06480e+03
1.06500e+03
1.06520e+03
1.06540e+03
1.06560e+03
1.06580e+03
1.06600e+03
1.06610e+03
1.06640e+03
1.06660e+03
1.06690e+03
1.06720e+03
1.06730e+03
1.06740e+03
1.06760e+03
1.06780e+03
1.06790e+03
1.06800e+03
1.06830e+03
1.06860e+03
1.06880e+03
1.06890e+03
1.06900e+03
1.06910e+03
