0.00000e+00 0.0000000000e+00 0.0000000000e+00
1.00000e+00 5.3325691798e+00 5.3325691798e+00
2.00000e+00 1.0711481745e+01 1.0706149176e+01
3.00000e+00 1.5683535012e+01 4.9720532670e+00
4.00000e+00 2.1666139545e+01 5.9826045325e+00
5.00000e+00 2.7743096565e+01 1.2053578948e+01
6.00000e+00 3.3678825321e+01 1.1994649593e+01
7.00000e+00 4.0045128042e+01 1.7061745748e+01
8.00000e+00 4.6389981908e+01 2.3389537868e+01
9.00000e+00 5.2399993902e+01 1.1915709917e+01
1.00000e+01 5.8283655565e+01 1.1851727114e+01
1.10000e+01 6.4259421382e+01 1.1805629210e+01
1.20000e+01 6.9203536973e+01 1.0271352201e+01
1.30000e+01 7.4057738716e+01 2.9681300734e+01
1.40000e+01 7.8980143443e+01 2.9269753173e+01
1.50000e+01 8.3854923607e+01 9.7229904310e+00
1.60000e+01 8.8793389615e+01 9.7293287222e+00
1.70000e+01 9.3679480266e+01 9.7309098807e+00
1.80000e+01 9.9614264397e+01 1.1844946048e+01
1.90000e+01 1.0598764557e+02 1.2677783756e+01
2.00000e+01 1.1232403380e+02 1.8685993523e+01
2.10000e+01 1.1862795564e+02 1.8597848196e+01
2.20000e+01 1.2493739348e+02 1.2522946769e+01
2.30000e+01 1.3122092412e+02 1.2490032617e+01
2.40000e+01 1.3745078071e+02 4.9576854475e+01
2.50000e+01 1.4354395461e+02 6.0983325367e+01
2.60000e+01 1.4977619458e+02 1.2400344720e+01
2.70000e+01 1.5599539757e+02 1.2323616732e+01
2.80000e+01 1.6224540816e+02 1.2329063724e+01
2.90000e+01 1.6817853113e+02 1.9379368565e+01
3.00000e+01 1.7309564805e+02 2.1896261476e+01
3.10000e+01 1.7828625420e+02 1.8123270317e+01
3.20000e+01 1.8353538479e+02 2.9320852632e+01
3.30000e+01 1.8839856823e+02 2.1851458006e+01
3.40000e+01 1.9330073061e+02 1.8090192507e+01
3.50000e+01 1.9852791237e+02 1.0302269330e+01
3.60000e+01 2.0389718663e+02 8.8073632292e-01
3.70000e+01 2.0894407469e+02 3.9060232609e+01
3.80000e+01 2.1391274312e+02 5.7415045867e+01
3.90000e+01 2.1932940549e+02 2.1779887757e+01
4.00000e+01 2.2473854061e+02 1.0451971596e+01
4.10000e+01 2.2969196418e+02 2.7984595423e+01
4.20000e+01 2.3560770177e+02 1.6627483308e+00
4.30000e+01 2.4161918931e+02 1.2447938055e+01
4.40000e+01 2.4656854801e+02 1.9531835060e+01
4.50000e+01 2.5179448372e+02 1.0440273568e+01
4.60000e+01 2.5707634552e+02 1.0302559974e+01
4.70000e+01 2.6196692473e+02 9.6272058810e+00
4.80000e+01 2.6786462587e+02 1.1701774504e+01
4.90000e+01 2.7420868056e+02 2.1661169342e+01
5.00000e+01 2.8052007153e+02 4.4339732756e+01
5.10000e+01 2.8649604038e+02 1.1654554036e+01
5.20000e+01 2.9143836295e+02 9.6105425410e+00
5.30000e+01 2.9664970246e+02 2.2693727904e+01
5.40000e+01 3.0191648237e+02 2.2655952293e+01
5.50000e+01 3.0715790351e+02 1.0247311272e+01
5.60000e+01 3.1243691494e+02 1.0249295483e+01
5.70000e+01 3.1768734446e+02 1.0248054572e+01
5.80000e+01 3.2305070639e+02 7.7517322029e-01
5.90000e+01 3.2840934459e+02 3.1886926042e+01
6.00000e+01 3.3381474629e+02 1.0364196779e+01
6.10000e+01 3.3876334651e+02 9.6589530090e+00
6.20000e+01 3.4467059212e+02 4.1784280810e+01
6.30000e+01 3.5067550924e+02 4.1771444794e+01
6.40000e+01 3.5654681953e+02 1.1561901177e+01
6.50000e+01 3.6250831837e+02 1.1506921003e+01
6.60000e+01 3.6835401978e+02 1.1469805186e+01
6.70000e+01 3.7464375947e+02 1.1284934078e+01
6.80000e+01 3.8083075234e+02 7.8159117439e-01
6.90000e+01 3.8653712704e+02 5.9569121747e+01
7.00000e+01 3.9224074325e+02 6.9920140322e+01
7.10000e+01 3.9824177361e+02 1.1885243006e+01
7.20000e+01 4.0445363823e+02 5.4073590119e+01
7.30000e+01 4.1034240251e+02 2.2424473738e+01
7.40000e+01 4.1522035543e+02 8.2566328979e-01
7.50000e+01 4.2001587982e+02 9.3031849830e+00
7.60000e+01 4.2585541328e+02 2.2395881324e+01
7.70000e+01 4.3215148120e+02 2.3990134373e+01
7.80000e+01 4.3842216391e+02 2.2460867362e+01
7.90000e+01 4.4466780777e+02 2.2387982445e+01
8.00000e+01 4.5085905132e+02 4.3691491555e+01
8.10000e+01 4.5691890646e+02 4.5700227852e+01
8.20000e+01 4.6297422506e+02 1.3704719561e+01
8.30000e+01 4.6897398421e+02 1.1637315843e+01
8.40000e+01 4.7500313573e+02 1.1599511446e+01
8.50000e+01 4.8098746405e+02 1.1572481101e+01
8.60000e+01 4.8715793049e+02 1.2009871730e+01
8.70000e+01 4.9332579257e+02 2.3207541992e+01
8.80000e+01 4.9946485895e+02 1.1670823477e+01
8.90000e+01 5.0512976332e+02 1.3028830128e+01
9.00000e+01 5.1182654318e+02 3.6151668847e+01
9.10000e+01 5.1862503021e+02 4.8359852456e+01
9.20000e+01 5.2528109272e+02 1.2976352808e+01
9.30000e+01 5.3237869398e+02 1.2588891829e+01
9.40000e+01 5.3944786628e+02 3.7100110466e+01
9.50000e+01 5.4619128643e+02 1.2908309574e+01
9.60000e+01 5.5280284627e+02 1.2850898582e+01
9.70000e+01 5.5951287716e+02 1.2804658431e+01
9.80000e+01 5.6610711689e+02 1.2774533672e+01
9.90000e+01 5.7280715144e+02 1.2751762791e+01
1.00000e+02 5.7841426832e+02 4.7050277403e+01
1.01000e+02 5.8392147065e+02 7.4520998420e+01
1.02000e+02 5.8950369810e+02 5.0410157642e+01
1.03000e+02 5.9503312255e+02 1.0547046121e+01
1.04000e+02 6.0063406274e+02 1.0555211820e+01
1.05000e+02 6.0617777686e+02 1.0558946270e+01
1.06000e+02 6.1179043163e+02 1.0560101903e+01
1.07000e+02 6.1771913896e+02 2.5719927455e+01
1.08000e+02 6.2386947121e+02 3.7507426007e+01
1.09000e+02 6.2970231159e+02 3.0751828244e+01
1.10000e+02 6.3452967191e+02 7.8529445494e-01
1.11000e+02 6.3965189079e+02 3.6663430142e+01
1.12000e+02 6.4484403749e+02 7.0573013781e+01
1.13000e+02 6.4965698596e+02 9.0342670034e+00
1.14000e+02 6.5451324658e+02 9.0541330363e+00
1.15000e+02 6.5932318612e+02 9.0420699628e+00
1.16000e+02 6.6517704049e+02 4.2719702086e+01
1.17000e+02 6.7113204973e+02 1.1180128833e+01
1.18000e+02 6.7602595852e+02 9.0706760594e+00
1.19000e+02 6.8120365213e+02 1.8971601117e+01
1.20000e+02 6.8644214554e+02 1.8104607350e+01
1.21000e+02 6.9165715779e+02 1.8123821387e+01
1.22000e+02 6.9698932303e+02 4.1071858112e+01
1.23000e+02 7.0231761447e+02 9.0847790805e+01
1.24000e+02 7.0769631199e+02 1.0046416897e+01
1.25000e+02 7.1306526217e+02 1.0077029214e+01
1.26000e+02 7.1847207573e+02 9.9694273756e+00
1.27000e+02 7.2341119248e+02 9.1907825953e+00
1.28000e+02 7.2929850614e+02 3.1269244791e+01
1.29000e+02 7.3562625768e+02 9.5880136716e-01
1.30000e+02 7.4183285020e+02 7.9977895277e-01
1.31000e+02 7.4754839223e+02 2.5750185672e+01
1.32000e+02 7.5325437604e+02 3.5718102328e+01
1.33000e+02 7.5925338991e+02 1.4848529213e+01
1.34000e+02 7.6529418519e+02 2.4939122841e+01
1.35000e+02 7.7128722695e+02 2.1602121135e+01
1.36000e+02 7.7731426102e+02 1.1295518410e+01
1.37000e+02 7.8293326323e+02 1.0612084007e+01
1.38000e+02 7.8963113498e+02 1.7684006553e+00
1.39000e+02 7.9643353503e+02 4.2793990182e+01
1.40000e+02 8.0309270800e+02 2.1687818054e+01
1.41000e+02 8.0984567249e+02 1.2674703103e+01
1.42000e+02 8.1548693169e+02 1.1244555009e+01
1.43000e+02 8.2102288732e+02 1.2641092088e+01
1.44000e+02 8.2663078308e+02 1.1887279859e+01
1.45000e+02 8.3255877922e+02 1.1219177267e+01
1.46000e+02 8.3854395937e+02 1.1878789376e+01
1.47000e+02 8.4412831027e+02 1.0432959647e+01
1.48000e+02 8.5079769677e+02 1.2672241914e+01
1.49000e+02 8.5757451284e+02 1.2683421253e+01
1.50000e+02 8.6421113419e+02 1.2637972690e+01
1.51000e+02 8.7129053197e+02 4.5510872965e+01
1.52000e+02 8.7834332747e+02 5.9758175791e+01
1.53000e+02 8.8507156110e+02 1.2576752272e+01
1.54000e+02 8.9070255027e+02 1.0445620096e+01
1.55000e+02 8.9659047713e+02 2.6766032207e+01
1.56000e+02 9.0253798366e+02 2.5988907340e+01
1.57000e+02 9.0809049785e+02 1.4868503309e+01
1.58000e+02 9.1472411832e+02 1.2561174641e+01
1.59000e+02 9.2181489981e+02 2.5974302143e+01
1.60000e+02 9.2886648425e+02 2.4353195800e+01
1.61000e+02 9.3589426184e+02 1.3242111172e+01
1.62000e+02 9.4279772946e+02 9.5596109586e-01
1.63000e+02 9.4955259261e+02 2.5195778891e+01
1.64000e+02 9.5652099017e+02 1.3145682182e+01
1.65000e+02 9.6348281315e+02 1.3066581884e+01
1.66000e+02 9.7034115488e+02 2.5125457224e+01
1.67000e+02 9.7706659088e+02 1.3103109350e+01
1.68000e+02 9.8379777112e+02 1.2962844746e+01
1.69000e+02 9.9010750708e+02 1.3305835236e+01
1.70000e+02 9.9756270778e+02 3.8894195936e+01
1.71000e+02 1.0051288811e+03 5.2241854906e+01
1.72000e+02 1.0125460277e+03 1.4078943278e+01
1.73000e+02 1.0200630285e+03 1.4015691730e+01
1.74000e+02 1.0274490079e+03 1.3970508880e+01
1.75000e+02 1.0352934170e+03 1.3450153292e+01
1.76000e+02 1.0428924399e+03 8.6784272449e-01
1.77000e+02 1.0499826065e+03 6.7657135003e+01
1.78000e+02 1.0582531957e+03 8.8460975378e-01
1.79000e+02 1.0669828756e+03 1.7522457559e+00
1.80000e+02 1.0753634723e+03 4.2652572159e+01
1.81000e+02 1.0835647688e+03 5.7520322207e+01
1.82000e+02 1.0917711351e+03 1.5417573108e+01
1.83000e+02 1.0995323459e+03 1.5547694385e+00
1.84000e+02 1.1073322150e+03 1.1349632542e+02
1.85000e+02 1.1150372459e+03 2.8552440626e+01
1.86000e+02 1.1240909607e+03 7.8312556064e-01
1.87000e+02 1.1336091662e+03 5.8800600726e+01
1.88000e+02 1.1427029873e+03 1.5372754132e+01
1.89000e+02 1.1516044713e+03 3.1459724400e+01
1.90000e+02 1.1605159646e+03 1.6760637484e+01
1.91000e+02 1.1689753038e+03 7.5430832442e-01
1.92000e+02 1.1788110190e+03 4.6592323743e+01
1.93000e+02 1.1891214294e+03 3.2893463157e+01
1.94000e+02 1.1993426095e+03 1.2309586424e+02
1.95000e+02 1.2095502180e+03 1.9322091017e+01
1.96000e+02 1.2193463275e+03 8.8461623282e-01
1.97000e+02 1.2285719822e+03 1.9485768798e+01
1.98000e+02 1.2377980524e+03 3.6131337587e+01
1.99000e+02 1.2469016460e+03 1.7253691716e+01
2.00000e+02 1.2574983141e+03 5.2924291648e+01
2.01000e+02 1.2685753451e+03 8.6942244429e-01
2.02000e+02 1.2795526732e+03 2.0927470003e+01
2.03000e+02 1.2905212859e+03 2.0798124221e+01
2.04000e+02 1.3010101263e+03 2.1206040704e+01
2.05000e+02 1.3112700844e+03 5.8433786383e+01
2.06000e+02 1.3221124129e+03 2.0642326535e+01
2.07000e+02 1.3326790649e+03 1.1808935596e+02
2.08000e+02 1.3430912574e+03 2.1461403450e+01
2.09000e+02 1.3536363553e+03 2.1418387981e+01
2.10000e+02 1.3640351069e+03 1.9735254231e+01
2.11000e+02 1.3745683648e+03 1.9703678934e+01
2.12000e+02 1.3836698189e+03 5.4973864748e+01
2.13000e+02 1.3925996017e+03 7.6477264788e+01
2.14000e+02 1.4016264980e+03 3.8464186885e+01
2.15000e+02 1.4109449750e+03 1.9680203055e+01
2.16000e+02 1.4208657404e+03 3.8511107211e+01
2.17000e+02 1.4305135515e+03 1.5808091396e+01
2.18000e+02 1.4388093218e+03 7.3112603092e-01
2.19000e+02 1.4469608609e+03 1.5184899464e+01
2.20000e+02 1.4552152719e+03 1.5128355327e+01
2.21000e+02 1.4637766264e+03 3.7715473683e+01
2.22000e+02 1.4724252652e+03 9.3360122190e+01
2.23000e+02 1.4810186547e+03 1.5941647576e+01
2.24000e+02 1.4896841588e+03 1.5942571297e+01
2.25000e+02 1.4979307823e+03 1.5208311352e+01
2.26000e+02 1.5075622537e+03 3.4708978356e+01
2.27000e+02 1.5173297770e+03 1.8100443402e+01
2.28000e+02 1.5256958477e+03 1.9667187350e+01
2.29000e+02 1.5339035652e+03 1.9608614185e+01
2.30000e+02 1.5435235125e+03 1.8070818857e+01
2.31000e+02 1.5536360994e+03 9.0074495758e+01
2.32000e+02 1.5636755072e+03 5.0670393345e+01
2.33000e+02 1.5737125284e+03 1.8707916007e+01
2.34000e+02 1.5833582599e+03 1.6206808331e+01
2.35000e+02 1.5924459601e+03 2.8831097608e+00
2.36000e+02 1.6029184186e+03 3.6218843981e+01
2.37000e+02 1.6135193555e+03 5.5068786719e+01
2.38000e+02 1.6226448610e+03 1.8866242453e+01
2.39000e+02 1.6315881478e+03 3.6038211753e+01
2.40000e+02 1.6420118809e+03 1.9598659646e+01
2.41000e+02 1.6529332426e+03 8.8434056082e-01
2.42000e+02 1.6633071495e+03 3.9610575567e+01
2.43000e+02 1.6731144261e+03 2.0443050776e+01
2.44000e+02 1.6829365817e+03 5.7121431303e+01
2.45000e+02 1.6930156060e+03 7.3173830022e+01
2.46000e+02 1.7037553925e+03 3.9036971953e+01
2.47000e+02 1.7145173423e+03 3.8838523043e+01
2.48000e+02 1.7252697504e+03 2.0048377149e+01
2.49000e+02 1.7360423699e+03 2.0038998479e+01
2.50000e+02 1.7467939532e+03 2.0018134663e+01
2.51000e+02 1.7572709656e+03 3.7602009503e+01
2.52000e+02 1.7663160682e+03 7.7705300185e-01
2.53000e+02 1.7755517869e+03 4.1202989758e+01
2.54000e+02 1.7853612833e+03 9.4208685173e-01
2.55000e+02 1.7949073189e+03 1.7072527830e+00
2.56000e+02 1.8043329949e+03 3.9056657987e+01
2.57000e+02 1.8139022917e+03 2.1670265583e+01
2.58000e+02 1.8221361549e+03 3.8919614711e+01
2.59000e+02 1.8306038045e+03 1.7092137582e+00
2.60000e+02 1.8391594124e+03 5.6627658277e+01
2.61000e+02 1.8476677033e+03 1.5506521287e+01
2.62000e+02 1.8562521831e+03 1.5519886661e+01
2.63000e+02 1.8644237369e+03 5.4615569266e+01
2.64000e+02 1.8726624706e+03 1.4834970020e+01
2.65000e+02 1.8811995194e+03 1.5533124628e+01
2.66000e+02 1.8898185631e+03 1.5552155475e+01
2.67000e+02 1.8983795417e+03 1.5560533134e+01
2.68000e+02 1.9070096926e+03 1.5556079736e+01
2.69000e+02 1.9155804113e+03 1.5550263769e+01
2.70000e+02 1.9246415027e+03 1.6704337148e+01
2.71000e+02 1.9334296247e+03 3.1272650959e+01
2.72000e+02 1.9420983270e+03 4.7937146863e+01
2.73000e+02 1.9509014676e+03 1.5850402568e+01
2.74000e+02 1.9595836624e+03 1.5848044680e+01
2.75000e+02 1.9687527496e+03 7.9500813119e+01
2.76000e+02 1.9778859354e+03 6.2040664625e+01
2.77000e+02 1.9870253608e+03 1.6589221233e+01
2.78000e+02 1.9958607040e+03 1.5739905803e+01
2.79000e+02 2.0045177659e+03 1.6705226224e+01
2.80000e+02 2.0131933039e+03 1.6528715865e+01
2.81000e+02 2.0214327073e+03 4.6555565227e+01
2.82000e+02 2.0297253010e+03 6.2293069260e+01
2.83000e+02 2.0383068719e+03 1.5541979051e+01
2.84000e+02 2.0473995853e+03 1.6532159522e+01
2.85000e+02 2.0565097802e+03 1.6486396977e+01
2.86000e+02 2.0653231650e+03 1.5664283774e+01
2.87000e+02 2.0739732119e+03 1.5717095437e+01
2.88000e+02 2.0830625594e+03 1.6466544748e+01
2.89000e+02 2.0918711006e+03 4.6400792790e+01
2.90000e+02 2.1005565160e+03 4.7938402703e+01
2.91000e+02 2.1093733754e+03 1.7335587000e+01
2.92000e+02 2.1180674418e+03 1.5746112235e+01
2.93000e+02 2.1268919552e+03 1.5738020108e+01
2.94000e+02 2.1344399199e+03 3.0483186401e+01
2.95000e+02 2.1418546953e+03 6.2796202455e+01
2.96000e+02 2.1505980408e+03 1.5771561219e+01
2.97000e+02 2.1594807072e+03 1.5813942633e+01
2.98000e+02 2.1682173966e+03 1.5791472625e+01
2.99000e+02 2.1770752726e+03 1.5750890687e+01
3.00000e+02 2.1858005418e+03 1.5723719545e+01
3.01000e+02 2.1946508895e+03 1.5700467584e+01
3.02000e+02 2.2033714452e+03 1.5680053669e+01
3.03000e+02 2.2125742676e+03 1.6542705608e+01
3.04000e+02 2.2217352764e+03 7.8749440192e+01
3.05000e+02 2.2306003797e+03 1.5679129208e+01
3.06000e+02 2.2393185191e+03 1.5661033764e+01
3.07000e+02 2.2481568146e+03 1.5618564860e+01
3.08000e+02 2.2557202141e+03 1.5790826140e+01
3.09000e+02 2.2631462852e+03 7.8560508659e+01
3.10000e+02 2.2706631340e+03 7.8435397395e+01
3.11000e+02 2.2784886645e+03 7.9545790481e+01
3.12000e+02 2.2867554832e+03 3.0372206135e+01
3.13000e+02 2.2947352747e+03 1.2119348832e+01
3.14000e+02 2.3015200479e+03 7.3207556524e-01
3.15000e+02 2.3081934099e+03 1.1493800092e+01
3.16000e+02 2.3161254310e+03 2.6924057467e+01
3.17000e+02 2.3241947461e+03 1.4008804271e+01
3.18000e+02 2.3321294413e+03 1.3997469484e+01
3.19000e+02 2.3405338069e+03 1.0821406800e+02
3.20000e+02 2.3486450866e+03 1.2073891898e+02
3.21000e+02 2.3566027661e+03 4.0380022178e+01
3.22000e+02 2.3645800105e+03 1.3932205788e+01
3.23000e+02 2.3724888128e+03 1.3869396433e+01
3.24000e+02 2.3804494454e+03 1.3838915352e+01
3.25000e+02 2.3883508868e+03 1.3817715406e+01
3.26000e+02 2.3963086032e+03 1.3800981516e+01
3.27000e+02 2.4038478721e+03 2.9500003092e+01
3.28000e+02 2.4114411024e+03 5.4016429245e+01
3.29000e+02 2.4189538730e+03 2.5301818382e+01
3.30000e+02 2.4265514255e+03 1.3025676004e+01
3.31000e+02 2.4344476958e+03 1.3782009478e+01
3.32000e+02 2.4424155260e+03 1.3778341213e+01
3.33000e+02 2.4499640356e+03 1.3048389310e+01
3.34000e+02 2.4575680325e+03 1.3041785262e+01
3.35000e+02 2.4654696202e+03 1.3769880363e+01
3.36000e+02 2.4738087633e+03 2.6174349442e+01
3.37000e+02 2.4818551081e+03 6.5330212038e+01
3.38000e+02 2.4886910716e+03 6.9960993345e-01
3.39000e+02 2.4957845699e+03 8.0808941452e-01
3.40000e+02 2.5032429511e+03 6.4384119887e+01
3.41000e+02 2.5104172246e+03 1.7316086910e-01
3.42000e+02 2.5175010462e+03 6.4241020593e+01
3.43000e+02 2.5250627701e+03 8.9625269050e+01
3.44000e+02 2.5326185187e+03 1.2953945977e+01
3.45000e+02 2.5401763349e+03 1.2937084398e+01
3.46000e+02 2.5477482748e+03 1.2940338620e+01
3.47000e+02 2.5553187014e+03 1.2940008676e+01
3.48000e+02 2.5629004553e+03 1.2936882665e+01
3.49000e+02 2.5701780485e+03 1.2211478463e+01
3.50000e+02 2.5773287665e+03 3.8947678712e+01
3.51000e+02 2.5845908576e+03 3.8893228943e+01
3.52000e+02 2.5907209481e+03 1.5131543532e+00
3.53000e+02 2.5971177464e+03 6.3362414155e+01
3.54000e+02 2.6035872703e+03 7.4749574569e+01
3.55000e+02 2.6100278721e+03 1.0659514363e+01
3.56000e+02 2.6167310870e+03 1.1294281469e+01
3.57000e+02 2.6231399912e+03 8.5318687621e-01
3.58000e+02 2.6285040773e+03 7.3181902161e+01
3.59000e+02 2.6337863292e+03 8.3058475155e+01
3.60000e+02 2.6391555424e+03 8.3722752935e+00
3.61000e+02 2.6448608561e+03 6.8011813102e-02
3.62000e+02 2.6507802360e+03 1.6361686689e+00
3.63000e+02 2.6563926943e+03 2.8147646270e+01
3.64000e+02 2.6610308522e+03 7.3105526010e-01
3.65000e+02 2.6659754365e+03 1.4280057372e+00
3.66000e+02 2.6710633574e+03 2.7288039539e+01
3.67000e+02 2.6761611211e+03 4.7360489063e+01
3.68000e+02 2.6813352908e+03 1.7720648795e+01
3.69000e+02 2.6860709179e+03 7.0869540452e+00
3.70000e+02 2.6908146009e+03 7.1853921394e+00
3.71000e+02 2.6955050621e+03 7.1330407426e+00
3.72000e+02 2.7002565030e+03 7.1336656786e+00
3.73000e+02 2.7049599286e+03 7.1394964637e+00
3.74000e+02 2.7106956339e+03 4.5898115839e+01
3.75000e+02 2.7165301597e+03 1.7130192969e+01
3.76000e+02 2.7222356790e+03 9.2097335444e+00
3.77000e+02 2.7283780439e+03 1.0446012784e+00
3.78000e+02 2.7344309444e+03 2.2216862564e+01
3.79000e+02 2.7400076007e+03 1.3407465462e+01
3.80000e+02 2.7466081719e+03 8.9505191095e-01
3.81000e+02 2.7533056367e+03 1.0957619691e+01
3.82000e+02 2.7588765351e+03 2.1345872457e+01
3.83000e+02 2.7647103925e+03 4.0786846898e+01
3.84000e+02 2.7706023179e+03 1.3233082885e+01
3.85000e+02 2.7760960549e+03 8.7073725571e+00
3.86000e+02 2.7826635975e+03 1.0913633499e+01
3.87000e+02 2.7893396540e+03 1.0881311624e+01
3.88000e+02 2.7948927906e+03 8.6809033359e+00
3.89000e+02 2.8003412028e+03 8.6268975243e+00
3.90000e+02 2.8068984492e+03 1.0860134095e+01
3.91000e+02 2.8139124198e+03 2.7695533911e+01
3.92000e+02 2.8208872257e+03 4.0817040191e+01
3.93000e+02 2.8275342921e+03 1.0820283858e+01
3.94000e+02 2.8330876372e+03 8.6184790731e+00
3.95000e+02 2.8388995347e+03 2.7150184840e+01
3.96000e+02 2.8449188311e+03 9.8539540986e+00
3.97000e+02 2.8509412299e+03 2.2804823213e+01
3.98000e+02 2.8569498055e+03 2.3391885482e+01
3.99000e+02 2.8624937133e+03 8.7053562559e+00
4.00000e+02 2.8690630453e+03 2.0448487175e+01
4.01000e+02 2.8757374716e+03 2.0455398533e+01
4.02000e+02 2.8822749527e+03 1.0776154220e+01
4.03000e+02 2.8889090220e+03 1.0725021175e+01
4.04000e+02 2.8954233964e+03 1.0691189474e+01
4.05000e+02 2.9020413951e+03 1.0664427541e+01
4.06000e+02 2.9075701315e+03 8.6720423104e+00
4.07000e+02 2.9133738865e+03 9.8359576377e+00
4.08000e+02 2.9193948679e+03 4.1804687370e+01
4.09000e+02 2.9254194117e+03 4.1765027663e+01
4.10000e+02 2.9314282092e+03 9.8263435552e+00
4.11000e+02 2.9373325711e+03 4.1863489623e+01
4.12000e+02 2.9432468061e+03 4.1727063701e+01
4.13000e+02 2.9487539446e+03 3.8410921628e+01
4.14000e+02 2.9553259225e+03 2.0258564672e+01
4.15000e+02 2.9620066583e+03 2.0301043324e+01
4.16000e+02 2.9685507821e+03 1.0705690086e+01
4.17000e+02 2.9751920884e+03 1.0655554931e+01
4.18000e+02 2.9817136160e+03 1.0622303149e+01
4.19000e+02 2.9886874939e+03 1.0260403790e+01
4.20000e+02 2.9956411998e+03 3.1858366244e+01
4.21000e+02 3.0022729799e+03 1.0602154584e+01
4.22000e+02 3.0087788429e+03 1.0575887884e+01
4.23000e+02 3.0153857815e+03 1.0540470436e+01
4.24000e+02 3.0209118051e+03 4.8906683559e+01
4.25000e+02 3.0263395896e+03 5.2030929248e+01
4.26000e+02 3.0318427292e+03 4.1419128653e+01
4.27000e+02 3.0372955477e+03 8.3659165125e+00
4.28000e+02 3.0428203255e+03 8.3791887262e+00
4.29000e+02 3.0486651292e+03 3.1766949611e+01
4.30000e+02 3.0547258588e+03 2.0228506119e+01
4.31000e+02 3.0607807797e+03 4.1804758770e+01
4.32000e+02 3.0668766118e+03 9.5482738547e+00
4.33000e+02 3.0729669600e+03 9.5741529280e+00
4.34000e+02 3.0790833730e+03 9.5851597069e+00
4.35000e+02 3.0848813815e+03 1.5902761919e+01
4.36000e+02 3.0905679578e+03 2.8788393621e+01
4.37000e+02 3.0963551816e+03 1.2037128518e+01
4.38000e+02 3.1020423306e+03 8.8347728801e+00
4.39000e+02 3.1081816995e+03 9.6245952317e+00
4.40000e+02 3.1142386522e+03 4.9942280934e+01
4.41000e+02 3.1201838229e+03 3.9422944785e+01
4.42000e+02 3.1262770013e+03 9.5917360783e+00
4.43000e+02 3.1320509328e+03 8.8126458324e+00
4.44000e+02 3.1377339194e+03 8.7996707863e+00
4.45000e+02 3.1435258237e+03 8.8088439022e+00
4.46000e+02 3.1483114363e+03 2.0579976116e+01
4.47000e+02 3.1530196495e+03 3.7290926702e+01
4.48000e+02 3.1587625854e+03 8.8599843308e+00
4.49000e+02 3.1649626593e+03 9.6428494008e+00
4.50000e+02 3.1711396040e+03 1.6906864180e+01
4.51000e+02 3.1769866792e+03 8.9062952029e+00
4.52000e+02 3.1818180969e+03 1.5980299605e+01
4.53000e+02 3.1865536729e+03 8.8784871047e+00
4.54000e+02 3.1913565460e+03 8.8410640398e+00
4.55000e+02 3.1961152234e+03 6.8631930720e+00
4.56000e+02 3.2009393947e+03 6.8776279481e+00
4.57000e+02 3.2057151582e+03 6.8878364502e+00
4.58000e+02 3.2105542720e+03 6.8958911590e+00
4.59000e+02 3.2153424686e+03 6.9014283210e+00
4.60000e+02 3.2201926380e+03 6.9055825453e+00
4.61000e+02 3.2249904722e+03 6.9083144699e+00
4.62000e+02 3.2308290233e+03 8.9930041690e+00
4.63000e+02 3.2367624660e+03 2.7584881736e+01
4.64000e+02 3.2425613988e+03 2.7517678508e+01
4.65000e+02 3.2487942254e+03 1.6922710037e+01
4.66000e+02 3.2550110249e+03 3.6494540521e+01
4.67000e+02 3.2612032501e+03 3.6417444496e+01
4.68000e+02 3.2673453472e+03 7.3741600292e+01
4.69000e+02 3.2729972121e+03 9.8296886798e+00
4.70000e+02 3.2796657999e+03 1.0511892272e+01
4.71000e+02 3.2864307903e+03 2.0308585876e+01
4.72000e+02 3.2930504881e+03 1.0597150064e+01
4.73000e+02 3.2997611886e+03 1.0532263034e+01
4.74000e+02 3.3063463713e+03 1.0487215724e+01
4.75000e+02 3.3133805654e+03 8.4196881793e-01
4.76000e+02 3.3202423819e+03 1.0539578438e+01
4.77000e+02 3.3266095228e+03 3.2279937758e+01
4.78000e+02 3.3329756516e+03 5.0484882335e+01
4.79000e+02 3.3392552813e+03 9.8065666234e+00
4.80000e+02 3.3467177633e+03 8.7729924396e-01
4.81000e+02 3.3546296953e+03 1.0198810616e+01
4.82000e+02 3.3624815881e+03 3.2445101374e+01
4.83000e+02 3.3703065479e+03 2.3004611429e+01
4.84000e+02 3.3779311966e+03 4.2807250090e+01
4.85000e+02 3.3853880295e+03 1.1652732528e+02
4.86000e+02 3.3928436733e+03 1.2040201525e+01
4.87000e+02 3.4002248108e+03 1.1952466005e+01
4.88000e+02 3.4076439510e+03 1.1904009874e+01
4.89000e+02 3.4146397868e+03 7.1620600966e-01
4.90000e+02 3.4228612397e+03 1.3602545606e+01
4.91000e+02 3.4315459296e+03 4.4452856520e+01
4.92000e+02 3.4401650434e+03 5.8019199401e+01
4.93000e+02 3.4487639460e+03 1.4282266422e+01
4.94000e+02 3.4573453133e+03 1.4230237703e+01
4.95000e+02 3.4659139791e+03 1.4185770649e+01
4.96000e+02 3.4742264586e+03 8.9333934666e-01
4.97000e+02 3.4823576690e+03 4.1226240028e+01
4.98000e+02 3.4904927711e+03 4.1007636331e+01
4.99000e+02 3.4985481903e+03 1.3199222207e+01
5.00000e+02 3.5066488021e+03 1.3151532735e+01
5.01000e+02 3.5146821364e+03 1.3116296243e+01
5.02000e+02 3.5231290118e+03 1.4037092950e+01
5.03000e+02 3.5315899802e+03 2.6305697325e+01
5.04000e+02 3.5398149270e+03 1.3227514888e+01
5.05000e+02 3.5478833688e+03 1.3249395000e+01
5.06000e+02 3.5563202173e+03 2.6269364685e+01
5.07000e+02 3.5647679329e+03 1.3839503716e+01
5.08000e+02 3.5729816559e+03 1.3224921790e+01
5.09000e+02 3.5810378466e+03 1.3199445757e+01
5.10000e+02 3.5894603693e+03 1.3811338345e+01
5.11000e+02 3.5975912947e+03 2.6362318490e+01
5.12000e+02 3.6045124921e+03 1.2839815726e+02
5.13000e+02 3.6116839325e+03 3.3954891284e-01
5.14000e+02 3.6189331829e+03 1.2560983088e+01
5.15000e+02 3.6257830272e+03 1.2812376769e+02
5.16000e+02 3.6326909054e+03 1.0651485901e+01
5.17000e+02 3.6395315420e+03 1.0631626731e+01
5.18000e+02 3.6476431772e+03 1.1284321075e+02
5.19000e+02 3.6562218948e+03 2.5252651837e+01
5.20000e+02 3.6647423460e+03 2.5325327822e+01
5.21000e+02 3.6729510437e+03 1.3441707855e+02
5.22000e+02 3.6799218599e+03 1.0683933073e+01
5.23000e+02 3.6867494988e+03 1.0660251418e+01
5.24000e+02 3.6936559516e+03 1.0585227817e+01
5.25000e+02 3.7004952126e+03 1.0586264719e+01
5.26000e+02 3.7086031415e+03 3.4818308164e+01
5.27000e+02 3.7168295707e+03 2.1265623231e+01
5.28000e+02 3.7237920007e+03 1.0631655633e+01
5.29000e+02 3.7306236025e+03 1.0613364793e+01
5.30000e+02 3.7375375715e+03 1.0554290379e+01
5.31000e+02 3.7447611616e+03 2.5352152242e+01
5.32000e+02 3.7520544081e+03 5.2818608059e+01
5.33000e+02 3.7592995298e+03 3.8811441391e+01
5.34000e+02 3.7668873650e+03 2.9906356750e+01
5.35000e+02 3.7741831929e+03 2.0234158767e+01
5.36000e+02 3.7803433416e+03 1.0570997897e+01
5.37000e+02 3.7867747694e+03 8.1369398965e-01
5.38000e+02 3.7935003707e+03 1.9351690742e+01
5.39000e+02 3.8002440485e+03 6.1349629379e+01
5.40000e+02 3.8070345605e+03 1.0300293002e+01
5.41000e+02 3.8138331218e+03 1.0344876081e+01
5.42000e+02 3.8206584033e+03 1.0369300669e+01
5.43000e+02 3.8271773380e+03 9.7835337622e+00
5.44000e+02 3.8335812624e+03 6.0324191231e+01
5.45000e+02 3.8400940729e+03 2.0459215188e+01
5.46000e+02 3.8465039312e+03 9.6485265825e+00
5.47000e+02 3.8533764975e+03 1.0432936428e+01
5.48000e+02 3.8602394564e+03 1.0460180922e+01
5.49000e+02 3.8670934074e+03 1.0431105428e+01
5.50000e+02 3.8739623831e+03 1.0426691143e+01
5.51000e+02 3.8805177291e+03 9.6814135241e+00
5.52000e+02 3.8869528828e+03 1.1225880476e+01
5.53000e+02 3.8938403073e+03 1.0449738053e+01
5.54000e+02 3.9007170447e+03 1.0447049961e+01
5.55000e+02 3.9075833194e+03 1.0415452964e+01
5.56000e+02 3.9143465875e+03 9.9819594712e+00
5.57000e+02 3.9209720860e+03 6.2564462631e+01
5.58000e+02 3.9278067843e+03 1.0362998411e+01
5.59000e+02 3.9346403038e+03 1.0319880279e+01
5.60000e+02 3.9415047121e+03 1.0339270435e+01
5.61000e+02 3.9483664146e+03 1.0357114195e+01
5.62000e+02 3.9552456837e+03 1.0361617841e+01
5.63000e+02 3.9621156420e+03 1.0359511995e+01
5.64000e+02 3.9690000259e+03 1.0354267321e+01
5.65000e+02 3.9755702713e+03 1.1229554022e+01
5.66000e+02 3.9810718763e+03 6.1030474089e+01
5.67000e+02 3.9864635548e+03 8.0633683314e+01
5.68000e+02 3.9919275424e+03 7.5015963278e+00
5.69000e+02 3.9977171243e+03 4.0540819133e+01
5.70000e+02 4.0037195108e+03 8.8199734542e-01
5.71000e+02 4.0094111404e+03 2.6266050470e+01
5.72000e+02 4.0150213223e+03 5.1024823983e+01
5.73000e+02 4.0207473701e+03 2.3863551121e+01
5.74000e+02 4.0254751675e+03 3.2224874452e+01
5.75000e+02 4.0305035495e+03 1.6423151258e+00
5.76000e+02 4.0356778436e+03 7.0910551959e+00
5.77000e+02 4.0408564233e+03 1.4855383180e+01
5.78000e+02 4.0460950325e+03 6.9856952371e+00
5.79000e+02 4.0510232147e+03 7.5656510943e+00
5.80000e+02 4.0558623746e+03 1.4706211088e+01
5.81000e+02 4.0608048873e+03 6.3423186892e+00
5.82000e+02 4.0656616801e+03 6.3536093344e+00
5.83000e+02 4.0706238793e+03 6.3669421872e+00
5.84000e+02 4.0746538574e+03 2.3384921203e+00
5.85000e+02 4.0786255460e+03 5.0941998226e+01
5.86000e+02 4.0835561406e+03 6.4343770311e+00
5.87000e+02 4.0889368758e+03 7.1808651622e+00
5.88000e+02 4.0942877009e+03 1.1951972496e+02
5.89000e+02 4.0995374376e+03 2.6727525036e+01
5.90000e+02 4.1047864616e+03 7.0283321194e+00
5.91000e+02 4.1099923973e+03 6.9775027724e+00
5.92000e+02 4.1152246437e+03 6.9537477072e+00
5.93000e+02 4.1200592231e+03 7.2908334301e+00
5.94000e+02 4.1258867450e+03 8.9692731317e-01
5.95000e+02 4.1318149431e+03 8.2899718997e+00
5.96000e+02 4.1366872450e+03 3.4513646614e+01
5.97000e+02 4.1414672664e+03 1.2985234857e+01
5.98000e+02 4.1472824299e+03 8.2693235319e+00
5.99000e+02 4.1535453815e+03 2.7293810750e+01
6.00000e+02 4.1597775278e+03 3.5433738338e+01
6.01000e+02 4.1659803044e+03 8.9265352705e+00
6.02000e+02 4.1721921940e+03 8.8973519944e+00
6.03000e+02 4.1783800552e+03 8.8735392056e+00
6.04000e+02 4.1845803809e+03 8.8531017200e+00
6.05000e+02 4.1907582997e+03 8.8343062056e+00
6.06000e+02 4.1968950920e+03 7.0596796022e+00
6.07000e+02 4.2025412563e+03 8.6614293750e-01
6.08000e+02 4.2081772018e+03 7.7840541403e+00
6.09000e+02 4.2141095606e+03 3.4392630505e+01
6.10000e+02 4.2202436601e+03 8.7592458028e+00
6.11000e+02 4.2260562375e+03 1.9804411754e+01
6.12000e+02 4.2317758009e+03 3.9337408657e+01
6.13000e+02 4.2376032761e+03 2.7653990773e+01
6.14000e+02 4.2433310933e+03 7.9861891963e+00
6.15000e+02 4.2491655307e+03 7.9851652561e+00
6.16000e+02 4.2539851624e+03 2.6521513524e+01
6.17000e+02 4.2587252399e+03 4.2487479168e+01
6.18000e+02 4.2645023141e+03 8.0264370628e+00
6.19000e+02 4.2703906723e+03 8.0723315206e+00
6.20000e+02 4.2752347198e+03 1.5131580153e+01
6.21000e+02 4.2803658477e+03 7.9492556463e+00
6.22000e+02 4.2856435854e+03 2.3163012923e+01
6.23000e+02 4.2906038819e+03 9.2806179359e-01
6.24000e+02 4.2946509623e+03 7.9696701062e-01
6.25000e+02 4.2990116866e+03 2.2369446281e+01
6.26000e+02 4.3034415377e+03 5.6784546143e+01
6.27000e+02 4.3075025819e+03 7.3393773536e+00
6.28000e+02 4.3116034792e+03 1.5235035662e+01
6.29000e+02 4.3156680062e+03 1.2402847373e+01
6.30000e+02 4.3197925740e+03 4.5649342094e+00
6.31000e+02 4.3238773182e+03 4.5805864470e+00
6.32000e+02 4.3289262019e+03 6.4089349541e+00
6.33000e+02 4.3344071560e+03 3.6364003358e+01
6.34000e+02 4.3398437623e+03 1.0124024733e+01
6.35000e+02 4.3451700494e+03 1.6250095238e+01
6.36000e+02 4.3504899941e+03 6.9999139334e+00
6.37000e+02 4.3557611592e+03 6.9377919702e+00
6.38000e+02 4.3610550132e+03 6.9047636115e+00
6.39000e+02 4.3663104755e+03 6.8821560056e+00
6.40000e+02 4.3716699272e+03 1.2389978600e+01
6.41000e+02 4.3770193454e+03 2.3873137664e+01
6.42000e+02 4.3824137238e+03 6.9757982105e+00
6.43000e+02 4.3877086128e+03 7.0082491513e+00
6.44000e+02 4.3930728727e+03 2.3854072726e+01
6.45000e+02 4.3981115379e+03 1.7038102485e+01
6.46000e+02 4.4030678928e+03 3.6992134134e+01
6.47000e+02 4.4081278031e+03 2.6419179376e+01
6.48000e+02 4.4122445667e+03 3.2492146180e+01
6.49000e+02 4.4166688684e+03 8.0690767539e-01
6.50000e+02 4.4211561555e+03 5.2880487772e+00
6.51000e+02 4.4252684621e+03 3.2487216492e+01
6.52000e+02 4.4294167830e+03 4.5623420324e+00
6.53000e+02 4.4335251666e+03 4.5538566784e+00
6.54000e+02 4.4376909741e+03 4.5667894502e+00
6.55000e+02 4.4421881636e+03 5.2919688731e+00
6.56000e+02 4.4467328714e+03 9.9436090726e+00
6.57000e+02 4.4508905671e+03 4.6115346639e+00
6.58000e+02 4.4550774306e+03 4.6279791512e+00
6.59000e+02 4.4595922924e+03 9.9513378301e+00
6.60000e+02 4.4641521841e+03 5.3570589513e+00
6.61000e+02 4.4686882583e+03 5.3729142017e+00
6.62000e+02 4.4732582215e+03 5.5348650432e+00
6.63000e+02 4.4775020136e+03 1.8988955142e+01
6.64000e+02 4.4808917285e+03 5.3053445268e+00
6.65000e+02 4.4846047000e+03 8.2310267939e-01
6.66000e+02 4.4883172347e+03 1.8112537721e+01
6.67000e+02 4.4920220352e+03 2.9011639705e+01
6.68000e+02 4.4959265679e+03 3.8899026826e+00
6.69000e+02 4.4997725792e+03 4.0190526321e+00
6.70000e+02 4.5036179224e+03 3.9558441043e+00
6.71000e+02 4.5070775729e+03 9.2253452065e+00
6.72000e+02 4.5105573700e+03 3.2828362789e+00
6.73000e+02 4.5143716445e+03 3.9201513822e+00
6.74000e+02 4.5181675518e+03 3.7668727545e+00
6.75000e+02 4.5216239228e+03 7.7921714726e+00
6.76000e+02 4.5250203745e+03 3.1523604004e+01
6.77000e+02 4.5285134791e+03 3.1441480390e+00
6.78000e+02 4.5319316991e+03 3.1627721339e+00
6.79000e+02 4.5354429409e+03 3.1777465676e+00
6.80000e+02 4.5388758583e+03 3.1892661503e+00
6.81000e+02 4.5423997565e+03 3.1987332827e+00
6.82000e+02 4.5458437275e+03 3.2065882428e+00
6.83000e+02 4.5493774956e+03 3.2132516141e+00
6.84000e+02 4.5520993047e+03 3.1582431713e+00
6.85000e+02 4.5547861765e+03 1.5163257067e+01
6.86000e+02 4.5582902850e+03 3.2701758607e+00
6.87000e+02 4.5622246549e+03 4.9481635582e+00
6.88000e+02 4.5662602831e+03 1.5259251452e+01
6.89000e+02 4.5698563286e+03 4.1760793914e+00
6.90000e+02 4.5734377619e+03 1.6184262723e+01
6.91000e+02 4.5769630563e+03 3.3290242706e+00
6.92000e+02 4.5813654312e+03 8.9826647225e-01
6.93000e+02 4.5858459502e+03 7.6134318868e+00
6.94000e+02 4.5902016382e+03 7.5591314870e+00
6.95000e+02 4.5946330170e+03 5.0000249304e+00
6.96000e+02 4.5981585531e+03 3.2697981333e+00
6.97000e+02 4.6016225023e+03 4.9878200160e+00
6.98000e+02 4.6059781512e+03 4.9949857562e+00
6.99000e+02 4.6104254407e+03 5.0059014753e+00
7.00000e+02 4.6139523235e+03 4.9841789348e+00
7.01000e+02 4.6177868263e+03 1.5264220577e+01
7.02000e+02 4.6216228186e+03 3.4463848624e+01
7.03000e+02 4.6254395701e+03 3.3356278129e+01
7.04000e+02 4.6293182395e+03 3.8850506295e+00
7.05000e+02 4.6328631814e+03 9.0234748453e-01
7.06000e+02 4.6356141763e+03 7.7588792280e-01
7.07000e+02 4.6386870595e+03 2.1349450221e+01
7.08000e+02 4.6416815669e+03 8.8416187576e-01
7.09000e+02 4.6443389437e+03 8.8756521363e-01
7.10000e+02 4.6469551812e+03 7.1038578342e+00
7.11000e+02 4.6496689480e+03 7.1531439600e+00
7.12000e+02 4.6523195518e+03 1.5498607338e+00
7.13000e+02 4.6553966040e+03 2.2581886055e+00
7.14000e+02 4.6586742593e+03 2.4666348968e+01
7.15000e+02 4.6615401709e+03 1.3037018019e+01
7.16000e+02 4.6643959865e+03 1.3128801669e+01
7.17000e+02 4.6672096438e+03 1.8498087442e+00
7.18000e+02 4.6708254724e+03 1.7056607744e+00
7.19000e+02 4.6745167217e+03 4.4278565170e+00
7.20000e+02 4.6773501555e+03 1.8255771344e+00
7.21000e+02 4.6805018979e+03 2.6094720575e+00
7.22000e+02 4.6835797617e+03 6.0222794272e+00
7.23000e+02 4.6863114300e+03 8.6417055995e-01
7.24000e+02 4.6883318548e+03 1.3419519148e-01
7.25000e+02 4.6907017039e+03 1.8204733714e+00
7.26000e+02 4.6931267352e+03 3.5728914751e+00
7.27000e+02 4.6951989056e+03 9.4820375719e-01
7.28000e+02 4.6979755194e+03 3.7070842618e+00
7.29000e+02 4.7011713048e+03 7.1019421513e+00
7.30000e+02 4.7043758002e+03 3.5384791443e+00
7.31000e+02 4.7072188392e+03 1.7928883749e+00
7.32000e+02 4.7099766775e+03 2.5297655132e+00
7.33000e+02 4.7128092510e+03 2.5167703018e+00
7.34000e+02 4.7148920212e+03 1.8809982083e+00
7.35000e+02 4.7169476717e+03 4.3262944558e+00
7.36000e+02 4.7190566966e+03 2.7980118107e+00
7.37000e+02 4.7211500885e+03 3.6925797999e-01
7.38000e+02 4.7232845786e+03 3.9435389271e-01
7.39000e+02 4.7257684340e+03 3.6489469600e+00
7.40000e+02 4.7280923681e+03 8.7624662288e-01
7.41000e+02 4.7300593948e+03 1.4007066338e-01
7.42000e+02 4.7313815040e+03 3.0772863493e-01
7.43000e+02 4.7330659061e+03 7.5917077756e-02
7.44000e+02 4.7348021880e+03 3.0323897654e+00
7.45000e+02 4.7361919530e+03 6.1708821659e-01
7.46000e+02 4.7375985541e+03 1.6033306890e-01
7.47000e+02 4.7393640989e+03 8.1142638175e-02
7.48000e+02 4.7411574714e+03 1.3815214771e-01
7.49000e+02 4.7425909166e+03 2.0385293895e-01
7.50000e+02 4.7446504487e+03 9.1857119056e-01
7.51000e+02 4.7467835953e+03 3.5829635457e-01
7.52000e+02 4.7482033726e+03 9.4237615473e-02
7.53000e+02 4.7496024500e+03 3.0505678425e-01
7.54000e+02 4.7510471859e+03 2.4958673232e-02
7.55000e+02 4.7528501699e+03 3.7439289488e-02
7.56000e+02 4.7544189714e+03 5.3712524161e-01
7.57000e+02 4.7559450310e+03 1.4976456415e+00
7.58000e+02 4.7575530047e+03 3.9172211862e-02
7.59000e+02 4.7588033986e+03 8.8275267747e-01
7.60000e+02 4.7599988743e+03 9.8478574808e-01
7.61000e+02 4.7612667909e+03 2.0282479783e-01
7.62000e+02 4.7619277411e+03 7.4638382496e-01
7.63000e+02 4.7625950517e+03 1.6977517974e+00
7.64000e+02 4.7633101571e+03 5.4155163385e-02
7.65000e+02 4.7643962906e+03 9.9283835220e-01
7.66000e+02 4.7655077075e+03 1.6363992726e+00
7.67000e+02 4.7666354152e+03 1.7989309124e-01
7.68000e+02 4.7677639828e+03 1.6256243850e-01
7.69000e+02 4.7689055817e+03 1.3891177858e-02
7.70000e+02 4.7696988601e+03 1.2933626168e+00
7.71000e+02 4.7704499284e+03 2.2885278025e+00
7.72000e+02 4.7716645297e+03 9.9910943410e-02
7.73000e+02 4.7728670507e+03 1.2311471279e+00
7.74000e+02 4.7740445963e+03 1.2669717385e+00
7.75000e+02 4.7752245174e+03 2.2599818094e-02
7.76000e+02 4.7760513629e+03 5.7225747780e-01
7.77000e+02 4.7768326128e+03 5.4150362084e-01
7.78000e+02 4.7777031414e+03 4.3683099699e-02
7.79000e+02 4.7785287965e+03 8.8044582412e-02
7.80000e+02 4.7797957170e+03 6.6797725178e-02
7.81000e+02 4.7806736394e+03 2.6471282617e-01
7.82000e+02 4.7815215075e+03 2.1058703083e+00
7.83000e+02 4.7827137313e+03 5.1574315920e-01
7.84000e+02 4.7835846549e+03 3.9505049062e-04
7.85000e+02 4.7844011829e+03 8.7324418457e-03
7.86000e+02 4.7856673523e+03 1.7079056751e-01
7.87000e+02 4.7869167523e+03 5.7570853103e-02
7.88000e+02 4.7877973658e+03 9.6898319089e-03
7.89000e+02 4.7883003675e+03 1.5283683576e+00
7.90000e+02 4.7882974152e+03 8.5082046471e-01
7.91000e+02 4.7886761819e+03 8.6095309538e-01
7.92000e+02 4.7886897953e+03 2.3938400624e+00
7.93000e+02 4.7886615311e+03 1.5293103640e+00
7.94000e+02 4.7891664772e+03 7.6122334453e-01
7.95000e+02 4.7896784476e+03 1.3214566983e+00
7.96000e+02 4.7897507795e+03 5.8718493246e-02
7.97000e+02 4.7897692966e+03 7.1368075487e-01
7.98000e+02 4.7898831014e+03 4.1472855694e-02
7.99000e+02 4.7896228979e+03 7.6320526421e-01
8.00000e+02 4.7889189211e+03 7.0102439211e-01
8.01000e+02 4.7882391031e+03 1.6296574247e+00
8.02000e+02 4.7880028079e+03 4.3268774525e+00
8.03000e+02 4.7881555686e+03 1.3424361546e-01
8.04000e+02 4.7887618847e+03 1.5266578298e+00
8.05000e+02 4.7893591356e+03 7.5141421933e-01
8.06000e+02 4.7895160139e+03 7.1936848545e-01
8.07000e+02 4.7896085342e+03 1.5853716465e+00
8.08000e+02 4.7902121997e+03 2.6505188794e-03
8.09000e+02 4.7904425011e+03 2.6720210388e+00
8.10000e+02 4.7911161459e+03 9.0994004304e-01
8.11000e+02 4.7918397067e+03 2.4297561912e+00
8.12000e+02 4.7924736575e+03 2.4670204412e+00
8.13000e+02 4.7934837557e+03 9.1493000851e-01
8.14000e+02 4.7948714833e+03 1.1480560686e+00
8.15000e+02 4.7962334455e+03 4.6062172355e-02
8.16000e+02 4.7975617162e+03 1.3440853611e-02
8.17000e+02 4.7988803384e+03 4.3339989919e-02
8.18000e+02 4.7998520544e+03 1.6124886552e+00
8.19000e+02 4.8007702019e+03 1.2522861047e+00
8.20000e+02 4.8017681429e+03 2.6224919976e-02
8.21000e+02 4.8027153567e+03 2.9066330751e-02
8.22000e+02 4.8037269569e+03 1.3659163559e-02
8.23000e+02 4.8046813734e+03 7.2026624346e-03
8.24000e+02 4.8056966231e+03 3.6496170551e-03
8.25000e+02 4.8066530786e+03 2.0389431877e-03
8.26000e+02 4.8076693080e+03 9.7968383716e-04
8.27000e+02 4.8086262648e+03 5.0138029724e-04
8.28000e+02 4.8100036009e+03 5.7687777139e-03
8.29000e+02 4.8113472027e+03 1.1020280438e+00
8.30000e+02 4.8126550317e+03 8.0945746643e-01
8.31000e+02 4.8135879645e+03 7.0263151081e-01
8.32000e+02 4.8150638024e+03 8.4188697873e-01
8.33000e+02 4.8165993272e+03 6.4334415638e-01
8.34000e+02 4.8174746066e+03 2.0161917721e+00
8.35000e+02 4.8187002517e+03 5.5735639725e-01
8.36000e+02 4.8196388270e+03 5.6504665141e-01
8.37000e+02 4.8202041022e+03 2.4251380046e+00
8.38000e+02 4.8207402729e+03 2.3538759489e+00
8.39000e+02 4.8213508685e+03 5.1396682008e-01
8.40000e+02 4.8214125077e+03 8.1364014524e-01
8.41000e+02 4.8214936056e+03 3.6788371261e+00
8.42000e+02 4.8216183034e+03 1.5566449833e+00
8.43000e+02 4.8221176319e+03 1.6183500492e-01
8.44000e+02 4.8226367743e+03 1.8681344767e+00
8.45000e+02 4.8228075450e+03 8.8973548201e-01
8.46000e+02 4.8229761051e+03 1.1781096119e-01
8.47000e+02 4.8235077766e+03 3.2343092084e-02
8.48000e+02 4.8236545462e+03 2.8487153461e+00
8.49000e+02 4.8234204108e+03 2.6369658583e+00
8.50000e+02 4.8231664434e+03 7.9013806764e-01
8.51000e+02 4.8229829640e+03 6.4271720968e-01
8.52000e+02 4.8227546804e+03 2.5683869671e-02
8.53000e+02 4.8225920444e+03 2.0843394087e-02
8.54000e+02 4.8219437995e+03 7.8449424826e-01
8.55000e+02 4.8213301797e+03 1.5480802770e+00
8.56000e+02 4.8211775292e+03 7.5633029622e-02
8.57000e+02 4.8210847767e+03 7.5124340585e-02
8.58000e+02 4.8209218298e+03 1.0296389801e-02
8.59000e+02 4.8208118124e+03 2.7550994679e-02
8.60000e+02 4.8202041694e+03 4.0601890624e-02
8.61000e+02 4.8199903280e+03 3.5455092956e+00
8.62000e+02 4.8198111971e+03 4.2079262883e+00
8.63000e+02 4.8196650723e+03 2.1846358718e-02
8.64000e+02 4.8190354223e+03 7.7641955949e-01
8.65000e+02 4.8180234620e+03 9.0194298082e-01
8.66000e+02 4.8166473342e+03 4.2886240274e+00
8.67000e+02 4.8156844670e+03 1.5923855942e+00
8.68000e+02 4.8142180581e+03 8.3675884457e-01
8.69000e+02 4.8126996586e+03 6.8019432421e+00
8.70000e+02 4.8113003479e+03 4.9212540055e+00
8.71000e+02 4.8095186364e+03 7.6975114742e-01
8.72000e+02 4.8077237306e+03 7.3892924957e+00
8.73000e+02 4.8059857001e+03 4.9787576034e+00
8.74000e+02 4.8039098023e+03 1.5411008740e+00
8.75000e+02 4.8018991738e+03 7.8937357206e+00
8.76000e+02 4.8001992156e+03 9.4286006638e-01
8.77000e+02 4.7988709325e+03 2.3561664438e+00
8.78000e+02 4.7976049138e+03 4.0273074013e+00
8.79000e+02 4.7959338819e+03 1.4725611100e+00
8.80000e+02 4.7942309366e+03 2.3567974099e+00
8.81000e+02 4.7928941308e+03 8.5225978296e-03
8.82000e+02 4.7916358805e+03 7.4577948999e-04
8.83000e+02 4.7899767084e+03 1.1859844264e-02
8.84000e+02 4.7879920486e+03 6.5822434427e-01
8.85000e+02 4.7864165782e+03 3.9948081345e+00
8.86000e+02 4.7842607057e+03 8.9762213493e-01
8.87000e+02 4.7820384661e+03 8.8543376466e-01
8.88000e+02 4.7799347222e+03 8.3241976553e-01
8.89000e+02 4.7777673454e+03 5.4862799325e-02
8.90000e+02 4.7756995887e+03 9.0795160894e-02
8.91000e+02 4.7732260101e+03 1.4719726590e+00
8.92000e+02 4.7707385166e+03 1.6228027268e+00
8.93000e+02 4.7682959584e+03 3.1020400721e-02
8.94000e+02 4.7658242627e+03 1.5797894997e-02
8.95000e+02 4.7633981562e+03 1.6451634088e-02
8.96000e+02 4.7606873035e+03 4.7170061613e+00
8.97000e+02 4.7584133799e+03 6.9845318105e-01
8.98000e+02 4.7554978469e+03 8.4777630091e-01
8.99000e+02 4.7521744607e+03 5.6095687942e+00
9.00000e+02 4.7488729540e+03 8.2981108929e-01
9.01000e+02 4.7456246789e+03 7.5111128146e-02
9.02000e+02 4.7423618537e+03 3.8681593321e-02
9.03000e+02 4.7394595836e+03 7.3489344207e-01
9.04000e+02 4.7366611400e+03 6.1706911554e-01
9.05000e+02 4.7334518699e+03 3.9004984852e-02
9.06000e+02 4.7300600807e+03 1.3786912575e+00
9.07000e+02 4.7271080333e+03 6.7812383489e-01
9.08000e+02 4.7234322581e+03 8.7733160092e-01
9.09000e+02 4.7196789793e+03 8.5100862110e-01
9.10000e+02 4.7160589831e+03 7.9437862587e-01
9.11000e+02 4.7120284720e+03 1.9633846482e+00
9.12000e+02 4.7080077983e+03 2.3421646830e+00
9.13000e+02 4.7043398664e+03 8.5346868271e-02
9.14000e+02 4.7014909707e+03 9.6047472138e+00
9.15000e+02 4.6983460989e+03 7.8814111570e+00
9.16000e+02 4.6952919523e+03 1.0517886054e+00
9.17000e+02 4.6925756663e+03 8.6434965211e+00
9.18000e+02 4.6899219252e+03 7.5833363953e+00
9.19000e+02 4.6868370964e+03 7.1051336128e-01
9.20000e+02 4.6837274179e+03 8.6903849828e+00
9.21000e+02 4.6809625594e+03 4.8572523462e-02
9.22000e+02 4.6782858599e+03 7.1482377597e-02
9.23000e+02 4.6751884164e+03 1.2614629997e-02
9.24000e+02 4.6720727907e+03 5.4471112504e-02
9.25000e+02 4.6689892940e+03 1.3946759449e-02
9.26000e+02 4.6658742786e+03 6.1028688060e-04
9.27000e+02 4.6627936131e+03 2.8311813255e-03
9.28000e+02 4.6596819031e+03 3.3054332800e-03
9.29000e+02 4.6569212212e+03 4.1765233286e-03
9.30000e+02 4.6542523789e+03 1.2029594044e-02
9.31000e+02 4.6511656630e+03 6.0503681448e-03
9.32000e+02 4.6478806554e+03 5.7066418782e-01
9.33000e+02 4.6446654331e+03 6.4044395712e-01
9.34000e+02 4.6416100314e+03 6.0480647776e-02
9.35000e+02 4.6389029081e+03 5.3558616655e-02
9.36000e+02 4.6369056488e+03 8.5163634134e-01
9.37000e+02 4.6345780596e+03 8.8763305805e-01
9.38000e+02 4.6324138585e+03 9.4470567219e-01
9.39000e+02 4.6302656770e+03 3.6844084276e-01
9.40000e+02 4.6277816475e+03 8.0097814009e-01
9.41000e+02 4.6257040318e+03 7.8699260347e+00
9.42000e+02 4.6236354569e+03 7.9333716475e+00
9.43000e+02 4.6216078676e+03 7.8754119174e+00
9.44000e+02 4.6195446087e+03 1.5295816969e+00
9.45000e+02 4.6171461965e+03 7.2935410568e-01
9.46000e+02 4.6147160636e+03 8.6144323799e+00
9.47000e+02 4.6122985208e+03 8.6249484248e+00
9.48000e+02 4.6100927458e+03 8.1568790540e-02
9.49000e+02 4.6079116519e+03 7.8385532342e+00
9.50000e+02 4.6056657001e+03 1.6331949049e-01
9.51000e+02 4.6037636204e+03 7.7976620713e+00
9.52000e+02 4.6019361488e+03 6.8126961761e+00
9.53000e+02 4.5996935135e+03 6.1541437797e-02
9.54000e+02 4.5971710504e+03 7.1535937396e+00
9.55000e+02 4.5946989470e+03 5.4243045458e-01
9.56000e+02 4.5922399819e+03 6.3497998739e-02
9.57000e+02 4.5901705360e+03 1.5699086496e+00
9.58000e+02 4.5874303809e+03 9.7416354898e-01
9.59000e+02 4.5842735892e+03 1.4020259440e+00
9.60000e+02 4.5809450835e+03 2.4378794965e+00
9.61000e+02 4.5777004087e+03 7.7257127580e-01
9.62000e+02 4.5746256251e+03 8.6186962445e+00
9.63000e+02 4.5715869582e+03 8.4919527916e+00
9.64000e+02 4.5685043213e+03 7.8533332176e-03
9.65000e+02 4.5654526844e+03 2.0815528198e-02
9.66000e+02 4.5621639730e+03 3.9794429821e-02
9.67000e+02 4.5593199572e+03 7.7456993275e-01
9.68000e+02 4.5557681301e+03 8.3248440597e-01
9.69000e+02 4.5521360976e+03 1.7299527897e+00
9.70000e+02 4.5493527238e+03 9.3948878577e+00
9.71000e+02 4.5466367918e+03 9.0850408756e+00
9.72000e+02 4.5431262668e+03 1.6869207671e+00
9.73000e+02 4.5391890335e+03 8.8559636247e-01
9.74000e+02 4.5352713506e+03 2.5632687845e+00
9.75000e+02 4.5317080148e+03 9.3167961988e+00
9.76000e+02 4.5282556891e+03 8.9823555597e+00
9.77000e+02 4.5243848059e+03 3.0654982077e-01
9.78000e+02 4.5203911944e+03 2.0053080755e+00
9.79000e+02 4.5168473758e+03 1.0002548915e+00
9.80000e+02 4.5133161172e+03 1.2744973067e+00
9.81000e+02 4.5094791037e+03 1.1586464429e+01
9.82000e+02 4.5056103053e+03 9.4237847502e+00
9.83000e+02 4.5017765242e+03 1.8127046544e-01
9.84000e+02 4.4980033183e+03 9.1630024195e+00
9.85000e+02 4.4945619500e+03 1.1512553870e+00
9.86000e+02 4.4919018974e+03 8.6773920131e+00
9.87000e+02 4.4892897180e+03 9.0102981845e+00
9.88000e+02 4.4866134418e+03 2.2235927253e+00
9.89000e+02 4.4839654686e+03 5.8009510483e-01
9.90000e+02 4.4812652361e+03 2.3956345810e-02
9.91000e+02 4.4782286594e+03 8.3566349746e+00
9.92000e+02 4.4752961998e+03 8.0142756923e-01
9.93000e+02 4.4727043904e+03 8.3634569976e+00
9.94000e+02 4.4701748850e+03 6.1657700448e-01
9.95000e+02 4.4675470341e+03 5.7991895479e-01
9.96000e+02 4.4656478474e+03 6.5723879252e+00
9.97000e+02 4.4634060263e+03 1.5953817194e+00
9.98000e+02 4.4613263137e+03 8.5274703587e-01
9.99000e+02 4.4595846301e+03 8.8616734726e-01
1.00000e+03 4.4578853751e+03 8.3025037478e-01
1.00100e+03 4.4560868371e+03 7.7256573805e-01
1.00200e+03 4.4549373586e+03 1.3686499146e+00
1.00300e+03 4.4534269456e+03 1.5833023989e+00
1.00400e+03 4.4518588000e+03 5.0794894462e+00
1.00500e+03 4.4502762408e+03 7.2146197933e-02
1.00600e+03 4.4489800173e+03 7.8348913708e-01
1.00700e+03 4.4477057549e+03 6.3097982233e+00
1.00800e+03 4.4463503804e+03 6.3626394488e+00
1.00900e+03 4.4450219090e+03 6.4104857302e+00
1.01000e+03 4.4432950565e+03 2.3078090291e-01
1.01100e+03 4.4416076135e+03 5.6784549624e+00
1.01200e+03 4.4399385375e+03 2.0708101830e+00
1.01300e+03 4.4382818796e+03 3.0785014179e-02
1.01400e+03 4.4369292684e+03 9.2321381280e-01
1.01500e+03 4.4356070296e+03 9.1605803436e-01
1.01600e+03 4.4342106912e+03 4.3727233450e-02
1.01700e+03 4.4328464120e+03 8.5723949315e-02
1.01800e+03 4.4314254257e+03 2.4647836506e-02
1.01900e+03 4.4303649577e+03 7.3806985411e-01
1.02000e+03 4.4293711383e+03 5.7866981171e+00
1.02100e+03 4.4283005805e+03 5.7910011134e+00
1.02200e+03 4.4278177896e+03 4.7745928327e-02
1.02300e+03 4.4269699897e+03 1.8173929135e-01
1.02400e+03 4.4264372425e+03 4.1596392851e+00
1.02500e+03 4.4259347668e+03 1.7008897384e+00
1.02600e+03 4.4253452493e+03 5.6770360591e-02
1.02700e+03 4.4251116134e+03 8.3692192005e-01
1.02800e+03 4.4249264242e+03 4.1404949856e+00
1.02900e+03 4.4243371761e+03 8.6772378447e-02
1.03000e+03 4.4236931219e+03 7.8154832747e-01
1.03100e+03 4.4234164007e+03 2.5593907762e+00
1.03200e+03 4.4231959386e+03 2.5921042161e+00
1.03300e+03 4.4229033179e+03 1.5899563401e-02
1.03400e+03 4.4226735384e+03 2.5200999523e-02
1.03500e+03 4.4220419316e+03 4.2358731449e-02
1.03600e+03 4.4209903750e+03 6.1751928232e-01
1.03700e+03 4.4199565731e+03 2.1071702912e+00
1.03800e+03 4.4189434261e+03 3.8409697325e-02
1.03900e+03 4.4179383828e+03 6.7129945754e-02
1.04000e+03 4.4173110565e+03 2.5559871807e+00
1.04100e+03 4.4170484338e+03 2.9998102250e-02
1.04200e+03 4.4168228758e+03 3.4189509502e-02
1.04300e+03 4.4165176329e+03 4.2620273633e-02
1.04400e+03 4.4162731179e+03 6.1534605808e-02
1.04500e+03 4.4156260942e+03 6.3985609780e-01
1.04600e+03 4.4145585870e+03 5.4360223649e-02
1.04700e+03 4.4135091287e+03 9.8720901704e-02
1.04800e+03 4.4124806174e+03 3.8995861704e-02
1.04900e+03 4.4114608211e+03 6.8618884800e-02
1.05000e+03 4.4104471372e+03 1.4827425950e-02
1.05100e+03 4.4098041577e+03 4.8468426213e+00
1.05200e+03 4.4091618296e+03 5.0015329923e+00
1.05300e+03 4.4085434050e+03 4.2374997801e+00
1.05400e+03 4.4079021269e+03 9.2001958201e-01
1.05500e+03 4.4069137746e+03 4.6256577896e-02
1.05600e+03 4.4062662134e+03 3.2844356020e-02
1.05700e+03 4.4059876865e+03 4.2353387194e+00
1.05800e+03 4.4057480954e+03 8.6581115057e-01
1.05900e+03 4.4051039074e+03 2.2994093504e-03
1.06000e+03 4.4044060537e+03 9.1873040900e-01
1.06100e+03 4.4040761658e+03 9.1630628380e-01
1.06200e+03 4.4038062348e+03 2.8042814617e-02
1.06300e+03 4.4034661745e+03 3.8187143205e-02
1.06400e+03 4.4036523159e+03 8.7362986705e-01
1.06500e+03 4.4034611980e+03 7.9723433871e-01
1.06600e+03 4.4036563470e+03 8.9300268298e-01
1.06700e+03 4.4038898764e+03 8.7771733371e-01
1.06800e+03 4.4040319056e+03 8.2371986782e-01
1.06900e+03 4.4042136780e+03 5.1756944486e-02
1.07000e+03 4.4043228785e+03 8.4533968373e-02
1.07100e+03 4.4044812564e+03 2.3394538956e-02
1.07200e+03 4.4045729735e+03 4.0854507838e-02
1.07300e+03 4.4050440990e+03 9.2332581668e-01
1.07400e+03 4.4059401917e+03 1.5063883596e+00
1.07500e+03 4.4068221988e+03 2.2244935668e+00
1.07600e+03 4.4072927554e+03 1.5422509568e+00
1.07700e+03 4.4076953987e+03 1.4363997891e+00
1.07800e+03 4.4081742116e+03 8.2562318137e-03
1.07900e+03 4.4085932605e+03 1.6405578136e-02
1.08000e+03 4.4090762092e+03 4.1358852518e-03
1.08100e+03 4.4091701505e+03 6.4436634881e-02
1.08200e+03 4.4092104539e+03 1.1578587503e-01
1.08300e+03 4.4093047438e+03 3.4865588123e-04
1.08400e+03 4.4088928013e+03 4.3186764730e+00
1.08500e+03 4.4088660606e+03 9.0874783520e-01
1.08600e+03 4.4084272695e+03 9.8576362630e-01
1.08700e+03 4.4076040409e+03 4.4955932889e+00
1.08800e+03 4.4067704568e+03 3.5537280232e+00
1.08900e+03 4.4063262237e+03 8.6328204302e-01
1.09000e+03 4.4064081537e+03 8.1416257858e-01
1.09100e+03 4.4065026288e+03 6.9213263928e-01
1.09200e+03 4.4065642580e+03 2.0300787637e-02
1.09300e+03 4.4066350888e+03 4.3924813936e-02
1.09400e+03 4.4062256905e+03 3.5132148358e+00
1.09500e+03 4.4054286883e+03 7.1005663959e-01
1.09600e+03 4.4046153510e+03 8.4217196536e-01
1.09700e+03 4.4038648209e+03 4.6472134924e-02
1.09800e+03 4.4026848941e+03 7.6798424609e-01
1.09900e+03 4.4019126378e+03 8.4308699725e-01
1.10000e+03 4.4006561336e+03 8.4710597567e-01
1.10100e+03 4.3990113665e+03 1.6614532732e+00
1.10200e+03 4.3970628356e+03 7.6860409311e-01
1.10300e+03 4.3951769386e+03 7.5441885892e+00
1.10400e+03 4.3936145847e+03 7.4901664298e-01
1.10500e+03 4.3924280580e+03 1.5759224778e+00
1.10600e+03 4.3918199958e+03 5.0876669699e+00
1.10700e+03 4.3908617556e+03 9.2765674407e-01
1.10800e+03 4.3898628921e+03 3.4683081542e+00
1.10900e+03 4.3892225286e+03 4.4391502071e+00
1.11000e+03 4.3880549774e+03 1.4853934567e+00
1.11100e+03 4.3868127450e+03 5.1382850047e+00
1.11200e+03 4.3856698720e+03 1.6721782167e+00
1.11300e+03 4.3841343923e+03 3.5269849042e+00
1.11400e+03 4.3822667944e+03 3.0606742326e+00
1.11500e+03 4.3808074606e+03 1.3305066073e+00
1.11600e+03 4.3787786823e+03 4.3221956597e+00
1.11700e+03 4.3766857709e+03 8.5067897651e-01
1.11800e+03 4.3753079744e+03 2.9616741420e+00
1.11900e+03 4.3739714424e+03 2.8359106895e+00
1.12000e+03 4.3725940272e+03 3.8139921048e-04
1.12100e+03 4.3708738679e+03 3.6303560179e+00
1.12200e+03 4.3691287946e+03 3.5042010149e+00
1.12300e+03 4.3673924580e+03 1.6177202864e-02
1.12400e+03 4.3659477055e+03 6.6770593825e+00
1.12500e+03 4.3648583808e+03 1.9547447508e+00
1.12600e+03 4.3638173559e+03 9.0058587716e-01
1.12700e+03 4.3623649577e+03 6.5873008964e+00
1.12800e+03 4.3605587229e+03 7.7322492640e-02
1.12900e+03 4.3591518009e+03 7.0009012528e-02
1.13000e+03 4.3577625047e+03 3.6547677415e+00
1.13100e+03 4.3560428372e+03 6.6537132019e+00
1.13200e+03 4.3543045615e+03 2.7641153791e+00
1.13300e+03 4.3529455251e+03 3.0548489499e+00
1.13400e+03 4.3515810773e+03 5.8590202257e+00
1.13500e+03 4.3498778885e+03 1.6478722173e-02
1.13600e+03 4.3481521651e+03 3.0392418309e+00
1.13700e+03 4.3464350866e+03 1.3889758699e-02
1.13800e+03 4.3447138687e+03 4.5055357141e-03
1.13900e+03 4.3433690902e+03 1.4257933414e-02
1.14000e+03 4.3414267866e+03 3.6167294249e+00
1.14100e+03 4.3390759037e+03 8.9848473257e-01
1.14200e+03 4.3367258583e+03 3.6207436748e+00
1.14300e+03 4.3344285032e+03 3.5635951146e+00
1.14400e+03 4.3318369456e+03 8.5609607877e-01
1.14500e+03 4.3293189370e+03 4.4180529882e+00
1.14600e+03 4.3270552297e+03 8.6338153942e-02
1.14700e+03 4.3251530378e+03 7.5287145315e+00
1.14800e+03 4.3238902320e+03 1.1588579326e-01
1.14900e+03 4.3222854276e+03 9.9945595338e-01
1.15000e+03 4.3206335694e+03 9.3969946309e-01
1.15100e+03 4.3193440085e+03 3.5578951172e+00
1.15200e+03 4.3180392437e+03 3.5962963381e+00
1.15300e+03 4.3163877831e+03 4.6656179459e-02
1.15400e+03 4.3147086010e+03 3.5816611165e+00
1.15500e+03 4.3134013726e+03 1.7667439246e-02
1.15600e+03 4.3114939805e+03 7.4862743843e+00
1.15700e+03 4.3095071068e+03 6.3500387987e+00
1.15800e+03 4.3076275915e+03 7.7381788313e-01
1.15900e+03 4.3056776605e+03 3.6942625377e-02
1.16000e+03 4.3038190357e+03 2.0890535720e-02
1.16100e+03 4.3018831861e+03 1.4081378470e-02
1.16200e+03 4.3006250992e+03 2.9028241853e-02
1.16300e+03 4.2993881880e+03 6.1660406848e+00
1.16400e+03 4.2980993448e+03 6.9540557127e-01
1.16500e+03 4.2964582224e+03 1.0338210829e-02
1.16600e+03 4.2950740652e+03 7.4433305731e+00
1.16700e+03 4.2940481046e+03 2.4417822579e-01
1.16800e+03 4.2935793054e+03 8.3037177548e-01
1.16900e+03 4.2931096459e+03 9.0208302340e-01
1.17000e+03 4.2920666165e+03 8.1559533475e-01
1.17100e+03 4.2906096902e+03 5.3916369658e+00
1.17200e+03 4.2891317537e+03 5.3408662301e+00
1.17300e+03 4.2880226721e+03 7.4642035523e-01
1.17400e+03 4.2874964358e+03 5.7437073932e-02
1.17500e+03 4.2869870205e+03 9.7135472057e-02
1.17600e+03 4.2859147354e+03 4.5306687636e+00
1.17700e+03 4.2847639670e+03 9.9066500761e-02
1.17800e+03 4.2842335063e+03 4.2243191547e-03
1.17900e+03 4.2837135868e+03 1.4724357887e-02
1.18000e+03 4.2826235368e+03 1.1673226396e-01
1.18100e+03 4.2814577605e+03 1.9227950307e-02
1.18200e+03 4.2809170876e+03 1.0212288789e-02
1.18300e+03 4.2800214479e+03 5.5728348052e+00
1.18400e+03 4.2794431446e+03 1.5271309469e+00
1.18500e+03 4.2792270620e+03 9.3949160999e-01
1.18600e+03 4.2790423107e+03 1.8246420599e+00
1.18700e+03 4.2784482392e+03 8.6285480749e-01
1.18800e+03 4.2777971804e+03 8.6579672901e-01
1.18900e+03 4.2775123009e+03 6.8796924491e-02
1.19000e+03 4.2772846301e+03 1.1164760871e-01
1.19100e+03 4.2769852828e+03 1.4467793721e-02
1.19200e+03 4.2772070854e+03 3.9536447754e+00
1.19300e+03 4.2770497800e+03 7.3833421578e-01
1.19400e+03 4.2772806413e+03 7.9873858496e-01
1.19500e+03 4.2778782500e+03 3.0527351411e+00
1.19600e+03 4.2784934506e+03 6.8383223327e-02
1.19700e+03 4.2790270904e+03 6.3968829638e-02
1.19800e+03 4.2796080615e+03 3.4229608599e-02
1.19900e+03 4.2801143426e+03 2.7358733822e-02
1.20000e+03 4.2810720591e+03 7.3591389762e-01
1.20100e+03 4.2819959408e+03 1.7809139410e+00
1.20200e+03 4.2824948715e+03 8.2040349148e-02
1.20300e+03 4.2825986802e+03 6.9788018111e-01
1.20400e+03 4.2826653551e+03 2.2703887851e-01
1.20500e+03 4.2831174845e+03 6.8102625228e-01
1.20600e+03 4.2836261392e+03 7.0690628538e-01
1.20700e+03 4.2837484021e+03 1.8454204819e-02
1.20800e+03 4.2833813221e+03 4.1895350589e+00
1.20900e+03 4.2830221220e+03 3.6933270349e+00
1.21000e+03 4.2831290154e+03 5.8654265529e-02
1.21100e+03 4.2836201645e+03 3.9019648395e-02
1.21200e+03 4.2845275438e+03 1.8294701938e+00
1.21300e+03 4.2850483821e+03 9.3863402793e-01
1.21400e+03 4.2855309531e+03 8.1593633984e-01
1.21500e+03 4.2863525697e+03 4.0371798796e-01
1.21600e+03 4.2868028663e+03 3.9922337595e-02
1.21700e+03 4.2868624103e+03 3.4955555494e+00
1.21800e+03 4.2864483177e+03 1.2999778781e+00
1.21900e+03 4.2860539956e+03 9.1516028798e-01
1.22000e+03 4.2856944795e+03 5.4576493704e-02
1.22100e+03 4.2857113015e+03 8.4467710708e-01
1.22200e+03 4.2852940804e+03 3.2446935966e+00
1.22300e+03 4.2844897702e+03 8.6385423133e-01
1.22400e+03 4.2832973829e+03 1.6767036005e+00
1.22500e+03 4.2825135144e+03 2.2869959275e+00
1.22600e+03 4.2817655106e+03 3.6559792750e+00
1.22700e+03 4.2806914649e+03 6.7972365382e-01
1.22800e+03 4.2799683558e+03 3.2071785414e+00
1.22900e+03 4.2796234808e+03 4.4188082288e+00
1.23000e+03 4.2797785677e+03 2.2404669558e-01
1.23100e+03 4.2799283149e+03 8.2152762686e-01
1.23200e+03 4.2800356252e+03 4.7776625428e-02
1.23300e+03 4.2801453562e+03 4.0016205208e-02
1.23400e+03 4.2797716425e+03 1.9343671256e+00
1.23500e+03 4.2793348898e+03 1.8129636953e+00
1.23600e+03 4.2789914571e+03 3.0281050475e-02
1.23700e+03 4.2782630913e+03 3.1280268692e+00
1.23800e+03 4.2774970745e+03 5.1456809780e+00
1.23900e+03 4.2771084201e+03 4.8098248019e-02
1.24000e+03 4.2767882773e+03 3.1016088325e+00
1.24100e+03 4.2760761060e+03 1.2666463834e+00
1.24200e+03 4.2753225270e+03 1.0622789526e+00
1.24300e+03 4.2749450736e+03 1.1201099303e-02
1.24400e+03 4.2750795182e+03 2.7134377833e-02
1.24500e+03 4.2748533312e+03 3.6389535240e+00
1.24600e+03 4.2745915266e+03 2.2148085189e+00
1.24700e+03 4.2743120186e+03 2.2659146346e+00
1.24800e+03 4.2744772403e+03 9.2999060994e-01
1.24900e+03 4.2750100341e+03 9.3735442089e-01
1.25000e+03 4.2759492652e+03 9.0811135159e-01
1.25100e+03 4.2764940256e+03 8.2426844277e-01
1.25200e+03 4.2775037674e+03 1.7809371489e+00
1.25300e+03 4.2785520104e+03 4.5028001443e-01
1.25400e+03 4.2794961094e+03 6.5642838837e-02
1.25500e+03 4.2808101847e+03 1.2592173767e-01
1.25600e+03 4.2821534849e+03 1.4105372233e+00
1.25700e+03 4.2834286230e+03 3.8937218266e-02
1.25800e+03 4.2850822901e+03 7.1443600502e-01
1.25900e+03 4.2863255483e+03 6.9849775165e-01
1.26000e+03 4.2881033866e+03 6.6904533799e-01
1.26100e+03 4.2899286936e+03 1.3798630031e+00
1.26200e+03 4.2916450542e+03 6.1477694974e-02
1.26300e+03 4.2934095692e+03 1.2220818974e-01
1.26400e+03 4.2950851435e+03 4.0786323717e-02
1.26500e+03 4.2968187494e+03 7.1654583811e-02
1.26600e+03 4.2984700263e+03 2.4297477294e-02
1.26700e+03 4.3001832981e+03 4.4607288808e-02
1.26800e+03 4.3018174630e+03 1.7111981727e-02
1.26900e+03 4.3038481388e+03 1.4692592364e+00
1.27000e+03 4.3061612678e+03 6.5946195543e-01
1.27100e+03 4.3080674977e+03 1.1241402693e+00
1.27200e+03 4.3099466385e+03 2.1409454071e+00
1.27300e+03 4.3121524718e+03 8.6744427409e-01
1.27400e+03 4.3141423549e+03 2.0754746207e+00
1.27500e+03 4.3160789095e+03 5.6468129350e-01
1.27600e+03 4.3183565770e+03 8.3111528476e-01
1.27700e+03 4.3202263886e+03 1.6412176653e+00
1.27800e+03 4.3220690857e+03 8.3013303909e-01
1.27900e+03 4.3242421421e+03 7.9750731632e-01
1.28000e+03 4.3261964526e+03 5.2854402557e-01
1.28100e+03 4.3281003232e+03 7.9760017525e-01
1.28200e+03 4.3300732848e+03 8.1545367565e-01
1.28300e+03 4.3316841041e+03 2.3873914094e+00
1.28400e+03 4.3332280516e+03 2.7384917632e+00
1.28500e+03 4.3348397210e+03 2.2966455499e-01
1.28600e+03 4.3358108415e+03 7.4866720387e-02
1.28700e+03 4.3367760920e+03 1.5355628015e-01
1.28800e+03 4.3383632239e+03 4.3184358344e-02
1.28900e+03 4.3403534752e+03 3.0924484289e-01
1.29000e+03 4.3423625410e+03 3.4503989377e-01
1.29100e+03 4.3439939140e+03 6.2844790648e-02
1.29200e+03 4.3455500740e+03 2.7796370700e-01
1.29300e+03 4.3475003517e+03 3.0472127662e-01
1.29400e+03 4.3494874874e+03 2.8248641680e-01
1.29500e+03 4.3511017924e+03 2.6061769931e-01
1.29600e+03 4.3520900014e+03 1.7088569062e-02
1.29700e+03 4.3530585366e+03 3.2411155326e-01
1.29800e+03 4.3546386400e+03 3.2836001624e-01
1.29900e+03 4.3566210641e+03 3.1435032275e-01
1.30000e+03 4.3588829342e+03 7.8091236110e-01
1.30100e+03 4.3607335893e+03 1.2101516198e+00
1.30200e+03 4.3625552034e+03 9.5402057591e-01
1.30300e+03 4.3643337204e+03 5.4465006630e-02
1.30400e+03 4.3667865505e+03 1.1867625598e+00
1.30500e+03 4.3696303476e+03 8.6137300997e-01
1.30600e+03 4.3724697101e+03 2.0267743798e+00
1.30700e+03 4.3752457644e+03 1.9570047636e+00
1.30800e+03 4.3782682436e+03 8.2681414412e-01
1.30900e+03 4.3808521865e+03 1.9733285744e+00
1.31000e+03 4.3841143028e+03 3.6248456704e+00
1.31100e+03 4.3874366079e+03 6.8428284901e+00
1.31200e+03 4.3899325681e+03 2.5912907834e+00
1.31300e+03 4.3923713811e+03 3.4760909960e+00
1.31400e+03 4.3955748576e+03 2.8601130324e+00
1.31500e+03 4.3988504905e+03 2.8105807518e+00
1.31600e+03 4.4013057541e+03 3.4319182888e+00
1.31700e+03 4.4040816571e+03 3.4773570735e+00
1.31800e+03 4.4067366576e+03 7.4972088151e+00
1.31900e+03 4.4090358199e+03 9.7647072228e-01
1.32000e+03 4.4106606748e+03 8.3040862338e-01
1.32100e+03 4.4122694191e+03 2.0271841218e+00
1.32200e+03 4.4145751104e+03 9.3449079675e-01
1.32300e+03 4.4172963738e+03 7.4349207028e+00
1.32400e+03 4.4200314742e+03 1.7810626533e+00
1.32500e+03 4.4223990534e+03 1.0019732500e+00
1.32600e+03 4.4246851285e+03 2.6568407493e+00
1.32700e+03 4.4273742630e+03 1.7471527116e+00
1.32800e+03 4.4302955657e+03 7.3679506212e+00
1.32900e+03 4.4331626882e+03 9.3602126810e+00
1.33000e+03 4.4358351389e+03 1.6827557514e+00
1.33100e+03 4.4381431778e+03 2.5946436391e+00
1.33200e+03 4.4403940274e+03 1.7101801016e+00
1.33300e+03 4.4427242761e+03 1.7306797451e+00
1.33400e+03 4.4449818276e+03 9.0680866947e-01
1.33500e+03 4.4476511152e+03 1.6612261032e+00
1.33600e+03 4.4503527504e+03 1.6887494039e+00
1.33700e+03 4.4530103466e+03 1.6753692350e+00
1.33800e+03 4.4559318836e+03 5.2896344066e+00
1.33900e+03 4.4587904338e+03 3.3595613350e+00
1.34000e+03 4.4616247211e+03 3.2689520512e+00
1.34100e+03 4.4644357014e+03 1.9575220709e+00
1.34200e+03 4.4670686356e+03 1.6049928899e+00
1.34300e+03 4.4696651578e+03 1.9440179128e+00
1.34400e+03 4.4723286150e+03 1.9725969723e+00
1.34500e+03 4.4746401756e+03 8.8721365189e-01
1.34600e+03 4.4768795787e+03 4.3570774991e+00
1.34700e+03 4.4795267028e+03 1.6195222534e+00
1.34800e+03 4.4822081898e+03 1.6359324445e+00
1.34900e+03 4.4845283017e+03 4.3612718180e+00
1.35000e+03 4.4867732906e+03 1.6234884812e+00
1.35100e+03 4.4890908605e+03 1.6193229798e+00
1.35200e+03 4.4907069814e+03 1.2617589282e+01
1.35300e+03 4.4923043467e+03 1.2165318437e+01
1.35400e+03 4.4939512072e+03 1.5827263119e+00
1.35500e+03 4.4955850442e+03 3.6471733682e-02
1.35600e+03 4.4972546837e+03 5.9214252071e-02
1.35700e+03 4.4989045971e+03 1.6076434892e-02
1.35800e+03 4.5005867498e+03 2.8573502328e-02
1.35900e+03 4.5026171584e+03 2.4226451595e+00
1.36000e+03 4.5046718005e+03 3.5961418806e+00
1.36100e+03 4.5063581929e+03 3.6478892887e-02
1.36200e+03 4.5086923384e+03 9.5696871542e-01
1.36300e+03 4.5114289027e+03 2.1130656437e+00
1.36400e+03 4.5143767618e+03 8.9321696340e-01
1.36500e+03 4.5172588137e+03 2.1332958740e+00
1.36600e+03 4.5201134224e+03 2.0379121804e+00
1.36700e+03 4.5225738410e+03 1.7300380775e+00
1.36800e+03 4.5257460305e+03 2.0811844612e+00
1.36900e+03 4.5289873699e+03 3.9588844662e+00
1.37000e+03 4.5321131124e+03 2.6653381314e+00
1.37100e+03 4.5356368735e+03 3.7153947306e+00
1.37200e+03 4.5391691056e+03 6.6733770200e+00
1.37300e+03 4.5423372799e+03 2.5895078317e+00
1.37400e+03 4.5454110733e+03 2.5349691483e+00
1.37500e+03 4.5485557475e+03 2.5089339801e+00
1.37600e+03 4.5516122593e+03 2.4891434928e+00
1.37700e+03 4.5550821100e+03 3.2952663437e+00
1.37800e+03 4.5585691057e+03 4.0482127641e+00
1.37900e+03 4.5616969782e+03 2.4698526391e+00
1.38000e+03 4.5647364809e+03 2.4503737190e+00
1.38100e+03 4.5681863166e+03 4.0241495237e+00
1.38200e+03 4.5716555192e+03 3.2008542784e+00
1.38300e+03 4.5747667144e+03 2.4312460051e+00
1.38400e+03 4.5777909719e+03 2.4135695088e+00
1.38500e+03 4.5812263792e+03 3.1832251357e+00
1.38600e+03 4.5846822332e+03 3.1666932432e+00
1.38700e+03 4.5877807942e+03 2.3985217312e+00
1.38800e+03 4.5901203627e+03 3.6043186563e+00
1.38900e+03 4.5927811853e+03 1.5569166238e+01
1.39000e+03 4.5954848943e+03 1.5402697395e+01
1.39100e+03 4.5978242445e+03 1.4498875436e+01
1.39200e+03 4.6008853121e+03 2.4329333264e+00
1.39300e+03 4.6043620287e+03 4.8376092046e+00
1.39400e+03 4.6078388048e+03 4.8536936888e+00
1.39500e+03 4.6112661932e+03 3.1667384706e+00
1.39600e+03 4.6147250370e+03 3.1456393645e+00
1.39700e+03 4.6178242229e+03 2.4311253632e+00
1.39800e+03 4.6201631418e+03 1.5552947514e+01
1.39900e+03 4.6224521218e+03 3.1501320760e+00
1.40000e+03 4.6247871532e+03 8.9172152890e-01
1.40100e+03 4.6274709767e+03 8.0143346349e+00
1.40200e+03 4.6301870717e+03 8.0187063293e+00
1.40300e+03 4.6328986488e+03 1.6798808660e+00
1.40400e+03 4.6354390212e+03 9.1847132245e-01
1.40500e+03 4.6379486704e+03 3.8768818610e+00
1.40600e+03 4.6405315990e+03 3.9155611235e+00
1.40700e+03 4.6427665425e+03 7.9658936785e-01
1.40800e+03 4.6449339328e+03 1.0082039493e+01
1.40900e+03 4.6475115004e+03 1.4098836605e+00
1.41000e+03 4.6501273250e+03 1.4413698698e+00
1.41100e+03 4.6527018396e+03 1.4368755416e+00
1.41200e+03 4.6553252975e+03 1.4430719074e+00
1.41300e+03 4.6579044366e+03 1.4462533452e+00
1.41400e+03 4.6605313741e+03 1.4482866703e+00
1.41500e+03 4.6631128522e+03 1.4491773916e+00
1.41600e+03 4.6657414964e+03 1.4494349387e+00
1.41700e+03 4.6680068578e+03 8.4415435911e+00
1.41800e+03 4.6695947546e+03 8.0417776062e+00
1.41900e+03 4.6715179665e+03 6.3299814767e+00
1.42000e+03 4.6734808482e+03 7.2486391694e+00
1.42100e+03 4.6750873592e+03 8.6194864610e+00
1.42200e+03 4.6767063240e+03 6.3547195695e+00
1.42300e+03 4.6783069968e+03 5.9651368056e+00
1.42400e+03 4.6805821617e+03 5.8442222712e+00
1.42500e+03 4.6829259113e+03 6.0493631039e+00
1.42600e+03 4.6845349541e+03 9.9220745187e-03
1.42700e+03 4.6861183318e+03 2.7207245546e-02
1.42800e+03 4.6883900712e+03 9.8531288339e-01
1.42900e+03 4.6907350536e+03 8.5296352552e-01
1.43000e+03 4.6929829928e+03 8.2831024401e-01
1.43100e+03 4.6956296355e+03 1.6361940120e+00
1.43200e+03 4.6985056501e+03 9.1313286409e-01
1.43300e+03 4.7009651975e+03 2.5652945373e+00
1.43400e+03 4.7034025359e+03 2.8213197165e+00
1.43500e+03 4.7061652847e+03 1.8748005730e+00
1.43600e+03 4.7089460697e+03 1.8977946200e+00
1.43700e+03 4.7113451957e+03 1.0689521285e+00
1.43800e+03 4.7137503660e+03 1.0357151341e+00
1.43900e+03 4.7161196903e+03 1.0048777410e+00
1.44000e+03 4.7192422362e+03 8.7460675442e-01
1.44100e+03 4.7224326913e+03 3.8370077180e+00
1.44200e+03 4.7248059213e+03 9.7193251584e-01
1.44300e+03 4.7271332802e+03 9.2899523835e-01
1.44400e+03 4.7295065501e+03 9.2810617759e-01
1.44500e+03 4.7318532020e+03 9.4647103342e-01
1.44600e+03 4.7342364397e+03 9.5549236786e-01
1.44700e+03 4.7369609659e+03 1.8576741696e+00
1.44800e+03 4.7397130740e+03 3.9166699978e+00
1.44900e+03 4.7424561736e+03 3.9313266962e+00
1.45000e+03 4.7452076942e+03 1.7171790394e+00
1.45100e+03 4.7479494479e+03 1.7141161060e+00
1.45200e+03 4.7506984127e+03 1.7098461311e+00
1.45300e+03 4.7530709605e+03 9.8043279647e-01
1.45400e+03 4.7554520094e+03 3.4279797804e+00
1.45500e+03 4.7581732277e+03 1.6876008288e+00
1.45600e+03 4.7607474809e+03 5.6196285377e+00
1.45700e+03 4.7632826027e+03 1.0032947145e+01
1.45800e+03 4.7658868916e+03 6.0134882053e+00
1.45900e+03 4.7681407063e+03 5.3405869094e+00
1.46000e+03 4.7703243091e+03 8.8776801041e+00
1.46100e+03 4.7729166391e+03 1.4111797877e+00
1.46200e+03 4.7757561381e+03 1.7764475016e+00
1.46300e+03 4.7785470643e+03 1.8443789707e+00
1.46400e+03 4.7811382044e+03 1.3966198059e+00
1.46500e+03 4.7836872317e+03 1.3519205666e+00
1.46600e+03 4.7863011039e+03 1.3733006758e+00
1.46700e+03 4.7888770500e+03 1.3988461744e+00
1.46800e+03 4.7915043046e+03 1.4108297727e+00
1.46900e+03 4.7937707185e+03 1.3138534252e+00
1.47000e+03 4.7959630793e+03 4.1665425789e+00
1.47100e+03 4.7985620633e+03 1.4324567626e+00
1.47200e+03 4.8014054963e+03 1.8464685702e+00
1.47300e+03 4.8041985391e+03 3.7579867120e+00
1.47400e+03 4.8067913288e+03 1.3965594111e+00
1.47500e+03 4.8093415335e+03 1.3463836153e+00
1.47600e+03 4.8119559366e+03 1.3666506990e+00
1.47700e+03 4.8145321442e+03 1.3912869139e+00
1.47800e+03 4.8173894978e+03 3.7681492769e+00
1.47900e+03 4.8198232082e+03 8.9493446338e+00
1.48000e+03 4.8229296110e+03 5.0799991845e+00
1.48100e+03 4.8264401086e+03 9.3429005838e-01
1.48200e+03 4.8300860947e+03 7.8863254598e-01
1.48300e+03 4.8336486814e+03 3.5299907554e+00
1.48400e+03 4.8371859599e+03 3.4177531658e+00
1.48500e+03 4.8406866910e+03 3.2330099267e+00
1.48600e+03 4.8441891781e+03 3.1949855675e+00
1.48700e+03 4.8476662532e+03 3.1681345630e+00
1.48800e+03 4.8511508677e+03 3.1470938114e+00
1.48900e+03 4.8542479644e+03 5.7383054382e+00
1.49000e+03 4.8581373252e+03 1.7163137152e+00
1.49100e+03 4.8624426845e+03 1.0425464554e+01
1.49200e+03 4.8668132934e+03 8.8599443529e-01
1.49300e+03 4.8707244518e+03 2.5286591278e+00
1.49400e+03 4.8746116674e+03 1.8710047348e+01
1.49500e+03 4.8788044690e+03 4.7447816808e+00
1.49600e+03 4.8829968211e+03 1.4316239504e+01
1.49700e+03 4.8868381618e+03 1.8965009790e+01
1.49800e+03 4.8898542630e+03 3.8689225272e+00
1.49900e+03 4.8931913319e+03 2.9304793077e+00
1.50000e+03 4.8965805222e+03 6.6861671021e+00
1.50100e+03 4.8999661841e+03 2.9418619130e+00
1.50200e+03 4.9032606332e+03 8.9790307698e-01
1.50300e+03 4.9065339391e+03 6.5325359289e+00
1.50400e+03 4.9100416043e+03 3.0573949414e+00
1.50500e+03 4.9134904420e+03 3.1175134324e+00
1.50600e+03 4.9168102478e+03 6.5513600745e+00
1.50700e+03 4.9197819665e+03 2.9954316177e+00
1.50800e+03 4.9220201948e+03 8.2029918882e+00
1.50900e+03 4.9242296133e+03 1.6796293068e+01
1.51000e+03 4.9272014479e+03 1.6023516336e+01
1.51100e+03 4.9305973523e+03 3.1769360681e+00
1.51200e+03 4.9341484062e+03 3.7608756352e+00
1.51300e+03 4.9376308376e+03 3.7907084374e+00
1.51400e+03 4.9409844939e+03 3.2076096695e+00
1.51500e+03 4.9443006553e+03 3.6773717630e+00
1.51600e+03 4.9478387629e+03 3.1708804037e+00
1.51700e+03 4.9513096886e+03 3.1562038491e+00
1.51800e+03 4.9547647220e+03 3.0699733401e+00
1.51900e+03 4.9581936863e+03 3.0249419513e+00
1.52000e+03 4.9616307299e+03 3.0039272936e+00
1.52100e+03 4.9650493916e+03 2.9906207245e+00
1.52200e+03 4.9684800070e+03 2.9812019406e+00
1.52300e+03 4.9718943325e+03 2.9738845830e+00
1.52400e+03 4.9752058674e+03 3.6315729274e+00
1.52500e+03 4.9781753154e+03 8.1925182160e+00
1.52600e+03 4.9810877088e+03 6.7880123518e+00
1.52700e+03 4.9844229168e+03 1.2232803509e+01
1.52800e+03 4.9877906320e+03 1.2276751127e+01
1.52900e+03 4.9908082176e+03 4.3388217857e+00
1.53000e+03 4.9930747595e+03 1.5948736752e+01
1.53100e+03 4.9956692636e+03 2.0063216773e+00
1.53200e+03 4.9981304269e+03 9.0655196077e-01
1.53300e+03 5.0002453958e+03 1.0739487108e+01
1.53400e+03 5.0017125975e+03 1.2049752277e+00
1.53500e+03 5.0035420236e+03 1.6707234280e+00
1.53600e+03 5.0051721366e+03 2.4684386798e-01
1.53700e+03 5.0064551350e+03 3.7179972420e-01
1.53800e+03 5.0071703868e+03 2.4210026301e+00
1.53900e+03 5.0082672879e+03 9.7912202060e-01
1.54000e+03 5.0094182043e+03 4.8331369332e-02
1.54100e+03 5.0106011936e+03 8.6088211720e-02
1.54200e+03 5.0114613409e+03 3.9853773763e-01
1.54300e+03 5.0122890256e+03 1.2317618656e+00
1.54400e+03 5.0132154614e+03 6.6288465710e-02
1.54500e+03 5.0137845262e+03 3.1325151380e+00
1.54600e+03 5.0143133529e+03 8.6064738170e+00
1.54700e+03 5.0149156281e+03 3.3210346026e-02
1.54800e+03 5.0154682841e+03 2.3829410422e-02
1.54900e+03 5.0164223155e+03 1.9256888210e-01
1.55000e+03 5.0177700654e+03 2.8283570015e-01
1.55100e+03 5.0187426808e+03 1.3481173522e+01
1.55200e+03 5.0202513259e+03 1.1483653448e+00
1.55300e+03 5.0218183136e+03 9.6471247538e-01
1.55400e+03 5.0232902459e+03 3.6712770403e-02
1.55500e+03 5.0251492982e+03 9.0502094405e-01
1.55600e+03 5.0273077118e+03 8.1066366575e-01
1.55700e+03 5.0294258790e+03 6.0326090239e-01
1.55800e+03 5.0312681237e+03 1.7386341739e-01
1.55900e+03 5.0330574256e+03 2.4343984996e-01
1.56000e+03 5.0352023445e+03 5.8916293948e-01
1.56100e+03 5.0373057722e+03 3.7253949476e-01
1.56200e+03 5.0393830498e+03 3.0452569270e-01
1.56300e+03 5.0414462014e+03 2.6394502113e-01
1.56400e+03 5.0435043131e+03 2.4451515740e-01
1.56500e+03 5.0451889124e+03 7.1198388310e-01
1.56600e+03 5.0475096544e+03 1.5097291991e+00
1.56700e+03 5.0502319127e+03 2.0424168280e+00
1.56800e+03 5.0529588589e+03 2.6818795324e+00
1.56900e+03 5.0553112253e+03 1.5985196021e+00
1.57000e+03 5.0575760945e+03 1.9845015558e+00
1.57100e+03 5.0602390582e+03 1.5104425869e+00
1.57200e+03 5.0631350794e+03 8.3790952267e-01
1.57300e+03 5.0659745823e+03 2.5903591989e+00
1.57400e+03 5.0687913939e+03 2.5085591706e+00
1.57500e+03 5.0715842186e+03 1.7267068835e+00
1.57600e+03 5.0741953437e+03 1.3931110457e+00
1.57700e+03 5.0767678919e+03 1.6829694289e+00
1.57800e+03 5.0796322270e+03 1.7725037414e+00
1.57900e+03 5.0820802934e+03 3.5591250260e+00
1.58000e+03 5.0845063524e+03 6.3699211627e+00
1.58100e+03 5.0868887308e+03 3.5022053378e+00
1.58200e+03 5.0900173718e+03 4.0539904568e+00
1.58300e+03 5.0932131337e+03 6.8758490412e+00
1.58400e+03 5.0955929157e+03 8.7524758150e-01
1.58500e+03 5.0979259292e+03 8.2500736761e-01
1.58600e+03 5.1003042777e+03 8.2274885094e-01
1.58700e+03 5.1026556241e+03 8.4025909391e-01
1.58800e+03 5.1057659969e+03 2.4174439395e+00
1.58900e+03 5.1092804538e+03 2.7126400323e+00
1.59000e+03 5.1127876123e+03 5.2872472315e+00
1.59100e+03 5.1159268923e+03 2.3585445978e+00
1.59200e+03 5.1182898151e+03 8.2399317897e-01
1.59300e+03 5.1209693805e+03 4.7870335512e+00
1.59400e+03 5.1235148978e+03 1.1203296911e+00
1.59500e+03 5.1260294132e+03 3.2488294959e+00
1.59600e+03 5.1288428471e+03 4.7313452365e+00
1.59700e+03 5.1312479025e+03 1.2544801767e+00
1.59800e+03 5.1336361821e+03 2.2224775378e+00
1.59900e+03 5.1363573659e+03 1.6386706184e+00
1.60000e+03 5.1389283094e+03 1.1890360024e+00
1.60100e+03 5.1411401220e+03 9.1518562480e-01
1.60200e+03 5.1426837061e+03 7.9233641054e-01
1.60300e+03 5.1442134847e+03 1.7589203525e+00
1.60400e+03 5.1464336213e+03 2.6295596403e+00
1.60500e+03 5.1490696810e+03 1.3093912376e+00
1.60600e+03 5.1517224546e+03 1.3899120537e+00
1.60700e+03 5.1540086170e+03 8.6589382568e-01
1.60800e+03 5.1556033545e+03 5.1153349403e-02
1.60900e+03 5.1571672985e+03 8.5267566279e-02
1.61000e+03 5.1594121629e+03 1.3328096986e+00
1.61100e+03 5.1617344890e+03 1.3603736719e+00
1.61200e+03 5.1639635101e+03 6.5077669317e-01
1.61300e+03 5.1662609626e+03 6.2525225246e-01
1.61400e+03 5.1678473541e+03 8.3460683240e-03
1.61500e+03 5.1697835365e+03 1.3135248968e+00
1.61600e+03 5.1715227084e+03 3.7764521892e-01
1.61700e+03 5.1732272402e+03 8.3426184691e-01
1.61800e+03 5.1753024100e+03 2.2109792127e+00
1.61900e+03 5.1773493914e+03 4.8806659910e-01
1.62000e+03 5.1793786905e+03 4.4170788251e-01
1.62100e+03 5.1814010883e+03 1.4965692247e-01
1.62200e+03 5.1834234449e+03 1.4256470732e-01
1.62300e+03 5.1850768446e+03 2.0126893105e+00
1.62400e+03 5.1873680205e+03 6.8678181942e-01
1.62500e+03 5.1900635777e+03 1.3076881225e+00
1.62600e+03 5.1929760574e+03 8.9012312188e-01
1.62700e+03 5.1958241479e+03 1.8573478955e+00
1.62800e+03 5.1986452745e+03 1.7641374664e+00
1.62900e+03 5.2010729559e+03 1.4603767297e+00
1.63000e+03 5.2034994571e+03 4.6448974381e+00
1.63100e+03 5.2058854612e+03 1.9809089537e+00
1.63200e+03 5.2082999290e+03 8.9311664726e-01
1.63300e+03 5.2110500620e+03 1.6644158538e+00
1.63400e+03 5.2138241426e+03 1.6157054523e+00
1.63500e+03 5.2162186034e+03 9.0068014954e-01
1.63600e+03 5.2186210976e+03 8.8780594599e-01
1.63700e+03 5.2213611916e+03 1.6040506403e+00
1.63800e+03 5.2239547620e+03 1.7029595084e+00
1.63900e+03 5.2261890687e+03 4.4246771115e+00
1.64000e+03 5.2283705778e+03 4.3105856283e+00
1.64100e+03 5.2309663977e+03 4.1659587604e+00
1.64200e+03 5.2338107340e+03 1.6727023226e+00
1.64300e+03 5.2366083856e+03 1.7285872796e+00
1.64400e+03 5.2392080268e+03 4.1678635948e+00
1.64500e+03 5.2417657602e+03 1.6329431610e+00
1.64600e+03 5.2443884216e+03 1.6543304145e+00
1.64700e+03 5.2466571002e+03 5.3891909925e-01
1.64800e+03 5.2482455884e+03 2.3731211541e+00
1.64900e+03 5.2498056060e+03 2.4232229363e+00
1.65000e+03 5.2514117363e+03 1.7642191216e-02
1.65100e+03 5.2530054712e+03 5.1341928240e-02
1.65200e+03 5.2552788032e+03 2.3132344940e+00
1.65300e+03 5.2576225544e+03 2.3859937913e+00
1.65400e+03 5.2592322637e+03 3.5789502629e-03
1.65500e+03 5.2608165845e+03 4.1768166416e-01
1.65600e+03 5.2630906976e+03 7.0135749743e-01
1.65700e+03 5.2657725508e+03 1.3883596804e+00
1.65800e+03 5.2684639614e+03 1.4557205739e+00
1.65900e+03 5.2707842670e+03 6.7721060834e-01
1.66000e+03 5.2724067942e+03 1.2817912667e-02
1.66100e+03 5.2743633360e+03 1.8773949501e+00
1.66200e+03 5.2761125187e+03 9.4222791265e-01
1.66300e+03 5.2775030427e+03 9.2978168094e-01
1.66400e+03 5.2788597378e+03 2.3102312149e-01
1.66500e+03 5.2806294473e+03 3.9916450031e-01
1.66600e+03 5.2824531913e+03 3.2420404058e-01
1.66700e+03 5.2842346180e+03 3.1216260047e-01
1.66800e+03 5.2860749074e+03 2.9530504890e-01
1.66900e+03 5.2878675158e+03 2.8382803357e-01
1.67000e+03 5.2897165752e+03 2.1932769727e-01
1.67100e+03 5.2911956458e+03 1.4224544687e-01
1.67200e+03 5.2920687809e+03 1.1261253953e+00
1.67300e+03 5.2932931824e+03 2.5114238900e+00
1.67400e+03 5.2942350833e+03 9.6260504271e-01
1.67500e+03 5.2948131845e+03 6.5654954122e-01
1.67600e+03 5.2948864669e+03 2.9731430876e+00
1.67700e+03 5.2949821077e+03 1.0188158936e+00
1.67800e+03 5.2956167893e+03 1.7161734740e+00
1.67900e+03 5.2963254521e+03 1.8283155183e+00
1.68000e+03 5.2964587693e+03 2.7558730466e-01
1.68100e+03 5.2969705913e+03 1.6518006549e+00
1.68200e+03 5.2971351778e+03 7.7731439670e-01
1.68300e+03 5.2972549261e+03 2.8311897041e+00
1.68400e+03 5.2978904931e+03 1.7974805529e+00
1.68500e+03 5.2985298527e+03 6.7142084670e-01
1.68600e+03 5.2991441296e+03 2.1290115934e-02
1.68700e+03 5.2994001043e+03 1.5541234952e+00
1.68800e+03 5.2996486581e+03 2.1195077761e+00
1.68900e+03 5.2998880613e+03 1.6571371660e-02
1.69000e+03 5.3001436275e+03 9.5424088827e-03
1.69100e+03 5.3007598921e+03 2.3094950409e-02
1.69200e+03 5.3010010075e+03 2.4925079586e+00
1.69300e+03 5.3008601242e+03 8.4954612870e-01
1.69400e+03 5.3002682895e+03 8.4740086030e-01
1.69500e+03 5.2997079978e+03 7.9969497229e-01
1.69600e+03 5.2996143781e+03 3.5566598222e+00
1.69700e+03 5.2999118513e+03 1.6392269223e+00
1.69800e+03 5.3002541481e+03 7.4751522085e-01
1.69900e+03 5.3002074944e+03 3.4588735445e+00
1.70000e+03 5.2996836366e+03 2.4693984230e-02
1.70100e+03 5.2995400063e+03 1.7778884388e+00
1.70200e+03 5.2994268005e+03 3.0955021933e+00
1.70300e+03 5.2989763612e+03 3.4432507899e+00
1.70400e+03 5.2989414541e+03 1.5788750854e+00
1.70500e+03 5.2989642345e+03 6.6221110365e-01
1.70600e+03 5.2984664082e+03 1.7500791114e+00
1.70700e+03 5.2983515270e+03 2.1900405018e+00
1.70800e+03 5.2978136153e+03 1.9284212029e+00
1.70900e+03 5.2972205427e+03 3.9829525210e+00
1.71000e+03 5.2967302926e+03 3.0210892223e+00
1.71100e+03 5.2958605401e+03 1.7381839535e+00
1.71200e+03 5.2949614686e+03 4.8431339553e+00
1.71300e+03 5.2944443131e+03 7.5917116872e-02
1.71400e+03 5.2944580309e+03 3.1308130247e+00
1.71500e+03 5.2941182651e+03 2.3693007128e+00
1.71600e+03 5.2941686614e+03 1.0253090052e+00
1.71700e+03 5.2945916304e+03 2.1875577354e+00
1.71800e+03 5.2950416470e+03 7.9617900201e-01
1.71900e+03 5.2950913332e+03 1.6760623613e-02
1.72000e+03 5.2946503090e+03 2.1310483134e+00
1.72100e+03 5.2942147557e+03 2.2247047713e+00
1.72200e+03 5.2942358441e+03 9.1463220455e-01
1.72300e+03 5.2943110065e+03 2.1034411024e+00
1.72400e+03 5.2938595816e+03 1.0400651762e-02
1.72500e+03 5.2934228711e+03 1.1547426928e-02
1.72600e+03 5.2930165299e+03 4.5083553291e-02
1.72700e+03 5.2926143234e+03 7.9542481754e-02
1.72800e+03 5.2922258991e+03 1.7916960988e-02
1.72900e+03 5.2922042937e+03 3.9080235054e+00
1.73000e+03 5.2921898116e+03 3.9323153720e+00
1.73100e+03 5.2918246875e+03 5.4981378299e-02
1.73200e+03 5.2914480693e+03 3.8923092765e+00
1.73300e+03 5.2910667357e+03 1.7648862019e+00
1.73400e+03 5.2911324570e+03 1.2554129015e+00
1.73500e+03 5.2915692760e+03 1.7247945096e+00
1.73600e+03 5.2920357160e+03 2.0681703767e+00
1.73700e+03 5.2924272197e+03 2.1114175009e+00
1.73800e+03 5.2928746582e+03 1.9001517302e-02
1.73900e+03 5.2929278163e+03 2.9722911661e+00
1.74000e+03 5.2924964468e+03 5.4751313944e-02
1.74100e+03 5.2924370123e+03 3.8615583568e+00
1.74200e+03 5.2924030430e+03 2.5271219085e+00
1.74300e+03 5.2923961032e+03 5.2494759172e-02
1.74400e+03 5.2923778074e+03 1.5673394260e-02
1.74500e+03 5.2923806553e+03 9.7877201283e-03
1.74600e+03 5.2919021792e+03 3.8952334692e+00
1.74700e+03 5.2910415397e+03 9.1379759752e-01
1.74800e+03 5.2901695705e+03 4.7700663318e+00
1.74900e+03 5.2893636420e+03 8.8556834661e-01
1.75000e+03 5.2885179274e+03 2.6254619934e-02
1.75100e+03 5.2880553099e+03 3.4866946751e+00
1.75200e+03 5.2881145657e+03 7.7551654269e-02
1.75300e+03 5.2878201377e+03 2.1075311541e+00
1.75400e+03 5.2879217503e+03 7.8847441036e-01
1.75500e+03 5.2880663112e+03 9.5048950070e-01
1.75600e+03 5.2876729237e+03 3.7574946807e+00
1.75700e+03 5.2872866130e+03 3.8456199811e+00
1.75800e+03 5.2873659413e+03 9.2725482303e-01
1.75900e+03 5.2874955367e+03 3.6751125053e+00
1.76000e+03 5.2870891897e+03 1.2959436834e-02
1.76100e+03 5.2870606187e+03 2.5675357851e+00
1.76200e+03 5.2866149108e+03 3.5122048952e+00
1.76300e+03 5.2857815498e+03 9.6295637118e-01
1.76400e+03 5.2849351730e+03 3.6226506656e+00
1.76500e+03 5.2841539876e+03 5.4361090079e-02
1.76600e+03 5.2829465240e+03 3.3660849566e+00
1.76700e+03 5.2821491569e+03 7.6879603916e-01
1.76800e+03 5.2813863971e+03 5.4428529567e+00
1.76900e+03 5.2806655990e+03 4.7873451354e+00
1.77000e+03 5.2793982884e+03 8.2160267281e-01
1.77100e+03 5.2777433326e+03 4.2364894193e+00
1.77200e+03 5.2760898961e+03 8.0705961783e-01
1.77300e+03 5.2744997760e+03 6.4835754104e-02
1.77400e+03 5.2728795353e+03 3.3195780665e-02
1.77500e+03 5.2713160810e+03 2.6665777409e-02
1.77600e+03 5.2693922783e+03 2.8107269507e+00
1.77700e+03 5.2675299874e+03 5.7745077874e+00
1.77800e+03 5.2659940216e+03 8.4274847683e-02
1.77900e+03 5.2645062759e+03 7.6296315728e-01
1.78000e+03 5.2629609404e+03 9.3696119550e-03
1.78100e+03 5.2614582296e+03 2.4325336565e-02
1.78200e+03 5.2599102138e+03 2.6804080267e-03
1.78300e+03 5.2584098002e+03 3.8044254438e-04
1.78400e+03 5.2568663215e+03 4.5371319281e-03
1.78500e+03 5.2553714141e+03 1.0038736009e-02
1.78600e+03 5.2538338408e+03 5.9053465284e-03
1.78700e+03 5.2523449455e+03 1.1911569967e-02
1.78800e+03 5.2504834762e+03 3.3938636792e+00
1.78900e+03 5.2490410237e+03 1.2951503864e+00
1.79000e+03 5.2476270012e+03 6.7276757756e+00
1.79100e+03 5.2458879654e+03 2.0583970749e-01
1.79200e+03 5.2444209658e+03 7.0573798736e-02
1.79300e+03 5.2433196867e+03 6.2458826379e+00
1.79400e+03 5.2422705534e+03 6.0214594544e+00
1.79500e+03 5.2411396801e+03 6.0450321537e+00
1.79600e+03 5.2406054857e+03 8.7982811176e-01
1.79700e+03 5.2400739886e+03 4.9310443557e+00
1.79800e+03 5.2389682061e+03 7.1360043482e-01
1.79900e+03 5.2374531245e+03 4.4316925980e-02
1.80000e+03 5.2356138146e+03 2.0847429443e+00
1.80100e+03 5.2338209694e+03 1.6693846490e-02
1.80200e+03 5.2323468676e+03 6.8594174398e+00
1.80300e+03 5.2309190945e+03 6.7652495171e+00
1.80400e+03 5.2291017786e+03 3.8671136427e-02
1.80500e+03 5.2273288730e+03 6.8326185146e+00
1.80600e+03 5.2258795164e+03 5.4015634646e+00
1.80700e+03 5.2247947888e+03 4.6686894740e-01
1.80800e+03 5.2237618554e+03 4.8427847755e+00
1.80900e+03 5.2226479159e+03 2.9211864086e-02
1.81000e+03 5.2221283074e+03 4.9115273977e+00
1.81100e+03 5.2216112300e+03 4.8921961948e+00
1.81200e+03 5.2205215910e+03 8.5888253102e-02
1.81300e+03 5.2190224547e+03 6.9144252914e-01
1.81400e+03 5.2171973950e+03 6.8335296683e+00
1.81500e+03 5.2154183729e+03 5.4022783186e+00
1.81600e+03 5.2136633464e+03 2.1212283633e+00
1.81700e+03 5.2119297622e+03 4.5437926527e-02
1.81800e+03 5.2102001847e+03 2.5448958335e-02
1.81900e+03 5.2088512839e+03 8.3182335150e-01
1.82000e+03 5.2075002588e+03 6.5497121213e+00
1.82100e+03 5.2061826761e+03 1.1194205695e+00
1.82200e+03 5.2042363759e+03 8.5666121099e-01
1.82300e+03 5.2018891464e+03 5.6241757537e+00
1.82400e+03 5.1995463333e+03 4.5623709009e-01
1.82500e+03 5.1972581076e+03 3.9677707169e-01
1.82600e+03 5.1949423975e+03 2.7103018163e-02
1.82700e+03 5.1929933644e+03 7.7482527060e+00
1.82800e+03 5.1917020961e+03 1.0585442683e+00
1.82900e+03 5.1904508205e+03 7.8949744428e-01
1.83000e+03 5.1885664965e+03 7.6785281719e+00
1.83100e+03 5.1862671649e+03 1.5969922556e-02
1.83200e+03 5.1839646552e+03 7.7273040111e+00
1.83300e+03 5.1817117019e+03 3.6692139227e+00
1.83400e+03 5.1794271901e+03 1.7997838105e-02
1.83500e+03 5.1775068660e+03 5.5653958558e+00
1.83600e+03 5.1762385736e+03 7.6573215901e-01
1.83700e+03 5.1746405302e+03 4.0087564033e+00
1.83800e+03 5.1730017944e+03 2.6471588538e+00
1.83900e+03 5.1713605405e+03 2.6877221416e+00
1.84000e+03 5.1700130736e+03 3.4471194299e+00
1.84100e+03 5.1690161666e+03 1.5845062613e-01
1.84200e+03 5.1685673711e+03 8.1949689291e-01
1.84300e+03 5.1677507649e+03 8.2464767050e-01
1.84400e+03 5.1672528651e+03 8.4956712096e-01
1.84500e+03 5.1671070152e+03 1.6697344950e+00
1.84600e+03 5.1674247519e+03 7.6653222588e-01
1.84700e+03 5.1673524421e+03 7.4429640227e-01
1.84800e+03 5.1672278362e+03 1.5141299468e+00
1.84900e+03 5.1674399966e+03 3.3111923202e+00
1.85000e+03 5.1676402729e+03 3.4253415019e+00
1.85100e+03 5.1678426101e+03 2.9060444812e+00
1.85200e+03 5.1680188934e+03 2.2607402712e+00
1.85300e+03 5.1682016754e+03 1.9555183096e-02
1.85400e+03 5.1683603948e+03 1.7563845746e-02
1.85500e+03 5.1681584163e+03 1.3829470809e+00
1.85600e+03 5.1683773460e+03 1.3675203503e+00
1.85700e+03 5.1686440234e+03 1.3877348871e+00
1.85800e+03 5.1683605325e+03 4.3219492789e+00
1.85900e+03 5.1684477225e+03 9.5592040802e-02
1.86000e+03 5.1681212135e+03 1.4400021484e+00
1.86100e+03 5.1674053694e+03 5.0654322251e+00
1.86200e+03 5.1662918348e+03 8.3004365960e-01
1.86300e+03 5.1655820700e+03 2.2355169254e+00
1.86400e+03 5.1643892645e+03 1.6019529730e+00
1.86500e+03 5.1631412021e+03 6.0343888578e+00
1.86600e+03 5.1625338709e+03 6.1551357950e-01
1.86700e+03 5.1619530127e+03 6.1935391569e-01
1.86800e+03 5.1613360702e+03 9.6113664858e-03
1.86900e+03 5.1607391142e+03 2.5699466976e-02
1.87000e+03 5.1601178113e+03 4.3603983281e-03
1.87100e+03 5.1591500365e+03 4.8487069609e+00
1.87200e+03 5.1581637924e+03 4.7165677922e+00
1.87300e+03 5.1575473627e+03 2.3829767055e-02
1.87400e+03 5.1564111521e+03 4.2681155602e+00
1.87500e+03 5.1552058018e+03 6.4365246823e-01
1.87600e+03 5.1546340963e+03 4.7942608944e+00
1.87700e+03 5.1537138814e+03 4.7559878384e-02
1.87800e+03 5.1527557369e+03 7.5612009980e-02
1.87900e+03 5.1517904330e+03 4.5089008021e-02
1.88000e+03 5.1508231695e+03 5.4162973116e-02
1.88100e+03 5.1502226332e+03 4.7735732939e+00
1.88200e+03 5.1491047894e+03 1.8366858536e-02
1.88300e+03 5.1479149820e+03 4.7739238407e+00
1.88400e+03 5.1473548262e+03 1.4018223245e-02
1.88500e+03 5.1468122636e+03 7.1977890385e-02
1.88600e+03 5.1462285154e+03 2.3592447829e-02
1.88700e+03 5.1452896018e+03 2.6390312389e-02
1.88800e+03 5.1443275407e+03 3.1566317234e-02
1.88900e+03 5.1437316141e+03 7.6932816881e-02
1.89000e+03 5.1426149509e+03 1.1806150674e-03
1.89100e+03 5.1410986824e+03 8.0042435056e-01
1.89200e+03 5.1392575982e+03 8.7902310083e-01
1.89300e+03 5.1374697806e+03 8.4890405085e-01
1.89400e+03 5.1360102938e+03 6.8027508611e+00
1.89500e+03 5.1349230586e+03 9.3007591027e-02
1.89600e+03 5.1344039996e+03 7.5700208647e-01
1.89700e+03 5.1338963617e+03 1.9513225071e-01
1.89800e+03 5.1328238456e+03 7.5547680698e-01
1.89900e+03 5.1313433630e+03 6.5651773781e+00
1.90000e+03 5.1298475267e+03 4.9735961665e+00
1.90100e+03 5.1284050553e+03 3.8011273625e-02
1.90200e+03 5.1269224854e+03 1.3266414867e-02
1.90300e+03 5.1254905781e+03 1.0564075796e-02
1.90400e+03 5.1240164734e+03 8.4651453351e-03
1.90500e+03 5.1225922084e+03 7.6423307353e-03
1.90600e+03 5.1207901290e+03 8.0905038785e-01
1.90700e+03 5.1190419869e+03 7.3695289718e+00
1.90800e+03 5.1176264227e+03 5.8540536651e-02
1.90900e+03 5.1165793059e+03 7.1612676481e-01
1.91000e+03 5.1155847943e+03 5.5746527787e+00
1.91100e+03 5.1145101672e+03 2.7510232412e-02
1.91200e+03 5.1140259017e+03 4.3352952631e+00
1.91300e+03 5.1131778354e+03 9.0007578103e-01
1.91400e+03 5.1126476163e+03 1.4245175124e-01
1.91500e+03 5.1124768124e+03 3.4271368084e+00
1.91600e+03 5.1127753389e+03 7.8279200594e-01
1.91700e+03 5.1130541496e+03 3.2353262335e+00
1.91800e+03 5.1132821602e+03 2.1634108299e+00
1.91900e+03 5.1131349484e+03 7.0085444273e-01
1.92000e+03 5.1129609441e+03 4.1347549519e+00
1.92100e+03 5.1127678941e+03 4.1764584112e+00
1.92200e+03 5.1125750091e+03 1.8582303379e+00
1.92300e+03 5.1127370837e+03 2.2779835531e+00
1.92400e+03 5.1128988573e+03 3.4811385711e+00
1.92500e+03 5.1127009003e+03 7.1517782249e-03
1.92600e+03 5.1129294381e+03 6.3553817792e-02
1.92700e+03 5.1132051513e+03 3.3046184498e+00
1.92800e+03 5.1133923706e+03 2.6427174393e+00
1.92900e+03 5.1136227794e+03 1.8359414725e+00
1.93000e+03 5.1133182362e+03 2.3873637624e+00
1.93100e+03 5.1130272317e+03 2.7966124891e+00
1.93200e+03 5.1127666535e+03 4.3964971844e-02
1.93300e+03 5.1128760414e+03 1.9346385599e-01
1.93400e+03 5.1129941691e+03 2.3691627822e-01
1.93500e+03 5.1131291487e+03 2.5591673036e-02
1.93600e+03 5.1132483041e+03 2.6593773426e-02
1.93700e+03 5.1133827154e+03 5.6835549844e-04
1.93800e+03 5.1130451329e+03 2.7942633029e+00
1.93900e+03 5.1123234902e+03 1.8014891775e+00
1.94000e+03 5.1112067284e+03 1.0244557067e+00
1.94100e+03 5.1104940189e+03 3.6385897394e+00
1.94200e+03 5.1098150052e+03 3.4886520545e+00
1.94300e+03 5.1088070640e+03 7.1693673380e-01
1.94400e+03 5.1077919546e+03 3.3044825381e+00
1.94500e+03 5.1067852792e+03 1.2658969570e-03
1.94600e+03 5.1061605846e+03 8.1191400016e-01
1.94700e+03 5.1055800986e+03 6.6994536374e-01
1.94800e+03 5.1049251031e+03 3.0300771623e-02
1.94900e+03 5.1043137114e+03 6.1176215964e-02
1.95000e+03 5.1032448582e+03 5.2479188494e-02
1.95100e+03 5.1022103976e+03 8.6915780209e-01
1.95200e+03 5.1015829479e+03 2.7545732029e-02
1.95300e+03 5.1010049042e+03 6.0866261361e-02
1.95400e+03 5.1003551200e+03 2.2334463723e-02
1.95500e+03 5.0997499318e+03 4.9456619458e-02
1.95600e+03 5.0986875370e+03 2.2362250033e-01
1.95700e+03 5.0976592157e+03 1.1345407813e-02
1.95800e+03 5.0966606115e+03 6.3790664923e-02
1.95900e+03 5.0960417145e+03 9.3812486144e-02
1.96000e+03 5.0949179561e+03 7.8617592480e-01
1.96100e+03 5.0933966351e+03 9.1613282968e-01
1.96200e+03 5.0918683966e+03 8.7845436739e-01
1.96300e+03 5.0903996993e+03 8.2495217430e-01
1.96400e+03 5.0885648668e+03 7.4250955617e-01
1.96500e+03 5.0867883568e+03 1.6257646779e+00
1.96600e+03 5.0853458039e+03 8.5685602700e-02
1.96700e+03 5.0839515746e+03 1.6006796088e-01
1.96800e+03 5.0824980461e+03 1.0975602528e-02
1.96900e+03 5.0814066329e+03 6.0174834449e+00
1.97000e+03 5.0808883499e+03 6.9058662515e-01
1.97100e+03 5.0800223101e+03 9.8510560573e-01
1.97200e+03 5.0791169584e+03 9.2948075812e-01
1.97300e+03 5.0785679673e+03 7.1548390207e-01
1.97400e+03 5.0775012643e+03 5.9544106245e+00
1.97500e+03 5.0760293773e+03 8.8622365496e-02
1.97600e+03 5.0742264982e+03 1.6122958071e+00
1.97700e+03 5.0728377905e+03 4.9849097191e+00
1.97800e+03 5.0708911134e+03 8.7997397233e-01
1.97900e+03 5.0685488347e+03 8.7039175742e-01
1.98000e+03 5.0659669874e+03 1.4248106737e+00
1.98100e+03 5.0638234916e+03 7.5478806544e-01
1.98200e+03 5.0610504571e+03 8.2635749164e-01
1.98300e+03 5.0582144689e+03 5.8897680111e+00
1.98400e+03 5.0561652184e+03 2.8915783717e+00
1.98500e+03 5.0541750078e+03 2.7354016348e+00
1.98600e+03 5.0514738861e+03 1.5068126366e+00
1.98700e+03 5.0483598672e+03 7.7174024135e-01
1.98800e+03 5.0450766798e+03 7.0134011511e-01
1.98900e+03 5.0418782521e+03 2.3323879596e+00
1.99000e+03 5.0388568792e+03 9.9290043487e+00
1.99100e+03 5.0358754855e+03 7.8045172764e+00
1.99200e+03 5.0328529077e+03 3.5353890444e+00
1.99300e+03 5.0301796307e+03 2.7259756465e+00
1.99400e+03 5.0282278561e+03 2.2325797581e+00
1.99500e+03 5.0263268509e+03 2.0353018197e+00
1.99600e+03 5.0237199133e+03 6.9342183105e+00
1.99700e+03 5.0210246267e+03 2.2523568021e+00
1.99800e+03 5.0184387187e+03 1.5182492740e+00
1.99900e+03 5.0154417154e+03 1.5609553835e-02
2.00000e+03 5.0122468535e+03 2.2417300746e+00
