0.00000e+00 0.0000000000e+00 0.0000000000e+00
1.00000e+00 9.6590798473e+01 9.6590798473e+01
2.00000e+00 1.9630026463e+02 9.9709466161e+01
3.00000e+00 3.0329335919e+02 1.0699309455e+02
4.00000e+00 4.0576901735e+02 1.9896986584e+02
5.00000e+00 4.9469718438e+02 9.1947125244e+01
6.00000e+00 5.8415848390e+02 2.7781068531e+02
7.00000e+00 6.8742975124e+02 3.0204216332e+02
8.00000e+00 7.9495407047e+02 2.1441042069e+02
9.00000e+00 8.9489351316e+02 3.7747231732e+02
1.00000e+01 9.9446488931e+02 3.7695675499e+02
1.10000e+01 1.0943220763e+03 1.9857442457e+02
1.20000e+01 1.1908653390e+03 1.2047269857e+02
1.30000e+01 1.3019101327e+03 2.3198640628e+01
1.40000e+01 1.4171188877e+03 4.7626902947e+02
1.50000e+01 1.5317184312e+03 6.9759521963e+02
1.60000e+01 1.6417086039e+03 2.3593587003e+02
1.70000e+01 1.7373947304e+03 3.8333775769e+02
1.80000e+01 1.8336078943e+03 2.6923358578e+02
1.90000e+01 1.9443700654e+03 4.7551013782e+02
2.00000e+01 2.0593588307e+03 2.2809304106e+02
2.10000e+01 2.1737845476e+03 2.2769112140e+02
2.20000e+01 2.2836324546e+03 4.7489236198e+02
2.30000e+01 2.3792107722e+03 1.9055208892e+02
2.40000e+01 2.4783801765e+03 6.5375033930e+02
2.50000e+01 2.5849635709e+03 7.8423224984e+00
2.60000e+01 2.6917989642e+03 2.1147557806e+02
2.70000e+01 2.7983391847e+03 2.1122092857e+02
2.80000e+01 2.9050929343e+03 2.1092806402e+02
2.90000e+01 3.0115817683e+03 2.1066574942e+02
3.00000e+01 3.1136315106e+03 7.7981646684e+00
3.10000e+01 3.2157145452e+03 6.4116705000e+02
3.20000e+01 3.3226006601e+03 2.1058744887e+02
3.30000e+01 3.4221364600e+03 6.5277520191e+02
3.40000e+01 3.5183537957e+03 8.6917643985e+02
3.50000e+01 3.6291062132e+03 2.1904624427e+02
3.60000e+01 3.7393910190e+03 8.6758814440e+02
3.70000e+01 3.8494023233e+03 2.1686555784e+02
3.80000e+01 3.9640694938e+03 7.7810556058e+00
3.90000e+01 4.0782940927e+03 4.3571929731e+02
4.00000e+01 4.1879928336e+03 2.1606262745e+02
4.10000e+01 4.2976457395e+03 2.1548816628e+02
4.20000e+01 4.4120641225e+03 4.3503479055e+02
4.30000e+01 4.5183498872e+03 4.1262053701e+02
4.40000e+01 4.6213027246e+03 6.5748407006e+02
4.50000e+01 4.7395268854e+03 1.7491049578e+01
4.60000e+01 4.8619355625e+03 7.9902940775e+00
4.70000e+01 4.9752304675e+03 6.6383572623e+02
4.80000e+01 5.0850867523e+03 2.4377006011e+01
4.90000e+01 5.1951293636e+03 1.5639507721e+03
5.00000e+01 5.3051640801e+03 2.1553239475e+02
5.10000e+01 5.4310683096e+03 1.5662372433e+01
5.20000e+01 5.5610632343e+03 4.3039813118e+02
5.30000e+01 5.6811320124e+03 2.4644336452e+02
5.40000e+01 5.7977352002e+03 6.5684713215e+00
5.50000e+01 5.9145183582e+03 2.2861931190e+02
5.60000e+01 6.0343227467e+03 1.5385576779e+03
5.70000e+01 6.1543138622e+03 2.3457480819e+02
5.80000e+01 6.2708964581e+03 2.2837010062e+02
5.90000e+01 6.4041576427e+03 4.3732468815e+02
6.00000e+01 6.5415145930e+03 4.8789918009e+02
6.10000e+01 6.6682074790e+03 6.7529331294e+00
6.20000e+01 6.7944889709e+03 2.4756351704e+02
6.30000e+01 6.9310700767e+03 1.1724841840e+03
6.40000e+01 7.0630840411e+03 7.0759553361e+02
6.50000e+01 7.1949163990e+03 4.8598245428e+02
6.60000e+01 7.3314910047e+03 2.6718031713e+02
6.70000e+01 7.4576922532e+03 2.4677315326e+02
6.80000e+01 7.5805529700e+03 5.0056401061e+02
6.90000e+01 7.7208926739e+03 2.7542048280e+02
7.00000e+01 7.8653777424e+03 7.9104628327e+00
7.10000e+01 7.9985121327e+03 2.5973179753e+02
7.20000e+01 8.1282112728e+03 2.8198348568e+02
7.30000e+01 8.2581424298e+03 1.0230546783e+03
7.40000e+01 8.3910934134e+03 5.1266793758e+02
7.50000e+01 8.5242590938e+03 2.8173279232e+02
7.60000e+01 8.6539974973e+03 2.5263993497e+02
7.70000e+01 8.8018748909e+03 1.5440242032e+01
7.80000e+01 8.9491458063e+03 1.0284991568e+03
7.90000e+01 9.0959650129e+03 5.2420360729e+02
8.00000e+01 9.2474222314e+03 5.3320517379e+02
8.10000e+01 9.3869542714e+03 2.5875365462e+02
8.20000e+01 9.5231108122e+03 2.9292167110e+02
8.30000e+01 9.6782012266e+03 1.5681382139e+01
8.40000e+01 9.8374014262e+03 2.6623788212e+02
8.50000e+01 9.9837519857e+03 2.9944726893e+02
8.60000e+01 1.0126661360e+04 2.2418534787e+01
8.70000e+01 1.0269825911e+04 5.8064555408e+02
8.80000e+01 1.0415987373e+04 8.5230426026e+02
8.90000e+01 1.0574530308e+04 1.0954211314e+03
9.00000e+01 1.0733104221e+04 3.0897149905e+02
9.10000e+01 1.0879060083e+04 2.8369632576e+02
9.20000e+01 1.1021665554e+04 2.7759177070e+02
9.30000e+01 1.1164577975e+04 2.7706204972e+02
9.40000e+01 1.1310521881e+04 2.8319507370e+02
9.50000e+01 1.1456724206e+04 2.8315834069e+02
9.60000e+01 1.1599497217e+04 2.7695252721e+02
9.70000e+01 1.1761866869e+04 5.8191340979e+02
9.80000e+01 1.1928296614e+04 5.6369367976e+02
9.90000e+01 1.2081134647e+04 1.6018676661e+01
1.00000e+02 1.2233583847e+04 3.0538313436e+02
1.01000e+02 1.2386415326e+04 2.9568823005e+02
1.02000e+02 1.2535835007e+04 3.3297504856e+01
1.03000e+02 1.2685491084e+04 5.7911401370e+02
1.04000e+02 1.2838122221e+04 2.9557447798e+02
1.05000e+02 1.3003845402e+04 8.7897276004e+02
1.06000e+02 1.3169589199e+04 3.2156999102e+02
1.07000e+02 1.3321997037e+04 2.9485526195e+02
1.08000e+02 1.3474114726e+04 2.9404695966e+02
1.09000e+02 1.3626673283e+04 2.9390363190e+02
1.10000e+02 1.3775860898e+04 5.5165199852e+02
1.11000e+02 1.3945391094e+04 8.9153895132e+02
1.12000e+02 1.4118991336e+04 5.8516584048e+02
1.13000e+02 1.4278289056e+04 6.7391621543e+00
1.14000e+02 1.4434155182e+04 3.4544185881e+02
1.15000e+02 1.4590311141e+04 6.4026607033e+02
1.16000e+02 1.4746396533e+04 3.0108172205e+02
1.17000e+02 1.4923448713e+04 5.9210265797e+02
1.18000e+02 1.5104507008e+04 1.4190476618e+01
1.19000e+02 1.5270482125e+04 3.5219240883e+02
1.20000e+02 1.5433008930e+04 2.9708951245e+02
1.21000e+02 1.5595830179e+04 6.0423835232e+02
1.22000e+02 1.5761614756e+04 6.6584925578e+02
1.23000e+02 1.5941950848e+04 9.3461829209e+02
1.24000e+02 1.6122283144e+04 3.5111421782e+02
1.25000e+02 1.6301989347e+04 3.5013321474e+02
1.26000e+02 1.6481887837e+04 3.4715091331e+02
1.27000e+02 1.6647141020e+04 3.1894646138e+02
1.28000e+02 1.6809124408e+04 3.1244259866e+02
1.29000e+02 1.6971504173e+04 3.1168867162e+02
1.30000e+02 1.7133865732e+04 3.1175515340e+02
1.31000e+02 1.7296432077e+04 3.1162997954e+02
1.32000e+02 1.7461952968e+04 3.4732103416e+02
1.33000e+02 1.7642006750e+04 3.4715134165e+02
1.34000e+02 1.7817399403e+04 3.3294617842e+03
1.35000e+02 1.7992470883e+04 1.2731481938e+03
1.36000e+02 1.8167642509e+04 3.3597267092e+02
1.37000e+02 1.8321985743e+04 8.2231112843e+00
1.38000e+02 1.8479974283e+04 3.3927183961e+02
1.39000e+02 1.8638488686e+04 6.7916750093e+02
1.40000e+02 1.8796750757e+04 3.0300046756e+02
1.41000e+02 1.8968945590e+04 8.9116349183e+02
1.42000e+02 1.9141257423e+04 1.2294898620e+03
1.43000e+02 1.9313046256e+04 3.2883193087e+02
1.44000e+02 1.9480411937e+04 7.8059455443e+00
1.45000e+02 1.9627819189e+04 3.8097018376e+02
1.46000e+02 1.9778920531e+04 9.0888776095e+02
1.47000e+02 1.9943298294e+04 7.4110694409e+00
1.48000e+02 2.0103226952e+04 2.8743605498e+01
1.49000e+02 2.0243907606e+04 9.0125227408e+02
1.50000e+02 2.0388273881e+04 1.4138724402e+01
1.51000e+02 2.0545171072e+04 7.4805721623e+00
1.52000e+02 2.0697635617e+04 8.9288690798e+02
1.53000e+02 2.0831613526e+04 2.0827330289e+01
1.54000e+02 2.0969280096e+04 1.4172796330e+01
1.55000e+02 2.1107469379e+04 1.1620680112e+03
1.56000e+02 2.1242417205e+04 1.5358234604e+03
1.57000e+02 2.1396227428e+04 1.2272861852e+03
1.58000e+02 2.1549531457e+04 2.9036673433e+02
1.59000e+02 2.1684032175e+04 2.5304999316e+02
1.60000e+02 2.1822089574e+04 2.6012503081e+02
1.61000e+02 2.1971879191e+04 8.6664160583e+02
1.62000e+02 2.2117190234e+04 7.9929871032e+00
1.63000e+02 2.2244701648e+04 6.9893031710e+00
1.64000e+02 2.2375873708e+04 5.9915542185e+02
1.65000e+02 2.2518083019e+04 1.5565300040e+01
1.66000e+02 2.2660536958e+04 1.1339936844e+03
1.67000e+02 2.2792119456e+04 8.5181438722e+02
1.68000e+02 2.2923493716e+04 2.4512401277e+02
1.69000e+02 2.3065894356e+04 2.6728683328e+02
1.70000e+02 2.3203834209e+04 7.3711886230e+00
1.71000e+02 2.3341670143e+04 5.3321258961e+02
1.72000e+02 2.3484329223e+04 2.6722468795e+02
1.73000e+02 2.3616062682e+04 2.4502984947e+02
1.74000e+02 2.3744515205e+04 8.3651782696e+02
1.75000e+02 2.3891125512e+04 2.7573183644e+02
1.76000e+02 2.4041919737e+04 2.4637196464e+02
1.77000e+02 2.4192046042e+04 5.2080872167e+02
1.78000e+02 2.4337630998e+04 8.1578058328e+02
1.79000e+02 2.4483073789e+04 2.7238050112e+02
1.80000e+02 2.4628644444e+04 2.7209381981e+02
1.81000e+02 2.4756378112e+04 8.3683650721e+02
1.82000e+02 2.4887749470e+04 5.2683301064e+02
1.83000e+02 2.5019587092e+04 5.2641034036e+02
1.84000e+02 2.5148156174e+04 5.4768078402e+02
1.85000e+02 2.5294850135e+04 2.7307289618e+02
1.86000e+02 2.5445704709e+04 5.2594427815e+02
1.87000e+02 2.5584592627e+04 2.6944277626e+01
1.88000e+02 2.5720075370e+04 2.7971348503e+02
1.89000e+02 2.5874414265e+04 2.3381911731e+02
1.90000e+02 2.6032872819e+04 3.4521313864e+01
1.91000e+02 2.6178568842e+04 2.8624187653e+02
1.92000e+02 2.6320838372e+04 2.4037208442e+02
1.93000e+02 2.6482702373e+04 4.2011899525e+01
1.94000e+02 2.6643973884e+04 5.6405586484e+02
1.95000e+02 2.6785577675e+04 1.0796357649e+03
1.96000e+02 2.6927633758e+04 2.6319450695e+02
1.97000e+02 2.7089301397e+04 3.0263446949e+02
1.98000e+02 2.7250413598e+04 3.0217252580e+02
1.99000e+02 2.7391899720e+04 2.6281364270e+02
2.00000e+02 2.7533858857e+04 2.6245388323e+02
2.01000e+02 2.7695435101e+04 3.0177895841e+02
2.02000e+02 2.7856468291e+04 3.0139816792e+02
2.03000e+02 2.7997892078e+04 2.6212909498e+02
2.04000e+02 2.8142849054e+04 5.7029142321e+02
2.05000e+02 2.8288239325e+04 7.6494870267e+02
2.06000e+02 2.8430298015e+04 2.6196651730e+02
2.07000e+02 2.8572633413e+04 2.6261616264e+02
2.08000e+02 2.8718000308e+04 7.6459367273e+02
2.09000e+02 2.8875699261e+04 1.4732757292e+03
2.10000e+02 2.9028795007e+04 3.9646294881e+02
2.11000e+02 2.9163240750e+04 6.2620231898e-01
2.12000e+02 2.9301301282e+04 1.4360653222e+02
2.13000e+02 2.9451124373e+04 3.8819062465e+02
2.14000e+02 2.9601153034e+04 1.5804248234e+03
2.15000e+02 2.9739525341e+04 4.0541296564e+02
2.16000e+02 2.9877673009e+04 3.8788956972e+02
2.17000e+02 3.0016280845e+04 3.8773720829e+02
2.18000e+02 3.0151580666e+04 2.5496910226e+02
2.19000e+02 3.0305725230e+04 9.6671153265e+02
2.20000e+02 3.0464002753e+04 2.6189055789e+02
2.21000e+02 3.0609548868e+04 6.9382798537e+00
2.22000e+02 3.0751681528e+04 5.6880284340e+02
2.23000e+02 3.0894094373e+04 8.2365182270e+02
2.24000e+02 3.1039531267e+04 2.6786226234e+02
2.25000e+02 3.1185223912e+04 2.8486664400e+02
2.26000e+02 3.1330542775e+04 2.8446374649e+02
2.27000e+02 3.1488265687e+04 5.4650844547e+02
2.28000e+02 3.1641396370e+04 8.2223753143e+02
2.29000e+02 3.1775872879e+04 2.5911723195e+02
2.30000e+02 3.1913959522e+04 6.4250968819e+00
2.31000e+02 3.2063807155e+04 2.7493138997e+02
2.32000e+02 3.2213856322e+04 5.5874834465e+02
2.33000e+02 3.2352243871e+04 2.5332980029e+02
2.34000e+02 3.2487347945e+04 5.1268769497e+02
2.35000e+02 3.2641349157e+04 8.1967491269e+02
2.36000e+02 3.2799523718e+04 8.1253941267e+00
2.37000e+02 3.2957008639e+04 2.9113748327e+02
2.38000e+02 3.3109951587e+04 5.5780933701e+02
2.39000e+02 3.3244320848e+04 2.4501419079e+02
2.40000e+02 3.3379276480e+04 2.9899051507e+02
2.41000e+02 3.3533141909e+04 2.8173281754e+02
2.42000e+02 3.3686528562e+04 2.8189478960e+02
2.43000e+02 3.3821112187e+04 2.9890588831e+02
2.44000e+02 3.3959249185e+04 5.6555315923e+02
2.45000e+02 3.4109121974e+04 5.4775209602e+02
2.46000e+02 3.4254508761e+04 7.9998659431e+00
2.47000e+02 3.4382080912e+04 7.7444964763e+00
2.48000e+02 3.4510252801e+04 2.7466734170e+02
2.49000e+02 3.4638790112e+04 2.6060186471e+02
2.50000e+02 3.4770470429e+04 5.4074766307e+02
2.51000e+02 3.4913035829e+04 1.5299255805e+01
2.52000e+02 3.5051073554e+04 2.2351506977e+02
2.53000e+02 3.5188971370e+04 4.8094497048e+02
2.54000e+02 3.5331671049e+04 8.0729185104e+02
2.55000e+02 3.5473953685e+04 2.5882943386e+02
2.56000e+02 3.5616468587e+04 2.5838582811e+02
2.57000e+02 3.5758642268e+04 2.5801848753e+02
2.58000e+02 3.5896421596e+04 2.4934149685e+02
2.59000e+02 3.6034169060e+04 2.9379773390e+02
2.60000e+02 3.6172093289e+04 2.9364883629e+02
2.61000e+02 3.6292980859e+04 2.7292047097e+02
2.62000e+02 3.6417527191e+04 4.9391313118e+02
2.63000e+02 3.6552374820e+04 2.4117320576e+02
2.64000e+02 3.6687476608e+04 4.9127938731e+02
2.65000e+02 3.6812447534e+04 1.5851971162e+03
2.66000e+02 3.6937204956e+04 2.4114312352e+02
2.67000e+02 3.7072248891e+04 2.4248515606e+02
2.68000e+02 3.7207509256e+04 2.4240124745e+02
2.69000e+02 3.7342394260e+04 2.4199991559e+02
2.70000e+02 3.7472856349e+04 7.4621386129e+00
2.71000e+02 3.7587069971e+04 7.2764724954e+02
2.72000e+02 3.7701905647e+04 1.2170950719e+03
2.73000e+02 3.7833446471e+04 7.2674031408e+02
2.74000e+02 3.7969250512e+04 2.4230159173e+02
2.75000e+02 3.8104479827e+04 2.4240360116e+02
2.76000e+02 3.8235190671e+04 7.2626232841e+02
2.77000e+02 3.8349578721e+04 2.0116099508e+02
2.78000e+02 3.8467607673e+04 7.1943331296e+02
2.79000e+02 3.8586081272e+04 9.5311853437e+02
2.80000e+02 3.8704365431e+04 2.0745380804e+02
2.81000e+02 3.8832163841e+04 7.4309053870e+00
2.82000e+02 3.8960163806e+04 4.4155572318e+02
2.83000e+02 3.9087800699e+04 4.4095265083e+02
2.84000e+02 3.9211001210e+04 7.5103336456e+00
2.85000e+02 3.9318673171e+04 7.1825757785e+02
2.86000e+02 3.9426958234e+04 9.1194854131e+02
2.87000e+02 3.9551212017e+04 6.7588641649e+02
2.88000e+02 3.9679731493e+04 2.2640913356e+02
2.89000e+02 3.9798580475e+04 3.9368466196e+02
2.90000e+02 3.9914050976e+04 3.3447064267e+01
2.91000e+02 4.0046172191e+04 2.3405015548e+02
2.92000e+02 4.0182461185e+04 1.7517087198e+02
2.93000e+02 4.0308240021e+04 4.0343471198e+01
2.94000e+02 4.0430597023e+04 2.4070260675e+02
2.95000e+02 4.0570333340e+04 1.8261080343e+02
2.96000e+02 4.0714194199e+04 4.7874992844e+01
2.97000e+02 4.0857359892e+04 4.6453434351e+02
2.98000e+02 4.1000604372e+04 2.5574894782e+02
2.99000e+02 4.1132827544e+04 2.4690623968e+02
3.00000e+02 4.1261720620e+04 1.8896426604e+02
3.01000e+02 4.1408770564e+04 3.1063394484e+02
3.02000e+02 4.1559962156e+04 7.9471117106e+00
3.03000e+02 4.1699131410e+04 1.9572138424e+02
3.04000e+02 4.1837923065e+04 8.9628659759e+02
3.05000e+02 4.1988433771e+04 2.7077737696e+02
3.06000e+02 4.2134378619e+04 1.4245224758e+03
3.07000e+02 4.2280116440e+04 2.6024449904e+02
3.08000e+02 4.2430620781e+04 2.6981934919e+02
3.09000e+02 4.2569368015e+04 2.4625454176e+02
3.10000e+02 4.2707849029e+04 2.4569764650e+02
3.11000e+02 4.2858088250e+04 2.6927804414e+02
3.12000e+02 4.3003809434e+04 2.5976059085e+02
3.13000e+02 4.3149359096e+04 2.5931267097e+02
3.14000e+02 4.3299700359e+04 2.6884568799e+02
3.15000e+02 4.3449582793e+04 2.6822005566e+02
3.16000e+02 4.3599690348e+04 2.6771812741e+02
3.17000e+02 4.3738168615e+04 2.4518298260e+02
3.18000e+02 4.3873380868e+04 8.3568010058e+02
3.19000e+02 4.4027503592e+04 3.0103155496e+02
3.20000e+02 4.4185796502e+04 8.1853556383e+00
3.21000e+02 4.4343394332e+04 2.8334297491e+02
3.22000e+02 4.4501112070e+04 2.8248446001e+02
3.23000e+02 4.4658371335e+04 2.8186341030e+02
3.24000e+02 4.4811192535e+04 5.6688389811e+02
3.25000e+02 4.4945500853e+04 1.5101945271e+03
3.26000e+02 4.5080423782e+04 3.0044119970e+02
3.27000e+02 4.5234270891e+04 2.9010353090e+02
3.28000e+02 4.5392332317e+04 2.8192523403e+02
3.29000e+02 4.5537729659e+04 6.4977574218e+02
3.30000e+02 4.5682798391e+04 9.4686814195e+02
3.31000e+02 4.5840334037e+04 2.8191969121e+02
3.32000e+02 4.5997994639e+04 2.8123694751e+02
3.33000e+02 4.6155165016e+04 2.8059044082e+02
3.34000e+02 4.6307887865e+04 2.8971507583e+02
3.35000e+02 4.6442106607e+04 6.0311578800e+02
3.36000e+02 4.6579993196e+04 5.5476547828e+02
3.37000e+02 4.6729660657e+04 7.5029159345e+00
3.38000e+02 4.6874885761e+04 2.4128846201e+02
3.39000e+02 4.7002338131e+04 5.4744434083e+02
3.40000e+02 4.7130409803e+04 1.0786452726e+03
3.41000e+02 4.7276656205e+04 5.5499831200e+02
3.42000e+02 4.7427138952e+04 2.6563658305e+02
3.43000e+02 4.7565737459e+04 1.0707677930e+03
3.44000e+02 4.7700965209e+04 7.1560783240e+00
3.45000e+02 4.7855048335e+04 2.7320767100e+02
3.46000e+02 4.8013271618e+04 4.7676869425e+02
3.47000e+02 4.8158770026e+04 1.4048822271e+01
3.48000e+02 4.8303906713e+04 4.8281761763e+02
3.49000e+02 4.8461491476e+04 7.4958017463e+02
3.50000e+02 4.8614513721e+04 5.8638871072e+02
3.51000e+02 4.8748906241e+04 4.8927495055e+02
3.52000e+02 4.8886917267e+04 2.5864200072e+02
3.53000e+02 4.9025396775e+04 5.0625902834e+02
3.54000e+02 4.9163639514e+04 2.4021682104e+02
3.55000e+02 4.9313584844e+04 7.6394343867e+00
3.56000e+02 4.9459009072e+04 4.4949298504e+02
3.57000e+02 4.9586595395e+04 4.9155376538e+02
3.58000e+02 4.9714769854e+04 9.7279459574e+02
3.59000e+02 4.9843301352e+04 2.1951244395e+02
3.60000e+02 4.9971912075e+04 2.1972919591e+02
3.61000e+02 5.0100711466e+04 2.1977736029e+02
3.62000e+02 5.0229506065e+04 2.1974145861e+02
3.63000e+02 5.0376288763e+04 7.1352732970e+02
3.64000e+02 5.0527167042e+04 5.1244253878e+02
3.65000e+02 5.0666043387e+04 8.9797189420e+02
3.66000e+02 5.0801489320e+04 6.6513347624e+00
3.67000e+02 5.0937192636e+04 2.3307032452e+02
3.68000e+02 5.1075922023e+04 8.9756056926e+02
3.69000e+02 5.1214895174e+04 2.3916136304e+02
3.70000e+02 5.1350450897e+04 2.3294704289e+02
3.71000e+02 5.1504806812e+04 2.7496748123e+02
3.72000e+02 5.1663246450e+04 1.1435574829e+03
3.73000e+02 5.1820933023e+04 1.6620852659e+03
3.74000e+02 5.1978702072e+04 2.7613956601e+02
3.75000e+02 5.2135985504e+04 2.7546028456e+02
3.76000e+02 5.2293478364e+04 2.7490863520e+02
3.77000e+02 5.2438582347e+04 6.4250546652e+00
3.78000e+02 5.2580408771e+04 6.2707011998e+00
3.79000e+02 5.2722586195e+04 2.4545263528e+02
3.80000e+02 5.2864776146e+04 2.4557071020e+02
3.81000e+02 5.3026448349e+04 1.7002273664e+03
3.82000e+02 5.3192188415e+04 8.2472056676e+00
3.83000e+02 5.3344418603e+04 2.5871577512e+02
3.84000e+02 5.3496272026e+04 8.0404121719e+02
3.85000e+02 5.3661304819e+04 2.9062204631e+02
3.86000e+02 5.3821752665e+04 2.2439660720e+03
3.87000e+02 5.3981948140e+04 2.7994003483e+02
3.88000e+02 5.4142242962e+04 2.7950707064e+02
3.89000e+02 5.4302329483e+04 2.7911860938e+02
3.90000e+02 5.4462533793e+04 2.7874897866e+02
3.91000e+02 5.4603423535e+04 7.9539083930e+02
3.92000e+02 5.4747951418e+04 2.8300588458e+02
3.93000e+02 5.4904986732e+04 8.2287811884e+02
3.94000e+02 5.5062224575e+04 1.1038844430e+03
3.95000e+02 5.5207079620e+04 8.2670111795e+02
3.96000e+02 5.5348662981e+04 1.3788782863e+03
3.97000e+02 5.5490610742e+04 8.2720404451e+02
3.98000e+02 5.5635643561e+04 8.2256017713e+02
3.99000e+02 5.5793011413e+04 2.7223749872e+02
4.00000e+02 5.5950472982e+04 2.7218898616e+02
4.01000e+02 5.6107437474e+04 2.7151343664e+02
4.02000e+02 5.6259955237e+04 2.3380086593e+02
4.03000e+02 5.6393993201e+04 2.7040467320e+02
4.04000e+02 5.6528653835e+04 5.0469895459e+02
4.05000e+02 5.6682220515e+04 8.1577214638e+02
4.06000e+02 5.6840012499e+04 2.7157233857e+02
4.07000e+02 5.6997155399e+04 2.7147917452e+02
4.08000e+02 5.7149785341e+04 5.7358114026e+02
4.09000e+02 5.7302273172e+04 2.7022191779e+02
4.10000e+02 5.7459588214e+04 2.7073075381e+02
4.11000e+02 5.7604496798e+04 1.0476709409e+03
4.12000e+02 5.7746121919e+04 5.8025087641e+02
4.13000e+02 5.7907367735e+04 2.7921800735e+02
4.14000e+02 5.8068086758e+04 5.5697956658e+02
4.15000e+02 5.8209238625e+04 8.1266431380e+02
4.16000e+02 5.8350878660e+04 2.7895370302e+02
4.17000e+02 5.8512115811e+04 2.7740600071e+02
4.18000e+02 5.8677506324e+04 8.0754700402e+00
4.19000e+02 5.8842178266e+04 5.5540372984e+02
4.20000e+02 5.9006977861e+04 5.5425740876e+02
4.21000e+02 5.9158622953e+04 8.6508188343e+02
4.22000e+02 5.9306976430e+04 2.8384203603e+02
4.23000e+02 5.9475685156e+04 2.9182745569e+02
4.24000e+02 5.9648526114e+04 8.0413629788e+00
4.25000e+02 5.9807176078e+04 2.9056306580e+02
4.26000e+02 5.9962421025e+04 2.9842709904e+02
4.27000e+02 6.0138716272e+04 1.5619842683e+01
4.28000e+02 6.0319089919e+04 2.6575051944e+02
4.29000e+02 6.0498650808e+04 5.7276291855e+02
4.30000e+02 6.0673644630e+04 5.9854324473e+02
4.31000e+02 6.0827828444e+04 8.7339356253e+02
4.32000e+02 6.0985650173e+04 1.9542422705e+03
4.33000e+02 6.1143986725e+04 5.8419126196e+02
4.34000e+02 6.1299004445e+04 2.6325519000e+02
4.35000e+02 6.1475057969e+04 3.0531377511e+02
4.36000e+02 6.1655208376e+04 5.8338382987e+02
4.37000e+02 6.1820420048e+04 6.8751196990e+00
4.38000e+02 6.1982225752e+04 6.3918251058e+01
4.39000e+02 6.2165818456e+04 5.5026889682e+02
4.40000e+02 6.2353478056e+04 1.4377438677e+01
4.41000e+02 6.2525426598e+04 4.7207135317e+01
4.42000e+02 6.2697006332e+04 3.3742092352e+02
4.43000e+02 6.2883960972e+04 6.0455725817e+02
4.44000e+02 6.3066298260e+04 8.6207055556e+02
4.45000e+02 6.3248313890e+04 3.1690169446e+02
4.46000e+02 6.3430439219e+04 3.1637283314e+02
4.47000e+02 6.3612304726e+04 3.1590633715e+02
4.48000e+02 6.3798989082e+04 3.2647446651e+02
4.49000e+02 6.3970314420e+04 2.9599003354e+02
4.50000e+02 6.4138366160e+04 1.1881398874e+03
4.51000e+02 6.4306828835e+04 1.5280768760e+03
4.52000e+02 6.4478328071e+04 2.9561354478e+02
4.53000e+02 6.4650160307e+04 8.9084540868e+02
4.54000e+02 6.4821603408e+04 8.8989842838e+02
4.55000e+02 6.5008353025e+04 6.1996714569e+02
4.56000e+02 6.5195142660e+04 9.0546410260e+02
4.57000e+02 6.5366505844e+04 2.9351889766e+02
4.58000e+02 6.5534560167e+04 2.8752726373e+02
4.59000e+02 6.5725155805e+04 6.1926459400e+02
4.60000e+02 6.5919848393e+04 3.0112833203e+02
4.61000e+02 6.6098144002e+04 6.9324258708e+00
4.62000e+02 6.6273044208e+04 3.3796653163e+02
4.63000e+02 6.6448302152e+04 6.3166357118e+02
4.64000e+02 6.6626541148e+04 3.0694676761e+02
4.65000e+02 6.6820740893e+04 9.1881179322e+02
4.66000e+02 6.7010267159e+04 1.2415479565e+03
4.67000e+02 6.7199431591e+04 6.2834073903e+02
4.68000e+02 6.7388707911e+04 3.2755119348e+02
4.69000e+02 6.7555745164e+04 8.2206920628e+00
4.70000e+02 6.7726435422e+04 3.2418172582e+02
4.71000e+02 6.7912548467e+04 6.4808168526e+02
4.72000e+02 6.8094157538e+04 7.6672492147e+00
4.73000e+02 6.8254316409e+04 2.9273863247e+02
4.74000e+02 6.8418154319e+04 6.4058125592e+02
4.75000e+02 6.8582565023e+04 1.2565531344e+03
4.76000e+02 6.8743689875e+04 6.1393704435e+02
4.77000e+02 6.8926570154e+04 3.1327990736e+02
4.78000e+02 6.9108882267e+04 3.1366967014e+02
4.79000e+02 6.9269450614e+04 6.4035015053e+02
4.80000e+02 6.9433576151e+04 2.7642014015e+02
4.81000e+02 6.9612341801e+04 2.9834902308e+02
4.82000e+02 6.9786584002e+04 2.7510554269e+02
4.83000e+02 6.9940103685e+04 2.6909505582e+02
4.84000e+02 7.0097296172e+04 1.4985111241e+01
4.85000e+02 7.0255037147e+04 2.8444411672e+02
4.86000e+02 7.0409493968e+04 8.5830001374e+02
4.87000e+02 7.0584960630e+04 5.8077282070e+02
4.88000e+02 7.0764556108e+04 1.5312846370e+03
4.89000e+02 7.0943391269e+04 5.6795806052e+02
4.90000e+02 7.1117703392e+04 2.9708651446e+02
4.91000e+02 7.1291809803e+04 2.9542917793e+02
4.92000e+02 7.1466076781e+04 2.9508860346e+02
4.93000e+02 7.1619643197e+04 2.5511014604e+02
4.94000e+02 7.1776881928e+04 5.6743634543e+02
4.95000e+02 7.1948068677e+04 2.9087641801e+02
4.96000e+02 7.2114789644e+04 7.5460100784e+00
4.97000e+02 7.2261574982e+04 3.1999454403e+02
4.98000e+02 7.2408991703e+04 5.6748948445e+02
4.99000e+02 7.2556843253e+04 2.4121258484e+02
5.00000e+02 7.2707831752e+04 2.8433531037e+02
5.01000e+02 7.2871866063e+04 1.4690902295e+01
5.02000e+02 7.3031354670e+04 4.8494421673e+02
5.03000e+02 7.3190644844e+04 7.5689808594e+02
5.04000e+02 7.3354762001e+04 5.6557959930e+02
5.05000e+02 7.3518422336e+04 4.8408529713e+02
5.06000e+02 7.3677681446e+04 2.6373511323e+02
5.07000e+02 7.3817811326e+04 3.6182933392e+01
5.08000e+02 7.3961643388e+04 4.6176856243e+02
5.09000e+02 7.4117958066e+04 2.5612572143e+02
5.10000e+02 7.4269848211e+04 7.3689649131e+00
5.11000e+02 7.4403314212e+04 4.5464291442e+02
5.12000e+02 7.4537419553e+04 7.1799501459e+02
5.13000e+02 7.4690393628e+04 2.4979368245e+02
5.14000e+02 7.4847616846e+04 7.3257686900e+02
5.15000e+02 7.5004215521e+04 2.5822529214e+02
5.16000e+02 7.5156321932e+04 2.4976015454e+02
5.17000e+02 7.5289975362e+04 2.1225305101e+02
5.18000e+02 7.5427300975e+04 5.0733021447e+02
5.19000e+02 7.5576354827e+04 7.5448234258e+00
5.20000e+02 7.5725650105e+04 2.4250184827e+02
5.21000e+02 7.5863387689e+04 1.7990461715e+03
5.22000e+02 7.5997868139e+04 2.1241590716e+02
5.23000e+02 7.6151200905e+04 5.0792092928e+02
5.24000e+02 7.6308727706e+04 2.3452013161e+02
5.25000e+02 7.6453636688e+04 7.1713981871e+00
5.26000e+02 7.6595164024e+04 3.2559257381e+02
5.27000e+02 7.6756243039e+04 2.4203185963e+02
5.28000e+02 7.6921444214e+04 1.4838601165e+01
5.29000e+02 7.7073216058e+04 2.4957607346e+02
5.30000e+02 7.7221576484e+04 2.4862291754e+02
5.31000e+02 7.7390219792e+04 2.2388056158e+01
5.32000e+02 7.7558269399e+04 7.8751170044e+02
5.33000e+02 7.7705978693e+04 7.9990063134e+02
5.34000e+02 7.7857206309e+04 4.8914405745e+02
5.35000e+02 7.8021597925e+04 7.8626945655e+02
5.36000e+02 7.8181456587e+04 2.0820860220e+02
5.37000e+02 7.8322019377e+04 7.1465038575e+00
5.38000e+02 7.8466222508e+04 2.9567936839e+02
5.39000e+02 7.8622899555e+04 2.0028582443e+02
5.40000e+02 7.8775114889e+04 1.4782685480e+01
5.41000e+02 7.8927190172e+04 4.5622743737e+02
5.42000e+02 7.9084106667e+04 7.4383120983e+02
5.43000e+02 7.9240591575e+04 2.5533187436e+02
5.44000e+02 7.9392669936e+04 2.4637404651e+02
5.45000e+02 7.9526338348e+04 2.8605671960e+02
5.46000e+02 7.9660649139e+04 5.0334688548e+02
5.47000e+02 7.9813845134e+04 2.7141262852e+02
5.48000e+02 7.9971281135e+04 2.5559604799e+02
5.49000e+02 8.0116135698e+04 7.4430055225e+02
5.50000e+02 8.0257629586e+04 2.3906467017e+02
5.51000e+02 8.0399439566e+04 4.5685961395e+02
5.52000e+02 8.0544305066e+04 4.5582445100e+02
5.53000e+02 8.0701465240e+04 2.5601571726e+02
5.54000e+02 8.0854036309e+04 4.9615510669e+02
5.55000e+02 8.1006388055e+04 4.7065045792e+02
5.56000e+02 8.1163531231e+04 2.5546687669e+02
5.57000e+02 8.1308266726e+04 2.4535711685e+02
5.58000e+02 8.1449706064e+04 4.7012525752e+02
5.59000e+02 8.1610738712e+04 4.7738056404e+01
5.60000e+02 8.1771240635e+04 3.0127979798e+02
5.61000e+02 8.1931319687e+04 2.6096776800e+02
5.62000e+02 8.2091418874e+04 2.6030406404e+02
5.63000e+02 8.2251268650e+04 2.5981448418e+02
5.64000e+02 8.2411214054e+04 2.5940088679e+02
5.65000e+02 8.2551859466e+04 4.6849056484e+02
5.66000e+02 8.2693086939e+04 5.6773992324e+02
5.67000e+02 8.2853925559e+04 2.6013033012e+02
5.68000e+02 8.3018955942e+04 7.8872076419e+00
5.69000e+02 8.3170616932e+04 1.0371022309e+03
5.70000e+02 8.3318897823e+04 2.6692361754e+02
5.71000e+02 8.3467494706e+04 8.4178034842e+02
5.72000e+02 8.3619125636e+04 1.2736326345e+03
5.73000e+02 8.3771036940e+04 2.6690700864e+02
5.74000e+02 8.3919522371e+04 2.3568456793e+02
5.75000e+02 8.4068250221e+04 2.3557985042e+02
5.76000e+02 8.4219971298e+04 2.6673024796e+02
5.77000e+02 8.4371950446e+04 2.4205693339e+02
5.78000e+02 8.4520486880e+04 2.3539527327e+02
5.79000e+02 8.4669256121e+04 2.3520126920e+02
5.80000e+02 8.4821012596e+04 2.4185027493e+02
5.81000e+02 8.4985777818e+04 1.0439230686e+03
5.82000e+02 8.5145909197e+04 9.6584654115e+02
5.83000e+02 8.5286665259e+04 4.9755736306e+00
5.84000e+02 8.5431028399e+04 7.3933346306e+00
5.85000e+02 8.5575866982e+04 2.2708191704e+02
5.86000e+02 8.5720457036e+04 2.2708174924e+02
5.87000e+02 8.5877457991e+04 9.5711642793e+02
5.88000e+02 8.6029926007e+04 2.6927655273e+00
5.89000e+02 8.6163844811e+04 2.1263146811e+02
5.90000e+02 8.6298349985e+04 4.3832424297e+02
5.91000e+02 8.6451725358e+04 9.5472737535e+02
5.92000e+02 8.6609315707e+04 1.9915984224e+03
5.93000e+02 8.6754292756e+04 4.3242157443e+02
5.94000e+02 8.6895894097e+04 3.7689013253e+01
5.95000e+02 8.7037801886e+04 2.5106874940e+02
5.96000e+02 8.7182754738e+04 4.3235195086e+02
5.97000e+02 8.7340003197e+04 2.5174634325e+02
5.98000e+02 8.7497326174e+04 2.5122722472e+02
5.99000e+02 8.7642190033e+04 2.2637796844e+02
6.00000e+02 8.7783733770e+04 2.2016723087e+02
6.01000e+02 8.7925609912e+04 2.1991541575e+02
6.02000e+02 8.8067491434e+04 2.2003328593e+02
6.03000e+02 8.8228819633e+04 5.1311773469e+02
6.04000e+02 8.8394217867e+04 1.6210026412e+02
6.05000e+02 8.8558847957e+04 4.2029579176e+02
6.06000e+02 8.8718906873e+04 7.6320720187e+02
6.07000e+02 8.8878759837e+04 2.5580385036e+02
6.08000e+02 8.9043411240e+04 2.6510365746e+02
6.09000e+02 8.9194901949e+04 2.5754733214e+02
6.10000e+02 8.9343095368e+04 3.3454422573e+02
6.11000e+02 8.9491645079e+04 5.6069650323e+02
6.12000e+02 8.9643251334e+04 4.9865548282e+02
6.13000e+02 8.9807900059e+04 2.6485718963e+02
6.14000e+02 8.9967945970e+04 4.8743851830e+02
6.15000e+02 9.0108644010e+04 7.8516707994e+00
6.16000e+02 9.0249911947e+04 2.1713417545e+02
6.17000e+02 9.0391554227e+04 2.1786128191e+02
6.18000e+02 9.0536300919e+04 2.5773276912e+02
6.19000e+02 9.0693367557e+04 3.0987136010e+02
6.20000e+02 9.0845871067e+04 2.0225720038e+02
6.21000e+02 9.0979810280e+04 7.7030674014e+00
6.22000e+02 9.1117384702e+04 3.0238921872e+02
6.23000e+02 9.1266687852e+04 1.9429145471e+02
6.24000e+02 9.1411542323e+04 1.5344403054e+01
6.25000e+02 9.1556285265e+04 6.5856694236e+02
6.26000e+02 9.1701187835e+04 2.2394875948e+02
6.27000e+02 9.1845976474e+04 2.2377050710e+02
6.28000e+02 9.1995591827e+04 7.5321493535e+02
6.29000e+02 9.2133585331e+04 7.9330100680e+02
6.30000e+02 9.2271355238e+04 2.0998866486e+02
6.31000e+02 9.2409586713e+04 2.1001664638e+02
6.32000e+02 9.2547568821e+04 2.1001883084e+02
6.33000e+02 9.2697215598e+04 2.3329695749e+02
6.34000e+02 9.2842338062e+04 2.2376663113e+02
6.35000e+02 9.2969652225e+04 6.6863392701e+02
6.36000e+02 9.3100606883e+04 5.3356460221e-01
6.37000e+02 9.3242555612e+04 1.9128723776e+02
6.38000e+02 9.3380068523e+04 2.1290834239e+02
6.39000e+02 9.3500584983e+04 6.2646722978e+00
6.40000e+02 9.3624770092e+04 1.8432640192e+02
6.41000e+02 9.3749432609e+04 3.8091496023e+02
6.42000e+02 9.3870862985e+04 8.5181738166e+02
6.43000e+02 9.4009651967e+04 4.3023864208e+02
6.44000e+02 9.4147951605e+04 2.1007723498e+02
6.45000e+02 9.4268956873e+04 1.8463088393e+02
6.46000e+02 9.4393507270e+04 1.8224236794e+02
6.47000e+02 9.4518462149e+04 1.8235248809e+02
6.48000e+02 9.4640133294e+04 2.1578968331e+02
6.49000e+02 9.4779148796e+04 2.1009367785e+02
6.50000e+02 9.4917644806e+04 2.1007995594e+02
6.51000e+02 9.5038805854e+04 2.0676115426e+02
6.52000e+02 9.5163496298e+04 1.8231018306e+02
6.53000e+02 9.5298411900e+04 6.2539934068e+02
6.54000e+02 9.5428854738e+04 8.0531722016e+00
6.55000e+02 9.5559198707e+04 1.9315322341e+02
6.56000e+02 9.5694346499e+04 1.0344659918e+03
6.57000e+02 9.5819311137e+04 1.8213763191e+02
6.58000e+02 9.5940978479e+04 4.0283985203e+02
6.59000e+02 9.6080036158e+04 2.1877260181e+02
6.60000e+02 9.6223278949e+04 8.0949983519e+00
6.61000e+02 9.6355326810e+04 2.5193761057e+02
6.62000e+02 9.6483967827e+04 2.2552750430e+02
6.63000e+02 9.6630700573e+04 1.5761969992e+01
6.64000e+02 9.6781558134e+04 1.8052921195e+02
6.65000e+02 9.6920420242e+04 2.3211622372e+02
6.66000e+02 9.7055851375e+04 2.2536324948e+01
6.67000e+02 9.7210108747e+04 1.8787330843e+02
6.68000e+02 9.7363782493e+04 6.3817645043e+02
6.69000e+02 9.7498554997e+04 6.6386423315e+02
6.70000e+02 9.7636827859e+04 6.7910769213e+02
6.71000e+02 9.7786804256e+04 6.4455395071e+02
6.72000e+02 9.7932257516e+04 5.6024868750e+00
6.73000e+02 9.8059862559e+04 1.7859097042e+02
6.74000e+02 9.8191094861e+04 2.3207028783e+02
6.75000e+02 9.8322785462e+04 4.3293893046e+02
6.76000e+02 9.8454254792e+04 1.9363217184e+02
6.77000e+02 9.8586116049e+04 1.9360919664e+02
6.78000e+02 9.8714651308e+04 3.7302491201e+02
6.79000e+02 9.8861266674e+04 2.3699867600e+02
6.80000e+02 9.9012014644e+04 8.5769609489e+02
6.81000e+02 9.9150788139e+04 6.9122374371e+00
6.82000e+02 9.9289194747e+04 2.0725819047e+02
6.83000e+02 9.9439289934e+04 6.1791339157e+02
6.84000e+02 9.9584831581e+04 2.2302709156e+02
6.85000e+02 9.9712497625e+04 6.3238869051e+02
6.86000e+02 9.9840726977e+04 6.3145039582e+02
6.87000e+02 9.9987101647e+04 6.1195702071e+02
6.88000e+02 1.0013299812e+05 6.1169989286e+02
6.89000e+02 1.0026084049e+05 1.8556103460e+02
6.90000e+02 1.0038917500e+05 1.8548062919e+02
6.91000e+02 1.0053562746e+05 2.2177232789e+02
6.92000e+02 1.0068625890e+05 2.3036822329e+02
6.93000e+02 1.0082495361e+05 5.7765200834e+02
6.94000e+02 1.0096024636e+05 6.7248405627e+01
6.95000e+02 1.0111437510e+05 1.6119604375e+01
6.96000e+02 1.0127262286e+05 3.6111124710e+02
6.97000e+02 1.0141812744e+05 7.3991025871e+01
6.98000e+02 1.0156020430e+05 2.2887599336e+01
6.99000e+02 1.0172185225e+05 3.6826933607e+02
7.00000e+02 1.0188290599e+05 6.2071237757e+02
7.01000e+02 1.0204348406e+05 2.4982833338e+02
7.02000e+02 1.0220404539e+05 2.4908608962e+02
7.03000e+02 1.0236432268e+05 2.4853622261e+02
7.04000e+02 1.0252934852e+05 8.0695117878e+01
7.05000e+02 1.0268114627e+05 2.9157885554e+01
7.06000e+02 1.0282962468e+05 8.7216880536e+02
7.07000e+02 1.0297844289e+05 1.1676135001e+03
7.08000e+02 1.0313030290e+05 6.9357351513e+02
7.09000e+02 1.0329521848e+05 1.1054436107e+03
7.10000e+02 1.0346018876e+05 6.7687062726e+02
7.11000e+02 1.0361192269e+05 8.7123281397e+02
7.12000e+02 1.0376033008e+05 2.2421396527e+02
7.13000e+02 1.0392907791e+05 2.6554350451e+02
7.14000e+02 1.0409726274e+05 5.2118914181e+02
7.15000e+02 1.0426498174e+05 2.6256616801e+02
7.16000e+02 1.0443738930e+05 2.3000139441e+02
7.17000e+02 1.0460921610e+05 5.2757916476e+02
7.18000e+02 1.0477657348e+05 2.6147615987e+02
7.19000e+02 1.0494376089e+05 2.6068308786e+02
7.20000e+02 1.0511110568e+05 2.6040980854e+02
7.21000e+02 1.0527825918e+05 2.6011548856e+02
7.22000e+02 1.0545023670e+05 3.0405744293e+02
7.23000e+02 1.0562172232e+05 5.2102290132e+02
7.24000e+02 1.0579346538e+05 5.2026741924e+02
7.25000e+02 1.0595142324e+05 2.3021368155e+02
7.26000e+02 1.0610919466e+05 1.7012623495e+03
7.27000e+02 1.0628093664e+05 2.6856921662e+02
7.28000e+02 1.0644816942e+05 2.5974335881e+02
7.29000e+02 1.0659538335e+05 1.0588143789e+03
7.30000e+02 1.0674625683e+05 2.6140270665e+02
7.31000e+02 1.0691035877e+05 7.6400367080e+00
7.32000e+02 1.0707466641e+05 2.5323282447e+02
7.33000e+02 1.0722589085e+05 1.0908368016e+03
7.34000e+02 1.0737385595e+05 1.0573132641e+03
7.35000e+02 1.0754216797e+05 5.2245096681e+02
7.36000e+02 1.0771464199e+05 2.4223821687e+02
7.37000e+02 1.0787298459e+05 7.1181512440e+00
7.38000e+02 1.0803100087e+05 2.4069326710e+02
7.39000e+02 1.0820292371e+05 5.0279646279e+02
7.40000e+02 1.0837028190e+05 5.2205393340e+02
7.41000e+02 1.0851757607e+05 5.0167411933e+02
7.42000e+02 1.0866545205e+05 5.0108333120e+02
7.43000e+02 1.0881372476e+05 2.1979394623e+02
7.44000e+02 1.0896509987e+05 2.5446963366e+02
7.45000e+02 1.0911680470e+05 4.8802997002e+02
7.46000e+02 1.0926817824e+05 2.2642956255e+02
7.47000e+02 1.0943266797e+05 1.0293970603e+01
7.48000e+02 1.0959258676e+05 4.2555987472e+02
7.49000e+02 1.0973318705e+05 2.5393047331e+02
7.50000e+02 1.0987742118e+05 7.1394038640e+00
7.51000e+02 1.1003412954e+05 4.1735292847e+02
7.52000e+02 1.1018637623e+05 2.4600444922e+02
7.53000e+02 1.1033848443e+05 9.1441199289e+02
7.54000e+02 1.1049543562e+05 6.7991824929e+02
7.55000e+02 1.1064003228e+05 2.1196270019e+02
7.56000e+02 1.1078136077e+05 6.9352495984e+02
7.57000e+02 1.1094229416e+05 8.8251905926e+00
7.58000e+02 1.1110739830e+05 1.9115573528e+01
7.59000e+02 1.1125911338e+05 4.4547923015e+02
7.60000e+02 1.1141049654e+05 6.6393351121e+02
7.61000e+02 1.1157504365e+05 2.6331216659e+02
7.62000e+02 1.1173503571e+05 2.4338349650e+02
7.63000e+02 1.1187570509e+05 6.5620639735e+02
7.64000e+02 1.1202000797e+05 7.0802739399e+00
7.65000e+02 1.1217678900e+05 2.2565906476e+02
7.66000e+02 1.1232910350e+05 4.1223450558e+02
7.67000e+02 1.1248127441e+05 6.4619989682e+02
7.68000e+02 1.1263828430e+05 4.6942539318e+02
7.69000e+02 1.1278293019e+05 2.1076637676e+02
7.70000e+02 1.1292735400e+05 2.1067654521e+02
7.71000e+02 1.1308424848e+05 4.1193572615e+02
7.72000e+02 1.1324132007e+05 4.1158548626e+02
7.73000e+02 1.1338601132e+05 2.1051123719e+02
7.74000e+02 1.1352742177e+05 6.5445201822e+02
7.75000e+02 1.1368843578e+05 2.4372554770e+02
7.76000e+02 1.1384892943e+05 4.7730259635e+02
7.77000e+02 1.1400900876e+05 2.4100817522e+02
7.78000e+02 1.1417379568e+05 7.7153265886e+00
7.79000e+02 1.1432536702e+05 2.3237621458e+02
7.80000e+02 1.1447361714e+05 4.9108866254e+02
7.81000e+02 1.1464219409e+05 8.4976094544e+00
7.82000e+02 1.1481489490e+05 2.1690439657e+02
7.83000e+02 1.1497341491e+05 4.9754624355e+02
7.84000e+02 1.1512852834e+05 1.5352422284e+01
7.85000e+02 1.1530468095e+05 7.5756652834e+00
7.86000e+02 1.1548491266e+05 5.0457959298e+02
7.87000e+02 1.1565018089e+05 2.2085286716e+01
7.88000e+02 1.1581507955e+05 9.8203130702e+02
7.89000e+02 1.1598040531e+05 2.4967603298e+02
7.90000e+02 1.1614231620e+05 1.4365546879e+01
7.91000e+02 1.1632596242e+05 4.9402087895e+02
7.92000e+02 1.1650895525e+05 7.7285041060e+02
7.93000e+02 1.1667007716e+05 1.2048944856e+03
7.94000e+02 1.1683470703e+05 2.4915757133e+02
7.95000e+02 1.1701398628e+05 1.2712876161e+03
7.96000e+02 1.1718870150e+05 8.2776049869e+00
7.97000e+02 1.1734261591e+05 2.4170090264e+02
7.98000e+02 1.1750017130e+05 2.8541309490e+02
7.99000e+02 1.1765825253e+05 5.2679157268e+02
8.00000e+02 1.1781608240e+05 2.3405168139e+02
8.01000e+02 1.1797435251e+05 2.3400650457e+02
8.02000e+02 1.1813231082e+05 2.3390093678e+02
8.03000e+02 1.1830412980e+05 1.5729585243e+01
8.04000e+02 1.1847137314e+05 2.1820222143e+02
8.05000e+02 1.1863836657e+05 4.7861219901e+02
8.06000e+02 1.1881016733e+05 1.0230958793e+03
8.07000e+02 1.1896810115e+05 2.3333075510e+02
8.08000e+02 1.1912581013e+05 2.3284809196e+02
8.09000e+02 1.1929746018e+05 7.4462288264e+02
8.10000e+02 1.1946925959e+05 2.6061335859e+02
8.11000e+02 1.1962718864e+05 2.3261047207e+02
8.12000e+02 1.1978183679e+05 9.6439770450e+02
8.13000e+02 1.1993686738e+05 9.8634378422e+02
8.14000e+02 1.2009495785e+05 2.3275935755e+02
8.15000e+02 1.2026682411e+05 2.6056895203e+02
8.16000e+02 1.2043408743e+05 9.8537742988e+02
8.17000e+02 1.2058128484e+05 2.2469341746e+02
8.18000e+02 1.2072906178e+05 9.5049548451e+02
8.19000e+02 1.2089717858e+05 9.8551541558e+02
8.20000e+02 1.2106947925e+05 2.6080964676e+02
8.21000e+02 1.2122768058e+05 4.4384723247e+02
8.22000e+02 1.2138250990e+05 3.4215595905e+01
8.23000e+02 1.2155837846e+05 7.1069084528e+01
8.24000e+02 1.2173835127e+05 3.9562772962e+02
8.25000e+02 1.2190340530e+05 4.1034085682e+01
8.26000e+02 1.2206505372e+05 7.7817105778e+01
8.27000e+02 1.2224847194e+05 4.0278176931e+02
8.28000e+02 1.2243595835e+05 4.8506645341e+01
8.29000e+02 1.2260775206e+05 8.4478975033e+01
8.30000e+02 1.2277612702e+05 4.0910552887e+02
8.31000e+02 1.2296700334e+05 5.5916239055e+01
8.32000e+02 1.2316192626e+05 9.1831008091e+01
8.33000e+02 1.2334039581e+05 4.1537225778e+02
8.34000e+02 1.2351544206e+05 6.2531616159e+01
8.35000e+02 1.2371373191e+05 9.9152703676e+01
8.36000e+02 1.2391605215e+05 4.2235420349e+02
8.37000e+02 1.2410116966e+05 6.9117041947e+01
8.38000e+02 1.2428286383e+05 1.0570147456e+02
8.39000e+02 1.2448853719e+05 4.2931536265e+02
8.40000e+02 1.2469354366e+05 1.3465519983e+03
8.41000e+02 1.2487446278e+05 9.3345202366e+02
8.42000e+02 1.2505890121e+05 1.0791437008e+03
8.43000e+02 1.2526019622e+05 1.5718657081e+03
8.44000e+02 1.2546156395e+05 6.4104131304e+02
8.45000e+02 1.2564605842e+05 2.8330697538e+02
8.46000e+02 1.2583031805e+05 5.7276709791e+02
8.47000e+02 1.2603146195e+05 3.1572231809e+02
8.48000e+02 1.2622802945e+05 8.4389637033e+00
8.49000e+02 1.2642427444e+05 6.3097189391e+02
8.50000e+02 1.2662067464e+05 6.3017362235e+02
8.51000e+02 1.2679414508e+05 7.4307989313e+02
8.52000e+02 1.2697129444e+05 3.0829632734e+02
8.53000e+02 1.2714903853e+05 8.7343198356e+02
8.54000e+02 1.2732346966e+05 1.0519639226e+03
8.55000e+02 1.2752112054e+05 3.0664539918e+02
8.56000e+02 1.2772285284e+05 5.8300089178e+02
8.57000e+02 1.2792374431e+05 5.8216544895e+02
8.58000e+02 1.2812478483e+05 3.1366177781e+02
8.59000e+02 1.2832527371e+05 3.1294553748e+02
8.60000e+02 1.2852137939e+05 3.0604423448e+02
8.61000e+02 1.2869465220e+05 3.0779039306e+02
8.62000e+02 1.2887164265e+05 8.9405696333e+02
8.63000e+02 1.2904924966e+05 8.9302582694e+02
8.64000e+02 1.2922355927e+05 3.0621724104e+02
8.65000e+02 1.2942108681e+05 5.9040315456e+02
8.66000e+02 1.2962270464e+05 5.7835655515e+02
8.67000e+02 1.2982348930e+05 5.7807397944e+02
8.68000e+02 1.3001976364e+05 5.8998140577e+02
8.69000e+02 1.3019312703e+05 8.9325349245e+02
8.70000e+02 1.3036711953e+05 8.5336130443e+02
8.71000e+02 1.3056440483e+05 5.7753596961e+02
8.72000e+02 1.3076584896e+05 3.1217554711e+02
8.73000e+02 1.3095026383e+05 2.6445928150e+02
8.74000e+02 1.3113437974e+05 5.8462136159e+02
8.75000e+02 1.3133532736e+05 3.1202633312e+02
8.76000e+02 1.3153168488e+05 5.7704161018e+02
8.77000e+02 1.3170506158e+05 5.8405005330e+02
8.78000e+02 1.3188209651e+05 3.0463332859e+02
8.79000e+02 1.3207527385e+05 7.7702895026e+00
8.80000e+02 1.3226394816e+05 2.6269003835e+02
8.81000e+02 1.3243046621e+05 2.9747003751e+02
8.82000e+02 1.3260067371e+05 1.4589946043e+01
8.83000e+02 1.3278628640e+05 2.4628881134e+02
8.84000e+02 1.3296742669e+05 2.8963854410e+02
8.85000e+02 1.3314836256e+05 8.3871630231e+02
8.86000e+02 1.3332949573e+05 2.7032465226e+02
8.87000e+02 1.3348927034e+05 2.1318791982e+01
8.88000e+02 1.3364969590e+05 1.1374034113e+03
8.89000e+02 1.3381059568e+05 5.2125252257e+02
8.90000e+02 1.3397462240e+05 2.3986174167e+02
8.91000e+02 1.3415315004e+05 5.5231817784e+02
8.92000e+02 1.3432711221e+05 2.2193102605e+02
8.93000e+02 1.3450083460e+05 4.8454993565e+02
8.94000e+02 1.3467471796e+05 2.5488456307e+02
8.95000e+02 1.3484841275e+05 2.5460207557e+02
8.96000e+02 1.3502696502e+05 1.0788683151e+03
8.97000e+02 1.3519100535e+05 1.1158914721e+03
8.98000e+02 1.3535180138e+05 7.3878332034e+02
8.99000e+02 1.3553438420e+05 8.8880426456e+00
9.00000e+02 1.3571643297e+05 2.7139203278e+02
9.01000e+02 1.3589801654e+05 2.7012138847e+02
9.02000e+02 1.3608433586e+05 7.7670458401e+00
9.03000e+02 1.3625529661e+05 7.4496494864e+02
9.04000e+02 1.3642296590e+05 2.8560369257e+02
9.05000e+02 1.3661314739e+05 8.5979194267e+00
9.06000e+02 1.3680743802e+05 7.1705227619e+02
9.07000e+02 1.3698538238e+05 2.9230169404e+02
9.08000e+02 1.3715994124e+05 1.5478896458e+01
9.09000e+02 1.3735772399e+05 2.4876910164e+02
9.10000e+02 1.3755956642e+05 2.9956119533e+02
9.11000e+02 1.3774427566e+05 2.2228299959e+01
9.12000e+02 1.3792558209e+05 2.5526788953e+02
9.13000e+02 1.3813084625e+05 3.0674304768e+02
9.14000e+02 1.3834014421e+05 2.9661600120e+01
9.15000e+02 1.3853154603e+05 2.6170520761e+02
9.16000e+02 1.3872259112e+05 1.8635241644e+03
9.17000e+02 1.3893119097e+05 1.3475930369e+03
9.18000e+02 1.3913515022e+05 8.5530770499e+02
9.19000e+02 1.3933872343e+05 3.1233197014e+02
9.20000e+02 1.3954242415e+05 3.1176111026e+02
9.21000e+02 1.3972244564e+05 1.6002768777e+03
9.22000e+02 1.3990308316e+05 6.1778703834e+02
9.23000e+02 1.4010774296e+05 3.1253593766e+02
9.24000e+02 1.4031186001e+05 3.1263972512e+02
9.25000e+02 1.4049206241e+05 3.3003365542e+02
9.26000e+02 1.4067584933e+05 5.4247341079e+01
9.27000e+02 1.4087647755e+05 9.0019578914e+02
9.28000e+02 1.4107256064e+05 8.0339580175e+00
9.29000e+02 1.4126835067e+05 2.9543138994e+02
9.30000e+02 1.4146431999e+05 2.9502219045e+02
9.31000e+02 1.4163742306e+05 7.0993355255e+00
9.32000e+02 1.4181422194e+05 8.9230755646e+02
9.33000e+02 1.4199162929e+05 1.2189303779e+03
9.34000e+02 1.4216879135e+05 2.5727351147e+02
9.35000e+02 1.4234645190e+05 2.5726944182e+02
9.36000e+02 1.4252073768e+05 6.0100762385e+02
9.37000e+02 1.4269536376e+05 8.7429485222e+02
9.38000e+02 1.4287298443e+05 2.5747077736e+02
9.39000e+02 1.4305093850e+05 2.5750682302e+02
9.40000e+02 1.4322544012e+05 5.2395816731e+02
9.41000e+02 1.4340023647e+05 2.5738357143e+02
9.42000e+02 1.4357799476e+05 2.5738694736e+02
9.43000e+02 1.4377165927e+05 2.7973753486e+02
9.44000e+02 1.4396065858e+05 7.7389849673e+02
9.45000e+02 1.4412738077e+05 2.4905540430e+02
9.46000e+02 1.4429773310e+05 7.4059605270e+00
9.47000e+02 1.4446863938e+05 2.4268321540e+02
9.48000e+02 1.4463622580e+05 4.9901733325e+02
9.49000e+02 1.4480416329e+05 2.3645972733e+02
9.50000e+02 1.4497511797e+05 2.4304288869e+02
9.51000e+02 1.4516125632e+05 7.6559843246e+02
9.52000e+02 1.4534276492e+05 4.7753891567e+02
9.53000e+02 1.4550277070e+05 7.7748491466e+00
9.54000e+02 1.4566641891e+05 2.3371791258e+01
9.55000e+02 1.4584471228e+05 4.6921640789e+02
9.56000e+02 1.4601851847e+05 1.5469496706e+01
9.57000e+02 1.4619212493e+05 1.5072755464e+03
9.58000e+02 1.4636591330e+05 2.4761940790e+02
9.59000e+02 1.4651906976e+05 1.6499105504e+01
9.60000e+02 1.4667591559e+05 4.6194481039e+02
9.61000e+02 1.4684668765e+05 2.2439644792e+02
9.62000e+02 1.4701301319e+05 7.4628304578e+00
9.63000e+02 1.4717918244e+05 2.3247920447e+02
9.64000e+02 1.4734554559e+05 2.3228434158e+02
9.65000e+02 1.4751176377e+05 2.3210098704e+02
9.66000e+02 1.4767817139e+05 2.3191335229e+02
9.67000e+02 1.4782469508e+05 4.5485008508e+02
9.68000e+02 1.4797185513e+05 9.1978265240e+02
9.69000e+02 1.4813933553e+05 2.3294366878e+02
9.70000e+02 1.4831103869e+05 2.9218596758e+03
9.71000e+02 1.4846873071e+05 1.1482915999e+03
9.72000e+02 1.4862307757e+05 2.3989753180e+02
9.73000e+02 1.4879843404e+05 7.8760716905e+00
9.74000e+02 1.4897791577e+05 4.3132437189e+02
9.75000e+02 1.4914254408e+05 2.4659392005e+02
9.76000e+02 1.4930378276e+05 1.4760021471e+01
9.77000e+02 1.4946535960e+05 7.0333077887e+02
9.78000e+02 1.4962994501e+05 9.0180475094e+02
9.79000e+02 1.4980899242e+05 6.8113382265e+02
9.80000e+02 1.4998807307e+05 2.5650581756e+02
9.81000e+02 1.5015249739e+05 2.2716659320e+02
9.82000e+02 1.5031360964e+05 2.2104709964e+02
9.83000e+02 1.5049649161e+05 4.8035515440e+02
9.84000e+02 1.5067879886e+05 7.3635334722e+02
9.85000e+02 1.5083935228e+05 2.1980263168e+02
9.86000e+02 1.5100344997e+05 2.2645171083e+02
9.87000e+02 1.5116803685e+05 2.2638782683e+02
9.88000e+02 1.5133233074e+05 2.2635763715e+02
9.89000e+02 1.5151120068e+05 5.1885917350e+02
9.90000e+02 1.5169015988e+05 5.1821886405e+02
9.91000e+02 1.5185450334e+05 2.2588786035e+02
9.92000e+02 1.5201860755e+05 2.2547229221e+02
9.93000e+02 1.5219735562e+05 2.5479143722e+02
9.94000e+02 1.5237156493e+05 8.0979355387e+00
9.95000e+02 1.5252504250e+05 6.6232677445e+02
9.96000e+02 1.5268217931e+05 9.7706298208e+01
9.97000e+02 1.5285324480e+05 7.6825777648e+00
9.98000e+02 1.5301984000e+05 6.1493189538e+02
9.99000e+02 1.5316650968e+05 9.0800710918e+01
1.00000e+03 1.5331380963e+05 9.5814488790e+02
1.00100e+03 1.5346154359e+05 1.9123980640e+02
1.00200e+03 1.5361241398e+05 1.3941323926e+01
1.00300e+03 1.5376363983e+05 4.9991332018e+02
1.00400e+03 1.5391150252e+05 1.9161130807e+02
1.00500e+03 1.5407959293e+05 8.5422290161e+02
1.00600e+03 1.5424710919e+05 2.8267954088e+02
1.00700e+03 1.5439436162e+05 1.9093815853e+02
1.00800e+03 1.5454515740e+05 4.0234000494e+02
1.00900e+03 1.5469641337e+05 1.9786488067e+02
1.01000e+03 1.5484434271e+05 1.9081386683e+02
1.01100e+03 1.5499257304e+05 1.9160095727e+02
1.01200e+03 1.5514078083e+05 1.9168781548e+02
1.01300e+03 1.5530912933e+05 2.8265494231e+02
1.01400e+03 1.5547685459e+05 3.8236558098e+02
1.01500e+03 1.5564409209e+05 3.8087222099e+02
1.01600e+03 1.5581601237e+05 8.3990445676e+02
1.01700e+03 1.5598735508e+05 1.0159711229e+03
1.01800e+03 1.5615423351e+05 2.2892440277e+02
1.01900e+03 1.5632095069e+05 2.2817516738e+02
1.02000e+03 1.5648783409e+05 2.2795197219e+02
1.02100e+03 1.5663476255e+05 1.9019425214e+02
1.02200e+03 1.5678535820e+05 6.1234041442e+02
1.02300e+03 1.5694915574e+05 4.4887431805e+02
1.02400e+03 1.5711316349e+05 8.5538643488e+02
1.02500e+03 1.5726412195e+05 6.1143056567e+02
1.02600e+03 1.5741182486e+05 4.5721335653e+02
1.02700e+03 1.5757984906e+05 4.5051323450e+02
1.02800e+03 1.5774735800e+05 4.5068826152e+02
1.02900e+03 1.5789463359e+05 4.5710327321e+02
1.03000e+03 1.5804241460e+05 4.5014082235e+02
1.03100e+03 1.5821049001e+05 2.2880658248e+02
1.03200e+03 1.5838272192e+05 8.2241534903e+00
1.03300e+03 1.5855422513e+05 4.5794325669e+02
1.03400e+03 1.5872120387e+05 2.2804757289e+02
1.03500e+03 1.5886821022e+05 4.4942144295e+02
1.03600e+03 1.5901582148e+05 2.2840802782e+02
1.03700e+03 1.5918376732e+05 2.2768994433e+02
1.03800e+03 1.5935590434e+05 4.5739043461e+02
1.03900e+03 1.5951396188e+05 9.0570156531e+02
1.04000e+03 1.5967170261e+05 1.1078865539e+03
1.04100e+03 1.5982989284e+05 2.0830886644e+02
1.04200e+03 1.5998776805e+05 2.0823503913e+02
1.04300e+03 1.6014603979e+05 2.0810831325e+02
1.04400e+03 1.6030091138e+05 2.3472257344e+02
1.04500e+03 1.6047675180e+05 1.6468668314e+01
1.04600e+03 1.6065665852e+05 6.1860118218e+02
1.04700e+03 1.6082163341e+05 6.7031545351e+00
1.04800e+03 1.6098624384e+05 2.2133186844e+02
1.04900e+03 1.6115128613e+05 2.2117793124e+02
1.05000e+03 1.6131292053e+05 2.3215015742e+01
1.05100e+03 1.6147482767e+05 8.8039393457e+02
1.05200e+03 1.6163970486e+05 2.2122351919e+02
1.05300e+03 1.6180486064e+05 2.2111578807e+02
1.05400e+03 1.6196655196e+05 5.9491951043e+02
1.05500e+03 1.6214993147e+05 6.2552167841e+02
1.05600e+03 1.6233733840e+05 4.5604807702e+02
1.05700e+03 1.6250904082e+05 6.5466417223e+00
1.05800e+03 1.6267731275e+05 3.6614180754e+01
1.05900e+03 1.6284590426e+05 2.5795265252e+02
1.06000e+03 1.6301441198e+05 2.2789693194e+02
1.06100e+03 1.6320526861e+05 4.6306914078e+02
1.06200e+03 1.6340011421e+05 1.3978766787e+01
1.06300e+03 1.6357848978e+05 2.6460818411e+02
1.06400e+03 1.6375648123e+05 5.0489259376e+02
1.06500e+03 1.6395055569e+05 1.3465042452e+03
1.06600e+03 1.6414466833e+05 2.7850533683e+02
1.06700e+03 1.6432260763e+05 2.4601639548e+02
1.06800e+03 1.6450028500e+05 2.4545630890e+02
1.06900e+03 1.6467847675e+05 2.4546330722e+02
1.07000e+03 1.6485633078e+05 2.4539449600e+02
1.07100e+03 1.6505023636e+05 2.7805794928e+02
1.07200e+03 1.6524418599e+05 4.7593049866e+02
1.07300e+03 1.6542198941e+05 2.4476076733e+02
1.07400e+03 1.6559648916e+05 2.4093694925e+02
1.07500e+03 1.6577139886e+05 9.7079986054e+02
1.07600e+03 1.6594932603e+05 2.4458914601e+02
1.07700e+03 1.6612759068e+05 2.4480578884e+02
1.07800e+03 1.6630239507e+05 7.3518877514e+02
1.07900e+03 1.6650036181e+05 7.7475630644e+02
1.08000e+03 1.6669766184e+05 2.1357195179e+03
1.08100e+03 1.6687165511e+05 2.4342812089e+02
1.08200e+03 1.6704917322e+05 2.4415193273e+02
1.08300e+03 1.6724279034e+05 7.5895502948e+02
1.08400e+03 1.6743183753e+05 1.9583444115e+02
1.08500e+03 1.6762058431e+05 4.7020756773e+02
1.08600e+03 1.6780948286e+05 2.6550144257e+02
1.08700e+03 1.6797620546e+05 2.3663710698e+02
1.08800e+03 1.6814660166e+05 6.3683553706e+01
1.08900e+03 1.6833240750e+05 4.5306326584e+02
1.09000e+03 1.6851372550e+05 7.5805416976e+00
1.09100e+03 1.6869482602e+05 2.5001671701e+02
1.09200e+03 1.6887611186e+05 2.4973453371e+02
1.09300e+03 1.6903601519e+05 5.6800599983e+01
1.09400e+03 1.6919656026e+05 7.4434216114e+02
1.09500e+03 1.6937891612e+05 2.5074013630e+02
1.09600e+03 1.6956547003e+05 1.0050969338e+03
1.09700e+03 1.6973651161e+05 7.3036716344e+02
1.09800e+03 1.6990420822e+05 2.5764093320e+02
1.09900e+03 1.7009439966e+05 2.5352108669e+01
1.10000e+03 1.7028869238e+05 2.1395994437e+02
1.10100e+03 1.7046663395e+05 2.6428327681e+02
1.10200e+03 1.7064118785e+05 3.2184048394e+01
1.10300e+03 1.7083896341e+05 2.2133010749e+02
1.10400e+03 1.7104079645e+05 2.7155930990e+02
1.10500e+03 1.7122549778e+05 3.8911625331e+01
1.10600e+03 1.7140679745e+05 2.2785455276e+02
1.10700e+03 1.7161205429e+05 2.7876902148e+02
1.10800e+03 1.7182134582e+05 4.6331205250e+01
1.10900e+03 1.7201274252e+05 2.3432207373e+02
1.11000e+03 1.7220378295e+05 1.2164550123e+03
1.11100e+03 1.7241237879e+05 8.1353698372e+02
1.11200e+03 1.7262100162e+05 3.0294190678e+02
1.11300e+03 1.7281199687e+05 2.6761266674e+02
1.11400e+03 1.7299968786e+05 2.8488156761e+02
1.11500e+03 1.7318781582e+05 1.2600457682e+03
1.11600e+03 1.7337893912e+05 2.6742792724e+02
1.11700e+03 1.7357041922e+05 2.6764534260e+02
1.11800e+03 1.7376146920e+05 2.6730437828e+02
1.11900e+03 1.7395293806e+05 2.6702584179e+02
1.12000e+03 1.7414093108e+05 2.6140005977e+02
1.12100e+03 1.7435353911e+05 3.5627503557e+02
1.12200e+03 1.7456544786e+05 1.1619568520e+03
1.12300e+03 1.7477671188e+05 3.0797677597e+02
1.12400e+03 1.7498798761e+05 3.0703578095e+02
1.12500e+03 1.7519886738e+05 3.0634450767e+02
1.12600e+03 1.7541455541e+05 7.3902390715e+02
1.12700e+03 1.7562961641e+05 1.0473890007e+03
1.12800e+03 1.7584028192e+05 3.0542794953e+02
1.12900e+03 1.7602664789e+05 5.1585300043e+02
1.13000e+03 1.7621673650e+05 5.8018035094e+02
1.13100e+03 1.7642446067e+05 1.7555035693e+02
1.13200e+03 1.7662768206e+05 7.4441324732e+00
1.13300e+03 1.7680728959e+05 5.7284174160e+02
1.13400e+03 1.7698754895e+05 1.0798723804e+03
1.13500e+03 1.7716832487e+05 2.4388437696e+02
1.13600e+03 1.7735219693e+05 1.6915825770e+02
1.13700e+03 1.7753648160e+05 8.1513196879e+02
1.13800e+03 1.7772040776e+05 3.2461322670e+02
1.13900e+03 1.7792107007e+05 1.4498550934e+01
1.14000e+03 1.7811711927e+05 6.1554665053e+02
1.14100e+03 1.7831283815e+05 8.9745604394e+02
1.14200e+03 1.7851339026e+05 7.9918091565e+02
1.14300e+03 1.7871338849e+05 6.2226716693e+02
1.14400e+03 1.7890901667e+05 2.7341873744e+02
1.14500e+03 1.7908187545e+05 2.4264458024e+02
1.14600e+03 1.7925846751e+05 2.7526761422e+02
1.14700e+03 1.7943569027e+05 5.1849216608e+02
1.14800e+03 1.7961268397e+05 2.3577358992e+02
1.14900e+03 1.7979018716e+05 2.3581824785e+02
1.15000e+03 1.7996737753e+05 2.3577910315e+02
1.15100e+03 1.8014502816e+05 2.3569075535e+02
1.15200e+03 1.8031927937e+05 5.1147209104e+02
1.15300e+03 1.8051667711e+05 2.7482417108e+02
1.15400e+03 1.8071812412e+05 9.8990607277e+02
1.15500e+03 1.8090248421e+05 6.7094635322e+00
1.15600e+03 1.8108650607e+05 2.4898931416e+02
1.15700e+03 1.8127102246e+05 2.4889662324e+02
1.15800e+03 1.8145212353e+05 2.8139920748e+02
1.15900e+03 1.8165711041e+05 7.3136013278e+02
1.16000e+03 1.8186611645e+05 2.6290951061e+02
1.16100e+03 1.8205725515e+05 6.6223105893e+00
1.16200e+03 1.8224498628e+05 7.3725882864e+02
1.16300e+03 1.8245738955e+05 2.7006299881e+02
1.16400e+03 1.8267381946e+05 1.4039552638e+01
1.16500e+03 1.8288932676e+05 1.2810973491e+03
1.16600e+03 1.8310029247e+05 1.2903085851e+03
1.16700e+03 1.8328684958e+05 1.2917366052e+03
1.16800e+03 1.8347707531e+05 5.7290791412e+02
1.16900e+03 1.8368490812e+05 2.8090068178e+02
1.17000e+03 1.8388820784e+05 7.6659941630e+00
1.17100e+03 1.8406786554e+05 2.8221113704e+02
1.17200e+03 1.8425121243e+05 2.7374094619e+02
1.17300e+03 1.8443517834e+05 8.3862941923e+02
1.17400e+03 1.8461583413e+05 5.2868252922e+02
1.17500e+03 1.8482040908e+05 2.8711402791e+02
1.17600e+03 1.8502906128e+05 8.3001307812e+02
1.17700e+03 1.8521992228e+05 6.8950982257e+00
1.17800e+03 1.8540741251e+05 2.7696418142e+01
1.17900e+03 1.8559531001e+05 2.8170700670e+02
1.18000e+03 1.8578313340e+05 2.6089647850e+02
1.18100e+03 1.8599548108e+05 5.5603895504e+02
1.18200e+03 1.8621180837e+05 1.4563298833e+01
1.18300e+03 1.8640951665e+05 2.6072767564e+02
1.18400e+03 1.8660381698e+05 3.0139653798e+02
1.18500e+03 1.8682351989e+05 2.1903966712e+01
1.18600e+03 1.8704723637e+05 2.6785613965e+02
1.18700e+03 1.8725160613e+05 3.0775662556e+02
1.18800e+03 1.8745257608e+05 2.8551680345e+01
1.18900e+03 1.8767969498e+05 2.7500427296e+02
1.19000e+03 1.8791081219e+05 3.1484960167e+02
1.19100e+03 1.8812183476e+05 3.5175930487e+01
1.19200e+03 1.8832945502e+05 2.8137958510e+02
1.19300e+03 1.8853750020e+05 8.8474455675e+02
1.19400e+03 1.8874541664e+05 2.9262505795e+02
1.19500e+03 1.8898005620e+05 3.2205541599e+02
1.19600e+03 1.8921860909e+05 4.2576426469e+01
1.19700e+03 1.8945612508e+05 1.2094966910e+03
1.19800e+03 1.8968908761e+05 1.4903173414e+03
1.19900e+03 1.8989542491e+05 2.9062454396e+02
1.20000e+03 1.9010543642e+05 1.2349518156e+03
1.20100e+03 1.9031610544e+05 6.4986464509e+02
1.20200e+03 1.9052645530e+05 2.9694108308e+02
1.20300e+03 1.9075650362e+05 2.9388751501e+02
1.20400e+03 1.9098189682e+05 2.5336009434e+02
1.20500e+03 1.9118137673e+05 3.6657431503e+02
1.20600e+03 1.9138147430e+05 6.4872279093e+02
1.20700e+03 1.9158210922e+05 2.7579738275e+02
1.20800e+03 1.9178273616e+05 2.7605094951e+02
1.20900e+03 1.9198368242e+05 2.7608623733e+02
1.21000e+03 1.9218756765e+05 6.4646312386e+00
1.21100e+03 1.9241027155e+05 2.4576230901e+02
1.21200e+03 1.9263294311e+05 8.7584089504e+02
1.21300e+03 1.9285489992e+05 3.1975605202e+02
1.21400e+03 1.9307244663e+05 9.0969299895e+02
1.21500e+03 1.9326499808e+05 8.3948187294e+00
1.21600e+03 1.9346127962e+05 5.5434004686e+02
1.21700e+03 1.9367589530e+05 5.8093903682e+02
1.21800e+03 1.9389067377e+05 8.9190130868e+02
1.21900e+03 1.9410487507e+05 3.0231485828e+02
1.22000e+03 1.9431940141e+05 3.0176040834e+02
1.22100e+03 1.9453345889e+05 3.0131482935e+02
1.22200e+03 1.9474788994e+05 3.0091822233e+02
1.22300e+03 1.9494432085e+05 8.3282331257e+02
1.22400e+03 1.9513759743e+05 2.6007336447e+02
1.22500e+03 1.9533142141e+05 2.6108583162e+02
1.22600e+03 1.9552525461e+05 2.6138137718e+02
1.22700e+03 1.9574434974e+05 2.3950398293e+03
1.22800e+03 1.9596277825e+05 1.2150576633e+03
1.22900e+03 1.9615580123e+05 2.6031899419e+02
1.23000e+03 1.9635239126e+05 1.1836926490e+03
1.23100e+03 1.9656724048e+05 6.1044645631e+02
1.23200e+03 1.9677751817e+05 8.1508199351e+00
1.23300e+03 1.9696344112e+05 6.5138590796e+02
1.23400e+03 1.9715305398e+05 6.0285883539e+02
1.23500e+03 1.9736023831e+05 1.5807554999e+01
1.23600e+03 1.9756292133e+05 7.5946637433e+00
1.23700e+03 1.9774205097e+05 5.9546266346e+02
1.23800e+03 1.9792489336e+05 2.2562218568e+01
1.23900e+03 1.9810837515e+05 1.7461864185e+03
1.24000e+03 1.9828856720e+05 1.4920192383e+03
1.24100e+03 1.9849264925e+05 2.7829459237e+02
1.24200e+03 1.9870082943e+05 8.2485196452e+02
1.24300e+03 1.9890817407e+05 5.2329267826e+02
1.24400e+03 1.9911103147e+05 5.4409722149e+02
1.24500e+03 1.9929033523e+05 2.2995943374e+02
1.24600e+03 1.9947028943e+05 2.2949162271e+02
1.24700e+03 1.9967422096e+05 5.4340261017e+02
1.24800e+03 1.9988231761e+05 2.8562728424e+02
1.24900e+03 2.0007272735e+05 4.8851503893e+02
1.25000e+03 2.0025979969e+05 5.4341337228e+01
1.25100e+03 2.0047152972e+05 2.8030646169e+02
1.25200e+03 2.0068264686e+05 5.6523856232e+02
1.25300e+03 2.0086911021e+05 2.9070871029e+02
1.25400e+03 2.0105608370e+05 2.7992730296e+02
1.25500e+03 2.0126772164e+05 2.9207326172e+02
1.25600e+03 2.0147876904e+05 2.9171144305e+02
1.25700e+03 2.0166518358e+05 2.7959857029e+02
1.25800e+03 2.0185517407e+05 7.3223318569e+02
1.25900e+03 2.0206269576e+05 8.6910378874e+02
1.26000e+03 2.0226566124e+05 8.0819188631e+00
1.26100e+03 2.0246831199e+05 2.7435871729e+02
1.26200e+03 2.0267582443e+05 8.6765046824e+02
1.26300e+03 2.0286591733e+05 3.3361753476e+02
1.26400e+03 2.0305278185e+05 5.6575657615e+02
1.26500e+03 2.0326434508e+05 3.0018404950e+02
1.26600e+03 2.0348002112e+05 8.1636085441e+00
1.26700e+03 2.0367721438e+05 5.7229118049e+02
1.26800e+03 2.0387105334e+05 3.0685829606e+02
1.26900e+03 2.0409028440e+05 1.5823270432e+01
1.27000e+03 2.0431356026e+05 2.4668364997e+02
1.27100e+03 2.0453591838e+05 5.5262657503e+02
1.27200e+03 2.0475376150e+05 6.0465331566e+02
1.27300e+03 2.0497127789e+05 3.0290697124e+02
1.27400e+03 2.0518898234e+05 3.0246538464e+02
1.27500e+03 2.0538163315e+05 8.7797852874e+02
1.27600e+03 2.0557493321e+05 3.1787261871e+02
1.27700e+03 2.0579368950e+05 3.0340281849e+02
1.27800e+03 2.0601189929e+05 3.0360476351e+02
1.27900e+03 2.0620478462e+05 3.1778925704e+02
1.28000e+03 2.0639821710e+05 3.0323183661e+02
1.28100e+03 2.0659213457e+05 3.0396074920e+02
1.28200e+03 2.0678603223e+05 2.5392128511e+02
1.28300e+03 2.0698022277e+05 2.5394043154e+02
1.28400e+03 2.0717430037e+05 2.5386641747e+02
1.28500e+03 2.0739358843e+05 3.0383293498e+02
1.28600e+03 2.0761684284e+05 3.1296866609e+02
1.28700e+03 2.0782078725e+05 1.4410658533e+03
1.28800e+03 2.0802133449e+05 6.4696479349e+00
1.28900e+03 2.0824799165e+05 7.3691015730e+00
1.29000e+03 2.0847865808e+05 1.1340466872e+03
1.29100e+03 2.0870836093e+05 1.4529130742e+03
1.29200e+03 2.0893353870e+05 5.1411056511e+02
1.29300e+03 2.0913289356e+05 2.6524004564e+02
1.29400e+03 2.0933288394e+05 2.6441795023e+02
1.29500e+03 2.0953341371e+05 2.6532844690e+02
1.29600e+03 2.0973698855e+05 2.6830374452e+03
1.29700e+03 2.0994098891e+05 5.9688431769e+02
1.29800e+03 2.1014152458e+05 2.6560840239e+02
1.29900e+03 2.1034241669e+05 3.2657400872e+02
1.30000e+03 2.1054623862e+05 2.7170902067e+02
1.30100e+03 2.1076885636e+05 7.0851166211e+00
1.30200e+03 2.1098675968e+05 8.4901091424e+02
1.30300e+03 2.1117946554e+05 2.6325105628e+02
1.30400e+03 2.1137581562e+05 7.4718387769e+00
1.30500e+03 2.1159044586e+05 5.7185127799e+02
1.30600e+03 2.1180053237e+05 2.5517098956e+02
1.30700e+03 2.1201029958e+05 1.5997842192e+03
1.30800e+03 2.1222494788e+05 8.7300876758e+02
1.30900e+03 2.1242146930e+05 2.5649400810e+02
1.31000e+03 2.1261477687e+05 8.6466665316e+02
1.31100e+03 2.1283351349e+05 4.6350577343e+01
1.31200e+03 2.1305635683e+05 8.1950353023e+00
1.31300e+03 2.1326000423e+05 5.4608615361e+02
1.31400e+03 2.1346335574e+05 8.0877900840e+02
1.31500e+03 2.1366727381e+05 2.6928072365e+02
1.31600e+03 2.1386777035e+05 5.3493199819e+01
1.31700e+03 2.1409431744e+05 1.5997310387e+01
1.31800e+03 2.1432485588e+05 7.8574466227e+02
1.31900e+03 2.1453536440e+05 6.5904547799e+00
1.32000e+03 2.1474248166e+05 2.2602030941e+01
1.32100e+03 2.1497644334e+05 7.9237350960e+02
1.32200e+03 2.1521440619e+05 1.4008280159e+01
1.32300e+03 2.1543159421e+05 6.6794945160e+00
1.32400e+03 2.1564539559e+05 7.9826526105e+02
1.32500e+03 2.1588678190e+05 2.1418895788e+01
1.32600e+03 2.1612746956e+05 1.1885248223e+03
1.32700e+03 2.1634048992e+05 1.4252964421e+03
1.32800e+03 2.1655706054e+05 2.9548722230e+02
1.32900e+03 2.1679408880e+05 1.4646501441e+03
1.33000e+03 2.1703115770e+05 6.7765810406e+02
1.33100e+03 2.1724777262e+05 6.0390298185e+02
1.33200e+03 2.1746113407e+05 2.8690502585e+02
1.33300e+03 2.1770212278e+05 6.7658284891e+02
1.33400e+03 2.1794247492e+05 6.7557074215e+02
1.33500e+03 2.1818216333e+05 3.3942953345e+02
1.33600e+03 2.1842660727e+05 7.3750429043e+00
1.33700e+03 2.1867032343e+05 6.8158306697e+02
1.33800e+03 2.1890966041e+05 3.3807494507e+02
1.33900e+03 2.1914869674e+05 3.3708478324e+02
1.34000e+03 2.1939266743e+05 6.8042823719e+02
1.34100e+03 2.1963602092e+05 3.4602297523e+02
1.34200e+03 2.1987972991e+05 3.4541525242e+02
1.34300e+03 2.2012290023e+05 3.4488666761e+02
1.34400e+03 2.2036180149e+05 3.3631197616e+02
1.34500e+03 2.2057364289e+05 2.8543915356e+02
1.34600e+03 2.2078927984e+05 2.0420658059e+03
1.34700e+03 2.2102545099e+05 6.9991739263e+00
1.34800e+03 2.2125711741e+05 7.2348409543e+00
1.34900e+03 2.2146233321e+05 1.4374956871e+03
1.35000e+03 2.2167129191e+05 1.3670424356e+01
1.35100e+03 2.2190001835e+05 7.4447150522e+00
1.35200e+03 2.2212424071e+05 6.2797126574e+02
1.35300e+03 2.2232276175e+05 2.0351526147e+01
1.35400e+03 2.2252502472e+05 1.4133002456e+01
1.35500e+03 2.2274631320e+05 5.9493478743e+02
1.35600e+03 2.2296777765e+05 9.0220764539e+02
1.35700e+03 2.2317043854e+05 1.6890097429e+03
1.35800e+03 2.2336990879e+05 1.6869895313e+03
1.35900e+03 2.2359552219e+05 1.2416011246e+03
1.36000e+03 2.2382525438e+05 8.2677399137e+00
1.36100e+03 2.2403511590e+05 2.7615751651e+02
1.36200e+03 2.2424164992e+05 6.3233915386e+02
1.36300e+03 2.2447501762e+05 1.6013772402e+01
1.36400e+03 2.2471243008e+05 7.6802757766e+00
1.36500e+03 2.2494889709e+05 3.3004329077e+02
1.36600e+03 2.2518554094e+05 3.2894463410e+02
1.36700e+03 2.2542155795e+05 3.2816569427e+02
1.36800e+03 2.2565789831e+05 3.2753403767e+02
1.36900e+03 2.2589369644e+05 3.2698761807e+02
1.37000e+03 2.2612520290e+05 6.2822606822e+02
1.37100e+03 2.2633037894e+05 8.9319983010e+02
1.37200e+03 2.2653933528e+05 1.5852446311e+03
1.37300e+03 2.2674902267e+05 1.3145283683e+03
1.37400e+03 2.2695845400e+05 2.7306872868e+02
1.37500e+03 2.2718754067e+05 6.7114582667e+00
1.37600e+03 2.2741202120e+05 2.4400754582e+02
1.37700e+03 2.2763611821e+05 6.5422410166e+02
1.37800e+03 2.2786509354e+05 5.9188933439e+02
1.37900e+03 2.2807451188e+05 2.7252661159e+02
1.38000e+03 2.2828072771e+05 6.6924943733e+02
1.38100e+03 2.2851381984e+05 6.0029256516e+02
1.38200e+03 2.2874632047e+05 1.0102487641e+03
1.38300e+03 2.2897821108e+05 3.1741397093e+02
1.38400e+03 2.2921019606e+05 3.1658090625e+02
1.38500e+03 2.2941565979e+05 9.5607904647e+02
1.38600e+03 2.2962481713e+05 2.7198008540e+02
1.38700e+03 2.2985371734e+05 1.2259908050e+03
1.38800e+03 2.3007807656e+05 7.6257592420e+00
1.38900e+03 2.3030208859e+05 3.0076761190e+02
1.39000e+03 2.3053099877e+05 9.4540118915e+02
1.39100e+03 2.3074036936e+05 2.7166035283e+02
1.39200e+03 2.3094959657e+05 6.7328212085e+02
1.39300e+03 2.3117856391e+05 3.0964309704e+02
1.39400e+03 2.3140763846e+05 3.0949782770e+02
1.39500e+03 2.3161710418e+05 6.7270397319e+02
1.39600e+03 2.3182639745e+05 3.0939951295e+02
1.39700e+03 2.3203634452e+05 3.0957145672e+02
1.39800e+03 2.3224291504e+05 1.2176103726e+03
1.39900e+03 2.3247625248e+05 6.3570783755e+02
1.40000e+03 2.3271360482e+05 2.7841392495e+02
1.40100e+03 2.3293026418e+05 6.7122972203e+00
1.40200e+03 2.3314661146e+05 2.8389573723e+02
1.40300e+03 2.3336354398e+05 2.8388500287e+02
1.40400e+03 2.3357703315e+05 6.4199077300e+02
1.40500e+03 2.3379091164e+05 1.5789451405e+03
1.40600e+03 2.3400769917e+05 2.8404137855e+02
1.40700e+03 2.3424471047e+05 5.9536779607e+02
1.40800e+03 2.3447698001e+05 1.2210742750e+03
1.40900e+03 2.3470875625e+05 5.9190956870e+02
1.41000e+03 2.3494535834e+05 3.2388603508e+02
1.41100e+03 2.3516160015e+05 2.8306661766e+02
1.41200e+03 2.3537766613e+05 2.8206199307e+02
1.41300e+03 2.3561419750e+05 3.2308223362e+02
1.41400e+03 2.3585080145e+05 3.2276101157e+02
1.41500e+03 2.3608671294e+05 3.2181836574e+02
1.41600e+03 2.3632292836e+05 3.2110801060e+02
1.41700e+03 2.3655859738e+05 3.2054443068e+02
1.41800e+03 2.3678997572e+05 3.1280148445e+02
1.41900e+03 2.3699503895e+05 5.2321051832e+02
1.42000e+03 2.3720083518e+05 7.9261933961e+02
1.42100e+03 2.3743354343e+05 6.5238406696e+02
1.42200e+03 2.3766572669e+05 6.5253658986e+02
1.42300e+03 2.3787121126e+05 2.6022228561e+02
1.42400e+03 2.3808033201e+05 7.0908038533e+02
1.42500e+03 2.3829010541e+05 9.8368283627e+02
1.42600e+03 2.3849957332e+05 2.6702069525e+02
1.42700e+03 2.3870958966e+05 2.6699661491e+02
1.42800e+03 2.3891617616e+05 4.4352733121e+02
1.42900e+03 2.3912315419e+05 7.1681749628e+02
1.43000e+03 2.3933001591e+05 5.3360090325e+02
1.43100e+03 2.3956351459e+05 3.1371111299e+02
1.43200e+03 2.3979627539e+05 5.3390322759e+02
1.43300e+03 2.4000216001e+05 2.5973366187e+02
1.43400e+03 2.4020854506e+05 2.5899725064e+02
1.43500e+03 2.4041541346e+05 2.5972203292e+02
1.43600e+03 2.4062527789e+05 2.6712614375e+02
1.43700e+03 2.4085465755e+05 8.4000064874e+02
1.43800e+03 2.4107934402e+05 5.1086191349e+02
1.43900e+03 2.4127817496e+05 8.0374619154e+00
1.44000e+03 2.4147761962e+05 2.4449250154e+02
1.44100e+03 2.4170318907e+05 1.0357911437e+03
1.44200e+03 2.4193287501e+05 1.1528550641e+03
1.44300e+03 2.4216168410e+05 5.0978048015e+02
1.44400e+03 2.4238603161e+05 2.9555187849e+02
1.44500e+03 2.4261008077e+05 2.9373603699e+02
1.44600e+03 2.4283903881e+05 5.0854278961e+02
1.44700e+03 2.4304844984e+05 7.6320802029e+02
1.44800e+03 2.4325770749e+05 8.1442140365e+02
1.44900e+03 2.4348669883e+05 3.0327764905e+02
1.45000e+03 2.4371112207e+05 2.9351802461e+02
1.45100e+03 2.4393517640e+05 2.9322967771e+02
1.45200e+03 2.4416411304e+05 3.0295297921e+02
1.45300e+03 2.4437349635e+05 3.1662495142e+02
1.45400e+03 2.4457967491e+05 8.9703290548e+02
1.45500e+03 2.4478640161e+05 1.1482796375e+03
1.45600e+03 2.4499309868e+05 2.5735086509e+02
1.45700e+03 2.4520011595e+05 2.5738409238e+02
1.45800e+03 2.4541005725e+05 3.0365802049e+02
1.45900e+03 2.4563948276e+05 3.0308419941e+02
1.46000e+03 2.4586419468e+05 8.0718418249e+02
1.46100e+03 2.4608845364e+05 8.0658162863e+02
1.46200e+03 2.4631754835e+05 3.0293918168e+02
1.46300e+03 2.4652704414e+05 8.3668918850e+02
1.46400e+03 2.4673636185e+05 7.9597949266e+02
1.46500e+03 2.4696540087e+05 7.8872592460e+02
1.46600e+03 2.4719452616e+05 7.8796778360e+02
1.46700e+03 2.4740402272e+05 2.6196192820e+02
1.46800e+03 2.4761028021e+05 5.4850311967e+02
1.46900e+03 2.4784339447e+05 3.0955893747e+02
1.47000e+03 2.4808058471e+05 8.0649470133e+00
1.47100e+03 2.4829712740e+05 2.9303959590e+02
1.47200e+03 2.4851032427e+05 3.1618875221e+02
1.47300e+03 2.4872400373e+05 8.7048936500e+02
1.47400e+03 2.4894063950e+05 5.6176458047e+02
1.47500e+03 2.4915767727e+05 3.1636763731e+02
1.47600e+03 2.4937425343e+05 3.1599166699e+02
1.47700e+03 2.4959129616e+05 2.7501742455e+02
1.47800e+03 2.4980788699e+05 2.7475707025e+02
1.47900e+03 2.5004478145e+05 3.1661596751e+02
1.48000e+03 2.5027695980e+05 8.7708530561e+02
1.48100e+03 2.5050865503e+05 5.7408555253e+02
1.48200e+03 2.5074518030e+05 8.5045998597e+02
1.48300e+03 2.5096135477e+05 2.7361405786e+02
1.48400e+03 2.5117429988e+05 5.7325970830e+02
1.48500e+03 2.5138779035e+05 5.7249745979e+02
1.48600e+03 2.5160427825e+05 2.7323751312e+02
1.48700e+03 2.5184101676e+05 8.4945357797e+02
1.48800e+03 2.5207305174e+05 5.7178158616e+02
1.48900e+03 2.5230462078e+05 5.7108361538e+02
1.49000e+03 2.5254103406e+05 3.1366653691e+02
1.49100e+03 2.5275711850e+05 2.7287424634e+02
1.49200e+03 2.5296998276e+05 5.7043167997e+02
1.49300e+03 2.5321044402e+05 3.3197112915e+01
1.49400e+03 2.5345028916e+05 3.4451961827e+02
1.49500e+03 2.5366260703e+05 5.6868864841e+02
1.49600e+03 2.5387852074e+05 2.7202718537e+02
1.49700e+03 2.5411486136e+05 6.3282517458e+02
1.49800e+03 2.5434660921e+05 2.2331321378e+02
1.49900e+03 2.5455184316e+05 7.0839229575e+00
1.50000e+03 2.5476077897e+05 3.9305115177e+02
1.50100e+03 2.5497040375e+05 6.5795359609e+02
1.50200e+03 2.5517669379e+05 2.5092337039e+02
1.50300e+03 2.5538342844e+05 3.4582532851e+02
1.50400e+03 2.5559314135e+05 2.5804368778e+02
1.50500e+03 2.5580326298e+05 2.5828249651e+02
1.50600e+03 2.5601295125e+05 2.5799957563e+02
1.50700e+03 2.5624220393e+05 2.1600196388e+02
1.50800e+03 2.5646677501e+05 3.3122589858e+02
1.50900e+03 2.5666550487e+05 5.0752241796e+02
1.51000e+03 2.5686790088e+05 7.2922548394e+00
1.51100e+03 2.5708927357e+05 3.2301467140e+02
1.51200e+03 2.5731077667e+05 1.1557597903e+03
1.51300e+03 2.5751344081e+05 2.4299912298e+02
1.51400e+03 2.5771288726e+05 8.4565081517e+02
1.51500e+03 2.5793845022e+05 1.1397057273e+03
1.51600e+03 2.5816811242e+05 2.2772840514e+02
1.51700e+03 2.5839688612e+05 5.1565094735e+02
1.51800e+03 2.5862118952e+05 5.6848516995e+02
1.51900e+03 2.5884518854e+05 2.8560349030e+02
1.52000e+03 2.5906940967e+05 2.8523561147e+02
1.52100e+03 2.5929334030e+05 2.8488198707e+02
1.52200e+03 2.5951749965e+05 2.8453532731e+02
1.52300e+03 2.5974137698e+05 2.8419749303e+02
1.52400e+03 2.5996549063e+05 2.8386760064e+02
1.52500e+03 2.6016395077e+05 2.3535605269e+02
1.52600e+03 2.6036615196e+05 5.3812728349e+02
1.52700e+03 2.6058736275e+05 9.0488874935e+02
1.52800e+03 2.6080873925e+05 1.1912641393e+03
1.52900e+03 2.6102953226e+05 2.7720343566e+02
1.53000e+03 2.6125066585e+05 2.7668332707e+02
1.53100e+03 2.6145311758e+05 5.3737675272e+02
1.53200e+03 2.6165241600e+05 9.1541820090e+02
1.53300e+03 2.6185228084e+05 9.1590748290e+02
1.53400e+03 2.6205215013e+05 2.3511691832e+02
1.53500e+03 2.6227795686e+05 8.3954099717e+02
1.53600e+03 2.6250777556e+05 8.6851093645e+00
1.53700e+03 2.6273665658e+05 2.9317108272e+02
1.53800e+03 2.6296570606e+05 2.9210868579e+02
1.53900e+03 2.6317518420e+05 8.6173256322e+02
1.54000e+03 2.6338143683e+05 6.1053875645e+02
1.54100e+03 2.6361454716e+05 3.0779660755e+02
1.54200e+03 2.6385173132e+05 8.1346844791e+00
1.54300e+03 2.6408798731e+05 3.0731808947e+02
1.54400e+03 2.6431976219e+05 1.1538514910e+03
1.54500e+03 2.6452508025e+05 8.5026324905e+02
1.54600e+03 2.6473411488e+05 1.7876322067e+03
1.54700e+03 2.6496288974e+05 2.8256910280e+02
1.54800e+03 2.6518712810e+05 7.5365181540e+00
1.54900e+03 2.6541102059e+05 2.8142994609e+02
1.55000e+03 2.6563981397e+05 5.8090652383e+02
1.55100e+03 2.6586802232e+05 2.8970888459e+02
1.55200e+03 2.6609191166e+05 2.8079949127e+02
1.55300e+03 2.6631559014e+05 2.9759036779e+02
1.55400e+03 2.6653955007e+05 2.9736336853e+02
1.55500e+03 2.6673789724e+05 3.1423930041e+02
1.55600e+03 2.6694000163e+05 5.6477547906e+02
1.55700e+03 2.6716111864e+05 2.7268897700e+02
1.55800e+03 2.6737774579e+05 7.3327803430e+00
1.55900e+03 2.6756943349e+05 5.5755122745e+02
1.56000e+03 2.6776485789e+05 2.6573629841e+02
1.56100e+03 2.6796096731e+05 1.7474509596e+03
1.56200e+03 2.6815378647e+05 1.1027428350e+03
1.56300e+03 2.6837190544e+05 2.6689535903e+02
1.56400e+03 2.6859410873e+05 7.7817233445e+02
1.56500e+03 2.6879717726e+05 6.9591075884e+00
1.56600e+03 2.6899995613e+05 2.3723357646e+02
1.56700e+03 2.6922166350e+05 4.9820419755e+02
1.56800e+03 2.6944343036e+05 2.7434260952e+02
1.56900e+03 2.6964628882e+05 2.3678628044e+02
1.57000e+03 2.6984589500e+05 4.3169273074e+01
1.57100e+03 2.7007160715e+05 7.8660074431e+02
1.57200e+03 2.7030139782e+05 8.0238008373e+00
1.57300e+03 2.7051128269e+05 7.0264101666e+00
1.57400e+03 2.7071781403e+05 7.9273931250e+02
1.57500e+03 2.7095115567e+05 1.5645262027e+01
1.57600e+03 2.7118383693e+05 1.0841263336e+03
1.57700e+03 2.7141585544e+05 2.9469574054e+02
1.57800e+03 2.7165261371e+05 6.9676067602e+00
1.57900e+03 2.7186894847e+05 5.5527485521e+02
1.58000e+03 2.7208506993e+05 8.1163104160e+02
1.58100e+03 2.7230182506e+05 2.6241481280e+02
1.58200e+03 2.7251516352e+05 3.1683777688e+02
1.58300e+03 2.7272890227e+05 1.3898638703e+03
1.58400e+03 2.7294250360e+05 2.5650980680e+02
1.58500e+03 2.7318347089e+05 8.9487864957e+00
1.58600e+03 2.7342367434e+05 5.5817016978e+02
1.58700e+03 2.7363623636e+05 2.5507655623e+02
1.58800e+03 2.7385234272e+05 2.6213729930e+02
1.58900e+03 2.7408885585e+05 1.1505206906e+03
1.59000e+03 2.7432541434e+05 1.1491703792e+03
1.59100e+03 2.7456126339e+05 3.0068688271e+02
1.59200e+03 2.7479273835e+05 2.4609300017e+02
1.59300e+03 2.7502394147e+05 8.4919880359e+02
1.59400e+03 2.7526008300e+05 2.9996924074e+02
1.59500e+03 2.7549563745e+05 2.9937467137e+02
1.59600e+03 2.7572688443e+05 3.4599303970e+02
1.59700e+03 2.7593182248e+05 7.6239670715e+00
1.59800e+03 2.7614054035e+05 9.4882920462e+02
1.59900e+03 2.7636901622e+05 7.0785800178e+00
1.60000e+03 2.7659766083e+05 2.8450687879e+02
1.60100e+03 2.7682570445e+05 2.8379012257e+02
1.60200e+03 2.7704943293e+05 7.5184985683e+00
1.60300e+03 2.7724761244e+05 8.9221720926e+02
1.60400e+03 2.7744957616e+05 2.6968068354e+02
1.60500e+03 2.7767055562e+05 7.0641597847e+00
1.60600e+03 2.7788705933e+05 5.3026285575e+02
1.60700e+03 2.7807864582e+05 2.6281797916e+02
1.60800e+03 2.7827092317e+05 1.3797613073e+03
1.60900e+03 2.7846377784e+05 2.1126297980e+02
1.61000e+03 2.7865974082e+05 1.3057836488e+01
1.61100e+03 2.7887376143e+05 2.2151410360e+02
1.61200e+03 2.7908317726e+05 4.6651898975e+02
1.61300e+03 2.7929225497e+05 1.2562916551e+03
1.61400e+03 2.7950152930e+05 2.4379935824e+02
1.61500e+03 2.7968662034e+05 7.7636234057e+00
1.61600e+03 2.7987238138e+05 4.4847627009e+02
1.61700e+03 2.8008278955e+05 2.4488601268e+02
1.61800e+03 2.8029269439e+05 2.4527164536e+02
1.61900e+03 2.8047813997e+05 4.4838232427e+02
1.62000e+03 2.8066720865e+05 2.1439828941e+02
1.62100e+03 2.8087375301e+05 9.4715815496e+02
1.62200e+03 2.8107578037e+05 7.8774816089e+00
1.62300e+03 2.8127752929e+05 2.2849752739e+02
1.62400e+03 2.8148416722e+05 1.4219461350e+03
1.62500e+03 2.8167349501e+05 2.1097617919e+03
1.62600e+03 2.8185961410e+05 4.7326820947e+02
1.62700e+03 2.8207037009e+05 2.5429350773e+02
1.62800e+03 2.8228525709e+05 8.2490811743e+00
1.62900e+03 2.8249930924e+05 2.5316545176e+02
1.63000e+03 2.8270888416e+05 4.8985579867e+02
1.63100e+03 2.8289423915e+05 4.7270435987e+02
1.63200e+03 2.8308025311e+05 2.5393408436e+02
1.63300e+03 2.8326679638e+05 2.5486841959e+02
1.63400e+03 2.8345642564e+05 1.1996838655e+03
1.63500e+03 2.8366338408e+05 2.2874496304e+02
1.63600e+03 2.8386572614e+05 1.8890019902e+02
1.63700e+03 2.8404449201e+05 7.3482167833e+00
1.63800e+03 2.8422388266e+05 1.9685061442e+02
1.63900e+03 2.8442717832e+05 4.2533046735e+02
1.64000e+03 2.8462995707e+05 2.2920877473e+02
1.64100e+03 2.8480897818e+05 1.8178338885e+02
1.64200e+03 2.8498855442e+05 2.2161680045e+02
1.64300e+03 2.8519201008e+05 2.2913957250e+02
1.64400e+03 2.8539960213e+05 4.7413354997e+02
1.64500e+03 2.8558954240e+05 1.1451365182e+03
1.64600e+03 2.8577613624e+05 2.3592803281e+02
1.64700e+03 2.8598732762e+05 7.7357142576e+00
1.64800e+03 2.8620258981e+05 3.8478603411e+02
1.64900e+03 2.8639938606e+05 2.4254808074e+02
1.65000e+03 2.8659280785e+05 1.4555930082e+01
1.65100e+03 2.8681156273e+05 2.1209462837e+02
1.65200e+03 2.8702966942e+05 4.6384888450e+02
1.65300e+03 2.8722239662e+05 4.8533476197e+02
1.65400e+03 2.8741867696e+05 8.5458872121e+02
1.65500e+03 2.8761552022e+05 2.1516570501e+02
1.65600e+03 2.8780897679e+05 2.1191730643e+02
1.65700e+03 2.8802771933e+05 2.5884157608e+02
1.65800e+03 2.8825048145e+05 4.6475599683e+02
1.65900e+03 2.8845400536e+05 1.7808726076e+01
1.66000e+03 2.8865414461e+05 2.6526541716e+02
1.66100e+03 2.8888035777e+05 2.1290794616e+02
1.66200e+03 2.8910590359e+05 4.7871690304e+02
1.66300e+03 2.8930531805e+05 4.8339279566e+02
1.66400e+03 2.8950828459e+05 2.3942765677e+02
1.66500e+03 2.8973020317e+05 1.3742742201e+03
1.66600e+03 2.8994752193e+05 9.6550523784e-02
1.66700e+03 2.9013975781e+05 7.1785844153e+00
1.66800e+03 2.9033567137e+05 5.1368408835e+02
1.66900e+03 2.9053222554e+05 7.3426081228e+02
1.67000e+03 2.9072544809e+05 2.0673744096e+02
1.67100e+03 2.9094397514e+05 2.6501828818e+02
1.67200e+03 2.9116187012e+05 2.5719898077e+02
1.67300e+03 2.9135442620e+05 4.7655061562e+02
1.67400e+03 2.9155055585e+05 2.1300556946e+02
1.67500e+03 2.9174726581e+05 2.1294835780e+02
1.67600e+03 2.9194365710e+05 2.1299705653e+02
1.67700e+03 2.9215819422e+05 2.4946387575e+02
1.67800e+03 2.9236810358e+05 2.0429426955e+02
1.67900e+03 2.9255366553e+05 4.1858249287e+02
1.68000e+03 2.9273984465e+05 8.8719454285e+02
1.68100e+03 2.9292653106e+05 1.9215547960e+02
1.68200e+03 2.9311629061e+05 6.6317426218e+00
1.68300e+03 2.9330646536e+05 3.9727986675e+02
1.68400e+03 2.9349320803e+05 1.9252687928e+02
1.68500e+03 2.9370447659e+05 4.5377325963e+02
1.68600e+03 2.9391977675e+05 1.3534735095e+03
1.68700e+03 2.9413417560e+05 8.2233558894e+02
1.68800e+03 2.9434405504e+05 6.1009731869e+02
1.68900e+03 2.9455363518e+05 6.1669546851e+02
1.69000e+03 2.9476340507e+05 2.4688158102e+02
1.69100e+03 2.9494892394e+05 1.9116680798e+02
1.69200e+03 2.9513509138e+05 2.4641589217e+02
1.69300e+03 2.9532178334e+05 2.4734257023e+02
1.69400e+03 2.9551155733e+05 6.4521721250e+02
1.69500e+03 2.9571867074e+05 2.3045259007e+02
1.69600e+03 2.9592583168e+05 4.7040310326e+02
1.69700e+03 2.9613236391e+05 2.3161348350e+02
1.69800e+03 2.9633450517e+05 1.8345110509e+02
1.69900e+03 2.9651321576e+05 4.3066686596e-01
1.70000e+03 2.9669566122e+05 4.5427547337e+02
1.70100e+03 2.9687875280e+05 8.9365389484e+02
1.70200e+03 2.9706161322e+05 1.8325101258e+02
1.70300e+03 2.9726117933e+05 6.9661252835e+00
1.70400e+03 2.9745618621e+05 6.7041403856e+00
1.70500e+03 2.9762837719e+05 6.3036935132e+02
1.70600e+03 2.9780425643e+05 6.9811863101e+00
1.70700e+03 2.9798074352e+05 1.6948907173e+02
1.70800e+03 2.9815699275e+05 1.6968957953e+02
1.70900e+03 2.9834920799e+05 7.3508720503e+00
1.71000e+03 2.9853687397e+05 6.2239808153e+02
1.71100e+03 2.9870246570e+05 1.5594643303e+02
1.71200e+03 2.9886868936e+05 9.5709566930e+02
1.71300e+03 2.9903538898e+05 1.4939977766e+02
1.71400e+03 2.9920214685e+05 1.4978458719e+02
1.71500e+03 2.9936918325e+05 1.4997158912e+02
1.71600e+03 2.9953923220e+05 6.2002878884e+00
1.71700e+03 2.9972437444e+05 5.5907825016e+02
1.71800e+03 2.9990957229e+05 7.5363527029e+02
1.71900e+03 3.0007952686e+05 4.6091405515e+02
1.72000e+03 3.0024619963e+05 1.4973652060e+02
1.72100e+03 3.0043529144e+05 1.2023260085e+03
1.72200e+03 3.0062383059e+05 4.5573564474e+02
1.72300e+03 3.0081187764e+05 2.6750475567e+02
1.72400e+03 3.0099998129e+05 1.9181400645e+02
1.72500e+03 3.0118779027e+05 1.9138411216e+02
1.72600e+03 3.0137573854e+05 1.9103734146e+02
1.72700e+03 3.0156344162e+05 1.9074041494e+02
1.72800e+03 3.0175599343e+05 2.7574623720e+02
1.72900e+03 3.0193261849e+05 1.5625728701e+02
1.73000e+03 3.0210599813e+05 5.8069876293e+02
1.73100e+03 3.0230256622e+05 8.8650034659e+00
1.73200e+03 3.0250326035e+05 1.6424335356e+02
1.73300e+03 3.0268698002e+05 5.8721266532e+02
1.73400e+03 3.0286733065e+05 1.5827130341e+01
1.73500e+03 3.0307156424e+05 7.6655089603e+00
1.73600e+03 3.0327985812e+05 5.9422520486e+02
1.73700e+03 3.0347037726e+05 2.2610767273e+01
1.73800e+03 3.0365750525e+05 1.4435205955e+01
1.73900e+03 3.0384502199e+05 7.8041725951e+02
1.74000e+03 3.0403550722e+05 1.2462040605e+03
1.74100e+03 3.0424331455e+05 1.2425760628e+03
1.74200e+03 3.0444642853e+05 4.1136033016e+02
1.74300e+03 3.0462583455e+05 1.7278943420e+02
1.74400e+03 3.0480582025e+05 3.5460531812e+02
1.74500e+03 3.0500973309e+05 4.1062820866e+02
1.74600e+03 3.0521777312e+05 2.2996087309e+02
1.74700e+03 3.0542498550e+05 2.2913596633e+02
1.74800e+03 3.0562770724e+05 2.2069436911e+02
1.74900e+03 3.0580688182e+05 1.7311911900e+02
1.75000e+03 3.0598975015e+05 4.2891650103e+02
1.75100e+03 3.0617323353e+05 6.1677275114e+02
1.75200e+03 3.0635340199e+05 1.7312875900e+02
1.75300e+03 3.0655742939e+05 2.2058823919e+02
1.75400e+03 3.0676553208e+05 4.0859206925e+02
1.75500e+03 3.0697277790e+05 4.0821691294e+02
1.75600e+03 3.0717551482e+05 2.2038284815e+02
1.75700e+03 3.0735469494e+05 2.5514255989e+02
1.75800e+03 3.0753756389e+05 4.0780931479e+02
1.75900e+03 3.0772104444e+05 4.0739867935e+02
1.76000e+03 3.0790120932e+05 2.5488382890e+02
1.76100e+03 3.0810523297e+05 3.8865056866e+02
1.76200e+03 3.0831333133e+05 4.0698695402e+02
1.76300e+03 3.0850369085e+05 6.8789649362e+00
1.76400e+03 3.0869067439e+05 2.3608479046e+02
1.76500e+03 3.0890227489e+05 4.1415681938e+02
1.76600e+03 3.0911792534e+05 1.4424174790e+01
1.76700e+03 3.0931505659e+05 7.6664849410e+00
1.76800e+03 3.0951185310e+05 2.0726362808e+02
1.76900e+03 3.0972686337e+05 4.2875416817e+02
1.77000e+03 3.0993723677e+05 8.0964105303e+02
1.77100e+03 3.1012319981e+05 6.2124079170e+02
1.77200e+03 3.1031281395e+05 2.2780698024e+02
1.77300e+03 3.1051996225e+05 2.1148787900e+02
1.77400e+03 3.1072257949e+05 7.7561646490e+00
1.77500e+03 3.1090162762e+05 2.2066426786e+02
1.77600e+03 3.1108437106e+05 2.0440568181e+02
1.77700e+03 3.1128392314e+05 1.5344629400e+01
1.77800e+03 3.1148365101e+05 4.2267268502e+02
1.77900e+03 3.1166674106e+05 6.2390086300e+02
1.78000e+03 3.1184965808e+05 1.7718481476e+02
1.78100e+03 3.1203317093e+05 1.7743043100e+02
1.78200e+03 3.1221639867e+05 1.7756372409e+02
1.78300e+03 3.1240011459e+05 1.7758922773e+02
1.78400e+03 3.1258043345e+05 6.0513234401e+02
1.78500e+03 3.1278457604e+05 4.2920184982e+02
1.78600e+03 3.1298807706e+05 4.2965643046e+02
1.78700e+03 3.1316767412e+05 5.5914399852e+02
1.78800e+03 3.1334776989e+05 5.5836176939e+02
1.78900e+03 3.1352828920e+05 1.7091700504e+02
1.79000e+03 3.1371184095e+05 1.7773564314e+02
1.79100e+03 3.1391199178e+05 4.2982553103e+02
1.79200e+03 3.1411216830e+05 5.4745380257e+02
1.79300e+03 3.1429558130e+05 1.7725498774e+02
1.79400e+03 3.1447571041e+05 1.7077943179e+02
1.79500e+03 3.1467975264e+05 5.4680597938e+02
1.79600e+03 3.1488789242e+05 1.8504100127e+02
1.79700e+03 3.1507829606e+05 1.7003614652e+02
1.79800e+03 3.1526838018e+05 3.5347621475e+02
1.79900e+03 3.1547594872e+05 5.2060180839e+02
1.80000e+03 3.1567890755e+05 5.4571699072e+02
1.80100e+03 3.1585821333e+05 3.5947235488e+02
1.80200e+03 3.1603812125e+05 3.5889168449e+02
1.80300e+03 3.1621850960e+05 1.6953814051e+02
1.80400e+03 3.1640196774e+05 4.8901933095e+01
1.80500e+03 3.1660204763e+05 2.4498522522e+01
1.80600e+03 3.1680217226e+05 2.4185288870e+02
1.80700e+03 3.1700168018e+05 2.0905189624e+02
1.80800e+03 3.1720144969e+05 2.0848772490e+02
1.80900e+03 3.1738463126e+05 3.5131073002e+02
1.81000e+03 3.1756460457e+05 1.6943399728e+02
1.81100e+03 3.1776852285e+05 6.3462228836e+02
1.81200e+03 3.1797188772e+05 6.3439370014e+02
1.81300e+03 3.1817472639e+05 2.1477658871e+02
1.81400e+03 3.1838231556e+05 6.9934299537e+01
1.81500e+03 3.1858927844e+05 4.3159038991e+02
1.81600e+03 3.1879184088e+05 2.1375938413e+02
1.81700e+03 3.1899418974e+05 2.1305581130e+02
1.81800e+03 3.1920143885e+05 3.6870410745e+02
1.81900e+03 3.1939131208e+05 1.7595622442e+02
1.82000e+03 3.1958101722e+05 6.7072266264e+02
1.82100e+03 3.1978826692e+05 2.2263040471e+02
1.82200e+03 3.1999097343e+05 2.1298682118e+02
1.82300e+03 3.2017009389e+05 5.4918151390e+02
1.82400e+03 3.2034984942e+05 5.8033948238e+02
1.82500e+03 3.2055355299e+05 2.1412853747e+02
1.82600e+03 3.2076141850e+05 2.2302417628e+02
1.82700e+03 3.2095161814e+05 5.8008554530e+02
1.82800e+03 3.2113848019e+05 2.2102092709e+02
1.82900e+03 3.2132577130e+05 4.2754485825e+02
1.83000e+03 3.2151606392e+05 3.8682904584e+02
1.83100e+03 3.2172368968e+05 2.2317721200e+02
1.83200e+03 3.2192665046e+05 3.9544665415e+02
1.83300e+03 3.2210593779e+05 8.0037813520e+00
1.83400e+03 3.2228887289e+05 5.1762728471e+01
1.83500e+03 3.2247240008e+05 2.3290643591e+02
1.83600e+03 3.2265260012e+05 1.6662018994e+02
1.83700e+03 3.2285665555e+05 3.9540307036e+02
1.83800e+03 3.2306010026e+05 2.1421363257e+02
1.83900e+03 3.2326298731e+05 2.1283104603e+02
1.84000e+03 3.2347060799e+05 3.9626248393e+02
1.84100e+03 3.2367759160e+05 5.8958319801e+02
1.84200e+03 3.2388016822e+05 2.1175011842e+02
1.84300e+03 3.2405925341e+05 1.6625142470e+02
1.84400e+03 3.2424205968e+05 5.8886478676e+02
1.84500e+03 3.2444169294e+05 2.0418802286e+02
1.84600e+03 3.2463683986e+05 7.4297027525e+00
1.84700e+03 3.2480919319e+05 4.3386947340e+02
1.84800e+03 3.2498220324e+05 5.9233078634e+02
1.84900e+03 3.2517843019e+05 1.9745599100e+02
1.85000e+03 3.2537416537e+05 1.9784679576e+02
1.85100e+03 3.2554686027e+05 1.5147870256e+02
1.85200e+03 3.2572316446e+05 1.9748174518e+02
1.85300e+03 3.2591550896e+05 1.8293792456e+02
1.85400e+03 3.2610801428e+05 7.8706378409e+02
1.85500e+03 3.2628459334e+05 7.7861205804e+02
1.85600e+03 3.2645793268e+05 1.5165651432e+02
1.85700e+03 3.2663172940e+05 1.5260667071e+02
1.85800e+03 3.2680553254e+05 1.5291786417e+02
1.85900e+03 3.2700236074e+05 3.8840274118e+02
1.86000e+03 3.2720323256e+05 8.3665063381e+00
1.86100e+03 3.2740324913e+05 2.0618273531e+02
1.86200e+03 3.2760340841e+05 2.0526401126e+02
1.86300e+03 3.2780301702e+05 2.0465078511e+02
1.86400e+03 3.2799824377e+05 3.8750591239e+02
1.86500e+03 3.2817072890e+05 1.5145335401e+02
1.86600e+03 3.2834693626e+05 5.9308085439e+02
1.86700e+03 3.2853923863e+05 7.3062331265e+00
1.86800e+03 3.2872706789e+05 2.7589916555e+01
1.86900e+03 3.2891467238e+05 2.1530448431e+02
1.87000e+03 3.2910247880e+05 1.8007892875e+02
1.87100e+03 3.2926825858e+05 3.2765975295e+02
1.87200e+03 3.2943774570e+05 1.4019166631e+01
1.87300e+03 3.2962257355e+05 1.8353563381e+02
1.87400e+03 3.2980294213e+05 1.3979248938e+02
1.87500e+03 3.2996201846e+05 2.0708598000e+01
1.87600e+03 3.3012480480e+05 1.7665132013e+02
1.87700e+03 3.3030219875e+05 1.3221879741e+02
1.87800e+03 3.3047515024e+05 2.8104989291e+01
1.87900e+03 3.3062756352e+05 1.6981162893e+02
1.88000e+03 3.3078063785e+05 6.0685910904e+02
1.88100e+03 3.3095471701e+05 2.7794933348e+02
1.88200e+03 3.3113302960e+05 4.9073919834e+02
1.88300e+03 3.3129667814e+05 8.5144439390e+02
1.88400e+03 3.3146005090e+05 2.4035780076e+02
1.88500e+03 3.3163797686e+05 1.6011761831e+02
1.88600e+03 3.3181136853e+05 1.7008199640e+02
1.88700e+03 3.3196411870e+05 2.4045432551e+02
1.88800e+03 3.3212053647e+05 4.5317710194e+01
1.88900e+03 3.3229081648e+05 7.6459499708e+00
1.89000e+03 3.3245664042e+05 2.3264614278e+02
1.89100e+03 3.3260262781e+05 3.8509615987e+01
1.89200e+03 3.3275231163e+05 1.4372260110e+01
1.89300e+03 3.3291513066e+05 2.0720194160e+02
1.89400e+03 3.3307819062e+05 3.4406130240e+02
1.89500e+03 3.3324084279e+05 1.2888745583e+02
1.89600e+03 3.3339913134e+05 3.0935716195e+01
1.89700e+03 3.3353841529e+05 2.1061332123e+01
1.89800e+03 3.3368142726e+05 3.2908146039e+02
1.89900e+03 3.3383685542e+05 7.2240060351e+00
1.90000e+03 3.3398788067e+05 2.8303570309e+01
1.90100e+03 3.3413881802e+05 5.0823791341e+02
1.90200e+03 3.3429463525e+05 1.1429906357e+02
1.90300e+03 3.3443823994e+05 4.7032285764e+02
1.90400e+03 3.3457860478e+05 4.7650732383e+02
1.90500e+03 3.3473849448e+05 1.2313711264e+02
1.90600e+03 3.3490257934e+05 1.0494924187e+02
1.90700e+03 3.3506598573e+05 2.2700728512e+02
1.90800e+03 3.3522488283e+05 3.6245793198e+02
1.90900e+03 3.3536463074e+05 3.2921633865e+02
1.91000e+03 3.3550499454e+05 1.2301294280e+02
1.91100e+03 3.3566490248e+05 1.2150415277e+02
1.91200e+03 3.3582902600e+05 1.3013731609e+02
1.91300e+03 3.3597988956e+05 1.1581291485e+02
1.91400e+03 3.3612739008e+05 1.2851935819e+02
1.91500e+03 3.3629512071e+05 1.2118825442e+02
1.91600e+03 3.3646697491e+05 7.7306827932e+00
1.91700e+03 3.3662473694e+05 1.3528930279e+02
1.91800e+03 3.3677909810e+05 1.2792771173e+02
1.91900e+03 3.3695442049e+05 1.5314709978e+01
1.92000e+03 3.3713383209e+05 1.2830985265e+02
1.92100e+03 3.3731244500e+05 2.8111819932e+02
1.92200e+03 3.3748650041e+05 2.7290741969e+02
1.92300e+03 3.3763984873e+05 3.7834506958e+02
1.92400e+03 3.3779683972e+05 5.1437959604e+02
1.92500e+03 3.3796772378e+05 1.5635601679e+01
1.92600e+03 3.3813878985e+05 1.6735906556e+02
1.92700e+03 3.3829607876e+05 2.7644721917e+02
1.92800e+03 3.3845010210e+05 1.0948022598e+02
1.92900e+03 3.3862514084e+05 2.9508960087e+02
1.93000e+03 3.3879964454e+05 2.9524280066e+02
1.93100e+03 3.3895319974e+05 1.4932744469e+02
1.93200e+03 3.3911031122e+05 1.1620662790e+02
1.93300e+03 3.3928127924e+05 2.9503151696e+02
1.93400e+03 3.3945240320e+05 2.9479437281e+02
1.93500e+03 3.3962303166e+05 1.4303970931e+02
1.93600e+03 3.3979392226e+05 1.4266331513e+02
1.93700e+03 3.3995112099e+05 1.1600024152e+02
1.93800e+03 3.4010508878e+05 2.0022030419e+02
1.93900e+03 3.4025946742e+05 1.6109371326e+02
1.94000e+03 3.4041387170e+05 1.1027137353e+02
1.94100e+03 3.4056849259e+05 1.1040335329e+02
1.94200e+03 3.4072305237e+05 1.1044845365e+02
1.94300e+03 3.4089844609e+05 4.3737520966e+02
1.94400e+03 3.4107788162e+05 8.5449306300e+00
1.94500e+03 3.4124242648e+05 2.7202509433e+02
1.94600e+03 3.4140660689e+05 3.9470624983e+02
1.94700e+03 3.4158535296e+05 1.5917463983e+02
1.94800e+03 3.4175950396e+05 4.3658513469e+02
1.94900e+03 3.4191289278e+05 2.3873852022e+02
1.95000e+03 3.4206991215e+05 1.0138408815e+02
1.95100e+03 3.4224082297e+05 1.3387699701e+02
1.95200e+03 3.4241191515e+05 2.8441522371e+02
1.95300e+03 3.4256922872e+05 2.2368399993e+02
1.95400e+03 3.4272633242e+05 1.3382744413e+02
1.95500e+03 3.4289732483e+05 1.4250015613e+02
1.95600e+03 3.4306847978e+05 1.4242043319e+02
1.95700e+03 3.4322583850e+05 1.3373876265e+02
1.95800e+03 3.4337992513e+05 2.3802663604e+02
1.95900e+03 3.4355503017e+05 4.3465652775e+02
1.96000e+03 3.4372959879e+05 4.3463948261e+02
1.96100e+03 3.4388321157e+05 2.3520027835e+02
1.96200e+03 3.4404038020e+05 1.4242258768e+02
1.96300e+03 3.4421141197e+05 2.9182564295e+02
1.96400e+03 3.4437792929e+05 8.0512912847e+00
1.96500e+03 3.4452450077e+05 1.3523885400e+02
1.96600e+03 3.4467473577e+05 2.8460019359e+02
1.96700e+03 3.4483813449e+05 1.5676300684e+01
1.96800e+03 3.4500174756e+05 2.6833132072e+02
1.96900e+03 3.4515235480e+05 4.1984426768e+02
1.97000e+03 3.4530276364e+05 1.0048388783e+02
1.97100e+03 3.4545368002e+05 1.0069255127e+02
1.97200e+03 3.4560434456e+05 1.0084754459e+02
1.97300e+03 3.4576809642e+05 1.2695111265e+02
1.97400e+03 3.4592731145e+05 7.3022922068e+00
1.97500e+03 3.4606730038e+05 4.7886315355e+02
1.97600e+03 3.4620789050e+05 8.3495647286e+02
1.97700e+03 3.4636804262e+05 2.5311006264e+02
1.97800e+03 3.4653240613e+05 2.1731296277e+02
1.97900e+03 3.4669610060e+05 2.1703825971e+02
1.98000e+03 3.4685995906e+05 1.2657780063e+02
1.98100e+03 3.4702338023e+05 1.2617792119e+02
1.98200e+03 3.4718240130e+05 4.3572694244e+02
1.98300e+03 3.4734132690e+05 3.4232035346e+02
1.98400e+03 3.4750512227e+05 1.2598866000e+02
1.98500e+03 3.4765589099e+05 1.8017439594e+02
1.98600e+03 3.4780340283e+05 1.6583581017e+02
1.98700e+03 3.4795130083e+05 2.5315440749e+02
1.98800e+03 3.4809922548e+05 9.4399969072e+01
1.98900e+03 3.4826728945e+05 1.3500104640e+02
1.99000e+03 3.4843943199e+05 8.3471706625e+00
1.99100e+03 3.4859743592e+05 2.6721075326e+02
1.99200e+03 3.4875508443e+05 4.5392173920e+02
1.99300e+03 3.4892658009e+05 1.4227598901e+02
1.99400e+03 3.4909349991e+05 3.0167888285e+02
1.99500e+03 3.4926016277e+05 1.3196480736e+02
1.99600e+03 3.4942694499e+05 1.3169524135e+02
1.99700e+03 3.4959351903e+05 1.3147472749e+02
1.99800e+03 3.4976490995e+05 1.9305153092e+02
1.99900e+03 3.4993580890e+05 2.5599393092e+02
2.00000e+03 3.5010696656e+05 2.0383523402e+02
