0.0000000000e+00 0.0000000000e+00 0.0000000000e+00 0.0000000000e+00 9.7648586205e+00 0.0000000000e+00 0.0000000000e+00 0.0000000000e+00 
1.9382948773e+01 0.0000000000e+00 0.0000000000e+00 0.0000000000e+00 9.7648586205e+00 0.0000000000e+00 0.0000000000e+00 0.0000000000e+00 
1.9382948773e+01 0.0000000000e+00 0.0000000000e+00 0.0000000000e+00 9.7648586205e+00 1.1193748204e+01 0.0000000000e+00 0.0000000000e+00 
1.9382948773e+01 0.0000000000e+00 0.0000000000e+00 0.0000000000e+00 9.7648586205e+00 1.1193748204e+01 0.0000000000e+00 2.2515412055e+01 
1.9382948773e+01 0.0000000000e+00 0.0000000000e+00 0.0000000000e+00 9.7648586205e+00 3.3643076306e+01 0.0000000000e+00 2.2515412055e+01 
1.9382948773e+01 0.0000000000e+00 0.0000000000e+00 0.0000000000e+00 9.7648586205e+00 3.3643076306e+01 1.1640807899e+01 2.2515412055e+01 
1.9382948773e+01 0.0000000000e+00 3.4053044032e+01 0.0000000000e+00 9.7648586205e+00 3.3643076306e+01 1.1640807899e+01 2.2515412055e+01 
1.9382948773e+01 0.0000000000e+00 3.4053044032e+01 0.0000000000e+00 9.7648586205e+00 3.3643076306e+01 1.1640807899e+01 4.4888945019e+01 
1.9382948773e+01 0.0000000000e+00 3.4053044032e+01 0.0000000000e+00 2.9130825732e+01 3.3643076306e+01 1.1640807899e+01 4.4888945019e+01 
1.9382948773e+01 4.3963684274e+01 3.4053044032e+01 0.0000000000e+00 2.9130825732e+01 3.3643076306e+01 1.1640807899e+01 4.4888945019e+01 
1.9382948773e+01 4.3963684274e+01 5.5439729894e+01 0.0000000000e+00 2.9130825732e+01 3.3643076306e+01 1.1640807899e+01 4.4888945019e+01 
1.9382948773e+01 4.3963684274e+01 5.5439729894e+01 0.0000000000e+00 2.9130825732e+01 3.3643076306e+01 6.6023175429e+01 4.4888945019e+01 
1.9382948773e+01 4.3963684274e+01 5.5439729894e+01 5.4132024037e+01 2.9130825732e+01 3.3643076306e+01 6.6023175429e+01 4.4888945019e+01 
4.3280906878e+01 4.3963684274e+01 5.5439729894e+01 5.4132024037e+01 2.9130825732e+01 3.3643076306e+01 6.6023175429e+01 4.4888945019e+01 
4.3280906878e+01 4.3963684274e+01 5.5439729894e+01 5.4132024037e+01 2.9130825732e+01 7.7099781585e+01 6.6023175429e+01 4.4888945019e+01 
4.3280906878e+01 4.3963684274e+01 5.5439729894e+01 5.4132024037e+01 2.9130825732e+01 7.7099781585e+01 6.6023175429e+01 8.8310398742e+01 
4.3280906878e+01 4.3963684274e+01 5.5439729894e+01 5.4132024037e+01 2.9130825732e+01 9.9334172407e+01 6.6023175429e+01 8.8310398742e+01 
4.3280906878e+01 4.3963684274e+01 5.5439729894e+01 5.4132024037e+01 2.9130825732e+01 9.9334172407e+01 6.6990001666e+01 8.8310398742e+01 
4.3280906878e+01 4.3963684274e+01 5.5439729894e+01 5.4935432716e+01 2.9130825732e+01 9.9334172407e+01 6.6990001666e+01 8.8310398742e+01 
1.0967661000e+02 4.3963684274e+01 5.5439729894e+01 5.4935432716e+01 2.9130825732e+01 9.9334172407e+01 6.6990001666e+01 8.8310398742e+01 
1.0967661000e+02 4.3963684274e+01 5.5439729894e+01 5.4935432716e+01 1.2003205976e+02 9.9334172407e+01 6.6990001666e+01 8.8310398742e+01 
1.3025174619e+02 4.3963684274e+01 5.5439729894e+01 5.4935432716e+01 1.2003205976e+02 9.9334172407e+01 6.6990001666e+01 8.8310398742e+01 
1.3025174619e+02 4.3963684274e+01 5.5439729894e+01 5.4935432716e+01 1.2003205976e+02 1.0020583804e+02 6.6990001666e+01 8.8310398742e+01 
1.3025174619e+02 4.3963684274e+01 5.5439729894e+01 5.4935432716e+01 1.2003205976e+02 1.0020583804e+02 6.7870708405e+01 8.8310398742e+01 
1.3025174619e+02 4.3963684274e+01 5.5439729894e+01 1.4191197688e+02 1.2003205976e+02 1.0020583804e+02 6.7870708405e+01 8.8310398742e+01 
1.3025174619e+02 1.5331804607e+02 5.5439729894e+01 1.4191197688e+02 1.2003205976e+02 1.0020583804e+02 6.7870708405e+01 8.8310398742e+01 
1.3025174619e+02 1.5331804607e+02 1.0050946966e+02 1.4191197688e+02 1.2003205976e+02 1.0020583804e+02 6.7870708405e+01 8.8310398742e+01 
1.3025174619e+02 1.5331804607e+02 1.0050946966e+02 1.4191197688e+02 1.2003205976e+02 1.0020583804e+02 6.7870708405e+01 1.3194069151e+02 
1.3025174619e+02 1.5331804607e+02 1.0050946966e+02 1.4191197688e+02 1.2003205976e+02 1.4366723348e+02 6.7870708405e+01 1.3194069151e+02 
1.3025174619e+02 1.5331804607e+02 1.0050946966e+02 1.4191197688e+02 1.2003205976e+02 1.4366723348e+02 6.7870708405e+01 1.5552682875e+02 
1.3025174619e+02 1.5331804607e+02 1.0050946966e+02 1.4191197688e+02 1.6360585162e+02 1.4366723348e+02 6.7870708405e+01 1.5552682875e+02 
1.7368728005e+02 1.5331804607e+02 1.0050946966e+02 1.4191197688e+02 1.6360585162e+02 1.4366723348e+02 6.7870708405e+01 1.5552682875e+02 
1.7368728005e+02 1.5331804607e+02 1.0050946966e+02 1.4191197688e+02 1.8386636036e+02 1.4366723348e+02 6.7870708405e+01 1.5552682875e+02 
1.7368728005e+02 1.5240494435e+02 1.0050946966e+02 1.4191197688e+02 1.8386636036e+02 1.4366723348e+02 6.7870708405e+01 1.5552682875e+02 
1.7368728005e+02 1.5240494435e+02 1.6675746999e+02 1.4191197688e+02 1.8386636036e+02 1.4366723348e+02 6.7870708405e+01 1.5552682875e+02 
1.7368728005e+02 1.5240494435e+02 1.6675746999e+02 1.4191197688e+02 1.8386636036e+02 1.4366723348e+02 6.7870708405e+01 1.9481368175e+02 
1.7368728005e+02 1.5240494435e+02 1.6675746999e+02 1.4191197688e+02 1.8315673065e+02 1.4366723348e+02 6.7870708405e+01 1.9481368175e+02 
1.7368728005e+02 1.7644177394e+02 1.6675746999e+02 1.4191197688e+02 1.8315673065e+02 1.4366723348e+02 6.7870708405e+01 1.9481368175e+02 
1.7368728005e+02 1.7644177394e+02 2.0513602359e+02 1.4191197688e+02 1.8315673065e+02 1.4366723348e+02 6.7870708405e+01 1.9481368175e+02 
1.7368728005e+02 1.7644177394e+02 2.0513602359e+02 1.4191197688e+02 1.8315673065e+02 1.4366723348e+02 2.1549988194e+02 1.9481368175e+02 
1.7368728005e+02 1.7644177394e+02 2.0513602359e+02 1.8641734625e+02 1.8315673065e+02 1.4366723348e+02 2.1549988194e+02 1.9481368175e+02 
1.9259174341e+02 1.7644177394e+02 2.0513602359e+02 1.8641734625e+02 1.8315673065e+02 1.4366723348e+02 2.1549988194e+02 1.9481368175e+02 
1.9259174341e+02 1.7644177394e+02 2.0513602359e+02 1.8641734625e+02 1.8315673065e+02 2.2637530018e+02 2.1549988194e+02 1.9481368175e+02 
1.9259174341e+02 1.7644177394e+02 2.0513602359e+02 1.8641734625e+02 1.8315673065e+02 2.2637530018e+02 2.1652797858e+02 1.9481368175e+02 
1.9259174341e+02 1.7644177394e+02 2.0513602359e+02 2.0339392550e+02 1.8315673065e+02 2.2637530018e+02 2.1652797858e+02 1.9481368175e+02 
2.3656922238e+02 1.7644177394e+02 2.0513602359e+02 2.0339392550e+02 1.8315673065e+02 2.2637530018e+02 2.1652797858e+02 1.9481368175e+02 
2.3656922238e+02 1.7644177394e+02 2.0513602359e+02 2.0339392550e+02 1.8315673065e+02 2.2827455150e+02 2.1652797858e+02 1.9481368175e+02 
2.3656922238e+02 1.7644177394e+02 2.0513602359e+02 2.0339392550e+02 1.8315673065e+02 2.2827455150e+02 2.1739510477e+02 1.9481368175e+02 
2.3656922238e+02 1.7644177394e+02 2.0513602359e+02 2.4810698515e+02 1.8315673065e+02 2.2827455150e+02 2.1739510477e+02 1.9481368175e+02 
2.3922154446e+02 1.7644177394e+02 2.0513602359e+02 2.4810698515e+02 1.8315673065e+02 2.2827455150e+02 2.1739510477e+02 1.9481368175e+02 
2.3922154446e+02 1.7644177394e+02 2.0513602359e+02 2.4810698515e+02 1.8315673065e+02 2.2996812888e+02 2.1739510477e+02 1.9481368175e+02 
2.3922154446e+02 1.7644177394e+02 2.0513602359e+02 2.4810698515e+02 1.8315673065e+02 2.2996812888e+02 2.6115361866e+02 1.9481368175e+02 
2.3922154446e+02 1.7644177394e+02 2.7406385824e+02 2.4810698515e+02 1.8315673065e+02 2.2996812888e+02 2.6115361866e+02 1.9481368175e+02 
2.3922154446e+02 1.7644177394e+02 2.7406385824e+02 2.4810698515e+02 1.8315673065e+02 2.2996812888e+02 2.6115361866e+02 2.4263380388e+02 
2.3922154446e+02 1.7644177394e+02 2.7406385824e+02 2.4810698515e+02 1.8315673065e+02 2.7357619292e+02 2.6115361866e+02 2.4263380388e+02 
2.3922154446e+02 1.7644177394e+02 2.7406385824e+02 2.4810698515e+02 1.8315673065e+02 2.7357619292e+02 2.6115361866e+02 2.8611994185e+02 
2.3922154446e+02 1.7644177394e+02 2.7406385824e+02 2.4810698515e+02 2.5016312232e+02 2.7357619292e+02 2.6115361866e+02 2.8611994185e+02 
2.3922154446e+02 2.8513078579e+02 2.7406385824e+02 2.4810698515e+02 2.5016312232e+02 2.7357619292e+02 2.6115361866e+02 2.8611994185e+02 
2.3922154446e+02 2.8513078579e+02 2.9797575189e+02 2.4810698515e+02 2.5016312232e+02 2.7357619292e+02 2.6115361866e+02 2.8611994185e+02 
2.3922154446e+02 2.8513078579e+02 2.9797575189e+02 2.4810698515e+02 2.5016312232e+02 2.7357619292e+02 2.6115361866e+02 2.8520178451e+02 
2.3922154446e+02 2.8513078579e+02 2.9797575189e+02 2.4810698515e+02 2.9519486514e+02 2.7357619292e+02 2.6115361866e+02 2.8520178451e+02 
2.3922154446e+02 3.0822055555e+02 2.9797575189e+02 2.4810698515e+02 2.9519486514e+02 2.7357619292e+02 2.6115361866e+02 2.8520178451e+02 
2.3922154446e+02 3.0822055555e+02 2.9619769165e+02 2.4810698515e+02 2.9519486514e+02 2.7357619292e+02 2.6115361866e+02 2.8520178451e+02 
2.3922154446e+02 3.0822055555e+02 2.9619769165e+02 2.4810698515e+02 2.9519486514e+02 2.7357619292e+02 3.0724069772e+02 2.8520178451e+02 
2.3922154446e+02 3.0822055555e+02 2.9619769165e+02 3.1876578637e+02 2.9519486514e+02 2.7357619292e+02 3.0724069772e+02 2.8520178451e+02 
2.3922154446e+02 3.2910664518e+02 2.9619769165e+02 3.1876578637e+02 2.9519486514e+02 2.7357619292e+02 3.0724069772e+02 2.8520178451e+02 
2.3922154446e+02 3.2910664518e+02 2.9619769165e+02 3.3948421517e+02 2.9519486514e+02 2.7357619292e+02 3.0724069772e+02 2.8520178451e+02 
3.0516201560e+02 3.2910664518e+02 2.9619769165e+02 3.3948421517e+02 2.9519486514e+02 2.7357619292e+02 3.0724069772e+02 2.8520178451e+02 
3.0516201560e+02 3.2910664518e+02 2.9619769165e+02 3.3948421517e+02 2.9519486514e+02 3.1879562827e+02 3.0724069772e+02 2.8520178451e+02 
3.0516201560e+02 3.2910664518e+02 2.9619769165e+02 3.3948421517e+02 2.9519486514e+02 3.1879562827e+02 3.0724069772e+02 3.3049545507e+02 
3.0516201560e+02 3.2910664518e+02 2.9619769165e+02 3.3948421517e+02 3.3919664821e+02 3.1879562827e+02 3.0724069772e+02 3.3049545507e+02 
3.0516201560e+02 3.4974588051e+02 2.9619769165e+02 3.3948421517e+02 3.3919664821e+02 3.1879562827e+02 3.0724069772e+02 3.3049545507e+02 
3.0516201560e+02 3.4974588051e+02 3.4149867462e+02 3.3948421517e+02 3.3919664821e+02 3.1879562827e+02 3.0724069772e+02 3.3049545507e+02 
3.0516201560e+02 3.4974588051e+02 3.4149867462e+02 3.3948421517e+02 3.3919664821e+02 3.1879562827e+02 3.0724069772e+02 3.4994095475e+02 
3.0516201560e+02 3.4974588051e+02 3.4149867462e+02 3.3948421517e+02 3.5900243351e+02 3.1879562827e+02 3.0724069772e+02 3.4994095475e+02 
3.0516201560e+02 3.5097329640e+02 3.4149867462e+02 3.3948421517e+02 3.5900243351e+02 3.1879562827e+02 3.0724069772e+02 3.4994095475e+02 
3.0516201560e+02 3.5097329640e+02 3.4149867462e+02 3.6053927654e+02 3.5900243351e+02 3.1879562827e+02 3.0724069772e+02 3.4994095475e+02 
3.6814321744e+02 3.5097329640e+02 3.4149867462e+02 3.6053927654e+02 3.5900243351e+02 3.1879562827e+02 3.0724069772e+02 3.4994095475e+02 
3.6814321744e+02 3.5097329640e+02 3.4149867462e+02 3.6053927654e+02 3.7736018326e+02 3.1879562827e+02 3.0724069772e+02 3.4994095475e+02 
3.8647996080e+02 3.5097329640e+02 3.4149867462e+02 3.6053927654e+02 3.7736018326e+02 3.1879562827e+02 3.0724069772e+02 3.4994095475e+02 
3.8647996080e+02 3.5097329640e+02 3.4149867462e+02 3.6053927654e+02 3.9570317083e+02 3.1879562827e+02 3.0724069772e+02 3.4994095475e+02 
4.0482595330e+02 3.5097329640e+02 3.4149867462e+02 3.6053927654e+02 3.9570317083e+02 3.1879562827e+02 3.0724069772e+02 3.4994095475e+02 
4.0482595330e+02 3.5097329640e+02 3.4149867462e+02 3.6053927654e+02 3.9570317083e+02 3.6069037323e+02 3.0724069772e+02 3.4994095475e+02 
4.0482595330e+02 3.5097329640e+02 3.4149867462e+02 3.6053927654e+02 3.9570317083e+02 3.6069037323e+02 3.0724069772e+02 4.0655066405e+02 
4.0482595330e+02 3.5097329640e+02 3.4149867462e+02 3.6053927654e+02 4.1412582303e+02 3.6069037323e+02 3.0724069772e+02 4.0655066405e+02 
4.2323417758e+02 3.5097329640e+02 3.4149867462e+02 3.6053927654e+02 4.1412582303e+02 3.6069037323e+02 3.0724069772e+02 4.0655066405e+02 
4.2323417758e+02 3.5097329640e+02 3.4149867462e+02 3.6053927654e+02 4.3243680139e+02 3.6069037323e+02 3.0724069772e+02 4.0655066405e+02 
4.2323417758e+02 3.7009240923e+02 3.4149867462e+02 3.6053927654e+02 4.3243680139e+02 3.6069037323e+02 3.0724069772e+02 4.0655066405e+02 
4.2323417758e+02 3.7009240923e+02 4.1673024937e+02 3.6053927654e+02 4.3243680139e+02 3.6069037323e+02 3.0724069772e+02 4.0655066405e+02 
4.2323417758e+02 3.7009240923e+02 4.1673024937e+02 3.6053927654e+02 4.3243680139e+02 3.6069037323e+02 4.2693374913e+02 4.0655066405e+02 
4.2323417758e+02 3.7009240923e+02 4.1673024937e+02 4.3299912309e+02 4.3243680139e+02 3.6069037323e+02 4.2693374913e+02 4.0655066405e+02 
4.4165096973e+02 3.7009240923e+02 4.1673024937e+02 4.3299912309e+02 4.3243680139e+02 3.6069037323e+02 4.2693374913e+02 4.0655066405e+02 
4.4165096973e+02 3.7009240923e+02 4.1673024937e+02 4.3299912309e+02 4.3243680139e+02 4.3762422168e+02 4.2693374913e+02 4.0655066405e+02 
4.4165096973e+02 3.7009240923e+02 4.1673024937e+02 4.3299912309e+02 4.3243680139e+02 4.3762422168e+02 4.4418438611e+02 4.0655066405e+02 
4.4165096973e+02 3.7009240923e+02 4.5526601337e+02 4.3299912309e+02 4.3243680139e+02 4.3762422168e+02 4.4418438611e+02 4.0655066405e+02 
4.4165096973e+02 3.7009240923e+02 4.5526601337e+02 4.3299912309e+02 4.3243680139e+02 4.3762422168e+02 4.4418438611e+02 4.4843014474e+02 
4.4165096973e+02 3.7009240923e+02 4.5526601337e+02 4.3299912309e+02 4.5093985236e+02 4.3762422168e+02 4.4418438611e+02 4.4843014474e+02 
4.4165096973e+02 4.6471891789e+02 4.5526601337e+02 4.3299912309e+02 4.5093985236e+02 4.3762422168e+02 4.4418438611e+02 4.4843014474e+02 
4.4165096973e+02 4.6471891789e+02 4.5526601337e+02 4.7424597798e+02 4.5093985236e+02 4.3762422168e+02 4.4418438611e+02 4.4843014474e+02 
4.6005193495e+02 4.6471891789e+02 4.5526601337e+02 4.7424597798e+02 4.5093985236e+02 4.3762422168e+02 4.4418438611e+02 4.4843014474e+02 
4.6005193495e+02 4.6471891789e+02 4.5526601337e+02 4.7424597798e+02 4.5093985236e+02 4.5907569859e+02 4.4418438611e+02 4.4843014474e+02 
4.6005193495e+02 4.6471891789e+02 4.5526601337e+02 4.7424597798e+02 4.5093985236e+02 4.5907569859e+02 4.4418438611e+02 4.6986213676e+02 
4.6005193495e+02 4.6471891789e+02 4.5526601337e+02 4.7424597798e+02 4.7397039561e+02 4.5907569859e+02 4.4418438611e+02 4.6986213676e+02 
4.8302966155e+02 4.6471891789e+02 4.5526601337e+02 4.7424597798e+02 4.7397039561e+02 4.5907569859e+02 4.4418438611e+02 4.6986213676e+02 
4.8302966155e+02 4.6471891789e+02 4.5526601337e+02 4.7424597798e+02 4.9218274186e+02 4.5907569859e+02 4.4418438611e+02 4.6986213676e+02 
4.8302966155e+02 4.8369513582e+02 4.5526601337e+02 4.7424597798e+02 4.9218274186e+02 4.5907569859e+02 4.4418438611e+02 4.6986213676e+02 
4.8302966155e+02 4.8369513582e+02 4.7998783642e+02 4.7424597798e+02 4.9218274186e+02 4.5907569859e+02 4.4418438611e+02 4.6986213676e+02 
4.8302966155e+02 4.8369513582e+02 4.7998783642e+02 4.7424597798e+02 4.9218274186e+02 4.5907569859e+02 4.4418438611e+02 5.0202239550e+02 
4.8302966155e+02 4.8369513582e+02 4.7998783642e+02 4.7424597798e+02 4.9212683532e+02 4.5907569859e+02 4.4418438611e+02 5.0202239550e+02 
4.8302966155e+02 4.8864542230e+02 4.7998783642e+02 4.7424597798e+02 4.9212683532e+02 4.5907569859e+02 4.4418438611e+02 5.0202239550e+02 
4.8302966155e+02 4.8864542230e+02 5.1124778287e+02 4.7424597798e+02 4.9212683532e+02 4.5907569859e+02 4.4418438611e+02 5.0202239550e+02 
4.8302966155e+02 4.8864542230e+02 5.1124778287e+02 4.7424597798e+02 4.9212683532e+02 4.5907569859e+02 4.4418438611e+02 5.0110581067e+02 
4.8302966155e+02 4.8864542230e+02 5.1124778287e+02 4.7424597798e+02 4.9630525734e+02 4.5907569859e+02 4.4418438611e+02 5.0110581067e+02 
5.0382545513e+02 4.8864542230e+02 5.1124778287e+02 4.7424597798e+02 4.9630525734e+02 4.5907569859e+02 4.4418438611e+02 5.0110581067e+02 
5.0382545513e+02 4.8864542230e+02 5.1124778287e+02 4.7424597798e+02 4.9630525734e+02 5.1003263016e+02 4.4418438611e+02 5.0110581067e+02 
5.0382545513e+02 4.8864542230e+02 5.1124778287e+02 4.7424597798e+02 4.9630525734e+02 5.1003263016e+02 5.2067360087e+02 5.0110581067e+02 
5.0382545513e+02 4.8864542230e+02 5.1124778287e+02 5.1281524346e+02 4.9630525734e+02 5.1003263016e+02 5.2067360087e+02 5.0110581067e+02 
5.1848149778e+02 4.8864542230e+02 5.1124778287e+02 5.1281524346e+02 4.9630525734e+02 5.1003263016e+02 5.2067360087e+02 5.0110581067e+02 
5.1848149778e+02 4.8864542230e+02 5.1124778287e+02 5.1281524346e+02 5.2694464980e+02 5.1003263016e+02 5.2067360087e+02 5.0110581067e+02 
5.1848149778e+02 5.2155951971e+02 5.1124778287e+02 5.1281524346e+02 5.2694464980e+02 5.1003263016e+02 5.2067360087e+02 5.0110581067e+02 
5.1848149778e+02 5.2155951971e+02 5.2999340316e+02 5.1281524346e+02 5.2694464980e+02 5.1003263016e+02 5.2067360087e+02 5.0110581067e+02 
5.1848149778e+02 5.2155951971e+02 5.2999340316e+02 5.1281524346e+02 5.2694464980e+02 5.1003263016e+02 5.3932774450e+02 5.0110581067e+02 
5.1848149778e+02 5.2155951971e+02 5.2999340316e+02 5.3053793431e+02 5.2694464980e+02 5.1003263016e+02 5.3932774450e+02 5.0110581067e+02 
5.3538600624e+02 5.2155951971e+02 5.2999340316e+02 5.3053793431e+02 5.2694464980e+02 5.1003263016e+02 5.3932774450e+02 5.0110581067e+02 
5.3538600624e+02 5.2155951971e+02 5.2999340316e+02 5.3053793431e+02 5.4384057511e+02 5.1003263016e+02 5.3932774450e+02 5.0110581067e+02 
5.3538600624e+02 5.3927332979e+02 5.2999340316e+02 5.3053793431e+02 5.4384057511e+02 5.1003263016e+02 5.3932774450e+02 5.0110581067e+02 
5.3538600624e+02 5.3927332979e+02 5.4863773116e+02 5.3053793431e+02 5.4384057511e+02 5.1003263016e+02 5.3932774450e+02 5.0110581067e+02 
5.3538600624e+02 5.3927332979e+02 5.4863773116e+02 5.3053793431e+02 5.4384057511e+02 5.1003263016e+02 5.5796282031e+02 5.0110581067e+02 
5.3538600624e+02 5.3927332979e+02 5.6728542533e+02 5.3053793431e+02 5.4384057511e+02 5.1003263016e+02 5.5796282031e+02 5.0110581067e+02 
5.3538600624e+02 5.3927332979e+02 5.6728542533e+02 5.3053793431e+02 5.4384057511e+02 5.1003263016e+02 5.7662035126e+02 5.0110581067e+02 
5.3538600624e+02 5.3927332979e+02 5.6728542533e+02 5.4827153523e+02 5.4384057511e+02 5.1003263016e+02 5.7662035126e+02 5.0110581067e+02 
5.5228729916e+02 5.3927332979e+02 5.6728542533e+02 5.4827153523e+02 5.4384057511e+02 5.1003263016e+02 5.7662035126e+02 5.0110581067e+02 
5.5228729916e+02 5.3927332979e+02 5.6728542533e+02 5.4827153523e+02 5.4384057511e+02 5.8641709131e+02 5.7662035126e+02 5.0110581067e+02 
5.5228729916e+02 5.3927332979e+02 5.6728542533e+02 5.4827153523e+02 5.4384057511e+02 5.8641709131e+02 5.7758223219e+02 5.0110581067e+02 
5.5228729916e+02 5.3927332979e+02 5.6728542533e+02 5.6206151931e+02 5.4384057511e+02 5.8641709131e+02 5.7758223219e+02 5.0110581067e+02 
5.5228729916e+02 5.7683284044e+02 5.6728542533e+02 5.6206151931e+02 5.4384057511e+02 5.8641709131e+02 5.7758223219e+02 5.0110581067e+02 
5.5228729916e+02 5.7683284044e+02 5.8770504050e+02 5.6206151931e+02 5.4384057511e+02 5.8641709131e+02 5.7758223219e+02 5.0110581067e+02 
5.5228729916e+02 5.7683284044e+02 5.8770504050e+02 5.6206151931e+02 5.4384057511e+02 5.8641709131e+02 5.7758223219e+02 5.9625763209e+02 
5.5228729916e+02 5.7683284044e+02 5.8770504050e+02 5.6206151931e+02 5.4384057511e+02 6.0593986487e+02 5.7758223219e+02 5.9625763209e+02 
5.5228729916e+02 5.7683284044e+02 5.8770504050e+02 5.6206151931e+02 5.4384057511e+02 6.0593986487e+02 5.9788952881e+02 5.9625763209e+02 
5.5228729916e+02 5.7683284044e+02 5.8770504050e+02 5.8652695535e+02 5.4384057511e+02 6.0593986487e+02 5.9788952881e+02 5.9625763209e+02 
5.5228729916e+02 5.9718852449e+02 5.8770504050e+02 5.8652695535e+02 5.4384057511e+02 6.0593986487e+02 5.9788952881e+02 5.9625763209e+02 
5.5228729916e+02 5.9718852449e+02 6.0795375342e+02 5.8652695535e+02 5.4384057511e+02 6.0593986487e+02 5.9788952881e+02 5.9625763209e+02 
5.5228729916e+02 5.9718852449e+02 6.0795375342e+02 5.8652695535e+02 5.4384057511e+02 6.0593986487e+02 5.9788952881e+02 6.1572888698e+02 
5.5228729916e+02 5.9718852449e+02 6.0795375342e+02 5.8652695535e+02 6.0556816126e+02 6.0593986487e+02 5.9788952881e+02 6.1572888698e+02 
5.5228729916e+02 6.1653468044e+02 6.0795375342e+02 5.8652695535e+02 6.0556816126e+02 6.0593986487e+02 5.9788952881e+02 6.1572888698e+02 
5.5228729916e+02 6.1653468044e+02 6.2488743909e+02 5.8652695535e+02 6.0556816126e+02 6.0593986487e+02 5.9788952881e+02 6.1572888698e+02 
5.5228729916e+02 6.1653468044e+02 6.2488743909e+02 5.8652695535e+02 6.0556816126e+02 6.0593986487e+02 5.9788952881e+02 6.1484900372e+02 
5.5228729916e+02 6.1653468044e+02 6.2488743909e+02 5.8652695535e+02 6.2410671367e+02 6.0593986487e+02 5.9788952881e+02 6.1484900372e+02 
5.5228729916e+02 6.3269096566e+02 6.2488743909e+02 5.8652695535e+02 6.2410671367e+02 6.0593986487e+02 5.9788952881e+02 6.1484900372e+02 
5.5228729916e+02 6.3269096566e+02 6.2317969778e+02 5.8652695535e+02 6.2410671367e+02 6.0593986487e+02 5.9788952881e+02 6.1484900372e+02 
5.5228729916e+02 6.3269096566e+02 6.2317969778e+02 5.8652695535e+02 6.2410671367e+02 6.0593986487e+02 6.3154398348e+02 6.1484900372e+02 
5.5228729916e+02 6.3269096566e+02 6.2317969778e+02 6.4077290277e+02 6.2410671367e+02 6.0593986487e+02 6.3154398348e+02 6.1484900372e+02 
6.3169270932e+02 6.3269096566e+02 6.2317969778e+02 6.4077290277e+02 6.2410671367e+02 6.0593986487e+02 6.3154398348e+02 6.1484900372e+02 
6.3169270932e+02 6.3269096566e+02 6.2317969778e+02 6.4077290277e+02 6.4029567458e+02 6.0593986487e+02 6.3154398348e+02 6.1484900372e+02 
6.3169270932e+02 6.4865951538e+02 6.2317969778e+02 6.4077290277e+02 6.4029567458e+02 6.0593986487e+02 6.3154398348e+02 6.1484900372e+02 
6.3169270932e+02 6.4865951538e+02 6.2317969778e+02 6.5661667315e+02 6.4029567458e+02 6.0593986487e+02 6.3154398348e+02 6.1484900372e+02 
6.4784236421e+02 6.4865951538e+02 6.2317969778e+02 6.5661667315e+02 6.4029567458e+02 6.0593986487e+02 6.3154398348e+02 6.1484900372e+02 
6.4784236421e+02 6.4865951538e+02 6.2317969778e+02 6.5661667315e+02 6.4029567458e+02 6.4048070787e+02 6.3154398348e+02 6.1484900372e+02 
6.4784236421e+02 6.4865951538e+02 6.2317969778e+02 6.5661667315e+02 6.4029567458e+02 6.4048070787e+02 6.3154398348e+02 6.4954525693e+02 
6.4784236421e+02 6.4865951538e+02 6.2317969778e+02 6.5661667315e+02 6.5632167489e+02 6.4048070787e+02 6.3154398348e+02 6.4954525693e+02 
6.6382115574e+02 6.4865951538e+02 6.2317969778e+02 6.5661667315e+02 6.5632167489e+02 6.4048070787e+02 6.3154398348e+02 6.4954525693e+02 
6.6382115574e+02 6.4865951538e+02 6.2317969778e+02 6.5661667315e+02 6.7140677018e+02 6.4048070787e+02 6.3154398348e+02 6.4954525693e+02 
6.6382115574e+02 6.6451008444e+02 6.2317969778e+02 6.5661667315e+02 6.7140677018e+02 6.4048070787e+02 6.3154398348e+02 6.4954525693e+02 
6.6382115574e+02 6.6451008444e+02 6.2317969778e+02 6.7247781124e+02 6.7140677018e+02 6.4048070787e+02 6.3154398348e+02 6.4954525693e+02 
6.6382115574e+02 6.8037916604e+02 6.2317969778e+02 6.7247781124e+02 6.7140677018e+02 6.4048070787e+02 6.3154398348e+02 6.4954525693e+02 
6.6382115574e+02 6.8037916604e+02 6.2317969778e+02 6.8834212619e+02 6.7140677018e+02 6.4048070787e+02 6.3154398348e+02 6.4954525693e+02 
6.6382115574e+02 6.9623771199e+02 6.2317969778e+02 6.8834212619e+02 6.7140677018e+02 6.4048070787e+02 6.3154398348e+02 6.4954525693e+02 
6.6382115574e+02 6.9623771199e+02 6.5797281889e+02 6.8834212619e+02 6.7140677018e+02 6.4048070787e+02 6.3154398348e+02 6.4954525693e+02 
6.6382115574e+02 6.9623771199e+02 6.5797281889e+02 6.8834212619e+02 6.7140677018e+02 6.4048070787e+02 6.3154398348e+02 6.7954024094e+02 
6.6382115574e+02 6.9623771199e+02 6.5797281889e+02 6.8834212619e+02 7.0307204123e+02 6.4048070787e+02 6.3154398348e+02 6.7954024094e+02 
6.6382115574e+02 6.9543161176e+02 6.5797281889e+02 6.8834212619e+02 7.0307204123e+02 6.4048070787e+02 6.3154398348e+02 6.7954024094e+02 
