0.00000e+00 0.0000000000e+00 0.0000000000e+00
1.00000e+00 2.9715542780e+00 2.9715542780e+00
2.00000e+00 5.8841090386e+00 5.8811374843e+00
3.00000e+00 8.8183054938e+00 5.8378985240e+00
4.00000e+00 1.1887199857e+01 3.0688943631e+00
5.00000e+00 1.5151294318e+01 3.2640944609e+00
6.00000e+00 1.8292159476e+01 1.1941508507e+01
7.00000e+00 2.1406115441e+01 1.5043522964e+01
8.00000e+00 2.4649899789e+01 6.5046147145e+00
9.00000e+00 2.7795260677e+01 9.0206172345e+00
1.00000e+01 3.0891515189e+01 9.0389567666e+00
1.10000e+01 3.4132572060e+01 1.1906529408e+01
1.20000e+01 3.7335550073e+01 1.1853816544e+01
1.30000e+01 4.0534716016e+01 6.3686149008e+00
1.40000e+01 4.3737000264e+01 6.3615525211e+00
1.50000e+01 4.6901151854e+01 6.2392776341e+00
1.60000e+01 5.0014038089e+01 1.2522734637e+01
1.70000e+01 5.3251664337e+01 6.3936512740e+00
1.80000e+01 5.6400577638e+01 6.2358842344e+00
1.90000e+01 5.9518472676e+01 1.2769635870e+01
2.00000e+01 6.2660550659e+01 1.2750030917e+01
2.10000e+01 6.5776954896e+01 6.1997416372e+00
2.20000e+01 6.8921861877e+01 6.1963708939e+00
2.30000e+01 7.2040465629e+01 6.1923740381e+00
2.40000e+01 7.5187423747e+01 6.1882328009e+00
2.50000e+01 7.7987289857e+01 1.8596368488e+01
2.60000e+01 8.0800293275e+01 6.0873748060e+00
2.70000e+01 8.3755447438e+01 1.8290979445e+01
2.80000e+01 8.6603521306e+01 2.9888424989e-01
2.90000e+01 8.9433845411e+01 5.5951795558e+00
3.00000e+01 9.2393408744e+01 2.4417225173e+01
3.10000e+01 9.5332307831e+01 5.8031013409e+00
3.20000e+01 9.8268633786e+01 5.7740608615e+00
3.30000e+01 1.0118035325e+02 1.8339067206e+01
3.40000e+01 1.0404951924e+02 2.4126149279e+01
3.50000e+01 1.0688831785e+02 2.4029102273e+01
3.60000e+01 1.0960834686e+02 4.2593545146e+01
3.70000e+01 1.1231029369e+02 3.0085391273e+01
3.80000e+01 1.1513452486e+02 5.5505576027e+00
3.90000e+01 1.1795092888e+02 5.5226124605e+00
4.00000e+01 1.2075931223e+02 5.5012420287e+00
4.10000e+01 1.2357220253e+02 5.4922270670e+00
4.20000e+01 1.2638265069e+02 5.4887996493e+00
4.30000e+01 1.2919676143e+02 5.4845312820e+00
4.40000e+01 1.3200880018e+02 5.4806373461e+00
4.50000e+01 1.3482423863e+02 5.4764844235e+00
4.60000e+01 1.3763729310e+02 5.4720236457e+00
4.70000e+01 1.4061665349e+02 5.8087481126e+00
4.80000e+01 1.4355787414e+02 2.7554266491e+01
4.90000e+01 1.4644956291e+02 5.5428019439e+00
5.00000e+01 1.4922002520e+02 1.1729501015e+01
5.10000e+01 1.5236363611e+02 3.9726227613e+01
5.20000e+01 1.5555157697e+02 4.5615952751e+01
5.30000e+01 1.5836604026e+02 2.7578283484e+01
5.40000e+01 1.6104619144e+02 2.7917122530e+01
5.50000e+01 1.6417360261e+02 6.1411962483e+00
5.60000e+01 1.6735313292e+02 6.1266445040e+00
5.70000e+01 1.7049942504e+02 6.1393988130e+00
5.80000e+01 1.7367502574e+02 6.1293297989e+00
5.90000e+01 1.7649074089e+02 5.7794039710e+00
6.00000e+01 1.7932025092e+02 5.5537147172e+00
6.10000e+01 1.8213603601e+02 5.7022484293e+00
6.20000e+01 1.8482939391e+02 1.2281521187e+01
6.30000e+01 1.8751906628e+02 1.2143196885e+01
6.40000e+01 1.9033846215e+02 5.6864320131e+00
6.50000e+01 1.9315334609e+02 1.2268338521e+01
6.60000e+01 1.9596164993e+02 1.2244978160e+01
6.70000e+01 1.9877592167e+02 5.4136357843e+00
6.80000e+01 2.0147397640e+02 5.1843321708e+00
6.90000e+01 2.0416805692e+02 5.4186561311e+00
7.00000e+01 2.0682587306e+02 5.3729988879e+00
7.10000e+01 2.0996808081e+02 6.1191161008e+00
7.20000e+01 2.1315994544e+02 1.0609136752e+01
7.30000e+01 2.1596634387e+02 5.2448436625e+00
7.40000e+01 2.1864185842e+02 5.2572972314e+00
7.50000e+01 2.2177361457e+02 1.0588076012e+01
7.60000e+01 2.2495737582e+02 6.0895087223e+00
7.70000e+01 2.2810738839e+02 6.1016756299e+00
7.80000e+01 2.3139501703e+02 2.9244505650e+01
7.90000e+01 2.3457287459e+02 1.0748151496e+01
8.00000e+01 2.3769504955e+02 1.6459496611e+01
8.10000e+01 2.4096091543e+02 6.2896278850e+01
8.20000e+01 2.4418593694e+02 1.2126245348e+01
8.30000e+01 2.4740484763e+02 6.1993639181e+00
8.40000e+01 2.5060099273e+02 6.1079578033e+00
8.50000e+01 2.5344362932e+02 1.1346749529e+01
8.60000e+01 2.5612404564e+02 1.1340304550e+01
8.70000e+01 2.5881445890e+02 5.1182694745e+00
8.80000e+01 2.6146743213e+02 5.0857081090e+00
8.90000e+01 2.6415138472e+02 5.0741617287e+00
9.00000e+01 2.6697117448e+02 7.3422284918e+00
9.10000e+01 2.6978452511e+02 1.6045079715e+01
9.20000e+01 2.7247193378e+02 5.1035230076e+00
9.30000e+01 2.7515995069e+02 5.1024838128e+00
9.40000e+01 2.7781298378e+02 5.0630057509e+00
9.50000e+01 2.8095122462e+02 6.2345473766e+00
9.60000e+01 2.8426462294e+02 1.4665962307e+01
9.70000e+01 2.8743713985e+02 1.0515528516e+01
9.80000e+01 2.9055502449e+02 1.9187528800e+01
9.90000e+01 2.9364830371e+02 5.9165124006e+00
1.00000e+02 2.9661928222e+02 3.1794542157e-01
1.01000e+02 2.9957328624e+02 1.1319679947e+01
1.02000e+02 3.0248194876e+02 1.1246044280e+01
1.03000e+02 3.0542139420e+02 5.5421170291e+00
1.04000e+02 3.0849367956e+02 5.8649966133e+00
1.05000e+02 3.1176310965e+02 1.4701815748e+01
1.06000e+02 3.1491378679e+02 3.6460902857e+01
1.07000e+02 3.1769859344e+02 1.4781721762e-01
1.08000e+02 3.2034756833e+02 5.4245566810e+00
1.09000e+02 3.2345158512e+02 3.6245748645e+01
1.10000e+02 3.2673576169e+02 1.6386387131e+01
1.11000e+02 3.2989085203e+02 1.1037618863e+01
1.12000e+02 3.3290199618e+02 6.1459447637e+00
1.13000e+02 3.3631648471e+02 3.1047173804e-01
1.14000e+02 3.3989428103e+02 1.1320200998e+01
1.15000e+02 3.4332238357e+02 6.4128110138e+00
1.16000e+02 3.4659562733e+02 5.7226087595e-01
1.17000e+02 3.4981214029e+02 1.2259869866e+01
1.18000e+02 3.5313634457e+02 1.7684898368e+01
1.19000e+02 3.5666743535e+02 2.7940542226e+01
1.20000e+02 3.6008359179e+02 1.2660758705e+01
1.21000e+02 3.6346703304e+02 1.2617050663e+01
1.22000e+02 3.6697902383e+02 6.7072990199e+00
1.23000e+02 3.7045817039e+02 6.6486475004e+00
1.24000e+02 3.7390295115e+02 6.4793846990e+00
1.25000e+02 3.7730295563e+02 6.4894685572e+00
1.26000e+02 3.8071695505e+02 6.4521977482e+00
1.27000e+02 3.8376723811e+02 5.6728200132e+00
1.28000e+02 3.8666753075e+02 1.8714461586e+01
1.29000e+02 3.8957991973e+02 1.2718803132e+01
1.30000e+02 3.9262183077e+02 6.7264119602e+00
1.31000e+02 3.9585029697e+02 1.2565271537e+01
1.32000e+02 3.9896432006e+02 5.1395157215e+00
1.33000e+02 4.0205521280e+02 1.1271010018e+01
1.34000e+02 4.0527719598e+02 1.8904697500e+01
1.35000e+02 4.0847371571e+02 6.0378944365e+00
1.36000e+02 4.1163445001e+02 5.8669581672e+00
1.37000e+02 4.1444690924e+02 9.9929743727e-02
1.38000e+02 4.1724588699e+02 1.8341629512e+01
1.39000e+02 4.2003387237e+02 3.0813594806e+01
1.40000e+02 4.2281822739e+02 5.1748904713e+00
1.41000e+02 4.2576429745e+02 4.6751768497e+00
1.42000e+02 4.2867597648e+02 1.0911065596e+01
1.43000e+02 4.3154356144e+02 5.2493151551e+00
1.44000e+02 4.3438093235e+02 5.2970817354e+00
1.45000e+02 4.3733900140e+02 5.9865269957e+00
1.46000e+02 4.4026279001e+02 5.4736385226e+00
1.47000e+02 4.4314684267e+02 5.3082523556e+00
1.48000e+02 4.4599759505e+02 5.3163255792e+00
1.49000e+02 4.4882458557e+02 5.2539471081e+00
1.50000e+02 4.5164352980e+02 5.2168850047e+00
1.51000e+02 4.5461280137e+02 5.4793674122e+00
1.52000e+02 4.5748464622e+02 2.8888944708e-01
1.53000e+02 4.6002310343e+02 3.2896451798e+01
1.54000e+02 4.6243235393e+02 3.7712175433e+01
1.55000e+02 4.6486235533e+02 4.3955536281e+00
1.56000e+02 4.6742578474e+02 2.5551482751e-01
1.57000e+02 4.6998702655e+02 9.4499288554e+00
1.58000e+02 4.7254646015e+02 9.4364831213e+00
1.59000e+02 4.7525383931e+02 2.6189241584e-01
1.60000e+02 4.7785818545e+02 3.1067137939e+01
1.61000e+02 4.8044593285e+02 3.6105416108e+01
1.62000e+02 4.8315625200e+02 1.9561183626e+01
1.63000e+02 4.8581095503e+02 4.7612391024e+00
1.64000e+02 4.8834350674e+02 9.2491333308e+00
1.65000e+02 4.9122857351e+02 5.3416446959e-01
1.66000e+02 4.9427432122e+02 5.0919064211e+00
1.67000e+02 4.9721367054e+02 4.8567526027e+00
1.68000e+02 5.0001220559e+02 7.9961364586e-01
1.69000e+02 5.0318566786e+02 5.3752100011e+00
1.70000e+02 5.0651820454e+02 5.1386848284e+00
1.71000e+02 5.0979651691e+02 3.0332916315e+01
1.72000e+02 5.1305827236e+02 6.0610328847e+00
1.73000e+02 5.1631205746e+02 6.0304445675e+00
1.74000e+02 5.1954214722e+02 1.1263882762e+01
1.75000e+02 5.2272264652e+02 1.1195555037e+01
1.76000e+02 5.2591052410e+02 1.1142147306e+01
1.77000e+02 5.2906599266e+02 5.8464156792e+00
1.78000e+02 5.3224429013e+02 5.8309891531e+00
1.79000e+02 5.3507413998e+02 1.0438546672e+01
1.80000e+02 5.3791301198e+02 2.2044040357e+01
1.81000e+02 5.4089127511e+02 1.1421082632e+01
1.82000e+02 5.4376185513e+02 3.0771744846e-01
1.83000e+02 5.4630575022e+02 1.6365121223e+01
1.84000e+02 5.4872221613e+02 2.2012694394e+01
1.85000e+02 5.5115932987e+02 5.2328243737e+00
1.86000e+02 5.5373047974e+02 1.1141939414e+01
1.87000e+02 5.5644718895e+02 5.6896364698e-01
1.88000e+02 5.5912051009e+02 1.6277246679e+01
1.89000e+02 5.6175904071e+02 2.8279868779e+01
1.90000e+02 5.6428142057e+02 4.4473018394e+00
1.91000e+02 5.6715847279e+02 1.0111106666e+01
1.92000e+02 5.7008186507e+02 1.0153807811e+01
1.93000e+02 5.7297387420e+02 5.2868363587e+00
1.94000e+02 5.7599708157e+02 5.6039800284e+00
1.95000e+02 5.7893382376e+02 2.9821157865e-01
1.96000e+02 5.8182445124e+02 5.3030900994e+00
1.97000e+02 5.8483473745e+02 1.0763727611e+01
1.98000e+02 5.8774646068e+02 5.2698804758e+00
1.99000e+02 5.9032162105e+02 1.1227025395e+01
2.00000e+02 5.9276137893e+02 1.1133176386e+01
2.01000e+02 5.9521827004e+02 4.3576497224e+00
2.02000e+02 5.9780631114e+02 4.8983703294e+00
2.03000e+02 6.0053918430e+02 4.6607009384e+00
2.04000e+02 6.0322697457e+02 9.8194932259e+00
2.05000e+02 6.0591606159e+02 4.8277736052e+00
2.06000e+02 6.0860779092e+02 4.8268848913e+00
2.07000e+02 6.1130707789e+02 4.8322579514e+00
2.08000e+02 6.1400838034e+02 4.8369988128e+00
2.09000e+02 6.1671608618e+02 4.8405806964e+00
2.10000e+02 6.1940175544e+02 4.3018792714e+00
2.11000e+02 6.2177465310e+02 3.3355952324e-01
2.12000e+02 6.2413710306e+02 1.8916560748e+01
2.13000e+02 6.2659341096e+02 2.5139794933e-01
2.14000e+02 6.2901417751e+02 4.3040576613e+00
2.15000e+02 6.3142966737e+02 2.8567650817e+01
2.16000e+02 6.3382811214e+02 4.2319693909e+00
2.17000e+02 6.3630059869e+02 4.3159322489e+00
2.18000e+02 6.3873812274e+02 4.4638786329e+00
2.19000e+02 6.4117009677e+02 4.2442215977e+00
2.20000e+02 6.4348973668e+02 4.5664000703e+00
2.21000e+02 6.4576329500e+02 2.3026042271e+01
2.22000e+02 6.4799272657e+02 2.2912807888e+01
2.23000e+02 6.5063631224e+02 2.8301135051e+01
2.24000e+02 6.5344871672e+02 4.6148578077e+00
2.25000e+02 6.5621486731e+02 9.3633217459e+00
2.26000e+02 6.5896495498e+02 4.9161594265e+00
2.27000e+02 6.6169228551e+02 4.2041506549e+00
2.28000e+02 6.6429226241e+02 7.7920380501e-01
2.29000e+02 6.6683251386e+02 4.9539118924e+00
2.30000e+02 6.6947944799e+02 9.4669429633e+00
2.31000e+02 6.7225955890e+02 4.9252035946e+00
2.32000e+02 6.7492101695e+02 2.8260988974e+01
2.33000e+02 6.7756101905e+02 9.5179026476e+00
2.34000e+02 6.8022809445e+02 4.9737025871e+00
2.35000e+02 6.8287238851e+02 4.6968920791e+00
2.36000e+02 6.8554424327e+02 4.6969745365e+00
2.37000e+02 6.8819205671e+02 4.6957969423e+00
2.38000e+02 6.9096527528e+02 4.9434092906e+00
2.39000e+02 6.9367439059e+02 5.5304666348e+00
2.40000e+02 6.9634673267e+02 4.9456863441e+00
2.41000e+02 6.9911776918e+02 9.3758032807e+00
2.42000e+02 7.0184826744e+02 9.3237071611e+00
2.43000e+02 7.0454859144e+02 4.9319493535e+00
2.44000e+02 7.0712747916e+02 1.8870591897e+01
2.45000e+02 7.0965511509e+02 1.8839105784e+01
2.46000e+02 7.1229369466e+02 9.3326649614e+00
2.47000e+02 7.1506840072e+02 4.8716412056e+00
2.48000e+02 7.1779470308e+02 4.8625736673e+00
2.49000e+02 7.2048307026e+02 9.3113754819e+00
2.50000e+02 7.2305117566e+02 4.4581027879e+00
2.51000e+02 7.2557215305e+02 4.4469861444e+00
2.52000e+02 7.2804563616e+02 4.3479168687e+00
2.53000e+02 7.3054425808e+02 4.3212134813e+00
2.54000e+02 7.3300872554e+02 4.3078766213e+00
2.55000e+02 7.3550318225e+02 4.2994035389e+00
2.56000e+02 7.3796509869e+02 4.2925531109e+00
2.57000e+02 7.4045840594e+02 4.2871110872e+00
2.58000e+02 7.4308660861e+02 4.8563926703e+00
2.59000e+02 7.4570804557e+02 1.7139503806e+01
2.60000e+02 7.4820200129e+02 4.3148632609e+00
2.61000e+02 7.5069609776e+02 4.3113376239e+00
2.62000e+02 7.5332015928e+02 1.6940235672e+01
2.63000e+02 7.5593971775e+02 4.5665191901e+00
2.64000e+02 7.5843390748e+02 4.3072602942e+00
2.65000e+02 7.6135301953e+02 9.9969813628e+00
2.66000e+02 7.6432096870e+02 3.1100466493e+01
2.67000e+02 7.6725430430e+02 2.1357906821e+01
2.68000e+02 7.7021464614e+02 5.2026550308e+00
2.69000e+02 7.7314441250e+02 5.1938831447e+00
2.70000e+02 7.7609901192e+02 5.1829468414e+00
2.71000e+02 7.7870869356e+02 4.4185382066e+00
2.72000e+02 7.8118583416e+02 1.0381902497e+01
2.73000e+02 7.8367723928e+02 1.0253244071e+01
2.74000e+02 7.8629889338e+02 4.5595452434e+00
2.75000e+02 7.8891355131e+02 1.4411723811e+01
2.76000e+02 7.9152236227e+02 1.4384468947e+01
2.77000e+02 7.9413520640e+02 4.5066320235e+00
2.78000e+02 7.9663116567e+02 4.2769775440e+00
2.79000e+02 7.9954234017e+02 5.1591720200e+00
2.80000e+02 8.0250325252e+02 5.1603257860e+00
2.81000e+02 8.0543087772e+02 5.1716161665e+00
2.82000e+02 8.0848971084e+02 4.0738297725e+01
2.83000e+02 8.1145612523e+02 3.5357026553e-01
2.84000e+02 8.1428286130e+02 6.3930753233e+00
2.85000e+02 8.1748426864e+02 4.0972765626e+00
2.86000e+02 8.2072542826e+02 9.5398710982e+00
2.87000e+02 8.2358720447e+02 1.1029753916e+01
2.88000e+02 8.2631054509e+02 4.8530301811e+00
2.89000e+02 8.2904683567e+02 4.7226915069e+00
2.90000e+02 8.3174434174e+02 4.6921342717e+00
2.91000e+02 8.3447174631e+02 4.6785561319e+00
2.92000e+02 8.3733371559e+02 5.1085004060e+00
2.93000e+02 8.4037067535e+02 5.1524361025e+01
2.94000e+02 8.4328598496e+02 9.9292427361e+00
2.95000e+02 8.4585528456e+02 1.5810497775e-01
2.96000e+02 8.4829672520e+02 4.2598652716e+00
2.97000e+02 8.5117066042e+02 1.5298678179e+01
2.98000e+02 8.5410057179e+02 5.0428885239e+00
2.99000e+02 8.5667456756e+02 4.2603015811e+00
3.00000e+02 8.5912760261e+02 5.1978280447e+00
3.01000e+02 8.6160038647e+02 5.0914183066e+00
3.02000e+02 8.6404168689e+02 4.1443998956e+00
3.03000e+02 8.6651560588e+02 4.1413906306e+00
3.04000e+02 8.6912646425e+02 1.0462742096e+01
3.05000e+02 8.7189145889e+02 1.4685194009e+01
3.06000e+02 8.7460735932e+02 2.5394645818e+01
3.07000e+02 8.7727941003e+02 2.8980683715e+01
3.08000e+02 8.7983286074e+02 4.2493995351e+00
3.09000e+02 8.8274585474e+02 9.7821596501e+00
3.10000e+02 8.8570349597e+02 9.8001073496e+00
3.11000e+02 8.8862758833e+02 5.0961503669e+00
3.12000e+02 8.9157829936e+02 5.0841240127e+00
3.13000e+02 8.9449936826e+02 5.0760164288e+00
3.14000e+02 8.9744554846e+02 5.0664095803e+00
3.15000e+02 9.0036315178e+02 5.0578775948e+00
3.16000e+02 9.0340930330e+02 3.8975923063e+00
3.17000e+02 9.0642368484e+02 2.0180077208e+01
3.18000e+02 9.0942802811e+02 1.6550747663e+01
3.19000e+02 9.1239991037e+02 4.5449816775e+00
3.20000e+02 9.1532318171e+02 3.5142818916e+01
3.21000e+02 9.1835242987e+02 5.2173231825e+00
3.22000e+02 9.2134164581e+02 5.1969785340e+00
3.23000e+02 9.2432766472e+02 5.1485523007e+00
3.24000e+02 9.2731434943e+02 5.1408725138e+00
3.25000e+02 9.3027865529e+02 1.7135573434e+01
3.26000e+02 9.3311361318e+02 1.6975315248e+01
3.27000e+02 9.3588361679e+02 2.1684384582e+01
3.28000e+02 9.3875872807e+02 1.0307349544e+01
3.29000e+02 9.4178736327e+02 5.1783479319e+00
3.30000e+02 9.4476728324e+02 5.1664048451e+00
3.31000e+02 9.4774314886e+02 5.1084688629e+00
3.32000e+02 9.5069054673e+02 1.0022929521e+01
3.33000e+02 9.5330328080e+02 1.0139772663e+01
3.34000e+02 9.5590597190e+02 1.0004109796e+01
3.35000e+02 9.5863013912e+02 2.5169840597e-01
3.36000e+02 9.6131838992e+02 4.5602445281e+00
3.37000e+02 9.6401207989e+02 4.5252070324e+00
3.38000e+02 9.6667776576e+02 9.8479208933e+00
3.39000e+02 9.6903294296e+02 9.7365488145e+00
3.40000e+02 9.7124920382e+02 2.4206640247e+01
3.41000e+02 9.7385404469e+02 2.4934130038e+01
3.42000e+02 9.7663148077e+02 4.6098670959e+00
3.43000e+02 9.7932445766e+02 2.3726294733e+01
3.44000e+02 9.8198200273e+02 8.1917014709e+00
3.45000e+02 9.8474367915e+02 4.6732436847e+00
3.46000e+02 9.8740468003e+02 9.8059858934e+00
3.47000e+02 9.8974826136e+02 8.1719138895e+00
3.48000e+02 9.9210773721e+02 5.0288883602e-01
3.49000e+02 9.9457627411e+02 2.9313951672e-01
3.50000e+02 9.9694001562e+02 7.7826239825e+00
3.51000e+02 9.9901383616e+02 2.3262516772e-01
3.52000e+02 1.0009784615e+03 8.1444989961e+00
3.53000e+02 1.0033228523e+03 1.1914658285e+01
3.54000e+02 1.0057251401e+03 3.8614065203e+00
3.55000e+02 1.0078135703e+03 3.1715442585e+00
3.56000e+02 1.0099428914e+03 5.2300108995e-01
3.57000e+02 1.0120722024e+03 7.5726886441e+00
3.58000e+02 1.0142062463e+03 7.0617269752e+00
3.59000e+02 1.0164367726e+03 1.1189385644e+01
3.60000e+02 1.0186309073e+03 1.4970618948e+01
3.61000e+02 1.0208276322e+03 3.4426664638e+00
3.62000e+02 1.0230152706e+03 4.1747864925e+00
3.63000e+02 1.0252607785e+03 3.5432337534e+00
3.64000e+02 1.0274700089e+03 3.5547861856e+00
3.65000e+02 1.0296867733e+03 4.1906511636e+00
3.66000e+02 1.0317954863e+03 3.7345554177e+00
3.67000e+02 1.0342108967e+03 1.1008048130e+01
3.68000e+02 1.0366707241e+03 1.1054579744e+01
3.69000e+02 1.0388107429e+03 7.5974528553e+00
3.70000e+02 1.0408382698e+03 1.0915854023e+01
3.71000e+02 1.0428822565e+03 6.9938626692e+00
3.72000e+02 1.0450564380e+03 3.5262336198e+00
3.73000e+02 1.0472260534e+03 7.0427458050e+00
3.74000e+02 1.0492715992e+03 3.1756079099e+00
3.75000e+02 1.0516890072e+03 3.9660394080e+00
3.76000e+02 1.0542719337e+03 7.3742009821e+00
3.77000e+02 1.0567755222e+03 3.5064052998e+00
3.78000e+02 1.0591499439e+03 1.1333602111e+00
3.79000e+02 1.0614801730e+03 4.5909015736e+00
3.80000e+02 1.0637631349e+03 3.6903665635e+00
3.81000e+02 1.0664697066e+03 3.6919487739e+00
3.82000e+02 1.0693414108e+03 3.7916765907e+00
3.83000e+02 1.0721074171e+03 5.0813209470e+00
3.84000e+02 1.0747332985e+03 3.4291953424e-01
3.85000e+02 1.0773101996e+03 4.2759247962e+00
3.86000e+02 1.0799969500e+03 1.6092212330e+01
3.87000e+02 1.0826700633e+03 4.4247043857e+00
3.88000e+02 1.0852134886e+03 4.1891927202e+00
3.89000e+02 1.0881753521e+03 4.0431766948e+00
3.90000e+02 1.0911829710e+03 1.2563340136e+01
3.91000e+02 1.0941534687e+03 5.3687409969e+00
3.92000e+02 1.0971489776e+03 5.0251772690e+00
3.93000e+02 1.0997917349e+03 4.2508597062e+00
3.94000e+02 1.1024495097e+03 4.3913041417e+00
3.95000e+02 1.1052375181e+03 2.5628702345e+01
3.96000e+02 1.1079141828e+03 3.1884416353e-01
3.97000e+02 1.1102721741e+03 4.0921641542e+00
3.98000e+02 1.1126512864e+03 5.3244879901e+00
3.99000e+02 1.1150297604e+03 9.4114369904e+00
4.00000e+02 1.1174113377e+03 3.8013400339e+00
4.01000e+02 1.1197976212e+03 3.8053481960e+00
4.02000e+02 1.1220701324e+03 8.0637668300e+00
4.03000e+02 1.1243402528e+03 9.0288312179e+00
4.04000e+02 1.1267407308e+03 3.8204435413e+00
4.05000e+02 1.1291383309e+03 3.8279396545e+00
4.06000e+02 1.1314128011e+03 9.0217613712e+00
4.07000e+02 1.1336882276e+03 3.8219292510e+00
4.08000e+02 1.1360944572e+03 3.8298632460e+00
4.09000e+02 1.1386303809e+03 5.7060996418e-01
4.10000e+02 1.1411185755e+03 2.6140689854e+01
4.11000e+02 1.1435814935e+03 3.8913513145e+00
4.12000e+02 1.1460254942e+03 3.9252311601e+00
4.13000e+02 1.1484490775e+03 3.8819712299e+00
4.14000e+02 1.1508692990e+03 3.8543100379e+00
4.15000e+02 1.1533986200e+03 1.6046212838e+01
4.16000e+02 1.1558885902e+03 7.7673248438e+00
4.17000e+02 1.1583814628e+03 7.7231091863e+00
4.18000e+02 1.1608417703e+03 1.5918946037e+01
4.19000e+02 1.1630006976e+03 1.1481295831e+01
4.20000e+02 1.1651624251e+03 3.7269405469e+00
4.21000e+02 1.1673214231e+03 7.3090840958e+00
4.22000e+02 1.1693657968e+03 1.5057825321e+01
4.23000e+02 1.1717712149e+03 2.7948920299e+01
4.24000e+02 1.1743441261e+03 7.3847159419e+00
4.25000e+02 1.1768791277e+03 7.4194601895e+00
4.26000e+02 1.1794007563e+03 4.0444177327e+00
4.27000e+02 1.1819233788e+03 4.0279942928e+00
4.28000e+02 1.1844127214e+03 1.1814703197e+01
4.29000e+02 1.1868654154e+03 1.1464980402e+01
4.30000e+02 1.1894117587e+03 4.0486810370e+00
4.31000e+02 1.1919212276e+03 3.5047083035e-01
4.32000e+02 1.1944011543e+03 1.1754206325e+01
4.33000e+02 1.1968534509e+03 1.1685279770e+01
4.34000e+02 1.1992975473e+03 3.8682178905e+00
4.35000e+02 1.2018450007e+03 4.0694632695e+00
4.36000e+02 1.2042862434e+03 1.1405415545e+01
4.37000e+02 1.2064264547e+03 1.9311299389e+01
4.38000e+02 1.2085891260e+03 1.2007960545e-01
4.39000e+02 1.2107520773e+03 3.4550449260e+00
4.40000e+02 1.2128003315e+03 1.9295868657e+01
4.41000e+02 1.2152128846e+03 4.0044914108e+00
4.42000e+02 1.2177935354e+03 7.3899455866e+00
4.43000e+02 1.2202996987e+03 3.6128886567e+00
4.44000e+02 1.2227760229e+03 7.2131730241e+00
4.45000e+02 1.2252288391e+03 3.8829361038e+00
4.46000e+02 1.2275605296e+03 2.8343631517e-01
4.47000e+02 1.2298778157e+03 7.2630751147e+00
4.48000e+02 1.2323182600e+03 3.8431732030e+00
4.49000e+02 1.2347510441e+03 3.8192979404e+00
4.50000e+02 1.2371781337e+03 3.8021240161e+00
4.51000e+02 1.2397293962e+03 7.3863646953e+00
4.52000e+02 1.2421717935e+03 1.4779585710e+01
4.53000e+02 1.2445961727e+03 1.4601847928e+01
4.54000e+02 1.2470472925e+03 3.8180244422e+00
4.55000e+02 1.2491892557e+03 7.4623290192e+00
4.56000e+02 1.2513599188e+03 2.5642643689e-01
4.57000e+02 1.2535293416e+03 3.2787905560e+00
4.58000e+02 1.2557025234e+03 3.2780303472e+00
4.59000e+02 1.2579724842e+03 1.0740370838e+01
4.60000e+02 1.2601351826e+03 3.3571434175e+00
4.61000e+02 1.2622875470e+03 6.8959778518e+00
4.62000e+02 1.2644684813e+03 3.2617530249e+00
4.63000e+02 1.2663606716e+03 2.7688093430e+00
4.64000e+02 1.2682890258e+03 5.7824105062e-03
4.65000e+02 1.2702915732e+03 6.3448641650e+00
4.66000e+02 1.2722578853e+03 2.0542545154e+01
4.67000e+02 1.2742355725e+03 2.8631922486e+00
4.68000e+02 1.2762148465e+03 2.8732909113e+00
4.69000e+02 1.2782079300e+03 2.8858139321e+00
4.70000e+02 1.2802010453e+03 2.8967694049e+00
4.71000e+02 1.2822059649e+03 2.9057087598e+00
4.72000e+02 1.2841755355e+03 2.1136381385e-01
4.73000e+02 1.2861182340e+03 1.1701168249e+01
4.74000e+02 1.2880720141e+03 1.1673676565e+01
4.75000e+02 1.2900059814e+03 2.7897764859e+00
4.76000e+02 1.2920479495e+03 2.9516558375e+00
4.77000e+02 1.2940763821e+03 2.9722171773e+00
4.78000e+02 1.2960974252e+03 2.9483199702e+00
4.79000e+02 1.2981495869e+03 3.1517145327e+00
4.80000e+02 1.3000921579e+03 3.2041530068e+01
4.81000e+02 1.3023103451e+03 3.3797879941e+00
4.82000e+02 1.3046784086e+03 3.4702037552e-01
4.83000e+02 1.3069925414e+03 1.7967871815e+01
4.84000e+02 1.3092784236e+03 2.1216949610e+01
4.85000e+02 1.3115365753e+03 3.4338508813e+00
4.86000e+02 1.3136712301e+03 3.5684920138e+00
4.87000e+02 1.3161558443e+03 6.1310034011e-01
4.88000e+02 1.3186845766e+03 7.3508343753e+00
4.89000e+02 1.3211802484e+03 3.9122996704e+00
4.90000e+02 1.3237970198e+03 6.5847220282e+00
4.91000e+02 1.3263830339e+03 1.0427763844e+01
4.92000e+02 1.3289163848e+03 3.9130059696e+00
4.93000e+02 1.3314124321e+03 3.9094684712e+00
4.94000e+02 1.3339185377e+03 3.8783136981e+00
4.95000e+02 1.3361155871e+03 2.1569906756e+01
4.96000e+02 1.3381903267e+03 8.3665183348e+00
4.97000e+02 1.3406395564e+03 3.8276178033e+00
4.98000e+02 1.3432569001e+03 4.0818942685e+00
4.99000e+02 1.3457967086e+03 8.7149000958e+00
5.00000e+02 1.3482048875e+03 4.1572295760e+00
5.01000e+02 1.3509525743e+03 2.9845701423e-01
5.02000e+02 1.3538556166e+03 4.9105619313e+00
5.03000e+02 1.3566590582e+03 4.4167054199e+00
5.04000e+02 1.3593212151e+03 5.5213650844e-01
5.05000e+02 1.3623410031e+03 4.1489319047e+00
5.06000e+02 1.3655152010e+03 4.6834442618e+00
5.07000e+02 1.3686344156e+03 1.4195425027e+01
5.08000e+02 1.3716985479e+03 8.8247584336e+00
5.09000e+02 1.3744119582e+03 1.3579169410e+01
5.10000e+02 1.3771081281e+03 2.2103256256e+01
5.11000e+02 1.3797881921e+03 9.3714597915e+00
5.12000e+02 1.3824604744e+03 4.1941231346e+00
5.13000e+02 1.3852745663e+03 4.4780468353e-02
5.14000e+02 1.3880486821e+03 8.9620062153e+00
5.15000e+02 1.3908223956e+03 8.6523236465e+00
5.16000e+02 1.3935665291e+03 2.2957563490e-01
5.17000e+02 1.3962756940e+03 1.3321181970e+01
5.18000e+02 1.3989993992e+03 1.3197009296e+01
5.19000e+02 1.4016971119e+03 4.2503119621e+00
5.20000e+02 1.4044195802e+03 4.2448248287e+00
5.21000e+02 1.4068213613e+03 1.2821552726e+01
5.22000e+02 1.4092436399e+03 4.1309211591e+00
5.23000e+02 1.4116576049e+03 8.0506202614e+00
5.24000e+02 1.4139522399e+03 2.1331183586e+01
5.25000e+02 1.4162439720e+03 8.0666213815e+00
5.26000e+02 1.4185040036e+03 3.3691832261e+00
5.27000e+02 1.4211951557e+03 4.2340194218e+00
5.28000e+02 1.4239364309e+03 4.2485922577e+00
5.29000e+02 1.4266456230e+03 4.2623836497e+00
5.30000e+02 1.4294840146e+03 8.1068454346e+00
5.31000e+02 1.4322905717e+03 1.2779531491e+01
5.32000e+02 1.4350856122e+03 9.0617560868e+00
5.33000e+02 1.4378580705e+03 7.7741875711e+00
5.34000e+02 1.4405021942e+03 5.4682120766e+00
5.35000e+02 1.4430852756e+03 9.1199072717e+00
5.36000e+02 1.4456139908e+03 3.9112589510e+00
5.37000e+02 1.4481637767e+03 3.8740521374e+00
5.38000e+02 1.4506761862e+03 3.8538723189e+00
5.39000e+02 1.4536457416e+03 4.6651083598e+00
5.40000e+02 1.4567856000e+03 3.4481794093e-01
5.41000e+02 1.4598702127e+03 5.0272736776e+00
5.42000e+02 1.4629364017e+03 4.9485770292e+00
5.43000e+02 1.4659574125e+03 1.3468662485e+01
5.44000e+02 1.4689272849e+03 2.5430845804e+01
5.45000e+02 1.4718624474e+03 4.6837623689e+00
5.46000e+02 1.4747818425e+03 4.6286012874e+00
5.47000e+02 1.4776927611e+03 4.5997289092e+00
5.48000e+02 1.4804834733e+03 2.7830266224e-01
5.49000e+02 1.4832609661e+03 1.3471308850e+01
5.50000e+02 1.4859962571e+03 1.3402416375e+01
5.51000e+02 1.4887610669e+03 4.2607718906e+00
5.52000e+02 1.4914895104e+03 4.2496635675e+00
5.53000e+02 1.4942494918e+03 4.2405855139e+00
5.54000e+02 1.4971433261e+03 4.5695683854e+00
5.55000e+02 1.5000287249e+03 8.4933489404e+00
5.56000e+02 1.5027852523e+03 4.2644288326e+00
5.57000e+02 1.5059939756e+03 5.5272694362e+00
5.58000e+02 1.5092502584e+03 3.4620668016e+01
5.59000e+02 1.5124685450e+03 2.4902764026e+01
5.60000e+02 1.5157142121e+03 5.2018918447e+00
5.61000e+02 1.5189267678e+03 5.1909590921e+00
5.62000e+02 1.5222706071e+03 2.5130967171e+01
5.63000e+02 1.5255056641e+03 4.6098226157e+00
5.64000e+02 1.5285922204e+03 1.0728304743e+01
5.65000e+02 1.5316214844e+03 1.5247023420e+01
5.66000e+02 1.5345931177e+03 4.7185776242e+00
5.67000e+02 1.5375893115e+03 4.6807887525e+00
5.68000e+02 1.5407154004e+03 1.3322323026e+01
5.69000e+02 1.5438297672e+03 1.5310745294e+01
5.70000e+02 1.5468137139e+03 4.6884212897e+00
5.71000e+02 1.5497944412e+03 4.6682664484e+00
5.72000e+02 1.5527345085e+03 4.6197188597e+00
5.73000e+02 1.5561898782e+03 2.4281395748e-01
5.74000e+02 1.5596935466e+03 1.9616976250e+01
5.75000e+02 1.5631556077e+03 1.9604050732e+01
5.76000e+02 1.5666457997e+03 5.6403345489e+00
5.77000e+02 1.5697502404e+03 4.7388126242e+00
5.78000e+02 1.5727053635e+03 5.6688667885e+00
5.79000e+02 1.5756733373e+03 5.5267309055e+00
5.80000e+02 1.5787711316e+03 1.5267139932e+01
5.81000e+02 1.5820637318e+03 6.0473560092e+01
5.82000e+02 1.5853079645e+03 3.5460163070e+01
5.83000e+02 1.5885459454e+03 5.1539757583e+00
5.84000e+02 1.5917870896e+03 5.1457332627e+00
5.85000e+02 1.5950301956e+03 5.1457125220e+00
5.86000e+02 1.5982762262e+03 5.1454532730e+00
5.87000e+02 1.6015234537e+03 5.1444293478e+00
5.88000e+02 1.6047724187e+03 5.1422192772e+00
5.89000e+02 1.6079880386e+03 1.5063282975e+01
5.90000e+02 1.6111469100e+03 3.1148872826e+01
5.91000e+02 1.6142690302e+03 2.0977597995e+01
5.92000e+02 1.6172706075e+03 4.6479211101e+00
5.93000e+02 1.6207021391e+03 2.6230732067e+01
5.94000e+02 1.6243021759e+03 5.2681161375e+00
5.95000e+02 1.6277538733e+03 3.2957709617e-01
5.96000e+02 1.6311396699e+03 5.4732170939e+00
5.97000e+02 1.6344971517e+03 5.3735283513e+00
5.98000e+02 1.6377312604e+03 2.1835565821e+01
5.99000e+02 1.6414308948e+03 5.5309508146e+00
6.00000e+02 1.6453001343e+03 5.9666050210e+00
6.01000e+02 1.6491071537e+03 1.6920355384e+01
6.02000e+02 1.6528708785e+03 3.2003454069e+01
6.03000e+02 1.6565809727e+03 6.0924949630e+00
6.04000e+02 1.6603023265e+03 6.0440314543e+00
6.05000e+02 1.6636366961e+03 2.6905237402e+01
6.06000e+02 1.6669641278e+03 1.1598778157e+01
6.07000e+02 1.6704724752e+03 5.8607123687e+00
6.08000e+02 1.6739405543e+03 1.1742679550e+01
6.09000e+02 1.6774042593e+03 5.5269101366e+00
6.10000e+02 1.6808738492e+03 5.5228941252e+00
6.11000e+02 1.6843449824e+03 5.5247994075e+00
6.12000e+02 1.6878207479e+03 5.5254502007e+00
6.13000e+02 1.6912967203e+03 5.5247638855e+00
6.14000e+02 1.6947634683e+03 2.5460575400e-01
6.15000e+02 1.6978651965e+03 1.1354537872e+01
6.16000e+02 1.7007895197e+03 1.6308695671e+01
6.17000e+02 1.7037201219e+03 4.4522436407e+00
6.18000e+02 1.7066096091e+03 4.4129553364e+00
6.19000e+02 1.7095300865e+03 4.3984175811e+00
6.20000e+02 1.7125856065e+03 2.2142836969e+01
6.21000e+02 1.7156338243e+03 3.3398609425e+01
6.22000e+02 1.7186715763e+03 4.6437058525e+00
6.23000e+02 1.7219098059e+03 2.3774270074e-01
6.24000e+02 1.7250486480e+03 1.3520563477e+01
6.25000e+02 1.7278290500e+03 1.7587768884e+01
6.26000e+02 1.7304742116e+03 2.1719874683e+01
6.27000e+02 1.7331415933e+03 3.8572901462e+00
6.28000e+02 1.7359434302e+03 2.3591509094e-01
6.29000e+02 1.7389181350e+03 2.6352481851e-01
6.30000e+02 1.7417799353e+03 2.1146572180e+01
6.31000e+02 1.7443063328e+03 1.4098423663e-01
6.32000e+02 1.7468547671e+03 2.5340256831e-01
6.33000e+02 1.7494046988e+03 8.1110865753e+00
6.34000e+02 1.7519588456e+03 8.1086879916e+00
6.35000e+02 1.7546604829e+03 1.7496201292e+01
6.36000e+02 1.7572635800e+03 3.9954663877e-01
6.37000e+02 1.7595534449e+03 3.4049080223e+00
6.38000e+02 1.7618690910e+03 3.9749887436e+00
6.39000e+02 1.7643016989e+03 6.6817648063e-01
6.40000e+02 1.7667032480e+03 2.0755453220e+01
6.41000e+02 1.7691159360e+03 3.3446561552e+00
6.42000e+02 1.7715353009e+03 3.3591273474e+00
6.43000e+02 1.7739678828e+03 3.3756621501e+00
6.44000e+02 1.7763754643e+03 3.2059875769e+00
6.45000e+02 1.7787535806e+03 4.5405324172e+01
6.46000e+02 1.7811469357e+03 6.8129492974e+00
6.47000e+02 1.7832441530e+03 3.7783661132e+00
6.48000e+02 1.7853672410e+03 5.8535315531e+00
6.49000e+02 1.7874889303e+03 1.3031889917e+01
6.50000e+02 1.7894962881e+03 1.3303464559e+01
6.51000e+02 1.7915039834e+03 5.7581560494e+00
6.52000e+02 1.7936431719e+03 2.7753793705e+00
6.53000e+02 1.7958832811e+03 3.0961009890e+00
6.54000e+02 1.7980037510e+03 2.4269247259e+00
6.55000e+02 1.7998453115e+03 2.6064691714e+00
6.56000e+02 1.8015865837e+03 5.0375871387e+00
6.57000e+02 1.8033525147e+03 2.0143448242e+00
6.58000e+02 1.8050981753e+03 2.0167189246e+00
6.59000e+02 1.8072245057e+03 5.4612855208e+00
6.60000e+02 1.8094036588e+03 4.6748764387e+00
6.61000e+02 1.8112749307e+03 2.1200430829e+00
6.62000e+02 1.8131907560e+03 1.1036287310e-01
6.63000e+02 1.8151085636e+03 6.6733988697e+00
6.64000e+02 1.8169099495e+03 2.1736482364e+00
6.65000e+02 1.8187131964e+03 2.1034496527e+00
6.66000e+02 1.8206486644e+03 6.3526421944e+00
6.67000e+02 1.8225832097e+03 2.3686031557e+00
6.68000e+02 1.8243961287e+03 2.1128793575e+00
6.69000e+02 1.8265597942e+03 4.7075366754e+00
6.70000e+02 1.8287741161e+03 4.2544379665e+00
6.71000e+02 1.8309626035e+03 4.2750054976e+00
6.72000e+02 1.8332704833e+03 1.5053040212e+01
6.73000e+02 1.8355388168e+03 2.2641637050e+00
6.74000e+02 1.8376888084e+03 3.2311841008e+00
6.75000e+02 1.8397950264e+03 5.6416904240e+00
6.76000e+02 1.8418565296e+03 2.6534488988e+00
6.77000e+02 1.8443156147e+03 6.7512823488e-01
6.78000e+02 1.8468199946e+03 5.9261067867e+00
6.79000e+02 1.8492913743e+03 5.5279446785e+00
6.80000e+02 1.8517859567e+03 3.4451350481e+00
6.81000e+02 1.8542518267e+03 3.4361802366e+00
6.82000e+02 1.8568360991e+03 2.5382921627e+00
6.83000e+02 1.8593933090e+03 2.1023854152e+01
6.84000e+02 1.8618995694e+03 3.4444221038e+00
6.85000e+02 1.8643703258e+03 3.4458639622e+00
6.86000e+02 1.8668523495e+03 3.4181813786e+00
6.87000e+02 1.8690269620e+03 2.7191900452e+00
6.88000e+02 1.8710809738e+03 1.0322603215e+01
6.89000e+02 1.8731491470e+03 1.0205841296e+01
6.90000e+02 1.8753459786e+03 1.4931194413e+01
6.91000e+02 1.8775377275e+03 1.6114444429e+01
6.92000e+02 1.8796054469e+03 2.5957192534e+00
6.93000e+02 1.8820449402e+03 3.3835002047e+00
6.94000e+02 1.8845343499e+03 3.3875027206e+00
6.95000e+02 1.8869945743e+03 3.4048462115e+00
6.96000e+02 1.8895790074e+03 1.6098490760e+01
6.97000e+02 1.8921355247e+03 1.0239163385e+01
6.98000e+02 1.8946411520e+03 3.4176589820e+00
6.99000e+02 1.8971117717e+03 3.4246367626e+00
7.00000e+02 1.8996812016e+03 4.1572877134e+00
7.01000e+02 1.9022290559e+03 3.5654175661e+00
7.02000e+02 1.9047314424e+03 3.4179713050e+00
7.03000e+02 1.9069305650e+03 2.7240728894e+00
7.04000e+02 1.9091284860e+03 1.3791865740e+01
7.05000e+02 1.9113193726e+03 1.0572070278e+01
7.06000e+02 1.9135111229e+03 2.8211843420e+00
7.07000e+02 1.9157941698e+03 2.9899067310e+00
7.08000e+02 1.9180394951e+03 6.2246644029e+00
7.09000e+02 1.9202910850e+03 2.9322686707e+00
7.10000e+02 1.9225051602e+03 2.8831133394e-01
7.11000e+02 1.9246939749e+03 6.0964738630e+00
7.12000e+02 1.9269813592e+03 2.9713953828e+00
7.13000e+02 1.9292495392e+03 2.8956565972e+00
7.14000e+02 1.9314994576e+03 3.1470662010e+00
7.15000e+02 1.9337248854e+03 3.1011669228e+00
7.16000e+02 1.9358313469e+03 1.3749878066e+01
7.17000e+02 1.9379237608e+03 1.3835382662e+01
7.18000e+02 1.9401397427e+03 2.8679921293e+00
7.19000e+02 1.9424540438e+03 3.0311350793e+00
7.20000e+02 1.9447198298e+03 3.0065056957e+00
7.21000e+02 1.9469787226e+03 2.8985890769e+00
7.22000e+02 1.9491264197e+03 2.8729956500e+00
7.23000e+02 1.9512321926e+03 2.8784830995e+00
7.24000e+02 1.9534524459e+03 2.8999619008e+00
7.25000e+02 1.9557685186e+03 3.0052708573e+00
7.26000e+02 1.9580364410e+03 3.0044018847e+00
7.27000e+02 1.9603066610e+03 2.9555448547e+00
7.28000e+02 1.9625367604e+03 1.1813766309e+01
7.29000e+02 1.9644814453e+03 2.7359739048e+00
7.30000e+02 1.9664360276e+03 2.9196687947e+00
7.31000e+02 1.9683900789e+03 5.5089696040e+00
7.32000e+02 1.9703504622e+03 2.3239218271e+00
7.33000e+02 1.9723801531e+03 2.4052917098e-01
7.34000e+02 1.9743728221e+03 4.9954567264e+00
7.35000e+02 1.9763849500e+03 2.3796744708e+00
7.36000e+02 1.9783929507e+03 2.4249122502e+00
7.37000e+02 1.9804375041e+03 5.0053237324e+00
7.38000e+02 1.9823775970e+03 2.4432314468e+00
7.39000e+02 1.9840568745e+03 7.3954270196e+00
7.40000e+02 1.9856346680e+03 1.2426970607e+01
7.41000e+02 1.9872327829e+03 1.5745201235e+00
7.42000e+02 1.9888094634e+03 1.5718325482e+00
7.43000e+02 1.9907420641e+03 1.3707567986e+01
7.44000e+02 1.9927252111e+03 9.0040313404e+00
7.45000e+02 1.9946852541e+03 6.0496796832e+00
7.46000e+02 1.9967621965e+03 2.5261824822e+00
7.47000e+02 1.9988197464e+03 6.0352339716e+00
7.48000e+02 2.0008224457e+03 2.3554628674e+00
7.49000e+02 2.0027983545e+03 2.3689733596e+00
7.50000e+02 2.0047864084e+03 2.3519589492e+00
7.51000e+02 2.0067528711e+03 2.3401607687e+00
7.52000e+02 2.0087401082e+03 2.3370038440e+00
7.53000e+02 2.0104492711e+03 1.6813087125e+00
7.54000e+02 2.0121947235e+03 5.8312644945e+00
7.55000e+02 2.0139416363e+03 7.9827055260e+00
7.56000e+02 2.0155726105e+03 7.0946293186e+00
7.57000e+02 2.0172032206e+03 7.0089818682e+00
7.58000e+02 2.0188092382e+03 1.6163081002e+00
7.59000e+02 2.0204418814e+03 1.6167248989e+00
7.60000e+02 2.0222088842e+03 1.9024603493e+00
7.61000e+02 2.0239726037e+03 6.1195433946e+00
7.62000e+02 2.0256122046e+03 1.6486914807e+00
7.63000e+02 2.0272534237e+03 1.6556187255e+00
7.64000e+02 2.0290256504e+03 6.1186476993e+00
7.65000e+02 2.0307950883e+03 1.9160686316e+00
7.66000e+02 2.0324409840e+03 1.6602579614e+00
7.67000e+02 2.0344176142e+03 2.3448343474e+00
7.68000e+02 2.0364427771e+03 4.9482617864e+00
7.69000e+02 2.0381683637e+03 1.7429651754e+00
7.70000e+02 2.0399373652e+03 1.9109274580e+00
7.71000e+02 2.0417068047e+03 1.9090180405e+00
7.72000e+02 2.0434820300e+03 1.9133327949e+00
7.73000e+02 2.0453088798e+03 1.1749994751e+01
7.74000e+02 2.0470949014e+03 1.7553873184e+01
7.75000e+02 2.0488895570e+03 2.0248491262e+00
7.76000e+02 2.0506378094e+03 1.4643117489e+00
7.77000e+02 2.0521346013e+03 2.1963510369e+00
7.78000e+02 2.0535235117e+03 3.6783915676e+00
7.79000e+02 2.0549285707e+03 1.1578345510e+00
7.80000e+02 2.0563116289e+03 1.1508244785e+00
7.81000e+02 2.0577209867e+03 1.1539724327e+00
7.82000e+02 2.0592647290e+03 1.7139906374e+00
7.83000e+02 2.0608472445e+03 2.1214009902e-01
7.84000e+02 2.0623814079e+03 1.4816875507e+00
7.85000e+02 2.0639248214e+03 1.4411038638e+00
7.86000e+02 2.0654160030e+03 4.2465789776e+00
7.87000e+02 2.0668918170e+03 1.0147677294e+01
7.88000e+02 2.0683833012e+03 1.3251136056e+00
7.89000e+02 2.0698590472e+03 1.3237204273e+00
7.90000e+02 2.0714364860e+03 1.4829381436e+00
7.91000e+02 2.0730354556e+03 4.1401906951e+00
7.92000e+02 2.0746413850e+03 2.2527640103e+00
7.93000e+02 2.0762257932e+03 1.5489854545e+00
7.94000e+02 2.0778126918e+03 1.5284055858e+00
7.95000e+02 2.0793894101e+03 1.5191872185e+00
7.96000e+02 2.0809710489e+03 1.5124082679e+00
7.97000e+02 2.0825453607e+03 1.5084893718e+00
7.98000e+02 2.0841257831e+03 1.5057645227e+00
7.99000e+02 2.0856998771e+03 1.5040409093e+00
8.00000e+02 2.0871554900e+03 3.8725809345e+00
8.01000e+02 2.0889074103e+03 2.7617434539e-01
8.02000e+02 2.0908168871e+03 7.3695022473e+00
8.03000e+02 2.0927015676e+03 3.1058662097e-01
8.04000e+02 2.0945751563e+03 2.1059790733e+00
8.05000e+02 2.0964230553e+03 2.0670915532e+00
8.06000e+02 2.0981477086e+03 5.4493862601e-01
8.07000e+02 2.1001836704e+03 5.6359102709e+00
8.08000e+02 2.1022630378e+03 7.8164524615e+00
8.09000e+02 2.1043127616e+03 2.4705291981e+00
8.10000e+02 2.1063819666e+03 2.4578963808e+00
8.11000e+02 2.1084244397e+03 2.4481877560e+00
8.12000e+02 2.1104852846e+03 2.4373793872e+00
8.13000e+02 2.1125209217e+03 2.4281060320e+00
8.14000e+02 2.1145756181e+03 2.4195293979e+00
8.15000e+02 2.1166061140e+03 2.4119687338e+00
8.16000e+02 2.1187467248e+03 2.6064344626e+00
8.17000e+02 2.1208673132e+03 1.9185020382e+01
8.18000e+02 2.1229763583e+03 9.7215050450e+00
8.19000e+02 2.1250884866e+03 2.5428939123e+00
8.20000e+02 2.1271579390e+03 2.4243128218e+00
8.21000e+02 2.1289544555e+03 8.5966104184e+00
8.22000e+02 2.1307566855e+03 1.4287087398e+01
8.23000e+02 2.1326013185e+03 2.6749529315e-01
8.24000e+02 2.1343320785e+03 3.3869232827e-01
8.25000e+02 2.1358206248e+03 1.3964830072e+01
8.26000e+02 2.1373505221e+03 5.3956047796e-01
8.27000e+02 2.1388877199e+03 1.3423078221e+01
8.28000e+02 2.1403128922e+03 1.9316292010e+01
8.29000e+02 2.1417398308e+03 1.1662180897e+00
8.30000e+02 2.1431457649e+03 1.1458137271e+00
8.31000e+02 2.1445778011e+03 1.1497655634e+00
8.32000e+02 2.1461444622e+03 1.4202251196e+00
8.33000e+02 2.1477087447e+03 2.9385992634e+00
8.34000e+02 2.1492780252e+03 2.9382801085e+00
8.35000e+02 2.1508779702e+03 2.4468799103e-01
8.36000e+02 2.1523585810e+03 6.2999842724e+00
8.37000e+02 2.1538365816e+03 7.8247237333e+00
8.38000e+02 2.1554215789e+03 6.0681973075e+00
8.39000e+02 2.1570295101e+03 1.4862808046e+00
8.40000e+02 2.1586457527e+03 1.5317566728e+00
8.41000e+02 2.1602611495e+03 6.0775808925e+00
8.42000e+02 2.1617630661e+03 1.2880712431e+00
8.43000e+02 2.1632578289e+03 1.3035454848e+00
8.44000e+02 2.1648555407e+03 1.5206524685e+00
8.45000e+02 2.1664471406e+03 1.4953349877e+00
8.46000e+02 2.1680316294e+03 1.4806167044e+00
8.47000e+02 2.1696265535e+03 1.4824602317e+00
8.48000e+02 2.1711745663e+03 1.3483381213e+00
8.49000e+02 2.1726996129e+03 1.9780324655e+00
8.50000e+02 2.1743100922e+03 1.5069682920e+00
8.51000e+02 2.1759474335e+03 1.5596350352e+00
8.52000e+02 2.1775877471e+03 3.0220318977e+00
8.53000e+02 2.1792210757e+03 1.5438657628e+00
8.54000e+02 2.1807396017e+03 1.9465676797e+00
8.55000e+02 2.1820278500e+03 5.8480790162e+00
8.56000e+02 2.1833569095e+03 1.2310677215e+00
8.57000e+02 2.1846970796e+03 2.9315836697e-01
8.58000e+02 2.1859991180e+03 9.4101575351e-01
8.59000e+02 2.1873685926e+03 3.9809797580e+00
8.60000e+02 2.1886476711e+03 6.8639912076e+00
8.61000e+02 2.1901616567e+03 2.4344749954e+00
8.62000e+02 2.1918245334e+03 1.6484948840e+00
8.63000e+02 2.1934852505e+03 2.9124258075e-01
8.64000e+02 2.1951421098e+03 1.6135425596e+00
8.65000e+02 2.1967961155e+03 2.9007566823e+00
8.66000e+02 2.1984037812e+03 1.5549883191e+00
8.67000e+02 2.2000559167e+03 1.6033473714e+00
8.68000e+02 2.2016064957e+03 1.4063719014e+00
8.69000e+02 2.2031162379e+03 3.0632595734e+00
8.70000e+02 2.2047392511e+03 1.5678979250e+00
8.71000e+02 2.2063901467e+03 1.5503231539e+00
8.72000e+02 2.2079903196e+03 1.5412800713e+00
8.73000e+02 2.2096309791e+03 1.5548540208e+00
8.74000e+02 2.2112745652e+03 1.5738721173e+00
8.75000e+02 2.2129142663e+03 1.5285442870e+00
8.76000e+02 2.2145115979e+03 1.5241745035e+00
8.77000e+02 2.2161170549e+03 1.4884062806e+00
8.78000e+02 2.2177165577e+03 1.4890890768e+00
8.79000e+02 2.2193782968e+03 1.5933777805e+00
8.80000e+02 2.2209399168e+03 1.9363658666e+00
8.81000e+02 2.2227422011e+03 8.0385675824e+00
8.82000e+02 2.2245835047e+03 1.0785347075e+01
8.83000e+02 2.2261478960e+03 3.1932773906e+00
8.84000e+02 2.2276149202e+03 6.0106083616e+00
8.85000e+02 2.2290960257e+03 4.1455732375e+00
8.86000e+02 2.2305509568e+03 1.2142144793e+00
8.87000e+02 2.2320288950e+03 1.2098329296e+00
8.88000e+02 2.2336385252e+03 2.6929553456e+00
8.89000e+02 2.2352431444e+03 5.3847395820e+00
8.90000e+02 2.2368500194e+03 4.2414727189e+00
8.91000e+02 2.2384531866e+03 1.4841823234e+00
8.92000e+02 2.2400624914e+03 1.4851278871e+00
8.93000e+02 2.2416990705e+03 3.4413411417e+00
8.94000e+02 2.2432927520e+03 5.7211048276e+00
8.95000e+02 2.2448952711e+03 3.7587046302e+00
8.96000e+02 2.2464928377e+03 1.4698046907e+00
8.97000e+02 2.2481027016e+03 1.4756797157e+00
8.98000e+02 2.2496681646e+03 2.1590901226e+00
8.99000e+02 2.2509959702e+03 2.8191444812e+00
9.00000e+02 2.2522165957e+03 3.7906428662e+00
9.01000e+02 2.2534502914e+03 7.2346530711e-01
9.02000e+02 2.2548111271e+03 2.6916545498e+00
9.03000e+02 2.2561708971e+03 3.9292084269e+00
9.04000e+02 2.2575386310e+03 9.9205384585e-01
9.05000e+02 2.2589026861e+03 9.9534685089e-01
9.06000e+02 2.2602767517e+03 1.0006831699e+00
9.07000e+02 2.2616454671e+03 1.0043427365e+00
9.08000e+02 2.2628963746e+03 7.5302381914e-01
9.09000e+02 2.2644241394e+03 6.9091991495e+00
9.10000e+02 2.2661082812e+03 4.5436246051e+00
9.11000e+02 2.2677637215e+03 4.5846574265e+00
9.12000e+02 2.2693512279e+03 4.4894026752e+00
9.13000e+02 2.2709150764e+03 4.5751646445e+00
9.14000e+02 2.2725663452e+03 1.5643542860e+00
9.15000e+02 2.2742070775e+03 1.5480818958e+00
9.16000e+02 2.2757925153e+03 4.5685208895e+00
9.17000e+02 2.2771354214e+03 3.9713423772e+00
9.18000e+02 2.2783716165e+03 5.4841691814e+00
9.19000e+02 2.2798965430e+03 1.5238679161e+00
9.20000e+02 2.2815749609e+03 1.5736829556e+00
9.21000e+02 2.2832272913e+03 1.5837073354e+00
9.22000e+02 2.2848120519e+03 1.5216669212e+00
9.23000e+02 2.2863739438e+03 1.6090746568e+00
9.24000e+02 2.2879466922e+03 1.5954532599e+00
9.25000e+02 2.2894989856e+03 1.3751215212e+00
9.26000e+02 2.2911515839e+03 1.5563040417e+00
9.27000e+02 2.2928191880e+03 2.6677125701e+00
9.28000e+02 2.2943860813e+03 4.8342542112e+00
9.29000e+02 2.2962096335e+03 4.4128652972e-01
9.30000e+02 2.2980717035e+03 2.1039132577e+00
9.31000e+02 2.2999051533e+03 1.9416791415e+00
9.32000e+02 2.3018470956e+03 2.8934402603e-01
9.33000e+02 2.3037767511e+03 5.0914714111e+00
9.34000e+02 2.3055934186e+03 2.6303569238e+00
9.35000e+02 2.3073660403e+03 1.0255685958e+01
9.36000e+02 2.3090953162e+03 1.7423893174e+00
9.37000e+02 2.3108412387e+03 1.7139477445e+00
9.38000e+02 2.3125558420e+03 1.6975612467e+00
9.39000e+02 2.3142922763e+03 1.6863755214e+00
9.40000e+02 2.3161589206e+03 9.2473418941e+00
9.41000e+02 2.3180174979e+03 5.9931589337e+00
9.42000e+02 2.3197475029e+03 1.7000909047e+00
9.43000e+02 2.3218134368e+03 2.3248411469e-01
9.44000e+02 2.3240366040e+03 9.2939307310e+00
9.45000e+02 2.3262058030e+03 2.0090125176e+00
9.46000e+02 2.3282511010e+03 3.1529300905e-01
9.47000e+02 2.3306032446e+03 7.9281195506e+00
9.48000e+02 2.3331028554e+03 2.2834470888e+00
9.49000e+02 2.3355564020e+03 1.4210819163e+01
9.50000e+02 2.3379882416e+03 3.1091277371e+00
9.51000e+02 2.3404149576e+03 3.0791880167e+00
9.52000e+02 2.3428307912e+03 3.0601028948e+00
9.53000e+02 2.3452569601e+03 5.7194761040e-01
9.54000e+02 2.3476490474e+03 1.4772620174e+01
9.55000e+02 2.3500037305e+03 8.6486067654e+00
9.56000e+02 2.3523463580e+03 2.9088661476e+00
9.57000e+02 2.3547701695e+03 3.0541382428e+00
9.58000e+02 2.3571490337e+03 3.0141147140e+00
9.59000e+02 2.3595274231e+03 2.9656784357e+00
9.60000e+02 2.3619017210e+03 2.9581465381e+00
9.61000e+02 2.3642808995e+03 2.9559775516e+00
9.62000e+02 2.3666275695e+03 1.0576780559e+01
9.63000e+02 2.3689382844e+03 1.4369085347e+01
9.64000e+02 2.3713387354e+03 2.9791745893e+00
9.65000e+02 2.3737146579e+03 2.9271967502e+00
9.66000e+02 2.3760644279e+03 6.0156349699e+00
9.67000e+02 2.3784690359e+03 3.0016249050e+00
9.68000e+02 2.3807681236e+03 1.4307133914e+01
9.69000e+02 2.3827796372e+03 1.9924116919e+01
9.70000e+02 2.3848117842e+03 2.6810003472e+00
9.71000e+02 2.3868421275e+03 8.3423594482e+00
9.72000e+02 2.3888767388e+03 2.2536350785e+00
9.73000e+02 2.3909110021e+03 2.2553014918e+00
9.74000e+02 2.3928294634e+03 1.9777356088e+01
9.75000e+02 2.3950933476e+03 2.9293647137e+00
9.76000e+02 2.3975209746e+03 7.5300163492e+00
9.77000e+02 2.3999101432e+03 7.5070469985e+00
9.78000e+02 2.4022833782e+03 2.9409308899e+00
9.79000e+02 2.4046566853e+03 2.9221283621e+00
9.80000e+02 2.4069923514e+03 2.9630137699e+00
9.81000e+02 2.4092919682e+03 1.0496208983e+01
9.82000e+02 2.4115997222e+03 1.0457800687e+01
9.83000e+02 2.4138815006e+03 2.7594901047e+00
9.84000e+02 2.4162741952e+03 2.9386658494e+00
9.85000e+02 2.4186454474e+03 2.9336723171e+00
9.86000e+02 2.4210067283e+03 2.8993249108e+00
9.87000e+02 2.4233778722e+03 3.3688059292e-01
9.88000e+02 2.4256298097e+03 1.3878617448e+01
9.89000e+02 2.4278247433e+03 1.6170068363e+01
9.90000e+02 2.4301262582e+03 1.1365217633e+01
9.91000e+02 2.4324146089e+03 1.1271059099e+01
9.92000e+02 2.4345753847e+03 2.5175953558e+00
9.93000e+02 2.4367306684e+03 2.4754278522e+00
9.94000e+02 2.4390123993e+03 2.7312800057e+00
9.95000e+02 2.4414017304e+03 2.9145044344e+00
9.96000e+02 2.4436665975e+03 7.7955532489e+00
9.97000e+02 2.4456379318e+03 3.2642640954e-01
9.98000e+02 2.4475004021e+03 2.5007468327e+00
9.99000e+02 2.4497323926e+03 7.7379698677e+00
1.00000e+03 2.4520177873e+03 2.6690499299e+00
1.00100e+03 2.4539928293e+03 1.9915780785e+00
1.00200e+03 2.4560079940e+03 1.0604033796e-01
1.00300e+03 2.4581044285e+03 7.1064178083e+00
1.00400e+03 2.4601600393e+03 9.7052311984e+00
1.00500e+03 2.4622261866e+03 4.4942157320e+00
1.00600e+03 2.4642855144e+03 7.1434745049e+00
1.00700e+03 2.4663248052e+03 5.0156698958e+00
1.00800e+03 2.4683646812e+03 2.2210866696e+00
1.00900e+03 2.4704704401e+03 2.3055359345e+00
1.01000e+03 2.4724660266e+03 2.8980814143e-01
1.01100e+03 2.4744510169e+03 4.7155922262e+00
1.01200e+03 2.4764616376e+03 4.7259108022e+00
1.01300e+03 2.4781944990e+03 7.0192114606e+00
1.01400e+03 2.4798283207e+03 8.7731301441e+00
1.01500e+03 2.4818044934e+03 2.1266373533e+00
1.01600e+03 2.4839445648e+03 2.3876910130e+00
1.01700e+03 2.4860535047e+03 2.3884843707e+00
1.01800e+03 2.4881010567e+03 2.1614421271e+00
1.01900e+03 2.4898722167e+03 1.5412634631e+00
1.02000e+03 2.4915244940e+03 1.5581778421e+00
1.02100e+03 2.4931908068e+03 1.4517724985e+00
1.02200e+03 2.4948309273e+03 1.4381639778e+00
1.02300e+03 2.4968300054e+03 2.1821860353e+00
1.02400e+03 2.4989915737e+03 2.4075928567e+00
1.02500e+03 2.5011038913e+03 6.7882027728e+00
1.02600e+03 2.5030955826e+03 3.5157074655e-01
1.02700e+03 2.5053932047e+03 7.9429707286e-01
1.02800e+03 2.5077297775e+03 3.2625273222e+00
1.02900e+03 2.5100335694e+03 2.7696815677e+00
1.03000e+03 2.5123575047e+03 2.7542744266e+00
1.03100e+03 2.5146529703e+03 2.7431938056e+00
1.03200e+03 2.5169681885e+03 2.7317334446e+00
1.03300e+03 2.5189800088e+03 2.1334525811e+00
1.03400e+03 2.5210197805e+03 6.7813102341e+00
1.03500e+03 2.5231344135e+03 1.0654912073e+01
1.03600e+03 2.5251319645e+03 3.1766716084e-01
1.03700e+03 2.5271201578e+03 2.1043799348e+00
1.03800e+03 2.5291347779e+03 2.1193447032e+00
1.03900e+03 2.5308722726e+03 1.6526735760e+00
1.04000e+03 2.5326485561e+03 6.0481422578e+00
1.04100e+03 2.5344826391e+03 1.5193258717e+00
1.04200e+03 2.5362018076e+03 2.9545157918e-01
1.04300e+03 2.5376776928e+03 5.7804846382e+00
1.04400e+03 2.5390645457e+03 8.9522057415e+00
1.04500e+03 2.5404748080e+03 9.0853722902e-01
1.04600e+03 2.5420193347e+03 1.2860497040e+00
1.04700e+03 2.5436056859e+03 5.4288787523e-01
1.04800e+03 2.5450668735e+03 2.4575590728e+00
1.04900e+03 2.5465288970e+03 3.7510009375e+00
1.05000e+03 2.5480200019e+03 1.0616272835e+00
1.05100e+03 2.5494999017e+03 1.0784419806e+00
1.05200e+03 2.5510054382e+03 1.0917950381e+00
1.05300e+03 2.5522622898e+03 1.5719282441e-01
1.05400e+03 2.5534375642e+03 2.8051236845e+00
1.05500e+03 2.5549135641e+03 1.0868033829e+00
1.05600e+03 2.5565477503e+03 1.1092336521e+01
1.05700e+03 2.5581766010e+03 1.1613324442e+01
1.05800e+03 2.5598065991e+03 3.8577455665e+00
1.05900e+03 2.5614158269e+03 1.3425499583e+00
1.06000e+03 2.5630269187e+03 1.3223010138e+00
1.06100e+03 2.5646573171e+03 4.6504175783e+00
1.06200e+03 2.5662444668e+03 5.6087901787e+00
1.06300e+03 2.5678400159e+03 2.2944524110e+00
1.06400e+03 2.5693844288e+03 1.1245929738e+00
1.06500e+03 2.5709104245e+03 2.3792974355e+00
1.06600e+03 2.5725263352e+03 1.3108595540e+00
1.06700e+03 2.5741358185e+03 1.3234828182e+00
1.06800e+03 2.5756925053e+03 2.3891921019e+00
1.06900e+03 2.5770112930e+03 5.2368026555e+00
1.07000e+03 2.5782261678e+03 3.5022350981e+00
1.07100e+03 2.5794552150e+03 7.2584086000e-01
1.07200e+03 2.5808120647e+03 2.3500159210e+00
1.07300e+03 2.5821837795e+03 2.3776847550e-01
1.07400e+03 2.5835089683e+03 7.9390668338e-01
1.07500e+03 2.5848936952e+03 3.4441436598e+00
1.07600e+03 2.5862922983e+03 8.7819496827e-01
1.07700e+03 2.5876683001e+03 7.9739985456e-01
1.07800e+03 2.5889287878e+03 2.4580916451e-01
1.07900e+03 2.5901874078e+03 1.8352858165e+00
1.08000e+03 2.5914688135e+03 1.3123601976e+00
1.08100e+03 2.5927378857e+03 6.4537151377e-01
1.08200e+03 2.5941074260e+03 1.1183237913e+00
1.08300e+03 2.5955129645e+03 8.9812835230e-01
1.08400e+03 2.5969327840e+03 9.1844662440e-01
1.08500e+03 2.5983316587e+03 9.1086437894e-01
1.08600e+03 2.5996116634e+03 2.5433066494e+00
1.08700e+03 2.6011578306e+03 7.5938114715e-01
1.08800e+03 2.6027501395e+03 1.7142511035e+00
1.08900e+03 2.6040788599e+03 3.4266027383e+00
1.09000e+03 2.6054568000e+03 8.6807413804e-01
1.09100e+03 2.6068519388e+03 2.3665930869e+00
1.09200e+03 2.6082030594e+03 2.0684369024e+00
1.09300e+03 2.6095652478e+03 8.0316744487e-01
1.09400e+03 2.6108710342e+03 4.4186363111e-01
1.09500e+03 2.6119579020e+03 6.2535338839e-01
1.09600e+03 2.6129520120e+03 1.8258410173e+00
1.09700e+03 2.6139626033e+03 9.4366555514e-02
1.09800e+03 2.6149547885e+03 9.2347448367e-02
1.09900e+03 2.6159707738e+03 9.7648977520e-02
1.10000e+03 2.6171198860e+03 8.5320929641e-01
1.10100e+03 2.6182684315e+03 1.4692329206e+00
1.10200e+03 2.6194260912e+03 3.9427400702e-01
1.10300e+03 2.6205793066e+03 3.9854964954e-01
1.10400e+03 2.6216140744e+03 1.4013393708e-01
1.10500e+03 2.6226481757e+03 1.0014538583e+00
1.10600e+03 2.6236626042e+03 9.8011307162e-01
1.10700e+03 2.6249658218e+03 1.8234188766e+00
1.10800e+03 2.6264210877e+03 1.6903872718e+00
1.10900e+03 2.6278804382e+03 4.4192406760e-01
1.11000e+03 2.6292348392e+03 3.3997257778e-01
1.11100e+03 2.6305538603e+03 7.6034135063e-01
1.11200e+03 2.6318364563e+03 6.8777591969e-01
1.11300e+03 2.6331348435e+03 6.6645429935e-01
1.11400e+03 2.6344068292e+03 6.5517756188e-01
1.11500e+03 2.6359956928e+03 1.9743429108e+00
1.11600e+03 2.6376265660e+03 3.5674595373e+00
1.11700e+03 2.6389808122e+03 7.1038135989e-01
1.11800e+03 2.6402462746e+03 7.0314771151e-01
1.11900e+03 2.6418195524e+03 1.4649132701e+00
1.12000e+03 2.6435451982e+03 7.1186207747e-01
1.12100e+03 2.6452395753e+03 3.5013846838e+00
1.12200e+03 2.6469142400e+03 2.2215424090e+00
1.12300e+03 2.6485917124e+03 1.4330672236e+00
1.12400e+03 2.6502178484e+03 1.2819163941e+00
1.12500e+03 2.6515972275e+03 7.2757742580e-01
1.12600e+03 2.6529941312e+03 4.7830348543e+00
1.12700e+03 2.6543993321e+03 2.7227141819e-01
1.12800e+03 2.6556856861e+03 1.8991473905e-01
1.12900e+03 2.6567599652e+03 1.9536750702e+00
1.13000e+03 2.6578852565e+03 5.4361139577e-01
1.13100e+03 2.6590221498e+03 3.7769378128e+00
1.13200e+03 2.6600477003e+03 2.4386593744e+00
1.13300e+03 2.6613306318e+03 1.1596257263e+00
1.13400e+03 2.6627706307e+03 1.2659714780e+00
1.13500e+03 2.6642226891e+03 1.0356785118e+00
1.13600e+03 2.6655721830e+03 3.2394340984e-01
1.13700e+03 2.6668875711e+03 7.4217406107e-01
1.13800e+03 2.6683183042e+03 1.6810868997e+00
1.13900e+03 2.6697602736e+03 1.3014739229e+00
1.14000e+03 2.6710685951e+03 2.7151208304e+00
1.14100e+03 2.6721559731e+03 4.0726285809e-01
1.14200e+03 2.6731630810e+03 8.0590147486e-01
1.14300e+03 2.6741908694e+03 1.1023305857e-01
1.14400e+03 2.6752015901e+03 1.1373564376e-01
1.14500e+03 2.6762369572e+03 1.2120059520e-01
1.14600e+03 2.6772549989e+03 1.2840029538e-01
1.14700e+03 2.6785682241e+03 2.3836371537e+00
1.14800e+03 2.6800336102e+03 1.0600300893e+00
1.14900e+03 2.6814709475e+03 1.0840058303e+00
1.15000e+03 2.6828352898e+03 7.5271976130e-01
1.15100e+03 2.6841785776e+03 7.8202970390e-01
1.15200e+03 2.6855314330e+03 7.6976072417e-01
1.15300e+03 2.6866424728e+03 2.0394459749e-01
1.15400e+03 2.6877992954e+03 7.3353868364e-01
1.15500e+03 2.6889646972e+03 1.4050409726e+00
1.15600e+03 2.6900156815e+03 8.7283154141e-01
1.15700e+03 2.6910665546e+03 8.1179202887e-01
1.15800e+03 2.6922474289e+03 4.2023843349e-01
1.15900e+03 2.6934226424e+03 1.2588342304e+00
1.16000e+03 2.6945487678e+03 1.9257638498e+00
1.16100e+03 2.6956866085e+03 3.3583939257e-01
1.16200e+03 2.6968166892e+03 3.3945873618e-01
1.16300e+03 2.6979622749e+03 3.4686428565e-01
1.16400e+03 2.6991004510e+03 3.5461292151e-01
1.16500e+03 2.7003304664e+03 6.1548358569e-01
1.16600e+03 2.7015723018e+03 1.6043706654e+00
1.16700e+03 2.7027577315e+03 3.9410227880e-01
1.16800e+03 2.7038239492e+03 1.1180564135e-01
1.16900e+03 2.7048879852e+03 1.5563288357e+00
1.17000e+03 2.7060478620e+03 4.1540880431e-01
1.17100e+03 2.7072066537e+03 3.8835544439e-01
1.17200e+03 2.7083564415e+03 3.7787809266e-01
1.17300e+03 2.7095922566e+03 1.4775142935e+00
1.17400e+03 2.7108399966e+03 7.8757986094e-01
1.17500e+03 2.7120605079e+03 7.7148845120e-01
1.17600e+03 2.7131603511e+03 1.6036313980e+00
1.17700e+03 2.7142473489e+03 2.2946315234e+00
1.17800e+03 2.7154582293e+03 4.9967736027e-01
1.17900e+03 2.7166565215e+03 4.1700070341e-01
1.18000e+03 2.7177197152e+03 2.2893128744e+00
1.18100e+03 2.7187842167e+03 1.1092054802e+00
1.18200e+03 2.7198713666e+03 2.1965610562e-01
1.18300e+03 2.7207374728e+03 2.7828612134e-01
1.18400e+03 2.7215329764e+03 8.8606458733e-01
1.18500e+03 2.7223496426e+03 4.9440106727e-02
1.18600e+03 2.7231510249e+03 4.3511925120e-02
1.18700e+03 2.7239757377e+03 8.0467042578e-03
1.18800e+03 2.7249337279e+03 2.5289015856e-01
1.18900e+03 2.7258677920e+03 2.7145470528e-01
1.19000e+03 2.7266646410e+03 2.4934494010e-01
1.19100e+03 2.7274683838e+03 2.9041784363e-01
1.19200e+03 2.7282961331e+03 3.0900262759e-02
1.19300e+03 2.7291146878e+03 4.5681172348e-02
1.19400e+03 2.7300264608e+03 4.4975223545e-01
1.19500e+03 2.7309399206e+03 1.0698464030e-01
1.19600e+03 2.7317913719e+03 2.3702028634e-02
1.19700e+03 2.7326316941e+03 1.5361342520e-01
1.19800e+03 2.7335538303e+03 9.6514508456e-02
1.19900e+03 2.7345456164e+03 1.7815178220e-02
1.20000e+03 2.7354581466e+03 1.1918657261e-01
1.20100e+03 2.7363392543e+03 1.3848437565e-01
1.20200e+03 2.7373360909e+03 8.3198672889e-02
1.20300e+03 2.7382994512e+03 4.6517479614e-02
1.20400e+03 2.7392113266e+03 3.6815730931e-02
1.20500e+03 2.7401343692e+03 5.2067233114e-02
1.20600e+03 2.7409907134e+03 1.2709518610e-01
1.20700e+03 2.7418380348e+03 1.2619762723e-01
1.20800e+03 2.7427684297e+03 1.8519454081e-02
1.20900e+03 2.7437000241e+03 2.0233780455e-03
1.21000e+03 2.7445693899e+03 6.6637493534e-03
1.21100e+03 2.7454262312e+03 2.8020814677e-02
1.21200e+03 2.7462929568e+03 2.6401545665e-03
1.21300e+03 2.7471452662e+03 4.5318470412e-03
1.21400e+03 2.7480863916e+03 1.0730459602e-02
1.21500e+03 2.7490923618e+03 9.7299624393e-02
1.21600e+03 2.7501260657e+03 1.0751476710e-01
1.21700e+03 2.7511383122e+03 1.1368345441e-01
1.21800e+03 2.7521576365e+03 9.9190154507e-02
1.21900e+03 2.7531252799e+03 4.6768697249e-02
1.22000e+03 2.7540470062e+03 1.9137304048e-01
1.22100e+03 2.7549811867e+03 1.5771883454e-01
1.22200e+03 2.7558501709e+03 2.2585703858e-03
1.22300e+03 2.7565323847e+03 3.2961718367e-02
1.22400e+03 2.7572585551e+03 2.9315389692e-01
1.22500e+03 2.7579959015e+03 4.0766469569e-01
1.22600e+03 2.7586213931e+03 3.9245580772e-01
1.22700e+03 2.7594568395e+03 1.8503839552e-01
1.22800e+03 2.7604431958e+03 1.1768877683e-02
1.22900e+03 2.7614759272e+03 2.3437986748e-01
1.23000e+03 2.7624154681e+03 3.6972587329e-01
1.23100e+03 2.7633234773e+03 2.8767417693e-02
1.23200e+03 2.7642004326e+03 6.2585682603e-02
1.23300e+03 2.7653370230e+03 2.8938688891e-01
1.23400e+03 2.7666185656e+03 2.9518621577e-01
1.23500e+03 2.7678714118e+03 6.0179962522e-01
1.23600e+03 2.7690457886e+03 6.8309538337e-01
1.23700e+03 2.7701990988e+03 3.9482384703e-01
1.23800e+03 2.7714330108e+03 5.5356737596e-01
1.23900e+03 2.7726597364e+03 5.2689309188e-01
1.24000e+03 2.7738235877e+03 3.8390355222e-01
1.24100e+03 2.7747730843e+03 3.1895175779e-03
1.24200e+03 2.7757554081e+03 1.3073184864e+00
1.24300e+03 2.7767104448e+03 2.7168885152e-01
1.24400e+03 2.7776233951e+03 6.6012749345e-02
1.24500e+03 2.7786294572e+03 1.2793419266e+00
1.24600e+03 2.7795503511e+03 7.2746515622e-01
1.24700e+03 2.7806701456e+03 3.7033832563e-01
1.24800e+03 2.7819326291e+03 6.7473622241e-01
1.24900e+03 2.7832221795e+03 2.8348827032e-01
1.25000e+03 2.7845184872e+03 6.5097458453e-01
1.25100e+03 2.7857729791e+03 9.0757002343e-01
1.25200e+03 2.7869014690e+03 3.3460649356e-01
1.25300e+03 2.7880240386e+03 6.7683660612e-01
1.25400e+03 2.7892415865e+03 5.3652384086e-01
1.25500e+03 2.7905085294e+03 6.2771613837e-01
1.25600e+03 2.7917912847e+03 6.1353596178e-01
1.25700e+03 2.7930504218e+03 6.0511665304e-01
1.25800e+03 2.7943126175e+03 5.8395193900e-01
1.25900e+03 2.7955470386e+03 5.1591651770e-01
1.26000e+03 2.7966558306e+03 6.5646184600e-01
1.26100e+03 2.7975638733e+03 3.1111712786e+00
1.26200e+03 2.7983958819e+03 2.2544195039e+00
1.26300e+03 2.7992467007e+03 5.7223925518e-02
1.26400e+03 2.8002279562e+03 2.8094012052e-01
1.26500e+03 2.8011851087e+03 2.7726859573e-01
1.26600e+03 2.8020081644e+03 9.5427402218e-01
1.26700e+03 2.8026500796e+03 4.0685119208e-01
1.26800e+03 2.8033570901e+03 2.7424494105e-01
1.26900e+03 2.8040264531e+03 4.2522437910e-01
1.27000e+03 2.8046580336e+03 3.4737798966e-01
1.27100e+03 2.8054022224e+03 1.2952806955e-01
1.27200e+03 2.8060698700e+03 6.2797204037e-01
1.27300e+03 2.8069202292e+03 9.7679080756e-01
1.27400e+03 2.8078146199e+03 1.9286119936e-01
1.27500e+03 2.8086927491e+03 1.6489828683e-01
1.27600e+03 2.8096655281e+03 2.1179992337e-01
1.27700e+03 2.8106325289e+03 1.4324261954e-01
1.27800e+03 2.8115322227e+03 1.3694502410e-01
1.27900e+03 2.8122349970e+03 2.9582315339e-01
1.28000e+03 2.8128559869e+03 6.9143047596e-02
1.28100e+03 2.8137081121e+03 1.2269091423e-02
1.28200e+03 2.8146057067e+03 1.2327718077e-02
1.28300e+03 2.8154877568e+03 2.9924881988e-02
1.28400e+03 2.8163868174e+03 3.1360999758e-02
1.28500e+03 2.8170699517e+03 1.9640047372e-02
1.28600e+03 2.8176863632e+03 3.7573357611e-02
1.28700e+03 2.8185447417e+03 2.3671573613e-02
1.28800e+03 2.8194484684e+03 1.8981779837e-02
1.28900e+03 2.8203359944e+03 2.9147479999e-02
1.29000e+03 2.8213192233e+03 1.2810907057e-02
1.29100e+03 2.8222963648e+03 2.2938776204e-02
1.29200e+03 2.8232057021e+03 3.4728951406e-02
1.29300e+03 2.8239161029e+03 2.7266527634e-02
1.29400e+03 2.8245447653e+03 1.7721262716e-02
1.29500e+03 2.8254060793e+03 1.3413853528e-02
1.29600e+03 2.8264119266e+03 4.5534200890e-02
1.29700e+03 2.8274602996e+03 5.2497989916e-02
1.29800e+03 2.8285272541e+03 2.5582218491e-01
1.29900e+03 2.8295360178e+03 7.7110864219e-02
1.30000e+03 2.8304961524e+03 3.1321124464e-02
1.30100e+03 2.8314656884e+03 7.9379337886e-03
1.30200e+03 2.8324231880e+03 1.0565007840e-02
1.30300e+03 2.8334801788e+03 2.6418413508e-01
1.30400e+03 2.8344485923e+03 3.2635078707e-01
1.30500e+03 2.8356055720e+03 3.6188969215e-01
1.30600e+03 2.8369002727e+03 4.5429492351e-01
1.30700e+03 2.8382195561e+03 2.6229268527e-01
1.30800e+03 2.8394346396e+03 6.0819767559e-01
1.30900e+03 2.8406107158e+03 1.1147930168e+00
1.31000e+03 2.8418978845e+03 6.6844221127e-01
1.31100e+03 2.8431733828e+03 6.2398860910e-01
1.31200e+03 2.8444496406e+03 6.1245372873e-01
1.31300e+03 2.8457150896e+03 6.0179205012e-01
1.31400e+03 2.8469857830e+03 5.9562592473e-01
1.31500e+03 2.8482370399e+03 7.2500709391e-01
1.31600e+03 2.8493619948e+03 1.0162504098e+00
1.31700e+03 2.8502828162e+03 1.2258393430e+00
1.31800e+03 2.8512570448e+03 2.9646483710e-01
1.31900e+03 2.8522420396e+03 1.8407621969e-02
1.32000e+03 2.8531141458e+03 1.3341417826e+00
1.32100e+03 2.8542258216e+03 7.5057257261e-01
1.32200e+03 2.8554904361e+03 1.4748883290e+00
1.32300e+03 2.8567800979e+03 4.5254891490e-01
1.32400e+03 2.8580788953e+03 7.9505442094e-01
1.32500e+03 2.8593396321e+03 1.4828933328e+00
1.32600e+03 2.8605518098e+03 5.3118732596e-01
1.32700e+03 2.8617716514e+03 4.8976101965e-01
1.32800e+03 2.8629305647e+03 1.2585718646e+00
1.32900e+03 2.8638800408e+03 5.2674566581e-01
1.33000e+03 2.8647379201e+03 5.1199210821e-01
1.33100e+03 2.8656095372e+03 7.7859075138e-02
1.33200e+03 2.8666082728e+03 3.2073724858e-01
1.33300e+03 2.8676064467e+03 6.7530611868e-01
1.33400e+03 2.8686152744e+03 6.3923748778e-02
1.33500e+03 2.8695846230e+03 2.5049299219e-01
1.33600e+03 2.8705099458e+03 2.5624817926e-01
1.33700e+03 2.8715269056e+03 8.2645685355e-02
1.33800e+03 2.8724580594e+03 4.5068227303e-03
1.33900e+03 2.8733592468e+03 4.1384666443e-01
1.34000e+03 2.8743787038e+03 9.3192480487e-02
1.34100e+03 2.8753921513e+03 8.9587042635e-02
1.34200e+03 2.8762814765e+03 3.7160415994e-01
1.34300e+03 2.8771690987e+03 7.9534138677e-02
1.34400e+03 2.8780367746e+03 5.7805412597e-02
1.34500e+03 2.8791729132e+03 1.9424884807e+00
1.34600e+03 2.8803525949e+03 1.0340174227e+00
1.34700e+03 2.8815103965e+03 3.9393406010e-01
1.34800e+03 2.8827654159e+03 5.0175708556e-01
1.34900e+03 2.8840088212e+03 1.0313038117e+00
1.35000e+03 2.8851865048e+03 3.9154205120e-01
1.35100e+03 2.8861453252e+03 7.1198231755e-02
1.35200e+03 2.8870115918e+03 4.6405462963e-01
1.35300e+03 2.8881327239e+03 3.5448097820e-01
1.35400e+03 2.8894003522e+03 5.6674659225e-01
1.35500e+03 2.8906464688e+03 5.6889125355e-01
1.35600e+03 2.8918736512e+03 5.2787649834e-01
1.35700e+03 2.8931080003e+03 5.1558115558e-01
1.35800e+03 2.8942833477e+03 3.5179023498e-01
1.35900e+03 2.8952457866e+03 2.7941388843e-01
1.36000e+03 2.8961131926e+03 3.5526585315e-01
1.36100e+03 2.8969925605e+03 2.7183959763e-01
1.36200e+03 2.8979977194e+03 1.7127248890e+00
1.36300e+03 2.8989773908e+03 2.5467767061e-01
1.36400e+03 2.8999081350e+03 3.5795612399e-02
1.36500e+03 2.9009262682e+03 1.7156977778e+00
1.36600e+03 2.9018579092e+03 6.4235053268e-02
1.36700e+03 2.9027603374e+03 1.1033664613e+00
1.36800e+03 2.9037813295e+03 9.2289651923e-02
1.36900e+03 2.9047704416e+03 2.6319176592e-02
1.37000e+03 2.9057090405e+03 3.3873407184e-01
1.37100e+03 2.9067348409e+03 9.9864660509e-02
1.37200e+03 2.9076732288e+03 9.1124875335e-01
1.37300e+03 2.9088136924e+03 1.1533293077e+00
1.37400e+03 2.9099949675e+03 1.1581037014e+00
1.37500e+03 2.9111548695e+03 3.9382465114e-01
1.37600e+03 2.9124116036e+03 4.1789994070e-01
1.37700e+03 2.9137062795e+03 2.6887554703e-01
1.37800e+03 2.9149072322e+03 9.0366970485e-01
1.37900e+03 2.9160712486e+03 1.0585563789e+00
1.38000e+03 2.9173476630e+03 6.2379373603e-01
1.38100e+03 2.9186159747e+03 1.0350769456e+00
1.38200e+03 2.9198304123e+03 5.3480843341e-01
1.38300e+03 2.9211103493e+03 6.9003178786e-01
1.38400e+03 2.9224026497e+03 7.0522784194e-01
1.38500e+03 2.9236539355e+03 5.1724778785e-01
1.38600e+03 2.9248598122e+03 5.0816953480e-01
1.38700e+03 2.9260753477e+03 4.7191106474e-01
1.38800e+03 2.9272311505e+03 7.8435142912e-01
1.38900e+03 2.9281792661e+03 4.0702092527e-01
1.39000e+03 2.9291624018e+03 2.9816138410e-01
1.39100e+03 2.9301529334e+03 6.3137961827e-01
1.39200e+03 2.9311592276e+03 4.6580640451e-02
1.39300e+03 2.9321587082e+03 5.5483001306e-02
1.39400e+03 2.9330405921e+03 5.0393803733e-01
1.39500e+03 2.9339204735e+03 2.7616312541e-01
1.39600e+03 2.9349307008e+03 5.9360577078e-02
1.39700e+03 2.9359119299e+03 2.3430642746e-01
1.39800e+03 2.9368435677e+03 2.7605000835e-01
1.39900e+03 2.9378633598e+03 7.9612720426e-02
1.40000e+03 2.9387966694e+03 3.2731271671e-01
1.40100e+03 2.9399333628e+03 1.3375961017e+00
1.40200e+03 2.9411115665e+03 9.4226644550e-01
1.40300e+03 2.9422688778e+03 3.8470454195e-01
1.40400e+03 2.9434419409e+03 3.7917931260e-01
1.40500e+03 2.9443815953e+03 1.1907410716e-01
1.40600e+03 2.9453731549e+03 6.0865480218e-02
1.40700e+03 2.9463737792e+03 4.1636810374e-02
1.40800e+03 2.9472589457e+03 5.7354142701e-01
1.40900e+03 2.9483844061e+03 3.4694919039e-01
1.41000e+03 2.9496614944e+03 4.6657876902e-01
1.41100e+03 2.9509149331e+03 1.2908702195e+00
1.41200e+03 2.9521481792e+03 8.1168702254e-01
1.41300e+03 2.9533879748e+03 5.2045773981e-01
1.41400e+03 2.9546147277e+03 5.1344419125e-01
1.41500e+03 2.9559243694e+03 6.2497994295e-01
1.41600e+03 2.9572398000e+03 1.7409327011e+00
1.41700e+03 2.9585243883e+03 1.3981757988e+00
1.41800e+03 2.9596861126e+03 6.2316007413e-01
1.41900e+03 2.9610909453e+03 1.3264038938e+00
1.42000e+03 2.9626444327e+03 9.7240039936e-01
1.42100e+03 2.9642013643e+03 2.7234342613e-01
1.42200e+03 2.9657545821e+03 1.1555242233e+00
1.42300e+03 2.9672794430e+03 1.1222979644e+00
1.42400e+03 2.9686786064e+03 1.5625166000e+00
1.42500e+03 2.9700624045e+03 3.3985088625e+00
1.42600e+03 2.9714146381e+03 1.1737712546e+00
1.42700e+03 2.9730818469e+03 1.2338040114e+00
1.42800e+03 2.9747907074e+03 3.4400473038e+00
1.42900e+03 2.9764703218e+03 1.4305533681e+00
1.43000e+03 2.9781666370e+03 1.4165775379e+00
1.43100e+03 2.9798366935e+03 1.4056030014e+00
1.43200e+03 2.9815225596e+03 1.3937483030e+00
1.43300e+03 2.9831839124e+03 1.3836508684e+00
1.43400e+03 2.9848618729e+03 1.3743615701e+00
1.43500e+03 2.9862756246e+03 8.0844412960e-01
1.43600e+03 2.9875955989e+03 4.1951972363e+00
1.43700e+03 2.9889315375e+03 4.1131889728e+00
1.43800e+03 2.9902433686e+03 6.8111168011e-01
1.43900e+03 2.9915782191e+03 6.7934245959e-01
1.44000e+03 2.9928903981e+03 6.7901110221e-01
1.44100e+03 2.9942258230e+03 6.7890636703e-01
1.44200e+03 2.9955382420e+03 6.7846752442e-01
1.44300e+03 2.9971771494e+03 1.3505417023e+00
1.44400e+03 2.9989697013e+03 1.6323113555e+00
1.44500e+03 3.0007361865e+03 7.2476685956e+00
1.44600e+03 3.0023882367e+03 3.3963111345e-01
1.44700e+03 3.0043128047e+03 2.8566069797e-01
1.44800e+03 3.0063806458e+03 7.5157100351e+00
1.44900e+03 3.0084082414e+03 1.1411032105e+01
1.45000e+03 3.0103671401e+03 2.3270838169e+00
1.45100e+03 3.0122926183e+03 3.5411330848e+00
1.45200e+03 3.0143054760e+03 2.0653040911e+00
1.45300e+03 3.0162995087e+03 2.0296758922e+00
1.45400e+03 3.0182384690e+03 3.1060741947e+00
1.45500e+03 3.0201462903e+03 2.0455819444e+00
1.45600e+03 3.0220615655e+03 2.0198512071e+00
1.45700e+03 3.0239517288e+03 1.8244364687e+00
1.45800e+03 3.0259454595e+03 2.0085191830e+00
1.45900e+03 3.0279214361e+03 1.9884545601e+00
1.46000e+03 3.0298854295e+03 1.9567287101e+00
1.46100e+03 3.0318824027e+03 5.6977950926e-01
1.46200e+03 3.0338625601e+03 1.4922936003e+01
1.46300e+03 3.0358103863e+03 7.5135302027e+00
1.46400e+03 3.0377523166e+03 1.9025995342e+00
1.46500e+03 3.0397358178e+03 1.9622965795e+00
1.46600e+03 3.0416033882e+03 1.7749072951e+00
1.46700e+03 3.0432137822e+03 1.0755423951e+01
1.46800e+03 3.0447230160e+03 1.0601852149e+01
1.46900e+03 3.0462497157e+03 1.0441817545e+00
1.47000e+03 3.0477528223e+03 1.0370103816e+00
1.47100e+03 3.0492815269e+03 1.0379782970e+00
1.47200e+03 3.0507875363e+03 1.0398430815e+00
1.47300e+03 3.0526409043e+03 2.0823928926e+00
1.47400e+03 3.0546528978e+03 2.0083344346e+00
1.47500e+03 3.0566278170e+03 1.9977440506e+00
1.47600e+03 3.0585832308e+03 1.9391666717e+00
1.47700e+03 3.0605642341e+03 5.1365267600e+00
1.47800e+03 3.0624335962e+03 3.6335269203e-01
1.47900e+03 3.0642516589e+03 1.6911505995e+00
1.48000e+03 3.0661779739e+03 5.1157750463e+00
1.48100e+03 3.0680921091e+03 1.8411384165e+00
1.48200e+03 3.0698781610e+03 1.6061493284e+00
1.48300e+03 3.0716588315e+03 1.5671510507e+00
1.48400e+03 3.0735660453e+03 1.8201960035e+00
1.48500e+03 3.0755401098e+03 1.9363728030e+00
1.48600e+03 3.0774624357e+03 4.9223457211e+00
1.48700e+03 3.0793875226e+03 4.8684457973e+00
1.48800e+03 3.0812641649e+03 9.0967006423e+00
1.48900e+03 3.0831170375e+03 8.8604815651e+00
1.49000e+03 3.0849827482e+03 1.8333712575e+00
1.49100e+03 3.0865789772e+03 1.5744083512e+00
1.49200e+03 3.0880759598e+03 3.1208174221e+00
1.49300e+03 3.0898962909e+03 1.6795674745e+00
1.49400e+03 3.0917660100e+03 1.6818963548e+00
1.49500e+03 3.0936132460e+03 1.7071194381e+00
1.49600e+03 3.0955747823e+03 1.8817904559e+00
1.49700e+03 3.0975234250e+03 3.2117301197e+00
1.49800e+03 3.0993615532e+03 3.7244457947e+00
1.49900e+03 3.1014838537e+03 2.7506449726e-01
1.50000e+03 3.1037544349e+03 1.6749831900e+00
1.50100e+03 3.1059849834e+03 3.8586785226e+00
1.50200e+03 3.1081955790e+03 2.4288959622e+00
1.50300e+03 3.1104178433e+03 3.9943429549e+00
1.50400e+03 3.1125212345e+03 5.4005238751e-01
1.50500e+03 3.1145677977e+03 6.0694146600e+00
1.50600e+03 3.1165644887e+03 2.0270865525e+00
1.50700e+03 3.1189396442e+03 2.8402154051e+00
1.50800e+03 3.1214742560e+03 1.8254832739e+00
1.50900e+03 3.1239612961e+03 4.5066164163e+00
1.51000e+03 3.1263838667e+03 5.3704283170e+00
1.51100e+03 3.1287686932e+03 2.7873685586e+00
1.51200e+03 3.1312479180e+03 2.9452556837e+00
1.51300e+03 3.1336887627e+03 2.7831522184e+00
1.51400e+03 3.1360045529e+03 3.8072688280e+00
1.51500e+03 3.1382683144e+03 6.0457193336e+00
1.51600e+03 3.1406398141e+03 1.0663795676e+01
1.51700e+03 3.1431130658e+03 2.9285220921e+00
1.51800e+03 3.1455336497e+03 2.8669527039e+00
1.51900e+03 3.1479514748e+03 2.8086591211e+00
1.52000e+03 3.1503647612e+03 2.7985530043e+00
1.52100e+03 3.1527860328e+03 3.7838884371e+00
1.52200e+03 3.1550891539e+03 2.5388348827e+00
1.52300e+03 3.1576972383e+03 7.8713687855e+00
1.52400e+03 3.1604558774e+03 3.4535271526e-01
1.52500e+03 3.1631322396e+03 2.7913866469e+00
1.52600e+03 3.1657665221e+03 6.6112088882e+00
1.52700e+03 3.1683706530e+03 3.2016006981e+00
1.52800e+03 3.1708492465e+03 5.4874659591e+00
1.52900e+03 3.1737103406e+03 5.9801700682e-01
1.53000e+03 3.1767318245e+03 4.0782258995e+00
1.53100e+03 3.1796441689e+03 2.5163600048e+00
1.53200e+03 3.1824120151e+03 8.8667163925e-01
1.53300e+03 3.1855463613e+03 4.3473997815e+00
1.53400e+03 3.1888347000e+03 2.7806985326e+00
1.53500e+03 3.1919952253e+03 1.1339658645e+00
1.53600e+03 3.1950031596e+03 4.5831404551e+00
1.53700e+03 3.1983952574e+03 3.0356694436e+00
1.53800e+03 3.2019424068e+03 1.3916425452e+00
1.53900e+03 3.2054270989e+03 1.2449945197e+01
1.54000e+03 3.2088596647e+03 1.9631179011e+01
1.54100e+03 3.2122384809e+03 4.7530824870e+00
1.54200e+03 3.2157193231e+03 4.9091313825e+00
1.54300e+03 3.2190944717e+03 4.7931805225e+00
1.54400e+03 3.2224023464e+03 1.2494105454e+01
1.54500e+03 3.2256752463e+03 4.7068739944e+00
1.54600e+03 3.2288224579e+03 7.9202405125e+00
1.54700e+03 3.2324156806e+03 1.7425156119e+00
1.54800e+03 3.2361758702e+03 4.7944632899e+00
1.54900e+03 3.2398732516e+03 9.9065803197e+00
1.55000e+03 3.2435233500e+03 6.7066351552e+00
1.55100e+03 3.2471196434e+03 5.1748900220e+00
1.55200e+03 3.2507250702e+03 5.1250434691e+00
1.55300e+03 3.2539517957e+03 2.2357901103e+01
1.55400e+03 3.2570184915e+03 6.8299723756e+00
1.55500e+03 3.2605513294e+03 5.0564629388e+00
1.55600e+03 3.2642659092e+03 5.3359479955e+00
1.55700e+03 3.2678219730e+03 1.0209504020e+01
1.55800e+03 3.2713070477e+03 1.4891610343e+01
1.55900e+03 3.2749703477e+03 5.4679876473e+00
1.56000e+03 3.2785395141e+03 5.0151460535e+00
1.56100e+03 3.2817217997e+03 1.1729081171e+01
1.56200e+03 3.2847454713e+03 9.0659548869e+00
1.56300e+03 3.2882433017e+03 4.9751233552e+00
1.56400e+03 3.2917953945e+03 4.9530746607e+00
1.56500e+03 3.2949533732e+03 4.0822033610e+00
1.56600e+03 3.2981262607e+03 3.3259583077e-01
1.56700e+03 3.3014794243e+03 9.6481160207e+00
1.56800e+03 3.3047917625e+03 1.4698746024e+01
1.56900e+03 3.3081005123e+03 4.5099241131e+00
1.57000e+03 3.3113871556e+03 2.9000959414e+00
1.57100e+03 3.3146336335e+03 9.2511070564e+00
1.57200e+03 3.3178962774e+03 6.0523111023e+00
1.57300e+03 3.3211306943e+03 4.3770558155e+00
1.57400e+03 3.3244971137e+03 4.5594953167e+00
1.57500e+03 3.3277629398e+03 8.7666511650e+00
1.57600e+03 3.3309704339e+03 1.4178488727e+01
1.57700e+03 3.3343243332e+03 4.6000853211e+00
1.57800e+03 3.3376398476e+03 4.5445802306e+00
1.57900e+03 3.3409499698e+03 4.4962585905e+00
1.58000e+03 3.3442631539e+03 4.4894320494e+00
1.58100e+03 3.3475329613e+03 1.0394044587e+01
1.58200e+03 3.3506673092e+03 1.4637786608e+01
1.58300e+03 3.3541766805e+03 9.4657516676e+00
1.58400e+03 3.3577261402e+03 1.4115780475e+01
1.58500e+03 3.3608841415e+03 1.4623171378e+01
1.58600e+03 3.3640500644e+03 9.0456763755e+00
1.58700e+03 3.3671965509e+03 8.9133097594e+00
1.58800e+03 3.3703299811e+03 4.1375261083e+00
1.58900e+03 3.3736614774e+03 9.4171840076e+00
1.59000e+03 3.3769552222e+03 9.3883275597e+00
1.59100e+03 3.3802450471e+03 4.4264005528e+00
1.59200e+03 3.3835147109e+03 2.7979591075e-01
1.59300e+03 3.3864271223e+03 8.6913437791e+00
1.59400e+03 3.3893207032e+03 9.4198728148e+00
1.59500e+03 3.3922028616e+03 1.3279513457e+01
1.59600e+03 3.3949680983e+03 1.2473100186e+01
1.59700e+03 3.3981675760e+03 9.0690457110e+00
1.59800e+03 3.4015423068e+03 8.1094719242e+00
1.59900e+03 3.4048679533e+03 8.1371840819e+00
1.60000e+03 3.4081824189e+03 4.4622698451e+00
1.60100e+03 3.4114924323e+03 4.4421744408e+00
1.60200e+03 3.4147826702e+03 9.0805507970e+00
1.60300e+03 3.4177140666e+03 9.4294379719e+00
1.60400e+03 3.4204762653e+03 9.4169705804e+00
1.60500e+03 3.4232460105e+03 3.3591428090e+00
1.60600e+03 3.4261417028e+03 1.2568890541e+01
1.60700e+03 3.4290290874e+03 1.2561547856e+01
1.60800e+03 3.4317921200e+03 3.3566175695e+00
1.60900e+03 3.4345541026e+03 9.0277649929e+00
1.61000e+03 3.4374455590e+03 3.5844831562e+00
1.61100e+03 3.4405173908e+03 2.3818167766e-01
1.61200e+03 3.4434742404e+03 1.5787089893e+01
1.61300e+03 3.4464088431e+03 1.9830309997e+01
1.61400e+03 3.4493738086e+03 3.6981173664e+00
1.61500e+03 3.4523162069e+03 3.7022149187e+00
1.61600e+03 3.4552889667e+03 3.7063069842e+00
1.61700e+03 3.4579222982e+03 3.4522476493e+00
1.61800e+03 3.4604259066e+03 1.6147827148e+01
1.61900e+03 3.4633556154e+03 3.6899110973e+00
1.62000e+03 3.4664641271e+03 7.8204974009e+00
1.62100e+03 3.4695275748e+03 1.4924650936e+01
1.62200e+03 3.4725399889e+03 3.7258754642e+00
1.62300e+03 3.4752094343e+03 6.9046278535e+00
1.62400e+03 3.4777270219e+03 3.7002004406e+00
1.62500e+03 3.4802567736e+03 3.5568065942e+00
1.62600e+03 3.4827516573e+03 2.8023291347e+00
1.62700e+03 3.4852776929e+03 2.7958106193e+00
1.62800e+03 3.4879394753e+03 1.0853389741e+01
1.62900e+03 3.4905956017e+03 1.6714181510e+01
1.63000e+03 3.4932458331e+03 5.6028525206e+00
1.63100e+03 3.4960543945e+03 3.4672632472e+00
1.63200e+03 3.4988233806e+03 1.6357941753e+01
1.63300e+03 3.5015512802e+03 3.1470181954e+00
1.63400e+03 3.5042523662e+03 3.1947257882e+00
1.63500e+03 3.5069322505e+03 3.1435156770e+00
1.63600e+03 3.5096066555e+03 3.1136911650e+00
1.63700e+03 3.5124192770e+03 5.5031363060e+00
1.63800e+03 3.5151934151e+03 6.2893953060e+00
1.63900e+03 3.5179320250e+03 3.1693030636e+00
1.64000e+03 3.5206422892e+03 3.2019930306e+00
1.64100e+03 3.5234570937e+03 6.2852888744e+00
1.64200e+03 3.5261781662e+03 5.3267063583e+00
1.64300e+03 3.5288757775e+03 1.5272234067e+01
1.64400e+03 3.5316901876e+03 3.3820579970e+00
1.64500e+03 3.5344838317e+03 3.3575154773e+00
1.64600e+03 3.5372732099e+03 3.3291260380e+00
1.64700e+03 3.5400475156e+03 3.2344868889e+00
1.64800e+03 3.5426965410e+03 1.2586070411e+01
1.64900e+03 3.5452857401e+03 1.2639308101e+01
1.65000e+03 3.5479822035e+03 3.5160091914e+00
1.65100e+03 3.5506658483e+03 3.4218322699e+00
1.65200e+03 3.5533405652e+03 3.0981062595e+00
1.65300e+03 3.5560163357e+03 3.0871339357e+00
1.65400e+03 3.5586894466e+03 3.0824408222e+00
1.65500e+03 3.5615109238e+03 3.3536300448e+00
1.65600e+03 3.5642299749e+03 1.2624647399e+01
1.65700e+03 3.5669276140e+03 6.7045006966e+00
1.65800e+03 3.5697454057e+03 6.2323129664e+00
1.65900e+03 3.5725005250e+03 3.1587070886e+00
1.66000e+03 3.5752216050e+03 3.2035174645e+00
1.66100e+03 3.5779184220e+03 3.1420117503e+00
1.66200e+03 3.5806070538e+03 3.1064214606e+00
1.66300e+03 3.5834319451e+03 6.2294948827e+00
1.66400e+03 3.5862170589e+03 6.2617402195e+00
1.66500e+03 3.5889661099e+03 3.1555489612e+00
1.66600e+03 3.5916855081e+03 3.1831598938e+00
1.66700e+03 3.5943809399e+03 3.1263574575e+00
1.66800e+03 3.5970690137e+03 3.0919067773e+00
1.66900e+03 3.5997523397e+03 3.0767090695e+00
1.67000e+03 3.6023184626e+03 6.6148937598e+00
1.67100e+03 3.6048756879e+03 2.2227306557e+01
1.67200e+03 3.6073955652e+03 1.8448792236e+01
1.67300e+03 3.6103762176e+03 1.2764572525e+01
1.67400e+03 3.6135287033e+03 9.7166287431e+00
1.67500e+03 3.6166281628e+03 1.6236958730e+01
1.67600e+03 3.6196747768e+03 2.2532642093e+01
1.67700e+03 3.6226787588e+03 9.7302416593e+00
1.67800e+03 3.6257862869e+03 3.9017315190e+00
1.67900e+03 3.6288126181e+03 3.1196869997e+00
1.68000e+03 3.6317894430e+03 7.3090724475e+00
1.68100e+03 3.6347364872e+03 4.4457945954e+00
1.68200e+03 3.6376692247e+03 3.5671396787e+00
1.68300e+03 3.6405955344e+03 3.5428380968e+00
1.68400e+03 3.6435137068e+03 3.5247301847e+00
1.68500e+03 3.6464306742e+03 3.5118630518e+00
1.68600e+03 3.6493416287e+03 3.5011333181e+00
1.68700e+03 3.6522533376e+03 3.4923737378e+00
1.68800e+03 3.6550477827e+03 4.2518493025e+00
1.68900e+03 3.6578339217e+03 1.8113087258e+01
1.69000e+03 3.6607458589e+03 3.4898639060e+00
1.69100e+03 3.6636513798e+03 3.4801860901e+00
1.69200e+03 3.6665475658e+03 3.4609547818e+00
1.69300e+03 3.6696249849e+03 3.8757893662e+00
1.69400e+03 3.6726618684e+03 1.7553816215e+01
1.69500e+03 3.6756397761e+03 3.5298805646e+00
1.69600e+03 3.6784936914e+03 1.4177162915e+01
1.69700e+03 3.6817281902e+03 2.1664609028e+01
1.69800e+03 3.6851238079e+03 3.8850848323e+00
1.69900e+03 3.6884674157e+03 2.1683650852e+01
1.70000e+03 3.6917649184e+03 2.5871114636e+01
1.70100e+03 3.6946963955e+03 7.0892058584e+00
1.70200e+03 3.6976071530e+03 7.9239915232e+00
1.70300e+03 3.7005023375e+03 7.8333443939e+00
1.70400e+03 3.7033896575e+03 3.4190041639e+00
1.70500e+03 3.7062794355e+03 3.4101786424e+00
1.70600e+03 3.7090535794e+03 7.4454802920e+00
1.70700e+03 3.7118210306e+03 1.1167626848e+01
1.70800e+03 3.7147156834e+03 3.4141013042e+00
1.70900e+03 3.7176050015e+03 3.4102273386e+00
1.71000e+03 3.7203695773e+03 1.0703756053e+01
1.71100e+03 3.7231333649e+03 3.4070236203e+00
1.71200e+03 3.7258605869e+03 3.3662628850e+00
1.71300e+03 3.7290801098e+03 4.1645610702e+00
1.71400e+03 3.7323488966e+03 1.4088224832e+01
1.71500e+03 3.7355798798e+03 1.4085596929e+01
1.71600e+03 3.7389472839e+03 1.4610883018e+01
1.71700e+03 3.7422745486e+03 1.4579929010e+01
1.71800e+03 3.7455903446e+03 4.2577136380e+00
1.71900e+03 3.7489005635e+03 4.2364101358e+00
1.72000e+03 3.7521898878e+03 4.1355046017e+00
1.72100e+03 3.7554298879e+03 4.4862710787e+00
1.72200e+03 3.7586786281e+03 4.4412007245e+00
1.72300e+03 3.7618952335e+03 4.0674796856e+00
1.72400e+03 3.7652390444e+03 4.2601886559e+00
1.72500e+03 3.7684840183e+03 3.4665232289e+00
1.72600e+03 3.7715813933e+03 1.3030316978e+01
1.72700e+03 3.7750668422e+03 4.3389759717e-01
1.72800e+03 3.7785932803e+03 4.7745738154e+00
1.72900e+03 3.7817266897e+03 1.6497775824e+01
1.73000e+03 3.7847133673e+03 3.7104166254e+00
1.73100e+03 3.7881702363e+03 4.5761653123e+00
1.73200e+03 3.7916784885e+03 4.5534031469e+00
1.73300e+03 3.7947922402e+03 3.6870485354e+00
1.73400e+03 3.7979211618e+03 1.2182581412e+01
1.73500e+03 3.8012259699e+03 1.3404112680e+01
1.73600e+03 3.8044888704e+03 1.3309798185e+01
1.73700e+03 3.8076789603e+03 1.6669108748e+01
1.73800e+03 3.8107392050e+03 3.7569286363e+00
1.73900e+03 3.8137474190e+03 3.6476340238e+00
1.74000e+03 3.8168673183e+03 1.3381686175e+01
1.74100e+03 3.8201773503e+03 4.1481173495e+00
1.74200e+03 3.8233751811e+03 5.8329876407e+00
1.74300e+03 3.8265463643e+03 1.0090318557e+01
1.74400e+03 3.8298467848e+03 4.1814891803e+00
1.74500e+03 3.8331195803e+03 4.1400711305e+00
1.74600e+03 3.8363885842e+03 4.1045144337e+00
1.74700e+03 3.8396572544e+03 4.0962846490e+00
1.74800e+03 3.8429273318e+03 4.0932619223e+00
1.74900e+03 3.8461594826e+03 5.7459040306e+00
1.75000e+03 3.8492560136e+03 7.6170919307e+00
1.75100e+03 3.8527210428e+03 1.0976471006e+01
1.75200e+03 3.8563449703e+03 3.5385014225e-01
1.75300e+03 3.8598251578e+03 5.9068401851e+00
1.75400e+03 3.8631490125e+03 1.1192818151e+01
1.75500e+03 3.8664137858e+03 1.9047659442e+01
1.75600e+03 3.8697853083e+03 1.2623711939e+01
1.75700e+03 3.8733653675e+03 4.7540539768e+00
1.75800e+03 3.8768945163e+03 4.6545211118e+00
1.75900e+03 3.8804128822e+03 4.5881732284e+00
1.76000e+03 3.8839111151e+03 1.9329013886e+01
1.76100e+03 3.8870336679e+03 1.4222047827e-01
1.76200e+03 3.8899851276e+03 3.6118248072e+00
1.76300e+03 3.8933956714e+03 8.5725744748e+00
1.76400e+03 3.8968607978e+03 4.4045973749e+00
1.76500e+03 3.9002927655e+03 4.4216166640e+00
1.76600e+03 3.9037571824e+03 4.4164855663e+00
1.76700e+03 3.9068484347e+03 3.5769125173e+00
1.76800e+03 3.9099473863e+03 9.0603140559e+00
1.76900e+03 3.9130294946e+03 1.5605459277e+01
1.77000e+03 3.9161014768e+03 3.6822945905e+00
1.77100e+03 3.9191791141e+03 3.6741412171e+00
1.77200e+03 3.9222524229e+03 3.6717936575e+00
1.77300e+03 3.9253316523e+03 3.6697141147e+00
1.77400e+03 3.9282964797e+03 9.0103448636e+00
1.77500e+03 3.9312555363e+03 8.8691387152e+00
1.77600e+03 3.9343423670e+03 3.6795662955e+00
1.77700e+03 3.9374248062e+03 3.6790965360e+00
1.77800e+03 3.9404977734e+03 3.6615538883e+00
1.77900e+03 3.9437761081e+03 1.2195927585e+01
1.78000e+03 3.9470160790e+03 1.9015600092e+01
1.78100e+03 3.9502525604e+03 6.5187724594e+00
1.78200e+03 3.9534693767e+03 3.1890273799e+00
1.78300e+03 3.9563288388e+03 6.7932843716e+00
1.78400e+03 3.9590293266e+03 9.9587795383e+00
1.78500e+03 3.9617430191e+03 2.9101723449e+00
1.78600e+03 3.9644211468e+03 2.8849019987e+00
1.78700e+03 3.9675769194e+03 1.0696499636e+01
1.78800e+03 3.9707855516e+03 9.6855691883e+00
1.78900e+03 3.9736149351e+03 2.9977080309e+00
1.79000e+03 3.9764684585e+03 3.7553487543e+00
1.79100e+03 3.9794809745e+03 6.0771308150e+00
1.79200e+03 3.9823856700e+03 2.6907735804e+00
1.79300e+03 3.9852711245e+03 8.7188610931e+00
1.79400e+03 3.9882851892e+03 9.8199399427e+00
1.79500e+03 3.9912775038e+03 3.4888223781e+00
1.79600e+03 3.9942672930e+03 3.4610580336e+00
1.79700e+03 3.9972602468e+03 3.4582361390e+00
1.79800e+03 4.0002547933e+03 3.4595352825e+00
1.79900e+03 4.0032279602e+03 9.4865788999e+00
1.80000e+03 4.0061545408e+03 1.3084222361e+01
1.80100e+03 4.0090475139e+03 1.0804578698e+01
1.80200e+03 4.0118213560e+03 6.3612786145e+00
1.80300e+03 4.0150058199e+03 8.0336229598e+00
1.80400e+03 4.0182372992e+03 1.1623227030e+01
1.80500e+03 4.0214331247e+03 3.8883517202e+00
1.80600e+03 4.0247646193e+03 3.6218568759e+00
1.80700e+03 4.0280578433e+03 7.6333362012e+00
1.80800e+03 4.0313074795e+03 3.9026201581e+00
1.80900e+03 4.0345127769e+03 3.9081895475e+00
1.81000e+03 4.0378252939e+03 4.3218164461e+00
1.81100e+03 4.0410454593e+03 3.2719234231e-01
1.81200e+03 4.0442084040e+03 7.8620669080e+00
1.81300e+03 4.0475095389e+03 4.0666503390e+00
1.81400e+03 4.0507713252e+03 4.0118529862e+00
1.81500e+03 4.0539693782e+03 7.8320924329e+00
1.81600e+03 4.0570359512e+03 1.6107064926e+01
1.81700e+03 4.0604877739e+03 4.4143883987e+00
1.81800e+03 4.0641019860e+03 3.5242571625e-01
1.81900e+03 4.0676608576e+03 4.6176510956e+00
1.82000e+03 4.0712058317e+03 4.5437955417e+00
1.82100e+03 4.0747421814e+03 4.5167298909e+00
1.82200e+03 4.0782610560e+03 8.5834937605e+00
1.82300e+03 4.0814057219e+03 2.2761157625e+01
1.82400e+03 4.0843708390e+03 4.3085180961e+00
1.82500e+03 4.0873410837e+03 4.1297884861e+00
1.82600e+03 4.0902683110e+03 3.3310034504e+00
1.82700e+03 4.0936907041e+03 4.8618953879e+00
1.82800e+03 4.0972934426e+03 4.5699775170e+00
1.82900e+03 4.1007390395e+03 1.1586323807e+01
1.83000e+03 4.1040293210e+03 1.8511944241e+00
1.83100e+03 4.1077440191e+03 4.8577125328e+00
1.83200e+03 4.1116232264e+03 2.4737074459e+00
1.83300e+03 4.1154403233e+03 7.3173883864e+00
1.83400e+03 4.1192417947e+03 5.0350965764e+00
1.83500e+03 4.1230314954e+03 5.0026652199e+00
1.83600e+03 4.1268187090e+03 4.9834046914e+00
1.83700e+03 4.1305986029e+03 4.9686145484e+00
1.83800e+03 4.1343706568e+03 9.9630676720e+00
1.83900e+03 4.1377521145e+03 5.5882285941e+00
1.84000e+03 4.1410882070e+03 3.0632357614e+01
1.84100e+03 4.1444008409e+03 1.9129982426e+01
1.84200e+03 4.1476992414e+03 3.9990196196e+00
1.84300e+03 4.1510008704e+03 3.9840156550e+00
1.84400e+03 4.1542948291e+03 3.9755898141e+00
1.84500e+03 4.1578041729e+03 2.7055012599e-01
1.84600e+03 4.1612773186e+03 1.2666321206e+01
1.84700e+03 4.1647459229e+03 1.2612915510e+01
1.84800e+03 4.1682213711e+03 4.3155822837e+00
1.84900e+03 4.1716414680e+03 4.0900821468e+00
1.85000e+03 4.1750030973e+03 4.3809503276e+00
1.85100e+03 4.1783326281e+03 4.2860033054e+00
1.85200e+03 4.1815441134e+03 4.7740585932e+00
1.85300e+03 4.1847346406e+03 2.9565875992e+01
1.85400e+03 4.1880456414e+03 4.0038010800e+00
1.85500e+03 4.1913474761e+03 3.9721011388e+00
1.85600e+03 4.1946355756e+03 3.9452277892e+00
1.85700e+03 4.1981484385e+03 4.3555252388e+00
1.85800e+03 4.2016226953e+03 8.0213672630e+00
1.85900e+03 4.2050083339e+03 4.0250864380e+00
1.86000e+03 4.2082626595e+03 2.8820795830e+01
1.86100e+03 4.2114625528e+03 7.9504458252e+00
1.86200e+03 4.2146072673e+03 7.8328842406e+00
1.86300e+03 4.2182742641e+03 3.7410282655e+01
1.86400e+03 4.2219911716e+03 3.7317725912e+01
1.86500e+03 4.2256674335e+03 4.7351086055e+00
1.86600e+03 4.2293745711e+03 4.7206036508e+00
1.86700e+03 4.2326861698e+03 3.8001301346e+00
1.86800e+03 4.2359997500e+03 4.0465420043e+00
1.86900e+03 4.2392931326e+03 3.9502395596e+00
1.87000e+03 4.2425729881e+03 3.9125645933e+00
1.87100e+03 4.2460720534e+03 1.7441274790e+01
1.87200e+03 4.2494765202e+03 3.0267078751e-01
1.87300e+03 4.2528517004e+03 4.1124331896e+00
1.87400e+03 4.2562576632e+03 4.1098167689e+00
1.87500e+03 4.2592969549e+03 3.9904157463e+00
1.87600e+03 4.2621941355e+03 9.2435818386e+00
1.87700e+03 4.2655578962e+03 4.0942875312e+00
1.87800e+03 4.2689790844e+03 4.1054186269e+00
1.87900e+03 4.2720152987e+03 4.9685380149e+00
1.88000e+03 4.2749160733e+03 4.0937873191e+00
1.88100e+03 4.2782901070e+03 4.1115861410e+00
1.88200e+03 4.2818492536e+03 1.3837334433e+01
1.88300e+03 4.2852569106e+03 1.3084235350e+01
1.88400e+03 4.2885122192e+03 4.4620084778e+00
1.88500e+03 4.2921920691e+03 3.0581619304e-01
1.88600e+03 4.2960385377e+03 7.5733791266e+00
1.88700e+03 4.2998249497e+03 1.2234923122e+01
1.88800e+03 4.3035970472e+03 4.8622599196e+00
1.88900e+03 4.3073587289e+03 4.8326672792e+00
1.89000e+03 4.3111064543e+03 4.7395220567e+00
1.89100e+03 4.3144615420e+03 8.8661134758e+00
1.89200e+03 4.3177757098e+03 2.2869929184e+01
1.89300e+03 4.3212654045e+03 2.7198699168e-01
1.89400e+03 4.3246592360e+03 3.2553842847e+00
1.89500e+03 4.3276882314e+03 9.0021115813e+00
1.89600e+03 4.3305719326e+03 1.2536290677e+01
1.89700e+03 4.3334753139e+03 3.0699363285e+00
1.89800e+03 4.3363446628e+03 3.0525141134e+00
1.89900e+03 4.3392502071e+03 3.0516246827e+00
1.90000e+03 4.3422939649e+03 5.4212499464e-01
1.90100e+03 4.3453332097e+03 1.9662350243e+01
1.90200e+03 4.3482482214e+03 3.0942358000e+00
1.90300e+03 4.3516338501e+03 8.6061007832e+00
1.90400e+03 4.3550713716e+03 1.5152239011e+01
1.90500e+03 4.3584730917e+03 1.4239767582e+01
1.90600e+03 4.3620163450e+03 1.4477212675e+01
1.90700e+03 4.3655193898e+03 1.4476085618e+01
1.90800e+03 4.3689828261e+03 4.1311101960e+00
1.90900e+03 4.3724003564e+03 4.1427892576e+00
1.91000e+03 4.3758322411e+03 4.1070948628e+00
1.91100e+03 4.3792325533e+03 4.0857697100e+00
1.91200e+03 4.3827663351e+03 4.3022008068e+00
1.91300e+03 4.3861858072e+03 3.4713688458e+00
1.91400e+03 4.3895401644e+03 1.4772208840e+01
1.91500e+03 4.3928654885e+03 4.7855520330e+00
1.91600e+03 4.3960695251e+03 1.2614550824e+01
1.91700e+03 4.3992543212e+03 1.5972329593e+01
1.91800e+03 4.4025601532e+03 3.8884664881e+00
1.91900e+03 4.4060811635e+03 8.0088730149e+00
1.92000e+03 4.4095541180e+03 7.9400369077e+00
1.92100e+03 4.4130188319e+03 4.1827914390e+00
1.92200e+03 4.4164880825e+03 4.1749046406e+00
1.92300e+03 4.4199578415e+03 4.1757748948e+00
1.92400e+03 4.4234319045e+03 4.1764115202e+00
1.92500e+03 4.4269058643e+03 4.1764359417e+00
1.92600e+03 4.4303829811e+03 4.1753132922e+00
1.92700e+03 4.4338593320e+03 4.1735291157e+00
1.92800e+03 4.4373274591e+03 7.7487577288e+00
1.92900e+03 4.4407442120e+03 1.6769631419e+01
1.93000e+03 4.4441700247e+03 1.3079715963e+01
1.93100e+03 4.4472372144e+03 1.1760630628e-01
1.93200e+03 4.4501520882e+03 1.6463698919e+01
1.93300e+03 4.4530775515e+03 1.6305508712e+01
1.93400e+03 4.4559639251e+03 3.0211840170e+00
1.93500e+03 4.4588820541e+03 3.0108285651e+00
1.93600e+03 4.4617656543e+03 3.0050443023e+00
1.93700e+03 4.4651543581e+03 4.0264053822e+00
1.93800e+03 4.4685939987e+03 6.0713298907e+00
1.93900e+03 4.4719962152e+03 6.0787712228e+00
1.94000e+03 4.4754294403e+03 4.0311540455e+00
1.94100e+03 4.4784850638e+03 3.1395337238e+00
1.94200e+03 4.4815495601e+03 2.0514359651e+01
1.94300e+03 4.4845984068e+03 2.9913196168e+01
1.94400e+03 4.4876377078e+03 9.1023923452e+00
1.94500e+03 4.4906829706e+03 3.2784558090e+00
1.94600e+03 4.4936136590e+03 4.0846576862e+00
1.94700e+03 4.4970025118e+03 4.0137592683e+00
1.94800e+03 4.5005662609e+03 1.6658752965e+01
1.94900e+03 4.5040762513e+03 1.6675733646e+01
1.95000e+03 4.5075745207e+03 4.1908131612e+00
1.95100e+03 4.5110661746e+03 4.1682858066e+00
1.95200e+03 4.5145414211e+03 4.0517668383e+00
1.95300e+03 4.5179659088e+03 6.7175155072e+00
1.95400e+03 4.5214928354e+03 4.1927747207e+00
1.95500e+03 4.5249159683e+03 1.1764033756e+00
1.95600e+03 4.5282746977e+03 1.2015016209e+01
1.95700e+03 4.5317895522e+03 4.2117825166e+00
1.95800e+03 4.5352660075e+03 4.1570994450e+00
1.95900e+03 4.5386652662e+03 1.1180593777e+01
1.96000e+03 4.5419293379e+03 1.1053926777e+01
1.96100e+03 4.5451329963e+03 1.5433075858e+01
1.96200e+03 4.5484442524e+03 4.1600973450e+00
1.96300e+03 4.5517424674e+03 4.0548935474e+00
1.96400e+03 4.5549138646e+03 3.7032495025e+00
1.96500e+03 4.5580804320e+03 4.1188462174e+00
1.96600e+03 4.5612049432e+03 4.0678413729e+00
1.96700e+03 4.5643648459e+03 3.4391228015e+00
1.96800e+03 4.5674873537e+03 3.4336803304e+00
1.96900e+03 4.5706462220e+03 3.4292122570e+00
1.97000e+03 4.5737679152e+03 3.4249684236e+00
1.97100e+03 4.5769263876e+03 3.4211475303e+00
1.97200e+03 4.5802213990e+03 3.7512530327e+00
1.97300e+03 4.5837442030e+03 4.1608918749e+00
1.97400e+03 4.5872158876e+03 4.1519603000e+00
1.97500e+03 4.5906778990e+03 4.0870157937e+00
1.97600e+03 4.5941198756e+03 2.4867372465e+01
1.97700e+03 4.5971854006e+03 9.2947267678e-02
1.97800e+03 4.6000843749e+03 3.1021530644e+00
1.97900e+03 4.6034448858e+03 2.2144362783e+01
1.98000e+03 4.6069861693e+03 4.1525276220e+00
1.98100e+03 4.6104773152e+03 9.7481414404e+00
1.98200e+03 4.6139584259e+03 9.6782205593e+00
1.98300e+03 4.6174348162e+03 4.0831549025e+00
1.98400e+03 4.6208951741e+03 3.9507553021e+00
1.98500e+03 4.6239848613e+03 3.1232130449e+00
1.98600e+03 4.6270438969e+03 1.8053651286e+01
1.98700e+03 4.6302597667e+03 2.6052052975e-01
1.98800e+03 4.6333786921e+03 3.4143249955e-01
1.98900e+03 4.6364756910e+03 3.8343984597e+00
1.99000e+03 4.6397023579e+03 3.5643678812e+00
1.99100e+03 4.6428414486e+03 2.1623975133e+01
1.99200e+03 4.6459329707e+03 3.3452104969e+00
1.99300e+03 4.6491667932e+03 3.5787561932e+00
1.99400e+03 4.6523653560e+03 3.5470733883e+00
1.99500e+03 4.6555620780e+03 3.5064258033e+00
1.99600e+03 4.6587637850e+03 3.5060635941e+00
1.99700e+03 4.6619690884e+03 3.5111389576e+00
1.99800e+03 4.6651603448e+03 3.9028951428e+00
1.99900e+03 4.6683073870e+03 1.0656930566e+01
2.00000e+03 4.6715560947e+03 3.5546285023e+00
