0.00000e+00 0.0000000000e+00 0.0000000000e+00
1.00000e+00 9.6590798473e+01 9.6590798473e+01
2.00000e+00 1.9324634696e+02 1.9314975616e+02
3.00000e+00 2.8998738778e+02 1.9310684875e+02
4.00000e+00 3.8978425334e+02 9.9796865558e+01
5.00000e+00 4.9683705762e+02 1.0705280428e+02
6.00000e+00 5.9935400698e+02 3.9192489893e+02
7.00000e+00 7.0179174042e+02 4.9397070747e+02
8.00000e+00 8.0896658692e+02 2.1412059798e+02
9.00000e+00 9.0872200849e+02 2.9271202797e+02
1.00000e+01 1.0081735646e+03 2.9207400655e+02
1.10000e+01 1.1150173007e+03 3.9132390584e+02
1.20000e+01 1.2220655609e+03 3.9080599559e+02
1.30000e+01 1.3287826687e+03 2.1266206463e+02
1.40000e+01 1.4356880473e+03 2.1230652107e+02
1.50000e+01 1.5352796791e+03 1.9835860504e+02
1.60000e+01 1.6346125624e+03 4.1778974716e+02
1.70000e+01 1.7413541093e+03 2.1211865367e+02
1.80000e+01 1.8436488264e+03 2.0384655490e+02
1.90000e+01 1.9459162053e+03 4.2471255296e+02
2.00000e+01 2.0482780302e+03 4.2435494830e+02
2.10000e+01 2.1505863749e+03 2.0273136001e+02
2.20000e+01 2.2529702350e+03 2.0255066374e+02
2.30000e+01 2.3552920384e+03 2.0236157177e+02
2.40000e+01 2.4576848431e+03 2.0216815488e+02
2.50000e+01 2.5465426143e+03 6.0801108256e+02
2.60000e+01 2.6389892855e+03 2.0502032297e+02
2.70000e+01 2.7381088887e+03 5.9938255029e+02
2.80000e+01 2.8328294566e+03 7.6722368174e+00
2.90000e+01 2.9275759002e+03 1.8672606236e+02
3.00000e+01 3.0271089710e+03 8.0331739484e+02
3.10000e+01 3.1263305472e+03 1.9561155646e+02
3.20000e+01 3.2257438423e+03 1.9529616930e+02
3.30000e+01 3.3186041330e+03 6.1545591899e+02
3.40000e+01 3.4112140132e+03 7.9436232157e+02
3.50000e+01 3.5041636052e+03 7.9365726049e+02
3.60000e+01 3.5938546746e+03 1.4055330657e+03
3.70000e+01 3.6837282678e+03 9.9939908394e+02
3.80000e+01 3.7767142312e+03 1.8222632826e+02
3.90000e+01 3.8698854654e+03 1.8226574416e+02
4.00000e+01 3.9627863213e+03 1.8199837090e+02
4.10000e+01 4.0559533760e+03 1.8181219304e+02
4.20000e+01 4.1488684843e+03 1.8164463334e+02
4.30000e+01 4.2420553598e+03 1.8148280944e+02
4.40000e+01 4.3349920268e+03 1.8132288531e+02
4.50000e+01 4.4282008457e+03 1.8116350593e+02
4.60000e+01 4.5211591832e+03 1.8100401282e+02
4.70000e+01 4.6207447498e+03 1.9546486355e+02
4.80000e+01 4.7205239486e+03 9.0821367707e+02
4.90000e+01 4.8136604785e+03 1.8075071977e+02
5.00000e+01 4.9034515381e+03 3.8631894364e+02
5.10000e+01 5.0070432303e+03 1.3144257331e+03
5.20000e+01 5.1101628362e+03 1.5080496817e+03
5.30000e+01 5.1994991849e+03 9.0675078985e+02
5.40000e+01 5.2892750472e+03 9.2687715657e+02
5.50000e+01 5.3928337475e+03 2.0092815558e+02
5.60000e+01 5.4959245796e+03 2.0069845365e+02
5.70000e+01 5.5987567748e+03 1.9977125003e+02
5.80000e+01 5.7015598372e+03 1.9928370910e+02
5.90000e+01 5.7907285007e+03 1.9427710302e+02
6.00000e+01 5.8834447379e+03 1.8032786881e+02
6.10000e+01 5.9764867525e+03 1.9435027282e+02
6.20000e+01 6.0662724025e+03 4.0030849396e+02
6.30000e+01 6.1562416440e+03 4.0070876345e+02
6.40000e+01 6.2493247082e+03 1.9452274954e+02
6.50000e+01 6.3425930829e+03 4.0013454566e+02
6.60000e+01 6.4355863059e+03 3.9964456989e+02
6.70000e+01 6.5288425318e+03 1.7935557065e+02
6.80000e+01 6.6187882273e+03 1.7320390502e+02
6.90000e+01 6.7088847019e+03 1.7949495253e+02
7.00000e+01 6.7990153848e+03 1.7950044503e+02
7.10000e+01 6.9028270165e+03 2.0006386196e+02
7.20000e+01 7.0061018177e+03 3.5283105599e+02
7.30000e+01 7.0955456263e+03 1.7233126030e+02
7.40000e+01 7.1854108557e+03 1.7189347551e+02
7.50000e+01 7.2890543444e+03 3.5231008195e+02
7.60000e+01 7.3922193459e+03 1.9935245300e+02
7.70000e+01 7.4951174615e+03 1.9840772748e+02
7.80000e+01 7.6026579162e+03 9.6139777359e+02
7.90000e+01 7.7026912858e+03 3.5148265191e+02
8.00000e+01 7.8023857189e+03 5.3700859453e+02
8.10000e+01 7.9094699780e+03 2.0669788094e+03
8.20000e+01 8.0167378624e+03 3.9842436794e+02
8.30000e+01 8.1236568269e+03 2.0612237117e+02
8.40000e+01 8.2260823663e+03 1.9746985767e+02
8.50000e+01 8.3150218750e+03 3.6298335979e+02
8.60000e+01 8.4045232310e+03 3.6225650306e+02
8.70000e+01 8.4942703866e+03 1.7093581581e+02
8.80000e+01 8.5841284533e+03 1.7112159071e+02
8.90000e+01 8.6740889316e+03 1.7116379180e+02
9.00000e+01 8.7671430216e+03 2.4684167449e+02
9.10000e+01 8.8603772445e+03 5.2604556904e+02
9.20000e+01 8.9502816730e+03 1.7103898979e+02
9.30000e+01 9.0403326118e+03 1.7095841130e+02
9.40000e+01 9.1304166499e+03 1.7096706252e+02
9.50000e+01 9.2341783822e+03 2.0715128246e+02
9.60000e+01 9.3420871650e+03 4.7859465292e+02
9.70000e+01 9.4423140600e+03 3.4865671838e+02
9.80000e+01 9.5421309292e+03 6.2710834664e+02
9.90000e+01 9.6422063488e+03 1.9018191138e+02
1.00000e+02 9.7389440582e+03 6.6536712875e+00
1.01000e+02 9.8358286699e+03 3.6796315519e+02
1.02000e+02 9.9327194433e+03 3.6774825595e+02
1.03000e+02 1.0029660211e+04 1.8375029456e+02
1.04000e+02 1.0129632583e+04 1.9014723231e+02
1.05000e+02 1.0236860079e+04 4.7842458953e+02
1.06000e+02 1.0339538781e+04 1.2010675928e+03
1.07000e+02 1.0428630492e+04 1.5861104737e+00
1.08000e+02 1.0518241547e+04 1.7470230239e+02
1.09000e+02 1.0621667136e+04 1.1905151032e+03
1.10000e+02 1.0729334520e+04 5.3805839305e+02
1.11000e+02 1.0829395606e+04 3.5820740511e+02
1.12000e+02 1.0926034069e+04 2.0406622026e+02
1.13000e+02 1.1037184397e+04 7.7247395082e+00
1.14000e+02 1.1152495605e+04 3.6549302146e+02
1.15000e+02 1.1259384694e+04 2.1069015650e+02
1.16000e+02 1.1362817201e+04 1.4511059084e+01
1.17000e+02 1.1466406478e+04 4.0112092179e+02
1.18000e+02 1.1573041141e+04 5.7499095557e+02
1.19000e+02 1.1687678460e+04 9.1005768595e+02
1.20000e+02 1.1797753037e+04 4.0653115177e+02
1.21000e+02 1.1907709668e+04 4.0493092390e+02
1.22000e+02 1.2022392984e+04 2.1827940606e+02
1.23000e+02 1.2136670452e+04 2.1770127596e+02
1.24000e+02 1.2246441301e+04 2.0825829247e+02
1.25000e+02 1.2356177563e+04 2.0782966501e+02
1.26000e+02 1.2466012148e+04 2.0768557073e+02
1.27000e+02 1.2561577011e+04 1.7976819464e+02
1.28000e+02 1.2657686518e+04 6.0482482809e+02
1.29000e+02 1.2754050565e+04 4.1722657881e+02
1.30000e+02 1.2853567343e+04 2.1879352172e+02
1.31000e+02 1.2960378855e+04 4.0621278337e+02
1.32000e+02 1.3062702569e+04 1.7270305216e+02
1.33000e+02 1.3164983009e+04 3.7255241262e+02
1.34000e+02 1.3272025911e+04 6.1564973142e+02
1.35000e+02 1.3378716463e+04 2.0123438198e+02
1.36000e+02 1.3480921028e+04 1.9184678792e+02
1.37000e+02 1.3569672122e+04 7.6129523323e+00
1.38000e+02 1.3662045907e+04 5.9969672481e+02
1.39000e+02 1.3754794659e+04 1.0058205760e+03
1.40000e+02 1.3847380940e+04 1.7227612674e+02
1.41000e+02 1.3946623617e+04 1.5538207343e+02
1.42000e+02 1.4046108697e+04 3.6553895565e+02
1.43000e+02 1.4139012758e+04 1.7225916024e+02
1.44000e+02 1.4231652624e+04 1.7214048559e+02
1.45000e+02 1.4330958437e+04 2.0240660485e+02
1.46000e+02 1.4430504453e+04 1.8542819512e+02
1.47000e+02 1.4523459240e+04 1.7201907122e+02
1.48000e+02 1.4616145973e+04 1.7189391974e+02
1.49000e+02 1.4709162400e+04 1.7178366612e+02
1.50000e+02 1.4801968061e+04 1.7173080996e+02
1.51000e+02 1.4901414452e+04 1.8538334481e+02
1.52000e+02 1.4996403407e+04 7.2156100487e+00
1.53000e+02 1.5078627776e+04 1.0820709368e+03
1.54000e+02 1.5161404491e+04 1.2402646579e+03
1.55000e+02 1.5244412617e+04 1.5121048728e+02
1.56000e+02 1.5330600983e+04 6.6172944806e+00
1.57000e+02 1.5417001485e+04 3.1536988478e+02
1.58000e+02 1.5503168683e+04 3.1503334616e+02
1.59000e+02 1.5595234818e+04 7.3802565053e+00
1.60000e+02 1.5682856898e+04 1.0251099921e+03
1.61000e+02 1.5770488585e+04 1.1938826748e+03
1.62000e+02 1.5862876468e+04 6.3807495866e+02
1.63000e+02 1.5949346235e+04 1.5775017052e+02
1.64000e+02 1.6032468478e+04 3.1161673059e+02
1.65000e+02 1.6128651534e+04 1.6698001074e+01
1.66000e+02 1.6229056135e+04 1.6560913860e+02
1.67000e+02 1.6322570671e+04 1.6066897683e+02
1.68000e+02 1.6412644303e+04 2.3632691835e+01
1.69000e+02 1.6516486133e+04 1.7310230471e+02
1.70000e+02 1.6624494979e+04 1.6811255199e+02
1.71000e+02 1.6731913211e+04 9.8617695056e+02
1.72000e+02 1.6839381613e+04 1.9914159590e+02
1.73000e+02 1.6946473868e+04 1.9861647737e+02
1.74000e+02 1.7049049510e+04 3.6477599240e+02
1.75000e+02 1.7151598492e+04 3.6559404483e+02
1.76000e+02 1.7254230023e+04 3.6528434046e+02
1.77000e+02 1.7356794278e+04 1.8886849111e+02
1.78000e+02 1.7459422870e+04 1.8867668259e+02
1.79000e+02 1.7548484325e+04 3.4096750312e+02
1.80000e+02 1.7641125948e+04 7.2267505389e+02
1.81000e+02 1.7740452080e+04 3.6957509970e+02
1.82000e+02 1.7835370036e+04 7.7106354958e+00
1.83000e+02 1.7917559460e+04 5.3784707852e+02
1.84000e+02 1.8000320624e+04 7.1952480859e+02
1.85000e+02 1.8083326298e+04 1.7490242306e+02
1.86000e+02 1.8169520949e+04 3.6275855312e+02
1.87000e+02 1.8261555354e+04 1.4994652139e+01
1.88000e+02 1.8353810317e+04 5.3743028914e+02
1.89000e+02 1.8440199008e+04 9.2359811963e+02
1.90000e+02 1.8523260665e+04 1.4923327534e+02
1.91000e+02 1.8619391824e+04 3.4160654518e+02
1.92000e+02 1.8715076926e+04 3.4203208438e+02
1.93000e+02 1.8810534017e+04 1.7376142437e+02
1.94000e+02 1.8910642159e+04 1.7820193287e+02
1.95000e+02 1.9003999316e+04 6.9684662749e+00
1.96000e+02 1.9097021493e+04 1.6915811926e+02
1.97000e+02 1.9196696605e+04 3.5291899914e+02
1.98000e+02 1.9291901099e+04 1.7310705502e+02
1.99000e+02 1.9374307288e+04 3.5669909870e+02
2.00000e+02 1.9457252892e+04 3.6580376631e+02
2.01000e+02 1.9540419356e+04 1.5798369558e+02
2.02000e+02 1.9626755677e+04 1.6856997324e+02
2.03000e+02 1.9718929349e+04 1.6184426857e+02
2.04000e+02 1.9811309345e+04 3.3617160403e+02
2.05000e+02 1.9903403794e+04 1.6641050075e+02
2.06000e+02 1.9995681393e+04 1.6614169339e+02
2.07000e+02 2.0087714284e+04 1.6591399306e+02
2.08000e+02 2.0179951964e+04 1.6570816029e+02
2.09000e+02 2.0271957573e+04 1.6551517118e+02
2.10000e+02 2.0359512017e+04 1.4059824275e+02
2.11000e+02 2.0435102736e+04 3.6022374744e+00
2.12000e+02 2.0514318469e+04 6.5190366083e+02
2.13000e+02 2.0598756244e+04 7.5678349203e+00
2.14000e+02 2.0683504780e+04 1.5030024512e+02
2.15000e+02 2.0763185201e+04 9.7496538606e+02
2.16000e+02 2.0842614122e+04 1.3992353054e+02
2.17000e+02 2.0927246985e+04 1.5034503311e+02
2.18000e+02 2.1012151438e+04 1.5035060540e+02
2.19000e+02 2.1091947532e+04 1.3989927850e+02
2.20000e+02 2.1168420365e+04 1.4537415728e+02
2.21000e+02 2.1245078702e+04 7.9210298167e+02
2.22000e+02 2.1321830943e+04 7.9159028572e+02
2.23000e+02 2.1410814627e+04 9.6481846790e+02
2.24000e+02 2.1503988469e+04 1.4510468946e+02
2.25000e+02 2.1596634016e+04 3.0317252286e+02
2.26000e+02 2.1689337284e+04 1.6556347554e+02
2.27000e+02 2.1776083874e+04 1.4076463002e+02
2.28000e+02 2.1859464674e+04 2.7324402181e+01
2.29000e+02 2.1943010404e+04 1.6799860353e+02
2.30000e+02 2.2029667610e+04 3.1302171396e+02
2.31000e+02 2.2122148368e+04 1.6523312398e+02
2.32000e+02 2.2210131136e+04 9.6316844287e+02
2.33000e+02 2.2298086529e+04 3.0932920529e+02
2.34000e+02 2.2386100697e+04 1.6191651512e+02
2.35000e+02 2.2474071493e+04 1.5571749646e+02
2.36000e+02 2.2562091080e+04 1.5556719721e+02
2.37000e+02 2.2650063723e+04 1.5541347739e+02
2.38000e+02 2.2742753746e+04 1.6505464528e+02
2.39000e+02 2.2829471979e+04 1.7886620267e+02
2.40000e+02 2.2915877361e+04 1.6481606638e+02
2.41000e+02 2.3008220511e+04 3.1097611545e+02
2.42000e+02 2.3100785276e+04 3.1053988147e+02
2.43000e+02 2.3187440673e+04 1.6458841417e+02
2.44000e+02 2.3270753771e+04 6.1977201676e+02
2.45000e+02 2.3354249071e+04 6.1910181453e+02
2.46000e+02 2.3440869738e+04 3.1088042509e+02
2.47000e+02 2.3533321681e+04 1.6411400206e+02
2.48000e+02 2.3625952462e+04 1.6401590438e+02
2.49000e+02 2.3712649877e+04 3.1061156146e+02
2.50000e+02 2.3795993433e+04 1.4580821439e+02
2.51000e+02 2.3879512925e+04 1.4568659894e+02
2.52000e+02 2.3963097792e+04 1.4578222235e+02
2.53000e+02 2.4046737900e+04 1.4575705662e+02
2.54000e+02 2.4130398520e+04 1.4568705231e+02
2.55000e+02 2.4214092172e+04 1.4559490847e+02
2.56000e+02 2.4297792135e+04 1.4548865767e+02
2.57000e+02 2.4381517031e+04 1.4537441323e+02
2.58000e+02 2.4468297640e+04 1.6410982953e+02
2.59000e+02 2.4555213113e+04 5.7473540795e+02
2.60000e+02 2.4638781284e+04 1.4509724604e+02
2.61000e+02 2.4722468303e+04 1.4491427235e+02
2.62000e+02 2.4809238934e+04 5.6246970456e+02
2.63000e+02 2.4896155207e+04 1.5133640549e+02
2.64000e+02 2.4979729688e+04 1.4477566832e+02
2.65000e+02 2.5076347343e+04 3.3650210865e+02
2.66000e+02 2.5172460074e+04 1.0357288857e+03
2.67000e+02 2.5268299027e+04 7.0605735845e+02
2.68000e+02 2.5364079444e+04 1.6880691575e+02
2.69000e+02 2.5459722650e+04 1.6844236131e+02
2.70000e+02 2.5555368231e+04 1.6813908336e+02
2.71000e+02 2.5638111229e+04 1.4368687122e+02
2.72000e+02 2.5721350287e+04 3.3707772528e+02
2.73000e+02 2.5804782588e+04 3.3742995014e+02
2.74000e+02 2.5891360845e+04 1.5099269585e+02
2.75000e+02 2.5978126893e+04 4.7483785813e+02
2.76000e+02 2.6064639211e+04 4.7429708078e+02
2.77000e+02 2.6151409571e+04 1.4968071559e+02
2.78000e+02 2.6234882994e+04 1.4345692063e+02
2.79000e+02 2.6331415347e+04 1.6886009196e+02
2.80000e+02 2.6427460852e+04 1.6909115511e+02
2.81000e+02 2.6523246287e+04 1.6817514586e+02
2.82000e+02 2.6623660540e+04 1.3453422781e+03
2.83000e+02 2.6717276889e+04 6.8459894421e+00
2.84000e+02 2.6807491636e+04 2.0021697114e+02
2.85000e+02 2.6911509566e+04 1.3986225351e+02
2.86000e+02 2.7015023213e+04 3.1519750442e+02
2.87000e+02 2.7104692005e+04 3.4956670922e+02
2.88000e+02 2.7194783557e+04 1.5561830060e+02
2.89000e+02 2.7285036808e+04 1.5604714173e+02
2.90000e+02 2.7375339252e+04 1.5610198672e+02
2.91000e+02 2.7465701304e+04 1.5605468579e+02
2.92000e+02 2.7559124908e+04 1.6328146378e+02
2.93000e+02 2.7659094669e+04 1.6986191898e+03
2.94000e+02 2.7754537680e+04 3.1973819435e+02
2.95000e+02 2.7837132260e+04 7.7674719839e+00
2.96000e+02 2.7920251478e+04 1.4095570079e+02
2.97000e+02 2.8016465052e+04 4.9486664755e+02
2.98000e+02 2.8112253981e+04 1.6690886885e+02
2.99000e+02 2.8195024288e+04 1.4099047177e+02
3.00000e+02 2.8278253117e+04 1.7443226573e+02
3.01000e+02 2.8361658983e+04 1.7489339187e+02
3.02000e+02 2.8445149461e+04 1.4150697504e+02
3.03000e+02 2.8528710250e+04 1.4152039125e+02
3.04000e+02 2.8615358939e+04 3.4574770593e+02
3.05000e+02 2.8707824841e+04 4.7865655656e+02
3.06000e+02 2.8800462205e+04 8.2976277586e+02
3.07000e+02 2.8887162944e+04 9.5458481720e+02
3.08000e+02 2.8970509085e+04 1.4123453298e+02
3.09000e+02 2.9066932266e+04 3.2647161661e+02
3.10000e+02 2.9162889752e+04 3.2631370191e+02
3.11000e+02 2.9258601720e+04 1.6575612596e+02
3.12000e+02 2.9354274229e+04 1.6530539278e+02
3.13000e+02 2.9449824740e+04 1.6497863039e+02
3.14000e+02 2.9545388946e+04 1.6470534812e+02
3.15000e+02 2.9640861768e+04 1.6446295409e+02
3.16000e+02 2.9741042125e+04 1.3047270496e+02
3.17000e+02 2.9840849770e+04 6.6300986179e+02
3.18000e+02 2.9940804993e+04 5.3919200585e+02
3.19000e+02 3.0034121072e+04 1.4770863805e+02
3.20000e+02 3.0127156466e+04 1.1469114573e+03
3.21000e+02 3.0226881545e+04 1.7276441027e+02
3.22000e+02 3.0326827447e+04 1.7258232465e+02
3.23000e+02 3.0426467746e+04 1.7232496328e+02
3.24000e+02 3.0526293137e+04 1.7203212745e+02
3.25000e+02 3.0619514237e+04 5.5159598100e+02
3.26000e+02 3.0709417961e+04 5.4478104548e+02
3.27000e+02 3.0799529716e+04 6.9933522483e+02
3.28000e+02 3.0892766972e+04 3.4494614541e+02
3.29000e+02 3.0992571931e+04 1.7202475469e+02
3.30000e+02 3.1092548697e+04 1.7200410520e+02
3.31000e+02 3.1192196388e+04 1.7167483361e+02
3.32000e+02 3.1287347918e+04 3.2429824291e+02
3.33000e+02 3.1369746263e+04 3.3688778915e+02
3.34000e+02 3.1455757147e+04 3.3612951663e+02
3.35000e+02 3.1547739934e+04 7.6649036992e+00
3.36000e+02 3.1640009386e+04 1.5613860583e+02
3.37000e+02 3.1732041862e+04 1.5603215520e+02
3.38000e+02 3.1819623782e+04 3.2898129199e+02
3.39000e+02 3.1895242174e+04 3.2901343382e+02
3.40000e+02 3.1971439781e+04 8.1194163149e+02
3.41000e+02 3.2060005935e+04 8.3802471473e+02
3.42000e+02 3.2152870636e+04 1.5647137148e+02
3.43000e+02 3.2239648186e+04 7.9723144522e+02
3.44000e+02 3.2326070253e+04 2.6793339916e+02
3.45000e+02 3.2418409527e+04 1.5662169836e+02
3.46000e+02 3.2506293595e+04 3.4052550863e+02
3.47000e+02 3.2582122549e+04 2.6787602775e+02
3.48000e+02 3.2661545560e+04 3.0162689679e+01
3.49000e+02 3.2746186450e+04 7.6983839861e+00
3.50000e+02 3.2826449058e+04 2.4844775112e+02
3.51000e+02 3.2895470321e+04 2.3324836965e+01
3.52000e+02 3.2965060718e+04 2.8430245422e+02
3.53000e+02 3.3046279758e+04 3.8873204483e+02
3.54000e+02 3.3127131324e+04 1.3286305961e+02
3.55000e+02 3.3196498218e+04 1.0984619752e+02
3.56000e+02 3.3269391251e+04 1.4220664785e+01
3.57000e+02 3.3342564002e+04 2.7041335225e+02
3.58000e+02 3.3415566891e+04 2.4078173581e+02
3.59000e+02 3.3493031884e+04 3.6531855919e+02
3.60000e+02 3.3570763499e+04 4.9859454601e+02
3.61000e+02 3.3644101347e+04 1.1699903996e+02
3.62000e+02 3.3717160354e+04 1.2433747976e+02
3.63000e+02 3.3794691651e+04 1.2566779961e+02
3.64000e+02 3.3872489985e+04 1.2560885099e+02
3.65000e+02 3.3945885880e+04 1.2427118938e+02
3.66000e+02 3.4015946166e+04 1.1020623988e+02
3.67000e+02 3.4097619034e+04 3.8426876345e+02
3.68000e+02 3.4178862920e+04 3.8427681452e+02
3.69000e+02 3.4248541110e+04 2.4135838080e+02
3.70000e+02 3.4318657744e+04 3.8317708154e+02
3.71000e+02 3.4388911139e+04 2.5241805805e+02
3.72000e+02 3.4462313251e+04 1.2588523609e+02
3.73000e+02 3.4535875491e+04 2.5200919848e+02
3.74000e+02 3.4606143247e+04 1.1031305143e+02
3.75000e+02 3.4688003255e+04 1.3299493911e+02
3.76000e+02 3.4774081836e+04 2.5124290083e+02
3.77000e+02 3.4854699771e+04 1.1725843280e+02
3.78000e+02 3.4931856958e+04 2.9589445604e+01
3.79000e+02 3.5009114502e+04 1.4676674340e+02
3.80000e+02 3.5086401017e+04 1.2404929073e+02
3.81000e+02 3.5175924591e+04 1.2584742348e+02
3.82000e+02 3.5269597097e+04 1.2473510045e+02
3.83000e+02 3.5357009827e+04 1.6027989325e+02
3.84000e+02 3.5440939621e+04 8.4448916884e+00
3.85000e+02 3.5524967164e+04 1.3913168786e+02
3.86000e+02 3.5612056509e+04 5.3391067550e+02
3.87000e+02 3.5699273891e+04 1.4341007869e+02
3.88000e+02 3.5783132353e+04 1.3711961089e+02
3.89000e+02 3.5880047245e+04 1.3200168333e+02
3.90000e+02 3.5976440707e+04 4.1092403879e+02
3.91000e+02 3.6072546188e+04 1.6690948127e+02
3.92000e+02 3.6168581772e+04 1.6106343311e+02
3.93000e+02 3.6251634976e+04 1.3600815187e+02
3.94000e+02 3.6338209299e+04 1.4275164727e+02
3.95000e+02 3.6430744365e+04 8.4471029452e+02
3.96000e+02 3.6518846537e+04 7.9334115602e+00
3.97000e+02 3.6594881535e+04 1.3377717855e+02
3.98000e+02 3.6674513980e+04 1.7343359481e+02
3.99000e+02 3.6754474401e+04 3.0861209559e+02
4.00000e+02 3.6834272641e+04 1.2809380579e+02
4.01000e+02 3.6914367940e+04 1.2810058942e+02
4.02000e+02 3.6991210383e+04 2.6249952591e+02
4.03000e+02 3.7068212250e+04 3.0219274248e+02
4.04000e+02 3.7148345569e+04 1.2830756801e+02
4.05000e+02 3.7228642834e+04 1.2838122623e+02
4.06000e+02 3.7305631274e+04 3.0203654720e+02
4.07000e+02 3.7382748806e+04 1.2829492468e+02
4.08000e+02 3.7462976587e+04 1.2834730712e+02
4.09000e+02 3.7548303617e+04 1.5133514076e+01
4.10000e+02 3.7633814043e+04 8.5975301905e+02
4.11000e+02 3.7714107364e+04 1.2821501720e+02
4.12000e+02 3.7794094127e+04 1.2784578311e+02
4.13000e+02 3.7874356874e+04 1.2768736302e+02
4.14000e+02 3.7954404440e+04 1.2762047894e+02
4.15000e+02 3.8039656629e+04 5.3812264350e+02
4.16000e+02 3.8125132542e+04 2.5561196493e+02
4.17000e+02 3.8210338857e+04 2.5531047794e+02
4.18000e+02 3.8291048077e+04 5.3075846141e+02
4.19000e+02 3.8360455667e+04 3.7571981320e+02
4.20000e+02 3.8433466123e+04 1.3068437663e+02
4.21000e+02 3.8506795611e+04 2.5111329139e+02
4.22000e+02 3.8576922183e+04 4.9664885480e+02
4.23000e+02 3.8658684666e+04 9.3218772884e+02
4.24000e+02 3.8744703028e+04 2.5140462699e+02
4.25000e+02 3.8830247264e+04 2.5149114382e+02
4.26000e+02 3.8915863159e+04 1.3769649358e+02
4.27000e+02 3.9001182630e+04 1.3733403193e+02
4.28000e+02 3.9081987990e+04 3.9320026707e+02
4.29000e+02 3.9162831103e+04 3.8779264980e+02
4.30000e+02 3.9248421108e+04 1.3717080766e+02
4.31000e+02 3.9328767173e+04 7.0165769966e+00
4.32000e+02 3.9408804178e+04 3.9546289903e+02
4.33000e+02 3.9489116345e+04 3.9503353813e+02
4.34000e+02 3.9569212873e+04 1.2641192982e+02
4.35000e+02 3.9654519535e+04 1.3702082819e+02
4.36000e+02 3.9735378507e+04 3.8745846882e+02
4.37000e+02 3.9804891223e+04 6.5201177349e+02
4.38000e+02 3.9877988613e+04 3.5322617060e+00
4.39000e+02 3.9951392060e+04 1.2290552754e+02
4.40000e+02 4.0021583706e+04 6.5142483581e+02
4.41000e+02 4.0103412278e+04 1.3801909611e+02
4.42000e+02 4.0189492069e+04 2.4962481455e+02
4.43000e+02 4.0270132412e+04 1.0906839991e+02
4.44000e+02 4.0350380910e+04 2.2836166194e+02
4.45000e+02 4.0430859402e+04 1.2613994558e+02
4.46000e+02 4.0508035740e+04 6.9846921395e+00
4.47000e+02 4.0585336393e+04 2.3944996567e+02
4.48000e+02 4.0665737561e+04 1.2616647555e+02
4.49000e+02 4.0746280791e+04 1.2610504696e+02
4.50000e+02 4.0826552213e+04 1.2584919616e+02
4.51000e+02 4.0912017059e+04 2.4953337293e+02
4.52000e+02 4.0993011516e+04 4.8554087159e+02
4.53000e+02 4.1074008201e+04 4.7502973069e+02
4.54000e+02 4.1155059670e+04 1.2708740441e+02
4.55000e+02 4.1224706985e+04 2.4411031813e+02
4.56000e+02 4.1297914669e+04 7.0637377700e+00
4.57000e+02 4.1371414769e+04 1.1162354221e+02
4.58000e+02 4.1444746361e+04 1.1163582700e+02
4.59000e+02 4.1522573466e+04 3.4580900455e+02
4.60000e+02 4.1595991954e+04 1.0920283411e+02
4.61000e+02 4.1669474150e+04 2.2853945966e+02
4.62000e+02 4.1743035403e+04 1.1161786984e+02
4.63000e+02 4.1805958606e+04 9.7743405402e+01
4.64000e+02 4.1872452097e+04 3.1937137795e+00
4.65000e+02 4.1942717393e+04 2.1303807485e+02
4.66000e+02 4.2013294275e+04 6.7981794169e+02
4.67000e+02 4.2083696070e+04 1.0522799364e+02
4.68000e+02 4.2154298684e+04 1.0514849719e+02
4.69000e+02 4.2224725544e+04 1.0506841414e+02
4.70000e+02 4.2295353057e+04 1.0498824496e+02
4.71000e+02 4.2365803393e+04 1.0490673285e+02
4.72000e+02 4.2431780285e+04 7.5843616219e+00
4.73000e+02 4.2497869443e+04 4.1913131451e+02
4.74000e+02 4.2564048133e+04 4.1891398234e+02
4.75000e+02 4.2630269787e+04 9.6032686437e+01
4.76000e+02 4.2701212167e+04 1.0511669255e+02
4.77000e+02 4.2771878049e+04 1.0522712201e+02
4.78000e+02 4.2842689495e+04 1.0499096134e+02
4.79000e+02 4.2909789936e+04 1.0831505260e+02
4.80000e+02 4.2973548034e+04 1.0957824243e+03
4.81000e+02 4.3048209579e+04 1.2243724675e+02
4.82000e+02 4.3127128269e+04 8.1072443780e+00
4.83000e+02 4.3201320381e+04 6.2303253167e+02
4.84000e+02 4.3275109699e+04 7.2788024750e+02
4.85000e+02 4.3349104523e+04 1.1101421941e+02
4.86000e+02 4.3419798294e+04 1.2925048245e+02
4.87000e+02 4.3502112272e+04 1.5751570056e+01
4.88000e+02 4.3583950137e+04 2.4964645653e+02
4.89000e+02 4.3665561252e+04 1.2659745386e+02
4.90000e+02 4.3751781884e+04 2.0595469884e+02
4.91000e+02 4.3837602916e+04 3.3388900105e+02
4.92000e+02 4.3918847697e+04 1.2587777228e+02
4.93000e+02 4.4000085475e+04 1.2537855796e+02
4.94000e+02 4.4081367313e+04 1.2529023559e+02
4.95000e+02 4.4151213765e+04 7.5517586164e+02
4.96000e+02 4.4221559679e+04 2.6711199778e+02
4.97000e+02 4.4303558441e+04 1.2592592963e+02
4.98000e+02 4.4389819732e+04 1.3494301437e+02
4.99000e+02 4.4470628370e+04 2.9156842338e+02
5.00000e+02 4.4547997057e+04 1.3282277635e+02
5.01000e+02 4.4637717626e+04 7.7218069015e+00
5.02000e+02 4.4731621798e+04 1.6401738110e+02
5.03000e+02 4.4819256703e+04 1.3951622095e+02
5.04000e+02 4.4903419008e+04 1.4507703395e+01
5.05000e+02 4.5000663760e+04 1.3371720495e+02
5.06000e+02 4.5102059947e+04 1.4686871959e+02
5.07000e+02 4.5202865950e+04 4.6036825679e+02
5.08000e+02 4.5299031754e+04 2.8198154291e+02
5.09000e+02 4.5382257552e+04 4.2740738100e+02
5.10000e+02 4.5469030831e+04 7.1869741035e+02
5.11000e+02 4.5556107319e+04 2.9997573107e+02
5.12000e+02 4.5642978093e+04 1.3561656700e+02
5.13000e+02 4.5735828661e+04 8.2925382722e-01
5.14000e+02 4.5828892862e+04 2.9134376932e+02
5.15000e+02 4.5921661880e+04 2.8218618620e+02
5.16000e+02 4.6009938834e+04 7.8888491542e+00
5.17000e+02 4.6098245085e+04 4.2883577551e+02
5.18000e+02 4.6186642240e+04 4.2852713988e+02
5.19000e+02 4.6275015108e+04 1.3801653233e+02
5.20000e+02 4.6363449528e+04 1.3791578056e+02
5.21000e+02 4.6439743663e+04 4.1459023979e+02
5.22000e+02 4.6519610560e+04 1.4020947624e+02
5.23000e+02 4.6599793974e+04 2.6865714345e+02
5.24000e+02 4.6676752786e+04 6.9266545047e+02
5.25000e+02 4.6753888790e+04 2.7129275089e+02
5.26000e+02 4.6831112840e+04 1.1522702957e+02
5.27000e+02 4.6920616000e+04 1.3890815692e+02
5.28000e+02 4.7009629895e+04 1.3934872341e+02
5.29000e+02 4.7098404461e+04 1.3848078112e+02
5.30000e+02 4.7191803445e+04 2.6872326840e+02
5.31000e+02 4.7284797894e+04 4.1516258726e+02
5.32000e+02 4.7377902662e+04 2.9327807516e+02
5.33000e+02 4.7465033255e+04 2.5244059761e+02
5.34000e+02 4.7548813279e+04 1.6870573083e+02
5.35000e+02 4.7632767423e+04 2.9046696837e+02
5.36000e+02 4.7716781958e+04 1.2826125511e+02
5.37000e+02 4.7800848263e+04 1.2824515438e+02
5.38000e+02 4.7884928296e+04 1.2818240756e+02
5.39000e+02 4.7982002487e+04 1.5480181199e+02
5.40000e+02 4.8083218463e+04 8.1112086326e+00
5.41000e+02 4.8183850466e+04 1.6224283819e+02
5.42000e+02 4.8284521579e+04 1.6153573248e+02
5.43000e+02 4.8378422461e+04 4.3149453219e+02
5.44000e+02 4.8471997848e+04 8.1813481790e+02
5.45000e+02 4.8565859773e+04 1.4706006437e+02
5.46000e+02 4.8659470656e+04 1.4694850032e+02
5.47000e+02 4.8753346683e+04 1.4681565403e+02
5.48000e+02 4.8843903554e+04 6.4768378867e+00
5.49000e+02 4.8934602741e+04 4.2858768007e+02
5.50000e+02 4.9025322992e+04 4.2832247287e+02
5.51000e+02 4.9116084750e+04 1.4052650977e+02
5.52000e+02 4.9206835501e+04 1.4041648256e+02
5.53000e+02 4.9297613200e+04 1.4029200651e+02
5.54000e+02 4.9391428753e+04 1.4687350785e+02
5.55000e+02 4.9485383350e+04 2.8081857474e+02
5.56000e+02 4.9575972500e+04 1.3999011420e+02
5.57000e+02 4.9680369671e+04 1.7680027314e+02
5.58000e+02 4.9784238462e+04 1.1180376407e+03
5.59000e+02 4.9887801985e+04 8.0010647431e+02
5.60000e+02 4.9991306857e+04 1.6537248874e+02
5.61000e+02 5.0094652083e+04 1.6498881884e+02
5.62000e+02 5.0202680629e+04 8.0907533949e+02
5.63000e+02 5.0303168414e+04 1.4638331218e+02
5.64000e+02 5.0400277861e+04 3.3708053440e+02
5.65000e+02 5.0497570800e+04 4.8310881750e+02
5.66000e+02 5.0594889215e+04 1.5227443949e+02
5.67000e+02 5.0692273325e+04 1.5221333629e+02
5.68000e+02 5.0792695729e+04 4.3338153596e+02
5.69000e+02 5.0893273021e+04 4.8895512541e+02
5.70000e+02 5.0990480149e+04 1.5194983556e+02
5.71000e+02 5.1087822414e+04 1.5175604096e+02
5.72000e+02 5.1185162946e+04 1.5173768956e+02
5.73000e+02 5.1296962957e+04 8.4547854935e+00
5.74000e+02 5.1408192704e+04 6.2827958260e+02
5.75000e+02 5.1519079992e+04 6.2673858010e+02
5.76000e+02 5.1629908015e+04 1.7842557051e+02
5.77000e+02 5.1726275432e+04 1.5061110422e+02
5.78000e+02 5.1823124895e+04 1.7833622306e+02
5.79000e+02 5.1920189342e+04 1.7885491679e+02
5.80000e+02 5.2020371004e+04 4.8822542860e+02
5.81000e+02 5.2127889118e+04 1.9403059934e+03
5.82000e+02 5.2235563255e+04 1.1362933715e+03
5.83000e+02 5.2342880396e+04 1.7117668353e+02
5.84000e+02 5.2450372208e+04 1.7082318242e+02
5.85000e+02 5.2557567539e+04 1.7053054928e+02
5.86000e+02 5.2664968426e+04 1.7026909434e+02
5.87000e+02 5.2772092800e+04 1.7002786824e+02
5.88000e+02 5.2879435287e+04 1.6979943882e+02
5.89000e+02 5.2979435738e+04 4.8096488428e+02
5.90000e+02 5.3079189779e+04 1.0127404258e+03
5.91000e+02 5.3179297607e+04 6.8824958157e+02
5.92000e+02 5.3276134016e+04 1.5029620893e+02
5.93000e+02 5.3387537764e+04 8.6052208495e+02
5.94000e+02 5.3503123340e+04 1.6312029312e+02
5.95000e+02 5.3610275213e+04 7.0440456145e+00
5.96000e+02 5.3717036075e+04 1.6892102730e+02
5.97000e+02 5.3824080889e+04 1.6864504686e+02
5.98000e+02 5.3927784258e+04 7.1621925982e+02
5.99000e+02 5.4046768121e+04 1.7053728884e+02
6.00000e+02 5.4169888745e+04 1.8304845159e+02
6.01000e+02 5.4292365320e+04 5.3080441607e+02
6.02000e+02 5.4410229160e+04 1.0370641308e+03
6.03000e+02 5.4527967849e+04 1.9006623863e+02
6.04000e+02 5.4645765753e+04 1.8981023696e+02
6.05000e+02 5.4748464564e+04 8.7128331689e+02
6.06000e+02 5.4854740491e+04 3.6787447086e+02
6.07000e+02 5.4969213827e+04 1.9006319880e+02
6.08000e+02 5.5083920112e+04 3.8134180139e+02
6.09000e+02 5.5198297417e+04 1.8279799074e+02
6.10000e+02 5.5312887630e+04 1.8249912127e+02
6.11000e+02 5.5427187557e+04 1.8223924424e+02
6.12000e+02 5.5541719724e+04 1.8199895880e+02
6.13000e+02 5.5655972957e+04 1.8177026562e+02
6.14000e+02 5.5765796339e+04 7.9745224381e+00
6.15000e+02 5.5861433035e+04 3.5168984086e+02
6.16000e+02 5.5957667580e+04 5.0492905981e+02
6.17000e+02 5.6054194138e+04 1.4656203754e+02
6.18000e+02 5.6150846321e+04 1.4683311384e+02
6.19000e+02 5.6247629848e+04 1.4694324873e+02
6.20000e+02 5.6347509173e+04 7.2973722698e+02
6.21000e+02 5.6447589024e+04 1.0895491231e+03
6.22000e+02 5.6547390706e+04 1.5236509679e+02
6.23000e+02 5.6654577584e+04 7.0663539915e+00
6.24000e+02 5.6757277444e+04 4.3824321890e+02
6.25000e+02 5.6846423699e+04 5.8122449367e+02
6.26000e+02 5.6936118649e+04 7.2048234173e+02
6.27000e+02 5.7026055391e+04 1.3169058121e+02
6.28000e+02 5.7119157569e+04 6.6995032345e+00
6.29000e+02 5.7218850032e+04 7.4944156251e+00
6.30000e+02 5.7314073100e+04 7.0472536772e+02
6.31000e+02 5.7396510084e+04 7.4997578495e+00
6.32000e+02 5.7482556085e+04 7.0561773507e+00
6.33000e+02 5.7568955196e+04 2.6943208596e+02
6.34000e+02 5.7655196699e+04 2.6935815671e+02
6.35000e+02 5.7747394798e+04 5.7933710172e+02
6.36000e+02 5.7835180973e+04 1.4929152055e+01
6.37000e+02 5.7910951503e+04 1.1778032587e+02
6.38000e+02 5.7990339446e+04 1.3575260030e+02
6.39000e+02 5.8074965560e+04 2.2486208327e+01
6.40000e+02 5.8159903783e+04 6.9374238448e+02
6.41000e+02 5.8244643315e+04 1.2124481835e+02
6.42000e+02 5.8329604963e+04 1.2114699855e+02
6.43000e+02 5.8414373502e+04 1.2105485839e+02
6.44000e+02 5.8494699094e+04 1.1020196354e+02
6.45000e+02 5.8575119582e+04 1.5134043241e+03
6.46000e+02 5.8655658047e+04 2.4436460392e+02
6.47000e+02 5.8724889547e+04 1.2907781767e+02
6.48000e+02 5.8797716385e+04 2.1303254960e+02
6.49000e+02 5.8870865075e+04 4.5963272341e+02
6.50000e+02 5.8940820248e+04 4.6614113296e+02
6.51000e+02 5.9010959266e+04 2.1372703482e+02
6.52000e+02 5.9084268366e+04 9.7455536660e+01
6.53000e+02 5.9161957361e+04 1.0497520536e+02
6.54000e+02 5.9235208220e+04 9.1022710645e+01
6.55000e+02 5.9297887083e+04 8.9897926067e+01
6.56000e+02 5.9361110904e+04 1.8138699215e+02
6.57000e+02 5.9424521333e+04 7.7370937367e+01
6.58000e+02 5.9488083731e+04 7.7632142569e+01
6.59000e+02 5.9562453575e+04 1.9693579404e+02
6.60000e+02 5.9636388841e+04 1.6778600175e+02
6.61000e+02 5.9699492993e+04 7.7248233085e+01
6.62000e+02 5.9766092351e+04 1.1872142884e+00
6.63000e+02 5.9832936215e+04 2.4524713639e+02
6.64000e+02 5.9896547645e+04 7.7220017504e+01
6.65000e+02 5.9960297838e+04 7.7788839347e+01
6.66000e+02 6.0027204985e+04 2.3741272211e+02
6.67000e+02 6.0094259075e+04 8.4377681382e+01
6.68000e+02 6.0158031520e+04 7.7872065491e+01
6.69000e+02 6.0232682522e+04 1.6789937283e+02
6.70000e+02 6.0306890424e+04 1.5515467134e+02
6.71000e+02 6.0380917287e+04 1.5437537800e+02
6.72000e+02 6.0459572401e+04 5.4089573765e+02
6.73000e+02 6.0533612776e+04 7.7755821005e+01
6.74000e+02 6.0604240746e+04 1.0525291357e+02
6.75000e+02 6.0674980058e+04 1.8993097317e+02
6.76000e+02 6.0745773491e+04 9.1509116116e+01
6.77000e+02 6.0828097244e+04 2.3047562714e+01
6.78000e+02 6.0909917684e+04 1.9735357968e+02
6.79000e+02 6.0991501080e+04 1.8166519635e+02
6.80000e+02 6.1073013950e+04 1.1285682335e+02
6.81000e+02 6.1154420050e+04 1.1256667065e+02
6.82000e+02 6.1240486831e+04 8.5089731972e+01
6.83000e+02 6.1326186499e+04 7.3146028616e+02
6.84000e+02 6.1407330964e+04 1.1208569861e+02
6.85000e+02 6.1488483979e+04 1.1172052777e+02
6.86000e+02 6.1569693949e+04 1.1167431252e+02
6.87000e+02 6.1639483616e+04 9.0467961257e+01
6.88000e+02 6.1709778268e+04 3.3672852310e+02
6.89000e+02 6.1780247445e+04 3.3707130574e+02
6.90000e+02 6.1853886368e+04 5.0035566813e+02
6.91000e+02 6.1927697534e+04 5.3272785356e+02
6.92000e+02 6.1998225172e+04 9.0117409470e+01
6.93000e+02 6.2080379353e+04 1.1256380478e+02
6.94000e+02 6.2162079021e+04 1.1294093837e+02
6.95000e+02 6.2243571767e+04 1.1216656256e+02
6.96000e+02 6.2329690207e+04 5.3224678494e+02
6.97000e+02 6.2415423594e+04 3.3639796748e+02
6.98000e+02 6.2496594291e+04 1.1152542528e+02
6.99000e+02 6.2577768925e+04 1.1109578751e+02
7.00000e+02 6.2663669249e+04 1.3530085018e+02
7.01000e+02 6.2749245623e+04 1.2021394726e+02
7.02000e+02 6.2830295273e+04 1.1086364549e+02
7.03000e+02 6.2899993513e+04 8.9256353759e+01
7.04000e+02 6.2973279003e+04 4.5580186984e+02
7.05000e+02 6.3046871750e+04 3.5125636252e+02
7.06000e+02 6.3120305062e+04 9.5440228400e+01
7.07000e+02 6.3198251260e+04 9.4165545237e+01
7.08000e+02 6.3276463632e+04 2.0769818808e+02
7.09000e+02 6.3354451477e+04 1.0573641541e+02
7.10000e+02 6.3427954810e+04 7.5463179257e+00
7.11000e+02 6.3501539589e+04 2.0885769587e+02
7.12000e+02 6.3579890548e+04 1.0454823947e+02
7.13000e+02 6.3653734122e+04 9.5595614646e+01
7.14000e+02 6.3727271538e+04 1.0451375667e+02
7.15000e+02 6.3801073272e+04 1.0436740357e+02
7.16000e+02 6.3871619258e+04 4.5427309149e+02
7.17000e+02 6.3942303508e+04 4.6218753074e+02
7.18000e+02 6.4016117546e+04 9.5630024409e+01
7.19000e+02 6.4094330128e+04 1.0466842850e+02
7.20000e+02 6.4172746096e+04 1.0462876970e+02
7.21000e+02 6.4246664700e+04 9.5651264380e+01
7.22000e+02 6.4317224483e+04 9.6651494466e+01
7.23000e+02 6.4387929572e+04 9.5555233478e+01
7.24000e+02 6.4461766995e+04 9.5578998260e+01
7.25000e+02 6.4540007463e+04 1.0455202619e+02
7.26000e+02 6.4618451294e+04 1.0447533683e+02
7.27000e+02 6.4696631575e+04 1.0431067571e+02
7.28000e+02 6.4770301194e+04 4.0091249961e+02
7.29000e+02 6.4833366290e+04 8.7843426312e+01
7.30000e+02 6.4900023835e+04 1.1512870622e+02
7.31000e+02 6.4966978916e+04 2.0353347289e+02
7.32000e+02 6.5033789361e+04 8.1174255315e+01
7.33000e+02 6.5104388724e+04 7.5809179949e+00
7.34000e+02 6.5175271381e+04 1.7766654616e+02
7.35000e+02 6.5242452373e+04 8.1318992751e+01
7.36000e+02 6.5309347514e+04 8.1322368895e+01
7.37000e+02 6.5380025792e+04 1.7756779404e+02
7.38000e+02 6.5446302799e+04 8.0362972138e+01
7.39000e+02 6.5502720032e+04 2.7069984192e+02
7.40000e+02 6.5559676922e+04 4.4004151087e+02
7.41000e+02 6.5616801992e+04 6.1115928123e+01
7.42000e+02 6.5674079061e+04 6.1374990695e+01
7.43000e+02 6.5741457695e+04 4.8462142753e+02
7.44000e+02 6.5808407793e+04 3.3215704513e+02
7.45000e+02 6.5875211830e+04 2.0798337397e+02
7.46000e+02 6.5946642190e+04 8.9343236938e+01
7.47000e+02 6.6017730727e+04 2.0896822948e+02
7.48000e+02 6.6084249119e+04 8.0143577917e+01
7.49000e+02 6.6150813428e+04 7.9823705968e+01
7.50000e+02 6.6217422785e+04 7.9834846380e+01
7.51000e+02 6.6284039469e+04 7.9807387330e+01
7.52000e+02 6.6350680968e+04 7.9759722414e+01
7.53000e+02 6.6407350025e+04 6.0857603284e+01
7.54000e+02 6.6467562872e+04 2.0963482712e+02
7.55000e+02 6.6528028560e+04 2.8395093471e+02
7.56000e+02 6.6585284423e+04 2.4002553977e+02
7.57000e+02 6.6642676912e+04 2.4050894676e+02
7.58000e+02 6.6700180566e+04 6.1266228753e+01
7.59000e+02 6.6757706662e+04 6.1338568984e+01
7.60000e+02 6.6818360095e+04 6.7790449211e+01
7.61000e+02 6.6879126865e+04 2.1358807397e+02
7.62000e+02 6.6936604830e+04 6.1251540784e+01
7.63000e+02 6.6994175135e+04 6.1234498844e+01
7.64000e+02 6.7054884004e+04 2.1342992138e+02
7.65000e+02 6.7115706450e+04 6.7707834848e+01
7.66000e+02 6.7173239158e+04 6.1228008249e+01
7.67000e+02 6.7240942833e+04 8.0766952605e+01
7.68000e+02 6.7308201240e+04 1.8408584002e+02
7.69000e+02 6.7365276514e+04 6.0671749101e+01
7.70000e+02 6.7425817704e+04 6.7472448600e+01
7.71000e+02 6.7486561681e+04 6.7326506109e+01
7.72000e+02 6.7547111416e+04 6.7267724618e+01
7.73000e+02 6.7610709039e+04 4.1590924984e+02
7.74000e+02 6.7674572490e+04 6.1681600684e+02
7.75000e+02 6.7738235737e+04 7.3560575086e+01
7.76000e+02 6.7797387529e+04 5.2504461337e+01
7.77000e+02 6.7847392901e+04 7.2830620154e+01
7.78000e+02 6.7897929969e+04 1.2637322630e+02
7.79000e+02 6.7948612166e+04 4.7023156172e+01
7.80000e+02 6.7999449420e+04 4.7276319327e+01
7.81000e+02 6.8050320309e+04 4.7417734305e+01
7.82000e+02 6.8104344976e+04 6.6831631368e+01
7.83000e+02 6.8160585850e+04 7.4223741681e+00
7.84000e+02 6.8217076135e+04 5.8568582882e+01
7.85000e+02 6.8273381439e+04 5.8574444749e+01
7.86000e+02 6.8325171177e+04 1.5974218599e+02
7.87000e+02 6.8377080855e+04 3.8014215835e+02
7.88000e+02 6.8429049798e+04 4.9443159044e+01
7.89000e+02 6.8481076613e+04 4.9510853215e+01
7.90000e+02 6.8537800861e+04 5.8749832365e+01
7.91000e+02 6.8592155250e+04 1.5438624370e+02
7.92000e+02 6.8646164897e+04 8.0860137377e+01
7.93000e+02 6.8700370664e+04 5.3820081101e+01
7.94000e+02 6.8754383574e+04 5.3769524857e+01
7.95000e+02 6.8808602648e+04 5.3729061504e+01
7.96000e+02 6.8862629405e+04 5.3689178962e+01
7.97000e+02 6.8916862849e+04 5.3649860339e+01
7.98000e+02 6.8970903678e+04 5.3610282810e+01
7.99000e+02 6.9025150701e+04 5.3570251626e+01
8.00000e+02 6.9076150468e+04 1.4625812544e+02
8.01000e+02 6.9136616457e+04 8.4391739866e+00
8.02000e+02 6.9201338927e+04 2.5232694671e+02
8.03000e+02 6.9262754561e+04 7.1686112882e+00
8.04000e+02 6.9323747053e+04 6.7629786631e+01
8.05000e+02 6.9384900725e+04 6.7300193898e+01
8.06000e+02 6.9442759065e+04 1.5289307950e+01
8.07000e+02 6.9510807662e+04 1.8892515861e+02
8.08000e+02 6.9578394483e+04 2.6224618831e+02
8.09000e+02 6.9645794305e+04 7.9992616166e+01
8.10000e+02 6.9713113656e+04 7.9645153355e+01
8.11000e+02 6.9780354946e+04 7.9406976370e+01
8.12000e+02 6.9847564132e+04 7.9217403480e+01
8.13000e+02 6.9914724346e+04 7.9057110524e+01
8.14000e+02 6.9981870125e+04 7.8914646750e+01
8.15000e+02 7.0048979716e+04 7.8785109013e+01
8.16000e+02 7.0120753989e+04 8.1446140264e+01
8.17000e+02 7.0192201368e+04 6.4408859432e+02
8.18000e+02 7.0263756301e+04 3.2450210471e+02
8.19000e+02 7.0335062116e+04 8.7219915774e+01
8.20000e+02 7.0401843683e+04 7.8342111474e+01
8.21000e+02 7.0458703364e+04 2.8842757016e+02
8.22000e+02 7.0519138411e+04 4.7852958989e+02
8.23000e+02 7.0582664482e+04 7.7797439976e+00
8.24000e+02 7.0641829807e+04 7.6162414185e+00
8.25000e+02 7.0691867612e+04 4.7122918321e+02
8.26000e+02 7.0745505667e+04 1.4568956461e+01
8.27000e+02 7.0799415067e+04 4.5625240194e+02
8.28000e+02 7.0850146103e+04 6.4461376175e+02
8.29000e+02 7.0901017862e+04 4.5699150226e+01
8.30000e+02 7.0952027758e+04 4.5932311147e+01
8.31000e+02 7.1003058999e+04 4.6045861527e+01
8.32000e+02 7.1057233615e+04 5.2250533539e+01
8.33000e+02 7.1111516534e+04 1.0567948132e+02
8.34000e+02 7.1165580566e+04 1.0546321812e+02
8.35000e+02 7.1221957418e+04 7.1492187963e+00
8.36000e+02 7.1273930325e+04 2.3054111171e+02
8.37000e+02 7.1326015196e+04 2.8594099432e+02
8.38000e+02 7.1382825604e+04 2.2190398077e+02
8.39000e+02 7.1437269270e+04 5.2410822293e+01
8.40000e+02 7.1491373337e+04 5.2398446532e+01
8.41000e+02 7.1547798202e+04 2.2173008937e+02
8.42000e+02 7.1599821499e+04 4.7971913746e+01
8.43000e+02 7.1651955892e+04 4.7973464550e+01
8.44000e+02 7.1708813730e+04 5.7125944497e+01
8.45000e+02 7.1765424847e+04 5.7255071191e+01
8.46000e+02 7.1822159820e+04 5.7074951798e+01
8.47000e+02 7.1878701960e+04 5.6948899181e+01
8.48000e+02 7.1930726350e+04 4.7926583707e+01
8.49000e+02 7.1982864756e+04 7.4244607685e+01
8.50000e+02 7.2039729188e+04 5.7021408361e+01
8.51000e+02 7.2094222037e+04 5.2395231704e+01
8.52000e+02 7.2148376226e+04 1.1885999153e+02
8.53000e+02 7.2204857160e+04 5.6903180859e+01
8.54000e+02 7.2256936017e+04 7.4224830928e+01
8.55000e+02 7.2300567058e+04 2.1593705416e+02
8.56000e+02 7.2347767863e+04 4.9892894460e+01
8.57000e+02 7.2396587994e+04 7.6608026411e+00
8.58000e+02 7.2445744129e+04 4.1484839593e+01
8.59000e+02 7.2493397485e+04 1.6174463945e+02
8.60000e+02 7.2537709641e+04 2.5502319262e+02
8.61000e+02 7.2590768384e+04 9.9328077597e+01
8.62000e+02 7.2648117268e+04 5.4115474693e+01
8.63000e+02 7.2702918722e+04 7.1480985807e+00
8.64000e+02 7.2757308062e+04 5.2599069076e+01
8.65000e+02 7.2813999459e+04 1.0337597923e+02
8.66000e+02 7.2870927635e+04 5.6929170219e+01
8.67000e+02 7.2925514461e+04 5.2331841141e+01
8.68000e+02 7.2976720398e+04 6.0418791451e+01
8.69000e+02 7.3028010854e+04 1.1004888701e+02
8.70000e+02 7.3082447740e+04 5.2327054975e+01
8.71000e+02 7.3139129077e+04 5.6862181710e+01
8.72000e+02 7.3196040636e+04 5.6788702370e+01
8.73000e+02 7.3250614672e+04 5.2261937673e+01
8.74000e+02 7.3304860518e+04 5.4543698085e+01
8.75000e+02 7.3361444575e+04 5.6634633380e+01
8.76000e+02 7.3418296989e+04 5.6518853149e+01
8.77000e+02 7.3474964504e+04 5.6545792374e+01
8.78000e+02 7.3531782718e+04 5.6455047284e+01
8.79000e+02 7.3586291835e+04 5.4424235061e+01
8.80000e+02 7.3637439197e+04 5.6355252531e+01
8.81000e+02 7.3698069725e+04 2.8809822603e+02
8.82000e+02 7.3758282523e+04 3.9517281865e+02
8.83000e+02 7.3809033073e+04 1.0622397571e+02
8.84000e+02 7.3860197039e+04 2.3141290451e+02
8.85000e+02 7.3911435114e+04 1.7060384809e+02
8.86000e+02 7.3962777197e+04 4.5332813308e+01
8.87000e+02 7.4014116573e+04 4.5388780772e+01
8.88000e+02 7.4068579079e+04 1.1328390478e+02
8.89000e+02 7.4123133094e+04 2.1544870084e+02
8.90000e+02 7.4177451759e+04 1.5386691497e+02
8.91000e+02 7.4231955300e+04 5.1429392491e+01
8.92000e+02 7.4286252582e+04 5.1356580781e+01
8.93000e+02 7.4342885937e+04 1.1999656489e+02
8.94000e+02 7.4399781027e+04 2.0546559427e+02
8.95000e+02 7.4456486512e+04 1.4170012615e+02
8.96000e+02 7.4513339528e+04 5.6004202143e+01
8.97000e+02 7.4570009719e+04 5.5912903564e+01
8.98000e+02 7.4622165218e+04 8.2440788246e+01
8.99000e+02 7.4665872023e+04 9.5152520035e+01
9.00000e+02 7.4710100540e+04 1.3328719278e+02
9.01000e+02 7.4754453962e+04 3.1015431547e+01
9.02000e+02 7.4802019672e+04 1.0517169381e+02
9.03000e+02 7.4849717989e+04 1.4956652194e+02
9.04000e+02 7.4897230753e+04 3.7460743358e+01
9.05000e+02 7.4944946833e+04 3.7441046128e+01
9.06000e+02 7.4992487745e+04 3.7431752416e+01
9.07000e+02 7.5040232919e+04 3.7423414826e+01
9.08000e+02 7.5084747117e+04 3.1270097779e+01
9.09000e+02 7.5138018536e+04 2.5384921747e+02
9.10000e+02 7.5195563324e+04 1.6885204793e+02
9.11000e+02 7.5252699058e+04 1.6914873921e+02
9.12000e+02 7.5305201434e+04 1.6344415698e+02
9.13000e+02 7.5357745193e+04 1.6795553618e+02
9.14000e+02 7.5414969441e+04 5.6355765149e+01
9.15000e+02 7.5471914026e+04 5.6108260085e+01
9.16000e+02 7.5524289618e+04 1.6766079707e+02
9.17000e+02 7.5568163095e+04 1.4903536605e+02
9.18000e+02 7.5612534846e+04 2.0470062959e+02
9.19000e+02 7.5665670222e+04 5.6891026863e+01
9.20000e+02 7.5723112745e+04 5.6270426273e+01
9.21000e+02 7.5780173385e+04 5.6330210464e+01
9.22000e+02 7.5832621029e+04 5.6906188040e+01
9.23000e+02 7.5885123712e+04 5.5581462207e+01
9.24000e+02 7.5937642506e+04 5.5597030024e+01
9.25000e+02 7.5990184630e+04 4.6789397663e+01
9.26000e+02 7.6047398733e+04 5.6045459397e+01
9.27000e+02 7.6102174955e+04 9.3250494136e+01
9.28000e+02 7.6153539899e+04 1.6609581880e+02
9.29000e+02 7.6214377310e+04 1.7534744664e+01
9.30000e+02 7.6274776386e+04 7.2140099919e+01
9.31000e+02 7.6335019695e+04 6.2234399329e+01
9.32000e+02 7.6399862552e+04 7.6287547404e+00
9.33000e+02 7.6461459294e+04 1.7275024359e+02
9.34000e+02 7.6519616501e+04 8.6481636460e+01
9.35000e+02 7.6577836344e+04 3.5289069004e+02
9.36000e+02 7.6636108120e+04 5.7903623222e+01
9.37000e+02 7.6694358487e+04 5.7876243363e+01
9.38000e+02 7.6752640860e+04 5.7828963158e+01
9.39000e+02 7.6810893561e+04 5.7773468348e+01
9.40000e+02 7.6872228806e+04 3.1691506210e+02
9.41000e+02 7.6933644638e+04 2.0183109785e+02
9.42000e+02 7.6991738581e+04 5.7527265218e+01
9.43000e+02 7.7060039769e+04 8.0578789744e+00
9.44000e+02 7.7132549115e+04 3.0602815618e+02
9.45000e+02 7.7200943224e+04 6.4448015593e+01
9.46000e+02 7.7265849326e+04 6.8121587389e+00
9.47000e+02 7.7341681408e+04 2.5804564650e+02
9.48000e+02 7.7421695622e+04 7.1888435171e+01
9.49000e+02 7.7501180508e+04 4.6357346157e+02
9.50000e+02 7.7580676828e+04 9.9846760373e+01
9.51000e+02 7.7659839133e+04 9.9424332527e+01
9.52000e+02 7.7739107980e+04 9.9097434726e+01
9.53000e+02 7.7813782343e+04 1.3085599601e+01
9.54000e+02 7.7888129998e+04 4.7871480546e+02
9.55000e+02 7.7962718770e+04 2.7631238521e+02
9.56000e+02 7.8037076022e+04 8.9428621579e+01
9.57000e+02 7.8115983634e+04 9.8743644723e+01
9.58000e+02 7.8195106329e+04 9.8498749376e+01
9.59000e+02 7.8273958920e+04 9.8345229352e+01
9.60000e+02 7.8352960858e+04 9.8126126207e+01
9.61000e+02 7.8431720532e+04 9.7935082666e+01
9.62000e+02 7.8505979250e+04 3.4186922958e+02
9.63000e+02 7.8580297774e+04 4.6547649024e+02
9.64000e+02 7.8659363786e+04 9.7901222755e+01
9.65000e+02 7.8733835135e+04 8.9221769275e+01
9.66000e+02 7.8807984374e+04 2.0510189548e+02
9.67000e+02 7.8886690218e+04 9.7749491819e+01
9.68000e+02 7.8960962254e+04 4.6502433068e+02
9.69000e+02 7.9024548592e+04 6.4024268387e+02
9.70000e+02 7.9091712293e+04 9.0666203637e+01
9.71000e+02 7.9159161499e+04 2.8845018852e+02
9.72000e+02 7.9226455146e+04 7.4462582224e+01
9.73000e+02 7.9294016866e+04 7.4500633800e+01
9.74000e+02 7.9358338691e+04 6.3901816466e+02
9.75000e+02 7.9433621196e+04 9.8767302388e+01
9.76000e+02 7.9513151982e+04 2.4687528471e+02
9.77000e+02 7.9592209211e+04 2.4697979441e+02
9.78000e+02 7.9671320651e+04 9.7554699333e+01
9.79000e+02 7.9750136140e+04 9.7215404871e+01
9.80000e+02 7.9824414242e+04 9.8674602646e+01
9.81000e+02 7.9898732255e+04 3.4312106144e+02
9.82000e+02 7.9973108309e+04 3.4287589231e+02
9.83000e+02 8.0047475493e+04 8.7851106682e+01
9.84000e+02 8.0126552392e+04 9.7083648374e+01
9.85000e+02 8.0205313241e+04 9.6931924621e+01
9.86000e+02 8.0284206378e+04 9.6651231152e+01
9.87000e+02 8.0358565258e+04 6.7971600960e+00
9.88000e+02 8.0429575010e+04 4.5382053694e+02
9.89000e+02 8.0500731874e+04 5.2868242712e+02
9.90000e+02 8.0575019726e+04 3.7334756507e+02
9.91000e+02 8.0649452511e+04 3.7304812257e+02
9.92000e+02 8.0720578041e+04 8.1136911964e+01
9.93000e+02 8.0791813552e+04 8.1134421481e+01
9.94000e+02 8.0866155993e+04 8.7592799902e+01
9.95000e+02 8.0944936743e+04 9.6574481076e+01
9.96000e+02 8.1019229784e+04 2.4975466287e+02
9.97000e+02 8.1082811673e+04 1.5621783462e+01
9.98000e+02 8.1146907870e+04 8.9630115957e+01
9.99000e+02 8.1221973968e+04 2.5020382250e+02
1.00000e+03 8.1296645459e+04 8.8257648211e+01
1.00100e+03 8.1360424894e+04 6.6462626068e+01
1.00200e+03 8.1427701514e+04 1.8738757727e+00
1.00300e+03 8.1498784457e+04 2.2423728118e+02
1.00400e+03 8.1570140121e+04 3.1295347787e+02
1.00500e+03 8.1637739410e+04 1.4693679060e+02
1.00600e+03 8.1705048827e+04 2.2404584056e+02
1.00700e+03 8.1772616878e+04 1.5939747856e+02
1.00800e+03 8.1839992795e+04 7.3141694775e+01
1.00900e+03 8.1911180537e+04 8.0810235115e+01
1.01000e+03 8.1977948068e+04 7.9039609004e+00
1.01100e+03 8.2044786972e+04 1.6064763166e+02
1.01200e+03 8.2111687768e+04 1.6062024962e+02
1.01300e+03 8.2168608782e+04 2.2563884872e+02
1.01400e+03 8.2226033644e+04 2.8513803874e+02
1.01500e+03 8.2293684281e+04 7.2669870251e+01
1.01600e+03 8.2365627120e+04 8.1316598890e+01
1.01700e+03 8.2437150453e+04 8.1570873237e+01
1.01800e+03 8.2504075506e+04 7.2621457094e+01
1.01900e+03 8.2561032561e+04 5.2391672753e+01
1.02000e+03 8.2618499436e+04 5.2381293566e+01
1.02100e+03 8.2676111531e+04 5.2983952566e+01
1.02200e+03 8.2733859026e+04 5.3211588515e+01
1.02300e+03 8.2801743866e+04 7.2783038457e+01
1.02400e+03 8.2873859166e+04 8.1661764541e+01
1.02500e+03 8.2941923607e+04 2.3140786275e+02
1.02600e+03 8.3006525666e+04 6.8545646833e+00
1.02700e+03 8.3082044903e+04 2.6042809463e+01
1.02800e+03 8.3157085865e+04 1.0684293162e+02
1.02900e+03 8.3231913892e+04 8.7636465909e+01
1.03000e+03 8.3306666662e+04 8.7260636609e+01
1.03100e+03 8.3381325081e+04 8.7003769020e+01
1.03200e+03 8.3455961373e+04 8.6800287697e+01
1.03300e+03 8.3519788603e+04 6.6221220904e+01
1.03400e+03 8.3587137069e+04 2.3114900409e+02
1.03500e+03 8.3658309575e+04 3.4344381506e+02
1.03600e+03 8.3725081135e+04 7.8647316890e+00
1.03700e+03 8.3791935491e+04 7.1052556459e+01
1.03800e+03 8.3858858207e+04 7.1132659706e+01
1.03900e+03 8.3915802486e+04 5.9344273508e+01
1.04000e+03 8.3976306174e+04 1.9422267108e+02
1.04100e+03 8.4039904203e+04 5.5630183723e+01
1.04200e+03 8.4099141588e+04 7.6853316769e+00
1.04300e+03 8.4149246729e+04 1.8718931062e+02
1.04400e+03 8.4199906363e+04 2.9849962511e+02
1.04500e+03 8.4250727678e+04 3.8661627125e+01
1.04600e+03 8.4304770806e+04 4.9113992687e+01
1.04700e+03 8.4361081556e+04 1.4964925035e+01
1.04800e+03 8.4413001246e+04 9.1295603170e+01
1.04900e+03 8.4465051641e+04 1.3978422796e+02
1.05000e+03 8.4517171654e+04 4.1231468537e+01
1.05100e+03 8.4569358046e+04 4.1326233697e+01
1.05200e+03 8.4621578332e+04 4.1385181393e+01
1.05300e+03 8.4665281372e+04 4.0011508396e+00
1.05400e+03 8.4709475950e+04 1.1447396288e+02
1.05500e+03 8.4762419100e+04 4.2100554202e+01
1.05600e+03 8.4819678895e+04 3.6886945874e+02
1.05700e+03 8.4874419722e+04 4.0608471154e+02
1.05800e+03 8.4928766017e+04 1.4933979160e+02
1.05900e+03 8.4983282154e+04 4.5725698814e+01
1.06000e+03 8.5037587675e+04 4.5639198773e+01
1.06100e+03 8.5094229205e+04 1.7406912073e+02
1.06200e+03 8.5151132414e+04 2.0930997126e+02
1.06300e+03 8.5207847232e+04 8.6194643829e+01
1.06400e+03 8.5260041433e+04 4.2032368273e+01
1.06500e+03 8.5312346679e+04 8.5483452323e+01
1.06600e+03 8.5369377211e+04 5.0464266130e+01
1.06700e+03 8.5426162316e+04 5.0484089225e+01
1.06800e+03 8.5478402554e+04 8.5444006112e+01
1.06900e+03 8.5522172755e+04 1.9485117153e+02
1.07000e+03 8.5566457420e+04 1.2754651067e+02
1.07100e+03 8.5610864289e+04 3.6511683374e+01
1.07200e+03 8.5658481384e+04 9.4082123573e+01
1.07300e+03 8.5707641253e+04 7.6252368943e+00
1.07400e+03 8.5757081181e+04 3.5225390132e+01
1.07500e+03 8.5804961703e+04 1.3294598589e+02
1.07600e+03 8.5852533316e+04 3.1997008833e+01
1.07700e+03 8.5901723611e+04 3.5220591150e+01
1.07800e+03 8.5946536015e+04 1.7928331708e+01
1.07900e+03 8.5991493677e+04 7.8256382265e+01
1.08000e+03 8.6036502175e+04 5.3018053899e+01
1.08100e+03 8.6081582702e+04 2.6621879963e+01
1.08200e+03 8.6131350614e+04 3.9988087058e+01
1.08300e+03 8.6179440657e+04 3.2174532616e+01
1.08400e+03 8.6227177435e+04 3.2307523270e+01
1.08500e+03 8.6275091620e+04 3.2099357207e+01
1.08600e+03 8.6319762775e+04 1.0515987323e+02
1.08700e+03 8.6373195126e+04 2.1800908390e+01
1.08800e+03 8.6426215572e+04 5.6386313411e+01
1.08900e+03 8.6470493145e+04 1.2222395816e+02
1.09000e+03 8.6518230252e+04 3.2067586406e+01
1.09100e+03 8.6567569193e+04 8.2977587482e+01
1.09200e+03 8.6617193147e+04 7.8275920273e+01
1.09300e+03 8.6666662775e+04 3.5447488536e+01
1.09400e+03 8.6711613103e+04 1.2835290965e+01
1.09500e+03 8.6748836492e+04 2.4981334616e+01
1.09600e+03 8.6786574962e+04 6.0708184234e+01
1.09700e+03 8.6824421730e+04 1.1936795885e+01
1.09800e+03 8.6862434102e+04 1.2198760884e+01
1.09900e+03 8.6900453225e+04 1.2358917913e+01
1.10000e+03 8.6941637883e+04 4.3069853575e+01
1.10100e+03 8.6982916442e+04 6.8426677246e+01
1.10200e+03 8.7024001598e+04 1.8636446319e+01
1.10300e+03 8.7065268683e+04 1.8606335637e+01
1.10400e+03 8.7103309829e+04 1.2375332981e+01
1.10500e+03 8.7141423841e+04 3.8239503477e+01
1.10600e+03 8.7179657369e+04 3.8393645626e+01
1.10700e+03 8.7225834566e+04 7.0942490726e+01
1.10800e+03 8.7276258624e+04 7.3535820868e+01
1.10900e+03 8.7324804321e+04 1.9852207884e+01
1.11000e+03 8.7369861736e+04 6.8238872871e+00
1.11100e+03 8.7414930512e+04 2.6345421881e+01
1.11200e+03 8.7460058082e+04 2.6389231599e+01
1.11300e+03 8.7505136182e+04 2.6372167053e+01
1.11400e+03 8.7550262471e+04 2.6344513773e+01
1.11500e+03 8.7604052896e+04 8.1075512085e+01
1.11600e+03 8.7657369408e+04 1.4846009114e+02
1.11700e+03 8.7701879646e+04 2.5750307038e+01
1.11800e+03 8.7746772397e+04 2.5491018157e+01
1.11900e+03 8.7800406084e+04 5.2198262120e+01
1.12000e+03 8.7858292366e+04 2.7294580522e+01
1.12100e+03 8.7915753474e+04 1.3380876581e+02
1.12200e+03 8.7973240107e+04 7.6119274341e+01
1.12300e+03 8.8030463306e+04 5.0717531579e+01
1.12400e+03 8.8083118793e+04 4.2351708146e+01
1.12500e+03 8.8127240924e+04 2.5077420011e+01
1.12600e+03 8.8174905443e+04 1.7218518559e+02
1.12700e+03 8.8224217491e+04 7.9111505318e+00
1.12800e+03 8.8269171691e+04 6.2878104200e-02
1.12900e+03 8.8306417269e+04 6.7599250428e+01
1.13000e+03 8.8347242326e+04 1.4742700850e+01
1.13100e+03 8.8388300133e+04 1.3722355617e+02
1.13200e+03 8.8426186687e+04 8.5577797564e+01
1.13300e+03 8.8472132403e+04 4.3267470307e+01
1.13400e+03 8.8522389758e+04 5.3338131004e+01
1.13500e+03 8.8570820214e+04 3.3117024522e+01
1.13600e+03 8.8615788293e+04 7.0815247918e+00
1.13700e+03 8.8660785007e+04 2.5841995234e+01
1.13800e+03 8.8708909796e+04 5.8187472889e+01
1.13900e+03 8.8758565041e+04 5.3627989855e+01
1.14000e+03 8.8803775590e+04 9.3604154026e+01
1.14100e+03 8.8841203476e+04 1.7741639465e+01
1.14200e+03 8.8879125821e+04 3.6494316546e+01
1.14300e+03 8.8917140671e+04 1.1734320168e+01
1.14400e+03 8.8955306728e+04 1.1966298112e+01
1.14500e+03 8.8993468842e+04 1.2101595119e+01
1.14600e+03 8.9031735363e+04 1.2189956963e+01
1.14700e+03 8.9077945600e+04 8.5191801684e+01
1.14800e+03 8.9128407792e+04 3.5975365396e+01
1.14900e+03 8.9178468840e+04 3.6345192387e+01
1.15000e+03 8.9223881592e+04 4.1738179876e+01
1.15100e+03 8.9269345681e+04 4.0950293460e+01
1.15200e+03 8.9314803383e+04 2.6637158030e+01
1.15300e+03 8.9352389635e+04 1.1601905193e+01
1.15400e+03 8.9393482189e+04 3.1963233362e+01
1.15500e+03 8.9434762602e+04 6.0514320800e+01
1.15600e+03 8.9472838359e+04 2.6401445367e+01
1.15700e+03 8.9511000863e+04 2.6951295463e+01
1.15800e+03 8.9552345646e+04 2.1710567234e+01
1.15900e+03 8.9594501087e+04 5.6104453784e+01
1.16000e+03 8.9636924290e+04 8.4318206588e+01
1.16100e+03 8.9679201403e+04 2.0345500158e+01
1.16200e+03 8.9721618944e+04 2.0319493026e+01
1.16300e+03 8.9763888518e+04 2.0291634513e+01
1.16400e+03 8.9806300819e+04 2.0266102859e+01
1.16500e+03 8.9847847874e+04 2.6641686763e+01
1.16600e+03 8.9889071684e+04 7.5065535087e+01
1.16700e+03 8.9931190304e+04 2.0094882386e+01
1.16800e+03 8.9968929092e+04 4.2035253351e+00
1.16900e+03 9.0006826116e+04 7.9812294043e+01
1.17000e+03 9.0049437893e+04 2.0274263772e+01
1.17100e+03 9.0091834225e+04 2.0531702312e+01
1.17200e+03 9.0134337568e+04 2.0402736146e+01
1.17300e+03 9.0175948057e+04 6.7019532178e+01
1.17400e+03 9.0217223922e+04 4.0638013892e+01
1.17500e+03 9.0258672645e+04 4.0435609084e+01
1.17600e+03 9.0296890878e+04 7.9874957660e+01
1.17700e+03 9.0335176972e+04 1.0767706496e+02
1.17800e+03 9.0376628458e+04 1.8365884892e+01
1.17900e+03 9.0418889294e+04 2.0246837047e+01
1.18000e+03 9.0456731499e+04 1.0767280481e+02
1.18100e+03 9.0494711784e+04 5.1078876900e+01
1.18200e+03 9.0532719127e+04 1.1433590969e+01
1.18300e+03 9.0563626139e+04 1.0968436280e+01
1.18400e+03 9.0595005094e+04 4.4188520547e+01
1.18500e+03 9.0626450772e+04 5.3866570403e-01
1.18600e+03 9.0658052822e+04 4.5023664039e-01
1.18700e+03 9.0689638849e+04 1.4035006405e-01
1.18800e+03 9.0724397303e+04 4.6567070059e+00
1.18900e+03 9.0759227188e+04 1.4350499209e+01
1.19000e+03 9.0789658048e+04 7.2091314103e+00
1.19100e+03 9.0820259190e+04 3.1589082751e+00
1.19200e+03 9.0850891823e+04 2.0177333745e-01
1.19300e+03 9.0881619416e+04 3.2802258138e-01
1.19400e+03 9.0917016926e+04 2.7456906728e+01
1.19500e+03 9.0952190994e+04 5.9921813659e+00
1.19600e+03 9.0982780321e+04 4.3305254803e-02
1.19700e+03 9.1013503460e+04 1.2643895932e+01
1.19800e+03 9.1048914784e+04 6.0000034654e+00
1.19900e+03 9.1084087209e+04 1.0559429661e+01
1.20000e+03 9.1115841908e+04 9.7287035280e+00
1.20100e+03 9.1147617841e+04 8.3970886387e+00
1.20200e+03 9.1182558344e+04 2.0504387288e+01
1.20300e+03 9.1217577026e+04 5.8386181444e+00
1.20400e+03 9.1252857685e+04 5.7021139814e+00
1.20500e+03 9.1287998594e+04 5.8186394026e+00
1.20600e+03 9.1318592015e+04 9.4399380858e+00
1.20700e+03 9.1349339057e+04 1.1714319611e+01
1.20800e+03 9.1384784865e+04 5.9779692465e+00
1.20900e+03 9.1420021274e+04 6.0674911225e+00
1.21000e+03 9.1450679369e+04 1.1767280276e+01
1.21100e+03 9.1481473731e+04 6.0193104611e+00
1.21200e+03 9.1512281222e+04 6.1626874331e+00
1.21300e+03 9.1543170213e+04 9.4629060601e-02
1.21400e+03 9.1578718098e+04 6.1635014186e+00
1.21500e+03 9.1613998082e+04 1.7451183255e+01
1.21600e+03 9.1648905033e+04 1.7673472947e+01
1.21700e+03 9.1683942778e+04 1.7413560842e+01
1.21800e+03 9.1718796794e+04 5.2601265783e+00
1.21900e+03 9.1753827776e+04 5.9519102203e+00
1.22000e+03 9.1789151365e+04 5.7216626312e+00
1.22100e+03 9.1824348310e+04 5.8819043057e+00
1.22200e+03 9.1855004118e+04 5.7148954456e-02
1.22300e+03 9.1879358607e+04 2.3113870522e+01
1.22400e+03 9.1907260265e+04 4.4343922520e-01
1.22500e+03 9.1935341701e+04 2.1444382870e+00
1.22600e+03 9.1960255862e+04 1.5203065840e+01
1.22700e+03 9.1991778770e+04 1.2507195583e+01
1.22800e+03 9.2027632492e+04 6.4061552722e+00
1.22900e+03 9.2063109645e+04 7.3957168996e+00
1.23000e+03 9.2095115568e+04 1.5353277801e+01
1.23100e+03 9.2127112482e+04 7.6328970398e+00
1.23200e+03 9.2159195909e+04 7.7504838908e-02
1.23300e+03 9.2198504918e+04 1.4185850649e+01
1.23400e+03 9.2242048745e+04 7.6901038025e+00
1.23500e+03 9.2285188563e+04 2.2025036094e+01
1.23600e+03 9.2323655627e+04 3.4477608948e+01
1.23700e+03 9.2362173996e+04 1.2310888468e+01
1.23800e+03 9.2405341124e+04 2.1626312296e+01
1.23900e+03 9.2448240864e+04 2.1364608764e+01
1.24000e+03 9.2486537243e+04 1.2127892473e+01
1.24100e+03 9.2517727886e+04 7.2884430986e-01
1.24200e+03 9.2552446126e+04 5.0162836845e+01
1.24300e+03 9.2587352918e+04 7.9929480880e+00
1.24400e+03 9.2622586965e+04 5.4252080574e+00
1.24500e+03 9.2657704259e+04 4.9752815660e+01
1.24600e+03 9.2689459642e+04 2.6142196862e+01
1.24700e+03 9.2728537554e+04 2.2164897867e+01
1.24800e+03 9.2771909111e+04 2.1216382272e+01
1.24900e+03 9.2814129897e+04 7.1034910963e+00
1.25000e+03 9.2855919159e+04 1.9261326633e+01
1.25100e+03 9.2898588520e+04 3.4377516986e+01
1.25200e+03 9.2936825315e+04 2.2083148582e+01
1.25300e+03 9.2975179472e+04 2.0471410478e+01
1.25400e+03 9.3018219858e+04 2.0933096574e+01
1.25500e+03 9.3060248631e+04 1.9050052539e+01
1.25600e+03 9.3101901562e+04 1.8894671862e+01
1.25700e+03 9.3143701291e+04 1.8646733078e+01
1.25800e+03 9.3185303681e+04 1.8577544611e+01
1.25900e+03 9.3227827097e+04 2.0766217823e+01
1.26000e+03 9.3265951602e+04 2.0338650477e+01
1.26100e+03 9.3297025599e+04 1.0616194371e+02
1.26200e+03 9.3328600296e+04 7.8040486347e+01
1.26300e+03 9.3360255350e+04 5.8105719030e-01
1.26400e+03 9.3395129792e+04 6.7279482542e+00
1.26500e+03 9.3430117500e+04 7.5357074213e+00
1.26600e+03 9.3460722158e+04 2.8688127739e+01
1.26700e+03 9.3485047399e+04 9.5299016975e+00
1.26800e+03 9.3512938874e+04 6.9829672251e+00
1.26900e+03 9.3540292508e+04 1.1807823893e+01
1.27000e+03 9.3568013582e+04 9.6939843704e+00
1.27100e+03 9.3596394027e+04 2.9395944100e+00
1.27200e+03 9.3621422604e+04 1.5486015799e+01
1.27300e+03 9.3653040126e+04 3.3617426451e+01
1.27400e+03 9.3684299234e+04 1.9697167754e+00
1.27500e+03 9.3715524367e+04 2.3601365336e+00
1.27600e+03 9.3751354491e+04 9.5236169928e+00
1.27700e+03 9.3786916545e+04 7.9649059207e+00
1.27800e+03 9.3817864118e+04 2.6693109378e+00
1.27900e+03 9.3842441386e+04 1.1245089558e+01
1.28000e+03 9.3867488105e+04 4.5565715782e+00
1.28100e+03 9.3899123197e+04 2.1341921581e+00
1.28200e+03 9.3930408173e+04 2.4694603807e+00
1.28300e+03 9.3961665311e+04 3.7795395513e-01
1.28400e+03 9.3992853342e+04 4.7452072078e-01
1.28500e+03 9.4017575290e+04 7.2328145783e-01
1.28600e+03 9.4042726859e+04 1.8593315463e+00
1.28700e+03 9.4074453463e+04 4.6946550559e-01
1.28800e+03 9.4105815668e+04 6.4317066783e-01
1.28900e+03 9.4137138824e+04 4.0344780597e-01
1.29000e+03 9.4173062145e+04 6.6355705769e+00
1.29100e+03 9.4208712523e+04 6.7172585602e+00
1.29200e+03 9.4239744408e+04 7.3336458903e-01
1.29300e+03 9.4264394175e+04 1.7852915894e+00
1.29400e+03 9.4289509514e+04 2.9721349641e-02
1.29500e+03 9.4321217285e+04 7.0135503983e+00
1.29600e+03 9.4357250375e+04 6.8203107375e+00
1.29700e+03 9.4392886291e+04 1.7758799933e+00
1.29800e+03 9.4428101101e+04 2.3512905246e+01
1.29900e+03 9.4463469470e+04 6.5314815045e+00
1.30000e+03 9.4499095634e+04 6.1180234605e+00
1.30100e+03 9.4534570551e+04 6.2184541540e+00
1.30200e+03 9.4570159482e+04 6.1750022313e+00
1.30300e+03 9.4605548553e+04 2.0776783147e+01
1.30400e+03 9.4637546029e+04 1.3888673545e+01
1.30500e+03 9.4676868851e+04 2.6709274243e+01
1.30600e+03 9.4720467152e+04 8.0093712143e+00
1.30700e+03 9.4762879069e+04 7.0228448854e+00
1.30800e+03 9.4801796242e+04 3.3602262931e+01
1.30900e+03 9.4840702113e+04 6.1729241136e+01
1.31000e+03 9.4882718539e+04 1.9546425214e+01
1.31100e+03 9.4924781975e+04 2.6071337801e+01
1.31200e+03 9.4966606472e+04 2.5853338074e+01
1.31300e+03 9.5008577317e+04 1.8841953815e+01
1.31400e+03 9.5050340821e+04 1.8762118576e+01
1.31500e+03 9.5093033858e+04 2.1388308218e+01
1.31600e+03 9.5131320256e+04 5.3835382781e+01
1.31700e+03 9.5162534262e+04 2.9986036918e+01
1.31800e+03 9.5197300285e+04 6.9974811649e+00
1.31900e+03 9.5232258122e+04 4.7398652664e+00
1.32000e+03 9.5264031025e+04 3.5703547773e+01
1.32100e+03 9.5303165581e+04 2.5382089435e+01
1.32200e+03 9.5346609424e+04 4.9456668577e+01
1.32300e+03 9.5388904168e+04 1.2317333655e+01
1.32400e+03 9.5430771582e+04 2.4141532182e+01
1.32500e+03 9.5473533574e+04 4.9476167790e+01
1.32600e+03 9.5516542820e+04 2.0747887450e+01
1.32700e+03 9.5559378886e+04 2.0801212751e+01
1.32800e+03 9.5597659483e+04 2.9950249040e+01
1.32900e+03 9.5628862007e+04 1.7115424896e+01
1.33000e+03 9.5660556851e+04 1.7020250382e+01
1.33100e+03 9.5692328054e+04 5.6867889640e-01
1.33200e+03 9.5727313177e+04 2.2775588704e+01
1.33300e+03 9.5762395272e+04 3.4677128334e+01
1.33400e+03 9.5797305188e+04 4.9093652104e+00
1.33500e+03 9.5832412955e+04 7.7282985948e+00
1.33600e+03 9.5867826920e+04 1.8169702627e+01
1.33700e+03 9.5903094027e+04 5.0894675289e+00
1.33800e+03 9.5934988954e+04 7.6819404336e-01
1.33900e+03 9.5966931613e+04 2.7828724892e+01
1.34000e+03 9.6002054234e+04 5.2970826385e+00
1.34100e+03 9.6037250034e+04 5.2204793085e+00
1.34200e+03 9.6069196014e+04 2.7851948667e+01
1.34300e+03 9.6101188019e+04 5.3411309146e+00
1.34400e+03 9.6133299218e+04 5.5010088481e+00
1.34500e+03 9.6172664723e+04 7.0947839603e+01
1.34600e+03 9.6211601405e+04 5.4041865372e+01
1.34700e+03 9.6250442627e+04 1.2666949084e+01
1.34800e+03 9.6293867124e+04 1.8310168161e+01
1.34900e+03 9.6336986924e+04 4.4455424627e+01
1.35000e+03 9.6375482383e+04 1.2213059326e+01
1.35100e+03 9.6406840645e+04 6.3374270837e-01
1.35200e+03 9.6438666338e+04 1.4951451459e+01
1.35300e+03 9.6477830291e+04 1.2523576398e+01
1.35400e+03 9.6521303589e+04 2.1454991498e+01
1.35500e+03 9.6564423083e+04 2.1433230116e+01
1.35600e+03 9.6607577194e+04 2.1092609976e+01
1.35700e+03 9.6650513673e+04 2.0888502170e+01
1.35800e+03 9.6688875604e+04 1.2377524538e+01
1.35900e+03 9.6720140757e+04 1.3847632627e+01
1.36000e+03 9.6751889738e+04 1.2434340538e+01
1.36100e+03 9.6783708264e+04 1.2975279719e+01
1.36200e+03 9.6818733758e+04 6.8803732206e+01
1.36300e+03 9.6853882677e+04 7.7875593305e+00
1.36400e+03 9.6889318067e+04 5.3691205478e+00
1.36500e+03 9.6924598010e+04 6.8819070728e+01
1.36600e+03 9.6956503703e+04 1.5671219742e-01
1.36700e+03 9.6988456146e+04 4.2506197203e+01
1.36800e+03 9.7023587920e+04 5.1709319486e+00
1.36900e+03 9.7058829183e+04 5.4560943442e+00
1.37000e+03 9.7094340380e+04 1.2920230110e+01
1.37100e+03 9.7129678086e+04 5.2235243077e+00
1.37200e+03 9.7161632343e+04 4.0927225837e+01
1.37300e+03 9.7200916794e+04 5.3796392841e+01
1.37400e+03 9.7239804844e+04 5.4268716166e+01
1.37500e+03 9.7278614327e+04 1.2428731482e+01
1.37600e+03 9.7322014787e+04 1.3107564026e+01
1.37700e+03 9.7364319216e+04 6.9667230775e+00
1.37800e+03 9.7403167615e+04 3.2174378969e+01
1.37900e+03 9.7442024178e+04 3.7716898418e+01
1.38000e+03 9.7484005197e+04 1.9027301561e+01
1.38100e+03 9.7526822202e+04 3.3577508394e+01
1.38200e+03 9.7569871393e+04 2.0580577251e+01
1.38300e+03 9.7611966956e+04 2.5438150264e+01
1.38400e+03 9.7653714358e+04 2.5179095660e+01
1.38500e+03 9.7696389242e+04 2.0417875910e+01
1.38600e+03 9.7739338524e+04 2.0297547850e+01
1.38700e+03 9.7782134069e+04 2.0397910975e+01
1.38800e+03 9.7820386735e+04 2.4179862096e+01
1.38900e+03 9.7851572252e+04 1.0844128323e+01
1.39000e+03 9.7886309460e+04 2.2324153662e+01
1.39100e+03 9.7921242352e+04 3.3654332648e+01
1.39200e+03 9.7956054279e+04 4.3610489916e+00
1.39300e+03 9.7991068197e+04 4.4377142103e+00
1.39400e+03 9.8022886974e+04 1.6202606381e+01
1.39500e+03 9.8054781829e+04 2.7367854901e+01
1.39600e+03 9.8089871456e+04 4.7109768496e+00
1.39700e+03 9.8125075918e+04 7.5910827857e+00
1.39800e+03 9.8160558096e+04 2.1630016666e+01
1.39900e+03 9.8195875363e+04 5.0096146939e+00
1.40000e+03 9.8227812297e+04 2.7458643644e+01
1.40100e+03 9.8267080179e+04 6.3094790563e+01
1.40200e+03 9.8305955372e+04 5.1255278580e+01
1.40300e+03 9.8344754704e+04 1.2254764149e+01
1.40400e+03 9.8383471184e+04 1.2083797130e+01
1.40500e+03 9.8414955894e+04 4.2961215951e+00
1.40600e+03 9.8449920251e+04 4.8793346523e+00
1.40700e+03 9.8485036610e+04 4.6735474196e+00
1.40800e+03 9.8516940086e+04 2.4668032510e+01
1.40900e+03 9.8556197713e+04 1.2530008436e+01
1.41000e+03 9.8599750793e+04 1.7744380097e+01
1.41100e+03 9.8642936732e+04 5.4384891173e+01
1.41200e+03 9.8686148248e+04 2.8012365106e+01
1.41300e+03 9.8729135400e+04 2.0717174192e+01
1.41400e+03 9.8772215983e+04 2.0565523914e+01
1.41500e+03 9.8814331304e+04 2.0505503154e+01
1.41600e+03 9.8856096124e+04 6.0519723382e+01
1.41700e+03 9.8898020696e+04 4.6761913662e+01
1.41800e+03 9.8936701564e+04 1.9294869338e+01
1.41900e+03 9.8983465071e+04 4.8966799499e+01
1.42000e+03 9.9034490299e+04 2.6094408418e+01
1.42100e+03 9.9083576357e+04 7.1614858289e+00
1.42200e+03 9.9132220501e+04 3.2183411687e+01
1.42300e+03 9.9180984408e+04 3.1829077876e+01
1.42400e+03 9.9226455921e+04 5.5708478234e+01
1.42500e+03 9.9271971133e+04 1.1151538866e+02
1.42600e+03 9.9317556877e+04 2.9673128822e+01
1.42700e+03 9.9371864555e+04 3.3612484658e+01
1.42800e+03 9.9425698759e+04 1.1013190694e+02
1.42900e+03 9.9479369248e+04 4.1855353025e+01
1.43000e+03 9.9532938464e+04 4.1548509977e+01
1.43100e+03 9.9586448902e+04 4.1346909821e+01
1.43200e+03 9.9639905334e+04 4.1192779084e+01
1.43300e+03 9.9693330888e+04 4.1066702798e+01
1.43400e+03 9.9746719311e+04 4.0957626565e+01
1.43500e+03 9.9791421107e+04 2.4654492621e+01
1.43600e+03 9.9836568674e+04 1.2772649444e+02
1.43700e+03 9.9881792636e+04 1.2812093409e+02
1.43800e+03 9.9927132359e+04 2.4650135767e+01
1.43900e+03 9.9972461639e+04 2.4730802857e+01
1.44000e+03 1.0001786665e+05 2.4771362436e+01
1.44100e+03 1.0006323973e+05 2.4790391260e+01
1.44200e+03 1.0010867497e+05 2.4795830363e+01
1.44300e+03 1.0016282109e+05 4.1637229599e+01
1.44400e+03 1.0022117989e+05 4.6285145766e+01
1.44500e+03 1.0027684520e+05 2.3411119277e+02
1.44600e+03 1.0032901167e+05 6.7312244230e+00
1.44700e+03 1.0039068050e+05 7.5227146288e+00
1.44800e+03 1.0045654627e+05 2.4138405299e+02
1.44900e+03 1.0052192652e+05 3.5638789569e+02
1.45000e+03 1.0058263813e+05 8.1252846179e+01
1.45100e+03 1.0064333601e+05 1.2034282227e+02
1.45200e+03 1.0070869520e+05 6.4546505210e+01
1.45300e+03 1.0077373301e+05 6.4139521166e+01
1.45400e+03 1.0083418778e+05 9.5146764081e+01
1.45500e+03 1.0089468280e+05 6.4279100361e+01
1.45600e+03 1.0095519605e+05 6.4273301907e+01
1.45700e+03 1.0101570776e+05 5.4653200121e+01
1.45800e+03 1.0108089370e+05 6.3902133815e+01
1.45900e+03 1.0114577535e+05 6.3682068547e+01
1.46000e+03 1.0121076229e+05 6.3419391856e+01
1.46100e+03 1.0127259107e+05 1.2887953886e+01
1.46200e+03 1.0133409225e+05 4.7127822333e+02
1.46300e+03 1.0139580842e+05 2.3676006382e+02
1.46400e+03 1.0145731510e+05 5.6657010023e+01
1.46500e+03 1.0152195958e+05 6.3118808474e+01
1.46600e+03 1.0158217627e+05 5.4301989367e+01
1.46700e+03 1.0163311482e+05 3.3053401430e+02
1.46800e+03 1.0168456587e+05 3.2948806699e+02
1.46900e+03 1.0173614735e+05 3.6328487406e+01
1.47000e+03 1.0178786868e+05 3.6562433497e+01
1.47100e+03 1.0183961203e+05 3.6687750445e+01
1.47200e+03 1.0189143892e+05 3.6756623175e+01
1.47300e+03 1.0195270755e+05 7.3314615208e+01
1.47400e+03 1.0201819750e+05 6.3558692130e+01
1.47500e+03 1.0208323264e+05 6.3885793794e+01
1.47600e+03 1.0214830051e+05 6.3399825585e+01
1.47700e+03 1.0221016656e+05 1.6568153089e+02
1.47800e+03 1.0226862905e+05 6.6356079676e+00
1.47900e+03 1.0232717460e+05 5.0151026476e+01
1.48000e+03 1.0238884344e+05 1.6567801540e+02
1.48100e+03 1.0245061511e+05 5.6486657313e+01
1.48200e+03 1.0250907619e+05 5.0099456434e+01
1.48300e+03 1.0256761185e+05 5.0039477015e+01
1.48400e+03 1.0262926790e+05 5.6417376390e+01
1.48500e+03 1.0269395228e+05 6.2985660219e+01
1.48600e+03 1.0275884419e+05 1.5154398786e+02
1.48700e+03 1.0282349656e+05 1.5136043723e+02
1.48800e+03 1.0288361248e+05 2.8891925806e+02
1.48900e+03 1.0294380430e+05 2.7714719634e+02
1.49000e+03 1.0300404212e+05 6.1213210002e+01
1.49100e+03 1.0305495644e+05 4.8642327271e+01
1.49200e+03 1.0310636228e+05 1.0402552014e+02
1.49300e+03 1.0316730837e+05 5.4002589280e+01
1.49400e+03 1.0322787089e+05 5.4273294916e+01
1.49500e+03 1.0328831981e+05 5.3721851683e+01
1.49600e+03 1.0335339993e+05 6.2600016743e+01
1.49700e+03 1.0341523181e+05 1.0407899562e+02
1.49800e+03 1.0347363824e+05 1.1461729243e+02
1.49900e+03 1.0354229325e+05 8.2060961346e+00
1.50000e+03 1.0361516453e+05 4.9354262482e+01
1.50100e+03 1.0368755307e+05 1.1957849217e+02
1.50200e+03 1.0375997049e+05 7.7441950310e+01
1.50300e+03 1.0382844502e+05 1.2114532791e+02
1.50400e+03 1.0389351866e+05 1.4865110905e+01
1.50500e+03 1.0395868830e+05 1.9126605971e+02
1.50600e+03 1.0402391228e+05 6.2912902235e+01
1.50700e+03 1.0410004019e+05 8.9212373579e+01
1.50800e+03 1.0418034469e+05 5.1015455498e+01
1.50900e+03 1.0426012591e+05 1.3572162597e+02
1.51000e+03 1.0433525398e+05 1.6555473910e+02
1.51100e+03 1.0441034480e+05 8.2612605898e+01
1.51200e+03 1.0449012158e+05 9.1929811316e+01
1.51300e+03 1.0456519208e+05 8.4296203638e+01
1.51400e+03 1.0463685752e+05 1.1533205303e+02
1.51500e+03 1.0470863484e+05 1.8467439923e+02
1.51600e+03 1.0478351244e+05 3.3067818462e+02
1.51700e+03 1.0486287921e+05 9.1423431132e+01
1.51800e+03 1.0494242324e+05 9.1099261773e+01
1.51900e+03 1.0502167683e+05 9.0894989145e+01
1.52000e+03 1.0510107026e+05 9.0653492724e+01
1.52100e+03 1.0517587904e+05 1.1495499806e+02
1.52200e+03 1.0524733260e+05 7.5387243281e+01
1.52300e+03 1.0533052742e+05 2.4882763634e+02
1.52400e+03 1.0541794352e+05 8.0226637861e+00
1.52500e+03 1.0549976198e+05 8.2321541161e+01
1.52600e+03 1.0558116446e+05 1.9535850834e+02
1.52700e+03 1.0566277891e+05 9.4917334273e+01
1.52800e+03 1.0574107025e+05 1.7981745406e+02
1.52900e+03 1.0583180997e+05 1.5559538255e+01
1.53000e+03 1.0592671940e+05 1.0901328514e+02
1.53100e+03 1.0601524958e+05 9.1432022069e+01
1.53200e+03 1.0610029650e+05 2.2299561415e+01
1.53300e+03 1.0619851355e+05 1.1638159969e+02
1.53400e+03 1.0630087078e+05 9.8788396841e+01
1.53500e+03 1.0639608516e+05 2.8961452075e+01
1.53600e+03 1.0648780945e+05 1.2294259500e+02
1.53700e+03 1.0659343600e+05 1.0609910958e+02
1.53800e+03 1.0670318630e+05 3.6325550996e+01
1.53900e+03 1.0681230261e+05 3.7232330966e+02
1.54000e+03 1.0691676847e+05 5.9824878887e+02
1.54100e+03 1.0702111174e+05 1.4003511644e+02
1.54200e+03 1.0713015121e+05 1.4944712398e+02
1.54300e+03 1.0723155008e+05 1.2900414889e+02
1.54400e+03 1.0733261409e+05 3.8491499445e+02
1.54500e+03 1.0743397153e+05 1.5487543908e+02
1.54600e+03 1.0753200573e+05 2.5219799389e+02
1.54700e+03 1.0764469155e+05 5.2611059910e+01
1.54800e+03 1.0776151869e+05 1.4122542433e+02
1.54900e+03 1.0787771266e+05 2.9745953688e+02
1.55000e+03 1.0798928028e+05 1.9955528599e+02
1.55100e+03 1.0810072737e+05 1.5384849151e+02
1.55200e+03 1.0821221566e+05 1.5361532459e+02
1.55300e+03 1.0830922850e+05 6.7722771454e+02
1.55400e+03 1.0840675315e+05 2.0574355528e+02
1.55500e+03 1.0851896140e+05 1.5422286004e+02
1.55600e+03 1.0863538783e+05 1.6332361727e+02
1.55700e+03 1.0874331233e+05 3.0913380135e+02
1.55800e+03 1.0885085471e+05 4.4874078913e+02
1.55900e+03 1.0896663539e+05 1.6705142857e+02
1.56000e+03 1.0907789601e+05 1.5384096943e+02
1.56100e+03 1.0917472210e+05 3.5107637423e+02
1.56200e+03 1.0927207886e+05 2.7017782448e+02
1.56300e+03 1.0938411522e+05 1.5351525193e+02
1.56400e+03 1.0949569777e+05 1.5368366163e+02
1.56500e+03 1.0959266598e+05 1.2432445909e+02
1.56600e+03 1.0969314300e+05 1.4718672894e+01
1.56700e+03 1.0980112732e+05 2.9942075083e+02
1.56800e+03 1.0990932867e+05 4.5778062856e+02
1.56900e+03 1.1001720682e+05 1.4569513563e+02
1.57000e+03 1.1012061144e+05 7.8937553041e+01
1.57100e+03 1.1022402112e+05 2.9070459858e+02
1.57200e+03 1.1032754071e+05 2.0341337015e+02
1.57300e+03 1.1043101215e+05 1.3632903394e+02
1.57400e+03 1.1053923933e+05 1.4557525879e+02
1.57500e+03 1.1063995569e+05 2.6269950413e+02
1.57600e+03 1.1074038210e+05 4.4462016440e+02
1.57700e+03 1.1084832001e+05 1.4548944463e+02
1.57800e+03 1.1095646702e+05 1.4526379630e+02
1.57900e+03 1.1106428417e+05 1.4499777376e+02
1.58000e+03 1.1117229269e+05 1.4471427940e+02
1.58100e+03 1.1127287855e+05 3.3456665913e+02
1.58200e+03 1.1137016041e+05 4.6361635745e+02
1.58300e+03 1.1148209925e+05 3.0731789715e+02
1.58400e+03 1.1159356595e+05 4.5115040924e+02
1.58500e+03 1.1169041876e+05 4.6303733708e+02
1.58600e+03 1.1179077547e+05 2.9012703255e+02
1.58700e+03 1.1189144941e+05 2.8992498377e+02
1.58800e+03 1.1199189358e+05 1.2973987661e+02
1.58900e+03 1.1209981651e+05 2.9652408616e+02
1.59000e+03 1.1220793128e+05 2.9633382158e+02
1.59100e+03 1.1231570651e+05 1.4404104844e+02
1.59200e+03 1.1241899763e+05 8.1755928946e+00
1.59300e+03 1.1250872411e+05 2.8386514590e+02
1.59400e+03 1.1260206978e+05 3.0337364310e+02
1.59500e+03 1.1269578854e+05 4.2572523516e+02
1.59600e+03 1.1278628528e+05 3.9987934049e+02
1.59700e+03 1.1289067833e+05 2.8849169862e+02
1.59800e+03 1.1299929363e+05 2.5922489593e+02
1.59900e+03 1.1310736164e+05 2.5925844008e+02
1.60000e+03 1.1321551526e+05 1.4371014653e+02
1.60100e+03 1.1332332013e+05 1.4330329659e+02
1.60200e+03 1.1342663227e+05 2.8822424264e+02
1.60300e+03 1.1351637046e+05 3.0308197076e+02
1.60400e+03 1.1360667207e+05 3.0258376070e+02
1.60500e+03 1.1369722201e+05 1.0851064778e+02
1.60600e+03 1.1379093646e+05 4.0252796784e+02
1.60700e+03 1.1388487264e+05 4.0234285273e+02
1.60800e+03 1.1397550578e+05 1.0873366553e+02
1.60900e+03 1.1406630349e+05 2.9467431644e+02
1.61000e+03 1.1416020100e+05 1.1479173592e+02
1.61100e+03 1.1426072416e+05 7.2816998084e+00
1.61200e+03 1.1435674158e+05 5.0971662137e+02
1.61300e+03 1.1445271429e+05 6.3636643109e+02
1.61400e+03 1.1454875497e+05 1.1874197753e+02
1.61500e+03 1.1464474166e+05 1.1863721145e+02
1.61600e+03 1.1474078842e+05 1.1852464910e+02
1.61700e+03 1.1482393309e+05 1.0702390561e+02
1.61800e+03 1.1490760501e+05 5.2465571507e+02
1.61900e+03 1.1500444000e+05 1.1925441765e+02
1.62000e+03 1.1510553510e+05 2.5071016311e+02
1.62100e+03 1.1520612910e+05 4.7935485641e+02
1.62200e+03 1.1530215207e+05 1.1911137536e+02
1.62300e+03 1.1538529907e+05 2.2365483904e+02
1.62400e+03 1.1546898441e+05 1.1914858185e+02
1.62500e+03 1.1555289317e+05 1.1979119471e+02
1.62600e+03 1.1563691343e+05 9.3981931616e+01
1.62700e+03 1.1572102574e+05 9.4091488902e+01
1.62800e+03 1.1580824197e+05 3.5031111971e+02
1.62900e+03 1.1589562731e+05 5.4469600645e+02
1.63000e+03 1.1598274668e+05 1.8706205596e+02
1.63100e+03 1.1607584343e+05 1.1149501647e+02
1.63200e+03 1.1616914187e+05 5.3635464828e+02
1.63300e+03 1.1625645145e+05 1.0019014339e+02
1.63400e+03 1.1634346667e+05 9.9985806657e+01
1.63500e+03 1.1643078055e+05 9.9890120125e+01
1.63600e+03 1.1651787663e+05 9.9871087800e+01
1.63700e+03 1.1661097170e+05 1.8799978065e+02
1.63800e+03 1.1670428011e+05 1.9989016046e+02
1.63900e+03 1.1679160371e+05 9.9780930655e+01
1.64000e+03 1.1687863608e+05 9.9617451068e+01
1.64100e+03 1.1697169019e+05 1.9964930666e+02
1.64200e+03 1.1706030810e+05 1.8023934864e+02
1.64300e+03 1.1714893233e+05 4.9847325164e+02
1.64400e+03 1.1724230916e+05 1.1167426691e+02
1.64500e+03 1.1733536016e+05 1.1155948597e+02
1.64600e+03 1.1742857522e+05 1.1128615879e+02
1.64700e+03 1.1751584045e+05 9.9459469466e+01
1.64800e+03 1.1759978230e+05 4.0424935697e+02
1.64900e+03 1.1768391947e+05 4.0386997315e+02
1.65000e+03 1.1777118906e+05 1.2360984505e+02
1.65100e+03 1.1785863765e+05 1.2366959872e+02
1.65200e+03 1.1794582253e+05 9.9448589677e+01
1.65300e+03 1.1803326176e+05 9.9339781491e+01
1.65400e+03 1.1812045437e+05 9.9248178104e+01
1.65500e+03 1.1821363682e+05 1.1130632689e+02
1.65600e+03 1.1830235246e+05 4.0356383632e+02
1.65700e+03 1.1839105516e+05 2.2281592552e+02
1.65800e+03 1.1848449797e+05 1.9900150014e+02
1.65900e+03 1.1857190446e+05 9.9116190222e+01
1.66000e+03 1.1865900432e+05 9.8924324818e+01
1.66100e+03 1.1874639455e+05 9.8809132119e+01
1.66200e+03 1.1883355925e+05 9.8775166828e+01
1.66300e+03 1.1892672562e+05 1.9878641738e+02
1.66400e+03 1.1902010087e+05 1.9765983274e+02
1.66500e+03 1.1910748105e+05 9.8666338703e+01
1.66600e+03 1.1919456845e+05 9.8490372944e+01
1.66700e+03 1.1928195348e+05 9.8396744078e+01
1.66800e+03 1.1936911870e+05 9.8376157964e+01
1.66900e+03 1.1945655694e+05 9.8330990939e+01
1.67000e+03 1.1954070281e+05 2.2279712614e+02
1.67100e+03 1.1962500019e+05 7.1191164573e+02
1.67200e+03 1.1970934457e+05 5.8194087760e+02
1.67300e+03 1.1980673156e+05 4.0494895967e+02
1.67400e+03 1.1990827265e+05 3.0326452847e+02
1.67500e+03 1.2000923863e+05 5.0822304165e+02
1.67600e+03 1.2010558247e+05 7.1882793609e+02
1.67700e+03 1.2020185449e+05 3.0184629949e+02
1.67800e+03 1.2030284238e+05 1.2534443698e+02
1.67900e+03 1.2039701870e+05 9.8919912815e+01
1.68000e+03 1.2049087544e+05 2.3082182926e+02
1.68100e+03 1.2058502559e+05 1.3838300214e+02
1.68200e+03 1.2067892889e+05 1.1121452535e+02
1.68300e+03 1.2077310417e+05 1.1112843350e+02
1.68400e+03 1.2086702199e+05 1.1103183235e+02
1.68500e+03 1.2096120561e+05 1.1092914901e+02
1.68600e+03 1.2105512585e+05 1.1082063005e+02
1.68700e+03 1.2114930995e+05 1.1071028504e+02
1.68800e+03 1.2124017707e+05 1.3086884058e+02
1.68900e+03 1.2133118988e+05 5.7004036204e+02
1.69000e+03 1.2142528409e+05 1.1077354771e+02
1.69100e+03 1.2151954057e+05 1.1073515325e+02
1.69200e+03 1.2161349951e+05 1.1048915316e+02
1.69300e+03 1.2171416731e+05 1.2492091311e+02
1.69400e+03 1.2181500849e+05 5.5408077848e+02
1.69500e+03 1.2190908707e+05 1.1020076235e+02
1.69600e+03 1.2199981027e+05 4.4498030158e+02
1.69700e+03 1.2210442587e+05 6.8708936799e+02
1.69800e+03 1.2221323830e+05 1.1806181563e+02
1.69900e+03 1.2232147782e+05 6.7904217310e+02
1.70000e+03 1.2242511070e+05 8.1803742084e+02
1.70100e+03 1.2251507578e+05 2.1999370462e+02
1.70200e+03 1.2260861312e+05 2.4851002863e+02
1.70300e+03 1.2270248822e+05 2.4805804904e+02
1.70400e+03 1.2279616302e+05 1.0910637625e+02
1.70500e+03 1.2289014214e+05 1.0910128508e+02
1.70600e+03 1.2298083385e+05 2.4124656136e+02
1.70700e+03 1.2307169247e+05 3.5815233680e+02
1.70800e+03 1.2316564713e+05 1.0927204004e+02
1.70900e+03 1.2325977674e+05 1.0931326551e+02
1.71000e+03 1.2335056499e+05 3.3638637900e+02
1.71100e+03 1.2344149293e+05 1.0923207857e+02
1.71200e+03 1.2353244331e+05 1.0928497759e+02
1.71300e+03 1.2363715738e+05 1.3024541810e+02
1.71400e+03 1.2374132646e+05 4.4594888165e+02
1.71500e+03 1.2384518611e+05 4.4464852320e+02
1.71600e+03 1.2395366473e+05 4.6567230535e+02
1.71700e+03 1.2406169021e+05 4.6499259279e+02
1.71800e+03 1.2416983070e+05 1.3702442658e+02
1.71900e+03 1.2427763078e+05 1.3666200405e+02
1.72000e+03 1.2438093817e+05 1.2804467184e+02
1.72100e+03 1.2448423148e+05 1.4382156593e+02
1.72200e+03 1.2458761972e+05 1.4375859078e+02
1.72300e+03 1.2469094614e+05 1.2717665931e+02
1.72400e+03 1.2479901627e+05 1.3645497530e+02
1.72500e+03 1.2489958248e+05 1.0933480362e+02
1.72600e+03 1.2499680380e+05 4.0590452575e+02
1.72700e+03 1.2510864743e+05 1.7692182398e+01
1.72800e+03 1.2522000258e+05 1.5269088823e+02
1.72900e+03 1.2531674374e+05 5.1421004448e+02
1.73000e+03 1.2541392833e+05 1.1402551858e+02
1.73100e+03 1.2552571761e+05 1.4330887024e+02
1.73200e+03 1.2563702662e+05 1.4311942250e+02
1.73300e+03 1.2573373048e+05 1.1387419099e+02
1.73400e+03 1.2583393204e+05 3.8933875118e+02
1.73500e+03 1.2594160066e+05 4.2252659536e+02
1.73600e+03 1.2604948024e+05 4.2191351317e+02
1.73700e+03 1.2614991502e+05 5.1927867894e+02
1.73800e+03 1.2624702404e+05 1.1368474209e+02
1.73900e+03 1.2634435445e+05 1.1419761306e+02
1.74000e+03 1.2644479579e+05 4.2234385279e+02
1.74100e+03 1.2655259906e+05 1.3528671072e+02
1.74200e+03 1.2665588711e+05 1.7304496041e+02
1.74300e+03 1.2675910678e+05 3.0727861275e+02
1.74400e+03 1.2686707302e+05 1.3523809922e+02
1.74500e+03 1.2697467095e+05 1.3489752150e+02
1.74600e+03 1.2708243963e+05 1.3456505966e+02
1.74700e+03 1.2718991136e+05 1.3430429520e+02
1.74800e+03 1.2729759132e+05 1.3408126439e+02
1.74900e+03 1.2739789018e+05 1.8842668669e+02
1.75000e+03 1.2749489043e+05 2.3988005483e+02
1.75100e+03 1.2760652067e+05 3.7417126441e+02
1.75200e+03 1.2772236079e+05 8.1601609998e+00
1.75300e+03 1.2782975670e+05 1.7174567745e+02
1.75400e+03 1.2793372195e+05 3.8076209742e+02
1.75500e+03 1.2803786356e+05 6.2683270135e+02
1.75600e+03 1.2814506450e+05 4.1084363294e+02
1.75700e+03 1.2826034410e+05 1.4990705824e+02
1.75800e+03 1.2837574312e+05 1.4931606040e+02
1.75900e+03 1.2849073866e+05 1.4888267756e+02
1.76000e+03 1.2860123115e+05 6.3341031469e+02
1.76100e+03 1.2869742411e+05 7.9486459233e+00
1.76200e+03 1.2879418094e+05 1.1135424939e+02
1.76300e+03 1.2890557584e+05 2.6678086558e+02
1.76400e+03 1.2901654060e+05 1.4048298471e+02
1.76500e+03 1.2912725664e+05 1.3966365139e+02
1.76600e+03 1.2923797527e+05 1.3927785435e+02
1.76700e+03 1.2933428731e+05 1.1136198334e+02
1.76800e+03 1.2943416591e+05 2.9116860468e+02
1.76900e+03 1.2953439836e+05 5.2949812888e+02
1.77000e+03 1.2963442880e+05 1.1835058916e+02
1.77100e+03 1.2973478022e+05 1.1835121433e+02
1.77200e+03 1.2983489618e+05 1.1831838548e+02
1.77300e+03 1.2993531276e+05 1.1826522100e+02
1.77400e+03 1.3003242851e+05 2.8783432969e+02
1.77500e+03 1.3012972068e+05 2.8852661896e+02
1.77600e+03 1.3023009739e+05 1.1840770532e+02
1.77700e+03 1.3033065941e+05 1.1843473825e+02
1.77800e+03 1.3043092775e+05 1.1820792710e+02
1.77900e+03 1.3053861577e+05 3.8187103460e+02
1.78000e+03 1.3064647397e+05 6.1408784009e+02
1.78100e+03 1.3075397919e+05 2.2411240447e+02
1.78200e+03 1.3085699050e+05 1.0430598590e+02
1.78300e+03 1.3094645942e+05 2.2247895120e+02
1.78400e+03 1.3103649519e+05 3.2718978890e+02
1.78500e+03 1.3112678248e+05 9.7378771129e+01
1.78600e+03 1.3121718532e+05 9.7648470053e+01
1.78700e+03 1.3132136186e+05 3.5689427661e+02
1.78800e+03 1.3142504535e+05 3.2021004939e+02
1.78900e+03 1.3151488715e+05 9.7105332448e+01
1.79000e+03 1.3160822655e+05 1.2555364666e+02
1.79100e+03 1.3170827452e+05 1.9233906889e+02
1.79200e+03 1.3180388386e+05 8.8934072961e+01
1.79300e+03 1.3189948871e+05 2.8006976404e+02
1.79400e+03 1.3199986037e+05 3.1714278015e+02
1.79500e+03 1.3209990298e+05 1.1702395229e+02
1.79600e+03 1.3220012612e+05 1.1675840107e+02
1.79700e+03 1.3230008240e+05 1.1655531462e+02
1.79800e+03 1.3240025079e+05 1.1638401763e+02
1.79900e+03 1.3249379722e+05 3.0518535603e+02
1.80000e+03 1.3258709414e+05 4.2544994102e+02
1.80100e+03 1.3268073063e+05 3.5643142344e+02
1.80200e+03 1.3277110474e+05 2.0474716783e+02
1.80300e+03 1.3287533072e+05 2.6971459099e+02
1.80400e+03 1.3297907833e+05 3.8535083152e+02
1.80500e+03 1.3308255842e+05 1.2312612789e+02
1.80600e+03 1.3319068356e+05 1.1093689434e+02
1.80700e+03 1.3329837757e+05 2.4787739107e+02
1.80800e+03 1.3340153513e+05 1.2241294780e+02
1.80900e+03 1.3350465543e+05 1.2193074066e+02
1.81000e+03 1.3361253208e+05 1.4440087591e+02
1.81100e+03 1.3371292879e+05 6.7602190619e+00
1.81200e+03 1.3381303057e+05 2.5443437384e+02
1.81300e+03 1.3392060094e+05 1.3108676670e+02
1.81400e+03 1.3402837571e+05 1.3085379629e+02
1.81500e+03 1.3412871048e+05 2.5411799769e+02
1.81600e+03 1.3422571603e+05 5.2088812876e+02
1.81700e+03 1.3433733100e+05 1.4813750145e+02
1.81800e+03 1.3445314159e+05 8.0358122618e+00
1.81900e+03 1.3456836483e+05 1.4640359549e+02
1.82000e+03 1.3468366602e+05 1.4574780267e+02
1.82100e+03 1.3479858779e+05 1.4530057093e+02
1.82200e+03 1.3490901657e+05 2.7706940431e+02
1.82300e+03 1.3500515570e+05 7.3120698294e+02
1.82400e+03 1.3510185937e+05 1.4768748992e+02
1.82500e+03 1.3519882618e+05 1.4836748193e+02
1.82600e+03 1.3529589421e+05 1.0904552148e+02
1.82700e+03 1.3540746690e+05 1.5358754127e+02
1.82800e+03 1.3552320429e+05 1.4559147200e+02
1.82900e+03 1.3563049017e+05 3.7781574989e+02
1.83000e+03 1.3573433706e+05 5.1531645496e+01
1.83100e+03 1.3585348966e+05 1.5302580132e+02
1.83200e+03 1.3597678491e+05 7.8595628043e+01
1.83300e+03 1.3609943958e+05 2.3169582527e+02
1.83400e+03 1.3622215218e+05 1.5984370145e+02
1.83500e+03 1.3634445229e+05 1.5932929921e+02
1.83600e+03 1.3646691883e+05 1.5892391136e+02
1.83700e+03 1.3658903643e+05 1.5858247002e+02
1.83800e+03 1.3670669248e+05 3.1353398954e+02
1.83900e+03 1.3680934819e+05 1.6610549684e+02
1.84000e+03 1.3691563226e+05 9.7760842497e+02
1.84100e+03 1.3702231982e+05 6.0516785031e+02
1.84200e+03 1.3712881774e+05 1.2675632258e+02
1.84300e+03 1.3723566058e+05 1.2678484690e+02
1.84400e+03 1.3734226561e+05 1.2676517171e+02
1.84500e+03 1.3745703851e+05 7.3447027488e+00
1.84600e+03 1.3757199846e+05 4.0411783259e+02
1.84700e+03 1.3768660054e+05 4.0354290197e+02
1.84800e+03 1.3780139891e+05 1.4243988955e+02
1.84900e+03 1.3790809609e+05 1.2649275071e+02
1.85000e+03 1.3801454468e+05 1.4244502944e+02
1.85100e+03 1.3812136268e+05 1.4242340065e+02
1.85200e+03 1.3822490072e+05 1.5256392805e+02
1.85300e+03 1.3832864420e+05 9.5094439047e+02
1.85400e+03 1.3843547276e+05 1.2642573095e+02
1.85500e+03 1.3854250339e+05 1.2651193866e+02
1.85600e+03 1.3864923373e+05 1.2628720446e+02
1.85700e+03 1.3876410503e+05 1.4256666474e+02
1.85800e+03 1.3887913763e+05 2.5266542419e+02
1.85900e+03 1.3898598166e+05 1.2597432460e+02
1.86000e+03 1.3908948865e+05 9.1827622265e+02
1.86100e+03 1.3919322450e+05 2.5245258206e+02
1.86200e+03 1.3929700310e+05 2.5247174084e+02
1.86300e+03 1.3941599411e+05 1.1952282041e+03
1.86400e+03 1.3953443368e+05 1.1948164949e+03
1.86500e+03 1.3965253186e+05 1.4863330857e+02
1.86600e+03 1.3977058967e+05 1.4810292018e+02
1.86700e+03 1.3987347466e+05 1.1882088361e+02
1.86800e+03 1.3997991016e+05 1.2555351169e+02
1.86900e+03 1.4008670061e+05 1.2537436667e+02
1.87000e+03 1.4019326815e+05 1.2538103738e+02
1.87100e+03 1.4030800736e+05 5.4976161807e+02
1.87200e+03 1.4041826587e+05 7.7992994409e+00
1.87300e+03 1.4052845950e+05 1.3225875766e+02
1.87400e+03 1.4063874344e+05 1.3215193224e+02
1.87500e+03 1.4073471090e+05 1.2409434177e+02
1.87600e+03 1.4083122667e+05 2.9687392145e+02
1.87700e+03 1.4094234994e+05 1.3294942531e+02
1.87800e+03 1.4105304418e+05 1.3322677188e+02
1.87900e+03 1.4114923195e+05 1.6578548475e+02
1.88000e+03 1.4124589903e+05 1.3296778466e+02
1.88100e+03 1.4135714555e+05 1.3321679438e+02
1.88200e+03 1.4147261173e+05 4.3963833768e+02
1.88300e+03 1.4157968131e+05 4.2393478499e+02
1.88400e+03 1.4168333053e+05 1.4006570757e+02
1.88500e+03 1.4180227842e+05 7.7013763165e+00
1.88600e+03 1.4192538213e+05 2.4304096751e+02
1.88700e+03 1.4204785718e+05 3.9225151663e+02
1.88800e+03 1.4217039844e+05 1.5589338174e+02
1.88900e+03 1.4229253535e+05 1.5539934335e+02
1.89000e+03 1.4241017837e+05 1.4772603522e+02
1.89100e+03 1.4251280400e+05 2.7919832186e+02
1.89200e+03 1.4261904641e+05 7.3488548862e+02
1.89300e+03 1.4273351031e+05 7.6730062906e+00
1.89400e+03 1.4284355617e+05 1.0188349249e+02
1.89500e+03 1.4293935493e+05 2.8899810479e+02
1.89600e+03 1.4303573591e+05 3.9861520802e+02
1.89700e+03 1.4313239759e+05 1.0325453634e+02
1.89800e+03 1.4322917918e+05 1.0355188734e+02
1.89900e+03 1.4332609121e+05 1.0369868086e+02
1.90000e+03 1.4342609940e+05 1.3899544021e+01
1.90100e+03 1.4352630841e+05 6.3472999236e+02
1.90200e+03 1.4362318969e+05 1.0369466775e+02
1.90300e+03 1.4373461451e+05 2.7540826654e+02
1.90400e+03 1.4384553101e+05 4.9632601028e+02
1.90500e+03 1.4395614835e+05 4.6145077717e+02
1.90600e+03 1.4407141270e+05 4.7036252412e+02
1.90700e+03 1.4418622486e+05 4.7024042486e+02
1.90800e+03 1.4429650754e+05 1.3055233506e+02
1.90900e+03 1.4440673969e+05 1.3003659624e+02
1.91000e+03 1.4451706230e+05 1.2994649046e+02
1.91100e+03 1.4462730509e+05 1.2982718418e+02
1.91200e+03 1.4474229647e+05 1.3943639029e+02
1.91300e+03 1.4484909217e+05 1.1017766031e+02
1.91400e+03 1.4495559929e+05 4.7626910838e+02
1.91500e+03 1.4506245228e+05 1.5253356941e+02
1.91600e+03 1.4516600918e+05 3.9746569921e+02
1.91700e+03 1.4526976099e+05 5.0749898543e+02
1.91800e+03 1.4537659082e+05 1.2306187079e+02
1.91900e+03 1.4549147615e+05 2.5267759853e+02
1.92000e+03 1.4560649718e+05 2.5245456921e+02
1.92100e+03 1.4572113017e+05 1.3864229529e+02
1.92200e+03 1.4583594000e+05 1.3829245543e+02
1.92300e+03 1.4595043407e+05 1.3801524700e+02
1.92400e+03 1.4606514351e+05 1.3777684558e+02
1.92500e+03 1.4617956115e+05 1.3756264078e+02
1.92600e+03 1.4629420917e+05 1.3736365477e+02
1.92700e+03 1.4640857615e+05 1.3717562174e+02
1.92800e+03 1.4651851408e+05 2.4551409292e+02
1.92900e+03 1.4662846806e+05 5.5162535079e+02
1.93000e+03 1.4673855631e+05 4.3502263540e+02
1.93100e+03 1.4683437516e+05 7.9329561373e+00
1.93200e+03 1.4693076006e+05 5.4390172436e+02
1.93300e+03 1.4702741644e+05 5.4419535367e+02
1.93400e+03 1.4712418593e+05 1.0123842114e+02
1.93500e+03 1.4722108128e+05 1.0137615088e+02
1.93600e+03 1.4731801586e+05 1.0143985406e+02
1.93700e+03 1.4742940672e+05 1.2937890604e+02
1.93800e+03 1.4754026812e+05 2.0290174834e+02
1.93900e+03 1.4765082396e+05 2.0186383043e+02
1.94000e+03 1.4776134589e+05 1.2844341734e+02
1.94100e+03 1.4785746053e+05 1.0055770513e+02
1.94200e+03 1.4795712885e+05 6.7336866001e+02
1.94300e+03 1.4805714231e+05 9.8358585598e+02
1.94400e+03 1.4815694755e+05 3.0220901093e+02
1.94500e+03 1.4825707021e+05 1.0722471004e+02
1.94600e+03 1.4835390185e+05 1.2867995956e+02
1.94700e+03 1.4846528990e+05 1.2914718725e+02
1.94800e+03 1.4858085703e+05 5.4714712935e+02
1.94900e+03 1.4869583001e+05 5.4720599186e+02
1.95000e+03 1.4881087860e+05 1.3695066697e+02
1.95100e+03 1.4892554920e+05 1.3651133375e+02
1.95200e+03 1.4903572832e+05 1.2867523939e+02
1.95300e+03 1.4914587837e+05 2.2321983909e+02
1.95400e+03 1.4926080835e+05 1.3625621828e+02
1.95500e+03 1.4936756163e+05 2.8066388929e+01
1.95600e+03 1.4947403060e+05 3.8762524140e+02
1.95700e+03 1.4958869020e+05 1.3610896599e+02
1.95800e+03 1.4970355238e+05 1.3590504936e+02
1.95900e+03 1.4981026393e+05 3.6576011689e+02
1.96000e+03 1.4991365219e+05 3.5857128515e+02
1.96100e+03 1.5001727843e+05 5.0186472966e+02
1.96200e+03 1.5012400605e+05 1.3623151330e+02
1.96300e+03 1.5023094407e+05 1.3632175712e+02
1.96400e+03 1.5033453662e+05 1.2122673399e+02
1.96500e+03 1.5043829959e+05 1.3623202239e+02
1.96600e+03 1.5054207456e+05 1.3627821225e+02
1.96700e+03 1.5064592340e+05 1.1364888452e+02
1.96800e+03 1.5074974969e+05 1.1358656346e+02
1.96900e+03 1.5085363467e+05 1.1350911427e+02
1.97000e+03 1.5095748820e+05 1.1342284111e+02
1.97100e+03 1.5106139466e+05 1.1333090085e+02
1.97200e+03 1.5116832048e+05 1.1999942336e+02
1.97300e+03 1.5128327413e+05 1.3606319643e+02
1.97400e+03 1.5139833997e+05 1.3613079932e+02
1.97500e+03 1.5151300077e+05 1.3570180805e+02
1.97600e+03 1.5162315757e+05 8.2024095738e+02
1.97700e+03 1.5171904951e+05 8.0145251724e+00
1.97800e+03 1.5181550738e+05 9.7815399852e+01
1.97900e+03 1.5192657370e+05 7.2442570705e+02
1.98000e+03 1.5204188971e+05 1.3581628033e+02
1.98100e+03 1.5215666175e+05 3.1573690087e+02
1.98200e+03 1.5227154259e+05 3.1498598724e+02
1.98300e+03 1.5238607434e+05 1.3448552588e+02
1.98400e+03 1.5249613288e+05 1.2633635155e+02
1.98500e+03 1.5259195446e+05 9.7647230452e+01
1.98600e+03 1.5269140278e+05 5.9398672576e+02
1.98700e+03 1.5279832531e+05 7.6092266856e+00
1.98800e+03 1.5290084829e+05 7.5355543924e+00
1.98900e+03 1.5300337977e+05 1.2619097251e+02
1.99000e+03 1.5311070783e+05 1.1919663785e+02
1.99100e+03 1.5321064145e+05 7.0626775579e+02
1.99200e+03 1.5331030745e+05 1.0431494504e+02
1.99300e+03 1.5341742012e+05 1.1926758470e+02
1.99400e+03 1.5352475977e+05 1.1915991247e+02
1.99500e+03 1.5363178757e+05 1.1895587921e+02
1.99600e+03 1.5373901987e+05 1.1872958455e+02
1.99700e+03 1.5384598109e+05 1.1854426989e+02
1.99800e+03 1.5394850119e+05 1.2606189999e+02
1.99900e+03 1.5405105124e+05 3.5674762246e+02
2.00000e+03 1.5415840396e+05 1.1854613414e+02
