0.00000e+00 0.0000000000e+00 0.0000000000e+00
1.00000e+00 8.5441524670e+00 8.5441524670e+00
2.00000e+00 1.6806804563e+01 8.2626520964e+00
3.00000e+00 2.4938793426e+01 1.6386378307e+01
4.00000e+00 3.3191397478e+01 1.6359943884e+01
5.00000e+00 4.1324217655e+01 1.6344415255e+01
6.00000e+00 4.9935921862e+01 1.7147312521e+01
7.00000e+00 5.8241816608e+01 8.3058947458e+00
8.00000e+00 6.6389860975e+01 1.6683652682e+01
9.00000e+00 7.4559436038e+01 1.6530649346e+01
1.00000e+01 8.2658226151e+01 1.6226844979e+01
1.10000e+01 9.1180339445e+01 2.4575934212e+01
1.20000e+01 9.9721472047e+01 2.4480786673e+01
1.30000e+01 1.0802150298e+02 1.6341074008e+01
1.40000e+01 1.1616701718e+02 1.6371457016e+01
1.50000e+01 1.2469445488e+02 1.6993822115e+01
1.60000e+01 1.3293502218e+02 1.6316034089e+01
1.70000e+01 1.4105920404e+02 1.6979859398e+01
1.80000e+01 1.4931086496e+02 1.6973973149e+01
1.90000e+01 1.5633902468e+02 5.6260832443e+01
2.00000e+01 1.6324564313e+02 6.3111190066e+01
2.10000e+01 1.7024289290e+02 1.3784496199e+01
2.20000e+01 1.7717898985e+02 1.3800190202e+01
2.30000e+01 1.8420425892e+02 1.3814409316e+01
2.40000e+01 1.9116280858e+02 1.3823047612e+01
2.50000e+01 1.9941082572e+02 1.6392054790e+01
2.60000e+01 2.0777933754e+02 3.4231786823e+01
2.70000e+01 2.1486914252e+02 1.3873760474e+01
2.80000e+01 2.2220296659e+02 8.1156642809e+00
2.90000e+01 2.2991807745e+02 4.9653447712e+01
3.00000e+01 2.3734201739e+02 1.2915314833e+01
3.10000e+01 2.4362346613e+02 8.0835624072e-01
3.20000e+01 2.5017681486e+02 4.8823318926e+01
3.30000e+01 2.5681165940e+02 7.1571943389e+01
3.40000e+01 2.6342096016e+02 1.3025174800e+01
3.50000e+01 2.7009057814e+02 1.3046923058e+01
3.60000e+01 2.7672662211e+02 1.3060619356e+01
3.70000e+01 2.8341754517e+02 1.3068863821e+01
3.80000e+01 2.8970896753e+02 1.2385211530e+01
3.90000e+01 2.9605008265e+02 4.1590398236e+01
4.00000e+01 3.0270492102e+02 1.3074589351e+01
4.10000e+01 3.0942582413e+02 1.3091494806e+01
4.20000e+01 3.1610582625e+02 1.3103567061e+01
4.30000e+01 3.2283697492e+02 1.3100709058e+01
4.40000e+01 3.2952633773e+02 1.3096969042e+01
4.50000e+01 3.3649345497e+02 1.2154405904e+01
4.60000e+01 3.4316416873e+02 3.9988033771e+01
4.70000e+01 3.4974011867e+02 8.5375933095e+01
4.80000e+01 3.5643618680e+02 1.2975491691e+01
4.90000e+01 3.6303026090e+02 1.2980640358e+01
5.00000e+01 3.7009006999e+02 1.3032420458e+02
5.10000e+01 3.7698596440e+02 1.3248617813e+01
5.20000e+01 3.8375563506e+02 1.3315677042e+01
5.30000e+01 3.9076538564e+02 6.6868339633e+01
5.40000e+01 3.9746781237e+02 1.2974018320e+01
5.50000e+01 4.0407099790e+02 1.3924255799e+01
5.60000e+01 4.1113716955e+02 1.3725179811e+01
5.70000e+01 4.1804377442e+02 1.3313071832e+01
5.80000e+01 4.2446495745e+02 8.1506697086e+01
5.90000e+01 4.3200504667e+02 1.4648358320e+01
6.00000e+01 4.3965554863e+02 2.9492116728e+01
6.10000e+01 4.4609830741e+02 5.2639855355e+01
6.20000e+01 4.5241617834e+02 1.4530397863e+01
6.30000e+01 4.5880979089e+02 1.4195794386e+01
6.40000e+01 4.6551597102e+02 1.3236268229e+01
6.50000e+01 4.7253254582e+02 2.8515348780e+01
6.60000e+01 4.7924291482e+02 1.1366842597e+01
6.70000e+01 4.8585564750e+02 2.5225189131e+01
6.80000e+01 4.9293268021e+02 2.8497694489e+01
6.90000e+01 4.9984886373e+02 1.4254519274e+01
7.00000e+01 5.0628054415e+02 2.5313773422e+01
7.10000e+01 5.1383380623e+02 3.2571805302e+00
7.20000e+01 5.2149760648e+02 1.7100342980e+01
7.30000e+01 5.2795176293e+02 2.5349003563e+01
7.40000e+01 5.3428086217e+02 1.2328084996e+01
7.50000e+01 5.4181122950e+02 1.4743696753e+01
7.60000e+01 5.4980961857e+02 9.2135636417e-01
7.70000e+01 5.5753135595e+02 3.8409770413e+01
7.80000e+01 5.6473895264e+02 6.4307076854e+00
7.90000e+01 5.7194907324e+02 1.9495998034e+01
8.00000e+01 5.7944085696e+02 5.3397228987e+01
8.10000e+01 5.8698861090e+02 1.4543723094e+01
8.20000e+01 5.9411364672e+02 1.3841730938e+01
8.30000e+01 6.0128482615e+02 1.3788948031e+01
8.40000e+01 6.0875227763e+02 1.4504847131e+01
8.50000e+01 6.1628356444e+02 1.4473875154e+01
8.60000e+01 6.2375851529e+02 1.4466900656e+01
8.70000e+01 6.3159427847e+02 2.9257906761e+01
8.80000e+01 6.3944072909e+02 6.5777744866e+01
8.90000e+01 6.4731042547e+02 5.1899743828e+01
9.00000e+01 6.5488603994e+02 4.2340218162e+01
9.10000e+01 6.6233013970e+02 5.1779543047e+01
9.20000e+01 6.7023570545e+02 1.5205924757e+01
9.30000e+01 6.7790331595e+02 1.4588757447e+01
9.40000e+01 6.8506634422e+02 3.7841464145e+01
9.50000e+01 6.9223776469e+02 3.7803863724e+01
9.60000e+01 6.9931949005e+02 1.3656444327e+01
9.70000e+01 7.0647429093e+02 1.3626168295e+01
9.80000e+01 7.1392673681e+02 1.5124304647e+01
9.90000e+01 7.2144430866e+02 2.7888055523e+01
1.00000e+02 7.2854446641e+02 1.3630974521e+01
1.01000e+02 7.3569461444e+02 1.3612690696e+01
1.02000e+02 7.4276664137e+02 1.3570947183e+01
1.03000e+02 7.4991755962e+02 1.3558146456e+01
1.04000e+02 7.5699082367e+02 1.3545825439e+01
1.05000e+02 7.6414381797e+02 1.3534355653e+01
1.06000e+02 7.7159714451e+02 2.7288407199e+01
1.07000e+02 7.7911716959e+02 4.0709452629e+01
1.08000e+02 7.8621999112e+02 1.3550378764e+01
1.09000e+02 7.9457786712e+02 1.6104495074e+01
1.10000e+02 8.0340302613e+02 6.8875862967e+01
1.11000e+02 8.1216417552e+02 8.4889158947e+01
1.12000e+02 8.2061230718e+02 9.2915606786e+01
1.13000e+02 8.2779749305e+02 1.3569019961e+01
1.14000e+02 8.3520750756e+02 5.7473431221e+01
1.15000e+02 8.4268461369e+02 3.0998244402e+01
1.16000e+02 8.4975203544e+02 1.3520051169e+01
1.17000e+02 8.5806942114e+02 6.8766496805e+01
1.18000e+02 8.6686150404e+02 3.0934170045e+01
1.19000e+02 8.7530736833e+02 9.6875816464e-01
1.20000e+02 8.8322407021e+02 4.0651730995e+00
1.21000e+02 8.9114624127e+02 1.8304624235e+01
1.22000e+02 8.9934271655e+02 1.5873496251e+01
1.23000e+02 9.0760090044e+02 1.5669942354e+01
1.24000e+02 9.1542945547e+02 1.4982279785e+01
1.25000e+02 9.2330949425e+02 1.5752186407e+01
1.26000e+02 9.3147923098e+02 1.5627533858e+01
1.27000e+02 9.4011016920e+02 3.0773024706e+01
1.28000e+02 9.4844826955e+02 4.7468173468e+01
1.29000e+02 9.5554764324e+02 1.4831241228e+01
1.30000e+02 9.6252246387e+02 2.9699109807e+01
1.31000e+02 9.6958884361e+02 1.3197489257e+01
1.32000e+02 9.7697012237e+02 7.8751417907e-01
1.33000e+02 9.8442724975e+02 2.8041333010e+01
1.34000e+02 9.9183873446e+02 2.8042553835e+01
1.35000e+02 9.9961508931e+02 1.4919938616e+01
1.36000e+02 1.0074084518e+03 4.3636633055e+01
1.37000e+02 1.0150286967e+03 1.4160418924e+01
1.38000e+02 1.0221531159e+03 1.3333890347e+01
1.39000e+02 1.0304738899e+03 7.4499620682e+01
1.40000e+02 1.0389139034e+03 4.3720173323e+01
1.41000e+02 1.0472005803e+03 1.5823881494e+01
1.42000e+02 1.0559487806e+03 1.5101096385e+01
1.43000e+02 1.0643683375e+03 7.9931198104e-01
1.44000e+02 1.0726199681e+03 1.5784917121e+01
1.45000e+02 1.0808871635e+03 1.5616770660e+01
1.46000e+02 1.0890771020e+03 1.5539461787e+01
1.47000e+02 1.0976942473e+03 4.4517243630e+01
1.48000e+02 1.1060244896e+03 1.5698286416e+01
1.49000e+02 1.1131225764e+03 4.5322062992e+01
1.50000e+02 1.1200946777e+03 4.5124423048e+01
1.51000e+02 1.1283488115e+03 1.5650045087e+01
1.52000e+02 1.1370881452e+03 1.7210272001e+01
1.53000e+02 1.1454892550e+03 2.8767335901e+01
1.54000e+02 1.1537249872e+03 2.8784362180e+01
1.55000e+02 1.1623499951e+03 1.6428940899e+01
1.56000e+02 1.1706812803e+03 1.5635438008e+01
1.57000e+02 1.1777803829e+03 2.8756593587e+01
1.58000e+02 1.1847510525e+03 2.8726405243e+01
1.59000e+02 1.1918109029e+03 1.3012348044e+01
1.60000e+02 1.1988073850e+03 1.3025148195e+01
1.61000e+02 1.2058921102e+03 1.3036997826e+01
1.62000e+02 1.2132852942e+03 8.4254820015e-01
1.63000e+02 1.2210681356e+03 1.4039145910e+01
1.64000e+02 1.2285552201e+03 5.2123662625e+01
1.65000e+02 1.2359366626e+03 6.6818650139e+01
1.66000e+02 1.2437911786e+03 2.9552801133e+01
1.67000e+02 1.2516308951e+03 5.2128414018e+01
1.68000e+02 1.2591686484e+03 1.3834636831e+01
1.69000e+02 1.2665781101e+03 1.3848821546e+01
1.70000e+02 1.2741016650e+03 1.3820774410e+01
1.71000e+02 1.2804664462e+03 7.1994403897e-01
1.72000e+02 1.2870940818e+03 5.3829259488e+01
1.73000e+02 1.2940318980e+03 2.6725855531e+01
1.74000e+02 1.3009861192e+03 7.7875120404e+01
1.75000e+02 1.3078449044e+03 6.7037478693e+01
1.76000e+02 1.3145863339e+03 2.6812923595e+01
1.77000e+02 1.3215688872e+03 1.2784623552e+01
1.78000e+02 1.3282517594e+03 8.4068267627e-01
1.79000e+02 1.3348408160e+03 2.5726434876e+01
1.80000e+02 1.3418956290e+03 1.2872430726e+01
1.81000e+02 1.3487943402e+03 2.6826036640e+01
1.82000e+02 1.3552112284e+03 6.5764016255e+01
1.83000e+02 1.3616378487e+03 6.5760091322e+01
1.84000e+02 1.3679868429e+03 1.1587563838e+01
1.85000e+02 1.3755373252e+03 1.3820983995e+01
1.86000e+02 1.3831986461e+03 4.0486320112e+01
1.87000e+02 1.3896456902e+03 1.1596400093e+01
1.88000e+02 1.3959708290e+03 1.1560948355e+01
1.89000e+02 1.4035012083e+03 1.3986444072e+01
1.90000e+02 1.4111510515e+03 1.3960979920e+01
1.91000e+02 1.4175925623e+03 1.1543854149e+01
1.92000e+02 1.4239146481e+03 1.1529257179e+01
1.93000e+02 1.4314432349e+03 1.3945226471e+01
1.94000e+02 1.4394416894e+03 9.4364150405e-01
1.95000e+02 1.4473914579e+03 4.1780339515e+01
1.96000e+02 1.4553251979e+03 4.1673844649e+01
1.97000e+02 1.4630533181e+03 4.7514640800e+01
1.98000e+02 1.4702607887e+03 7.8237149385e+00
1.99000e+02 1.4786516700e+03 1.5483597114e+01
2.00000e+02 1.4871540378e+03 3.0251919449e+01
2.01000e+02 1.4943697705e+03 2.0107841021e+01
2.02000e+02 1.5018167199e+03 6.0648360285e+01
2.03000e+02 1.5093295590e+03 1.3687199113e+01
2.04000e+02 1.5167912763e+03 1.3688279838e+01
2.05000e+02 1.5243083423e+03 1.3678818328e+01
2.06000e+02 1.5314115592e+03 1.5363859811e+01
2.07000e+02 1.5397647533e+03 1.5562677689e+01
2.08000e+02 1.5485885304e+03 3.3661130893e+01
2.09000e+02 1.5573504305e+03 4.9060903996e+01
2.10000e+02 1.5660975024e+03 1.6164044078e+01
2.11000e+02 1.5745667304e+03 9.5216214040e-01
2.12000e+02 1.5828537304e+03 3.0731171551e+01
2.13000e+02 1.5911484672e+03 3.0525949109e+01
2.14000e+02 1.5993623292e+03 1.5132745780e+01
2.15000e+02 1.6080017598e+03 1.6025410571e+01
2.16000e+02 1.6166558086e+03 1.5916362052e+01
2.17000e+02 1.6253234573e+03 1.5928663732e+01
2.18000e+02 1.6337036375e+03 1.5424927440e+01
2.19000e+02 1.6419418027e+03 4.9960401648e+01
2.20000e+02 1.6506474940e+03 1.5964377634e+01
2.21000e+02 1.6593200593e+03 1.5953329913e+01
2.22000e+02 1.6676922535e+03 4.9902455113e+01
2.23000e+02 1.6748268204e+03 6.5498068083e+01
2.24000e+02 1.6818192218e+03 6.5346740704e+01
2.25000e+02 1.6900806191e+03 1.5971645485e+01
2.26000e+02 1.6984751231e+03 1.5977983690e+01
2.27000e+02 1.7056039318e+03 1.5044897736e+01
2.28000e+02 1.7129779212e+03 3.1813740450e+01
2.29000e+02 1.7207383777e+03 1.4288108205e+01
2.30000e+02 1.7285173891e+03 2.9284516738e+01
2.31000e+02 1.7361239089e+03 4.6211322730e+01
2.32000e+02 1.7435958866e+03 1.4371808438e+01
2.33000e+02 1.7513844600e+03 1.4083132078e+01
2.34000e+02 1.7591858255e+03 1.4091403062e+01
2.35000e+02 1.7668135708e+03 1.4378662163e+01
2.36000e+02 1.7739435479e+03 1.6093249532e+01
2.37000e+02 1.7810842301e+03 3.1100580940e+01
2.38000e+02 1.7881393590e+03 2.7725114568e+01
2.39000e+02 1.7952703955e+03 1.2676192627e+01
2.40000e+02 1.8023248649e+03 1.2662856990e+01
2.41000e+02 1.8094597832e+03 1.2654075904e+01
2.42000e+02 1.8165186186e+03 1.2645787822e+01
2.43000e+02 1.8248712929e+03 4.3423820816e+01
2.44000e+02 1.8336875901e+03 1.0149316691e+00
2.45000e+02 1.8421477704e+03 3.8801609577e+01
2.46000e+02 1.8500767988e+03 8.7019301756e-01
2.47000e+02 1.8592763730e+03 1.8608165974e+00
2.48000e+02 1.8685886741e+03 5.4022698067e+01
2.49000e+02 1.8777280722e+03 2.4762255702e+01
2.50000e+02 1.8873292235e+03 3.9080575019e+01
2.51000e+02 1.8965182558e+03 1.5981747708e+00
2.52000e+02 1.9055180181e+03 5.5489130941e+01
2.53000e+02 1.9149806943e+03 5.5806825609e+01
2.54000e+02 1.9244536693e+03 1.7327121600e+01
2.55000e+02 1.9335943670e+03 1.6546809885e+01
2.56000e+02 1.9421983563e+03 1.7546906093e+01
2.57000e+02 1.9521428655e+03 3.2333968221e+01
2.58000e+02 1.9622124801e+03 4.9930893034e+01
2.59000e+02 1.9721080342e+03 1.8303149850e+01
2.60000e+02 1.9821185761e+03 1.8225773981e+01
2.61000e+02 1.9919748731e+03 1.8168291222e+01
2.62000e+02 2.0023141711e+03 1.5378647062e+00
2.63000e+02 2.0125900356e+03 5.4682635963e+01
2.64000e+02 2.0225729831e+03 1.8122528530e+01
2.65000e+02 2.0311652631e+03 3.2489185838e+01
2.66000e+02 2.0399568920e+03 7.0278541256e+01
2.67000e+02 2.0488236367e+03 6.9934309665e+01
2.68000e+02 2.0572697716e+03 6.8578749534e+01
2.69000e+02 2.0657824723e+03 6.9194468536e+01
2.70000e+02 2.0742090131e+03 1.5953827408e+01
2.71000e+02 2.0827309620e+03 1.5183244730e+01
2.72000e+02 2.0911655011e+03 1.5176059854e+01
2.73000e+02 2.0996949332e+03 1.5168366994e+01
2.74000e+02 2.1085151513e+03 1.5936552959e+01
2.75000e+02 2.1178793766e+03 1.7192766772e+01
2.76000e+02 2.1269609346e+03 4.5393292242e+01
2.77000e+02 2.1359144087e+03 6.2549481938e+01
2.78000e+02 2.1453527845e+03 7.0231063422e+01
2.79000e+02 2.1547549797e+03 4.5385868968e+01
2.80000e+02 2.1638686254e+03 1.6224338373e+01
2.81000e+02 2.1716749063e+03 7.2315121892e-01
2.82000e+02 2.1797019858e+03 4.5814954751e+01
2.83000e+02 2.1878071921e+03 6.0928217847e+01
2.84000e+02 2.1958643425e+03 1.4289267172e+01
2.85000e+02 2.2043617346e+03 1.5303310884e+01
2.86000e+02 2.2128871725e+03 5.9715552824e+01
2.87000e+02 2.2214388647e+03 1.5187224309e+01
2.88000e+02 2.2300073136e+03 1.5215048073e+01
2.89000e+02 2.2383318078e+03 1.4494265783e+01
2.90000e+02 2.2464913825e+03 1.6303272666e+01
2.91000e+02 2.2546690992e+03 1.6140191881e+01
2.92000e+02 2.2627769486e+03 1.4351249595e+01
2.93000e+02 2.2709405686e+03 1.4322801606e+01
2.94000e+02 2.2786843925e+03 3.0654734182e+01
2.95000e+02 2.2864839988e+03 7.6247046975e+01
2.96000e+02 2.2942021017e+03 5.9230400036e+01
2.97000e+02 2.3032855929e+03 4.6670888497e+01
2.98000e+02 2.3128435669e+03 2.9700978731e+01
2.99000e+02 2.3223301243e+03 4.5805975998e+01
3.00000e+02 2.3315134538e+03 5.9325804938e+01
3.01000e+02 2.3393684406e+03 1.3596908029e+01
3.02000e+02 2.3470619026e+03 1.3558670194e+01
3.03000e+02 2.3548397412e+03 1.3467963339e+01
3.04000e+02 2.3629191972e+03 3.1328801822e+01
3.05000e+02 2.3714612624e+03 9.4449220874e-01
3.06000e+02 2.3800203420e+03 1.5106274228e+01
3.07000e+02 2.3885997345e+03 1.5128495296e+01
3.08000e+02 2.3971924381e+03 1.5146990837e+01
3.09000e+02 2.4055365016e+03 3.1477916562e+01
3.10000e+02 2.4137132738e+03 1.4495038352e+01
3.11000e+02 2.4222680208e+03 1.5107198421e+01
3.12000e+02 2.4305355751e+03 2.6122031321e+01
3.13000e+02 2.4375838801e+03 1.7961843695e+01
3.14000e+02 2.4448827628e+03 1.3986298597e+01
3.15000e+02 2.4525646047e+03 8.7290522312e-01
3.16000e+02 2.4599654890e+03 1.7077211884e+01
3.17000e+02 2.4662351525e+03 1.3193670809e+01
3.18000e+02 2.4727810240e+03 1.6250435178e+00
3.19000e+02 2.4796418074e+03 1.1374417761e+01
3.20000e+02 2.4865279635e+03 2.3876554722e+01
3.21000e+02 2.4933305328e+03 2.5287942909e+01
3.22000e+02 2.5000227355e+03 1.1509374589e+01
3.23000e+02 2.5069565734e+03 1.1730256474e+01
3.24000e+02 2.5139019937e+03 1.1777790359e+01
3.25000e+02 2.5207543351e+03 1.1547637349e+01
3.26000e+02 2.5271279036e+03 4.3258960900e+01
3.27000e+02 2.5346180995e+03 9.3919685067e+01
3.28000e+02 2.5425728279e+03 1.0093081647e+00
3.29000e+02 2.5504792885e+03 1.3746934095e+01
3.30000e+02 2.5580693216e+03 3.6401322248e+01
3.31000e+02 2.5644828650e+03 1.0695892233e+01
3.32000e+02 2.5707665961e+03 2.2941858989e+01
3.33000e+02 2.5782426112e+03 1.2927525549e+01
3.34000e+02 2.5861927691e+03 1.3728616727e+01
3.35000e+02 2.5938759108e+03 2.4427283003e+01
3.36000e+02 2.6014081669e+03 3.6686454651e+01
3.37000e+02 2.6089523283e+03 1.2914305124e+01
3.38000e+02 2.6160669526e+03 1.3745491262e+01
3.39000e+02 2.6232230497e+03 3.7393216631e+01
3.40000e+02 2.6306752241e+03 1.2821309037e+01
3.41000e+02 2.6381913845e+03 1.2780486805e+01
3.42000e+02 2.6452902318e+03 1.2078948369e+01
3.43000e+02 2.6524388322e+03 1.2122530618e+01
3.44000e+02 2.6595094780e+03 1.2082206615e+01
3.45000e+02 2.6666592284e+03 1.2008116360e+01
3.46000e+02 2.6737318440e+03 1.1998078004e+01
3.47000e+02 2.6820991088e+03 2.6727302185e+00
3.48000e+02 2.6909289359e+03 3.6943454242e+01
3.49000e+02 2.6996923061e+03 5.1478308471e+01
3.50000e+02 2.7081422447e+03 4.9975745299e+01
3.51000e+02 2.7164354408e+03 4.8070220311e+01
3.52000e+02 2.7248360911e+03 1.4441677560e+01
3.53000e+02 2.7319908032e+03 1.1991041724e+01
3.54000e+02 2.7393865708e+03 2.8074344679e+01
3.55000e+02 2.7471653627e+03 2.4680435891e+01
3.56000e+02 2.7549622188e+03 3.8985829520e+01
3.57000e+02 2.7627897021e+03 1.3330520898e+01
3.58000e+02 2.7706277608e+03 1.3358392926e+01
3.59000e+02 2.7782849007e+03 2.8187249890e+01
3.60000e+02 2.7857902504e+03 3.8082527931e+01
3.61000e+02 2.7936020495e+03 1.3329350365e+01
3.62000e+02 2.8011178771e+03 8.8482267942e-01
3.63000e+02 2.8074843284e+03 4.1309408596e+01
3.64000e+02 2.8137405338e+03 5.2430739649e+01
3.65000e+02 2.8212005866e+03 4.0220956684e+01
3.66000e+02 2.8287914278e+03 4.0255749364e+01
3.67000e+02 2.8351889780e+03 1.0311738352e+01
3.68000e+02 2.8414740898e+03 1.0330333000e+01
3.69000e+02 2.8489667226e+03 1.2737271721e+01
3.70000e+02 2.8565843380e+03 1.2751308529e+01
3.71000e+02 2.8630009533e+03 1.0339067868e+01
3.72000e+02 2.8693024983e+03 1.0345161914e+01
3.73000e+02 2.8768118156e+03 1.2755241758e+01
3.74000e+02 2.8844443368e+03 1.2757392335e+01
3.75000e+02 2.8908728650e+03 1.0346729612e+01
3.76000e+02 2.8975590675e+03 1.2496873881e+01
3.77000e+02 2.9045591385e+03 3.7376155642e+01
3.78000e+02 2.9112606627e+03 3.1439685978e+00
3.79000e+02 2.9168882166e+03 8.0097425878e-01
3.80000e+02 2.9228009664e+03 3.6565326764e+01
3.81000e+02 2.9289562083e+03 2.2959956052e+00
3.82000e+02 2.9348158374e+03 1.6420684321e+00
3.83000e+02 2.9406026737e+03 1.2522552138e+01
3.84000e+02 2.9468565863e+03 5.1364354067e+01
3.85000e+02 2.9531213306e+03 1.0093783639e+01
3.86000e+02 2.9593817637e+03 1.0090210351e+01
3.87000e+02 2.9655967599e+03 8.5615440116e+01
3.88000e+02 2.9713331384e+03 1.8206280470e+01
3.89000e+02 2.9770703491e+03 1.8297730904e+01
3.90000e+02 2.9831116619e+03 1.2505952497e+01
3.91000e+02 2.9892055782e+03 1.2372366556e+01
3.92000e+02 2.9948973595e+03 8.9995987076e+00
3.93000e+02 3.0006299679e+03 1.2378449619e+01
3.94000e+02 3.0066777040e+03 9.6871238842e+00
3.95000e+02 3.0127829233e+03 9.6887398154e+00
3.96000e+02 3.0188506384e+03 9.6990300159e+00
3.97000e+02 3.0249617637e+03 9.6952369613e+00
3.98000e+02 3.0306716433e+03 1.2384169435e+01
3.99000e+02 3.0364213538e+03 1.9383869918e+01
4.00000e+02 3.0424856882e+03 9.6821610440e+00
4.01000e+02 3.0487831059e+03 1.0112793583e+01
4.02000e+02 3.0547672461e+03 5.0134501511e+01
4.03000e+02 3.0606609542e+03 5.0191238826e+01
4.04000e+02 3.0666679590e+03 9.3891591222e+00
4.05000e+02 3.0716463846e+03 8.9011939330e+00
4.06000e+02 3.0769189200e+03 7.9179898098e-01
4.07000e+02 3.0823603562e+03 3.6903327682e+01
4.08000e+02 3.0878061424e+03 4.6154458238e+01
4.09000e+02 3.0933082227e+03 8.4096387206e+00
4.10000e+02 3.0985015149e+03 8.1371259129e-01
4.11000e+02 3.1036004806e+03 1.6934022125e+01
4.12000e+02 3.1088040328e+03 1.6927348064e+01
4.13000e+02 3.1139180963e+03 7.7636251416e+00
4.14000e+02 3.1194825426e+03 8.5198891620e+00
4.15000e+02 3.1250537597e+03 8.5805060634e+00
4.16000e+02 3.1302988115e+03 7.7973610693e+00
4.17000e+02 3.1345929982e+03 1.4752460436e+00
4.18000e+02 3.1391786187e+03 3.4210051515e+01
4.19000e+02 3.1438243839e+03 4.1591953004e+01
4.20000e+02 3.1484586108e+03 6.7020010324e+00
4.21000e+02 3.1531512679e+03 6.1481617161e+00
4.22000e+02 3.1578403593e+03 1.4349965303e+01
4.23000e+02 3.1626384916e+03 6.8476662680e+00
4.24000e+02 3.1673578617e+03 6.9259617427e+00
4.25000e+02 3.1720801793e+03 6.8432210247e+00
4.26000e+02 3.1767723839e+03 6.8092123347e+00
4.27000e+02 3.1814917256e+03 6.7994272242e+00
4.28000e+02 3.1858225031e+03 5.2024628146e+01
4.29000e+02 3.1910947902e+03 1.5256680894e+01
4.30000e+02 3.1968074059e+03 2.1493348534e+01
4.31000e+02 3.2024969125e+03 2.9777598309e+01
4.32000e+02 3.2078478014e+03 1.5347261356e+01
4.33000e+02 3.2130815798e+03 2.1433346522e+01
4.34000e+02 3.2184059160e+03 2.1385360495e+01
4.35000e+02 3.2227592774e+03 5.4651753998e+01
4.36000e+02 3.2274095187e+03 1.5517279977e+01
4.37000e+02 3.2321525033e+03 6.9686183293e+00
4.38000e+02 3.2368889813e+03 1.4752127397e+01
4.39000e+02 3.2417264114e+03 1.5619851151e+01
4.40000e+02 3.2461229429e+03 3.6719091334e+01
4.41000e+02 3.2514232133e+03 1.4803867146e+01
4.42000e+02 3.2568197172e+03 1.4861231072e+01
4.43000e+02 3.2620912125e+03 7.9953598770e+00
4.44000e+02 3.2674513301e+03 7.9509781272e+00
4.45000e+02 3.2718288996e+03 1.5525970908e+01
4.46000e+02 3.2765024049e+03 6.9849135962e+00
4.47000e+02 3.2812710938e+03 2.2815101411e+01
4.48000e+02 3.2857157945e+03 9.1541688652e-01
4.49000e+02 3.2900944201e+03 6.1356559985e+00
4.50000e+02 3.2949183829e+03 2.2879771071e+01
4.51000e+02 3.2997629211e+03 6.9655784717e+00
4.52000e+02 3.3042764015e+03 6.1983000662e+00
4.53000e+02 3.3079057149e+03 6.2296724732e+00
4.54000e+02 3.3114697943e+03 2.8073496031e+01
4.55000e+02 3.3150974857e+03 2.0357598676e+01
4.56000e+02 3.3190691063e+03 2.9049014470e+01
4.57000e+02 3.3230897999e+03 3.5181157609e+01
4.58000e+02 3.3270989794e+03 5.3086024782e+00
4.59000e+02 3.3310913781e+03 8.5213956910e-01
4.60000e+02 3.3350707285e+03 1.1385043924e+01
4.61000e+02 3.3391151801e+03 1.1425711880e+01
4.62000e+02 3.3428312827e+03 3.6908455183e+00
4.63000e+02 3.3457389631e+03 1.3244027662e+01
4.64000e+02 3.3489678234e+03 4.5116360314e+00
4.65000e+02 3.3522517373e+03 9.0736385471e+00
4.66000e+02 3.3551737520e+03 1.7076942296e+01
4.67000e+02 3.3581242913e+03 4.5499833822e+00
4.68000e+02 3.3610485100e+03 4.5476373194e+00
4.69000e+02 3.3648039682e+03 1.8554722173e+01
4.70000e+02 3.3686449171e+03 1.7901063410e+01
4.71000e+02 3.3723768387e+03 8.5609926617e+00
4.72000e+02 3.3765254136e+03 9.2337894265e+00
4.73000e+02 3.3806867716e+03 9.3414619600e+00
4.74000e+02 3.3844997837e+03 4.7962218146e+00
4.75000e+02 3.3882195446e+03 4.7792648888e+00
4.76000e+02 3.3923607813e+03 5.5521727707e+00
4.77000e+02 3.3966032970e+03 4.0903936509e+00
4.78000e+02 3.4004067252e+03 1.0477853868e+01
4.79000e+02 3.4050419522e+03 2.3106875067e+00
4.80000e+02 3.4097590394e+03 7.9869376630e+00
4.81000e+02 3.4135292711e+03 1.4418860213e+01
4.82000e+02 3.4175951688e+03 1.0169157912e+01
4.83000e+02 3.4217093646e+03 1.0339056131e+01
4.84000e+02 3.4258066230e+03 8.8868701012e+00
4.85000e+02 3.4299290724e+03 5.4460576960e+00
4.86000e+02 3.4340318949e+03 5.4461758332e+00
4.87000e+02 3.4381576556e+03 5.4440409647e+00
4.88000e+02 3.4418985617e+03 4.7432748786e+00
4.89000e+02 3.4465133032e+03 6.5632438406e+00
4.90000e+02 3.4512194791e+03 6.5457692648e+00
4.91000e+02 3.4558050780e+03 6.5100808468e+00
4.92000e+02 3.4608119256e+03 2.0600328895e+01
4.93000e+02 3.4658324589e+03 8.9477254850e-01
4.94000e+02 3.4707546312e+03 7.1518244697e+00
4.95000e+02 3.4756686316e+03 7.0381398079e+00
4.96000e+02 3.4801738409e+03 1.1327134450e+01
4.97000e+02 3.4856220356e+03 8.3193715262e+00
4.98000e+02 3.4915028353e+03 8.7989315707e+00
4.99000e+02 3.4973010337e+03 8.8419797375e-01
5.00000e+02 3.5026134085e+03 9.1182176778e+00
5.01000e+02 3.5079107632e+03 2.6690561353e+01
5.02000e+02 3.5135019284e+03 8.5834084105e+00
5.03000e+02 3.5192499310e+03 3.6503126401e+01
5.04000e+02 3.5246655711e+03 2.3314074486e+01
5.05000e+02 3.5299863937e+03 1.5706612626e+01
5.06000e+02 3.5357489522e+03 8.6886845604e+00
5.07000e+02 3.5414665792e+03 8.4942535822e+00
5.08000e+02 3.5470758891e+03 8.5039039888e+00
5.09000e+02 3.5526848824e+03 8.3867663397e+00
5.10000e+02 3.5582448233e+03 8.3290105447e+00
5.11000e+02 3.5638313703e+03 8.2982353701e+00
5.12000e+02 3.5693774440e+03 8.2760699023e+00
5.13000e+02 3.5750598223e+03 8.6143715822e+00
5.14000e+02 3.5807343670e+03 1.7142450183e+01
5.15000e+02 3.5864241374e+03 8.3710172048e+00
5.16000e+02 3.5920080188e+03 8.4004539143e+00
5.17000e+02 3.5976913280e+03 1.7126238600e+01
5.18000e+02 3.6030520184e+03 7.8459688846e+00
5.19000e+02 3.6074573486e+03 3.4018497507e+01
5.20000e+02 3.6121608237e+03 7.5864686486e-01
5.21000e+02 3.6169276968e+03 6.7112678735e+00
5.22000e+02 3.6213166702e+03 4.0851065035e+01
5.23000e+02 3.6266637145e+03 1.8787673253e+01
5.24000e+02 3.6321160547e+03 2.6175210212e+01
5.25000e+02 3.6365597883e+03 5.9380954372e+00
5.26000e+02 3.6412965372e+03 6.6160710120e+00
5.27000e+02 3.6460916024e+03 6.6857723819e+00
5.28000e+02 3.6505034210e+03 5.9550025107e+00
5.29000e+02 3.6549499585e+03 5.9518513286e+00
5.30000e+02 3.6597245774e+03 6.7169566435e+00
5.31000e+02 3.6645470328e+03 6.6895044913e+00
5.32000e+02 3.6693445814e+03 6.7057446883e+00
5.33000e+02 3.6741732908e+03 6.7052929776e+00
5.34000e+02 3.6789760873e+03 6.7038354746e+00
5.35000e+02 3.6838397517e+03 1.4406061584e+01
5.36000e+02 3.6886928140e+03 3.4306209719e+01
5.37000e+02 3.6936375701e+03 6.8131783796e+00
5.38000e+02 3.6984945988e+03 6.8605974405e+00
5.39000e+02 3.7033762773e+03 1.9064211262e+01
5.40000e+02 3.7082412420e+03 6.8182675608e+00
5.41000e+02 3.7131558397e+03 6.8443684823e+00
5.42000e+02 3.7180531379e+03 6.8570085104e+00
5.43000e+02 3.7229851347e+03 6.8675505713e+00
5.44000e+02 3.7278926458e+03 6.8708959728e+00
5.45000e+02 3.7328756735e+03 6.8920084130e+00
5.46000e+02 3.7373941917e+03 6.0525991614e+00
5.47000e+02 3.7418999755e+03 2.1022220620e+01
5.48000e+02 3.7463415906e+03 2.0924295280e+01
5.49000e+02 3.7517617836e+03 5.4870678093e+01
5.50000e+02 3.7576132660e+03 9.4397122069e-01
5.51000e+02 3.7634322999e+03 8.6940894064e+00
5.52000e+02 3.7692143398e+03 8.6159528887e+00
5.53000e+02 3.7750057972e+03 8.5797604458e+00
5.54000e+02 3.7804614572e+03 4.7504452424e+01
5.55000e+02 3.7857986554e+03 9.4673694343e+00
5.56000e+02 3.7912255160e+03 9.4291025597e+00
5.57000e+02 3.7956746337e+03 5.9302772146e+00
5.58000e+02 3.8000448824e+03 2.4008413018e+01
5.59000e+02 3.8054034884e+03 7.7758418900e+00
5.60000e+02 3.8112099299e+03 8.5955823016e+00
5.61000e+02 3.8169441959e+03 3.0722586106e+01
5.62000e+02 3.8222038792e+03 8.6575006369e+00
5.63000e+02 3.8274560610e+03 3.3436311828e+01
5.64000e+02 3.8326328112e+03 7.3964438847e+00
5.65000e+02 3.8378609666e+03 7.3650210058e+00
5.66000e+02 3.8433997141e+03 3.8258698640e+01
5.67000e+02 3.8491061206e+03 8.5019358771e+00
5.68000e+02 3.8547954770e+03 8.3763488339e+00
5.69000e+02 3.8605224194e+03 8.3885083817e+00
5.70000e+02 3.8662351421e+03 8.4034860392e+00
5.71000e+02 3.8719721976e+03 8.4051957012e+00
5.72000e+02 3.8776882483e+03 8.4001185668e+00
5.73000e+02 3.8834062239e+03 1.6021600268e+01
5.74000e+02 3.8890032612e+03 1.8693588231e+01
5.75000e+02 3.8945939883e+03 1.0758847672e+01
5.76000e+02 3.8997722415e+03 7.3591589280e+00
5.77000e+02 3.9059682666e+03 2.6824745195e+01
5.78000e+02 3.9122650764e+03 3.5435935741e+01
5.79000e+02 3.9184245890e+03 9.3766613054e+00
5.80000e+02 3.9246746022e+03 9.3204880920e+00
5.81000e+02 3.9308051540e+03 9.2822067906e+00
5.82000e+02 3.9370335230e+03 9.2512803376e+00
5.83000e+02 3.9431477644e+03 9.2257187101e+00
5.84000e+02 3.9493630136e+03 9.2033731509e+00
5.85000e+02 3.9554664683e+03 9.1833830603e+00
5.86000e+02 3.9620204946e+03 8.9563447174e+00
5.87000e+02 3.9685594084e+03 4.6354116882e+01
5.88000e+02 3.9747719005e+03 9.1714426282e+00
5.89000e+02 3.9799398158e+03 1.0825856091e+01
5.90000e+02 3.9853754682e+03 4.6146377917e+01
5.91000e+02 3.9908701639e+03 4.6004200109e+01
5.92000e+02 3.9959761493e+03 4.8919521668e+01
5.93000e+02 4.0011224708e+03 4.6078637719e+01
5.94000e+02 4.0065906556e+03 7.8013346344e+00
5.95000e+02 4.0121127133e+03 7.8208952601e+00
5.96000e+02 4.0176033674e+03 7.8355437020e+00
5.97000e+02 4.0231320820e+03 7.8343651180e+00
5.98000e+02 4.0286282906e+03 7.8320852126e+00
5.99000e+02 4.0342640098e+03 8.2590766183e+00
6.00000e+02 4.0398959774e+03 6.0675742262e+01
6.01000e+02 4.0455491588e+03 7.9487199393e+00
6.02000e+02 4.0511005911e+03 7.9959948682e+00
6.03000e+02 4.0566554371e+03 7.8896634945e+00
6.04000e+02 4.0618034632e+03 7.8978406010e+00
6.05000e+02 4.0669805362e+03 3.1464244949e+01
6.06000e+02 4.0724733821e+03 7.8231874974e+00
6.07000e+02 4.0780159516e+03 7.8030877367e+00
6.08000e+02 4.0831595414e+03 3.1428344333e+01
6.09000e+02 4.0893367600e+03 3.2475678534e+01
6.10000e+02 4.0956166451e+03 3.9355973667e+01
6.11000e+02 4.1008063370e+03 7.8279833195e+00
6.12000e+02 4.1058974882e+03 7.7677167146e+00
6.13000e+02 4.1120577568e+03 1.6060024244e+01
6.14000e+02 4.1186686972e+03 2.4596802481e+01
6.15000e+02 4.1252438913e+03 4.8751324131e+01
6.16000e+02 4.1314861145e+03 9.1609244937e+00
6.17000e+02 4.1375995865e+03 9.1049668854e+00
6.18000e+02 4.1441525588e+03 9.8691853091e+00
6.19000e+02 4.1506906560e+03 9.8222191117e+00
6.20000e+02 4.1569019284e+03 9.0649111594e+00
6.21000e+02 4.1620684182e+03 7.0108219916e+00
6.22000e+02 4.1671302290e+03 1.0444952726e+01
6.23000e+02 4.1732489228e+03 9.2080057819e+00
6.24000e+02 4.1798247540e+03 9.8352557695e+00
6.25000e+02 4.1862588652e+03 1.8360073738e+01
6.26000e+02 4.1925643564e+03 2.8347480133e+01
6.27000e+02 4.1988716785e+03 1.0723811543e+01
6.28000e+02 4.2047583413e+03 1.0023649746e+01
6.29000e+02 4.2117426539e+03 1.0691039355e+01
6.30000e+02 4.2188313602e+03 2.0756580005e+01
6.31000e+02 4.2257736719e+03 1.0721464198e+01
6.32000e+02 4.2331580146e+03 1.0123762678e+01
6.33000e+02 4.2405092069e+03 2.1401980872e+01
6.34000e+02 4.2475364250e+03 1.0649254516e+01
6.35000e+02 4.2534390314e+03 2.2021225003e+01
6.36000e+02 4.2592184706e+03 2.1283867444e+01
6.37000e+02 4.2650675077e+03 2.0372039796e+01
6.38000e+02 4.2708582738e+03 8.3018277117e+00
6.39000e+02 4.2767202347e+03 8.3064497063e+00
6.40000e+02 4.2825207240e+03 8.3078664588e+00
6.41000e+02 4.2883910655e+03 8.3079390946e+00
6.42000e+02 4.2941976244e+03 8.3057008275e+00
6.43000e+02 4.3011559435e+03 1.0654612779e+01
6.44000e+02 4.3082169205e+03 2.4922034167e+01
6.45000e+02 4.3141124686e+03 8.3226017781e+00
6.46000e+02 4.3202694505e+03 2.1232069512e+01
6.47000e+02 4.3264893880e+03 4.5228703989e+01
6.48000e+02 4.3326727578e+03 3.3144535566e+01
6.49000e+02 4.3390785015e+03 3.4590268709e+01
6.50000e+02 4.3454871072e+03 4.5645269223e+01
6.51000e+02 4.3519346503e+03 9.4558797190e+00
6.52000e+02 4.3580751281e+03 7.3937799496e+00
6.53000e+02 4.3631817164e+03 8.2171800936e+00
6.54000e+02 4.3685630517e+03 1.0081920210e+01
6.55000e+02 4.3741122570e+03 8.9833780815e-01
6.56000e+02 4.3796659956e+03 7.6941171389e+00
6.57000e+02 4.3852515769e+03 1.8443622008e+01
6.58000e+02 4.3907439912e+03 7.6523026439e+00
6.59000e+02 4.3963390944e+03 7.7323209911e+00
6.60000e+02 4.4019290048e+03 8.4748350307e+00
6.61000e+02 4.4075447980e+03 7.6748621913e+00
6.62000e+02 4.4127005280e+03 1.5872413149e+01
6.63000e+02 4.4178564578e+03 1.7765830177e+01
6.64000e+02 4.4233221453e+03 7.6404605217e+00
6.65000e+02 4.4289466807e+03 8.4957923109e+00
6.66000e+02 4.4342493241e+03 2.5119192982e+01
6.67000e+02 4.4386001592e+03 6.8277252116e+00
6.68000e+02 4.4432556370e+03 7.0417496000e-01
6.69000e+02 4.4480128545e+03 6.0462786250e+00
6.70000e+02 4.4527705058e+03 1.2981195228e+01
6.71000e+02 4.4576321179e+03 6.1751681572e+00
6.72000e+02 4.4624168505e+03 6.1922131490e+00
6.73000e+02 4.4672070466e+03 6.1146049671e+00
6.74000e+02 4.4719676267e+03 6.0843377129e+00
6.75000e+02 4.4767567826e+03 6.0772131923e+00
6.76000e+02 4.4811569375e+03 2.3813386747e+01
6.77000e+02 4.4865068163e+03 6.1823749391e+01
6.78000e+02 4.4922979469e+03 1.3235831617e+01
6.79000e+02 4.4980214231e+03 9.3432027201e-01
6.80000e+02 4.5032674313e+03 7.2712578777e+00
6.81000e+02 4.5085039302e+03 1.3440316090e+01
6.82000e+02 4.5140400849e+03 7.7800965953e+00
6.83000e+02 4.5196166573e+03 7.6254126960e+00
6.84000e+02 4.5247876050e+03 6.9264106738e+00
6.85000e+02 4.5309887569e+03 1.4073868934e+01
6.86000e+02 4.5372891353e+03 2.8303832043e+01
6.87000e+02 4.5424957145e+03 6.8895644750e+00
6.88000e+02 4.5476010605e+03 6.9927221999e+00
6.89000e+02 4.5537744109e+03 8.9705132464e+00
6.90000e+02 4.5600517770e+03 8.9385304390e+00
6.91000e+02 4.5661950028e+03 8.8994673010e+00
6.92000e+02 4.5727772190e+03 9.3422588305e+00
6.93000e+02 4.5792270229e+03 7.9999773575e+00
6.94000e+02 4.5851894804e+03 1.8709222124e+01
6.95000e+02 4.5911483797e+03 2.6428562443e+01
6.96000e+02 4.5974005710e+03 1.6325801314e+01
6.97000e+02 4.6036988995e+03 1.8539037544e+01
6.98000e+02 4.6099479472e+03 1.8517354831e+01
6.99000e+02 4.6162344804e+03 8.9792589678e+00
7.00000e+02 4.6224744743e+03 8.9612259648e+00
7.01000e+02 4.6289306150e+03 3.8904043243e+01
7.02000e+02 4.6353855038e+03 3.5355428138e+01
7.03000e+02 4.6417853725e+03 9.0656002295e+00
7.04000e+02 4.6477055336e+03 8.3320778507e+00
7.05000e+02 4.6536255959e+03 1.7904482048e+01
7.06000e+02 4.6598444590e+03 9.0354038048e+00
7.07000e+02 4.6661133395e+03 8.8953801970e+00
7.08000e+02 4.6719730635e+03 1.7826140513e+01
7.09000e+02 4.6789425372e+03 2.7551330414e+01
7.10000e+02 4.6863635586e+03 1.8909152088e+01
7.11000e+02 4.6935617414e+03 9.2930227650e-01
7.12000e+02 4.7006095034e+03 1.0643756672e+01
7.13000e+02 4.7076578675e+03 1.0483294190e+01
7.14000e+02 4.7146356506e+03 1.0402832068e+01
7.15000e+02 4.7218984654e+03 4.6421999628e+01
7.16000e+02 4.7291607846e+03 1.1242481664e+01
7.17000e+02 4.7362926706e+03 1.0475951134e+01
7.18000e+02 4.7429282959e+03 2.0387284716e+00
7.19000e+02 4.7506958205e+03 3.0919533118e+01
7.20000e+02 4.7585710721e+03 6.8900845979e+01
7.21000e+02 4.7652146250e+03 3.0775401106e+01
7.22000e+02 4.7721000619e+03 1.0373128992e+01
7.23000e+02 4.7793052329e+03 2.3158975796e+01
7.24000e+02 4.7862068477e+03 9.7363676312e-01
7.25000e+02 4.7920118149e+03 9.5241702041e+00
7.26000e+02 4.7980924555e+03 1.1525777673e+01
7.27000e+02 4.8044257986e+03 1.8444910652e+00
7.28000e+02 4.8107719493e+03 2.0037234169e+01
7.29000e+02 4.8171660651e+03 9.0652524445e+00
7.30000e+02 4.8232594060e+03 7.2995570038e+00
7.31000e+02 4.8292467893e+03 1.8237055600e+01
7.32000e+02 4.8356877715e+03 9.1510186698e+00
7.33000e+02 4.8421273924e+03 9.1873726645e+00
7.34000e+02 4.8485562513e+03 9.1660620531e+00
7.35000e+02 4.8549226434e+03 2.1111513844e+01
7.36000e+02 4.8611605857e+03 1.6549027583e+01
7.37000e+02 4.8675669653e+03 9.1236547679e+00
7.38000e+02 4.8739690488e+03 9.0877556199e+00
7.39000e+02 4.8804060173e+03 9.1092566701e+00
7.40000e+02 4.8868372394e+03 9.1292861127e+00
7.41000e+02 4.8932895972e+03 9.1355461339e+00
7.42000e+02 4.8997293346e+03 9.1349257991e+00
7.43000e+02 4.9061095549e+03 1.6546306822e+01
7.44000e+02 4.9119990082e+03 4.8361260090e+01
7.45000e+02 4.9189317805e+03 4.6568768227e+01
7.46000e+02 4.9263145555e+03 9.4303760386e-01
7.47000e+02 4.9334785337e+03 7.8375790029e-01
7.48000e+02 4.9401332454e+03 4.7287457829e+01
7.49000e+02 4.9479146022e+03 1.7906790481e+00
7.50000e+02 4.9561460245e+03 8.4864731007e-01
7.51000e+02 4.9640739756e+03 3.8081076160e+01
7.52000e+02 4.9718301618e+03 4.9242075986e+01
7.53000e+02 4.9799059631e+03 1.2539127646e+01
7.54000e+02 4.9876712763e+03 6.0094047762e+01
7.55000e+02 4.9942514184e+03 7.8014739283e+01
7.56000e+02 5.0007066347e+03 2.1104042237e+01
7.57000e+02 5.0072413724e+03 9.1618030215e+00
7.58000e+02 5.0140896781e+03 9.0788042826e-01
7.59000e+02 5.0212636084e+03 1.0006588170e+01
7.60000e+02 5.0281340662e+03 2.7772434987e+01
7.61000e+02 5.0349052701e+03 3.8490767319e+01
7.62000e+02 5.0417956147e+03 9.8048729988e+00
7.63000e+02 5.0485802098e+03 9.8084593961e+00
7.64000e+02 5.0554808952e+03 9.8089917463e+00
7.65000e+02 5.0622726349e+03 9.8063274316e+00
7.66000e+02 5.0695280308e+03 2.1547143632e+01
7.67000e+02 5.0767660221e+03 4.7402974381e+01
7.68000e+02 5.0836896354e+03 9.8194490048e+00
7.69000e+02 5.0904889141e+03 9.8171684866e+00
7.70000e+02 5.0973947219e+03 9.7895457595e+00
7.71000e+02 5.1041895415e+03 9.7752971747e+00
7.72000e+02 5.1110963804e+03 9.7665530136e+00
7.73000e+02 5.1178921476e+03 9.7577339654e+00
7.74000e+02 5.1251501310e+03 4.7358159015e+01
7.75000e+02 5.1323891588e+03 2.9347208748e+01
7.76000e+02 5.1393127618e+03 9.7647402551e+00
7.77000e+02 5.1451304905e+03 7.1700889926e-01
7.78000e+02 5.1508335220e+03 6.7101464054e+01
7.79000e+02 5.1566111451e+03 6.6994256945e+01
7.80000e+02 5.1623361705e+03 7.5319570049e+00
7.81000e+02 5.1681360542e+03 7.5466856368e+00
7.82000e+02 5.1742541877e+03 7.8083687840e+01
7.83000e+02 5.1804340511e+03 9.3893638102e+01
7.84000e+02 5.1862138039e+03 7.5938663420e+00
7.85000e+02 5.1931036333e+03 9.8490377058e+00
7.86000e+02 5.2004486807e+03 4.4390810025e+01
7.87000e+02 5.2075794012e+03 8.5371295195e+00
7.88000e+02 5.2145646549e+03 2.4381596982e+01
7.89000e+02 5.2215538336e+03 9.9620375596e+00
7.90000e+02 5.2284769915e+03 9.8899797863e+00
7.91000e+02 5.2356834615e+03 2.5556713967e+01
7.92000e+02 5.2428915567e+03 1.8343715641e+01
7.93000e+02 5.2501257252e+03 1.8353070401e+01
7.94000e+02 5.2570568687e+03 1.5056642649e+01
7.95000e+02 5.2628798246e+03 2.7593013905e+01
7.96000e+02 5.2689606537e+03 9.5569934094e+00
7.97000e+02 5.2751072716e+03 1.8584965395e+01
7.98000e+02 5.2812241787e+03 8.2031361608e+00
7.99000e+02 5.2873906622e+03 8.2147986499e+00
8.00000e+02 5.2935230808e+03 8.2220954091e+00
8.01000e+02 5.2997017990e+03 8.2261080589e+00
8.02000e+02 5.3054814369e+03 2.7565306002e+01
8.03000e+02 5.3113035321e+03 2.5955382013e+01
8.04000e+02 5.3170649073e+03 2.5911163959e+01
8.05000e+02 5.3239726179e+03 3.4177549403e+01
8.06000e+02 5.3309865937e+03 5.3577679826e+01
8.07000e+02 5.3378583715e+03 3.4370087231e+01
8.08000e+02 5.3451754677e+03 3.5099847247e+01
8.09000e+02 5.3522941722e+03 8.4230678549e+00
8.10000e+02 5.3589137971e+03 1.0632577744e+01
8.11000e+02 5.3655342784e+03 1.8903412757e+01
8.12000e+02 5.3720665386e+03 9.0228166617e+00
8.13000e+02 5.3786630637e+03 8.9898376584e+00
8.14000e+02 5.3855594285e+03 1.7396472957e+01
8.15000e+02 5.3925136906e+03 1.9471296617e+01
8.16000e+02 5.3994161361e+03 1.9457906005e+01
8.17000e+02 5.4063643703e+03 9.6926760540e+00
8.18000e+02 5.4128992773e+03 8.9834945675e+00
8.19000e+02 5.4206185482e+03 1.5062205009e+00
8.20000e+02 5.4284517579e+03 2.8684591019e+01
8.21000e+02 5.4361333488e+03 2.7959499017e+01
8.22000e+02 5.4442671647e+03 3.8366173184e+01
8.23000e+02 5.4523607358e+03 7.4251957023e+01
8.24000e+02 5.4604402698e+03 1.1982445691e+01
8.25000e+02 5.4683027633e+03 9.1425933610e-01
8.26000e+02 5.4759975196e+03 2.2512021669e+01
8.27000e+02 5.4836964175e+03 2.2325914002e+01
8.28000e+02 5.4909603414e+03 1.2074241572e+01
8.29000e+02 5.4982634601e+03 3.2894807296e+01
8.30000e+02 5.5054809135e+03 2.1470217270e+01
8.31000e+02 5.5127738535e+03 1.0287033209e+01
8.32000e+02 5.5203628553e+03 1.1074451134e+01
8.33000e+02 5.5283500545e+03 1.1864091335e+01
8.34000e+02 5.5360357513e+03 4.2991145785e+01
8.35000e+02 5.5436065018e+03 4.2837314241e+01
8.36000e+02 5.5516463531e+03 1.1812544513e+01
8.37000e+02 5.5596636146e+03 2.0677125712e+01
8.38000e+02 5.5673758755e+03 1.1027607043e+01
8.39000e+02 5.5739074028e+03 4.7520907451e-03
8.40000e+02 5.5806835423e+03 2.0515607997e+01
8.41000e+02 5.5877748320e+03 1.0090607574e+01
8.42000e+02 5.5948816850e+03 2.9803967194e+01
8.43000e+02 5.6018796944e+03 3.0857580639e+01
8.44000e+02 5.6087552408e+03 1.0179923811e+01
8.45000e+02 5.6158828129e+03 9.9475347756e+00
8.46000e+02 5.6227102983e+03 8.8477541821e-01
8.47000e+02 5.6294405555e+03 2.0087338487e+01
8.48000e+02 5.6362905918e+03 2.0089802039e+01
8.49000e+02 5.6420427525e+03 2.9885469608e+01
8.50000e+02 5.6480734506e+03 9.0927389873e+00
8.51000e+02 5.6541777925e+03 1.8359722620e+01
8.52000e+02 5.6602574171e+03 7.8704379342e+00
8.53000e+02 5.6665592020e+03 8.4487821169e+00
8.54000e+02 5.6728716187e+03 1.7583484291e+01
8.55000e+02 5.6791473651e+03 8.0339719353e+00
8.56000e+02 5.6853148008e+03 8.1137491648e+00
8.57000e+02 5.6914950352e+03 8.0101234322e+00
8.58000e+02 5.6976301463e+03 7.9697886716e+00
8.59000e+02 5.7038054527e+03 7.9568908809e+00
8.60000e+02 5.7095792347e+03 3.9901368926e+01
8.61000e+02 5.7153935891e+03 3.3075861812e+01
8.62000e+02 5.7215224151e+03 7.9426487849e+00
8.63000e+02 5.7277097112e+03 7.9466958998e+00
8.64000e+02 5.7338586442e+03 7.9588563064e+00
8.65000e+02 5.7402243954e+03 8.3552977833e+00
8.66000e+02 5.7465928528e+03 3.1352953455e+01
8.67000e+02 5.7530012259e+03 3.1364222383e+01
8.68000e+02 5.7594064446e+03 8.4196492712e+00
8.69000e+02 5.7657579187e+03 8.1150753937e+00
8.70000e+02 5.7716229370e+03 3.1926059570e+01
8.71000e+02 5.7774849711e+03 1.5933283269e+01
8.72000e+02 5.7836466122e+03 8.3955961006e+00
8.73000e+02 5.7898590787e+03 8.2481929830e+00
8.74000e+02 5.7956655510e+03 1.5858803993e+01
8.75000e+02 5.8015112759e+03 8.3708912983e+00
8.76000e+02 5.8072923775e+03 8.3371497458e+00
8.77000e+02 5.8131411066e+03 7.2128898033e+00
8.78000e+02 5.8193023415e+03 7.9636108164e+00
8.79000e+02 5.8257082127e+03 8.4087277709e+00
8.80000e+02 5.8317991428e+03 6.2561264450e+01
8.81000e+02 5.8377960736e+03 7.1039946007e+01
8.82000e+02 5.8442488618e+03 8.4478885346e+00
8.83000e+02 5.8506996866e+03 1.4519495034e+01
8.84000e+02 5.8571386270e+03 1.4491127742e+01
8.85000e+02 5.8635953131e+03 8.4473971223e+00
8.86000e+02 5.8700377253e+03 8.4424214972e+00
8.87000e+02 5.8764965390e+03 8.4361067022e+00
8.88000e+02 5.8829399618e+03 8.4286811652e+00
8.89000e+02 5.8893991208e+03 8.4205977662e+00
8.90000e+02 5.8958424908e+03 8.4121244093e+00
8.91000e+02 5.9022248690e+03 8.1255588095e+00
8.92000e+02 5.9081146843e+03 1.4962926051e+01
8.93000e+02 5.9150461634e+03 3.4634027958e+01
8.94000e+02 5.9220804620e+03 4.3191297840e+01
8.95000e+02 5.9279645901e+03 1.4983362050e+01
8.96000e+02 5.9341061814e+03 4.0200431436e+01
8.97000e+02 5.9403083806e+03 3.9980052028e+01
8.98000e+02 5.9461107107e+03 3.4511908694e+01
8.99000e+02 5.9530206052e+03 9.4270423646e+00
9.00000e+02 5.9600424974e+03 9.4052088703e+00
9.01000e+02 5.9669249308e+03 9.3683424476e+00
9.02000e+02 5.9739066515e+03 9.3188026892e+00
9.03000e+02 5.9797601390e+03 3.4446756198e+01
9.04000e+02 5.9858804314e+03 7.8161313306e+00
9.05000e+02 5.9922493946e+03 3.6467430985e+01
9.06000e+02 5.9983116976e+03 9.1941781952e-01
9.07000e+02 6.0033591020e+03 8.0608297720e-01
9.08000e+02 6.0087000280e+03 2.7814166860e+01
9.09000e+02 6.0141140112e+03 3.4806451927e+01
9.10000e+02 6.0191491324e+03 1.8009380516e+01
9.11000e+02 6.0242311870e+03 2.7109950805e+01
9.12000e+02 6.0292665030e+03 1.4633928082e+01
9.13000e+02 6.0353720605e+03 7.6141096462e+00
9.14000e+02 6.0419248334e+03 4.2718478610e+01
9.15000e+02 6.0484442754e+03 1.4672324395e+01
9.16000e+02 6.0549376030e+03 8.4200946364e+00
9.17000e+02 6.0614390623e+03 8.3936918550e+00
9.18000e+02 6.0676163071e+03 1.4748675134e+01
9.19000e+02 6.0736705969e+03 2.3800750970e+01
9.20000e+02 6.0798223550e+03 1.6724225717e+01
9.21000e+02 6.0858664095e+03 7.5791740229e+00
9.22000e+02 6.0920153274e+03 7.5687547315e+00
9.23000e+02 6.0971222255e+03 5.5602080665e+00
9.24000e+02 6.1025141636e+03 2.3093962412e+01
9.25000e+02 6.1080812580e+03 1.4216230403e+01
9.26000e+02 6.1136499930e+03 2.1662719742e+01
9.27000e+02 6.1192450198e+03 2.3251911969e+01
9.28000e+02 6.1247455446e+03 1.4310600857e+01
9.29000e+02 6.1303495423e+03 6.5273650511e+00
9.30000e+02 6.1356363536e+03 8.6210657385e-01
9.31000e+02 6.1399797714e+03 3.1068313787e+01
9.32000e+02 6.1446266235e+03 5.6671649421e+00
9.33000e+02 6.1493406251e+03 1.9076762970e+01
9.34000e+02 6.1540457843e+03 4.7569634481e+00
9.35000e+02 6.1588191008e+03 8.3068119507e-01
9.36000e+02 6.1635905759e+03 1.0422234093e+01
9.37000e+02 6.1684648534e+03 4.9124823228e+00
9.38000e+02 6.1728982114e+03 3.5989935339e+01
9.39000e+02 6.1773317252e+03 1.0503800268e+01
9.40000e+02 6.1817109715e+03 1.0439184759e+01
9.41000e+02 6.1861443476e+03 4.1370550426e+00
9.42000e+02 6.1909041223e+03 4.9621853810e+00
9.43000e+02 6.1957111715e+03 4.8899948871e+00
9.44000e+02 6.2004927981e+03 4.9069567746e+00
9.45000e+02 6.2053377972e+03 1.0483494442e+01
9.46000e+02 6.2098602273e+03 2.6132419239e+01
9.47000e+02 6.2143105694e+03 3.1212515839e+01
9.48000e+02 6.2188650797e+03 4.3165831175e+00
9.49000e+02 6.2225211598e+03 4.9447842380e+00
9.50000e+02 6.2261260517e+03 8.2984030916e+00
9.51000e+02 6.2306515620e+03 4.3874347203e+00
9.52000e+02 6.2352810144e+03 4.4579893326e+00
9.53000e+02 6.2398019529e+03 4.4489595133e+00
9.54000e+02 6.2444133905e+03 4.4264957161e+00
9.55000e+02 6.2489289513e+03 4.4166916122e+00
9.56000e+02 6.2538807514e+03 9.9729997312e+00
9.57000e+02 6.2588397652e+03 2.1644650584e+01
9.58000e+02 6.2637718158e+03 1.6755085789e+01
9.59000e+02 6.2687311904e+03 5.1710823274e+00
9.60000e+02 6.2736628265e+03 5.1654967934e+00
9.61000e+02 6.2786220851e+03 5.1602152916e+00
9.62000e+02 6.2832436598e+03 4.4224120857e+00
9.63000e+02 6.2869718370e+03 2.6401214475e+00
9.64000e+02 6.2906257068e+03 1.2633474053e+01
9.65000e+02 6.2943387302e+03 1.2605686801e+01
9.66000e+02 6.2983915166e+03 2.6366961449e+01
9.67000e+02 6.3024623534e+03 8.8842180493e-01
9.68000e+02 6.3061992428e+03 1.7613809334e+00
9.69000e+02 6.3098756928e+03 9.4919420667e+00
9.70000e+02 6.3139890920e+03 3.4492847044e+00
9.71000e+02 6.3182148706e+03 3.0661373695e+01
9.72000e+02 6.3220105523e+03 9.6242620551e+00
9.73000e+02 6.3258012614e+03 1.1229415250e+01
9.74000e+02 6.3295402529e+03 4.3251117573e+00
9.75000e+02 6.3341862941e+03 4.4154265840e+00
9.76000e+02 6.3392565492e+03 5.3793000252e+00
9.77000e+02 6.3443050222e+03 9.7973923943e+00
9.78000e+02 6.3490039253e+03 1.2209408670e+01
9.79000e+02 6.3527858592e+03 2.7749197103e+00
9.80000e+02 6.3564889750e+03 2.7362690870e+00
9.81000e+02 6.3602485598e+03 2.7111837477e+00
9.82000e+02 6.3639714621e+03 2.7282590601e+00
9.83000e+02 6.3686110396e+03 5.3674569714e+00
9.84000e+02 6.3736784748e+03 5.3623310076e+00
9.85000e+02 6.3787265633e+03 5.3565841836e+00
9.86000e+02 6.3834267174e+03 5.4526593142e+00
9.87000e+02 6.3880159425e+03 5.3066162968e+00
9.88000e+02 6.3926892934e+03 5.1851876587e+00
9.89000e+02 6.3972642953e+03 4.4800168449e+00
9.90000e+02 6.4022727264e+03 5.2922234607e+00
9.91000e+02 6.4072849106e+03 5.2510269710e+00
9.92000e+02 6.4122683486e+03 5.2207828194e+00
9.93000e+02 6.4173096967e+03 9.0583280371e+00
9.94000e+02 6.4218849166e+03 1.0539845395e+01
9.95000e+02 6.4273623656e+03 6.9107004227e+00
9.96000e+02 6.4329280023e+03 1.2271612364e+01
9.97000e+02 6.4383599328e+03 6.2055688456e+00
9.98000e+02 6.4438752544e+03 6.1490482724e+00
9.99000e+02 6.4492759265e+03 6.1116407692e+00
1.00000e+03 6.4551133118e+03 8.5394735362e-01
1.00100e+03 6.4609396629e+03 1.8423715563e+01
1.00200e+03 6.4664301361e+03 6.0806806578e+00
1.00300e+03 6.4718047359e+03 6.0485277356e+00
1.00400e+03 6.4776144902e+03 1.8377660844e+01
1.00500e+03 6.4834182592e+03 6.7958078123e+00
1.00600e+03 6.4888888689e+03 6.0226156966e+00
1.00700e+03 6.4933839278e+03 1.3990310427e+01
1.00800e+03 6.4981589215e+03 4.5413576375e+01
1.00900e+03 6.5029886475e+03 3.6913782089e+01
1.01000e+03 6.5074350738e+03 2.5122367798e+01
1.01100e+03 6.5128387175e+03 6.0456369284e+00
1.01200e+03 6.5183452241e+03 6.0754883069e+00
1.01300e+03 6.5237278096e+03 6.0483546061e+00
1.01400e+03 6.5292009090e+03 6.0088989672e+00
1.01500e+03 6.5345651967e+03 5.9845923693e+00
1.01600e+03 6.5403700320e+03 1.1553772719e+01
1.01700e+03 6.5461680936e+03 1.7339398604e+01
1.01800e+03 6.5516333518e+03 5.9707665808e+00
1.01900e+03 6.5569855158e+03 5.9526720917e+00
1.02000e+03 6.5627747577e+03 1.2536786033e+01
1.02100e+03 6.5685602374e+03 6.7087802763e+00
1.02200e+03 6.5743230298e+03 6.6756220782e+00
1.02300e+03 6.5801042332e+03 6.6646702307e+00
1.02400e+03 6.5858625632e+03 6.6535431067e+00
1.02500e+03 6.5916157703e+03 9.2348119995e-01
1.02600e+03 6.5968874411e+03 2.4832469182e+01
1.02700e+03 6.6031325087e+03 1.4965306000e+01
1.02800e+03 6.6094722963e+03 2.1771589559e+01
1.02900e+03 6.6147225595e+03 5.0660086362e+01
1.03000e+03 6.6198674802e+03 1.4823590647e+01
1.03100e+03 6.6260780131e+03 7.6428808928e+00
1.03200e+03 6.6327383525e+03 9.0200942840e-01
1.03300e+03 6.6393601821e+03 1.5164931232e+01
1.03400e+03 6.6459529596e+03 1.5082204412e+01
1.03500e+03 6.6524572517e+03 3.8868635485e+01
1.03600e+03 6.6584614600e+03 8.4945255451e+00
1.03700e+03 6.6644549281e+03 2.4038003052e+01
1.03800e+03 6.6703629456e+03 6.9720281206e+00
1.03900e+03 6.6763271746e+03 6.9358169058e+00
1.04000e+03 6.6825943705e+03 4.7324104734e+01
1.04100e+03 6.6891089480e+03 8.1835619380e+00
1.04200e+03 6.6956129679e+03 8.0866208433e+00
1.04300e+03 6.7020507887e+03 1.5384615718e+01
1.04400e+03 6.7083668292e+03 1.4108177365e+01
1.04500e+03 6.7146878752e+03 7.6854375577e+00
1.04600e+03 6.7209543480e+03 7.6281844340e+00
1.04700e+03 6.7274337179e+03 8.0433266992e+00
1.04800e+03 6.7336037370e+03 2.1462569329e+01
1.04900e+03 6.7387421632e+03 1.4596965773e+01
1.05000e+03 6.7437941041e+03 2.0655173266e+01
1.05100e+03 6.7499188310e+03 2.1355300744e+01
1.05200e+03 6.7565044284e+03 1.3643283979e+01
1.05300e+03 6.7630621223e+03 1.3707964736e+01
1.05400e+03 6.7692928568e+03 1.4643084267e+01
1.05500e+03 6.7744715316e+03 5.2519981048e+00
1.05600e+03 6.7799183636e+03 7.3481928265e+00
1.05700e+03 6.7855354596e+03 5.1299610232e+00
1.05800e+03 6.7911538145e+03 1.2325422185e+01
1.05900e+03 6.7967954943e+03 1.4282034557e+01
1.06000e+03 6.8019804230e+03 5.3797338777e+00
1.06100e+03 6.8071682621e+03 5.3835185234e+00
1.06200e+03 6.8122919862e+03 5.3169304419e+00
1.06300e+03 6.8184794002e+03 2.0933666058e+01
1.06400e+03 6.8247662556e+03 1.3723329989e+01
1.06500e+03 6.8299625211e+03 5.3200399717e+00
1.06600e+03 6.8350610411e+03 5.2895157742e+00
1.06700e+03 6.8412301459e+03 7.4487596951e+00
1.06800e+03 6.8478511436e+03 1.9777307108e+00
1.06900e+03 6.8544371126e+03 1.4678479589e+01
1.07000e+03 6.8606914197e+03 7.4087626194e+00
1.07100e+03 6.8658879919e+03 5.2845329542e+00
1.07200e+03 6.8713496160e+03 1.9803424147e+01
1.07300e+03 6.8769803257e+03 6.4460946407e+00
1.07400e+03 6.8826103870e+03 1.9137425287e+01
1.07500e+03 6.8882614829e+03 1.9793036969e+01
1.07600e+03 6.8938141443e+03 6.5306858678e+00
1.07700e+03 6.8994719206e+03 6.2526847016e+00
1.07800e+03 6.9048112584e+03 8.0463984358e-01
1.07900e+03 6.9100676677e+03 1.2714276489e+01
1.08000e+03 6.9154325717e+03 1.2616798911e+01
1.08100e+03 6.9207049161e+03 5.5906639248e+00
1.08200e+03 6.9264272669e+03 6.3387214832e+00
1.08300e+03 6.9321523042e+03 6.3996438385e+00
1.08400e+03 6.9378594424e+03 6.3780316394e+00
1.08500e+03 6.9435897447e+03 6.3769184650e+00
1.08600e+03 6.9489932799e+03 5.6237046119e+00
1.08700e+03 6.9542879432e+03 7.1516263806e+00
1.08800e+03 6.9600221113e+03 6.3975714915e+00
1.08900e+03 6.9657568228e+03 6.3955831906e+00
1.09000e+03 6.9711625781e+03 7.1466947853e+00
1.09100e+03 6.9756023536e+03 1.1709880193e+01
1.09200e+03 6.9799560248e+03 2.9855180433e+01
1.09300e+03 6.9843752972e+03 1.7338145282e+01
1.09400e+03 6.9887552553e+03 3.7244835660e+00
1.09500e+03 6.9941282416e+03 6.4694969070e+00
1.09600e+03 6.9999413504e+03 6.4681283610e+00
1.09700e+03 7.0056801154e+03 2.7691231470e+01
1.09800e+03 7.0109438862e+03 3.6486434873e+00
1.09900e+03 7.0162001728e+03 8.2027680804e+00
1.10000e+03 7.0217566749e+03 2.7312263096e+01
1.10100e+03 7.0274746815e+03 6.4449552781e+00
1.10200e+03 7.0328649945e+03 1.1877319724e+01
1.10300e+03 7.0372906119e+03 1.7298794637e+00
1.10400e+03 7.0420149459e+03 3.6973252449e+00
1.10500e+03 7.0468035633e+03 8.9490238421e+00
1.10600e+03 7.0512140717e+03 6.3046217341e+00
1.10700e+03 7.0565856858e+03 1.1101217705e+01
1.10800e+03 7.0624030953e+03 1.0853392463e+01
1.10900e+03 7.0681983576e+03 1.0919794878e+01
1.11000e+03 7.0736572669e+03 5.7289781646e+00
1.11100e+03 7.0789988929e+03 6.1716212830e+00
1.11200e+03 7.0847747833e+03 6.4567744655e+00
1.11300e+03 7.0905467527e+03 6.4270247509e+00
1.11400e+03 7.0962955158e+03 6.3934704802e+00
1.11500e+03 7.1020367732e+03 9.9678055639e-01
1.11600e+03 7.1072981432e+03 1.0948543584e+01
1.11700e+03 7.1125493757e+03 1.5500978521e+01
1.11800e+03 7.1181016852e+03 1.8157448348e+01
1.11900e+03 7.1236961473e+03 1.7948355041e+01
1.12000e+03 7.1292508157e+03 6.0096581088e+00
1.12100e+03 7.1349477997e+03 6.3120915049e+00
1.12200e+03 7.1406374382e+03 6.2466548177e+00
1.12300e+03 7.1463401682e+03 6.1119163358e+00
1.12400e+03 7.1515777303e+03 5.3639876839e+00
1.12500e+03 7.1568125274e+03 1.3144768458e+01
1.12600e+03 7.1619780373e+03 1.3059571401e+01
1.12700e+03 7.1671992099e+03 5.2303072657e+00
1.12800e+03 7.1723591430e+03 5.2195001930e+00
1.12900e+03 7.1775790806e+03 5.2130456516e+00
1.13000e+03 7.1831148507e+03 6.0869060288e+00
1.13100e+03 7.1887008311e+03 1.0341462853e+01
1.13200e+03 7.1942501657e+03 1.0344685936e+01
1.13300e+03 7.1999447253e+03 6.2379838550e+00
1.13400e+03 7.2056324350e+03 1.6136516735e+01
1.13500e+03 7.2113338265e+03 6.0723590595e+00
1.13600e+03 7.2165702933e+03 5.2843663024e+00
1.13700e+03 7.2227945643e+03 3.6080828159e+01
1.13800e+03 7.2291168135e+03 4.3073536937e+01
1.13900e+03 7.2343480657e+03 5.9682624733e+00
1.14000e+03 7.2398501545e+03 6.0190408448e+00
1.14100e+03 7.2454092916e+03 5.8707674739e+00
1.14200e+03 7.2505739885e+03 7.0206485983e+00
1.14300e+03 7.2557760099e+03 6.3065312856e+00
1.14400e+03 7.2612967952e+03 5.8835931928e+00
1.14500e+03 7.2669888494e+03 2.3471794876e+01
1.14600e+03 7.2723595281e+03 4.2185298736e+00
1.14700e+03 7.2767690137e+03 4.7624336430e+00
1.14800e+03 7.2814816881e+03 8.0232907178e-01
1.14900e+03 7.2863012963e+03 3.3418653764e+00
1.15000e+03 7.2911205184e+03 1.6011659275e+01
1.15100e+03 7.2960019094e+03 4.4891989861e+00
1.15200e+03 7.3005672855e+03 3.9523685899e+00
1.15300e+03 7.3042482573e+03 7.3012891441e-02
1.15400e+03 7.3082365716e+03 7.0988731924e+00
1.15500e+03 7.3122855863e+03 1.2260888236e+01
1.15600e+03 7.3163314364e+03 2.8724899246e+00
1.15700e+03 7.3203706354e+03 8.4219198547e-01
1.15800e+03 7.3244027301e+03 6.5125364378e+00
1.15900e+03 7.3285034558e+03 6.5675505854e+00
1.16000e+03 7.3322794532e+03 7.1643875661e-01
1.16100e+03 7.3359767826e+03 1.9974729885e+01
1.16200e+03 7.3401052002e+03 3.0010020789e+00
1.16300e+03 7.3443442765e+03 3.0596789942e+00
1.16400e+03 7.3485120688e+03 3.1785615006e+00
1.16500e+03 7.3526767616e+03 3.1009994358e+00
1.16600e+03 7.3568131232e+03 3.0664677666e+00
1.16700e+03 7.3609691577e+03 3.0547430716e+00
1.16800e+03 7.3651036751e+03 3.0498441096e+00
1.16900e+03 7.3692226751e+03 3.0162753137e+00
1.17000e+03 7.3730117101e+03 9.9670812607e+00
1.17100e+03 7.3759921955e+03 1.8546483800e+01
1.17200e+03 7.3793033494e+03 8.2336344212e-01
1.17300e+03 7.3826747729e+03 1.4396431226e+00
1.17400e+03 7.3856848584e+03 2.6374037430e+01
1.17500e+03 7.3887246181e+03 8.0347124450e-01
1.17600e+03 7.3917371972e+03 8.0516146936e-01
1.17700e+03 7.3955912637e+03 3.1547381697e+00
1.17800e+03 7.3995306855e+03 9.5269482545e+00
1.17900e+03 7.4025921977e+03 8.2610879071e-01
1.18000e+03 7.4056020878e+03 8.2259368212e-01
1.18100e+03 7.4094602950e+03 8.7799289726e+00
1.18200e+03 7.4137460512e+03 7.8970690115e+00
1.18300e+03 7.4180997644e+03 4.1751540314e+00
1.18400e+03 7.4223662599e+03 6.5645239874e+00
1.18500e+03 7.4266204476e+03 3.2655695541e+00
1.18600e+03 7.4304722624e+03 2.5628130631e+00
1.18700e+03 7.4351961752e+03 8.6570552674e-01
1.18800e+03 7.4400060485e+03 4.2814623543e+00
1.18900e+03 7.4446895859e+03 4.2368054980e+00
1.19000e+03 7.4494516294e+03 4.1847387897e+00
1.19100e+03 7.4532787287e+03 4.9524533569e+00
1.19200e+03 7.4574081975e+03 3.1252772123e+00
1.19300e+03 7.4615695309e+03 1.7275856613e+01
1.19400e+03 7.4653969289e+03 9.3464550479e-01
1.19500e+03 7.4691617483e+03 2.3281252374e+00
1.19600e+03 7.4730258071e+03 2.3624579032e+00
1.19700e+03 7.4760541005e+03 2.3233460287e+00
1.19800e+03 7.4790432805e+03 6.5605707714e+00
1.19900e+03 7.4820969491e+03 2.6523885435e+00
1.20000e+03 7.4855014109e+03 4.3738194977e+00
1.20100e+03 7.4889501774e+03 6.6861765086e+00
1.20200e+03 7.4923922273e+03 1.6182519899e+00
1.20300e+03 7.4958569533e+03 1.6325932188e+00
1.20400e+03 7.4993125410e+03 1.6444983888e+00
1.20500e+03 7.5026809371e+03 6.3344729201e-01
1.20600e+03 7.5057125718e+03 5.8258340694e-02
1.20700e+03 7.5086910302e+03 1.5155343561e+00
1.20800e+03 7.5117642797e+03 7.8146789968e-01
1.20900e+03 7.5147667239e+03 8.0467229743e-01
1.21000e+03 7.5181957531e+03 1.4887006753e+01
1.21100e+03 7.5216552150e+03 4.1924497467e+00
1.21200e+03 7.5247658248e+03 8.4122796510e-01
1.21300e+03 7.5277969338e+03 3.4075622935e+00
1.21400e+03 7.5309099963e+03 3.4066073909e+00
1.21500e+03 7.5332528025e+03 4.2910575020e+00
1.21600e+03 7.5359346369e+03 8.3569340570e-01
1.21700e+03 7.5385029340e+03 2.6474877147e-02
1.21800e+03 7.5407263429e+03 8.8965356484e-01
1.21900e+03 7.5422921876e+03 5.7896213310e-02
1.22000e+03 7.5442198412e+03 7.8062927381e-01
1.22100e+03 7.5462032733e+03 2.1656910841e-01
1.22200e+03 7.5482078992e+03 7.6972364588e-02
1.22300e+03 7.5499802572e+03 1.6606290490e+00
1.22400e+03 7.5517275949e+03 1.4653389235e+00
1.22500e+03 7.5538508178e+03 2.1668620339e-01
1.22600e+03 7.5559488283e+03 1.0567917008e+00
1.22700e+03 7.5580326999e+03 1.0950862646e+00
1.22800e+03 7.5597463962e+03 4.4465575134e+00
1.22900e+03 7.5621056448e+03 6.9593433770e-01
1.23000e+03 7.5645404478e+03 3.9187660233e-01
1.23100e+03 7.5662374955e+03 1.2634635962e+00
1.23200e+03 7.5679076600e+03 7.3877030267e-01
1.23300e+03 7.5702768594e+03 3.8153388656e-01
1.23400e+03 7.5730561016e+03 7.3958185635e-01
1.23500e+03 7.5758450835e+03 6.0106525856e-01
1.23600e+03 7.5785819427e+03 5.5808123788e-01
1.23700e+03 7.5813586898e+03 2.3581570806e-01
1.23800e+03 7.5840873448e+03 2.2737566661e-01
1.23900e+03 7.5868585717e+03 2.2162808979e-01
1.24000e+03 7.5892656981e+03 5.0079675574e-01
1.24100e+03 7.5915946305e+03 4.3493182877e-01
1.24200e+03 7.5943297747e+03 2.2789569571e-01
1.24300e+03 7.5970960938e+03 2.2275996765e-01
1.24400e+03 7.5998192364e+03 2.1053560339e-01
1.24500e+03 7.6028023315e+03 8.9922349393e-01
1.24600e+03 7.6053593751e+03 9.4022371366e-01
1.24700e+03 7.6086022888e+03 1.3519740820e+00
1.24800e+03 7.6119138663e+03 2.6895701718e+00
1.24900e+03 7.6144067223e+03 9.9706033193e-01
1.25000e+03 7.6172182165e+03 1.4846793307e+00
1.25100e+03 7.6199125605e+03 1.4117429105e+00
1.25200e+03 7.6225743058e+03 1.3489338464e+00
1.25300e+03 7.6253051394e+03 1.1068156227e-01
1.25400e+03 7.6276875389e+03 9.2917799336e-01
1.25500e+03 7.6300004769e+03 4.1760922087e-01
1.25600e+03 7.6323911302e+03 4.2544549464e-01
1.25700e+03 7.6347104440e+03 6.3758359561e-03
1.25800e+03 7.6374444816e+03 1.8286320309e-01
1.25900e+03 7.6402121897e+03 2.1955479143e-01
1.26000e+03 7.6426204197e+03 2.3946100489e-02
1.26100e+03 7.6449542653e+03 1.9721212867e-01
1.26200e+03 7.6473627949e+03 1.9731448208e-01
1.26300e+03 7.6490624224e+03 1.2469261198e-01
1.26400e+03 7.6507435616e+03 1.0952936259e+00
1.26500e+03 7.6531266284e+03 4.9221257540e-02
1.26600e+03 7.6559247387e+03 2.8340787517e-01
1.26700e+03 7.6589278409e+03 1.6794790131e+00
1.26800e+03 7.6615096874e+03 9.4987940198e-01
1.26900e+03 7.6647887057e+03 1.1790758837e+00
1.27000e+03 7.6684704418e+03 8.8362591147e-01
1.27100e+03 7.6721388883e+03 2.0666051641e+00
1.27200e+03 7.6757513749e+03 1.9952890202e+00
1.27300e+03 7.6793884164e+03 1.9618888255e+00
1.27400e+03 7.6829772269e+03 1.9362507705e+00
1.27500e+03 7.6867478474e+03 1.7164478173e+00
1.27600e+03 7.6904300982e+03 6.6354593210e+00
1.27700e+03 7.6940879434e+03 5.3908418257e+00
1.27800e+03 7.6973459929e+03 1.8540998104e+00
1.27900e+03 7.7006096317e+03 8.1928350756e+00
1.28000e+03 7.7038259939e+03 4.8417422564e+00
1.28100e+03 7.7078849873e+03 5.5903256433e+00
1.28200e+03 7.7120188660e+03 8.5371533194e+00
1.28300e+03 7.7152517418e+03 1.1547660721e+00
1.28400e+03 7.7184207110e+03 1.1062183523e+00
1.28500e+03 7.7216407875e+03 1.0923128586e+00
1.28600e+03 7.7248253461e+03 1.1068099618e+00
1.28700e+03 7.7280538922e+03 1.1141727141e+00
1.28800e+03 7.7312428237e+03 1.1174313518e+00
1.28900e+03 7.7344741742e+03 1.1191184542e+00
1.29000e+03 7.7380380387e+03 1.9280303494e+00
1.29100e+03 7.7415534899e+03 4.7088035928e+00
1.29200e+03 7.7447193580e+03 2.8065733465e+00
1.29300e+03 7.7471250453e+03 8.2566332549e-01
1.29400e+03 7.7495001208e+03 5.2069427137e-01
1.29500e+03 7.7519343364e+03 4.9164521473e-01
1.29600e+03 7.7547248401e+03 1.8843173202e+00
1.29700e+03 7.7575542233e+03 3.1640227173e+00
1.29800e+03 7.7600155353e+03 4.0491711638e-01
1.29900e+03 7.7632174263e+03 4.8427438804e+00
1.30000e+03 7.7665009227e+03 1.1809454351e+00
1.30100e+03 7.7689669010e+03 1.5218677777e-01
1.30200e+03 7.7713907587e+03 2.3418540911e+00
1.30300e+03 7.7745956201e+03 1.1827348727e+00
1.30400e+03 7.7782186544e+03 5.2414991348e+00
1.30500e+03 7.7819696364e+03 2.8565988120e+00
1.30600e+03 7.7856435809e+03 4.2403636293e+00
1.30700e+03 7.7892051151e+03 4.0296142380e+00
1.30800e+03 7.7927277724e+03 3.4220270826e+00
1.30900e+03 7.7964520704e+03 2.0904897989e+00
1.31000e+03 7.7997417737e+03 2.0473977964e+00
1.31100e+03 7.8038008207e+03 2.6294375877e+00
1.31200e+03 7.8082740340e+03 2.3702934838e+00
1.31300e+03 7.8127940753e+03 7.9574323855e-01
1.31400e+03 7.8168511007e+03 3.3941302234e+00
1.31500e+03 7.8208849374e+03 9.1228943715e+00
1.31600e+03 7.8252231396e+03 3.5476044964e+00
1.31700e+03 7.8295781107e+03 4.9366122103e+00
1.31800e+03 7.8335843198e+03 7.3051411181e+00
1.31900e+03 7.8375116338e+03 5.3908509727e+00
1.32000e+03 7.8415289913e+03 2.6225404142e+00
1.32100e+03 7.8446901651e+03 6.4751866708e-01
1.32200e+03 7.8478029847e+03 4.4412543352e+00
1.32300e+03 7.8509759778e+03 4.2234881459e+00
1.32400e+03 7.8541212326e+03 9.9343681836e-01
1.32500e+03 7.8573157082e+03 1.0139258448e+00
1.32600e+03 7.8608483286e+03 1.9114088725e+00
1.32700e+03 7.8644186768e+03 7.7984761065e+00
1.32800e+03 7.8679752538e+03 5.0976435886e+00
1.32900e+03 7.8714547374e+03 4.8990910775e+00
1.33000e+03 7.8749107878e+03 7.5684621722e+00
1.33100e+03 7.8785827751e+03 1.8995702467e+00
1.33200e+03 7.8818287264e+03 1.1136083617e+00
1.33300e+03 7.8858483522e+03 4.4985447042e+00
1.33400e+03 7.8902861134e+03 2.8793815253e+00
1.33500e+03 7.8947086051e+03 5.6058253490e+00
1.33600e+03 7.8987728563e+03 4.5409397676e+00
1.33700e+03 7.9019786251e+03 1.8092244393e+00
1.33800e+03 7.9051152363e+03 2.4107925503e+00
1.33900e+03 7.9083026249e+03 1.7045651948e+00
1.34000e+03 7.9118302774e+03 5.3918000171e+00
1.34100e+03 7.9153959413e+03 5.2800847887e+00
1.34200e+03 7.9185823629e+03 1.0399536098e+00
1.34300e+03 7.9217885659e+03 3.6822772366e+00
1.34400e+03 7.9249569816e+03 3.6605890866e+00
1.34500e+03 7.9281684872e+03 1.0376818873e+00
1.34600e+03 7.9313415823e+03 1.0413235794e+00
1.34700e+03 7.9345580296e+03 1.0452238409e+00
1.34800e+03 7.9381093635e+03 1.7754322598e+00
1.34900e+03 7.9416120454e+03 9.1980987873e-01
1.35000e+03 7.9447664501e+03 5.8397145870e+00
1.35100e+03 7.9478593993e+03 7.6572820404e+00
1.35200e+03 7.9510432487e+03 9.2950843472e-01
1.35300e+03 7.9541510194e+03 9.4340044191e-01
1.35400e+03 7.9573463368e+03 9.5392501618e-01
1.35500e+03 7.9604629011e+03 9.6176473520e-01
1.35600e+03 7.9640029892e+03 4.3771315392e+00
1.35700e+03 7.9675673648e+03 7.6507001928e+00
1.35800e+03 7.9707798672e+03 9.7798808008e-01
1.35900e+03 7.9739085800e+03 9.8915852879e-01
1.36000e+03 7.9771171019e+03 9.8418879773e-01
1.36100e+03 7.9802447624e+03 9.8215226598e-01
1.36200e+03 7.9837942160e+03 4.9817741904e+00
1.36300e+03 7.9873666309e+03 1.9682540026e+00
1.36400e+03 7.9909022092e+03 1.9524103694e+00
1.36500e+03 7.9944759577e+03 1.7521172525e+00
1.36600e+03 7.9976962834e+03 9.9297395867e-01
1.36700e+03 8.0001500393e+03 7.6269138281e-01
1.36800e+03 8.0029236412e+03 7.9113274983e+00
1.36900e+03 8.0057421533e+03 8.9299212426e+00
1.37000e+03 8.0085626114e+03 2.7878792922e-01
1.37100e+03 8.0112307972e+03 9.0556265393e-01
1.37200e+03 8.0135552980e+03 8.9582499613e-01
1.37300e+03 8.0158362728e+03 9.0409790643e-01
1.37400e+03 8.0182077298e+03 9.5015011798e-01
1.37500e+03 8.0205149714e+03 2.6266790291e-02
1.37600e+03 8.0232416769e+03 1.1734242353e+00
1.37700e+03 8.0261997526e+03 4.1807269918e-01
1.37800e+03 8.0291126250e+03 5.1006895907e-01
1.37900e+03 8.0318468970e+03 1.2383370043e+00
1.38000e+03 8.0342229080e+03 3.0794446945e-02
1.38100e+03 8.0359196215e+03 7.6354371167e+00
1.38200e+03 8.0375979960e+03 6.4153310370e+00
1.38300e+03 8.0399802921e+03 1.2473053940e+00
1.38400e+03 8.0424466478e+03 1.3364027900e+00
1.38500e+03 8.0448226588e+03 6.2851714019e-03
1.38600e+03 8.0476047606e+03 4.7305088796e-01
1.38700e+03 8.0506068943e+03 5.5361690942e-01
1.38800e+03 8.0535569845e+03 5.9028117841e-01
1.38900e+03 8.0564893651e+03 5.1993781635e-01
1.39000e+03 8.0590351143e+03 9.4337849819e-01
1.39100e+03 8.0623089496e+03 1.3704021386e+00
1.39200e+03 8.0656577123e+03 2.2451598697e+00
1.39300e+03 8.0688946499e+03 1.2224865768e+00
1.39400e+03 8.0721998325e+03 1.1776840115e+00
1.39500e+03 8.0754106555e+03 1.1503917903e+00
1.39600e+03 8.0786974747e+03 1.1308779828e+00
1.39700e+03 8.0811867080e+03 1.3822107108e+00
1.39800e+03 8.0840068272e+03 3.8944683965e-01
1.39900e+03 8.0867219511e+03 4.0190673454e+00
1.40000e+03 8.0890876966e+03 9.2107369329e-01
1.40100e+03 8.0914082368e+03 6.8068831794e-01
1.40200e+03 8.0938182084e+03 6.3578157859e-01
1.40300e+03 8.0955217178e+03 3.9666647333e-01
1.40400e+03 8.0972128460e+03 2.2049085667e+00
1.40500e+03 8.0989598829e+03 2.2635424415e-01
1.40600e+03 8.1006979357e+03 4.6924570584e-02
1.40700e+03 8.1031374685e+03 5.1615317391e-01
1.40800e+03 8.1056501567e+03 4.1292041799e-01
1.40900e+03 8.1074143730e+03 6.4056958503e-02
1.41000e+03 8.1095203721e+03 1.9113021118e+00
1.41100e+03 8.1116699574e+03 1.5156529332e+00
1.41200e+03 8.1134603788e+03 4.6326837056e-01
1.41300e+03 8.1159164760e+03 3.9594313542e-01
1.41400e+03 8.1187818545e+03 3.7811800456e+00
1.41500e+03 8.1218478382e+03 9.1639841648e-01
1.41600e+03 8.1248491028e+03 8.9526554573e-01
1.41700e+03 8.1278256645e+03 8.0494822212e-01
1.41800e+03 8.1304098096e+03 3.9817644303e-01
1.41900e+03 8.1337220592e+03 3.0357194717e+00
1.42000e+03 8.1371065447e+03 3.5089339356e+00
1.42100e+03 8.1396606855e+03 3.3639813107e+00
1.42200e+03 8.1421636194e+03 2.9514725201e+00
1.42300e+03 8.1447128918e+03 3.0456906750e-01
1.42400e+03 8.1476052316e+03 4.9941549804e-01
1.42500e+03 8.1505272452e+03 4.4436798086e-01
1.42600e+03 8.1534398635e+03 4.6420215868e-01
1.42700e+03 8.1562002792e+03 1.5829108639e+00
1.42800e+03 8.1589291955e+03 1.4448658333e+00
1.42900e+03 8.1617271737e+03 1.5512565192e-01
1.43000e+03 8.1644923037e+03 1.9118415747e-01
1.43100e+03 8.1673095907e+03 2.1030175571e-01
1.43200e+03 8.1700861765e+03 2.2154727604e-01
1.43300e+03 8.1731256940e+03 5.8124189926e-01
1.43400e+03 8.1760995068e+03 9.5532043945e-01
1.43500e+03 8.1788815456e+03 1.8607750335e-01
1.43600e+03 8.1816239912e+03 1.5175115838e-01
1.43700e+03 8.1844303128e+03 1.7588226392e-01
1.43800e+03 8.1868850259e+03 9.2977251429e-01
1.43900e+03 8.1886446069e+03 8.1789029992e-01
1.44000e+03 8.1903729938e+03 2.7494615796e-01
1.44100e+03 8.1921488395e+03 1.6264668312e-02
1.44200e+03 8.1942821707e+03 4.7888373732e-01
1.44300e+03 8.1962190888e+03 8.6940357013e-01
1.44400e+03 8.1977975974e+03 3.6035532188e-01
1.44500e+03 8.1987712601e+03 1.2805877972e+00
1.44600e+03 8.2001154024e+03 1.4642521307e+00
1.44700e+03 8.2012062343e+03 8.4608618516e-01
1.44800e+03 8.2019431723e+03 1.3574197161e+00
1.44900e+03 8.2021612595e+03 2.1594236419e+00
1.45000e+03 8.2024033948e+03 1.9858523568e+00
1.45100e+03 8.2026988229e+03 1.8401176326e-02
1.45200e+03 8.2033765038e+03 6.6646140443e-01
1.45300e+03 8.2040827161e+03 3.9859277888e+00
1.45400e+03 8.2048140077e+03 9.8510042174e-01
1.45500e+03 8.2051618927e+03 7.4294686371e-01
1.45600e+03 8.2051436300e+03 7.5520068726e-01
1.45700e+03 8.2051109705e+03 1.3375700553e+00
1.45800e+03 8.2051559105e+03 1.2730298535e+00
1.45900e+03 8.2047053213e+03 2.3959275833e+00
1.46000e+03 8.2046557692e+03 1.5230476402e+00
1.46100e+03 8.2042087573e+03 7.9489688755e-01
1.46200e+03 8.2033882986e+03 8.6539863595e-01
1.46300e+03 8.2021913031e+03 1.0214228405e+00
1.46400e+03 8.2010472602e+03 2.7224106508e+00
1.46500e+03 8.1999473417e+03 1.1494311361e+00
1.46600e+03 8.1988749981e+03 7.1699348484e-02
1.46700e+03 8.1978237171e+03 4.8637510733e-02
1.46800e+03 8.1971565534e+03 1.4117135918e+00
1.46900e+03 8.1959861431e+03 7.2339844541e-01
1.47000e+03 8.1944263663e+03 7.3931810120e-01
1.47100e+03 8.1928675378e+03 1.5261689491e+00
1.47200e+03 8.1913753248e+03 1.4570790074e+00
1.47300e+03 8.1898545944e+03 3.8098019713e-02
1.47400e+03 8.1887150860e+03 7.6790027184e+00
1.47500e+03 8.1876614644e+03 7.5545350488e+00
1.47600e+03 8.1862166821e+03 8.5490613477e-02
1.47700e+03 8.1844287765e+03 2.1381769793e+00
1.47800e+03 8.1830517917e+03 2.1167458725e+00
1.47900e+03 8.1811221954e+03 8.7597466083e-01
1.48000e+03 8.1787989964e+03 8.7841673354e-01
1.48100e+03 8.1762372775e+03 7.7381326571e-01
1.48200e+03 8.1737532618e+03 2.8982550857e+00
1.48300e+03 8.1715316442e+03 8.3722108583e+00
1.48400e+03 8.1696817120e+03 1.3946735906e+00
1.48500e+03 8.1684727948e+03 7.9457004194e+00
1.48600e+03 8.1672952586e+03 7.5383808462e+00
1.48700e+03 8.1660733663e+03 7.8495325720e-01
1.48800e+03 8.1645030550e+03 6.5885238420e+00
1.48900e+03 8.1632049533e+03 4.6976309549e-01
1.49000e+03 8.1619464240e+03 6.4375584966e+00
1.49100e+03 8.1606189093e+03 2.9412952982e-02
1.49200e+03 8.1593285736e+03 3.1806441287e-02
1.49300e+03 8.1579856699e+03 1.5389000363e-02
1.49400e+03 8.1570087630e+03 6.8648041580e+00
1.49500e+03 8.1565930431e+03 5.7757629701e+00
1.49600e+03 8.1558276875e+03 8.0495575284e-01
1.49700e+03 8.1550232363e+03 6.9158736959e+00
1.49800e+03 8.1542055940e+03 1.4279476270e+00
1.49900e+03 8.1537733731e+03 5.6910607715e+00
1.50000e+03 8.1533758026e+03 6.0161925983e+00
1.50100e+03 8.1524840666e+03 1.0683644761e+00
1.50200e+03 8.1516089656e+03 5.7428283195e+00
1.50300e+03 8.1511472266e+03 2.8571394726e-01
1.50400e+03 8.1510557153e+03 8.8539569065e-01
1.50500e+03 8.1514310026e+03 6.1407827583e-01
1.50600e+03 8.1517923060e+03 1.5388395446e+00
1.50700e+03 8.1521088500e+03 1.4785574560e+00
1.50800e+03 8.1524215985e+03 4.8554831807e-02
1.50900e+03 8.1522700678e+03 5.5886424205e+00
1.51000e+03 8.1520538304e+03 4.7882638222e+00
1.51100e+03 8.1519264511e+03 4.7593241325e+00
1.51200e+03 8.1517388185e+03 2.8604720118e-02
1.51300e+03 8.1516245595e+03 4.1696383039e-02
1.51400e+03 8.1511178881e+03 5.4660189904e-01
1.51500e+03 8.1501834700e+03 1.4461123394e+00
1.51600e+03 8.1492687799e+03 4.8985372128e-01
1.51700e+03 8.1487617269e+03 3.9157030897e+00
1.51800e+03 8.1483072917e+03 8.6710730097e-01
1.51900e+03 8.1473760874e+03 3.2137937187e-03
1.52000e+03 8.1468356582e+03 5.5167154116e+00
1.52100e+03 8.1463228326e+03 6.3890746078e+00
1.52200e+03 8.1458432835e+03 5.5715461397e+00
1.52300e+03 8.1453488248e+03 1.6523904517e+00
1.52400e+03 8.1445110685e+03 8.0144404243e-02
1.52500e+03 8.1440358390e+03 3.1823430419e-02
1.52600e+03 8.1436101051e+03 3.1911923110e-02
1.52700e+03 8.1427012412e+03 7.0795514340e+00
1.52800e+03 8.1418143852e+03 4.7471771794e+00
1.52900e+03 8.1413443048e+03 5.1491737067e-03
1.53000e+03 8.1412483250e+03 5.5407733504e+00
1.53100e+03 8.1416228264e+03 3.0262571501e+00
1.53200e+03 8.1419859041e+03 8.4262689968e-01
1.53300e+03 8.1423060231e+03 7.8740178844e-01
1.53400e+03 8.1422556083e+03 8.4158519897e-01
1.53500e+03 8.1426374494e+03 6.7960494399e-01
1.53600e+03 8.1433930020e+03 8.5153237888e-01
1.53700e+03 8.1441702915e+03 6.3997804470e-01
1.53800e+03 8.1445483789e+03 4.5680374867e+00
1.53900e+03 8.1448579876e+03 3.2252576118e+00
1.54000e+03 8.1455429100e+03 7.0996829884e-01
1.54100e+03 8.1462743561e+03 3.9081268980e+00
1.54200e+03 8.1469403357e+03 3.9231615554e+00
1.54300e+03 8.1480434629e+03 7.8300830447e-01
1.54400e+03 8.1487509082e+03 1.6216783207e+00
1.54500e+03 8.1499396442e+03 5.3131700917e-01
1.54600e+03 8.1511744826e+03 8.4386213358e-01
1.54700e+03 8.1517724387e+03 1.6266772380e+00
1.54800e+03 8.1523523951e+03 1.7525394781e+00
1.54900e+03 8.1529607297e+03 1.0378544264e-02
1.55000e+03 8.1539252047e+03 3.2539914100e+00
1.55100e+03 8.1545507692e+03 1.6500857392e+00
1.55200e+03 8.1551176609e+03 5.8908035187e-01
1.55300e+03 8.1557677950e+03 2.4569536860e-02
1.55400e+03 8.1563654348e+03 3.0748082199e-02
1.55500e+03 8.1570311355e+03 1.5566629932e-02
1.55600e+03 8.1573138485e+03 2.5668077512e+00
1.55700e+03 8.1575440661e+03 3.5573622360e+00
1.55800e+03 8.1578325777e+03 5.7984689820e-03
1.55900e+03 8.1580633834e+03 5.8809169104e-04
1.56000e+03 8.1586827410e+03 2.1717840884e-02
1.56100e+03 8.1593571718e+03 1.7253994099e+00
1.56200e+03 8.1599727502e+03 3.7792559228e-03
1.56300e+03 8.1606500756e+03 8.8079515581e-04
1.56400e+03 8.1609407631e+03 2.1760180330e-03
1.56500e+03 8.1607306800e+03 4.0691551997e+00
1.56600e+03 8.1608904210e+03 8.0473391577e-01
1.56700e+03 8.1610790597e+03 4.9691551489e+00
1.56800e+03 8.1609257162e+03 4.7136716015e+00
1.56900e+03 8.1607684403e+03 7.5112199808e-01
1.57000e+03 8.1606084544e+03 6.6423895287e-03
1.57100e+03 8.1604617845e+03 1.0606060168e-02
1.57200e+03 8.1606793571e+03 3.9632301923e+00
1.57300e+03 8.1609060912e+03 3.9211715256e+00
1.57400e+03 8.1611496198e+03 2.5955984705e-02
1.57500e+03 8.1613801509e+03 2.9727043962e-02
1.57600e+03 8.1616269519e+03 3.2723511281e-03
1.57700e+03 8.1618592304e+03 5.0165200014e-03
1.57800e+03 8.1617382280e+03 3.8983342134e-02
1.57900e+03 8.1616062674e+03 3.9153585081e+00
1.58000e+03 8.1614672668e+03 1.7998105457e-02
1.58100e+03 8.1613389592e+03 3.6529942308e-03
1.58200e+03 8.1612035576e+03 3.5989585613e-03
1.58300e+03 8.1615454043e+03 1.2896164593e-01
1.58400e+03 8.1619340840e+03 3.7639149802e+00
1.58500e+03 8.1622355481e+03 4.0382706244e-02
1.58600e+03 8.1625843485e+03 8.0221662553e-02
1.58700e+03 8.1628641452e+03 2.1667339675e-02
1.58800e+03 8.1635258078e+03 3.9749775162e+00
1.58900e+03 8.1645988920e+03 8.4080563189e-01
1.59000e+03 8.1652907853e+03 8.9413964102e-01
1.59100e+03 8.1664766866e+03 3.0648979084e+00
1.59200e+03 8.1677091761e+03 2.1997895797e+00
1.59300e+03 8.1688410507e+03 5.4026748794e-02
1.59400e+03 8.1700201163e+03 1.0739665864e-01
1.59500e+03 8.1705800394e+03 7.3614384152e-01
1.59600e+03 8.1715006600e+03 6.7381968262e-01
1.59700e+03 8.1724533564e+03 5.5275800947e-01
1.59800e+03 8.1730528125e+03 3.2082429594e+00
1.59900e+03 8.1736504897e+03 6.6298678912e-01
1.60000e+03 8.1742338530e+03 1.6092750952e-02
1.60100e+03 8.1753707329e+03 5.0053907280e-03
1.60200e+03 8.1765609829e+03 1.6184777516e-02
1.60300e+03 8.1771158239e+03 4.2836180267e-02
1.60400e+03 8.1780281180e+03 8.3265955618e-03
1.60500e+03 8.1789716678e+03 1.7464724163e-02
1.60600e+03 8.1799298570e+03 4.5895129531e-02
1.60700e+03 8.1808828763e+03 5.5318653158e-02
1.60800e+03 8.1814769832e+03 1.5743965521e-02
1.60900e+03 8.1825909739e+03 2.2889243975e-02
1.61000e+03 8.1840944437e+03 8.4180713760e-01
1.61100e+03 8.1859236179e+03 8.7615484754e-01
1.61200e+03 8.1873440974e+03 8.0350630876e-01
1.61300e+03 8.1893272291e+03 1.7101062527e+00
1.61400e+03 8.1913596243e+03 2.5276750781e+00
1.61500e+03 8.1932810603e+03 6.1695709838e-02
1.61600e+03 8.1955848631e+03 8.0033305305e-01
1.61700e+03 8.1979084995e+03 6.8419348187e-01
1.61800e+03 8.1998532079e+03 1.4932089262e-01
1.61900e+03 8.2011338451e+03 7.6332712215e-01
1.62000e+03 8.2023830397e+03 1.4754771997e+00
1.62100e+03 8.2036679202e+03 4.2432997197e-03
1.62200e+03 8.2049366166e+03 1.9501708677e-02
1.62300e+03 8.2062317010e+03 1.0203980868e-02
1.62400e+03 8.2075060519e+03 5.6545183197e-03
1.62500e+03 8.2094151697e+03 7.8721462875e-01
1.62600e+03 8.2113831033e+03 8.0965261685e-01
1.62700e+03 8.2132485230e+03 4.3698162707e-02
1.62800e+03 8.2155022564e+03 7.3357869735e-01
1.62900e+03 8.2177823370e+03 7.7640094358e-01
1.63000e+03 8.2196880145e+03 1.0591053751e-01
1.63100e+03 8.2215148365e+03 7.7144278529e-01
1.63200e+03 8.2234054936e+03 7.8569174848e-01
1.63300e+03 8.2252194464e+03 1.2869228035e-02
1.63400e+03 8.2274352628e+03 8.1354158241e-01
1.63500e+03 8.2296841053e+03 8.4396618370e-01
1.63600e+03 8.2318824637e+03 8.6058018518e-01
1.63700e+03 8.2343824498e+03 6.7081198814e-01
1.63800e+03 8.2364625585e+03 7.6500306356e-01
1.63900e+03 8.2391742577e+03 6.9216832363e-01
1.64000e+03 8.2419465596e+03 1.7731231442e-01
1.64100e+03 8.2446064304e+03 1.2530660993e-01
1.64200e+03 8.2473252518e+03 7.1700777796e-02
1.64300e+03 8.2499506396e+03 3.7146112519e-02
1.64400e+03 8.2529796268e+03 1.2826250432e+00
1.64500e+03 8.2560269094e+03 1.2200629514e+00
1.64600e+03 8.2587074066e+03 1.2152824970e-03
1.64700e+03 8.2613013061e+03 9.1855718570e-01
1.64800e+03 8.2642993205e+03 7.3587383122e-01
1.64900e+03 8.2674978856e+03 6.9857888126e-01
1.65000e+03 8.2702724200e+03 1.0828784633e+00
1.65100e+03 8.2730249392e+03 1.7371572322e+00
1.65200e+03 8.2760981915e+03 1.0316499880e+00
1.65300e+03 8.2791895646e+03 9.2342636408e-01
1.65400e+03 8.2822618082e+03 8.5252799187e-01
1.65500e+03 8.2851914613e+03 6.1750843546e-01
1.65600e+03 8.2877682014e+03 1.0316878593e+00
1.65700e+03 8.2896427163e+03 7.2456704747e-01
1.65800e+03 8.2914930104e+03 1.7408534891e-02
1.65900e+03 8.2933956173e+03 2.8091986232e-02
1.66000e+03 8.2952843782e+03 6.6530703610e-02
1.66100e+03 8.2978873099e+03 7.4417010531e-01
1.66200e+03 8.3008958774e+03 8.6408978158e-01
1.66300e+03 8.3040885605e+03 9.5298549927e-01
1.66400e+03 8.3068508850e+03 8.7356355951e-01
1.66500e+03 8.3095880038e+03 8.3451196515e-01
1.66600e+03 8.3126452537e+03 9.3703871448e-01
1.66700e+03 8.3157210673e+03 8.1923224742e-01
1.66800e+03 8.3187771185e+03 8.1721431345e-01
1.66900e+03 8.3216879832e+03 8.4443731050e-01
1.67000e+03 8.3242461128e+03 1.5669733677e+00
1.67100e+03 8.3267471572e+03 8.0777787364e-01
1.67200e+03 8.3293315636e+03 2.6276806663e-02
1.67300e+03 8.3318422156e+03 3.5858057428e-02
1.67400e+03 8.3347679502e+03 1.6876126370e+00
1.67500e+03 8.3379037676e+03 8.7640086761e-01
1.67600e+03 8.3406226768e+03 7.9026217335e-01
1.67700e+03 8.3433243781e+03 1.7170812221e+00
1.67800e+03 8.3463513225e+03 8.4641765682e-01
1.67900e+03 8.3493991815e+03 7.5761280471e-01
1.68000e+03 8.3524307136e+03 7.6144297575e-01
1.68100e+03 8.3553180040e+03 1.6623507381e+00
1.68200e+03 8.3581721070e+03 1.5607479965e+00
1.68300e+03 8.3610916525e+03 1.5914423440e+00
1.68400e+03 8.3639772231e+03 4.8612883905e-01
1.68500e+03 8.3671177696e+03 8.5336912678e-01
1.68600e+03 8.3701916584e+03 8.9487237512e-01
1.68700e+03 8.3732426021e+03 8.0437460726e-01
1.68800e+03 8.3762698527e+03 7.5693215167e-01
1.68900e+03 8.3793006881e+03 7.3606690087e-01
1.69000e+03 8.3819498682e+03 1.6456350422e+00
1.69100e+03 8.3853425615e+03 4.5401063298e+00
1.69200e+03 8.3888128626e+03 5.2042890474e+00
1.69300e+03 8.3921706864e+03 1.5061502164e+00
1.69400e+03 8.3959338527e+03 2.8143512573e+00
1.69500e+03 8.3997067059e+03 4.1504873423e+00
1.69600e+03 8.4031208754e+03 1.4485123299e+00
1.69700e+03 8.4057401724e+03 3.1740011787e+00
1.69800e+03 8.4083043519e+03 4.0226736011e+00
1.69900e+03 8.4109164874e+03 7.9002045141e-01
1.70000e+03 8.4135019111e+03 2.1244217930e-02
1.70100e+03 8.4161285813e+03 3.5757521896e-02
1.70200e+03 8.4187238131e+03 9.8081569377e-03
1.70300e+03 8.4221060867e+03 1.4715135591e+00
1.70400e+03 8.4255612796e+03 1.5110654963e+00
1.70500e+03 8.4289029353e+03 1.4689365998e+00
1.70600e+03 8.4326501944e+03 2.1936741830e+00
1.70700e+03 8.4364078134e+03 2.1762462277e+00
1.70800e+03 8.4401220456e+03 2.1410430270e+00
1.70900e+03 8.4440039847e+03 1.6793069652e+00
1.71000e+03 8.4477995296e+03 5.8872763875e+00
1.71100e+03 8.4515736926e+03 4.9454097551e+00
1.71200e+03 8.4549476293e+03 3.7162144731e+00
1.71300e+03 8.4591343088e+03 3.4893052784e+00
1.71400e+03 8.4634006181e+03 5.7643999655e+00
1.71500e+03 8.4667582981e+03 5.7939942017e+00
1.71600e+03 8.4700480841e+03 3.4016652935e+00
1.71700e+03 8.4742023539e+03 3.0819444063e+00
1.71800e+03 8.4787801702e+03 3.0980248411e+00
1.71900e+03 8.4833416509e+03 6.0571179106e+00
1.72000e+03 8.4878573007e+03 3.7544535255e+00
1.72100e+03 8.4924672732e+03 2.8933855199e+00
1.72200e+03 8.4969720653e+03 6.7603079503e+00
1.72300e+03 8.5014434325e+03 3.6411581448e+00
1.72400e+03 8.5055676663e+03 2.9367871092e+00
1.72500e+03 8.5096112166e+03 3.6205521288e+00
1.72600e+03 8.5140822519e+03 3.5929025593e+00
1.72700e+03 8.5185668676e+03 3.6025581572e+00
1.72800e+03 8.5230193799e+03 3.5804326521e+00
1.72900e+03 8.5275789546e+03 4.6455737899e+00
1.73000e+03 8.5320403626e+03 7.1930884702e+00
1.73100e+03 8.5364700062e+03 3.5218801660e+00
1.73200e+03 8.5405561175e+03 3.5788090719e+00
1.73300e+03 8.5438041951e+03 1.3829840511e+01
1.73400e+03 8.5473677150e+03 2.6204702252e+00
1.73500e+03 8.5509850188e+03 8.8614742994e+00
1.73600e+03 8.5545982931e+03 1.8623365358e+00
1.73700e+03 8.5581482703e+03 8.7966632790e-01
1.73800e+03 8.5613646477e+03 5.5034623971e+00
1.73900e+03 8.5638282593e+03 3.6938579582e+00
1.74000e+03 8.5662638754e+03 1.5904984624e+01
1.74100e+03 8.5694919932e+03 7.4603353512e+00
1.74200e+03 8.5731507869e+03 4.5372219323e+00
1.74300e+03 8.5769418508e+03 2.0342342190e+00
1.74400e+03 8.5806619272e+03 2.1390022264e+00
1.74500e+03 8.5843688298e+03 2.0527019510e+00
1.74600e+03 8.5880464684e+03 2.0082114107e+00
1.74700e+03 8.5917343657e+03 1.9871980136e+00
1.74800e+03 8.5950353126e+03 8.6533079424e-01
1.74900e+03 8.5983508424e+03 4.9949845932e+00
1.75000e+03 8.6016239493e+03 4.9621496970e+00
1.75100e+03 8.6049385047e+03 1.2065008924e+00
1.75200e+03 8.6085849634e+03 1.9540308814e+00
1.75300e+03 8.6122657176e+03 1.9449336608e+00
1.75400e+03 8.6159284048e+03 1.9592172315e+00
1.75500e+03 8.6195216620e+03 4.5759646715e+00
1.75600e+03 8.6227746697e+03 9.9220784205e+00
1.75700e+03 8.6252637994e+03 1.8764338942e+00
1.75800e+03 8.6277206977e+03 2.2636431966e+00
1.75900e+03 8.6302380264e+03 2.8199019239e-02
1.76000e+03 8.6327386711e+03 7.1917188327e-02
1.76100e+03 8.6352868695e+03 3.0869745210e-02
1.76200e+03 8.6381826550e+03 7.6690169799e-01
1.76300e+03 8.6411130637e+03 8.3827773219e-01
1.76400e+03 8.6436715776e+03 8.8708167139e-02
1.76500e+03 8.6462466247e+03 2.5316673655e-01
1.76600e+03 8.6487912368e+03 2.6681546172e-01
1.76700e+03 8.6513747888e+03 2.5804361027e-01
1.76800e+03 8.6542997871e+03 8.6665220540e-01
1.76900e+03 8.6571078866e+03 5.7039198614e+00
1.77000e+03 8.6595615650e+03 6.2353862670e-01
1.77100e+03 8.6613221387e+03 1.7676359397e-01
1.77200e+03 8.6634353180e+03 8.1181891974e-01
1.77300e+03 8.6653749330e+03 2.4556947789e-01
1.77400e+03 8.6672904641e+03 7.1052255862e+00
1.77500e+03 8.6692940054e+03 6.3926284891e-02
1.77600e+03 8.6712688773e+03 5.9340846435e-02
1.77700e+03 8.6733110136e+03 8.4004212442e-02
1.77800e+03 8.6753137693e+03 2.7883692356e-02
1.77900e+03 8.6773769895e+03 4.8939835441e-02
1.78000e+03 8.6790770364e+03 9.3021832060e-01
1.78100e+03 8.6801531432e+03 1.3306816490e+00
1.78200e+03 8.6815800646e+03 6.8625790734e-01
1.78300e+03 8.6830478414e+03 1.6405611219e+00
1.78400e+03 8.6841670945e+03 3.1890823592e+00
1.78500e+03 8.6852977916e+03 7.9577372792e-01
1.78600e+03 8.6867880016e+03 1.2556142922e+00
1.78700e+03 8.6883019764e+03 2.0585247221e+00
1.78800e+03 8.6898259796e+03 3.3793135100e-02
1.78900e+03 8.6910471615e+03 8.4203841189e-01
1.79000e+03 8.6922299553e+03 2.9800611054e+00
1.79100e+03 8.6935008855e+03 9.5280482658e-01
1.79200e+03 8.6944126025e+03 2.9126587962e+00
1.79300e+03 8.6947717010e+03 1.9921979202e+00
1.79400e+03 8.6955000665e+03 2.5886861390e+00
1.79500e+03 8.6962686755e+03 1.8265362591e+00
1.79600e+03 8.6966970215e+03 3.4760908400e+00
1.79700e+03 8.6976431611e+03 5.3492772790e+00
1.79800e+03 8.6989881086e+03 7.8969837821e-01
1.79900e+03 8.7003631586e+03 2.6593167713e+00
1.80000e+03 8.7013582688e+03 1.9068125037e+00
1.80100e+03 8.7017800872e+03 2.5233775980e+00
1.80200e+03 8.7021959569e+03 6.0606413736e-01
1.80300e+03 8.7031684522e+03 7.6255300499e-01
1.80400e+03 8.7042082130e+03 1.3107278106e+00
1.80500e+03 8.7046372661e+03 7.2347379805e-03
1.80600e+03 8.7054337946e+03 2.3399820901e+00
1.80700e+03 8.7059078164e+03 9.0102823567e-01
1.80800e+03 8.7060093801e+03 9.3819709949e-01
1.80900e+03 8.7060923973e+03 8.8947811969e-01
1.81000e+03 8.7065761616e+03 3.2693283476e+00
1.81100e+03 8.7075038983e+03 3.6496819957e+00
1.81200e+03 8.7084296385e+03 1.0194278224e+00
1.81300e+03 8.7093303643e+03 2.9627410749e-01
1.81400e+03 8.7098667993e+03 1.5298138586e+00
1.81500e+03 8.7103955336e+03 3.2563693189e+00
1.81600e+03 8.7112790528e+03 4.2220953136e-02
1.81700e+03 8.7121741989e+03 7.9690360837e-01
1.81800e+03 8.7127108257e+03 1.9173231658e-04
1.81900e+03 8.7137641531e+03 2.2957488283e+00
1.82000e+03 8.7152064149e+03 1.9014197266e-01
1.82100e+03 8.7169802069e+03 8.7864590631e-01
1.82200e+03 8.7187120675e+03 8.4834128183e-01
1.82300e+03 8.7201145939e+03 2.5275062450e+00
1.82400e+03 8.7214576250e+03 2.6242094352e+00
1.82500e+03 8.7231974303e+03 8.1350616758e-01
1.82600e+03 8.7245377162e+03 1.4897939003e+00
1.82700e+03 8.7264361036e+03 1.8677217733e-01
1.82800e+03 8.7287239697e+03 1.5707962573e+00
1.82900e+03 8.7310154605e+03 4.7084045293e-02
1.83000e+03 8.7329228736e+03 1.5627776803e+00
1.83100e+03 8.7341675657e+03 1.5212720272e+00
1.83200e+03 8.7357479299e+03 2.0505137379e+00
1.83300e+03 8.7373596519e+03 2.1765464609e+00
1.83400e+03 8.7389793344e+03 5.3960612116e-01
1.83500e+03 8.7403033834e+03 1.1779211769e+00
1.83600e+03 8.7415862685e+03 2.7606486455e+00
1.83700e+03 8.7432806494e+03 4.5640758041e-01
1.83800e+03 8.7445853980e+03 2.5489390233e-01
1.83900e+03 8.7464527590e+03 1.5922412623e+00
1.84000e+03 8.7483812522e+03 4.9809668085e-01
1.84100e+03 8.7496144212e+03 2.5990528639e+00
1.84200e+03 8.7511913625e+03 1.2194843830e+00
1.84300e+03 8.7525189315e+03 8.4961692042e-01
1.84400e+03 8.7534787292e+03 3.0363611879e+00
1.84500e+03 8.7544053731e+03 2.3478696455e+00
1.84600e+03 8.7554095631e+03 4.8439580250e-01
1.84700e+03 8.7563575386e+03 2.1331630508e-02
1.84800e+03 8.7577074185e+03 7.8177251220e-01
1.84900e+03 8.7594124375e+03 2.1975879068e-01
1.85000e+03 8.7607313410e+03 2.5822989401e+00
1.85100e+03 8.7620273161e+03 1.1554587115e+00
1.85200e+03 8.7636626252e+03 7.9039957969e-01
1.85300e+03 8.7650262896e+03 2.6496463550e+00
1.85400e+03 8.7663377124e+03 2.8388226147e-01
1.85500e+03 8.7680506472e+03 1.7695614258e+00
1.85600e+03 8.7697355014e+03 1.9636719466e+00
1.85700e+03 8.7710963601e+03 2.8640408942e-01
1.85800e+03 8.7724070497e+03 1.7685251245e+00
1.85900e+03 8.7737948666e+03 5.2093787079e-01
1.86000e+03 8.7748167208e+03 1.1366390521e+00
1.86100e+03 8.7752735988e+03 2.4309458221e+00
1.86200e+03 8.7760923442e+03 8.6610874669e-01
1.86300e+03 8.7769472636e+03 1.6602548257e+00
1.86400e+03 8.7774573588e+03 2.6042315869e+00
1.86500e+03 8.7779716040e+03 1.9673442150e+00
1.86600e+03 8.7784787743e+03 2.9249180789e-03
1.86700e+03 8.7790075004e+03 1.4480856991e-02
1.86800e+03 8.7798963532e+03 1.3702068298e+00
1.86900e+03 8.7804424562e+03 1.9772163394e+00
1.87000e+03 8.7806108109e+03 1.4946195735e+00
1.87100e+03 8.7807542989e+03 3.6358332662e+00
1.87200e+03 8.7812949053e+03 2.4286776920e+00
1.87300e+03 8.7819023790e+03 1.4317543131e+00
1.87400e+03 8.7824576474e+03 1.4662040437e-02
1.87500e+03 8.7830817069e+03 1.6585851412e-02
1.87600e+03 8.7833240000e+03 3.5582590257e+00
1.87700e+03 8.7830716618e+03 1.3609021997e+00
1.87800e+03 8.7828287243e+03 4.3823051676e+00
1.87900e+03 8.7826194416e+03 7.4594326613e-01
1.88000e+03 8.7824169440e+03 4.0439930520e-02
1.88100e+03 8.7822337596e+03 2.6098328410e-02
1.88200e+03 8.7824190237e+03 9.2186904150e-01
1.88300e+03 8.7826166738e+03 4.9717645690e+00
1.88400e+03 8.7824652009e+03 5.1024592134e-02
1.88500e+03 8.7823065018e+03 8.9646182264e-01
1.88600e+03 8.7821434492e+03 1.1579673392e-02
1.88700e+03 8.7819929026e+03 8.1525067753e-03
1.88800e+03 8.7822065954e+03 3.1422834605e+00
1.88900e+03 8.7824296610e+03 2.5627564373e+00
1.89000e+03 8.7823003755e+03 3.3767085304e-02
1.89100e+03 8.7826156813e+03 2.2397838653e+00
1.89200e+03 8.7829853835e+03 2.1101349086e+00
1.89300e+03 8.7832720459e+03 2.8643377158e-02
1.89400e+03 8.7839330120e+03 3.0650145241e+00
1.89500e+03 8.7846422091e+03 3.9786467053e+00
1.89600e+03 8.7852876977e+03 3.9901455057e+00
1.89700e+03 8.7863734609e+03 8.9643090084e-01
1.89800e+03 8.7874303946e+03 2.6174989356e+00
1.89900e+03 8.7884489103e+03 6.7247568210e-02
1.90000e+03 8.7890930436e+03 1.4927400192e+00
1.90100e+03 8.7902473406e+03 3.7932560812e+00
1.90200e+03 8.7917866882e+03 1.3406068445e+00
1.90300e+03 8.7933403718e+03 7.5445474940e-01
1.90400e+03 8.7945045954e+03 4.0129793881e-02
1.90500e+03 8.7950739307e+03 3.3258040831e+00
1.90600e+03 8.7959923492e+03 2.0569553833e-01
1.90700e+03 8.7965851050e+03 1.0010174697e+00
1.90800e+03 8.7968025227e+03 3.9302324186e+00
1.90900e+03 8.7965415988e+03 8.3025912487e-01
1.91000e+03 8.7966703953e+03 7.8962205225e-01
1.91100e+03 8.7964097634e+03 1.8612459171e+00
1.91200e+03 8.7961046947e+03 1.8444162271e+00
1.91300e+03 8.7963572651e+03 2.2571925512e+00
1.91400e+03 8.7962549441e+03 4.5359171402e+00
1.91500e+03 8.7965722476e+03 3.7275132633e+00
1.91600e+03 8.7969428286e+03 1.0153173767e+00
1.91700e+03 8.7967607012e+03 2.6238624337e+00
1.91800e+03 8.7965860172e+03 3.7961487230e+00
1.91900e+03 8.7969050759e+03 1.7551797055e-03
1.92000e+03 8.7976081094e+03 1.2468331668e+00
1.92100e+03 8.7987076259e+03 1.8557128559e+00
1.92200e+03 8.7994174959e+03 8.8630736798e-01
1.92300e+03 8.8006183615e+03 3.6377932733e-01
1.92400e+03 8.8021953944e+03 9.3091458258e-01
1.92500e+03 8.8040806062e+03 7.8569535903e-01
1.92600e+03 8.8055499938e+03 6.9183061103e-01
1.92700e+03 8.8069792744e+03 1.6114079767e+00
1.92800e+03 8.8083632170e+03 1.5243515609e+00
1.92900e+03 8.8103701738e+03 3.8496699271e-02
1.93000e+03 8.8127586394e+03 1.5473991702e+00
1.93100e+03 8.8153792033e+03 7.3535203909e-01
1.93200e+03 8.8179323558e+03 1.6491012270e-01
1.93300e+03 8.8204485772e+03 2.6908766012e-01
1.93400e+03 8.8229340962e+03 3.3645208171e-01
1.93500e+03 8.8254078494e+03 3.7858382637e-01
1.93600e+03 8.8278625303e+03 4.0904326959e-01
1.93700e+03 8.8303117551e+03 4.3316270343e-01
1.93800e+03 8.8327463455e+03 4.5282010751e-01
1.93900e+03 8.8351782905e+03 4.6964706280e-01
1.94000e+03 8.8375981499e+03 4.0556067165e-01
1.94100e+03 8.8400170474e+03 4.1820262552e-01
1.94200e+03 8.8420584272e+03 6.5743723959e-01
1.94300e+03 8.8441018799e+03 1.1528453820e+00
1.94400e+03 8.8461125879e+03 1.1823643023e+00
1.94500e+03 8.8481504228e+03 5.6178369728e-03
1.94600e+03 8.8501566360e+03 1.0107038665e-02
1.94700e+03 8.8521912268e+03 3.2440596442e-03
1.94800e+03 8.8541940743e+03 6.6064949037e-03
1.94900e+03 8.8569131587e+03 2.1725834618e+00
1.95000e+03 8.8596951276e+03 1.6263734473e+00
1.95100e+03 8.8623649275e+03 1.1500679386e-01
1.95200e+03 8.8654296768e+03 5.9682760354e-02
1.95300e+03 8.8685097509e+03 1.0327070092e+00
1.95400e+03 8.8712220943e+03 4.5266323852e-02
1.95500e+03 8.8732006886e+03 5.5996520973e-02
1.95600e+03 8.8751360099e+03 1.4343386578e+00
1.95700e+03 8.8777859152e+03 2.5326367446e-02
1.95800e+03 8.8805120211e+03 3.9063506140e-02
1.95900e+03 8.8824727852e+03 1.1930486329e-01
1.96000e+03 8.8843994195e+03 1.6614077870e-02
1.96100e+03 8.8870486897e+03 3.8389370726e-02
1.96200e+03 8.8901081237e+03 1.0263589338e+00
1.96300e+03 8.8933453742e+03 9.7208556198e-01
1.96400e+03 8.8965136409e+03 1.7800814978e+00
1.96500e+03 8.8995124075e+03 7.2011091343e-01
1.96600e+03 8.9024649706e+03 6.1251998282e-01
1.96700e+03 8.9054723801e+03 6.2055044244e-01
1.96800e+03 8.9084397918e+03 6.3477846340e-01
1.96900e+03 8.9114503606e+03 6.3730291447e-01
1.97000e+03 8.9140998950e+03 3.8220500713e-02
1.97100e+03 8.9160327018e+03 1.6132089869e+00
1.97200e+03 8.9182926037e+03 1.0676216130e+00
1.97300e+03 8.9203752505e+03 9.2792200944e-01
1.97400e+03 8.9224269737e+03 1.2060169665e+00
1.97500e+03 8.9248211256e+03 1.8480242880e+00
1.97600e+03 8.9271799901e+03 5.8754040784e-01
1.97700e+03 8.9292945819e+03 1.1728659125e+00
1.97800e+03 8.9313698562e+03 2.6404220261e-01
1.97900e+03 8.9337837443e+03 5.6721666701e-01
1.98000e+03 8.9361567784e+03 5.5247981877e-01
1.98100e+03 8.9382817230e+03 2.7413092014e-01
1.98200e+03 8.9403652449e+03 5.5840178045e-01
1.98300e+03 8.9425211174e+03 5.2691551320e-01
1.98400e+03 8.9443203219e+03 7.4100602179e-01
1.98500e+03 8.9454850045e+03 8.4045041639e-01
1.98600e+03 8.9466319325e+03 7.4135523052e-01
1.98700e+03 8.9478232098e+03 2.6594712365e-02
1.98800e+03 8.9490077982e+03 3.7660384493e-02
1.98900e+03 8.9508264932e+03 3.6622742544e-01
1.99000e+03 8.9527128071e+03 3.8807571034e-01
1.99100e+03 8.9539073934e+03 3.3090666475e-03
1.99200e+03 8.9554535363e+03 8.2689124231e-01
1.99300e+03 8.9570393641e+03 2.2060520392e+00
1.99400e+03 8.9582702507e+03 3.1956304430e-01
1.99500e+03 8.9601029775e+03 1.4031850860e-02
1.99600e+03 8.9620061984e+03 3.0924862456e-02
1.99700e+03 8.9638153923e+03 2.3532930040e-02
1.99800e+03 8.9656869776e+03 5.5145001175e-02
1.99900e+03 8.9674797297e+03 1.6441735538e-02
2.00000e+03 8.9696735896e+03 9.8772861089e-01
