0.00000e+00 0.0000000000e+00 0.0000000000e+00
1.00000e+00 1.1089803251e+02 1.1089803251e+02
2.00000e+00 2.2602348884e+02 1.1512545633e+02
3.00000e+00 3.4056905269e+02 2.2955589473e+02
4.00000e+00 4.5052005264e+02 2.2073813442e+02
5.00000e+00 5.4617841719e+02 9.5658364556e+01
6.00000e+00 6.4236733959e+02 2.0697605687e+02
7.00000e+00 7.5310589717e+02 2.2035792135e+02
8.00000e+00 8.6339598618e+02 2.2047665250e+02
9.00000e+00 9.5920466884e+02 2.0691939893e+02
1.00000e+01 1.0585271480e+03 3.2864881804e+02
1.10000e+01 1.1652324578e+03 3.1792298712e+02
1.20000e+01 1.2674910242e+03 8.0315225388e+00
1.30000e+01 1.3562624946e+03 1.1451387607e+02
1.40000e+01 1.4455955793e+03 2.9903157580e+02
1.50000e+01 1.5351773879e+03 1.7799179406e+02
1.60000e+01 1.6279314054e+03 3.1103660245e+02
1.70000e+01 1.7209116577e+03 7.3202598732e+02
1.80000e+01 1.8136517727e+03 1.8434865590e+02
1.90000e+01 1.9130144292e+03 1.5366144214e+01
2.00000e+01 2.0079164168e+03 2.5620707332e+02
2.10000e+01 2.1028031482e+03 4.5233172495e+02
2.20000e+01 2.2024503544e+03 7.1581571121e+02
2.30000e+01 2.2954533865e+03 1.8418708703e+02
2.40000e+01 2.3881672582e+03 1.8397665663e+02
2.50000e+01 2.4875364186e+03 3.9736664912e+02
2.60000e+01 2.5871322806e+03 1.9720460181e+02
2.70000e+01 2.6801227942e+03 1.8378016159e+02
2.80000e+01 2.7728350714e+03 1.8359478686e+02
2.90000e+01 2.8722083910e+03 1.9701155641e+02
3.00000e+01 2.9671412755e+03 1.8834663797e+02
3.10000e+01 3.0493245741e+03 6.7751377934e+02
3.20000e+01 3.1351181755e+03 1.9552533685e+01
3.30000e+01 3.2212610934e+03 1.9609657755e+02
3.40000e+01 3.3072431822e+03 1.6961775889e+02
3.50000e+01 3.3991484393e+03 7.4680625218e+00
3.60000e+01 3.4913041163e+03 3.5880363136e+02
3.70000e+01 3.5776149708e+03 1.6961607765e+02
3.80000e+01 3.6606039905e+03 8.4830600274e+02
3.90000e+01 3.7566584236e+03 6.9802920559e+02
4.00000e+01 3.8569474481e+03 1.7757980906e+02
4.10000e+01 3.9567158769e+03 5.4371022875e+02
4.20000e+01 4.0518958723e+03 6.9757828719e+02
4.30000e+01 4.1470341650e+03 1.8726135596e+02
4.40000e+01 4.2469093102e+03 1.9641631163e+02
4.50000e+01 4.3400998885e+03 6.8797238672e+00
4.60000e+01 4.4299334137e+03 4.0272925185e+02
4.70000e+01 4.5199511316e+03 5.7270634938e+02
4.80000e+01 4.6130790799e+03 3.7342251208e+02
4.90000e+01 4.7127513250e+03 1.9612371158e+02
5.00000e+01 4.8079165087e+03 3.6330817963e+02
5.10000e+01 4.8902735876e+03 7.6606390058e+00
5.20000e+01 4.9762153554e+03 1.8874140737e+02
5.30000e+01 5.0681011269e+03 1.6971376962e+02
5.40000e+01 5.1602615472e+03 3.5775691883e+02
5.50000e+01 5.2465889985e+03 5.5473862853e+02
5.60000e+01 5.3326537136e+03 1.6966700320e+02
5.70000e+01 5.4246580943e+03 1.8001752788e+02
5.80000e+01 5.5122466445e+03 1.5229611884e+01
5.90000e+01 5.5878335500e+03 3.4843811048e+02
6.00000e+01 5.6639784247e+03 5.0299694023e+02
6.10000e+01 5.7403467875e+03 1.4806711666e+02
6.20000e+01 5.8168518800e+03 1.4827926731e+02
6.30000e+01 5.8934487751e+03 1.4835952035e+02
6.40000e+01 5.9701148856e+03 1.4837217883e+02
6.50000e+01 6.0589954692e+03 5.3658608111e+02
6.60000e+01 6.1473905566e+03 6.4502641991e+02
6.70000e+01 6.2234766513e+03 1.4771300622e+02
6.80000e+01 6.3030499401e+03 1.7334608404e+02
6.90000e+01 6.3877864803e+03 4.4200025200e+02
7.00000e+01 6.4681000510e+03 1.3948377664e+02
7.10000e+01 6.5371396573e+03 7.0464884426e+00
7.20000e+01 6.6067296848e+03 1.3344976824e+02
7.30000e+01 6.6879299645e+03 5.8093208141e+02
7.40000e+01 6.7734274907e+03 6.1473286810e+02
7.50000e+01 6.8535719174e+03 7.4027108399e+02
7.60000e+01 6.9333493114e+03 5.5865230705e+02
7.70000e+01 7.0182879715e+03 1.6505216261e+02
7.80000e+01 7.1034449514e+03 1.6454656410e+02
7.90000e+01 7.1883304162e+03 1.6432882237e+02
8.00000e+01 7.2733837757e+03 1.6406087311e+02
8.10000e+01 7.3533077520e+03 1.5408916979e+02
8.20000e+01 7.4299015266e+03 1.7006273927e+02
8.30000e+01 7.5066715916e+03 3.1093945372e+02
8.40000e+01 7.5865828215e+03 2.1229548984e+02
8.50000e+01 7.6666624774e+03 2.1223887394e+02
8.60000e+01 7.7434357338e+03 1.4774900400e+02
8.70000e+01 7.8325184810e+03 3.6166704709e+02
8.80000e+01 7.9211270030e+03 5.2561988134e+02
8.90000e+01 7.9974025861e+03 1.9600565615e+02
9.00000e+01 8.0771577823e+03 1.5364402807e+02
9.10000e+01 8.1571705971e+03 1.5342354299e+02
9.20000e+01 8.2339170686e+03 2.1370907290e+02
9.30000e+01 8.3229915630e+03 1.7130142903e+02
9.40000e+01 8.4162779329e+03 3.1530319167e+02
9.50000e+01 8.5033778985e+03 1.8193247594e+01
9.60000e+01 8.5900730190e+03 1.7838509812e+02
9.70000e+01 8.6826745357e+03 4.8660075251e+02
9.80000e+01 8.7707888289e+03 1.7063589882e+02
9.90000e+01 8.8468011232e+03 3.3143380830e+02
1.00000e+02 8.9263848856e+03 1.5375755804e+02
1.01000e+02 9.0111841161e+03 1.8984770051e+01
1.02000e+02 9.0915884259e+03 1.3433605615e+02
1.03000e+02 9.1607244166e+03 1.4672749688e+02
1.04000e+02 9.2304199606e+03 4.5270600901e+02
1.05000e+02 9.3117434083e+03 2.9691593624e+02
1.06000e+02 9.3973654829e+03 1.9034546059e+02
1.07000e+02 9.4825460456e+03 1.6374939101e+02
1.08000e+02 9.5631520766e+03 1.5477470200e+02
1.09000e+02 9.6324317566e+03 1.3169257552e+02
1.10000e+02 9.7052938060e+03 1.7582971391e+02
1.11000e+02 9.7784619291e+03 4.8242645843e+02
1.12000e+02 9.8484180450e+03 1.3182145481e+02
1.13000e+02 9.9299856097e+03 1.5486404440e+02
1.14000e+02 1.0011129159e+04 1.5524669827e+02
1.15000e+02 1.0080721038e+04 1.3200183266e+02
1.16000e+02 1.0150755076e+04 1.3194775251e+02
1.17000e+02 1.0220929737e+04 1.3239858733e+02
1.18000e+02 1.0291201558e+04 1.3250397180e+02
1.19000e+02 1.0372982109e+04 1.5530443774e+02
1.20000e+02 1.0458963273e+04 3.0246841946e+02
1.21000e+02 1.0544437272e+04 3.0245938760e+02
1.22000e+02 1.0625292901e+04 2.3270759140e+02
1.23000e+02 1.0694768578e+04 1.3167248277e+02
1.24000e+02 1.0767803480e+04 3.0232978076e+02
1.25000e+02 1.0845320977e+04 2.0289747106e+02
1.26000e+02 1.0918451714e+04 1.2381591745e+02
1.27000e+02 1.0991659559e+04 3.4759427916e+02
1.28000e+02 1.1069631831e+04 3.5831892137e+02
1.29000e+02 1.1143134048e+04 3.5210600168e+02
1.30000e+02 1.1213280681e+04 2.6927511952e+02
1.31000e+02 1.1283574544e+04 2.6982403091e+02
1.32000e+02 1.1353956283e+04 1.3192981612e+02
1.33000e+02 1.1424376825e+04 1.3192456476e+02
1.34000e+02 1.1494840385e+04 1.3187446132e+02
1.35000e+02 1.1576801239e+04 3.2167537791e+01
1.36000e+02 1.1658263312e+04 4.0967818278e+02
1.37000e+02 1.1728100513e+04 1.3115924642e+02
1.38000e+02 1.1801405653e+04 2.0296481163e+02
1.39000e+02 1.1879161765e+04 5.3319922087e+02
1.40000e+02 1.1952492734e+04 1.2289698344e+02
1.41000e+02 1.2025873636e+04 5.0004811022e+02
1.42000e+02 1.2104000504e+04 5.3282061776e+02
1.43000e+02 1.2181837645e+04 1.4651484950e+02
1.44000e+02 1.2259823402e+04 1.4622722363e+02
1.45000e+02 1.2333379491e+04 5.3260018957e+02
1.46000e+02 1.2403597018e+04 2.6795004890e+02
1.47000e+02 1.2485434835e+04 1.7819764595e+02
1.48000e+02 1.2566838454e+04 3.2326009421e+02
1.49000e+02 1.2636654037e+04 2.6766048045e+02
1.50000e+02 1.2709954174e+04 6.7902935335e+02
1.51000e+02 1.2787717199e+04 2.9920298382e+02
1.52000e+02 1.2861061691e+04 8.0591272059e+00
1.53000e+02 1.2923826598e+04 2.4088621388e+01
1.54000e+02 1.2990182923e+04 2.9195996895e+02
1.55000e+02 1.3056834763e+04 5.8358515582e+02
1.56000e+02 1.3123340340e+04 1.2270635816e+02
1.57000e+02 1.3193601631e+04 1.5552801834e+01
1.58000e+02 1.3259476657e+04 7.4694660053e+00
1.59000e+02 1.3325448191e+04 1.2181675528e+02
1.60000e+02 1.3396169790e+04 4.1419672812e+02
1.61000e+02 1.3463146212e+04 1.2290823450e+02
1.62000e+02 1.3526760742e+04 2.9311139057e+02
1.63000e+02 1.3601253552e+04 2.8462076911e+02
1.64000e+02 1.3675316286e+04 4.1421879453e+02
1.65000e+02 1.3738528013e+04 4.1469848045e+02
1.66000e+02 1.3802169624e+04 2.8436322920e+02
1.67000e+02 1.3865925987e+04 1.3205082309e+02
1.68000e+02 1.3929779335e+04 1.1665311343e+02
1.69000e+02 1.4004424999e+04 1.3785793691e+02
1.70000e+02 1.4083283015e+04 1.3092174434e+02
1.71000e+02 1.4157399690e+04 2.5518289958e+02
1.72000e+02 1.4228048067e+04 2.8073731555e+01
1.73000e+02 1.4310281285e+04 7.5875539972e+00
1.74000e+02 1.4392023184e+04 1.5297921087e+02
1.75000e+02 1.4462106350e+04 1.5090892169e+02
1.76000e+02 1.4535646028e+04 3.8474714252e+02
1.77000e+02 1.4609413189e+04 1.3597023465e+02
1.78000e+02 1.4679907094e+04 1.2932483849e+02
1.79000e+02 1.4750525789e+04 1.2973104275e+02
1.80000e+02 1.4824264625e+04 1.3603342239e+02
1.81000e+02 1.4898140778e+04 1.3600638121e+02
1.82000e+02 1.4971760004e+04 1.3575076553e+02
1.83000e+02 1.5049842311e+04 5.6698982665e+02
1.84000e+02 1.5123468376e+04 2.4338482169e+02
1.85000e+02 1.5197122577e+04 3.8738865143e+02
1.86000e+02 1.5270826734e+04 1.3557869938e+02
1.87000e+02 1.5344521897e+04 1.3548408324e+02
1.88000e+02 1.5418250035e+04 1.3537257903e+02
1.89000e+02 1.5481296489e+04 2.4301873971e+02
1.90000e+02 1.5544840295e+04 3.9350041828e+02
1.91000e+02 1.5608538861e+04 1.4316804891e+02
1.92000e+02 1.5672362379e+04 1.1523110707e+02
1.93000e+02 1.5746996502e+04 1.3617616716e+02
1.94000e+02 1.5825857280e+04 5.2663511687e+02
1.95000e+02 1.5904241346e+04 5.1412352250e+02
1.96000e+02 1.5978007747e+04 1.3607825528e+02
1.97000e+02 1.6051770980e+04 1.3507128548e+02
1.98000e+02 1.6130245299e+04 2.9213374083e+02
1.99000e+02 1.6208403189e+04 1.4416165705e+02
2.00000e+02 1.6282020542e+04 1.3478716525e+02
2.01000e+02 1.6355679057e+04 1.3454766066e+02
2.02000e+02 1.6429397686e+04 1.3451438879e+02
2.03000e+02 1.6492448982e+04 1.1446860582e+02
2.04000e+02 1.6559056657e+04 4.2952614335e+02
2.05000e+02 1.6629437978e+04 2.5281002822e+02
2.06000e+02 1.6695446992e+04 7.7096141166e+00
2.07000e+02 1.6751640160e+04 1.6460667567e+02
2.08000e+02 1.6808384035e+04 2.8335828030e+02
2.09000e+02 1.6875309447e+04 1.1994486676e+02
2.10000e+02 1.6941877835e+04 1.2038429613e+02
2.11000e+02 1.6998392635e+04 1.1193175004e+02
2.12000e+02 1.7058417337e+04 2.4597424486e+02
2.13000e+02 1.7118678714e+04 7.9682512636e+02
2.14000e+02 1.7178776065e+04 1.0700603796e+02
2.15000e+02 1.7241898249e+04 1.0530287094e+02
2.16000e+02 1.7305308233e+04 4.8844376617e+02
2.17000e+02 1.7365764334e+04 1.0709375611e+02
2.18000e+02 1.7422872038e+04 1.2018875087e+02
2.19000e+02 1.7480105266e+04 2.4173561247e+02
2.20000e+02 1.7537448372e+04 2.2208245954e+02
2.21000e+02 1.7604863298e+04 2.3556014358e+02
2.22000e+02 1.7676495682e+04 1.1520906249e+02
2.23000e+02 1.7747664512e+04 2.3794721759e+02
2.24000e+02 1.7818880634e+04 1.2857052546e+02
2.25000e+02 1.7886287538e+04 1.0786255708e+02
2.26000e+02 1.7950304240e+04 2.0151122777e+01
2.27000e+02 1.8025214850e+04 2.5103149279e+02
2.28000e+02 1.8099672683e+04 4.9399448838e+02
2.29000e+02 1.8163220514e+04 1.2735733009e+02
2.30000e+02 1.8230232340e+04 2.4288792535e+02
2.31000e+02 1.8300993571e+04 2.6319232250e+02
2.32000e+02 1.8367334225e+04 8.1171787872e+00
2.33000e+02 1.8423793001e+04 1.1451325572e+02
2.34000e+02 1.8483830962e+04 2.5595526430e+02
2.35000e+02 1.8546919498e+04 1.5781756179e+01
2.36000e+02 1.8605651914e+04 7.6082381301e+00
2.37000e+02 1.8664515737e+04 1.0340148932e+02
2.38000e+02 1.8728139840e+04 2.3957113692e+02
2.39000e+02 1.8788735882e+04 3.9062173067e+02
2.40000e+02 1.8845964534e+04 3.4729049767e+02
2.41000e+02 1.8903307179e+04 2.5658317847e+02
2.42000e+02 1.8960747976e+04 1.3061138001e+02
2.43000e+02 1.9028264363e+04 1.2853585370e+02
2.44000e+02 1.9099993560e+04 1.2994095490e+02
2.45000e+02 1.9167698583e+04 1.0723133638e+02
2.46000e+02 1.9234982257e+04 2.2043970385e+02
2.47000e+02 1.9305998004e+04 2.5002088420e+02
2.48000e+02 1.9372551428e+04 2.4151833185e+02
2.49000e+02 1.9429173757e+04 2.1949894745e+02
2.50000e+02 1.9489356342e+04 1.3709808695e+01
2.51000e+02 1.9552586720e+04 7.7853682320e+00
2.52000e+02 1.9611447009e+04 2.1158631299e+02
2.53000e+02 1.9670426955e+04 3.2423180858e+02
2.54000e+02 1.9734158412e+04 1.1215967963e+02
2.55000e+02 1.9797645013e+04 2.0321345972e+02
2.56000e+02 1.9861277777e+04 2.0291155238e+02
2.57000e+02 1.9921919598e+04 1.2672980597e+02
2.58000e+02 1.9979211367e+04 3.2176663211e+02
2.59000e+02 2.0046679789e+04 1.2028740076e+02
2.60000e+02 2.0118402550e+04 8.0899975410e+00
2.61000e+02 2.0189676782e+04 1.2766846240e+02
2.62000e+02 2.0256329708e+04 2.3059596159e+02
2.63000e+02 2.0313025539e+04 2.0142145897e+02
2.64000e+02 2.0370216612e+04 1.2006641754e+02
2.65000e+02 2.0437591268e+04 1.1847267556e+02
2.66000e+02 2.0509243393e+04 1.2747015822e+02
2.67000e+02 2.0576911655e+04 3.1462465015e+02
2.68000e+02 2.0641127931e+04 1.2537940602e+02
2.69000e+02 2.0716225922e+04 2.4581489281e+01
2.70000e+02 2.0795531644e+04 1.0498234338e+02
2.71000e+02 2.0870039322e+04 1.3209344252e+02
2.72000e+02 2.0941064663e+04 3.1365972017e+01
2.73000e+02 2.1023701374e+04 1.1241608095e+02
2.74000e+02 2.1105831037e+04 2.7069151251e+02
2.75000e+02 2.1176252398e+04 2.9026051416e+02
2.76000e+02 2.1250120230e+04 5.6574880103e+02
2.77000e+02 2.1328478256e+04 3.8798914845e+02
2.78000e+02 2.1402388067e+04 4.9523384147e+00
2.79000e+02 2.1465639911e+04 9.3826693175e+01
2.80000e+02 2.1532464503e+04 1.5126782385e+02
2.81000e+02 2.1603087434e+04 2.7877090364e+00
2.82000e+02 2.1669333290e+04 8.6068911711e+01
2.83000e+02 2.1725736251e+04 1.4426767258e+02
2.84000e+02 2.1785741460e+04 9.6043051752e+00
2.85000e+02 2.1848812417e+04 7.8430869045e+01
2.86000e+02 2.1912217552e+04 3.4993934329e+02
2.87000e+02 2.1975476180e+04 1.1016154020e+02
2.88000e+02 2.2038936391e+04 1.1010645367e+02
2.89000e+02 2.2099455529e+04 2.5986413112e+02
2.90000e+02 2.2156647889e+04 3.4949914674e+02
2.91000e+02 2.2224025871e+04 4.4432702221e+02
2.92000e+02 2.2291000807e+04 3.3770671870e+02
2.93000e+02 2.2347850120e+04 9.7483232904e+01
2.94000e+02 2.2408186646e+04 1.8873513431e+02
2.95000e+02 2.2471545799e+04 2.2749566750e+02
2.96000e+02 2.2530511338e+04 8.0093968640e+00
2.97000e+02 2.2580350739e+04 7.4904905077e+01
2.98000e+02 2.2633777668e+04 2.2035857534e+02
2.99000e+02 2.2689527712e+04 1.5610496369e+01
3.00000e+02 2.2745614539e+04 2.0429990202e+02
3.01000e+02 2.2799509914e+04 4.0206085311e+02
3.02000e+02 2.2853128749e+04 9.0256832647e+01
3.03000e+02 2.2909060491e+04 9.4879893182e+01
3.04000e+02 2.2965295658e+04 1.0580815439e+02
3.05000e+02 2.3019303038e+04 9.0278580270e+01
3.06000e+02 2.3069963812e+04 1.8632264714e+02
3.07000e+02 2.3120735410e+04 3.1123698990e+02
3.08000e+02 2.3174677492e+04 9.0511549402e+01
3.09000e+02 2.3230832135e+04 1.0592524659e+02
3.10000e+02 2.3287237418e+04 9.5114636085e+01
3.11000e+02 2.3341371253e+04 9.0547493337e+01
3.12000e+02 2.3392138973e+04 2.9039421559e+02
3.13000e+02 2.3452350439e+04 3.9765095409e+02
3.14000e+02 2.3516828896e+04 9.3773901570e+01
3.15000e+02 2.3578032372e+04 7.0696404373e+00
3.16000e+02 2.3635767777e+04 1.1393371863e+02
3.17000e+02 2.3693554804e+04 2.0485575089e+02
3.18000e+02 2.3754449423e+04 1.0447205345e+02
3.19000e+02 2.3818281065e+04 1.9637664796e+02
3.20000e+02 2.3877640243e+04 4.9533180296e+02
3.21000e+02 2.3937050085e+04 1.9861478473e+02
3.22000e+02 2.3996488578e+04 1.0081062408e+02
3.23000e+02 2.4046672873e+04 7.6027328287e+00
3.24000e+02 2.4097339606e+04 1.9134749830e+02
3.25000e+02 2.4157460181e+04 1.0142054677e+02
3.26000e+02 2.4221875258e+04 1.1041616358e+02
3.27000e+02 2.4283039546e+04 2.9853624653e+02
3.28000e+02 2.4343802589e+04 2.9810613449e+02
3.29000e+02 2.4407584173e+04 2.0639603715e+02
3.30000e+02 2.4466922096e+04 1.0121855580e+02
3.31000e+02 2.4526323987e+04 1.0039865294e+02
3.32000e+02 2.4590437849e+04 2.0588842668e+02
3.33000e+02 2.4651441192e+04 1.0343923117e+02
3.34000e+02 2.4709049837e+04 2.0855929116e+02
3.35000e+02 2.4766750851e+04 4.0702360257e+02
3.36000e+02 2.4827586806e+04 1.0340870361e+02
3.37000e+02 2.4891375406e+04 1.0954920720e+02
3.38000e+02 2.4950706955e+04 1.9696463965e+02
3.39000e+02 2.5010100820e+04 1.9675964962e+02
3.40000e+02 2.5074208154e+04 1.0943313008e+02
3.41000e+02 2.5138040533e+04 1.8838660029e+02
3.42000e+02 2.5197323388e+04 9.9841435492e+01
3.43000e+02 2.5256680629e+04 9.9704969873e+01
3.44000e+02 2.5320759473e+04 1.8816972376e+02
3.45000e+02 2.5381738634e+04 1.0472637355e+02
3.46000e+02 2.5439329155e+04 2.9615003166e+02
3.47000e+02 2.5507102110e+04 1.7636549209e+01
3.48000e+02 2.5579110229e+04 7.9292752349e+00
3.49000e+02 2.5647071307e+04 3.0283579873e+02
3.50000e+02 2.5711558788e+04 2.4515872402e+01
3.51000e+02 2.5776106447e+04 3.2719188279e+02
3.52000e+02 2.5843745352e+04 4.1395756080e+02
3.53000e+02 2.5915062375e+04 1.2436841948e+02
3.54000e+02 2.5986562852e+04 2.0097598292e+02
3.55000e+02 2.6054238073e+04 1.1595860339e+02
3.56000e+02 2.6121578490e+04 1.1554415674e+02
3.57000e+02 2.6192707568e+04 2.0058706098e+02
3.58000e+02 2.6259400234e+04 2.3438437355e+02
3.59000e+02 2.6316165288e+04 1.9939911107e+02
3.60000e+02 2.6376500073e+04 2.9862170399e-01
3.61000e+02 2.6437097850e+04 1.0864949187e+02
3.62000e+02 2.6494485450e+04 3.0185021508e+02
3.63000e+02 2.6552008486e+04 9.5124629969e+01
3.64000e+02 2.6609643693e+04 9.5277112718e+01
3.65000e+02 2.6677384108e+04 2.2489661329e+02
3.66000e+02 2.6749340730e+04 2.2483963283e+02
3.67000e+02 2.6817251666e+04 1.9656332013e+02
3.68000e+02 2.6884742158e+04 3.0475905243e+02
3.69000e+02 2.6955985110e+04 2.2472866792e+02
3.70000e+02 2.7022760161e+04 2.9431160101e+02
3.71000e+02 2.7089568639e+04 2.9308535294e+02
3.72000e+02 2.7156410120e+04 1.1355081483e+02
3.73000e+02 2.7213257562e+04 2.0971037436e+02
3.74000e+02 2.7270590327e+04 2.0919822127e+02
3.75000e+02 2.7338120619e+04 1.1415907743e+02
3.76000e+02 2.7409928619e+04 1.9621813565e+02
3.77000e+02 2.7477737798e+04 2.0888726548e+02
3.78000e+02 2.7542098261e+04 2.5056336213e+01
3.79000e+02 2.7617357522e+04 7.7289693272e+00
3.80000e+02 2.7696823869e+04 2.1633672478e+02
3.81000e+02 2.7771476219e+04 3.1874450925e+01
3.82000e+02 2.7842646816e+04 1.4531373777e+01
3.83000e+02 2.7913886690e+04 1.4772544574e+02
3.84000e+02 2.7988204205e+04 2.4734797674e+02
3.85000e+02 2.8066931748e+04 4.1962689637e+02
3.86000e+02 2.8141150073e+04 2.5097084466e+02
3.87000e+02 2.8204647088e+04 1.0602475560e+02
3.88000e+02 2.8268640222e+04 2.2056911070e+02
3.89000e+02 2.8343576191e+04 2.5039658171e+02
3.90000e+02 2.8422786059e+04 1.3717300674e+02
3.91000e+02 2.8497248895e+04 2.3467586973e+02
3.92000e+02 2.8568262120e+04 2.9419703312e+01
3.93000e+02 2.8639367431e+04 1.4357950555e+02
3.94000e+02 2.8713570052e+04 2.3432630091e+02
3.95000e+02 2.8792186272e+04 1.3692451096e+02
3.96000e+02 2.8866306258e+04 2.4925631704e+02
3.97000e+02 2.8929724216e+04 9.0433412574e+01
3.98000e+02 2.8996699947e+04 7.0641166422e-01
3.99000e+02 2.9063946726e+04 1.2100069786e+02
4.00000e+02 2.9131026235e+04 1.1305017249e+02
4.01000e+02 2.9201904013e+04 1.4188291464e+02
4.02000e+02 2.9268373470e+04 8.2692449939e+01
4.03000e+02 2.9334922906e+04 3.2323028570e+02
4.04000e+02 2.9406210142e+04 2.7060598603e+02
4.05000e+02 2.9477223480e+04 1.2084958261e+02
4.06000e+02 2.9548380991e+04 1.2059900772e+02
4.07000e+02 2.9615790355e+04 1.1309970652e+02
4.08000e+02 2.9679852786e+04 3.1595626124e+02
4.09000e+02 2.9744050365e+04 2.1829916106e+02
4.10000e+02 2.9808340757e+04 1.0678105976e+02
4.11000e+02 2.9872654317e+04 1.0679026044e+02
4.12000e+02 2.9940073967e+04 1.4986351096e+02
4.13000e+02 3.0011168643e+04 1.2055974723e+02
4.14000e+02 3.0077790734e+04 3.2491696591e+02
4.15000e+02 3.0134480374e+04 7.6239199271e+00
4.16000e+02 3.0194737513e+04 1.1327667650e+02
4.17000e+02 3.0258059965e+04 1.5823714966e+02
4.18000e+02 3.0317020070e+04 1.5278280759e+01
4.19000e+02 3.0366873491e+04 4.5489835778e+01
4.20000e+02 3.0420327725e+04 1.5127600784e+02
4.21000e+02 3.0476120815e+04 2.2792364377e+01
4.22000e+02 3.0527585826e+04 3.7949252121e+01
4.23000e+02 3.0579222113e+04 3.3232719945e+02
4.24000e+02 3.0630950234e+04 8.1193362112e+01
4.25000e+02 3.0682764199e+04 8.1289847112e+01
4.26000e+02 3.0739297824e+04 2.4112464193e+02
4.27000e+02 3.0793495949e+04 4.0079054031e+02
4.28000e+02 3.0844312196e+04 2.9317618545e+02
4.29000e+02 3.0895220022e+04 2.4161135895e+02
4.30000e+02 3.0946234398e+04 7.9429066631e+01
4.31000e+02 3.1006611325e+04 8.5629621086e+00
4.32000e+02 3.1066538509e+04 1.6863855820e+02
4.33000e+02 3.1117019123e+04 7.8922425341e+01
4.34000e+02 3.1170963240e+04 8.5824770036e+01
4.35000e+02 3.1225095285e+04 1.6871577922e+02
4.36000e+02 3.1275988430e+04 7.8722271724e+01
4.37000e+02 3.1336342185e+04 1.6844674806e+02
4.38000e+02 3.1400958235e+04 2.8473394763e+02
4.39000e+02 3.1465143557e+04 3.8297859153e+02
4.40000e+02 3.1529374146e+04 1.0555862933e+02
4.41000e+02 3.1593339589e+04 1.0523319220e+02
4.42000e+02 3.1652754455e+04 9.7089443845e+01
4.43000e+02 3.1712237237e+04 1.9167506562e+02
4.44000e+02 3.1776434657e+04 1.0509478988e+02
4.45000e+02 3.1837514743e+04 8.5591590122e+01
4.46000e+02 3.1895200540e+04 2.1703430263e+02
4.47000e+02 3.1963073919e+04 1.1338029186e+02
4.48000e+02 3.2030505397e+04 3.1276691452e+02
4.49000e+02 3.2087738342e+04 3.0221314883e+02
4.50000e+02 3.2148435214e+04 3.8637186788e+02
4.51000e+02 3.2212172825e+04 2.1667263051e+02
4.52000e+02 3.2271498073e+04 8.1062294251e+00
4.53000e+02 3.2321646963e+04 3.9770895410e-01
4.54000e+02 3.2375372143e+04 2.0948426546e+02
4.55000e+02 3.2431440985e+04 1.5766891885e+01
4.56000e+02 3.2483162121e+04 7.6041126146e+00
4.57000e+02 3.2526507373e+04 2.0247114387e+02
4.58000e+02 3.2573451360e+04 2.2532317019e+01
4.59000e+02 3.2622009547e+04 1.5107164243e+01
4.60000e+02 3.2670922541e+04 1.7032835057e+02
4.61000e+02 3.2719736334e+04 7.4197492408e+01
4.62000e+02 3.2764071005e+04 1.7368189269e+02
4.63000e+02 3.2800771323e+04 2.9154718942e+01
4.64000e+02 3.2841065086e+04 5.2381013306e+01
4.65000e+02 3.2881604425e+04 4.4285191488e+02
4.66000e+02 3.2922042005e+04 5.7250758163e+01
4.67000e+02 3.2962718674e+04 5.7330836659e+01
4.68000e+02 3.3003266371e+04 5.7383623210e+01
4.69000e+02 3.3044680099e+04 9.2166260090e+01
4.70000e+02 3.3081745989e+04 3.6394344847e+01
4.71000e+02 3.3111905353e+04 1.6030742551e+02
4.72000e+02 3.3142599986e+04 3.9836565845e+02
4.73000e+02 3.3180566991e+04 2.0346002351e+02
4.74000e+02 3.3222890480e+04 1.8191423657e+02
4.75000e+02 3.3264904325e+04 8.2766114724e+01
4.76000e+02 3.3302312938e+04 1.6048984041e+02
4.77000e+02 3.3332716035e+04 3.7115885140e+01
4.78000e+02 3.3366662078e+04 5.3775341433e+01
4.79000e+02 3.3400802409e+04 1.0451146809e+02
4.80000e+02 3.3434825350e+04 4.4106859477e+01
4.81000e+02 3.3469055285e+04 4.4152356230e+01
4.82000e+02 3.3503155495e+04 4.4185472073e+01
4.83000e+02 3.3537452874e+04 4.4208731888e+01
4.84000e+02 3.3568556503e+04 3.7487765437e+01
4.85000e+02 3.3599737217e+04 1.0583106983e+02
4.86000e+02 3.3634117025e+04 4.4444122182e+01
4.87000e+02 3.3668539632e+04 3.4214164193e+01
4.88000e+02 3.3703247402e+04 1.8506396484e+02
4.89000e+02 3.3737836297e+04 1.4323978611e+02
4.90000e+02 3.3772564941e+04 4.4994681375e+01
4.91000e+02 3.3807201028e+04 4.4738385397e+01
4.92000e+02 3.3841517886e+04 4.4910857220e+01
4.93000e+02 3.3875960294e+04 4.4803200164e+01
4.94000e+02 3.3910709879e+04 4.4779338415e+01
4.95000e+02 3.3945348605e+04 4.4930876431e+01
4.96000e+02 3.3980130136e+04 4.4917891050e+01
4.97000e+02 3.4014814050e+04 4.4913773387e+01
4.98000e+02 3.4046126363e+04 1.0593392360e+02
4.99000e+02 3.4084706100e+04 4.3857279865e+02
5.00000e+02 3.4122897804e+04 3.3008396896e+02
5.01000e+02 3.4161021333e+04 5.1666961042e+01
5.02000e+02 3.4199065680e+04 5.1467937209e+01
5.03000e+02 3.4229949409e+04 8.8968639615e+01
5.04000e+02 3.4261265438e+04 2.3811587924e+02
5.05000e+02 3.4299842410e+04 5.1869911417e+01
5.06000e+02 3.4342715780e+04 8.0918394540e+00
5.07000e+02 3.4385231113e+04 1.5628921740e+02
5.08000e+02 3.4427778401e+04 1.5580684599e+02
5.09000e+02 3.4469386511e+04 1.9376115011e+02
5.10000e+02 3.4510630812e+04 2.5270471275e+02
5.11000e+02 3.4552025730e+04 6.5401862562e+01
5.12000e+02 3.4593224335e+04 5.7669582567e+01
5.13000e+02 3.4635300056e+04 5.9755537692e+01
5.14000e+02 3.4672978954e+04 5.1452592606e+01
5.15000e+02 3.4703653450e+04 3.0985468824e+02
5.16000e+02 3.4737885678e+04 4.9858734609e+00
5.17000e+02 3.4772272622e+04 7.6887767198e+00
5.18000e+02 3.4807003405e+04 4.9898773235e+01
5.19000e+02 3.4841649952e+04 5.0108477127e+01
5.20000e+02 3.4871785826e+04 1.0095127497e+02
5.21000e+02 3.4895693839e+04 1.1747370504e+01
5.22000e+02 3.4920116939e+04 1.4168378910e+02
5.23000e+02 3.4944620788e+04 2.3891860673e+01
5.24000e+02 3.4972367993e+04 3.5892258492e+01
5.25000e+02 3.5000218481e+04 7.4942961733e+01
5.26000e+02 3.5024865306e+04 2.4091693058e+01
5.27000e+02 3.5056072457e+04 1.4488164252e+02
5.28000e+02 3.5086922062e+04 3.6956193374e+01
5.29000e+02 3.5111280252e+04 2.3921942814e+01
5.30000e+02 3.5139099037e+04 3.0581813232e+01
5.31000e+02 3.5166303225e+04 7.1684318287e+01
5.32000e+02 3.5193831284e+04 1.0876769492e+02
5.33000e+02 3.5222012698e+04 3.0882155947e+01
5.34000e+02 3.5246822337e+04 2.4272930564e+01
5.35000e+02 3.5278178766e+04 6.6600766014e+01
5.36000e+02 3.5309162426e+04 6.6668219576e+01
5.37000e+02 3.5333632684e+04 2.4360726346e+01
5.38000e+02 3.5361558771e+04 4.1209702598e+01
5.39000e+02 3.5388873971e+04 6.6712563260e+01
5.40000e+02 3.5411830605e+04 8.0270262157e+00
5.41000e+02 3.5429282197e+04 2.8945139890e+01
5.42000e+02 3.5450294012e+04 5.9731577960e+01
5.43000e+02 3.5469997948e+04 1.5630263081e+01
5.44000e+02 3.5485401509e+04 7.5530726466e+00
5.45000e+02 3.5496090659e+04 5.2909404515e+01
5.46000e+02 3.5510364173e+04 2.2352933340e+01
5.47000e+02 3.5522598170e+04 1.5015458689e+01
5.48000e+02 3.5530559639e+04 3.1920702804e+01
5.49000e+02 3.5534571569e+04 2.9007800456e+01
5.50000e+02 3.5542168255e+04 2.1677270569e+01
5.51000e+02 3.5546990150e+04 2.4476679613e+01
5.52000e+02 3.5547558505e+04 3.6371906337e+01
5.53000e+02 3.5544927095e+04 2.8298933323e+01
5.54000e+02 3.5542833553e+04 3.9630983297e+01
5.55000e+02 3.5544365733e+04 1.2766219057e+01
5.56000e+02 3.5550316014e+04 3.8905199212e+01
5.57000e+02 3.5558940447e+04 3.7297186042e+01
5.58000e+02 3.5567160002e+04 2.5075071363e+01
5.59000e+02 3.5575443932e+04 2.4709492655e+01
5.60000e+02 3.5580525912e+04 5.5779307286e+00
5.61000e+02 3.5585613947e+04 3.2769440963e+01
5.62000e+02 3.5590865708e+04 2.7773274009e+01
5.63000e+02 3.5600402035e+04 2.9812411388e+01
5.64000e+02 3.5614246632e+04 7.8943156327e+00
5.65000e+02 3.5629906761e+04 7.3761988944e+00
5.66000e+02 3.5645116923e+04 6.9906075775e+00
5.67000e+02 3.5658235444e+04 1.6557777762e+00
5.68000e+02 3.5666960485e+04 1.4801828877e+01
5.69000e+02 3.5675895926e+04 7.2855355582e+00
5.70000e+02 3.5684824325e+04 7.4816088189e+00
5.71000e+02 3.5689549350e+04 6.6206061636e+00
5.72000e+02 3.5697756722e+04 5.3486675428e+00
5.73000e+02 3.5703178046e+04 7.6971977372e+00
5.74000e+02 3.5704287646e+04 7.8187988729e+00
5.75000e+02 3.5702102580e+04 1.2253409217e+01
5.76000e+02 3.5703469924e+04 9.9147597394e+00
5.77000e+02 3.5701346644e+04 7.5446039119e+00
5.78000e+02 3.5694957225e+04 7.4990188573e+00
5.79000e+02 3.5688902727e+04 1.4989939459e+01
5.80000e+02 3.5687562533e+04 1.6605399851e+01
5.81000e+02 3.5689690435e+04 2.1796774470e+01
5.82000e+02 3.5688392307e+04 1.2067482330e+01
5.83000e+02 3.5690699564e+04 8.2270390443e+00
5.84000e+02 3.5692660396e+04 6.7342757881e+00
5.85000e+02 3.5691024237e+04 9.3559386836e+00
5.86000e+02 3.5692821141e+04 1.1722268069e+01
5.87000e+02 3.5694674809e+04 1.1984779856e+01
5.88000e+02 3.5693346426e+04 8.2490664809e+00
5.89000e+02 3.5692016972e+04 1.1403840132e+01
5.90000e+02 3.5693921888e+04 1.0801111525e-01
5.91000e+02 3.5695850954e+04 1.8330237198e-01
5.92000e+02 3.5694585150e+04 6.2578103245e-02
5.93000e+02 3.5693311826e+04 1.6403317868e-01
5.94000e+02 3.5695265759e+04 4.9017212570e-02
5.95000e+02 3.5697240556e+04 9.4698408973e-02
5.96000e+02 3.5696017195e+04 4.2444111194e-02
5.97000e+02 3.5698464274e+04 1.3982128702e-01
5.98000e+02 3.5700580195e+04 7.8144642501e+00
5.99000e+02 3.5699086496e+04 1.7140721282e-01
6.00000e+02 3.5701024334e+04 1.6095210134e-02
6.01000e+02 3.5699446084e+04 1.6043764078e+01
6.02000e+02 3.5693541732e+04 8.0202728284e+00
6.03000e+02 3.5685031865e+04 7.0322469037e+00
6.04000e+02 3.5680062624e+04 2.2934799279e+01
6.05000e+02 3.5670880241e+04 7.6041326857e+00
6.06000e+02 3.5657427076e+04 7.5488141507e+00
6.07000e+02 3.5642161390e+04 2.2047807624e+01
6.08000e+02 3.5630456827e+04 1.2025823715e+01
6.09000e+02 3.5618854488e+04 2.8885204309e+01
6.10000e+02 3.5607202163e+04 2.2537883856e+00
6.11000e+02 3.5590640941e+04 7.3788402396e+00
6.12000e+02 3.5574507244e+04 5.7941041227e+01
6.13000e+02 3.5563450427e+04 5.4552149217e-01
6.14000e+02 3.5549015722e+04 1.3071663242e+01
6.15000e+02 3.5536755022e+04 5.0942724676e+01
6.16000e+02 3.5528865403e+04 8.2440779928e+00
6.17000e+02 3.5520778503e+04 2.7760623483e+01
6.18000e+02 3.5508017813e+04 4.1135331093e+01
6.19000e+02 3.5493244178e+04 1.2566540832e+01
6.20000e+02 3.5481945810e+04 2.5651358793e+01
6.21000e+02 3.5470695210e+04 1.3252374434e+01
6.22000e+02 3.5459351794e+04 9.1440568686e+00
6.23000e+02 3.5443097318e+04 2.1579896671e+01
6.24000e+02 3.5422567025e+04 1.6833577280e+01
6.25000e+02 3.5400923985e+04 6.8694055143e+00
6.26000e+02 3.5382826858e+04 1.0893825307e+01
6.27000e+02 3.5364805730e+04 6.7705272909e+00
6.28000e+02 3.5343676665e+04 5.7586141898e+01
6.29000e+02 3.5324056592e+04 2.0771692913e+01
6.30000e+02 3.5308849630e+04 4.5954076771e+01
6.31000e+02 3.5298419756e+04 4.6878914499e+01
6.32000e+02 3.5284495366e+04 3.1478595382e+00
6.33000e+02 3.5272719735e+04 3.6654178534e+01
6.34000e+02 3.5265259511e+04 2.9077079537e+00
6.35000e+02 3.5261738719e+04 6.9090823129e+00
6.36000e+02 3.5254685736e+04 6.8714065360e+00
6.37000e+02 3.5250514080e+04 7.6039759532e+00
6.38000e+02 3.5250617722e+04 7.5638660394e+00
6.39000e+02 3.5253878836e+04 7.4433411839e+00
6.40000e+02 3.5253593257e+04 6.7674040172e+00
6.41000e+02 3.5256926957e+04 1.0747353379e+01
6.42000e+02 3.5264514349e+04 7.4837500502e+00
6.43000e+02 3.5274497175e+04 1.3482348172e+01
6.44000e+02 3.5283978621e+04 1.0160370593e+01
6.45000e+02 3.5290683221e+04 1.0821277548e+01
6.46000e+02 3.5292965043e+04 1.2459578772e+01
6.47000e+02 3.5291757370e+04 2.3884589686e+01
6.48000e+02 3.5294037195e+04 1.5572274019e+01
6.49000e+02 3.5292865266e+04 6.1476736312e+00
6.50000e+02 3.5287373072e+04 3.1634721226e+01
6.51000e+02 3.5282169187e+04 1.0613186251e+00
6.52000e+02 3.5281642674e+04 1.6484557586e+01
6.53000e+02 3.5280989736e+04 1.7677937737e+01
6.54000e+02 3.5275718611e+04 2.2106993951e-01
6.55000e+02 3.5270649816e+04 1.6332982386e+01
6.56000e+02 3.5270218489e+04 9.5186163991e-02
6.57000e+02 3.5273114680e+04 7.0866345729e+00
6.58000e+02 3.5272542552e+04 2.4147254492e+01
6.59000e+02 3.5275618006e+04 8.2393400390e+00
6.60000e+02 3.5282990107e+04 7.2387945139e-01
6.61000e+02 3.5292809417e+04 5.9054439935e+00
6.62000e+02 3.5299103404e+04 6.8661151883e+00
6.63000e+02 3.5305292421e+04 8.1600115418e+00
6.64000e+02 3.5314620736e+04 5.9305961254e+00
6.65000e+02 3.5321142303e+04 7.9927512024e+00
6.66000e+02 3.5327937861e+04 6.4760807956e+00
6.67000e+02 3.5337424583e+04 4.7678832249e+00
6.68000e+02 3.5343483637e+04 8.3867841422e+00
6.69000e+02 3.5353947826e+04 1.6422858113e+00
6.70000e+02 3.5364032005e+04 7.2034518392e+00
6.71000e+02 3.5369680657e+04 6.4650309763e+00
6.72000e+02 3.5375688820e+04 4.2264299125e+00
6.73000e+02 3.5386083282e+04 6.9726606183e-02
6.74000e+02 3.5400778474e+04 3.1365179102e+00
6.75000e+02 3.5417191678e+04 5.4371119600e+00
6.76000e+02 3.5430086866e+04 6.8173684832e+00
6.77000e+02 3.5448096844e+04 1.0748896712e+01
6.78000e+02 3.5465680261e+04 1.3992190949e+01
6.79000e+02 3.5478046840e+04 6.7179264371e+00
6.80000e+02 3.5493813286e+04 7.1066911299e+00
6.81000e+02 3.5507565063e+04 1.4401101026e+01
6.82000e+02 3.5521612327e+04 1.3224142355e+01
6.83000e+02 3.5537635979e+04 6.7100323890e+00
6.84000e+02 3.5550247701e+04 1.0454682294e+01
6.85000e+02 3.5562835271e+04 7.3205751756e+00
6.86000e+02 3.5578601879e+04 8.4405578617e+00
6.87000e+02 3.5592310844e+04 2.6609917992e+00
6.88000e+02 3.5601633083e+04 7.1882334237e+00
6.89000e+02 3.5606794332e+04 1.0057964820e+00
6.90000e+02 3.5612429492e+04 4.8988274792e+00
6.91000e+02 3.5618069379e+04 4.7863860075e-01
6.92000e+02 3.5626944539e+04 4.2331176176e+00
6.93000e+02 3.5633041155e+04 7.6123485184e+00
6.94000e+02 3.5634795969e+04 6.0844751971e+00
6.95000e+02 3.5633174916e+04 1.1489824971e+01
6.96000e+02 3.5635095217e+04 1.1350263040e+01
6.97000e+02 3.5633573552e+04 7.6182810130e+00
6.98000e+02 3.5627775292e+04 1.0108968437e+01
6.99000e+02 3.5619392688e+04 1.6814748214e+01
7.00000e+02 3.5611521670e+04 1.5583913020e+01
7.01000e+02 3.5603653911e+04 7.7086981326e-01
7.02000e+02 3.5599068643e+04 6.5055692169e+00
7.03000e+02 3.5590246194e+04 7.3007839492e+00
7.04000e+02 3.5577126429e+04 7.3215048097e+00
7.05000e+02 3.5564340944e+04 1.7584545118e+01
7.06000e+02 3.5556251546e+04 2.3873734044e+01
7.07000e+02 3.5552295570e+04 3.3614372627e+01
7.08000e+02 3.5547951825e+04 1.7871954792e+01
7.09000e+02 3.5543650970e+04 8.1284281430e+00
7.10000e+02 3.5536165437e+04 1.7181476058e+01
7.11000e+02 3.5531652362e+04 1.5577448993e+01
7.12000e+02 3.5531494433e+04 1.0182010162e+01
7.13000e+02 3.5534570078e+04 2.6940333590e+00
7.14000e+02 3.5537191567e+04 6.9652339642e+00
7.15000e+02 3.5539826084e+04 6.5171411079e+00
7.16000e+02 3.5539227176e+04 2.0368864653e+00
7.17000e+02 3.5538590658e+04 1.0163637002e+01
7.18000e+02 3.5541156677e+04 5.5470319094e-02
7.19000e+02 3.5540209638e+04 2.5500872789e+01
7.20000e+02 3.5534901587e+04 2.5317118187e+01
7.21000e+02 3.5529855786e+04 1.0704554783e+01
7.22000e+02 3.5524801901e+04 3.2609481851e+00
7.23000e+02 3.5519904515e+04 1.4841459065e-01
7.24000e+02 3.5519617941e+04 1.9896939501e+01
7.25000e+02 3.5522632073e+04 3.2420009538e-01
7.26000e+02 3.5522172562e+04 1.0014076947e+01
7.27000e+02 3.5521624105e+04 3.2645681571e-02
7.28000e+02 3.5521199086e+04 6.7106172701e-02
7.29000e+02 3.5524391663e+04 1.1787078768e+01
7.30000e+02 3.5527196919e+04 7.8917537639e+00
7.31000e+02 3.5526293671e+04 3.5479042815e-01
7.32000e+02 3.5528802745e+04 1.9501364683e+01
7.33000e+02 3.5531351669e+04 1.9947071058e+01
7.34000e+02 3.5530701015e+04 5.8007159814e-01
7.35000e+02 3.5533772102e+04 1.2149009358e-01
7.36000e+02 3.5541179217e+04 1.9866121890e+00
7.37000e+02 3.5548322309e+04 1.0447691330e+01
7.38000e+02 3.5550784532e+04 6.9746892533e-01
7.39000e+02 3.5549695106e+04 1.9668042062e+01
7.40000e+02 3.5549024393e+04 1.8625365908e+01
7.41000e+02 3.5552038191e+04 1.9273365394e+00
7.42000e+02 3.5559392096e+04 1.0490453795e+01
7.43000e+02 3.5566490358e+04 2.8694064213e+00
7.44000e+02 3.5568915293e+04 1.6717185477e+01
7.45000e+02 3.5567797620e+04 2.8247178740e-02
7.46000e+02 3.5567104004e+04 1.9025055913e+00
7.47000e+02 3.5570095652e+04 1.0502112884e+01
7.48000e+02 3.5572753398e+04 2.7638839838e+00
7.49000e+02 3.5575451129e+04 2.9391798729e-01
7.50000e+02 3.5582718112e+04 2.9534591660e+00
7.51000e+02 3.5592504642e+04 7.2376054239e+00
7.52000e+02 3.5598803694e+04 3.9959744388e+00
7.53000e+02 3.5605019996e+04 7.3339756423e+00
7.54000e+02 3.5614394077e+04 5.8317484773e+00
7.55000e+02 3.5623758163e+04 6.2483606184e+00
7.56000e+02 3.5629882843e+04 7.1522687821e+00
7.57000e+02 3.5640454731e+04 4.9236519214e+00
7.58000e+02 3.5655331263e+04 8.0054138563e+00
7.59000e+02 3.5671906515e+04 7.2111659833e+00
7.60000e+02 3.5684961940e+04 6.9307447279e+00
7.61000e+02 3.5703147305e+04 1.5610885329e+01
7.62000e+02 3.5725582403e+04 1.4762520961e+01
7.63000e+02 3.5748923816e+04 6.8807320215e+00
7.64000e+02 3.5768727943e+04 1.2147523378e+01
7.65000e+02 3.5794394746e+04 2.2229196053e+01
7.66000e+02 3.5819607448e+04 5.7487385348e+01
7.67000e+02 3.5844719820e+04 2.5274605592e+01
7.68000e+02 3.5874358659e+04 1.4077591584e+01
7.69000e+02 3.5904238314e+04 1.8673618381e+01
7.70000e+02 3.5933667434e+04 4.6545677480e+01
7.71000e+02 3.5962573791e+04 5.9776405334e+01
7.72000e+02 3.5991717750e+04 4.4748078498e+01
7.73000e+02 3.6021287555e+04 3.3939334442e+01
7.74000e+02 3.6050482126e+04 3.3670845927e+01
7.75000e+02 3.6079180326e+04 3.2729651746e+01
7.76000e+02 3.6103476224e+04 2.4332525960e+01
7.77000e+02 3.6122096741e+04 8.6714605466e+01
7.78000e+02 3.6144248540e+04 1.8336768551e+01
7.79000e+02 3.6165186417e+04 7.7603234307e+00
7.80000e+02 3.6181792009e+04 2.6082466488e+01
7.81000e+02 3.6193537882e+04 1.1443787196e+01
7.82000e+02 3.6208841024e+04 1.4601219845e+01
7.83000e+02 3.6222195142e+04 9.8430102986e+00
7.84000e+02 3.6235926098e+04 1.9364523687e+01
7.85000e+02 3.6251719896e+04 2.3592980876e+01
7.86000e+02 3.6264147031e+04 8.5284421398e+01
7.87000e+02 3.6281747835e+04 4.4771399153e+01
7.88000e+02 3.6299000250e+04 1.2079167403e+01
7.89000e+02 3.6311122152e+04 6.2962515844e-01
7.90000e+02 3.6323638597e+04 3.8917878058e-01
7.91000e+02 3.6336130938e+04 1.8350729024e-02
7.92000e+02 3.6351823187e+04 1.0222273361e+01
7.93000e+02 3.6365472203e+04 1.2361986458e+01
7.94000e+02 3.6379426012e+04 1.2572476813e+01
7.95000e+02 3.6395379363e+04 1.3351728595e+01
7.96000e+02 3.6410985406e+04 1.2263418965e+01
7.97000e+02 3.6426695667e+04 9.0279409504e+00
7.98000e+02 3.6442255298e+04 6.0704972921e+00
7.99000e+02 3.6455862300e+04 2.3691916112e+00
8.00000e+02 3.6469802969e+04 6.1037685255e+00
8.01000e+02 3.6485755160e+04 6.3063577178e+00
8.02000e+02 3.6498314323e+04 4.2718244404e-02
8.03000e+02 3.6516039599e+04 1.8782041721e+01
8.04000e+02 3.6533399319e+04 1.8392076247e+01
8.05000e+02 3.6545605469e+04 1.5049267887e+01
8.06000e+02 3.6561245956e+04 6.3809067652e+00
8.07000e+02 3.6574889297e+04 1.5998817232e+01
8.08000e+02 3.6588853561e+04 1.2256327598e+01
8.09000e+02 3.6604821800e+04 6.3905732317e+00
8.10000e+02 3.6620446443e+04 6.3683387154e+00
8.11000e+02 3.6634096380e+04 2.3858536464e+00
8.12000e+02 3.6643395987e+04 8.0601130462e+00
8.13000e+02 3.6648556885e+04 5.6912443594e+00
8.14000e+02 3.6654206936e+04 1.3641820991e+01
8.15000e+02 3.6664295490e+04 4.6073483685e+00
8.16000e+02 3.6678748078e+04 2.8717911892e+00
8.17000e+02 3.6694986021e+04 6.6316747231e+00
8.18000e+02 3.6707743597e+04 9.9225932153e+00
8.19000e+02 3.6725633683e+04 1.0670452167e+01
8.20000e+02 3.6747802680e+04 1.2409486405e+01
8.21000e+02 3.6769638617e+04 2.3451997034e+01
8.22000e+02 3.6786786662e+04 2.3110960017e+01
8.23000e+02 3.6804032491e+04 1.1752819557e+01
8.24000e+02 3.6821229142e+04 1.1789673319e+01
8.25000e+02 3.6838493522e+04 9.1869774951e+00
8.26000e+02 3.6860369538e+04 1.8442486460e+01
8.27000e+02 3.6883315482e+04 6.7080014591e+00
8.28000e+02 3.6902796146e+04 3.8301726740e+01
8.29000e+02 3.6922236871e+04 4.8054821403e+01
8.30000e+02 3.6944825136e+04 3.2324133295e+01
8.31000e+02 3.6967432468e+04 3.3436382762e+01
8.32000e+02 3.6986783574e+04 1.3483500167e+01
8.33000e+02 3.7012052604e+04 1.7260267849e+01
8.34000e+02 3.7041601328e+04 2.9041480817e+01
8.35000e+02 3.7071368624e+04 2.0629979844e+01
8.36000e+02 3.7097622456e+04 1.0532676246e+01
8.37000e+02 3.7130478914e+04 3.6599867115e+01
8.38000e+02 3.7167565647e+04 2.8147358024e+01
8.39000e+02 3.7204085305e+04 1.7274505993e+01
8.40000e+02 3.7237076393e+04 4.3300523054e+01
8.41000e+02 3.7270016493e+04 8.0748758341e+01
8.42000e+02 3.7306055744e+04 7.2686338643e+01
8.43000e+02 3.7342110822e+04 4.6673726420e+01
8.44000e+02 3.7374863620e+04 4.0236503212e+01
8.45000e+02 3.7414995606e+04 3.5394738305e+01
8.46000e+02 3.7459368708e+04 7.1170654543e+01
8.47000e+02 3.7502451814e+04 4.3343210935e+01
8.48000e+02 3.7545065134e+04 9.6500989870e+01
8.49000e+02 3.7587764747e+04 5.9705812340e+01
8.50000e+02 3.7627162273e+04 6.6447282460e+00
8.51000e+02 3.7674673784e+04 7.8479009112e+01
8.52000e+02 3.7726408467e+04 1.1030755492e+02
8.53000e+02 3.7776104397e+04 6.9963166366e+00
8.54000e+02 3.7825333854e+04 7.3251564121e+01
8.55000e+02 3.7874663274e+04 7.2811803236e+01
8.56000e+02 3.7923734099e+04 7.2580359215e+01
8.57000e+02 3.7974510737e+04 2.8579312561e+02
8.58000e+02 3.8020838828e+04 2.0587537940e+02
8.59000e+02 3.8067247602e+04 1.0909451082e+02
8.60000e+02 3.8118338241e+04 7.9084267588e+01
8.61000e+02 3.8167599098e+04 7.2439215454e+01
8.62000e+02 3.8213428971e+04 1.8870284331e+02
8.63000e+02 3.8259297574e+04 2.5890016683e+02
8.64000e+02 3.8305236669e+04 7.6479991536e+01
8.65000e+02 3.8359936940e+04 8.7296680148e+01
8.66000e+02 3.8418839290e+04 8.0178487686e+01
8.67000e+02 3.8477279975e+04 1.6676753911e+02
8.68000e+02 3.8535722305e+04 9.0744615213e+01
8.69000e+02 3.8593878396e+04 9.0369277011e+01
8.70000e+02 3.8652120594e+04 9.0078775639e+01
8.71000e+02 3.8707865257e+04 7.2264144760e+01
8.72000e+02 3.8760211143e+04 1.7245404445e+01
8.73000e+02 3.8812625282e+04 8.9554033114e+01
8.74000e+02 3.8865110001e+04 7.8764699057e+01
8.75000e+02 3.8927083278e+04 2.6801388291e+02
8.76000e+02 3.8993250745e+04 7.9252689837e+00
8.77000e+02 3.9058935978e+04 1.0543518232e+02
8.78000e+02 3.9119956752e+04 4.7863335161e+02
8.79000e+02 3.9171552259e+04 7.7867302393e+01
8.80000e+02 3.9226658952e+04 3.6521593462e+02
8.81000e+02 3.9284208111e+04 8.0340745775e+01
8.82000e+02 3.9337365832e+04 7.8630529436e+00
8.83000e+02 3.9381970598e+04 1.9616554631e+02
8.84000e+02 3.9427092912e+04 2.6639641025e+02
8.85000e+02 3.9481073476e+04 8.0546259718e+01
8.86000e+02 3.9539364990e+04 1.7771419905e+02
8.87000e+02 3.9597273584e+04 8.9419101029e+01
8.88000e+02 3.9655238881e+04 8.9003465021e+01
8.89000e+02 3.9710730556e+04 3.6179111892e+02
8.90000e+02 3.9762826292e+04 6.9734227843e+00
8.91000e+02 3.9824482114e+04 1.9350457503e+02
8.92000e+02 3.9890377980e+04 7.9305687806e+00
8.93000e+02 3.9955819827e+04 1.0437035187e+02
8.94000e+02 4.0016616080e+04 2.8141531641e+02
8.95000e+02 4.0068022459e+04 7.6741788764e+01
8.96000e+02 4.0122950536e+04 2.7367745282e+02
8.97000e+02 4.0178096014e+04 2.1008385112e+02
8.98000e+02 4.0233067513e+04 8.2869038858e+01
8.99000e+02 4.0288257291e+04 8.2830470768e+01
9.00000e+02 4.0340203297e+04 1.8898824118e+02
9.01000e+02 4.0401719424e+04 9.5164888275e+01
9.02000e+02 4.0467488152e+04 2.6971210099e+02
9.03000e+02 4.0529840849e+04 7.1629188788e+00
9.04000e+02 4.0588713631e+04 1.0199649913e+02
9.05000e+02 4.0647630583e+04 2.9820432868e+02
9.06000e+02 4.0709643450e+04 9.6944763621e+01
9.07000e+02 4.0771739814e+04 9.6591486631e+01
9.08000e+02 4.0830511566e+04 9.0262446574e+01
9.09000e+02 4.0889348430e+04 9.2323744571e+01
9.10000e+02 4.0951293919e+04 9.6427516958e+01
9.11000e+02 4.1016289320e+04 2.6899594345e+02
9.12000e+02 4.1076806126e+04 2.7738517346e+02
9.13000e+02 4.1127989873e+04 8.8677972140e+01
9.14000e+02 4.1182723055e+04 7.2123065404e+00
9.15000e+02 4.1239887064e+04 8.7215952520e+01
9.16000e+02 4.1292683543e+04 8.0868967771e+01
9.17000e+02 4.1336981171e+04 1.4091213431e+01
9.18000e+02 4.1384864970e+04 7.9782393457e+01
9.19000e+02 4.1432997642e+04 1.5486491330e+02
9.20000e+02 4.1477950139e+04 1.5292433822e+02
9.21000e+02 4.1531746504e+04 3.5017612550e+02
9.22000e+02 4.1589842071e+04 2.5068753814e+02
9.23000e+02 4.1645320735e+04 7.3459919813e+00
9.24000e+02 4.1697339333e+04 9.9784981440e+01
9.25000e+02 4.1758876094e+04 8.2341802407e+01
9.26000e+02 4.1819956469e+04 1.6918511347e+02
9.27000e+02 4.1880867191e+04 9.3788482764e+01
9.28000e+02 4.1941693310e+04 9.3440438724e+01
9.29000e+02 4.2002454316e+04 9.3197282511e+01
9.30000e+02 4.2063176810e+04 9.3000459499e+01
9.31000e+02 4.2123861509e+04 9.2831152749e+01
9.32000e+02 4.2189199597e+04 1.4581167355e+01
9.33000e+02 4.2251269627e+04 8.7987721361e+01
9.34000e+02 4.2309915841e+04 3.6842417732e+02
9.35000e+02 4.2378832896e+04 8.2323548851e+00
9.36000e+02 4.2451961799e+04 9.5690548481e+01
9.37000e+02 4.2524602473e+04 4.5153515034e+02
9.38000e+02 4.2592593730e+04 1.0823120726e+02
9.39000e+02 4.2650471996e+04 5.4273535800e+02
9.40000e+02 4.2711878670e+04 4.6460648984e+02
9.41000e+02 4.2776442267e+04 1.0004589867e+02
9.42000e+02 4.2841287423e+04 3.7942906927e+02
9.43000e+02 4.2903025439e+04 3.8241351334e+02
9.44000e+02 4.2964458698e+04 9.9972438230e+01
9.45000e+02 4.3026122627e+04 9.9798379491e+01
9.46000e+02 4.3087591363e+04 9.4052341254e+01
9.47000e+02 4.3152205786e+04 1.0046995518e+02
9.48000e+02 4.3212402144e+04 7.1658159406e+01
9.49000e+02 4.3272678353e+04 1.9990126041e+02
9.50000e+02 4.3337679988e+04 1.0052596350e+02
9.51000e+02 4.3402410703e+04 1.0054172949e+02
9.52000e+02 4.3462596429e+04 1.2023766890e+02
9.53000e+02 4.3513513213e+04 2.0155904763e+02
9.54000e+02 4.3564946399e+04 2.8182164146e+02
9.55000e+02 4.3616515576e+04 7.3671683350e+01
9.56000e+02 4.3671282183e+04 1.0009167943e+02
9.57000e+02 4.3728374075e+04 7.6388233788e+00
9.58000e+02 4.3785727353e+04 8.5161646464e+01
9.59000e+02 4.3840720377e+04 1.8727897149e+02
9.60000e+02 4.3892352955e+04 7.3797404128e+01
9.61000e+02 4.3944088093e+04 7.3889567869e+01
9.62000e+02 4.3998983620e+04 8.0426804658e+01
9.63000e+02 4.4056187038e+04 8.5188010743e+01
9.64000e+02 4.4108956823e+04 2.2110693701e+02
9.65000e+02 4.4153197171e+04 2.6100277902e+01
9.66000e+02 4.4197949656e+04 9.3009763128e+01
9.67000e+02 4.4251520525e+04 3.0546529268e+02
9.68000e+02 4.4304730318e+04 7.7076956979e+01
9.69000e+02 4.4349212933e+04 5.9563953013e+01
9.70000e+02 4.4394130774e+04 5.9669743968e+01
9.71000e+02 4.4447836936e+04 7.7135173223e+01
9.72000e+02 4.4501153211e+04 7.7164520173e+01
9.73000e+02 4.4545713807e+04 5.9688055572e+01
9.74000e+02 4.4593747939e+04 6.8613954692e+00
9.75000e+02 4.4641965709e+04 1.9250288343e+02
9.76000e+02 4.4690012459e+04 1.9232299802e+02
9.77000e+02 4.4739731195e+04 2.7327126484e+02
9.78000e+02 4.4785066302e+04 7.9811668390e+00
9.79000e+02 4.4822639586e+04 5.9357067979e+01
9.80000e+02 4.4860732347e+04 1.1210099969e+02
9.81000e+02 4.4898934876e+04 4.6273762172e+01
9.82000e+02 4.4940354466e+04 7.1234207809e+01
9.83000e+02 4.4981898115e+04 1.3083323433e+02
9.84000e+02 4.5020212427e+04 4.6449038535e+01
9.85000e+02 4.5058606541e+04 4.6594174650e+01
9.86000e+02 4.5097127046e+04 4.6753774037e+01
9.87000e+02 4.5143630032e+04 6.1910993569e+01
9.88000e+02 4.5194385246e+04 4.0434378731e+02
9.89000e+02 4.5243233137e+04 7.4895394496e+01
9.90000e+02 4.5288595520e+04 6.8418781063e+00
9.91000e+02 4.5342719540e+04 1.3877771627e+02
9.92000e+02 4.5401063305e+04 8.2409049831e+01
9.93000e+02 4.5456713561e+04 1.3637402282e+01
9.94000e+02 4.5511914906e+04 1.5506705293e+02
9.95000e+02 4.5569473556e+04 2.1335005128e+02
9.96000e+02 4.5622568009e+04 2.0824736620e+02
9.97000e+02 4.5675720916e+04 8.1355528865e+01
9.98000e+02 4.5728885487e+04 8.1344290871e+01
9.99000e+02 4.5782062576e+04 7.5842924045e+01
1.00000e+03 4.5839903256e+04 8.4972082170e+01
1.00100e+03 4.5895235811e+04 8.0168095119e+01
1.00200e+03 4.5950198866e+04 7.9849637050e+01
1.00300e+03 4.6007550098e+04 8.4679692090e+01
1.00400e+03 4.6060475537e+04 7.5527949751e+01
1.00500e+03 4.6113488031e+04 7.5287826039e+01
1.00600e+03 4.6171205967e+04 8.4472268724e+01
1.00700e+03 4.6226450222e+04 7.9681487708e+01
1.00800e+03 4.6278290108e+04 2.9563458918e+02
1.00900e+03 4.6339659761e+04 2.6360901955e+01
1.01000e+03 4.6405269930e+04 1.1135551004e+01
1.01100e+03 4.6467472420e+04 1.4204160620e+02
1.01200e+03 4.6529242568e+04 2.2830846297e+02
1.01300e+03 4.6594114719e+04 1.0303313188e+02
1.01400e+03 4.6654518998e+04 1.0902591908e+02
1.01500e+03 4.6705601110e+04 4.5456579342e+02
1.01600e+03 4.6760228081e+04 7.1431762273e+00
1.01700e+03 4.6817269626e+04 7.1958128755e+01
1.01800e+03 4.6869939916e+04 1.3088561011e+02
1.01900e+03 4.6914121005e+04 1.4037056143e+01
1.02000e+03 4.6961884877e+04 2.2810287917e+01
1.02100e+03 4.7011338459e+04 1.2316676072e+02
1.02200e+03 4.7056459056e+04 2.1572710888e+01
1.02300e+03 4.7093871413e+04 1.6018745032e+01
1.02400e+03 4.7134876222e+04 1.1628453067e+02
1.02500e+03 4.7176828688e+04 2.9052253607e+01
1.02600e+03 4.7219144453e+04 2.4229894006e+02
1.02700e+03 4.7261379107e+04 5.3346507865e+01
1.02800e+03 4.7299127286e+04 8.6303073080e+00
1.02900e+03 4.7329900161e+04 1.0952876481e+02
1.03000e+03 4.7364259564e+04 1.7624554441e+01
1.03100e+03 4.7398822015e+04 7.6722030463e+00
1.03200e+03 4.7429083074e+04 1.0193211632e+02
1.03300e+03 4.7459580978e+04 2.7969684898e+02
1.03400e+03 4.7494833799e+04 3.8565686468e+01
1.03500e+03 4.7529921958e+04 5.7913249349e+01
1.03600e+03 4.7565137454e+04 5.7818010550e+01
1.03700e+03 4.7600223768e+04 3.8897927599e+01
1.03800e+03 4.7630783365e+04 2.9697147000e+01
1.03900e+03 4.7655066022e+04 1.1116711565e+01
1.04000e+03 4.7682913444e+04 8.2537853562e+01
1.04100e+03 4.7710223861e+04 7.7758971874e+00
1.04200e+03 4.7733232805e+04 7.5506525552e+00
1.04300e+03 4.7750769175e+04 7.5709028679e+01
1.04400e+03 4.7771895945e+04 1.4488773429e+01
1.04500e+03 4.7791756750e+04 7.4496120539e+00
1.04600e+03 4.7807339549e+04 4.9914159574e+01
1.04700e+03 4.7818207802e+04 2.1142400909e+01
1.04800e+03 4.7829621059e+04 3.0154411062e+02
1.04900e+03 4.7841107950e+04 6.1863753642e-01
1.05000e+03 4.7852819412e+04 9.1622430544e-01
1.05100e+03 4.7869598562e+04 5.8269839117e+01
1.05200e+03 4.7890727199e+04 9.5618877062e+00
1.05300e+03 4.7912970199e+04 2.7044494485e+02
1.05400e+03 4.7931746322e+04 2.8439164698e+01
1.05500e+03 4.7950492642e+04 2.7423594046e+01
1.05600e+03 4.7972405276e+04 1.2691709460e+01
1.05700e+03 4.7994353844e+04 1.9869732375e+01
1.05800e+03 4.8016119784e+04 1.9703169230e+01
1.05900e+03 4.8036609238e+04 3.3717469815e+01
1.06000e+03 4.8057419950e+04 3.8879945682e+01
1.06100e+03 4.8079548747e+04 1.2378548173e+01
1.06200e+03 4.8098291260e+04 5.9880564992e+00
1.06300e+03 4.8122893417e+04 2.3127576863e+01
1.06400e+03 4.8151796964e+04 2.0459004759e+01
1.06500e+03 4.8181002295e+04 7.0765343740e+00
1.06600e+03 4.8206712689e+04 2.4050663214e+01
1.06700e+03 4.8238983467e+04 2.8107167596e+01
1.06800e+03 4.8275501781e+04 1.4684224409e+01
1.06900e+03 4.8311630677e+04 6.6052098097e+01
1.07000e+03 4.8343076756e+04 6.7918054725e+01
1.07100e+03 4.8374584006e+04 3.1343491699e+01
1.07200e+03 4.8410728504e+04 4.0662484757e+01
1.07300e+03 4.8446523923e+04 2.4400449438e+01
1.07400e+03 4.8478870946e+04 6.6027838078e+01
1.07500e+03 4.8511214666e+04 1.0956789189e+02
1.07600e+03 4.8543641040e+04 3.3063683464e+01
1.07700e+03 4.8575997191e+04 3.3043049828e+01
1.07800e+03 4.8611479612e+04 7.4188408744e+01
1.07900e+03 4.8647001194e+04 9.8718593417e+01
1.08000e+03 4.8682299625e+04 8.1775632443e+01
1.08100e+03 4.8717736762e+04 3.8920840087e+01
1.08200e+03 4.8752983548e+04 3.8830274693e+01
1.08300e+03 4.8788384332e+04 3.8755091342e+01
1.08400e+03 4.8823604681e+04 3.8689899445e+01
1.08500e+03 4.8859040420e+04 3.9928665282e+01
1.08600e+03 4.8890090834e+04 9.6910822861e+01
1.08700e+03 4.8914805791e+04 1.0880674470e+02
1.08800e+03 4.8943069574e+04 6.9565652053e+00
1.08900e+03 4.8970820738e+04 6.5944994908e+01
1.09000e+03 4.8994249692e+04 1.0107647735e+02
1.09100e+03 4.9012146824e+04 1.3767432831e+01
1.09200e+03 4.9033618836e+04 6.7917714914e+00
1.09300e+03 4.9053845959e+04 9.3451360684e+01
1.09400e+03 4.9074457014e+04 1.8359225228e+02
1.09500e+03 4.9096448463e+04 1.1507285906e+01
1.09600e+03 4.9115091051e+04 1.1417049384e+02
1.09700e+03 4.9133771455e+04 5.3412644670e+00
1.09800e+03 4.9155663916e+04 3.9988265486e+01
1.09900e+03 4.9176218428e+04 9.1310773430e+00
1.10000e+03 4.9192406519e+04 1.5658604642e+01
1.10100e+03 4.9208816577e+04 1.9149581054e+02
1.10200e+03 4.9229931539e+04 9.6258533091e+00
1.10300e+03 4.9252250719e+04 4.0276007811e+01
1.10400e+03 4.9274204619e+04 1.2225132704e+01
1.10500e+03 4.9294878116e+04 9.7352132938e+00
1.10600e+03 4.9311185033e+04 2.5148604406e+01
1.10700e+03 4.9322645089e+04 3.3597864378e+01
1.10800e+03 4.9337653911e+04 2.6134738157e-01
1.10900e+03 4.9350673252e+04 7.6541568978e+00
1.11000e+03 4.9359396772e+04 9.5109072419e-01
1.11100e+03 4.9368403597e+04 2.2129942643e+00
1.11200e+03 4.9382133481e+04 4.3433304219e+00
1.11300e+03 4.9395737011e+04 3.7547975046e+00
1.11400e+03 4.9404763654e+04 3.0312244393e-01
1.11500e+03 4.9409646696e+04 6.8380996911e+00
1.11600e+03 4.9418054756e+04 1.3284492572e+01
1.11700e+03 4.9423733623e+04 7.9246635679e+00
1.11800e+03 4.9425121217e+04 1.3962754495e+01
1.11900e+03 4.9423203467e+04 2.0072000531e+01
1.12000e+03 4.9424856420e+04 6.7551063818e+00
1.12100e+03 4.9423063242e+04 7.4720450073e+00
1.12200e+03 4.9417013364e+04 7.4374714213e+00
1.12300e+03 4.9408420788e+04 1.3423177508e+01
1.12400e+03 4.9400356581e+04 5.8696887160e+00
1.12500e+03 4.9392307611e+04 5.4360639098e-01
1.12600e+03 4.9387554005e+04 6.4065601626e+00
1.12700e+03 4.9378557271e+04 7.2035552482e+00
1.12800e+03 4.9369952083e+04 2.2335072654e+01
1.12900e+03 4.9361398495e+04 2.1869591288e+01
1.13000e+03 4.9348308350e+04 7.0402676873e+00
1.13100e+03 4.9333317999e+04 1.3341534668e+01
1.13200e+03 4.9318810412e+04 6.4433803630e+00
1.13300e+03 4.9306504419e+04 4.7964542083e+01
1.13400e+03 4.9298609648e+04 7.1041699515e-01
1.13500e+03 4.9290551307e+04 1.2049532311e+00
1.13600e+03 4.9277846195e+04 4.6369335616e+01
1.13700e+03 4.9265356961e+04 5.2646425340e-01
1.13800e+03 4.9257498763e+04 3.6573561822e-02
1.13900e+03 4.9253715010e+04 4.0570823207e+01
1.14000e+03 4.9249516813e+04 3.9974843243e+01
1.14100e+03 4.9241097309e+04 3.2462626297e-01
1.14200e+03 4.9233008570e+04 4.0760793263e+01
1.14300e+03 4.9229131319e+04 1.4804030289e+01
1.14400e+03 4.9224892106e+04 7.7705162412e+00
1.14500e+03 4.9220703610e+04 3.1124443169e-01
1.14600e+03 4.9216386672e+04 7.7725293721e-02
1.14700e+03 4.9207916563e+04 4.0770637873e+01
1.14800e+03 4.9195140581e+04 7.0870108728e-02
1.14900e+03 4.9180456112e+04 1.4404649118e+01
1.15000e+03 4.9166255509e+04 4.7083655088e+01
1.15100e+03 4.9154281514e+04 4.0168255479e+01
1.15200e+03 4.9142030369e+04 1.3865408163e+01
1.15300e+03 4.9127643399e+04 3.2767231566e+01
1.15400e+03 4.9116704954e+04 1.3992165656e+01
1.15500e+03 4.9100827494e+04 7.4073504084e+00
1.15600e+03 4.9085329789e+04 2.2509125487e+01
1.15700e+03 4.9069883035e+04 2.2055910896e+01
1.15800e+03 4.9049877669e+04 3.4128333527e+01
1.15900e+03 4.9028649027e+04 2.0813513298e+01
1.16000e+03 4.9010933020e+04 6.7775615146e+00
1.16100e+03 4.8987568047e+04 7.9182194297e+00
1.16200e+03 4.8964621488e+04 7.4488535602e+00
1.16300e+03 4.8947430223e+04 6.0039341151e+01
1.16400e+03 4.8926855329e+04 4.6502378029e+01
1.16500e+03 4.8906205631e+04 6.1981717727e+00
1.16600e+03 4.8888806435e+04 5.9662491244e+01
1.16700e+03 4.8865706367e+04 7.1764999502e+00
1.16800e+03 4.8838305916e+04 7.3950844018e+00
1.16900e+03 4.8811263535e+04 4.4996407442e+01
1.17000e+03 4.8784217571e+04 3.2990538376e+01
1.17100e+03 4.8757396376e+04 2.2118608240e-01
1.17200e+03 4.8730506865e+04 1.5645369616e-01
1.17300e+03 4.8702982606e+04 4.6553320980e+01
1.17400e+03 4.8678907641e+04 6.6757689339e+00
1.17500e+03 4.8648435667e+04 7.3719052836e+00
1.17600e+03 4.8613691878e+04 1.9239700099e+01
1.17700e+03 4.8579340193e+04 7.5304897119e+00
1.17800e+03 4.8549658194e+04 6.6714742614e+01
1.17900e+03 4.8526266729e+04 5.2656075252e+01
1.18000e+03 4.8499408234e+04 5.8537006561e+01
1.18100e+03 4.8473280825e+04 5.8423751632e+01
1.18200e+03 4.8451502900e+04 1.7353789534e+01
1.18300e+03 4.8435120912e+04 1.9583685546e+01
1.18400e+03 4.8415210687e+04 2.0650116122e+01
1.18500e+03 4.8396751970e+04 9.6677443771e+00
1.18600e+03 4.8382592241e+04 7.6181966903e+00
1.18700e+03 4.8373032706e+04 6.8224530818e+00
1.18800e+03 4.8359924237e+04 6.8017554213e+00
1.18900e+03 4.8349004535e+04 1.5149593257e+01
1.19000e+03 4.8337683944e+04 1.1698147789e+01
1.19100e+03 4.8324050991e+04 1.2701856727e+01
1.19200e+03 4.8313798428e+04 1.1435460488e+01
1.19300e+03 4.8298621076e+04 6.1079263291e+01
1.19400e+03 4.8279098970e+04 2.0890670241e+01
1.19500e+03 4.8258319181e+04 1.8570860252e+01
1.19600e+03 4.8241048753e+04 4.7111892612e+01
1.19700e+03 4.8223827222e+04 5.3381816071e+01
1.19800e+03 4.8206526449e+04 2.0954501900e+01
1.19900e+03 4.8183653745e+04 7.6953510144e+00
1.20000e+03 4.8156514878e+04 2.0218180347e+01
1.20100e+03 4.8128925728e+04 4.1105156114e+01
1.20200e+03 4.8104874234e+04 1.4438376762e+01
1.20300e+03 4.8080882240e+04 6.7704612927e+00
1.20400e+03 4.8053787683e+04 3.9276662289e+01
1.20500e+03 4.8027536915e+04 1.5331066022e+01
1.20600e+03 4.8001029825e+04 1.4683957463e+01
1.20700e+03 4.7973819061e+04 3.8858999627e+01
1.20800e+03 4.7946991010e+04 1.5049228463e+01
1.20900e+03 4.7920920073e+04 1.7983139643e-01
1.21000e+03 4.7894549340e+04 3.1600839911e-01
1.21100e+03 4.7868306692e+04 1.7171083236e-01
1.21200e+03 4.7846612597e+04 7.6240206448e+01
1.21300e+03 4.7830336105e+04 4.0410971373e+01
1.21400e+03 4.7810549981e+04 7.0500393650e+00
1.21500e+03 4.7792239420e+04 6.8231878879e+01
1.21600e+03 4.7778233630e+04 7.6883057184e+00
1.21700e+03 4.7768815748e+04 7.7565063866e+00
1.21800e+03 4.7758903318e+04 1.4139064371e+01
1.21900e+03 4.7748944068e+04 1.2685660477e+01
1.22000e+03 4.7735746297e+04 6.1575293898e+01
1.22100e+03 4.7724830147e+04 1.5075027685e+01
1.22200e+03 4.7718236239e+04 7.4118817708e+00
1.22300e+03 4.7715491576e+04 7.2145880861e+00
1.22400e+03 4.7709207015e+04 2.1973162152e+01
1.22500e+03 4.7705877838e+04 1.4991443601e+01
1.22600e+03 4.7702135251e+04 1.5670636373e+01
1.22700e+03 4.7698381926e+04 4.2414840850e-01
1.22800e+03 4.7699140572e+04 7.3525541629e+00
1.22900e+03 4.7699654637e+04 3.0346908377e+01
1.23000e+03 4.7695470138e+04 8.6563604173e-01
1.23100e+03 4.7691421425e+04 7.0498138528e+00
1.23200e+03 4.7691960180e+04 3.0536452714e+01
1.23300e+03 4.7695692076e+04 6.4765590233e+00
1.23400e+03 4.7695925590e+04 2.8113567180e+01
1.23500e+03 4.7696049067e+04 3.2570080055e+01
1.23600e+03 4.7699325249e+04 1.7127950676e+01
1.23700e+03 4.7699133192e+04 3.1212038581e+01
1.23800e+03 4.7694552227e+04 6.6462992264e+00
1.23900e+03 4.7687192296e+04 2.4594231139e+01
1.24000e+03 4.7683337405e+04 1.4566202698e+01
1.24100e+03 4.7675359710e+04 7.7856390633e+00
1.24200e+03 4.7667758594e+04 1.5575001467e+01
1.24300e+03 4.7664345134e+04 3.1849460489e+01
1.24400e+03 4.7657534742e+04 7.0439061799e+00
1.24500e+03 4.7650666443e+04 1.4060004230e+01
1.24600e+03 4.7647011580e+04 3.1323521606e+01
1.24700e+03 4.7639163836e+04 9.5383047768e+00
1.24800e+03 4.7626973202e+04 7.6096693934e+00
1.24900e+03 4.7615075201e+04 5.3914631897e+01
1.25000e+03 4.7607841751e+04 3.1449944724e+01
1.25100e+03 4.7604632174e+04 6.8329795984e+00
1.25200e+03 4.7597961778e+04 4.4957312207e+01
1.25300e+03 4.7594265844e+04 6.4911784809e+00
1.25400e+03 4.7590203492e+04 3.6969026015e+01
1.25500e+03 4.7583127941e+04 3.1499450447e+01
1.25600e+03 4.7579460228e+04 7.1330578997e+00
1.25700e+03 4.7571629766e+04 3.7292382808e+01
1.25800e+03 4.7564138019e+04 7.0844441609e+00
1.25900e+03 4.7556644882e+04 6.7400350073e+00
1.26000e+03 4.7544572332e+04 1.0288919776e+01
1.26100e+03 4.7530464109e+04 1.4158596284e+01
1.26200e+03 4.7519860589e+04 6.9358077674e+00
1.26300e+03 4.7504388209e+04 7.9792426882e+00
1.26400e+03 4.7489311897e+04 7.5845654431e+00
1.26500e+03 4.7474295015e+04 7.1214828980e+00
1.26600e+03 4.7459396683e+04 1.7798140273e-01
1.26700e+03 4.7449370229e+04 5.1729231937e+01
1.26800e+03 4.7438976609e+04 5.1467602737e+01
1.26900e+03 4.7423699456e+04 8.2468071594e-02
1.27000e+03 4.7408780881e+04 5.1697746434e+01
1.27100e+03 4.7398773139e+04 1.8712220459e-02
1.27200e+03 4.7388408120e+04 4.7294872025e-02
1.27300e+03 4.7373164748e+04 2.9927643039e+00
1.27400e+03 4.7353605805e+04 7.4863939434e+00
1.27500e+03 4.7332813536e+04 1.3256785660e+01
1.27600e+03 4.7315548636e+04 6.8998810161e+00
1.27700e+03 4.7298347621e+04 7.1932728930e+00
1.27800e+03 4.7278026483e+04 1.5929463413e+01
1.27900e+03 4.7259290586e+04 6.9729559147e+01
1.28000e+03 4.7244956485e+04 6.5829122924e+00
1.28100e+03 4.7235302778e+04 8.3662264545e+00
1.28200e+03 4.7222147929e+04 4.9410906528e+01
1.28300e+03 4.7211218659e+04 7.8066267600e+00
1.28400e+03 4.7204594834e+04 2.0004397947e+00
1.28500e+03 4.7197719423e+04 8.8905338620e-01
1.28600e+03 4.7186131643e+04 4.8606032209e+01
1.28700e+03 4.7172384850e+04 5.1572524526e+01
1.28800e+03 4.7162088317e+04 5.0393845811e+00
1.28900e+03 4.7151821340e+04 4.8352082300e+01
1.29000e+03 4.7138385850e+04 5.5644551653e+00
1.29100e+03 4.7127263088e+04 4.5911977281e+01
1.29200e+03 4.7120505414e+04 7.5431504449e-01
1.29300e+03 4.7117642888e+04 7.4044506344e+00
1.29400e+03 4.7111266072e+04 3.8807390823e+01
1.29500e+03 4.7104761479e+04 2.2078538566e+00
1.29600e+03 4.7098369708e+04 1.8196183169e+00
1.29700e+03 4.7091823349e+04 4.1765302902e-02
1.29800e+03 4.7088447460e+04 6.9206433335e+00
1.29900e+03 4.7085038985e+04 6.3677734761e+00
1.30000e+03 4.7081463058e+04 2.0003738726e-01
1.30100e+03 4.7073784509e+04 4.5768061914e+01
1.30200e+03 4.7061775896e+04 4.9777862472e+01
1.30300e+03 4.7047763547e+04 7.5210473600e-01
1.30400e+03 4.7037274524e+04 4.4994563082e+01
1.30500e+03 4.7021934870e+04 7.6611057355e+00
1.30600e+03 4.7002318844e+04 8.3587653071e+00
1.30700e+03 4.6981499965e+04 5.1756097832e+01
1.30800e+03 4.6961173861e+04 1.5768907699e+01
1.30900e+03 4.6942399305e+04 6.8982325670e+00
1.31000e+03 4.6928034577e+04 4.5688520675e+01
1.31100e+03 4.6913516314e+04 4.4821440865e+01
1.31200e+03 4.6899009816e+04 1.4176915713e-01
1.31300e+03 4.6889279618e+04 5.1471129208e+01
1.31400e+03 4.6879144569e+04 5.1065683151e+01
1.31500e+03 4.6864123915e+04 6.4401853006e-01
1.31600e+03 4.6844765593e+04 7.6751280902e+00
1.31700e+03 4.6825713124e+04 4.6062373012e+01
1.31800e+03 4.6806640167e+04 4.3486144108e+01
1.31900e+03 4.6786166584e+04 2.1304518679e+01
1.32000e+03 4.6769153097e+04 6.8784388645e+00
1.32100e+03 4.6746529199e+04 7.6032442557e+00
1.32200e+03 4.6719621496e+04 1.0079546988e+01
1.32300e+03 4.6693078103e+04 7.4909235079e+00
1.32400e+03 4.6671205957e+04 5.8785306643e+01
1.32500e+03 4.6654836469e+04 2.8289103713e+01
1.32600e+03 4.6635002084e+04 5.9899357482e+01
1.32700e+03 4.6616677238e+04 5.0507974688e+01
1.32800e+03 4.6602685958e+04 9.0093830893e+00
1.32900e+03 4.6593301316e+04 2.9251517264e+01
1.33000e+03 4.6580387471e+04 4.6344414718e+00
1.33100e+03 4.6569701384e+04 1.3616142788e+00
1.33200e+03 4.6563302054e+04 7.5919494906e+00
1.33300e+03 4.6560716261e+04 6.7988494600e+00
1.33400e+03 4.6557633931e+04 2.9590917270e+00
1.33500e+03 4.6554517531e+04 3.4867396835e+00
1.33600e+03 4.6548150575e+04 6.5468886817e+00
1.33700e+03 4.6541714345e+04 2.5155144058e+01
1.33800e+03 4.6535412518e+04 2.5064858655e+01
1.33900e+03 4.6532072686e+04 1.4930611966e+01
1.34000e+03 4.6528346381e+04 2.0987004799e+01
1.34100e+03 4.6524633217e+04 3.7333235289e-01
1.34200e+03 4.6525452590e+04 7.2187038204e+00
1.34300e+03 4.6529409524e+04 7.0733335676e+00
1.34400e+03 4.6529847906e+04 6.7402083457e+00
1.34500e+03 4.6534003309e+04 1.5080052318e+01
1.34600e+03 4.6537743962e+04 2.1941904146e+01
1.34700e+03 4.6537658732e+04 6.3509995014e+00
1.34800e+03 4.6540958537e+04 6.3821354227e+00
1.34900e+03 4.6540850812e+04 3.0414878501e+01
1.35000e+03 4.6536378343e+04 8.2131230071e+00
1.35100e+03 4.6529128696e+04 7.8866254887e-01
1.35200e+03 4.6522339762e+04 7.2476283613e+00
1.35300e+03 4.6515515139e+04 4.2502417964e-01
1.35400e+03 4.6508879764e+04 1.5355980420e-01
1.35500e+03 4.6505220353e+04 7.8148140031e+00
1.35600e+03 4.6501217352e+04 7.3375306855e+00
1.35700e+03 4.6494211690e+04 1.8104008742e-01
1.35800e+03 4.6487576430e+04 7.8068837399e+00
1.35900e+03 4.6483933618e+04 1.6598691203e-02
1.36000e+03 4.6484622528e+04 3.0348236636e+01
1.36100e+03 4.6488446909e+04 6.2432010719e+00
1.36200e+03 4.6488753618e+04 6.9585496735e+00
1.36300e+03 4.6488945846e+04 7.1978913209e+00
1.36400e+03 4.6492295084e+04 2.3931383493e+01
1.36500e+03 4.6492186653e+04 3.0318594490e+01
1.36600e+03 4.6487692607e+04 5.8322168794e+00
1.36700e+03 4.6483439811e+04 3.0927872037e+01
1.36800e+03 4.6479162279e+04 2.1651357841e-01
1.36900e+03 4.6471991644e+04 3.1270315830e+01
1.37000e+03 4.6465233570e+04 3.1997147234e+01
1.37100e+03 4.6461482146e+04 5.0137222273e-01
1.37200e+03 4.6462080964e+04 6.1468653332e+00
1.37300e+03 4.6462446268e+04 6.6144535994e+00
1.37400e+03 4.6458136431e+04 3.1271350808e+01
1.37500e+03 4.6450958150e+04 7.6451576970e-03
1.37600e+03 4.6447251197e+04 7.0561909092e+00
1.37700e+03 4.6439419650e+04 8.1968518410e+00
1.37800e+03 4.6427278203e+04 7.8392465594e+00
1.37900e+03 4.6413165620e+04 1.3983437383e+01
1.38000e+03 4.6402590737e+04 6.8679298648e+00
1.38100e+03 4.6387172210e+04 7.5869793878e+00
1.38200e+03 4.6367490566e+04 1.2996267376e+01
1.38300e+03 4.6348172995e+04 9.4254287672e+00
1.38400e+03 4.6333547928e+04 1.5223884627e+01
1.38500e+03 4.6323711756e+04 5.1478202813e+01
1.38600e+03 4.6310428742e+04 2.0502032277e+01
1.38700e+03 4.6299396491e+04 6.9233404430e+00
1.38800e+03 4.6292698112e+04 3.7925443623e+01
1.38900e+03 4.6285771668e+04 4.4604096374e+01
1.39000e+03 4.6274152719e+04 4.5068824442e-01
1.39100e+03 4.6260391298e+04 6.5099005067e+00
1.39200e+03 4.6250093201e+04 5.1149938499e+01
1.39300e+03 4.6234927577e+04 8.2391799750e+00
1.39400e+03 4.6215460820e+04 1.4351198894e+01
1.39500e+03 4.6194761187e+04 5.8037000530e+01
1.39600e+03 4.6174541952e+04 1.4755257581e+01
1.39700e+03 4.6155875907e+04 4.5521311490e+01
1.39800e+03 4.6136939753e+04 4.6260834142e+01
1.39900e+03 4.6118136461e+04 1.3724726468e-01
1.40000e+03 4.6103906093e+04 1.3106582373e+01
1.40100e+03 4.6089528254e+04 1.2305690975e+01
1.40200e+03 4.6070486473e+04 2.4273615806e-01
1.40300e+03 4.6050064661e+04 2.7782162690e-01
1.40400e+03 4.6033113699e+04 6.6528646851e+00
1.40500e+03 4.6010562883e+04 8.1729768489e+00
1.40600e+03 4.5988400746e+04 7.9317687932e+00
1.40700e+03 4.5966305969e+04 7.4677977737e+00
1.40800e+03 4.5944313888e+04 1.7005636117e-01
1.40900e+03 4.5922320006e+04 2.7078037672e-01
1.41000e+03 4.5900399140e+04 7.1215687965e-02
1.41100e+03 4.5884032120e+04 6.4275848426e+01
1.41200e+03 4.5864226582e+04 4.5199203583e+01
1.41300e+03 4.5845945914e+04 2.0253657635e+01
1.41400e+03 4.5827332936e+04 1.0344070968e+01
1.41500e+03 4.5808804622e+04 2.4764748835e-01
1.41600e+03 4.5790144281e+04 4.7362111047e-02
1.41700e+03 4.5769981908e+04 6.3867729136e+00
1.41800e+03 4.5753237040e+04 6.4005478915e+01
1.41900e+03 4.5736491170e+04 5.4029592799e+01
1.42000e+03 4.5716574312e+04 1.7264578976e+01
1.42100e+03 4.5696613335e+04 6.3740077509e+01
1.42200e+03 4.5679903831e+04 1.0616913283e+01
1.42300e+03 4.5657560344e+04 2.7845986091e-01
1.42400e+03 4.5630903853e+04 1.7704080767e+01
1.42500e+03 4.5604590706e+04 7.7848319649e+00
1.42600e+03 4.5582934443e+04 7.4877429281e+01
1.42700e+03 4.5566749203e+04 1.6686684719e+01
1.42800e+03 4.5547092334e+04 1.0844601962e+01
1.42900e+03 4.5528955500e+04 6.6626239581e+01
1.43000e+03 4.5510471583e+04 5.2176218932e+01
1.43100e+03 4.5490429455e+04 1.0687447889e+01
1.43200e+03 4.5473788340e+04 2.0979199970e-01
1.43300e+03 4.5451531248e+04 7.4716156943e+01
1.43400e+03 4.5424956720e+04 1.8767371639e+01
1.43500e+03 4.5397847297e+04 7.2768773333e+00
1.43600e+03 4.5374254949e+04 6.6666335758e+01
1.43700e+03 4.5344354421e+04 7.6434357462e+00
1.43800e+03 4.5310199358e+04 1.0891641874e+01
1.43900e+03 4.5276307994e+04 1.3756403062e+01
1.44000e+03 4.5245955468e+04 6.7601782299e+00
1.44100e+03 4.5215648572e+04 2.4955411677e+01
1.44200e+03 4.5182250873e+04 8.0300444118e+01
1.44300e+03 4.5149001742e+04 1.5112296804e+01
1.44400e+03 4.5115514167e+04 1.4429697059e+01
1.44500e+03 4.5082031232e+04 6.5970195335e+01
1.44600e+03 4.5051983864e+04 2.2256972753e+01
1.44700e+03 4.5014861010e+04 7.2223262633e+00
1.44800e+03 4.4973467509e+04 7.9059257448e+00
1.44900e+03 4.4933053320e+04 2.0772772582e+01
1.45000e+03 4.4893113718e+04 2.1639087574e+01
1.45100e+03 4.4852532269e+04 7.3323180080e+00
1.45200e+03 4.4816389462e+04 9.9132102541e+01
1.45300e+03 4.4787133362e+04 8.7562546084e+01
1.45400e+03 4.4757427190e+04 6.8739068857e+00
1.45500e+03 4.4727664693e+04 7.3734298571e+00
1.45600e+03 4.4694723457e+04 3.2661990780e-01
1.45700e+03 4.4661909722e+04 9.1265256230e+01
1.45800e+03 4.4628805502e+04 8.0970899419e+01
1.45900e+03 4.4595839296e+04 1.5247122689e-01
1.46000e+03 4.4562735875e+04 7.9844066386e-04
1.46100e+03 4.4529574701e+04 8.0072154084e+00
1.46200e+03 4.4499817203e+04 5.1326758665e-02
1.46300e+03 4.4462989011e+04 9.8738308131e+01
1.46400e+03 4.4421868021e+04 1.6016776463e+01
1.46500e+03 4.4381133734e+04 7.7680809059e+00
1.46600e+03 4.4345047421e+04 9.4784546418e+01
1.46700e+03 4.4315873752e+04 5.3755268386e-01
1.46800e+03 4.4283214869e+04 8.9652049713e+01
1.46900e+03 4.4250388984e+04 2.8401356776e-01
1.47000e+03 4.4217727666e+04 2.8129443694e-01
1.47100e+03 4.4185111786e+04 8.6571354288e+01
1.47200e+03 4.4156840829e+04 8.3523712347e+00
1.47300e+03 4.4128397246e+04 7.7961134606e+01
1.47400e+03 4.4099906613e+04 2.1967568244e-01
1.47500e+03 4.4071332355e+04 3.5012999814e-01
1.47600e+03 4.4042757717e+04 8.4005515688e-02
1.47700e+03 4.4020354857e+04 6.7708090690e+00
1.47800e+03 4.3994464731e+04 6.7711929499e+00
1.47900e+03 4.3968416713e+04 6.7778662020e+00
1.48000e+03 4.3945567417e+04 7.5785006020e+01
1.48100e+03 4.3916361106e+04 7.1597462868e-01
1.48200e+03 4.3887494815e+04 6.4723857322e+00
1.48300e+03 4.3864920791e+04 7.5880385563e+01
1.48400e+03 4.3838903399e+04 6.6438214417e+00
1.48500e+03 4.3812756059e+04 7.5808542553e+01
1.48600e+03 4.3789827726e+04 7.5883542053e+01
1.48700e+03 4.3766847384e+04 7.2091176923e+00
1.48800e+03 4.3740684653e+04 7.5878072654e+01
1.48900e+03 4.3714451894e+04 7.5893077656e+01
1.49000e+03 4.3691467549e+04 7.2579204107e+00
1.49100e+03 4.3662143300e+04 6.3479741171e+00
1.49200e+03 4.3633181855e+04 8.3101567118e+01
1.49300e+03 4.3610537748e+04 7.5465959803e+01
1.49400e+03 4.3584463995e+04 2.6870107914e+01
1.49500e+03 4.3558270058e+04 7.2118403783e+00
1.49600e+03 4.3535304319e+04 5.5279285628e+00
1.49700e+03 4.3505990897e+04 2.2917251241e+01
1.49800e+03 4.3472360767e+04 8.8146142330e+01
1.49900e+03 4.3438902475e+04 1.2786755863e+01
1.50000e+03 4.3408951007e+04 2.9880062715e+01
1.50100e+03 4.3371975172e+04 6.7752799467e+01
1.50200e+03 4.3330750670e+04 7.5943721241e+00
1.50300e+03 4.3290499803e+04 2.7660085239e+01
1.50400e+03 4.3253782403e+04 5.3715558212e+01
1.50500e+03 4.3209313290e+04 7.4932788508e+00
1.50600e+03 4.3165301260e+04 9.0441079248e+01
1.50700e+03 4.3129169561e+04 4.0330829817e+01
1.50800e+03 4.3089644483e+04 1.3451324618e+01
1.50900e+03 4.3049994968e+04 1.2836521988e+01
1.51000e+03 4.3013614921e+04 2.7883852582e+01
1.51100e+03 4.2969429546e+04 3.5270648424e+01
1.51200e+03 4.2925650816e+04 4.0057199227e+01
1.51300e+03 4.2889698422e+04 1.3258568252e+01
1.51400e+03 4.2850328979e+04 1.5563430771e-01
1.51500e+03 4.2810818636e+04 2.9465046963e-01
1.51600e+03 4.2771510752e+04 6.1558853942e-02
1.51700e+03 4.2732026673e+04 8.7761928065e-02
1.51800e+03 4.2692739824e+04 2.1035551848e-02
1.51900e+03 4.2652788167e+04 1.1140207640e+02
1.52000e+03 4.2617214235e+04 5.0405108813e+00
1.52100e+03 4.2581501901e+04 8.4730405284e+00
1.52200e+03 4.2541076753e+04 1.0811142239e+02
1.52300e+03 4.2501390123e+04 1.8153736083e-01
1.52400e+03 4.2462087111e+04 1.0910829590e+02
1.52500e+03 4.2422144208e+04 9.9840108103e+01
1.52600e+03 4.2386588356e+04 1.8079012787e-02
1.52700e+03 4.2350899775e+04 9.9807049017e+01
1.52800e+03 4.2310501423e+04 1.5455996384e-01
1.52900e+03 4.2270840387e+04 7.7275006092e+01
1.53000e+03 4.2231563874e+04 7.7171232006e+01
1.53100e+03 4.2191650428e+04 4.7517806626e-02
1.53200e+03 4.2156124494e+04 2.9918098895e-02
1.53300e+03 4.2127387821e+04 6.9846888670e+01
1.53400e+03 4.2098170540e+04 8.7928878368e+01
1.53500e+03 4.2061890315e+04 5.6175652265e-01
1.53600e+03 4.2021267586e+04 7.7422107904e+01
1.53700e+03 4.1981496580e+04 8.7950919212e+01
1.53800e+03 4.1945207014e+04 7.0722850937e+00
1.53900e+03 4.1901169217e+04 7.7575712445e+00
1.54000e+03 4.1857554035e+04 7.7866290068e+01
1.54100e+03 4.1821754346e+04 1.0196917823e+02
1.54200e+03 4.1782540470e+04 2.4630971355e+01
1.54300e+03 4.1742708045e+04 7.7677514631e+01
1.54400e+03 4.1702583227e+04 8.7365057951e+01
1.54500e+03 4.1663093291e+04 6.7841433913e+00
1.54600e+03 4.1627002329e+04 3.9498812034e+01
1.54700e+03 4.1583134052e+04 7.7618903603e+01
1.54800e+03 4.1534983936e+04 1.4802657443e+01
1.54900e+03 4.1488476525e+04 4.5510299982e+01
1.55000e+03 4.1445474913e+04 6.9080443552e+01
1.55100e+03 4.1402464397e+04 4.5703653557e+01
1.55200e+03 4.1359412504e+04 1.5421772719e+01
1.55300e+03 4.1307942779e+04 7.6014481663e+00
1.55400e+03 4.1256937635e+04 1.3222250867e+02
1.55500e+03 4.1214507487e+04 5.8036830028e-01
1.55600e+03 4.1171718203e+04 7.3312384401e+00
1.55700e+03 4.1128895256e+04 3.9279894176e-01
1.55800e+03 4.1082943048e+04 8.4338168925e+01
1.55900e+03 4.1035704709e+04 1.1738452582e+02
1.56000e+03 4.0992889533e+04 8.1899664993e+00
1.56100e+03 4.0957612018e+04 7.6708398536e+01
1.56200e+03 4.0918808672e+04 3.0662809432e+01
1.56300e+03 4.0879799512e+04 8.5209858351e+01
1.56400e+03 4.0843995796e+04 6.9855689360e+00
1.56500e+03 4.0808096505e+04 2.0974702469e+00
1.56600e+03 4.0769024444e+04 7.9724185125e+01
1.56700e+03 4.0729853597e+04 6.8168972751e+00
1.56800e+03 4.0693944242e+04 1.0563985516e-01
1.56900e+03 4.0650262460e+04 1.0219066808e+02
1.57000e+03 4.0606968104e+04 1.0171147181e+02
1.57100e+03 4.0571435857e+04 2.6150931480e-01
1.57200e+03 4.0532470869e+04 1.2479742423e+00
1.57300e+03 4.0492899362e+04 7.6668318052e+00
1.57400e+03 4.0457696692e+04 8.3529346898e+00
1.57500e+03 4.0429237269e+04 7.0728243725e+00
1.57600e+03 4.0397233844e+04 1.3479825788e+01
1.57700e+03 4.0365320234e+04 7.6578977046e+00
1.57800e+03 4.0337712335e+04 1.4660521953e+01
1.57900e+03 4.0316048725e+04 6.7958122516e+00
1.58000e+03 4.0290815699e+04 1.4420640239e+01
1.58100e+03 4.0266407028e+04 7.5049379051e+00
1.58200e+03 4.0241600496e+04 7.8769837869e+01
1.58300e+03 4.0215828818e+04 1.3293635436e+01
1.58400e+03 4.0193418633e+04 7.3617106400e+01
1.58500e+03 4.0164712697e+04 6.3715222947e+01
1.58600e+03 4.0131669654e+04 8.2365105011e+00
1.58700e+03 4.0098720165e+04 8.0721300987e+01
1.58800e+03 4.0069260272e+04 7.0497072374e+00
1.58900e+03 4.0032811089e+04 1.5971520704e+01
1.59000e+03 3.9992095580e+04 7.6724663217e+00
1.59100e+03 3.9952289256e+04 1.2889432560e+01
1.59200e+03 3.9916002747e+04 6.8266169546e+00
1.59300e+03 3.9871997926e+04 1.3185510787e+01
1.59400e+03 3.9828438698e+04 9.1623121848e+00
1.59500e+03 3.9792706214e+04 9.3644960755e+01
1.59600e+03 3.9753572347e+04 6.4034088796e+00
1.59700e+03 3.9713840958e+04 1.0990685362e+02
1.59800e+03 3.9678500760e+04 8.5332285812e+01
1.59900e+03 3.9643030284e+04 6.4994237759e+00
1.60000e+03 3.9602853660e+04 1.0136383190e+02
1.60100e+03 3.9563394785e+04 6.0495571261e+00
1.60200e+03 3.9524322792e+04 1.0788435093e+02
1.60300e+03 3.9485101424e+04 1.1953369810e+00
1.60400e+03 3.9449139285e+04 9.3226945621e+01
1.60500e+03 3.9413121209e+04 1.0124916000e+02
1.60600e+03 3.9377014176e+04 7.8522366325e+00
1.60700e+03 3.9340946192e+04 7.8942930045e+00
1.60800e+03 3.9304818774e+04 2.0384047286e-02
1.60900e+03 3.9261022902e+04 1.0069057848e+02
1.61000e+03 3.9212988071e+04 1.5095856369e+01
1.61100e+03 3.9166604377e+04 1.0816079358e+02
1.61200e+03 3.9123741316e+04 1.0732553144e+02
1.61300e+03 3.9080879141e+04 1.2159710030e+01
1.61400e+03 3.9034925132e+04 8.7327374396e+00
1.61500e+03 3.8987716707e+04 9.9842218558e+01
1.61600e+03 3.8944953666e+04 1.1572007442e+02
1.61700e+03 3.8909738426e+04 1.0770687042e+00
1.61800e+03 3.8874060276e+04 7.1849107264e+00
1.61900e+03 3.8838302716e+04 5.4232160969e-01
1.62000e+03 3.8802418953e+04 2.0561226878e-01
1.62100e+03 3.8758848461e+04 2.3752666695e+01
1.62200e+03 3.8711008629e+04 1.0020395731e+02
1.62300e+03 3.8664780689e+04 1.3913405645e+01
1.62400e+03 3.8622056883e+04 2.1342443021e+01
1.62500e+03 3.8570881470e+04 9.9231229073e+01
1.62600e+03 3.8515476367e+04 7.5652708974e+00
1.62700e+03 3.8462473991e+04 6.7744365811e+00
1.62800e+03 3.8412992670e+04 6.7575149802e+00
1.62900e+03 3.8354327453e+04 7.4898042520e+00
1.63000e+03 3.8291460192e+04 7.4621575061e+00
1.63100e+03 3.8231760217e+04 6.6975986354e+00
1.63200e+03 3.8172539925e+04 1.1300866038e+02
1.63300e+03 3.8113187234e+04 1.1254836680e+02
1.63400e+03 3.8057169478e+04 6.5364362372e+00
1.63500e+03 3.7991197802e+04 7.3064580331e+00
1.63600e+03 3.7921016721e+04 7.3138205662e+00
1.63700e+03 3.7854730848e+04 6.9331830277e+00
1.63800e+03 3.7791967318e+04 6.7457733809e+00
1.63900e+03 3.7729170956e+04 1.3993445293e+02
1.64000e+03 3.7663319821e+04 6.6308425964e+00
1.64100e+03 3.7597387893e+04 6.2702657071e+00
1.64200e+03 3.7534815417e+04 1.2294892480e+02
1.64300e+03 3.7461570621e+04 7.2731201546e+00
1.64400e+03 3.7388811043e+04 1.7490476177e+02
1.64500e+03 3.7316290217e+04 3.0072382465e+01
1.64600e+03 3.7243856472e+04 9.0628602101e+00
1.64700e+03 3.7182054567e+04 5.6297553592e+00
1.64800e+03 3.7119834299e+04 2.1926456556e+01
1.64900e+03 3.7046929866e+04 3.8360812810e-01
1.65000e+03 3.6974457830e+04 5.6624168397e+00
1.65100e+03 3.6912690989e+04 3.5064374726e-02
1.65200e+03 3.6847477842e+04 6.3798843697e-01
1.65300e+03 3.6778728589e+04 1.6794153462e+02
1.65400e+03 3.6714392287e+04 8.1707631769e+00
1.65500e+03 3.6659742224e+04 7.7541291171e+00
1.65600e+03 3.6601538247e+04 1.5362862607e+02
1.65700e+03 3.6540502179e+04 7.7131846908e+00
1.65800e+03 3.6483815485e+04 1.5395983593e+01
1.65900e+03 3.6436005161e+04 1.4652576691e+02
1.66000e+03 3.6384615963e+04 7.3844534196e+00
1.66100e+03 3.6331129487e+04 7.5495921329e+00
1.66200e+03 3.6277290608e+04 1.3618387739e+02
1.66300e+03 3.6223587356e+04 1.3531765203e+02
1.66400e+03 3.6169685139e+04 8.1750545009e+00
1.66500e+03 3.6115938134e+04 4.3752666857e-02
1.66600e+03 3.6066671689e+04 1.5773871031e+01
1.66700e+03 3.6017275790e+04 1.2070603873e+02
1.66800e+03 3.5967800103e+04 1.2079457489e+02
1.66900e+03 3.5926549442e+04 1.3827240083e+01
1.67000e+03 3.5881764478e+04 6.0345604164e+00
1.67100e+03 3.5835645719e+04 1.4854515220e+00
1.67200e+03 3.5793846188e+04 1.8889779754e+01
1.67300e+03 3.5759417083e+04 1.2850082259e+01
1.67400e+03 3.5721410194e+04 6.7780747592e+00
1.67500e+03 3.5682791413e+04 7.4999775293e+00
1.67600e+03 3.5648464487e+04 2.0309838248e+01
1.67700e+03 3.5620740534e+04 1.3476447792e+01
1.67800e+03 3.5589429394e+04 6.6957489615e+00
1.67900e+03 3.5558245535e+04 7.4349226981e+00
1.68000e+03 3.5531330215e+04 2.0874576667e+01
1.68100e+03 3.5504172592e+04 2.2238276459e+01
1.68200e+03 3.5472249827e+04 2.1979452335e+01
1.68300e+03 3.5440167530e+04 9.2122071583e+01
1.68400e+03 3.5411481730e+04 6.4949753912e+01
1.68500e+03 3.5382743907e+04 5.6751835850e+00
1.68600e+03 3.5350829345e+04 9.2633371419e+01
1.68700e+03 3.5318825091e+04 9.1563213180e+01
1.68800e+03 3.5290066010e+04 5.5962279155e+00
1.68900e+03 3.5254313940e+04 1.3363026110e+01
1.69000e+03 3.5214248614e+04 1.2182088950e+02
1.69100e+03 3.5174996871e+04 1.6568571958e+00
1.69200e+03 3.5139240650e+04 6.9971396943e+00
1.69300e+03 3.5095802186e+04 9.6947927114e+01
1.69400e+03 3.5052789660e+04 1.0427697857e+01
1.69500e+03 3.5017533760e+04 9.9058815594e+01
1.69600e+03 3.4978863225e+04 2.8404350802e+01
1.69700e+03 3.4940052477e+04 6.5491483500e+00
1.69800e+03 3.4901437815e+04 5.5873011956e-02
1.69900e+03 3.4862224803e+04 8.5750483486e+01
1.70000e+03 3.4827382637e+04 9.0789397073e+01
1.70100e+03 3.4799251379e+04 6.6246137536e+00
1.70200e+03 3.4767580314e+04 7.1077474878e+01
1.70300e+03 3.4736040176e+04 1.4347391140e+01
1.70400e+03 3.4704134258e+04 6.9861662953e+01
1.70500e+03 3.4672311460e+04 6.8961002279e+01
1.70600e+03 3.4644981810e+04 1.4130505673e+01
1.70700e+03 3.4617474467e+04 7.1068381570e+01
1.70800e+03 3.4585243544e+04 3.2500439214e-01
1.70900e+03 3.4552912043e+04 6.4792472791e+00
1.71000e+03 3.4520951480e+04 6.1832697950e+00
1.71100e+03 3.4489151312e+04 1.4139005742e+01
1.71200e+03 3.4461707015e+04 1.1464778415e-01
1.71300e+03 3.4434090829e+04 2.2337595438e-01
1.71400e+03 3.4401761775e+04 6.3746369471e+00
1.71500e+03 3.4369639972e+04 4.3616918796e-01
1.71600e+03 3.4342077499e+04 1.1817435166e-01
1.71700e+03 3.4320518942e+04 6.5727002273e+00
1.71800e+03 3.4295439754e+04 6.8813754316e+00
1.71900e+03 3.4270181616e+04 7.0733628761e+00
1.72000e+03 3.4248105235e+04 7.2095800361e+01
1.72100e+03 3.4219742447e+04 8.6465833541e-01
1.72200e+03 3.4187035910e+04 6.6888068099e+00
1.72300e+03 3.4154387138e+04 7.9414338891e+01
1.72400e+03 3.4125225845e+04 7.0849123236e+00
1.72500e+03 3.4096074259e+04 8.6694559811e+01
1.72600e+03 3.4063794330e+04 7.9469376071e+01
1.72700e+03 3.4031461635e+04 6.7617500849e+00
1.72800e+03 3.4002406529e+04 8.6501678378e+01
1.72900e+03 3.3966355828e+04 7.6879129691e+00
1.73000e+03 3.3926016119e+04 9.3723084820e+01
1.73100e+03 3.3886536484e+04 9.3210231954e+01
1.73200e+03 3.3850571901e+04 6.9094765490e+00
1.73300e+03 3.3806919547e+04 7.6016530144e+00
1.73400e+03 3.3759034950e+04 1.2173645873e+01
1.73500e+03 3.3711592951e+04 1.5438252048e+01
1.73600e+03 3.3668820074e+04 9.5252142641e+01
1.73700e+03 3.3633647298e+04 9.2084482854e+01
1.73800e+03 3.3594997300e+04 3.3176628054e+01
1.73900e+03 3.3555750062e+04 8.6962129890e+01
1.74000e+03 3.3520862307e+04 1.1558521918e+01
1.74100e+03 3.3485820886e+04 9.8092921435e+01
1.74200e+03 3.3450732999e+04 7.2748886053e+01
1.74300e+03 3.3415576865e+04 1.4732365749e+00
1.74400e+03 3.3375743076e+04 8.0437456390e+01
1.74500e+03 3.3336161138e+04 8.4557800136e+01
1.74600e+03 3.3301153769e+04 8.0517956068e-02
1.74700e+03 3.3272907376e+04 3.2806930593e-01
1.74800e+03 3.3244194726e+04 8.5068206452e+01
1.74900e+03 3.3215411761e+04 2.6425570348e+01
1.75000e+03 3.3183429748e+04 6.6397465908e+01
1.75100e+03 3.3151661693e+04 7.8943200454e+00
1.75200e+03 3.3124254294e+04 1.9126916137e+01
1.75300e+03 3.3096671750e+04 7.2783428864e+01
1.75400e+03 3.3064372309e+04 7.5343485018e+00
1.75500e+03 3.3031985537e+04 8.5144727609e+01
1.75600e+03 3.3003026519e+04 2.6645513033e+01
1.75700e+03 3.2967095853e+04 8.2130794831e-01
1.75800e+03 3.2926871944e+04 9.2984050602e+01
1.75900e+03 3.2887490855e+04 1.4231246381e+01
1.76000e+03 3.2851616751e+04 6.9150860258e+00
1.76100e+03 3.2815751199e+04 7.3413655622e+01
1.76200e+03 3.2776781156e+04 9.7384564170e+01
1.76300e+03 3.2737319083e+04 2.6801806669e+01
1.76400e+03 3.2697611240e+04 1.3700949863e+01
1.76500e+03 3.2658521123e+04 2.5999136360e+01
1.76600e+03 3.2622848446e+04 7.3138815546e+01
1.76700e+03 3.2587135303e+04 9.7134770408e+01
1.76800e+03 3.2548286100e+04 2.6654164538e+01
1.76900e+03 3.2508934082e+04 1.1005440609e-01
1.77000e+03 3.2473994946e+04 8.1253821272e+01
1.77100e+03 3.2445797113e+04 5.4467039376e+00
1.77200e+03 3.2414073649e+04 7.2356825790e+00
1.77300e+03 3.2382157753e+04 6.5891456041e+01
1.77400e+03 3.2350382795e+04 5.1492768447e-02
1.77500e+03 3.2318406118e+04 6.0781402759e-02
1.77600e+03 3.2286583057e+04 4.8104279438e-02
1.77700e+03 3.2254891186e+04 7.3512419285e+01
1.77800e+03 3.2222862700e+04 8.3544547007e+01
1.77900e+03 3.2190941952e+04 2.2887755039e-01
1.78000e+03 3.2163535815e+04 7.5329996005e+00
1.78100e+03 3.2142095197e+04 6.7572140441e+00
1.78200e+03 3.2117117706e+04 6.6821984105e+01
1.78300e+03 3.2093013325e+04 1.5341832557e+01
1.78400e+03 3.2068526146e+04 2.2639150292e+01
1.78500e+03 3.2043052993e+04 6.5035246451e+00
1.78600e+03 3.2020951006e+04 1.3188848518e+01
1.78700e+03 3.1992596420e+04 8.3585781010e+01
1.78800e+03 3.1959911991e+04 8.1972512303e+00
1.78900e+03 3.1927290178e+04 6.0270000421e+00
1.79000e+03 3.1898160829e+04 9.0529556757e+01
1.79100e+03 3.1862085388e+04 7.7208555810e+00
1.79200e+03 3.1821746361e+04 7.6545969944e+00
1.79300e+03 3.1782281327e+04 9.7282248946e+01
1.79400e+03 3.1746339241e+04 7.7746216218e+00
1.79500e+03 3.1710418000e+04 9.8665739108e+01
1.79600e+03 3.1671401216e+04 1.2871967557e+00
1.79700e+03 3.1631896359e+04 1.5400475064e+01
1.79800e+03 3.1596825126e+04 9.8880426921e+01
1.79900e+03 3.1561649301e+04 9.1197325507e+01
1.80000e+03 3.1521785007e+04 1.4910342048e+01
1.80100e+03 3.1482618621e+04 5.3371919319e+00
1.80200e+03 3.1443847707e+04 1.5139204793e+01
1.80300e+03 3.1404503061e+04 9.8621334910e+01
1.80400e+03 3.1369549446e+04 9.0988509758e+01
1.80500e+03 3.1334466454e+04 1.4802599003e+01
1.80600e+03 3.1294679506e+04 9.0269767179e+01
1.80700e+03 3.1255572336e+04 2.0717910880e+00
1.80800e+03 3.1216850467e+04 9.2367788208e+01
1.80900e+03 3.1177979643e+04 2.3634603909e-01
1.81000e+03 3.1142369520e+04 9.8235109592e+01
1.81100e+03 3.1099028914e+04 9.0944307632e+01
1.81200e+03 3.1056084252e+04 8.7007419440e+00
1.81300e+03 3.1013253531e+04 6.9829191780e+00
1.81400e+03 3.0965829010e+04 9.4711824900e+00
1.81500e+03 3.0918732612e+04 1.0734131518e+02
1.81600e+03 3.0876240681e+04 4.5273181886e-01
1.81700e+03 3.0833693113e+04 4.6380576744e-01
1.81800e+03 3.0791139788e+04 6.1394264108e-02
1.81900e+03 3.0756165137e+04 9.8035381977e+01
1.82000e+03 3.0720756894e+04 9.7735467714e+01
1.82100e+03 3.0685283366e+04 7.6304813236e+00
1.82200e+03 3.0646638307e+04 3.1291960096e-01
1.82300e+03 3.0607481571e+04 8.3306085752e+00
1.82400e+03 3.0572711123e+04 9.7777320626e+01
1.82500e+03 3.0537797841e+04 1.0804657909e+00
1.82600e+03 3.0502838507e+04 1.8888619178e-01
1.82700e+03 3.0474669776e+04 7.6174029450e+00
1.82800e+03 3.0442998625e+04 6.9739089379e+00
1.82900e+03 3.0411478937e+04 1.0163721751e+00
1.83000e+03 3.0379605408e+04 1.5550991149e+01
1.83100e+03 3.0347822758e+04 1.5272478473e+01
1.83200e+03 3.0320540792e+04 1.5287153788e+01
1.83300e+03 3.0299202110e+04 1.3796983565e+01
1.83400e+03 3.0274316808e+04 6.7858491857e+00
1.83500e+03 3.0249235751e+04 7.7420107146e+01
1.83600e+03 3.0224267580e+04 7.7425556234e+01
1.83700e+03 3.0200158732e+04 7.6738016000e+00
1.83800e+03 3.0175675844e+04 6.9952045619e+01
1.83900e+03 3.0150213153e+04 7.7729763999e+01
1.84000e+03 3.0128126490e+04 2.7091701576e+01
1.84100e+03 3.0105996889e+04 7.1359986360e+01
1.84200e+03 3.0080680865e+04 6.3508738116e+00
1.84300e+03 3.0056332807e+04 7.0121303495e+01
1.84400e+03 3.0036346125e+04 8.2044329443e+00
1.84500e+03 3.0016165717e+04 3.9613780124e+01
1.84600e+03 2.9991271618e+04 7.6465414534e+01
1.84700e+03 2.9965550412e+04 4.1050778139e-01
1.84800e+03 2.9943265780e+04 6.9055038172e+01
1.84900e+03 2.9914755159e+04 3.6122741231e+01
1.85000e+03 2.9881945970e+04 7.9150901731e+00
1.85100e+03 2.9849232245e+04 1.3185049070e+01
1.85200e+03 2.9816977466e+04 7.6989938222e+01
1.85300e+03 2.9784918229e+04 3.5503708370e+01
1.85400e+03 2.9757264972e+04 4.9672297540e+01
1.85500e+03 2.9735627679e+04 6.8645666604e+01
1.85600e+03 2.9710476376e+04 8.0763161522e+00
1.85700e+03 2.9686204270e+04 4.1835493513e+01
1.85800e+03 2.9661570534e+04 7.0043388838e+00
1.85900e+03 2.9635981151e+04 5.5669110842e+01
1.86000e+03 2.9613776495e+04 3.6006642888e+01
1.86100e+03 2.9585321048e+04 4.9567451457e+01
1.86200e+03 2.9552547068e+04 6.3753686003e+01
1.86300e+03 2.9520118194e+04 8.1567682260e+00
1.86400e+03 2.9492324298e+04 6.8717660410e+01
1.86500e+03 2.9464447902e+04 6.8069891805e+01
1.86600e+03 2.9436579787e+04 7.4219684957e-02
1.86700e+03 2.9408662745e+04 1.1479177963e-01
1.86800e+03 2.9380771554e+04 2.3074682775e-02
1.86900e+03 2.9358999711e+04 2.2322285746e+01
1.87000e+03 2.9336809810e+04 5.7207167618e+01
1.87100e+03 2.9308379223e+04 5.3659647377e-01
1.87200e+03 2.9275622308e+04 1.7065382683e-02
1.87300e+03 2.9242938306e+04 2.9282355284e+01
1.87400e+03 2.9210700106e+04 7.7317578535e+01
1.87500e+03 2.9178648689e+04 6.8368683007e+01
1.87600e+03 2.9146323716e+04 2.8821131148e+01
1.87700e+03 2.9113866766e+04 7.0705807704e+01
1.87800e+03 2.9084825987e+04 6.8508778159e+00
1.87900e+03 2.9055759347e+04 8.4535058626e+01
1.88000e+03 2.9023544186e+04 6.8277275124e+01
1.88100e+03 2.8991265719e+04 6.6655445285e+00
1.88200e+03 2.8962260295e+04 6.0913165152e+01
1.88300e+03 2.8926262470e+04 7.5672383440e+00
1.88400e+03 2.8885974823e+04 6.1627155212e+01
1.88500e+03 2.8846076240e+04 7.8471659247e+00
1.88600e+03 2.8806156414e+04 7.4714982447e+00
1.88700e+03 2.8766478332e+04 2.2050024586e-01
1.88800e+03 2.8726709164e+04 3.7093785197e-01
1.88900e+03 2.8687141654e+04 1.1057281061e-01
1.89000e+03 2.8652130668e+04 9.7927950480e+01
1.89100e+03 2.8623876931e+04 6.0575974956e+01
1.89200e+03 2.8592107894e+04 7.0624527260e+00
1.89300e+03 2.8560476751e+04 8.9893655735e+01
1.89400e+03 2.8533165867e+04 7.7001015422e+00
1.89500e+03 2.8511782360e+04 6.8702295415e+00
1.89600e+03 2.8486845980e+04 9.2882655259e+00
1.89700e+03 2.8461712858e+04 5.3706907384e+01
1.89800e+03 2.8439749060e+04 5.1804432785e-01
1.89900e+03 2.8417700020e+04 1.1830593849e+00
1.90000e+03 2.8392438988e+04 5.3977852906e+01
1.90100e+03 2.8368136294e+04 1.5020850854e+01
1.90200e+03 2.8343508606e+04 5.4522180598e+01
1.90300e+03 2.8317940444e+04 9.5256634073e-01
1.90400e+03 2.8295765463e+04 2.1118435939e-01
1.90500e+03 2.8267348262e+04 8.2556995935e+01
1.90600e+03 2.8239289733e+04 7.1523892812e+01
1.90700e+03 2.8217450703e+04 9.6292234593e-04
1.90800e+03 2.8192177912e+04 9.6337329748e-01
1.90900e+03 2.8167819846e+04 7.0641756186e+01
1.91000e+03 2.8147802684e+04 8.0404058289e+00
1.91100e+03 2.8132994679e+04 7.0310248131e+00
1.91200e+03 2.8114643363e+04 6.9214751561e+00
1.91300e+03 2.8097903755e+04 1.4784838309e+01
1.91400e+03 2.8085447673e+04 1.4585073512e+01
1.91500e+03 2.8077408189e+04 6.7685207834e+00
1.91600e+03 2.8065806590e+04 6.7497180363e+00
1.91700e+03 2.8054031357e+04 1.3581955745e+01
1.91800e+03 2.8045399197e+04 4.3448642807e+01
1.91900e+03 2.8036694075e+04 4.4070831216e+01
1.92000e+03 2.8024744795e+04 1.3220692305e+01
1.92100e+03 2.8012720806e+04 4.3653950556e+01
1.92200e+03 2.8003898038e+04 2.5673581788e+01
1.92300e+03 2.7990275473e+04 3.4054880543e+01
1.92400e+03 2.7976969765e+04 3.8114634095e+01
1.92500e+03 2.7968385841e+04 6.9208865933e+00
1.92600e+03 2.7956362952e+04 4.3683906080e+01
1.92700e+03 2.7946723546e+04 6.6178288413e-02
1.92800e+03 2.7941402469e+04 1.0706648082e+00
1.92900e+03 2.7939803447e+04 1.1620921968e+01
1.93000e+03 2.7934667030e+04 6.8864726492e+00
1.93100e+03 2.7929386876e+04 1.8904072533e+01
1.93200e+03 2.7927251614e+04 2.7333320337e+01
1.93300e+03 2.7921028542e+04 1.4337375265e+01
1.93400e+03 2.7910416814e+04 3.5862745214e+01
1.93500e+03 2.7900054245e+04 1.5993219089e+01
1.93600e+03 2.7894325257e+04 1.2017212473e+01
1.93700e+03 2.7888447076e+04 2.6930361018e+01
1.93800e+03 2.7877917294e+04 8.1946231629e-02
1.93900e+03 2.7865153509e+04 2.5638442593e+01
1.94000e+03 2.7852807656e+04 5.1707408324e+01
1.94100e+03 2.7842841689e+04 1.1608593660e+01
1.94200e+03 2.7837230451e+04 1.1775060128e-01
1.94300e+03 2.7835396710e+04 2.7540706870e+01
1.94400e+03 2.7830049247e+04 6.9983894048e+00
1.94500e+03 2.7827785541e+04 7.8198939615e+00
1.94600e+03 2.7829800604e+04 1.9886865734e+01
1.94700e+03 2.7834784088e+04 6.8172259432e+00
1.94800e+03 2.7836220743e+04 6.7841183061e+00
1.94900e+03 2.7841466590e+04 1.0778462107e+00
1.95000e+03 2.7850959138e+04 1.4287893368e+01
1.95100e+03 2.7860118344e+04 9.5616472517e+00
1.95200e+03 2.7864550222e+04 1.0651144313e+01
1.95300e+03 2.7869077542e+04 2.2754984762e+00
1.95400e+03 2.7878186216e+04 3.8387266505e-01
1.95500e+03 2.7889623723e+04 6.4540227843e+00
1.95600e+03 2.7897561830e+04 6.5014509579e+00
1.95700e+03 2.7910060675e+04 7.5880366198e+00
1.95800e+03 2.7926814415e+04 1.4092633967e+01
1.95900e+03 2.7945044616e+04 6.7926942738e+00
1.96000e+03 2.7962783633e+04 9.3587650915e+00
1.96100e+03 2.7978670177e+04 2.0422390197e+01
1.96200e+03 2.7990118489e+04 1.0631726782e+01
1.96300e+03 2.7997151123e+04 1.9994650340e+01
1.96400e+03 2.8004620848e+04 1.9506274359e+01
1.96500e+03 2.8012065579e+04 4.1209730099e-01
1.96600e+03 2.8022714767e+04 7.0898291117e+00
1.96700e+03 2.8030754436e+04 7.8468749881e+00
1.96800e+03 2.8034424760e+04 8.9930599185e+00
1.96900e+03 2.8034506465e+04 1.4445766028e+01
1.97000e+03 2.8038114061e+04 7.0415916951e+00
1.97100e+03 2.8038444762e+04 7.7089682218e+00
1.97200e+03 2.8039154385e+04 9.2582157557e+00
1.97300e+03 2.8043225519e+04 1.6913150021e+01
1.97400e+03 2.8043910237e+04 2.0804642024e+01
1.97500e+03 2.8044561501e+04 6.4649904755e+00
1.97600e+03 2.8048425701e+04 1.6040584738e+01
1.97700e+03 2.8048932766e+04 7.5480462802e+00
1.97800e+03 2.8045086122e+04 2.4288015155e+01
1.97900e+03 2.8041507200e+04 1.1248183742e+01
1.98000e+03 2.8037927306e+04 3.8520481481e+00
1.98100e+03 2.8031400559e+04 2.3202555538e+01
1.98200e+03 2.8028350322e+04 7.5134852505e+00
1.98300e+03 2.8021255814e+04 9.1261199087e+00
1.98400e+03 2.8009864161e+04 1.4929897131e+01
1.98500e+03 2.7996435667e+04 9.6472400457e+00
1.98600e+03 2.7983501600e+04 2.7195447996e+01
1.98700e+03 2.7970546010e+04 4.2875752397e+00
1.98800e+03 2.7960868403e+04 6.6273700242e+00
1.98900e+03 2.7951216287e+04 4.5888309208e+01
1.99000e+03 2.7938404450e+04 1.2223090093e-01
1.99100e+03 2.7927994305e+04 6.8312229047e+00
1.99200e+03 2.7917291434e+04 6.1356097208e+00
1.99300e+03 2.7906682649e+04 1.9863969300e-01
1.99400e+03 2.7895972569e+04 2.0564956486e-01
1.99500e+03 2.7882980493e+04 6.6572284028e+00
1.99600e+03 2.7870375755e+04 6.8157341910e+00
1.99700e+03 2.7857685550e+04 3.0187169163e-01
1.99800e+03 2.7848227057e+04 1.5839330406e+01
1.99900e+03 2.7838761469e+04 1.5636963134e+01
2.00000e+03 2.7826111266e+04 4.5464927342e-02
