0.00000e+00 0.0000000000e+00 0.0000000000e+00
1.00000e+00 8.6737271360e-02 8.6737271360e-02
2.00000e+00 1.7640043071e-01 8.9663159352e-02
3.00000e+00 2.6824534067e-01 1.8141840615e-01
4.00000e+00 3.5831902457e-01 1.8164751230e-01
5.00000e+00 4.4982160392e-01 1.8112353418e-01
6.00000e+00 5.4092162328e-01 1.7775055345e-01
7.00000e+00 6.3282314235e-01 9.1901519070e-02
8.00000e+00 7.2731011357e-01 1.8629658877e-01
9.00000e+00 8.1912889127e-01 1.8602755081e-01
1.00000e+01 9.1276180571e-01 1.8498746648e-01
1.10000e+01 1.0074351442e+00 2.7897542808e-01
1.20000e+01 1.0991296240e+00 2.7929091308e-01
1.30000e+01 1.1917195182e+00 1.8557359558e-01
1.40000e+01 1.2859004535e+00 1.8593604278e-01
1.50000e+01 1.3790988185e+00 1.8407009069e-01
1.60000e+01 1.4696152558e+00 1.8138516398e-01
1.70000e+01 1.5605492181e+00 1.8497644710e-01
1.80000e+01 1.6506546388e+00 1.8438045409e-01
1.90000e+01 1.7434847363e+00 6.4949297543e-01
2.00000e+01 1.8318946606e+00 7.3725340674e-01
2.10000e+01 1.9164897511e+00 1.7161826844e-01
2.20000e+01 1.9990361090e+00 1.6558308372e-01
2.30000e+01 2.0794680442e+00 1.6125434529e-01
2.40000e+01 2.1585781919e+00 1.5765688080e-01
2.50000e+01 2.2477678617e+00 1.7811049585e-01
2.60000e+01 2.3377077813e+00 4.3424685344e-01
2.70000e+01 2.4185202211e+00 1.5787972852e-01
2.80000e+01 2.4996886480e+00 7.3181336235e-02
2.90000e+01 2.5845607563e+00 6.0534113823e-01
3.00000e+01 2.6593753105e+00 1.4259648336e-01
3.10000e+01 2.7332802294e+00 6.9075209245e-03
3.20000e+01 2.8056004610e+00 5.9588760174e-01
3.30000e+01 2.8760675573e+00 8.3202717783e-01
3.40000e+01 2.9463122928e+00 1.3819001299e-01
3.50000e+01 3.0157669263e+00 1.3703936016e-01
3.60000e+01 3.0853094602e+00 1.3620011917e-01
3.70000e+01 3.1544080474e+00 1.3570787267e-01
3.80000e+01 3.2235806627e+00 1.4088370303e-01
3.90000e+01 3.2901781663e+00 4.3243819581e-01
4.00000e+01 3.3585189262e+00 1.3437039082e-01
4.10000e+01 3.4271723001e+00 1.3379080720e-01
4.20000e+01 3.4954229898e+00 1.3356694612e-01
4.30000e+01 3.5639705764e+00 1.3332759189e-01
4.40000e+01 3.6323118058e+00 1.3328480409e-01
4.50000e+01 3.7061836755e+00 1.3145364819e-01
4.60000e+01 3.7701491367e+00 4.1425605125e-01
4.70000e+01 3.8330125146e+00 9.6378199678e-01
4.80000e+01 3.8965714358e+00 1.2310471257e-01
4.90000e+01 3.9595775935e+00 1.2312438755e-01
5.00000e+01 4.0293162758e+00 1.4462572956e+00
5.10000e+01 4.0966184453e+00 1.3190610214e-01
5.20000e+01 4.1651233048e+00 1.3193782608e-01
5.30000e+01 4.2362852802e+00 6.8597986218e-01
5.40000e+01 4.3005613312e+00 1.2371839296e-01
5.50000e+01 4.3645124916e+00 1.5281135624e-01
5.60000e+01 4.4336812128e+00 1.3645484038e-01
5.70000e+01 4.5017250900e+00 1.3254759598e-01
5.80000e+01 4.5734726021e+00 8.3375171501e-01
5.90000e+01 4.6499695825e+00 1.4886420540e-01
6.00000e+01 4.7275978570e+00 3.1472610965e-01
6.10000e+01 4.7981265215e+00 5.3784633240e-01
6.20000e+01 4.8657359106e+00 1.4457721818e-01
6.30000e+01 4.9314779698e+00 1.3964603576e-01
6.40000e+01 4.9999658896e+00 1.3239810872e-01
6.50000e+01 5.0744967489e+00 2.8950858855e-01
6.60000e+01 5.1383643707e+00 1.1516782129e-01
6.70000e+01 5.2010752116e+00 2.5108783312e-01
6.80000e+01 5.2709439140e+00 2.8991906123e-01
6.90000e+01 5.3388410091e+00 1.4557422319e-01
7.00000e+01 5.4086988092e+00 2.5308515630e-01
7.10000e+01 5.4842776834e+00 3.7623202903e-02
7.20000e+01 5.5613100535e+00 1.7265859929e-01
7.30000e+01 5.6306024683e+00 2.5638242664e-01
7.40000e+01 5.6971148552e+00 1.3087235974e-01
7.50000e+01 5.7721495864e+00 1.4718662812e-01
7.60000e+01 5.8572659594e+00 1.5247670612e-02
7.70000e+01 5.9346149629e+00 3.9302546694e-01
7.80000e+01 6.0119595854e+00 6.1239483818e-02
7.90000e+01 6.0870322139e+00 1.9769994552e-01
8.00000e+01 6.1638632821e+00 5.4640423882e-01
8.10000e+01 6.2414718924e+00 1.4908858812e-01
8.20000e+01 6.3169190019e+00 1.4519748433e-01
8.30000e+01 6.3907419794e+00 1.4380263575e-01
8.40000e+01 6.4677184686e+00 1.4908492057e-01
8.50000e+01 6.5457026025e+00 1.4931135928e-01
8.60000e+01 6.6227693263e+00 1.4925228243e-01
8.70000e+01 6.7096507432e+00 2.9988915189e-01
8.80000e+01 6.7931824910e+00 6.7252337552e-01
8.90000e+01 6.8744021098e+00 5.3369070578e-01
9.00000e+01 6.9503273585e+00 4.3668615047e-01
9.10000e+01 7.0253840028e+00 5.3937441698e-01
9.20000e+01 7.1060055498e+00 1.5572807627e-01
9.30000e+01 7.1852738040e+00 1.5038715042e-01
9.40000e+01 7.2667540027e+00 3.9777313451e-01
9.50000e+01 7.3444810866e+00 4.0127946781e-01
9.60000e+01 7.4200745733e+00 1.4691026414e-01
9.70000e+01 7.4943443180e+00 1.4330601467e-01
9.80000e+01 7.5718486747e+00 1.5907590992e-01
9.90000e+01 7.6498431961e+00 3.0222766655e-01
1.00000e+02 7.7247816354e+00 1.4250766123e-01
1.01000e+02 7.7979929188e+00 1.4130669235e-01
1.02000e+02 7.8700045923e+00 1.3823861981e-01
1.03000e+02 7.9414148385e+00 1.3629934391e-01
1.04000e+02 8.0121712382e+00 1.3490777090e-01
1.05000e+02 8.0825677710e+00 1.3375914974e-01
1.06000e+02 8.1594354364e+00 2.9288723385e-01
1.07000e+02 8.2375565006e+00 4.1536494069e-01
1.08000e+02 8.3099197632e+00 1.3523225341e-01
1.09000e+02 8.3967101859e+00 1.6730612662e-01
1.10000e+02 8.4959928554e+00 7.2713462338e-01
1.11000e+02 8.5909736626e+00 8.9574102532e-01
1.12000e+02 8.6784774378e+00 9.6657324425e-01
1.13000e+02 8.7597619667e+00 1.4598501732e-01
1.14000e+02 8.8392460815e+00 6.0393780855e-01
1.15000e+02 8.9176359353e+00 3.3637404374e-01
1.16000e+02 8.9930190869e+00 1.4885892133e-01
1.17000e+02 9.0782203894e+00 7.2481836867e-01
1.18000e+02 9.1741235329e+00 3.3265814364e-01
1.19000e+02 9.2613385781e+00 8.8251913887e-03
1.20000e+02 9.3470610790e+00 4.8819182190e-02
1.21000e+02 9.4301618767e+00 2.0282450178e-01
1.22000e+02 9.5154776038e+00 1.6431386480e-01
1.23000e+02 9.6017830370e+00 1.6323993895e-01
1.24000e+02 9.6849597185e+00 1.6159602501e-01
1.25000e+02 9.7665210720e+00 1.6261010670e-01
1.26000e+02 9.8516281837e+00 1.6286808359e-01
1.27000e+02 9.9495221837e+00 3.3523867832e-01
1.28000e+02 1.0035993317e+01 5.0987556463e-01
1.29000e+02 1.0114529759e+01 1.5968030401e-01
1.30000e+02 1.0189055044e+01 3.1331672331e-01
1.31000e+02 1.0261000650e+01 1.3746442541e-01
1.32000e+02 1.0337855810e+01 5.0925366280e-03
1.33000e+02 1.0415136598e+01 2.9773583178e-01
1.34000e+02 1.0491242680e+01 2.8334453034e-01
1.35000e+02 1.0575709245e+01 1.4413656232e-01
1.36000e+02 1.0656917312e+01 4.5463608507e-01
1.37000e+02 1.0735004055e+01 1.4489932308e-01
1.38000e+02 1.0812050118e+01 1.3984774004e-01
1.39000e+02 1.0895960932e+01 7.8521644531e-01
1.40000e+02 1.0981684802e+01 4.5709462418e-01
1.41000e+02 1.1065064359e+01 1.5948882288e-01
1.42000e+02 1.1157876140e+01 1.5635813743e-01
1.43000e+02 1.1244716153e+01 8.7532696248e-03
1.44000e+02 1.1330818145e+01 1.6349484954e-01
1.45000e+02 1.1416630853e+01 1.6230405068e-01
1.46000e+02 1.1502238729e+01 1.6164763086e-01
1.47000e+02 1.1596774529e+01 4.6670676473e-01
1.48000e+02 1.1683480498e+01 1.6031143325e-01
1.49000e+02 1.1765169396e+01 4.7865399854e-01
1.50000e+02 1.1842235798e+01 4.7819568235e-01
1.51000e+02 1.1926029872e+01 1.6056563842e-01
1.52000e+02 1.2019823502e+01 1.8236630146e-01
1.53000e+02 1.2106357239e+01 3.1072168415e-01
1.54000e+02 1.2192043377e+01 3.1048922432e-01
1.55000e+02 1.2284917984e+01 1.7670444298e-01
1.56000e+02 1.2370571295e+01 1.5935241491e-01
1.57000e+02 1.2452314865e+01 3.1023340769e-01
1.58000e+02 1.2529508523e+01 3.1005043068e-01
1.59000e+02 1.2603658115e+01 1.4048233845e-01
1.60000e+02 1.2676476157e+01 1.3596624051e-01
1.61000e+02 1.2747929484e+01 1.3313400986e-01
1.62000e+02 1.2824392847e+01 9.2227748180e-03
1.63000e+02 1.2909097935e+01 1.3280902940e-01
1.64000e+02 1.2982014228e+01 5.6797552330e-01
1.65000e+02 1.3052961731e+01 7.1375403875e-01
1.66000e+02 1.3132556951e+01 2.9500554820e-01
1.67000e+02 1.3210894268e+01 5.6103977769e-01
1.68000e+02 1.3283689302e+01 1.3220648389e-01
1.69000e+02 1.3355928044e+01 1.3336551605e-01
1.70000e+02 1.3428439684e+01 1.3294875699e-01
1.71000e+02 1.3499820782e+01 7.2229106169e-05
1.72000e+02 1.3570297979e+01 5.6378375740e-01
1.73000e+02 1.3641533620e+01 2.5778840975e-01
1.74000e+02 1.3709246534e+01 8.0612705287e-01
1.75000e+02 1.3778193670e+01 6.9808388363e-01
1.76000e+02 1.3847244738e+01 2.5610449220e-01
1.77000e+02 1.3916570637e+01 1.2484554362e-01
1.78000e+02 1.3978564220e+01 1.0518057130e-02
1.79000e+02 1.4040332155e+01 2.4910028903e-01
1.80000e+02 1.4107657303e+01 1.2433293209e-01
1.81000e+02 1.4175170761e+01 2.5441470995e-01
1.82000e+02 1.4245321015e+01 6.4474417118e-01
1.83000e+02 1.4312154286e+01 6.3955160026e-01
1.84000e+02 1.4377254352e+01 1.1937861988e-01
1.85000e+02 1.4451158676e+01 1.3634498786e-01
1.86000e+02 1.4526470443e+01 3.9837801519e-01
1.87000e+02 1.4593078767e+01 1.1903429435e-01
1.88000e+02 1.4657283638e+01 1.1802006507e-01
1.89000e+02 1.4730304446e+01 1.3562469665e-01
1.90000e+02 1.4805163911e+01 1.3503677007e-01
1.91000e+02 1.4870895289e+01 1.1702509870e-01
1.92000e+02 1.4934339108e+01 1.1614702234e-01
1.93000e+02 1.5006978442e+01 1.3452025804e-01
1.94000e+02 1.5090754800e+01 1.6451211532e-02
1.95000e+02 1.5171609770e+01 4.0714761615e-01
1.96000e+02 1.5251101399e+01 4.0245573843e-01
1.97000e+02 1.5328971092e+01 4.8169960595e-01
1.98000e+02 1.5407475112e+01 6.0891511330e-02
1.99000e+02 1.5492407029e+01 1.5937068054e-01
2.00000e+02 1.5578929614e+01 3.0526016758e-01
2.01000e+02 1.5656524780e+01 1.8872528409e-01
2.02000e+02 1.5733852463e+01 6.1374007114e-01
2.03000e+02 1.5810648939e+01 1.4070974241e-01
2.04000e+02 1.5886836240e+01 1.3942865145e-01
2.05000e+02 1.5963268036e+01 1.3892454243e-01
2.06000e+02 1.6038565569e+01 1.5600482311e-01
2.07000e+02 1.6124941322e+01 1.5932064586e-01
2.08000e+02 1.6221149965e+01 3.7007395535e-01
2.09000e+02 1.6313543961e+01 5.2832100497e-01
2.10000e+02 1.6404724151e+01 1.6940728935e-01
2.11000e+02 1.6493170106e+01 1.2014159945e-02
2.12000e+02 1.6580445998e+01 3.2430995176e-01
2.13000e+02 1.6666501421e+01 3.2159510978e-01
2.14000e+02 1.6752500620e+01 1.5756322417e-01
2.15000e+02 1.6846378926e+01 1.7072219203e-01
2.16000e+02 1.6937924632e+01 1.7091698564e-01
2.17000e+02 1.7027322312e+01 1.6626544304e-01
2.18000e+02 1.7113813221e+01 1.5912964904e-01
2.19000e+02 1.7199609123e+01 5.5123117174e-01
2.20000e+02 1.7289430566e+01 1.6437491557e-01
2.21000e+02 1.7377876109e+01 1.6325840318e-01
2.22000e+02 1.7463865700e+01 5.5017862265e-01
2.23000e+02 1.7552204815e+01 7.1237681354e-01
2.24000e+02 1.7634382347e+01 7.1672126416e-01
2.25000e+02 1.7719129789e+01 1.6316208156e-01
2.26000e+02 1.7804428274e+01 1.6230781390e-01
2.27000e+02 1.7884332264e+01 1.6178537073e-01
2.28000e+02 1.7963905269e+01 3.3447968091e-01
2.29000e+02 1.8046563234e+01 1.4893532907e-01
2.30000e+02 1.8125705601e+01 3.0120246165e-01
2.31000e+02 1.8204415551e+01 4.8420538954e-01
2.32000e+02 1.8282935783e+01 1.4773362057e-01
2.33000e+02 1.8363194400e+01 1.4377900426e-01
2.34000e+02 1.8441156608e+01 1.4245506703e-01
2.35000e+02 1.8519649133e+01 1.4736846158e-01
2.36000e+02 1.8601106579e+01 1.6227883334e-01
2.37000e+02 1.8678585151e+01 3.0908517453e-01
2.38000e+02 1.8753840177e+01 2.8651544487e-01
2.39000e+02 1.8827560116e+01 1.3307625829e-01
2.40000e+02 1.8900117891e+01 1.3024593063e-01
2.41000e+02 1.8971806267e+01 1.2808412206e-01
2.42000e+02 1.9042759983e+01 1.2635197997e-01
2.43000e+02 1.9127524342e+01 4.4323078660e-01
2.44000e+02 1.9223597614e+01 1.8111064119e-02
2.45000e+02 1.9309521397e+01 4.0060746239e-01
2.46000e+02 1.9393179308e+01 1.2704193784e-02
2.47000e+02 1.9489194989e+01 2.9344276455e-02
2.48000e+02 1.9587306227e+01 5.6642983775e-01
2.49000e+02 1.9682181000e+01 2.5813858114e-01
2.50000e+02 1.9786624449e+01 4.0619181437e-01
2.51000e+02 1.9883206578e+01 2.3349835800e-02
2.52000e+02 1.9978294398e+01 5.8135093720e-01
2.53000e+02 2.0082075865e+01 5.8971403751e-01
2.54000e+02 2.0183843809e+01 1.8862718104e-01
2.55000e+02 2.0281235559e+01 1.7571151247e-01
2.56000e+02 2.0380289380e+01 1.9176175675e-01
2.57000e+02 2.0487919887e+01 3.4770042040e-01
2.58000e+02 2.0596907367e+01 5.3459480742e-01
2.59000e+02 2.0702997189e+01 1.9757484267e-01
2.60000e+02 2.0810654766e+01 1.9604736507e-01
2.61000e+02 2.0916263602e+01 1.9537033069e-01
2.62000e+02 2.1030274630e+01 1.9802685249e-02
2.63000e+02 2.1141509451e+01 5.9085875165e-01
2.64000e+02 2.1248924576e+01 1.9493250879e-01
2.65000e+02 2.1354639336e+01 3.6451349574e-01
2.66000e+02 2.1455304249e+01 7.6382118633e-01
2.67000e+02 2.1553106025e+01 7.6346739166e-01
2.68000e+02 2.1649884436e+01 7.3762953816e-01
2.69000e+02 2.1743811559e+01 7.3460162630e-01
2.70000e+02 2.1835676790e+01 1.7683203248e-01
2.71000e+02 2.1926395436e+01 1.6394936908e-01
2.72000e+02 2.2015940048e+01 1.6146480137e-01
2.73000e+02 2.2104841540e+01 1.5948618298e-01
2.74000e+02 2.2199523180e+01 1.7401235888e-01
2.75000e+02 2.2306877083e+01 1.9085665843e-01
2.76000e+02 2.2402084242e+01 4.9264936294e-01
2.77000e+02 2.2494043523e+01 6.7324473545e-01
2.78000e+02 2.2595093588e+01 7.6041313010e-01
2.79000e+02 2.2694150923e+01 4.8386014559e-01
2.80000e+02 2.2787922425e+01 1.6627850503e-01
2.81000e+02 2.2880565516e+01 3.7415986528e-03
2.82000e+02 2.2970192868e+01 4.8899216728e-01
2.83000e+02 2.3057556885e+01 6.5190376260e-01
2.84000e+02 2.3143867621e+01 1.5388878799e-01
2.85000e+02 2.3235244873e+01 1.5843214358e-01
2.86000e+02 2.3323622826e+01 6.2897788467e-01
2.87000e+02 2.3410344993e+01 1.5515606137e-01
2.88000e+02 2.3496160100e+01 1.5243805945e-01
2.89000e+02 2.3584517721e+01 1.5472850278e-01
2.90000e+02 2.3672349827e+01 1.5759058226e-01
2.91000e+02 2.3757948776e+01 1.5467432060e-01
2.92000e+02 2.3843718704e+01 1.5096202982e-01
2.93000e+02 2.3928699961e+01 1.5019337554e-01
2.94000e+02 2.4015549113e+01 3.2434539753e-01
2.95000e+02 2.4099765540e+01 7.8743263317e-01
2.96000e+02 2.4181742836e+01 6.1779704072e-01
2.97000e+02 2.4276841093e+01 4.8134796920e-01
2.98000e+02 2.4381846798e+01 3.2225798849e-01
2.99000e+02 2.4482477916e+01 4.8813030193e-01
3.00000e+02 2.4577587872e+01 6.2400734993e-01
3.01000e+02 2.4668180914e+01 1.5171761426e-01
3.02000e+02 2.4753255776e+01 1.5466346208e-01
3.03000e+02 2.4835306838e+01 1.4596681851e-01
3.04000e+02 2.4920383236e+01 3.3392443391e-01
3.05000e+02 2.5012912864e+01 8.1014903970e-03
3.06000e+02 2.5101790773e+01 1.6035359641e-01
3.07000e+02 2.5188648697e+01 1.5452153999e-01
3.08000e+02 2.5274469796e+01 1.5131020865e-01
3.09000e+02 2.5361847454e+01 3.3598690989e-01
3.10000e+02 2.5448513843e+01 1.5266613296e-01
3.11000e+02 2.5536807192e+01 1.5259432260e-01
3.12000e+02 2.5619299452e+01 2.8476905263e-01
3.13000e+02 2.5701868541e+01 1.8677220631e-01
3.14000e+02 2.5781031608e+01 1.4013589361e-01
3.15000e+02 2.5860294755e+01 9.0302014035e-03
3.16000e+02 2.5931197754e+01 1.7499617236e-01
3.17000e+02 2.6003191564e+01 1.2942047802e-01
3.18000e+02 2.6073616921e+01 1.7758881137e-02
3.19000e+02 2.6142758367e+01 1.2718246310e-01
3.20000e+02 2.6208343894e+01 2.5024026547e-01
3.21000e+02 2.6276517379e+01 2.5556392889e-01
3.22000e+02 2.6344942136e+01 1.2505468100e-01
3.23000e+02 2.6412600806e+01 1.1120308548e-01
3.24000e+02 2.6477719694e+01 1.1062524291e-01
3.25000e+02 2.6545295571e+01 1.2433201929e-01
3.26000e+02 2.6615297713e+01 4.4662462404e-01
3.27000e+02 2.6687209555e+01 9.7060609909e-01
3.28000e+02 2.6766054454e+01 1.6476855860e-02
3.29000e+02 2.6842718059e+01 1.3597993099e-01
3.30000e+02 2.6915374033e+01 3.4561401072e-01
3.31000e+02 2.6987870819e+01 1.2043103867e-01
3.32000e+02 2.7055803194e+01 2.1250021053e-01
3.33000e+02 2.7127288068e+01 1.2164095019e-01
3.34000e+02 2.7206615309e+01 1.3357544892e-01
3.35000e+02 2.7281081644e+01 2.3191772610e-01
3.36000e+02 2.7355615975e+01 3.5163810886e-01
3.37000e+02 2.7429914039e+01 1.2609093156e-01
3.38000e+02 2.7505359078e+01 1.2903197263e-01
3.39000e+02 2.7578699403e+01 3.4203419020e-01
3.40000e+02 2.7652949548e+01 1.2568065431e-01
3.41000e+02 2.7727696720e+01 1.2600408157e-01
3.42000e+02 2.7800807330e+01 1.2357904879e-01
3.43000e+02 2.7872302325e+01 1.2161013907e-01
3.44000e+02 2.7942434216e+01 1.1850980979e-01
3.45000e+02 2.8012010861e+01 1.1647295009e-01
3.46000e+02 2.8080861235e+01 1.1507495984e-01
3.47000e+02 2.8165022813e+01 4.0511038234e-02
3.48000e+02 2.8261154101e+01 3.6723966620e-01
3.49000e+02 2.8352953032e+01 5.1544962647e-01
3.50000e+02 2.8437752650e+01 4.9742143615e-01
3.51000e+02 2.8520500072e+01 4.6767552369e-01
3.52000e+02 2.8604011948e+01 1.4263215096e-01
3.53000e+02 2.8682393528e+01 1.2376482015e-01
3.54000e+02 2.8760274426e+01 2.9400738815e-01
3.55000e+02 2.8841968907e+01 2.3460232128e-01
3.56000e+02 2.8920435396e+01 3.8120147748e-01
3.57000e+02 2.8997471235e+01 1.3145486271e-01
3.58000e+02 2.9073470557e+01 1.2885624056e-01
3.59000e+02 2.9151785819e+01 2.9728147104e-01
3.60000e+02 2.9229745317e+01 3.6576972591e-01
3.61000e+02 2.9308390813e+01 1.3033704088e-01
3.62000e+02 2.9381005751e+01 1.0896937633e-02
3.63000e+02 2.9454358644e+01 4.2019322997e-01
3.64000e+02 2.9523394216e+01 5.4359928970e-01
3.65000e+02 2.9595069012e+01 3.9625778135e-01
3.66000e+02 2.9667574968e+01 3.9938521722e-01
3.67000e+02 2.9734994233e+01 1.1190014500e-01
3.68000e+02 2.9800041763e+01 1.0780020322e-01
3.69000e+02 2.9871494647e+01 1.2303699140e-01
3.70000e+02 2.9944416067e+01 1.1969674126e-01
3.71000e+02 3.0010058491e+01 1.0591556344e-01
3.72000e+02 3.0073543822e+01 1.0424744861e-01
3.73000e+02 3.0144868487e+01 1.1944882484e-01
3.74000e+02 3.0217978833e+01 1.1951830230e-01
3.75000e+02 3.0282747096e+01 1.0326904006e-01
3.76000e+02 3.0349875679e+01 1.1937578944e-01
3.77000e+02 3.0421781199e+01 3.5549475556e-01
3.78000e+02 3.0483414838e+01 7.0676302266e-02
3.79000e+02 3.0542642988e+01 5.5401140040e-03
3.80000e+02 3.0602542681e+01 3.4791037104e-01
3.81000e+02 3.0663024605e+01 5.9182029757e-02
3.82000e+02 3.0713567795e+01 1.6625022797e-02
3.83000e+02 3.0763521850e+01 1.5202540322e-01
3.84000e+02 3.0820365430e+01 5.2531307091e-01
3.85000e+02 3.0876844201e+01 8.7944247472e-02
3.86000e+02 3.0932309548e+01 8.6478069420e-02
3.87000e+02 3.0990858672e+01 8.1245669215e-01
3.88000e+02 3.1051425660e+01 1.6996779692e-01
3.89000e+02 3.1108268875e+01 1.6741289469e-01
3.90000e+02 3.1165632333e+01 1.4444291566e-01
3.91000e+02 3.1223013757e+01 1.4313077279e-01
3.92000e+02 3.1279142244e+01 8.7552037899e-02
3.93000e+02 3.1333351277e+01 1.0901595869e-01
3.94000e+02 3.1390175599e+01 8.8562131445e-02
3.95000e+02 3.1447641607e+01 8.8558153288e-02
3.96000e+02 3.1504703338e+01 8.8707004031e-02
3.97000e+02 3.1562307304e+01 8.8756254856e-02
3.98000e+02 3.1617793928e+01 1.0826507984e-01
3.99000e+02 3.1671334776e+01 1.7642368136e-01
4.00000e+02 3.1728067306e+01 8.8338297670e-02
4.01000e+02 3.1791745033e+01 9.3590547709e-02
4.02000e+02 3.1844581862e+01 4.5469332118e-01
4.03000e+02 3.1895971897e+01 4.5567460768e-01
4.04000e+02 3.1948415830e+01 7.7681296637e-02
4.05000e+02 3.1997341004e+01 8.3634285828e-02
4.06000e+02 3.2047270786e+01 6.8027481634e-03
4.07000e+02 3.2098688823e+01 3.2463516402e-01
4.08000e+02 3.2146933470e+01 4.1058678606e-01
4.09000e+02 3.2194669662e+01 6.9599500613e-02
4.10000e+02 3.2236610885e+01 5.0262512346e-03
4.11000e+02 3.2278687225e+01 1.4157126537e-01
4.12000e+02 3.2320860934e+01 1.3618572195e-01
4.13000e+02 3.2363275358e+01 5.8085050635e-02
4.14000e+02 3.2411139416e+01 6.9149311979e-02
4.15000e+02 3.2458574421e+01 6.8778975382e-02
4.16000e+02 3.2502071881e+01 5.9350716913e-02
4.17000e+02 3.2547616288e+01 1.0176713172e-02
4.18000e+02 3.2590372931e+01 2.8263608399e-01
4.19000e+02 3.2632045138e+01 3.4787570294e-01
4.20000e+02 3.2673902510e+01 5.6819333271e-02
4.21000e+02 3.2715068389e+01 4.1689043358e-02
4.22000e+02 3.2753127407e+01 1.1662376147e-01
4.23000e+02 3.2794103269e+01 5.6066169480e-02
4.24000e+02 3.2836095076e+01 5.6144538615e-02
4.25000e+02 3.2877272383e+01 5.6289838088e-02
4.26000e+02 3.2919066102e+01 5.6035460578e-02
4.27000e+02 3.2960508555e+01 5.6244571172e-02
4.28000e+02 3.3001965817e+01 4.3974874886e-01
4.29000e+02 3.3046903845e+01 1.3036393813e-01
4.30000e+02 3.3099854915e+01 1.8332403058e-01
4.31000e+02 3.3150916033e+01 2.6158491334e-01
4.32000e+02 3.3196519096e+01 1.3233917734e-01
4.33000e+02 3.3241619751e+01 1.8330333329e-01
4.34000e+02 3.3286959106e+01 1.8285632230e-01
4.35000e+02 3.3330297396e+01 4.4897766423e-01
4.36000e+02 3.3372486542e+01 1.3340385276e-01
4.37000e+02 3.3415165087e+01 5.4808056257e-02
4.38000e+02 3.3454673799e+01 1.1813099018e-01
4.39000e+02 3.3496081634e+01 1.3323583048e-01
4.40000e+02 3.3539124113e+01 3.1493882167e-01
4.41000e+02 3.3583767775e+01 1.1755586596e-01
4.42000e+02 3.3629553730e+01 1.1788490934e-01
4.43000e+02 3.3674555384e+01 6.3302786602e-02
4.44000e+02 3.3720593068e+01 6.3491213034e-02
4.45000e+02 3.3762539197e+01 1.3187828850e-01
4.46000e+02 3.3804192666e+01 5.5746817840e-02
4.47000e+02 3.3847631360e+01 1.8195489592e-01
4.48000e+02 3.3882380891e+01 1.1288153497e-02
4.49000e+02 3.3917015895e+01 4.1784206276e-02
4.50000e+02 3.3957212426e+01 1.8246076035e-01
4.51000e+02 3.3996967004e+01 5.2221666249e-02
4.52000e+02 3.4032378329e+01 4.2404217433e-02
4.53000e+02 3.4069840818e+01 5.1207430172e-02
4.54000e+02 3.4104166521e+01 2.1370343900e-01
4.55000e+02 3.4136005369e+01 1.4707895670e-01
4.56000e+02 3.4169182741e+01 2.2393704244e-01
4.57000e+02 3.4202375452e+01 2.7118905239e-01
4.58000e+02 3.4235732148e+01 3.8684048233e-02
4.59000e+02 3.4269074203e+01 6.4125215089e-03
4.60000e+02 3.4299190333e+01 8.0593766982e-02
4.61000e+02 3.4329318437e+01 7.7299221680e-02
4.62000e+02 3.4353692516e+01 2.7405391749e-02
4.63000e+02 3.4381641975e+01 1.0576648346e-01
4.64000e+02 3.4407854518e+01 2.5166935514e-02
4.65000e+02 3.4433261004e+01 5.6000908657e-02
4.66000e+02 3.4457951053e+01 1.3446770258e-01
4.67000e+02 3.4480304575e+01 1.9545831776e-02
4.68000e+02 3.4502254500e+01 1.6786161084e-02
4.69000e+02 3.4526958553e+01 1.3776487091e-01
4.70000e+02 3.4552806115e+01 1.2666048726e-01
4.71000e+02 3.4577990556e+01 4.9058191993e-02
4.72000e+02 3.4610141374e+01 5.7979596114e-02
4.73000e+02 3.4641642117e+01 5.9294255939e-02
4.74000e+02 3.4667993126e+01 2.3510044045e-02
4.75000e+02 3.4694421469e+01 2.4730436683e-02
4.76000e+02 3.4725310733e+01 3.4339588069e-02
4.77000e+02 3.4755219388e+01 2.0807138257e-02
4.78000e+02 3.4788347823e+01 5.8890814495e-02
4.79000e+02 3.4825297906e+01 3.0684266647e-02
4.80000e+02 3.4863659771e+01 6.7370145320e-02
4.81000e+02 3.4896491749e+01 8.5615347502e-02
4.82000e+02 3.4928966378e+01 6.5497047734e-02
4.83000e+02 3.4961944107e+01 6.1900997114e-02
4.84000e+02 3.4995249776e+01 4.7855324875e-02
4.85000e+02 3.5028963799e+01 3.8838422670e-02
4.86000e+02 3.5062990882e+01 3.9520997419e-02
4.87000e+02 3.5097330570e+01 4.0107140623e-02
4.88000e+02 3.5130466595e+01 3.7825018460e-02
4.89000e+02 3.5168594830e+01 4.8318400920e-02
4.90000e+02 3.5208205289e+01 4.9518675499e-02
4.91000e+02 3.5246379325e+01 4.9514957380e-02
4.92000e+02 3.5292030603e+01 1.4065291695e-01
4.93000e+02 3.5333200748e+01 6.8304567626e-03
4.94000e+02 3.5375388087e+01 5.5050916428e-02
4.95000e+02 3.5418190832e+01 5.6628465585e-02
4.96000e+02 3.5460585670e+01 9.9830493010e-02
4.97000e+02 3.5510036980e+01 5.5180132265e-02
4.98000e+02 3.5568377216e+01 7.6084421597e-02
4.99000e+02 3.5619807362e+01 1.3565787357e-02
5.00000e+02 3.5671018517e+01 6.3941268800e-02
5.01000e+02 3.5720403462e+01 2.1794815097e-01
5.02000e+02 3.5771648332e+01 7.9181588992e-02
5.03000e+02 3.5830544183e+01 2.7822095749e-01
5.04000e+02 3.5880010611e+01 1.8647993531e-01
5.05000e+02 3.5928124481e+01 1.4105315672e-01
5.06000e+02 3.5983327769e+01 8.5519423020e-02
5.07000e+02 3.6035479797e+01 7.4885903318e-02
5.08000e+02 3.6088196375e+01 7.6575858457e-02
5.09000e+02 3.6140826900e+01 7.6977779225e-02
5.10000e+02 3.6193698866e+01 7.6763057041e-02
5.11000e+02 3.6246785847e+01 7.7142749851e-02
5.12000e+02 3.6299922414e+01 7.7330208652e-02
5.13000e+02 3.6358127564e+01 8.4743202356e-02
5.14000e+02 3.6413650964e+01 1.5399338844e-01
5.15000e+02 3.6467856366e+01 7.8371299138e-02
5.16000e+02 3.6522101623e+01 7.9401618072e-02
5.17000e+02 3.6578495619e+01 1.5202824012e-01
5.18000e+02 3.6627844935e+01 6.8761420054e-02
5.19000e+02 3.6676595911e+01 3.1941339679e-01
5.20000e+02 3.6723250236e+01 3.0224661615e-03
5.21000e+02 3.6768846289e+01 6.7693424459e-02
5.22000e+02 3.6813456602e+01 3.8452671248e-01
5.23000e+02 3.6861909703e+01 1.7323026985e-01
5.24000e+02 3.6911564245e+01 2.5052067782e-01
5.25000e+02 3.6955208243e+01 5.8987841562e-02
5.26000e+02 3.6999666870e+01 6.0861566067e-02
5.27000e+02 3.7044230232e+01 6.6081574132e-02
5.28000e+02 3.7086763991e+01 5.6852298777e-02
5.29000e+02 3.7127436199e+01 5.3823657070e-02
5.30000e+02 3.7171083129e+01 6.5203795982e-02
5.31000e+02 3.7215540390e+01 5.8718930408e-02
5.32000e+02 3.7259634854e+01 5.9107745451e-02
5.33000e+02 3.7304282998e+01 5.9239520842e-02
5.34000e+02 3.7348662198e+01 5.9465017550e-02
5.35000e+02 3.7396795540e+01 1.3781112366e-01
5.36000e+02 3.7441789779e+01 3.1924548301e-01
5.37000e+02 3.7486772469e+01 5.9740098279e-02
5.38000e+02 3.7531960021e+01 6.0488710304e-02
5.39000e+02 3.7578178042e+01 1.7093913916e-01
5.40000e+02 3.7621921078e+01 6.0277060381e-02
5.41000e+02 3.7665327970e+01 5.7405654620e-02
5.42000e+02 3.7707590824e+01 5.5868067173e-02
5.43000e+02 3.7750073582e+01 5.4888064623e-02
5.44000e+02 3.7791644523e+01 5.4141263632e-02
5.45000e+02 3.7837713284e+01 6.1514292410e-02
5.46000e+02 3.7886512288e+01 6.0035078930e-02
5.47000e+02 3.7931488394e+01 1.8521589610e-01
5.48000e+02 3.7974784292e+01 1.7952757437e-01
5.49000e+02 3.8023434644e+01 4.8923959383e-01
5.50000e+02 3.8080261012e+01 1.5255426355e-02
5.51000e+02 3.8134977813e+01 8.1561336902e-02
5.52000e+02 3.8188551323e+01 7.8226917820e-02
5.53000e+02 3.8241478035e+01 7.6358601276e-02
5.54000e+02 3.8290921129e+01 4.1138049426e-01
5.55000e+02 3.8340415878e+01 9.4233259399e-02
5.56000e+02 3.8389674407e+01 9.3954460161e-02
5.57000e+02 3.8438461407e+01 6.2221986816e-02
5.58000e+02 3.8484110235e+01 2.1035453092e-01
5.59000e+02 3.8532835489e+01 6.7700697245e-02
5.60000e+02 3.8588626875e+01 7.8500117815e-02
5.61000e+02 3.8639919652e+01 2.7377928647e-01
5.62000e+02 3.8692724242e+01 7.4788759091e-02
5.63000e+02 3.8743720595e+01 2.8706749915e-01
5.64000e+02 3.8793448935e+01 7.0229348674e-02
5.65000e+02 3.8842506068e+01 6.8219898525e-02
5.66000e+02 3.8894300180e+01 3.4156484521e-01
5.67000e+02 3.8952951252e+01 8.4145978461e-02
5.68000e+02 3.9008231680e+01 8.3550875301e-02
5.69000e+02 3.9062086598e+01 7.8671170184e-02
5.70000e+02 3.9114750380e+01 7.5975852780e-02
5.71000e+02 3.9167128028e+01 7.4422607443e-02
5.72000e+02 3.9218711790e+01 7.3268164610e-02
5.73000e+02 3.9273464337e+01 1.4833285868e-01
5.74000e+02 3.9328525434e+01 1.7710256414e-01
5.75000e+02 3.9382020201e+01 1.0346260331e-01
5.76000e+02 3.9437193146e+01 7.3596283844e-02
5.77000e+02 3.9497184329e+01 2.5377945196e-01
5.78000e+02 3.9558177464e+01 3.3289327601e-01
5.79000e+02 3.9617564814e+01 8.9443025928e-02
5.80000e+02 3.9678008419e+01 8.8804052301e-02
5.81000e+02 3.9737339946e+01 8.8659425873e-02
5.82000e+02 3.9797645945e+01 8.8433160630e-02
5.83000e+02 3.9857005013e+01 8.8372267693e-02
5.84000e+02 3.9917293299e+01 8.8266182555e-02
5.85000e+02 3.9976719584e+01 8.8245133988e-02
5.86000e+02 4.0042167058e+01 9.1571799165e-02
5.87000e+02 4.0105978376e+01 4.3991331763e-01
5.88000e+02 4.0166349555e+01 8.8239781787e-02
5.89000e+02 4.0226251975e+01 1.1556567093e-01
5.90000e+02 4.0282037988e+01 4.4019832022e-01
5.91000e+02 4.0336417167e+01 4.4064253400e-01
5.92000e+02 4.0390650564e+01 4.6549398018e-01
5.93000e+02 4.0442639619e+01 4.3184475702e-01
5.94000e+02 4.0495810005e+01 7.5820947585e-02
5.95000e+02 4.0549192233e+01 7.4748175713e-02
5.96000e+02 4.0602269484e+01 7.4580292046e-02
5.97000e+02 4.0655618587e+01 7.4472586225e-02
5.98000e+02 4.0708820769e+01 7.4523045021e-02
5.99000e+02 4.0766661417e+01 8.2180871459e-02
6.00000e+02 4.0821540287e+01 5.7870482943e-01
6.01000e+02 4.0875574695e+01 7.5133826496e-02
6.02000e+02 4.0929723732e+01 7.6005547698e-02
6.03000e+02 4.0983172040e+01 7.5343443773e-02
6.04000e+02 4.1036971112e+01 7.9995163579e-02
6.05000e+02 4.1088437725e+01 3.0010645989e-01
6.06000e+02 4.1141188687e+01 7.3870025489e-02
6.07000e+02 4.1194431404e+01 7.3590563923e-02
6.08000e+02 4.1245620306e+01 2.9719618338e-01
6.09000e+02 4.1305271197e+01 3.1454620654e-01
6.10000e+02 4.1366507567e+01 3.8110103270e-01
6.11000e+02 4.1418335840e+01 7.4157815672e-02
6.12000e+02 4.1467959539e+01 7.2518455808e-02
6.13000e+02 4.1526253899e+01 1.5319334150e-01
6.14000e+02 4.1594915244e+01 2.3762624065e-01
6.15000e+02 4.1660908976e+01 4.7171175742e-01
6.16000e+02 4.1720576523e+01 8.5467144413e-02
6.17000e+02 4.1779019138e+01 8.5529931924e-02
6.18000e+02 4.1843627405e+01 9.7933777101e-02
6.19000e+02 4.1907145803e+01 9.5360508768e-02
6.20000e+02 4.1966561027e+01 8.5192078923e-02
6.21000e+02 4.2025603828e+01 7.6122231745e-02
6.22000e+02 4.2080062403e+01 1.0323158681e-01
6.23000e+02 4.2137928212e+01 9.4716102009e-02
6.24000e+02 4.2203616868e+01 9.6345536385e-02
6.25000e+02 4.2264450039e+01 1.7962651276e-01
6.26000e+02 4.2325545279e+01 2.7911325424e-01
6.27000e+02 4.2386756442e+01 1.0717607421e-01
6.28000e+02 4.2448303088e+01 1.0170945605e-01
6.29000e+02 4.2518545642e+01 1.0862593557e-01
6.30000e+02 4.2590186553e+01 2.1536438229e-01
6.31000e+02 4.2659486720e+01 1.0777142010e-01
6.32000e+02 4.2736623052e+01 1.0071145751e-01
6.33000e+02 4.2811477498e+01 2.1629904634e-01
6.34000e+02 4.2881966338e+01 1.0651157703e-01
6.35000e+02 4.2949868240e+01 2.1878553809e-01
6.36000e+02 4.3012864757e+01 2.1763082995e-01
6.37000e+02 4.3073131769e+01 2.0458797465e-01
6.38000e+02 4.3132068735e+01 8.5737642307e-02
6.39000e+02 4.3189843411e+01 8.3159568342e-02
6.40000e+02 4.3246919449e+01 8.1215480656e-02
6.41000e+02 4.3303294357e+01 7.9734496724e-02
6.42000e+02 4.3359224587e+01 7.8508954125e-02
6.43000e+02 4.3427548253e+01 1.0542856493e-01
6.44000e+02 4.3497779893e+01 2.5227116473e-01
6.45000e+02 4.3556693747e+01 8.0969391756e-02
6.46000e+02 4.3618241012e+01 2.1653477163e-01
6.47000e+02 4.3680111621e+01 4.5809892506e-01
6.48000e+02 4.3741041430e+01 3.3020440468e-01
6.49000e+02 4.3808707708e+01 3.5123578985e-01
6.50000e+02 4.3873456148e+01 4.6531562881e-01
6.51000e+02 4.3936766415e+01 9.3967283564e-02
6.52000e+02 4.3994389134e+01 6.8279501977e-02
6.53000e+02 4.4051739008e+01 8.7188977569e-02
6.54000e+02 4.4106948959e+01 1.0821615190e-01
6.55000e+02 4.4161919517e+01 8.3397098227e-03
6.56000e+02 4.4213800676e+01 7.2674665249e-02
6.57000e+02 4.4267574623e+01 1.8876423136e-01
6.58000e+02 4.4321599843e+01 7.3454726388e-02
6.59000e+02 4.4375425911e+01 7.1457500885e-02
6.60000e+02 4.4426904422e+01 8.2568178392e-02
6.61000e+02 4.4480433627e+01 7.3136530325e-02
6.62000e+02 4.4535502815e+01 1.6712916903e-01
6.63000e+02 4.4587203322e+01 1.7583984093e-01
6.64000e+02 4.4639440461e+01 7.1275312794e-02
6.65000e+02 4.4694965991e+01 8.4185072427e-02
6.66000e+02 4.4741484611e+01 2.5166169033e-01
6.67000e+02 4.4787318208e+01 6.5337127692e-02
6.68000e+02 4.4832711348e+01 6.8439988323e-03
6.69000e+02 4.4877473973e+01 5.5447451771e-02
6.70000e+02 4.4919043929e+01 1.1799955273e-01
6.71000e+02 4.4963270763e+01 5.5064511074e-02
6.72000e+02 4.5008170801e+01 5.4516344488e-02
6.73000e+02 4.5052241242e+01 5.4305434592e-02
6.74000e+02 4.5096690702e+01 5.3800550948e-02
6.75000e+02 4.5140845268e+01 5.3830876048e-02
6.76000e+02 4.5184344275e+01 2.2936561132e-01
6.77000e+02 4.5232098778e+01 6.0274217767e-01
6.78000e+02 4.5288291212e+01 1.2281538555e-01
6.79000e+02 4.5339696431e+01 7.2506521102e-03
6.80000e+02 4.5391191467e+01 5.4004233458e-02
6.81000e+02 4.5440691748e+01 1.1226899501e-01
6.82000e+02 4.5491900302e+01 6.7779540615e-02
6.83000e+02 4.5543957937e+01 6.8364178721e-02
6.84000e+02 4.5593735771e+01 6.4431318303e-02
6.85000e+02 4.5652625967e+01 1.3382826333e-01
6.86000e+02 4.5713249376e+01 2.5907921957e-01
6.87000e+02 4.5764065762e+01 6.5682992784e-02
6.88000e+02 4.5812661075e+01 6.6363392777e-02
6.89000e+02 4.5870308184e+01 8.3213286620e-02
6.90000e+02 4.5929977962e+01 8.2176442390e-02
6.91000e+02 4.5987435446e+01 8.1904640334e-02
6.92000e+02 4.6053952314e+01 8.5863649830e-02
6.93000e+02 4.6114518543e+01 7.8691636145e-02
6.94000e+02 4.6174288125e+01 1.7612707899e-01
6.95000e+02 4.6231930072e+01 2.4907354154e-01
6.96000e+02 4.6291821951e+01 1.5559208417e-01
6.97000e+02 4.6352810254e+01 1.7637302598e-01
6.98000e+02 4.6413224258e+01 1.7671877798e-01
6.99000e+02 4.6474523382e+01 8.6155377711e-02
7.00000e+02 4.6535308173e+01 8.6440008687e-02
7.01000e+02 4.6604004058e+01 3.6484766677e-01
7.02000e+02 4.6669981242e+01 3.4033913512e-01
7.03000e+02 4.6732800128e+01 8.7873330184e-02
7.04000e+02 4.6795368127e+01 8.4741472647e-02
7.05000e+02 4.6854804119e+01 1.7399216971e-01
7.06000e+02 4.6915487551e+01 8.7684098137e-02
7.07000e+02 4.6976832665e+01 8.6122642570e-02
7.08000e+02 4.7035775944e+01 1.7019345627e-01
7.09000e+02 4.7105029424e+01 2.7102193931e-01
7.10000e+02 4.7184368356e+01 1.8718372545e-01
7.11000e+02 4.7254788985e+01 9.0755144506e-03
7.12000e+02 4.7324337995e+01 1.0396853726e-01
7.13000e+02 4.7394285341e+01 1.0339128554e-01
7.14000e+02 4.7463816520e+01 1.0327006350e-01
7.15000e+02 4.7542402705e+01 4.5611278408e-01
7.16000e+02 4.7618585086e+01 1.1855001971e-01
7.17000e+02 4.7690609736e+01 1.0524409755e-01
7.18000e+02 4.7763027353e+01 2.8464022380e-02
7.19000e+02 4.7842932987e+01 3.1608016558e-01
7.20000e+02 4.7924302262e+01 6.9003723562e-01
7.21000e+02 4.7995760597e+01 3.0665011910e-01
7.22000e+02 4.8066854878e+01 1.0670195460e-01
7.23000e+02 4.8144294198e+01 2.4197784894e-01
7.24000e+02 4.8212847755e+01 1.2815718644e-02
7.25000e+02 4.8277540344e+01 9.9829507677e-02
7.26000e+02 4.8341243782e+01 1.3855841264e-01
7.27000e+02 4.8407092787e+01 2.4393217772e-02
7.28000e+02 4.8469926770e+01 2.0401864785e-01
7.29000e+02 4.8531785712e+01 8.7934224565e-02
7.30000e+02 4.8588619022e+01 6.3599130402e-02
7.31000e+02 4.8645352640e+01 1.8064261312e-01
7.32000e+02 4.8706930630e+01 8.6590297929e-02
7.33000e+02 4.8768031796e+01 8.5745930906e-02
7.34000e+02 4.8828448644e+01 8.4499042900e-02
7.35000e+02 4.8891836691e+01 2.3637850437e-01
7.36000e+02 4.8955674468e+01 1.4927199050e-01
7.37000e+02 4.9019039670e+01 8.6678580139e-02
7.38000e+02 4.9080386079e+01 8.7521462488e-02
7.39000e+02 4.9141126970e+01 8.4809630665e-02
7.40000e+02 4.9201178110e+01 8.3429552247e-02
7.41000e+02 4.9261228647e+01 8.2655768055e-02
7.42000e+02 4.9320754114e+01 8.2047439678e-02
7.43000e+02 4.9385268491e+01 1.5024904818e-01
7.44000e+02 4.9454341321e+01 4.9288126953e-01
7.45000e+02 4.9523585830e+01 4.3617459764e-01
7.46000e+02 4.9597781049e+01 1.4669751990e-02
7.47000e+02 4.9667521263e+01 5.2258365980e-03
7.48000e+02 4.9740786093e+01 4.3993042321e-01
7.49000e+02 4.9821246343e+01 2.5870823511e-02
7.50000e+02 4.9908376074e+01 1.2934512615e-02
7.51000e+02 4.9987268315e+01 3.6318273353e-01
7.52000e+02 5.0065879629e+01 4.7396771760e-01
7.53000e+02 5.0151810251e+01 1.3542213716e-01
7.54000e+02 5.0232890858e+01 5.9097326659e-01
7.55000e+02 5.0310211419e+01 7.7366429371e-01
7.56000e+02 5.0382712793e+01 2.3124615704e-01
7.57000e+02 5.0452490826e+01 1.0400934032e-01
7.58000e+02 5.0523180898e+01 7.9212426161e-03
7.59000e+02 5.0600028067e+01 1.0166971677e-01
7.60000e+02 5.0667888520e+01 2.9684983699e-01
7.61000e+02 5.0734472387e+01 4.0635135142e-01
7.62000e+02 5.0801782229e+01 9.5324397756e-02
7.63000e+02 5.0868506907e+01 9.5369883567e-02
7.64000e+02 5.0936127396e+01 9.5585160545e-02
7.65000e+02 5.1003152843e+01 9.5790345564e-02
7.66000e+02 5.1076447676e+01 2.2301986319e-01
7.67000e+02 5.1148268263e+01 4.8224505336e-01
7.68000e+02 5.1216478972e+01 9.6284775442e-02
7.69000e+02 5.1284502403e+01 9.7186474605e-02
7.70000e+02 5.1352482281e+01 9.6858456327e-02
7.71000e+02 5.1420345832e+01 9.6601717972e-02
7.72000e+02 5.1488631793e+01 9.6811199393e-02
7.73000e+02 5.1556623845e+01 9.6842888492e-02
7.74000e+02 5.1629763058e+01 4.8160718795e-01
7.75000e+02 5.1701427248e+01 2.8950808052e-01
7.76000e+02 5.1770180888e+01 9.7213724727e-02
7.77000e+02 5.1840591151e+01 6.3223073820e-04
7.78000e+02 5.1906139628e+01 6.7413696103e-01
7.79000e+02 5.1968397819e+01 6.6531075182e-01
7.80000e+02 5.2029130366e+01 8.3276581568e-02
7.81000e+02 5.2088299597e+01 8.0104344488e-02
7.82000e+02 5.2150490102e+01 7.9403223091e-01
7.83000e+02 5.2212782741e+01 9.7107143829e-01
7.84000e+02 5.2272272821e+01 7.8781773917e-02
7.85000e+02 5.2340273505e+01 9.7125143908e-02
7.86000e+02 5.2417290454e+01 4.6066487756e-01
7.87000e+02 5.2486998693e+01 8.6118593260e-02
7.88000e+02 5.2556179850e+01 2.6059169557e-01
7.89000e+02 5.2625557731e+01 9.8414633039e-02
7.90000e+02 5.2694889970e+01 9.8467300941e-02
7.91000e+02 5.2771704832e+01 2.8158802697e-01
7.92000e+02 5.2845952486e+01 1.8157939879e-01
7.93000e+02 5.2918359545e+01 1.7699001618e-01
7.94000e+02 5.2986924387e+01 1.6792795377e-01
7.95000e+02 5.3055447840e+01 2.8517104034e-01
7.96000e+02 5.3119797664e+01 1.0121978671e-01
7.97000e+02 5.3182393552e+01 1.9270540817e-01
7.98000e+02 5.3244652002e+01 8.4219125781e-02
7.99000e+02 5.3306403641e+01 8.3290657516e-02
8.00000e+02 5.3368076697e+01 8.2621973568e-02
8.01000e+02 5.3429622464e+01 8.2333479461e-02
8.02000e+02 5.3490927410e+01 2.8670073608e-01
8.03000e+02 5.3550051540e+01 2.5839350158e-01
8.04000e+02 5.3607755792e+01 2.5453441285e-01
8.05000e+02 5.3675952958e+01 3.6091514518e-01
8.06000e+02 5.3745651796e+01 5.4415497413e-01
8.07000e+02 5.3812653262e+01 3.4945648056e-01
8.08000e+02 5.3888409703e+01 3.5948000324e-01
8.09000e+02 5.3958200945e+01 8.4032738010e-02
8.10000e+02 5.4027412243e+01 1.0705859022e-01
8.11000e+02 5.4094199143e+01 1.9040156421e-01
8.12000e+02 5.4159450840e+01 9.0700018053e-02
8.13000e+02 5.4224052902e+01 8.8424479938e-02
8.14000e+02 5.4292806276e+01 1.7328016957e-01
8.15000e+02 5.4362549044e+01 1.9751237559e-01
8.16000e+02 5.4431251408e+01 1.9726385354e-01
8.17000e+02 5.4500863128e+01 9.6694318353e-02
8.18000e+02 5.4567675767e+01 8.9896996837e-02
8.19000e+02 5.4646728897e+01 2.0520006597e-02
8.20000e+02 5.4727498754e+01 2.8961823675e-01
8.21000e+02 5.4804948585e+01 2.7925697791e-01
8.22000e+02 5.4891975075e+01 3.8913124091e-01
8.23000e+02 5.4976376252e+01 7.5985675046e-01
8.24000e+02 5.5059791064e+01 1.2585501038e-01
8.25000e+02 5.5141164359e+01 1.1761575272e-02
8.26000e+02 5.5221367077e+01 2.3756466521e-01
8.27000e+02 5.5300338917e+01 2.3492564545e-01
8.28000e+02 5.5380006347e+01 1.2933632435e-01
8.29000e+02 5.5457069360e+01 3.4661341872e-01
8.30000e+02 5.5532070281e+01 2.2511876315e-01
8.31000e+02 5.5606216634e+01 1.0683860544e-01
8.32000e+02 5.5683965006e+01 1.1451949958e-01
8.33000e+02 5.5772673811e+01 1.3003678437e-01
8.34000e+02 5.5850961412e+01 4.5051631555e-01
8.35000e+02 5.5926799837e+01 4.4845439345e-01
8.36000e+02 5.6010775213e+01 1.3046731122e-01
8.37000e+02 5.6092969492e+01 2.0994028411e-01
8.38000e+02 5.6170315125e+01 1.1054693289e-01
8.39000e+02 5.6246438028e+01 6.6262643109e-03
8.40000e+02 5.6319522853e+01 2.1799969863e-01
8.41000e+02 5.6393947704e+01 1.0266695810e-01
8.42000e+02 5.6465281570e+01 2.9965312562e-01
8.43000e+02 5.6536952340e+01 3.2488560867e-01
8.44000e+02 5.6608321530e+01 1.0084865607e-01
8.45000e+02 5.6681151124e+01 1.0120386288e-01
8.46000e+02 5.6747324040e+01 1.1172716707e-02
8.47000e+02 5.6812991094e+01 2.0306413378e-01
8.48000e+02 5.6879001775e+01 2.0269883315e-01
8.49000e+02 5.6944366755e+01 3.0777158363e-01
8.50000e+02 5.7008411760e+01 9.3778474327e-02
8.51000e+02 5.7071006115e+01 1.8535608859e-01
8.52000e+02 5.7133184381e+01 8.1534521336e-02
8.53000e+02 5.7197728313e+01 8.0249808563e-02
8.54000e+02 5.7259315967e+01 1.7475770539e-01
8.55000e+02 5.7321440839e+01 8.0983503575e-02
8.56000e+02 5.7383734310e+01 8.1017724800e-02
8.57000e+02 5.7444927902e+01 8.0005427741e-02
8.58000e+02 5.7506446379e+01 7.9150427346e-02
8.59000e+02 5.7567566853e+01 7.8998158771e-02
8.60000e+02 5.7629128443e+01 4.0764240533e-01
8.61000e+02 5.7688360618e+01 3.2901286205e-01
8.62000e+02 5.7748806669e+01 7.7846734468e-02
8.63000e+02 5.7809667775e+01 7.7509519389e-02
8.64000e+02 5.7870083796e+01 7.7401980524e-02
8.65000e+02 5.7936428087e+01 8.7847836518e-02
8.66000e+02 5.7999796290e+01 3.1895966217e-01
8.67000e+02 5.8061708519e+01 3.1420864031e-01
8.68000e+02 5.8122540798e+01 7.8707683148e-02
8.69000e+02 5.8185177371e+01 7.9100045002e-02
8.70000e+02 5.8249613332e+01 3.3129170157e-01
8.71000e+02 5.8310204699e+01 1.5645265744e-01
8.72000e+02 5.8370682503e+01 8.1305390149e-02
8.73000e+02 5.8431205627e+01 7.9110635778e-02
8.74000e+02 5.8490619964e+01 1.5127458093e-01
8.75000e+02 5.8548197011e+01 7.8209764836e-02
8.76000e+02 5.8604615184e+01 7.5135390111e-02
8.77000e+02 5.8660240537e+01 6.7784601379e-02
8.78000e+02 5.8719899630e+01 7.5990152264e-02
8.79000e+02 5.8787313648e+01 8.4130763541e-02
8.80000e+02 5.8843998305e+01 6.2123588336e-01
8.81000e+02 5.8899010409e+01 6.9849516849e-01
8.82000e+02 5.8961837055e+01 8.6040999934e-02
8.83000e+02 5.9023639197e+01 1.3168561722e-01
8.84000e+02 5.9084534544e+01 1.2962263211e-01
8.85000e+02 5.9145062727e+01 7.6876516896e-02
8.86000e+02 5.9204917914e+01 7.5759479972e-02
8.87000e+02 5.9264760746e+01 7.4998369468e-02
8.88000e+02 5.9324032683e+01 7.4340121456e-02
8.89000e+02 5.9383461792e+01 7.3852058402e-02
8.90000e+02 5.9442360083e+01 7.3404560033e-02
8.91000e+02 5.9506346710e+01 7.9377666736e-02
8.92000e+02 5.9574125279e+01 1.4631197929e-01
8.93000e+02 5.9642059462e+01 3.1435321221e-01
8.94000e+02 5.9710460208e+01 3.9298971450e-01
8.95000e+02 5.9774662991e+01 1.5474309769e-01
8.96000e+02 5.9836786925e+01 3.6675775866e-01
8.97000e+02 5.9898020452e+01 3.6363790046e-01
8.98000e+02 5.9959089467e+01 3.0732930561e-01
8.99000e+02 6.0027134216e+01 9.1276156986e-02
9.00000e+02 6.0096301212e+01 9.1951131901e-02
9.01000e+02 6.0163508641e+01 9.1021860390e-02
9.02000e+02 6.0231935889e+01 9.0191089923e-02
9.03000e+02 6.0294311301e+01 3.0519460454e-01
9.04000e+02 6.0356229787e+01 7.8074185908e-02
9.05000e+02 6.0421781206e+01 3.5257913704e-01
9.06000e+02 6.0478743781e+01 1.1464673795e-02
9.07000e+02 6.0534270779e+01 6.8484134808e-03
9.08000e+02 6.0588866552e+01 2.6662421181e-01
9.09000e+02 6.0642267909e+01 3.3652152895e-01
9.10000e+02 6.0694045006e+01 1.7282380158e-01
9.11000e+02 6.0743485616e+01 2.5764853526e-01
9.12000e+02 6.0792021749e+01 1.4339677634e-01
9.13000e+02 6.0848307270e+01 6.7725783022e-02
9.14000e+02 6.0914222265e+01 4.2148134411e-01
9.15000e+02 6.0977618029e+01 1.4577853683e-01
9.16000e+02 6.1039637856e+01 7.9499508030e-02
9.17000e+02 6.1100869184e+01 7.7255572245e-02
9.18000e+02 6.1158113211e+01 1.4691919340e-01
9.19000e+02 6.1215101662e+01 2.3951033863e-01
9.20000e+02 6.1272031162e+01 1.5997661718e-01
9.21000e+02 6.1328865489e+01 6.7627382073e-02
9.22000e+02 6.1386186204e+01 6.7950970190e-02
9.23000e+02 6.1441797966e+01 5.8340585598e-02
9.24000e+02 6.1496120423e+01 2.2253775961e-01
9.25000e+02 6.1551253351e+01 1.2956612425e-01
9.26000e+02 6.1603239629e+01 1.9658132635e-01
9.27000e+02 6.1656471786e+01 2.2214602136e-01
9.28000e+02 6.1710163622e+01 1.2880593626e-01
9.29000e+02 6.1763716436e+01 5.9140106653e-02
9.30000e+02 6.1810556380e+01 1.0480771155e-02
9.31000e+02 6.1859092855e+01 2.9174763138e-01
9.32000e+02 6.1905613585e+01 5.1909861052e-02
9.33000e+02 6.1950827128e+01 1.7251646803e-01
9.34000e+02 6.1996071414e+01 4.3900865062e-02
9.35000e+02 6.2041017884e+01 8.6063446331e-03
9.36000e+02 6.2082882187e+01 9.4136301453e-02
9.37000e+02 6.2127323346e+01 4.3084580353e-02
9.38000e+02 6.2173249457e+01 3.4712810740e-01
9.39000e+02 6.2216138494e+01 9.0067477368e-02
9.40000e+02 6.2257880039e+01 8.5792843777e-02
9.41000e+02 6.2298262658e+01 3.5443778908e-02
9.42000e+02 6.2341480111e+01 4.1014662308e-02
9.43000e+02 6.2385231217e+01 4.0283594975e-02
9.44000e+02 6.2428707301e+01 4.0501942522e-02
9.45000e+02 6.2475146525e+01 9.5534919199e-02
9.46000e+02 6.2512025843e+01 2.3731234922e-01
9.47000e+02 6.2548446490e+01 2.7407408552e-01
9.48000e+02 6.2585600304e+01 2.6801532598e-02
9.49000e+02 6.2621056922e+01 3.8558890370e-02
9.50000e+02 6.2654854882e+01 6.5985081054e-02
9.51000e+02 6.2691564509e+01 2.7063711729e-02
9.52000e+02 6.2729479483e+01 2.7797807442e-02
9.53000e+02 6.2766488223e+01 2.8069121933e-02
9.54000e+02 6.2804632611e+01 2.8270467352e-02
9.55000e+02 6.2842147025e+01 2.8747870741e-02
9.56000e+02 6.2886087927e+01 8.5361405492e-02
9.57000e+02 6.2929133153e+01 1.5123530099e-01
9.58000e+02 6.2971533137e+01 1.0792267658e-01
9.59000e+02 6.3013648239e+01 3.7531375986e-02
9.60000e+02 6.3055171652e+01 3.6617273635e-02
9.61000e+02 6.3096771900e+01 3.6065801741e-02
9.62000e+02 6.3135776853e+01 2.9579687681e-02
9.63000e+02 6.3178301307e+01 2.9502040298e-02
9.64000e+02 6.3216511786e+01 7.6216048392e-02
9.65000e+02 6.3251800488e+01 6.8904081133e-02
9.66000e+02 6.3287626126e+01 1.7533672992e-01
9.67000e+02 6.3323742560e+01 5.4838139862e-03
9.68000e+02 6.3350880919e+01 1.4637591656e-02
9.69000e+02 6.3378292352e+01 6.4939175186e-02
9.70000e+02 6.3410881458e+01 2.1617099506e-02
9.71000e+02 6.3444142753e+01 2.0513302171e-01
9.72000e+02 6.3480046094e+01 6.2567097716e-02
9.73000e+02 6.3513897887e+01 7.5150447471e-02
9.74000e+02 6.3546875904e+01 3.3779923712e-02
9.75000e+02 6.3585355191e+01 3.2663335788e-02
9.76000e+02 6.3631885095e+01 4.1359840935e-02
9.77000e+02 6.3676565416e+01 7.1477850367e-02
9.78000e+02 6.3716004009e+01 8.7375531792e-02
9.79000e+02 6.3754025791e+01 2.3833306503e-02
9.80000e+02 6.3788997003e+01 2.5802668312e-02
9.81000e+02 6.3822071807e+01 2.0829887384e-02
9.82000e+02 6.3854412155e+01 1.8178193134e-02
9.83000e+02 6.3892549510e+01 4.0976548873e-02
9.84000e+02 6.3939221628e+01 4.4129544217e-02
9.85000e+02 6.3984067725e+01 4.4251190114e-02
9.86000e+02 6.4023244277e+01 4.4356489299e-02
9.87000e+02 6.4062038855e+01 4.4742638483e-02
9.88000e+02 6.4101257817e+01 3.6982772442e-02
9.89000e+02 6.4140325484e+01 3.0950695196e-02
9.90000e+02 6.4184583679e+01 4.1793015677e-02
9.91000e+02 6.4227995213e+01 4.0316659659e-02
9.92000e+02 6.4270875851e+01 3.8898785962e-02
9.93000e+02 6.4314408553e+01 7.3871606066e-02
9.94000e+02 6.4361129596e+01 8.2240802434e-02
9.95000e+02 6.4410898306e+01 6.0634545182e-02
9.96000e+02 6.4461840030e+01 1.0321641819e-01
9.97000e+02 6.4511853823e+01 5.3424782164e-02
9.98000e+02 6.4562875869e+01 5.3451678904e-02
9.99000e+02 6.4613144174e+01 5.3652740568e-02
1.00000e+03 6.4668946622e+01 1.2921809335e-02
1.00100e+03 6.4723226979e+01 1.5630663678e-01
1.00200e+03 6.4774432276e+01 5.3782338258e-02
1.00300e+03 6.4825398405e+01 5.4426379311e-02
1.00400e+03 6.4879900951e+01 1.5485042855e-01
1.00500e+03 6.4933355819e+01 6.0201051056e-02
1.00600e+03 6.4984511073e+01 5.4321909798e-02
1.00700e+03 6.5036826079e+01 1.1955877863e-01
1.00800e+03 6.5084158865e+01 3.7820965267e-01
1.00900e+03 6.5130099977e+01 3.1663965453e-01
1.01000e+03 6.5176662652e+01 2.2175794085e-01
1.01100e+03 6.5227183955e+01 5.3822761593e-02
1.01200e+03 6.5278524635e+01 5.3954365816e-02
1.01300e+03 6.5328682544e+01 5.3537017086e-02
1.01400e+03 6.5379761509e+01 5.3221765327e-02
1.01500e+03 6.5430060155e+01 5.3309280290e-02
1.01600e+03 6.5486000375e+01 1.0693748241e-01
1.01700e+03 6.5540474210e+01 1.5505752589e-01
1.01800e+03 6.5591670289e+01 5.3373083865e-02
1.01900e+03 6.5642650869e+01 5.4001646241e-02
1.02000e+03 6.5697192020e+01 1.0814444088e-01
1.02100e+03 6.5750746640e+01 5.9909067053e-02
1.02200e+03 6.5803858418e+01 5.8419784827e-02
1.02300e+03 6.5856571473e+01 5.7519799913e-02
1.02400e+03 6.5908907538e+01 5.6686567229e-02
1.02500e+03 6.5964123822e+01 9.2751716869e-03
1.02600e+03 6.6024167325e+01 2.2793686272e-01
1.02700e+03 6.6085626034e+01 1.3297794516e-01
1.02800e+03 6.6147725310e+01 1.9769580901e-01
1.02900e+03 6.6205158198e+01 4.5436299058e-01
1.03000e+03 6.6259725098e+01 1.2736836386e-01
1.03100e+03 6.6320420489e+01 7.4234978709e-02
1.03200e+03 6.6388349130e+01 1.5592575580e-02
1.03300e+03 6.6453533797e+01 1.4409978936e-01
1.03400e+03 6.6517760711e+01 1.4025396301e-01
1.03500e+03 6.6580715559e+01 3.5215198459e-01
1.03600e+03 6.6646791337e+01 8.5669621813e-02
1.03700e+03 6.6709842417e+01 2.1844313969e-01
1.03800e+03 6.6770822052e+01 7.5238239920e-02
1.03900e+03 6.6830835845e+01 7.2125715090e-02
1.04000e+03 6.6892318282e+01 4.3031924689e-01
1.04100e+03 6.6961289723e+01 8.4479169211e-02
1.04200e+03 6.7027085346e+01 8.5963398864e-02
1.04300e+03 6.7089953825e+01 1.6066058544e-01
1.04400e+03 6.7152595937e+01 1.5191469074e-01
1.04500e+03 6.7214652178e+01 7.5679091684e-02
1.04600e+03 6.7276920079e+01 7.5229201646e-02
1.04700e+03 6.7344374865e+01 8.4360780046e-02
1.04800e+03 6.7404878725e+01 2.2495330078e-01
1.04900e+03 6.7463225235e+01 1.4997801769e-01
1.05000e+03 6.7517956773e+01 2.1563353137e-01
1.05100e+03 6.7576752906e+01 2.2282908951e-01
1.05200e+03 6.7643510074e+01 1.4292528371e-01
1.05300e+03 6.7708039631e+01 1.3985713038e-01
1.05400e+03 6.7767722157e+01 1.4900670427e-01
1.05500e+03 6.7826150976e+01 6.3854905956e-02
1.05600e+03 6.7881687126e+01 7.5298203082e-02
1.05700e+03 6.7937813204e+01 5.5830376703e-02
1.05800e+03 6.7991020809e+01 1.2425493656e-01
1.05900e+03 6.8045462269e+01 1.4276209577e-01
1.06000e+03 6.8101404059e+01 6.5001303287e-02
1.06100e+03 6.8154215899e+01 5.9319322954e-02
1.06200e+03 6.8205584153e+01 5.4686467658e-02
1.06300e+03 6.8264206595e+01 2.0858083209e-01
1.06400e+03 6.8324218067e+01 1.2909144716e-01
1.06500e+03 6.8376747700e+01 5.4349574223e-02
1.06600e+03 6.8427225199e+01 5.3404469899e-02
1.06700e+03 6.8485317523e+01 6.8535411833e-02
1.06800e+03 6.8552773382e+01 1.9063087446e-02
1.06900e+03 6.8617736828e+01 1.3779972362e-01
1.07000e+03 6.8677138877e+01 6.7857452442e-02
1.07100e+03 6.8733780586e+01 5.7463142081e-02
1.07200e+03 6.8788249999e+01 1.9236973281e-01
1.07300e+03 6.8844321837e+01 5.8897986077e-02
1.07400e+03 6.8897532317e+01 1.7744080045e-01
1.07500e+03 6.8951420059e+01 1.9162364483e-01
1.07600e+03 6.9005543231e+01 5.8492847159e-02
1.07700e+03 6.9060400090e+01 5.8237281662e-02
1.07800e+03 6.9108445442e+01 2.6165884824e-02
1.07900e+03 6.9156420934e+01 1.1712502280e-01
1.08000e+03 6.9204766604e+01 7.9785634168e-02
1.08100e+03 6.9253148603e+01 4.6799815278e-02
1.08200e+03 6.9306781364e+01 5.8601324598e-02
1.08300e+03 6.9359625367e+01 5.6529867013e-02
1.08400e+03 6.9411838669e+01 5.5053878391e-02
1.08500e+03 6.9463833511e+01 5.4149662894e-02
1.08600e+03 6.9513403898e+01 4.7977732294e-02
1.08700e+03 6.9563478906e+01 6.8841249093e-02
1.08800e+03 6.9616106135e+01 5.4509440221e-02
1.08900e+03 6.9668215085e+01 5.4569038730e-02
1.09000e+03 6.9718094325e+01 6.9081261752e-02
1.09100e+03 6.9771561936e+01 8.5968777398e-02
1.09200e+03 6.9820594728e+01 2.5097171153e-01
1.09300e+03 6.9866486802e+01 1.5400232668e-01
1.09400e+03 6.9910909943e+01 4.0110742332e-02
1.09500e+03 6.9960117804e+01 5.3587782763e-02
1.09600e+03 7.0016450448e+01 5.8219885039e-02
1.09700e+03 7.0068123513e+01 2.5786817133e-01
1.09800e+03 7.0120857914e+01 1.7125061715e-02
1.09900e+03 7.0171870084e+01 6.2298664353e-02
1.10000e+03 7.0223776642e+01 2.5513953209e-01
1.10100e+03 7.0281489142e+01 6.3765215415e-02
1.10200e+03 7.0330626578e+01 1.0621495481e-01
1.10300e+03 7.0377376353e+01 3.1865566330e-02
1.10400e+03 7.0423194935e+01 2.3519693174e-02
1.10500e+03 7.0468399421e+01 7.0263492553e-02
1.10600e+03 7.0512182902e+01 7.6305344582e-02
1.10700e+03 7.0560732135e+01 1.0078887639e-01
1.10800e+03 7.0617588860e+01 1.0481109115e-01
1.10900e+03 7.0672484852e+01 1.0188977195e-01
1.11000e+03 7.0722000161e+01 4.7643396815e-02
1.11100e+03 7.0770935386e+01 6.1806433117e-02
1.11200e+03 7.0824973320e+01 5.8383530683e-02
1.11300e+03 7.0878238329e+01 5.6694164313e-02
1.11400e+03 7.0930914541e+01 5.5275748281e-02
1.11500e+03 7.0984836545e+01 2.5322423018e-02
1.11600e+03 7.1041591965e+01 9.0148388438e-02
1.11700e+03 7.1095053432e+01 1.3687100959e-01
1.11800e+03 7.1147830613e+01 1.6538395069e-01
1.11900e+03 7.1200673494e+01 1.4753453946e-01
1.12000e+03 7.1253519279e+01 5.4912917601e-02
1.12100e+03 7.1310989839e+01 5.9426023294e-02
1.12200e+03 7.1365829673e+01 6.1530220091e-02
1.12300e+03 7.1419788916e+01 5.5974366542e-02
1.12400e+03 7.1475128021e+01 5.8141373617e-02
1.12500e+03 7.1527610449e+01 1.1243438886e-01
1.12600e+03 7.1578554433e+01 1.0792683357e-01
1.12700e+03 7.1628418168e+01 4.9870018459e-02
1.12800e+03 7.1677496978e+01 4.7954975070e-02
1.12900e+03 7.1725934707e+01 4.6481013599e-02
1.13000e+03 7.1778181763e+01 5.5319663963e-02
1.13100e+03 7.1831321595e+01 9.9576320359e-02
1.13200e+03 7.1883743698e+01 9.9651790557e-02
1.13300e+03 7.1942669800e+01 6.2924231935e-02
1.13400e+03 7.1998587594e+01 1.5195081245e-01
1.13500e+03 7.2052520958e+01 5.5214283284e-02
1.13600e+03 7.2105864403e+01 5.0699167942e-02
1.13700e+03 7.2164653832e+01 3.3666737434e-01
1.13800e+03 7.2225111366e+01 4.0901755822e-01
1.13900e+03 7.2277768831e+01 5.8640487706e-02
1.14000e+03 7.2330842462e+01 5.5810596417e-02
1.14100e+03 7.2383970873e+01 5.4949833936e-02
1.14200e+03 7.2434825774e+01 6.5707836860e-02
1.14300e+03 7.2483968639e+01 5.8355246179e-02
1.14400e+03 7.2536078360e+01 5.3930974857e-02
1.14500e+03 7.2594995747e+01 2.1976082898e-01
1.14600e+03 7.2643786942e+01 3.7016017324e-02
1.14700e+03 7.2688893965e+01 4.3726140952e-02
1.14800e+03 7.2734512180e+01 1.4984064322e-02
1.14900e+03 7.2781533328e+01 2.5082761539e-02
1.15000e+03 7.2825543766e+01 1.4467984547e-01
1.15100e+03 7.2869121707e+01 3.6142276160e-02
1.15200e+03 7.2906839253e+01 3.2608765952e-02
1.15300e+03 7.2946608317e+01 9.6311207508e-03
1.15400e+03 7.2984921142e+01 5.3858422496e-02
1.15500e+03 7.3022205892e+01 1.0680702728e-01
1.15600e+03 7.3059490094e+01 2.3032213401e-02
1.15700e+03 7.3095935668e+01 7.1323666299e-03
1.15800e+03 7.3129350512e+01 4.9571376580e-02
1.15900e+03 7.3162848857e+01 4.6574576190e-02
1.16000e+03 7.3190641233e+01 3.0368112132e-04
1.16100e+03 7.3219041729e+01 1.6366803873e-01
1.16200e+03 7.3251891074e+01 1.4776431798e-02
1.16300e+03 7.3286344955e+01 2.0178310961e-02
1.16400e+03 7.3322747020e+01 1.9275996193e-02
1.16500e+03 7.3358792492e+01 2.0848312425e-02
1.16600e+03 7.3395556016e+01 2.1188922447e-02
1.16700e+03 7.3432118596e+01 2.1684841454e-02
1.16800e+03 7.3469077686e+01 2.1858723326e-02
1.16900e+03 7.3506951358e+01 1.9136981033e-02
1.17000e+03 7.3536483705e+01 6.3258082319e-02
1.17100e+03 7.3566717604e+01 1.2953989872e-01
1.17200e+03 7.3596287206e+01 7.3894878436e-03
1.17300e+03 7.3625238160e+01 6.8431400920e-03
1.17400e+03 7.3653054279e+01 2.0835783783e-01
1.17500e+03 7.3678669910e+01 1.7250853301e-03
1.17600e+03 7.3703808211e+01 9.5445680003e-04
1.17700e+03 7.3732963355e+01 1.5516302827e-02
1.17800e+03 7.3763475673e+01 7.0595579001e-02
1.17900e+03 7.3788691295e+01 1.3535107983e-03
1.18000e+03 7.3813010197e+01 2.1715570608e-03
1.18100e+03 7.3842117912e+01 6.2076215817e-02
1.18200e+03 7.3880202995e+01 5.9378858021e-02
1.18300e+03 7.3914097858e+01 1.5546472098e-02
1.18400e+03 7.3948862849e+01 2.7562611892e-02
1.18500e+03 7.3984476452e+01 1.8651225860e-02
1.18600e+03 7.4018867695e+01 1.9323815181e-02
1.18700e+03 7.4059515973e+01 1.1540562714e-02
1.18800e+03 7.4101869673e+01 3.1269721366e-02
1.18900e+03 7.4142622628e+01 3.1343129330e-02
1.19000e+03 7.4184674564e+01 3.1010021628e-02
1.19100e+03 7.4220108750e+01 2.7353670164e-02
1.19200e+03 7.4256199204e+01 1.9958037615e-02
1.19300e+03 7.4295723482e+01 1.2599171372e-01
1.19400e+03 7.4326204248e+01 1.1571169134e-02
1.19500e+03 7.4356182719e+01 8.6449294412e-03
1.19600e+03 7.4386813173e+01 8.7859718937e-03
1.19700e+03 7.4415243098e+01 1.0561812655e-02
1.19800e+03 7.4442095804e+01 4.3938556490e-02
1.19900e+03 7.4467357817e+01 2.3160631632e-02
1.20000e+03 7.4495300892e+01 4.8529566384e-02
1.20100e+03 7.4523787105e+01 6.1291725657e-02
1.20200e+03 7.4552219890e+01 5.0431988419e-03
1.20300e+03 7.4581003544e+01 5.3355966709e-03
1.20400e+03 7.4609870394e+01 5.7643256796e-03
1.20500e+03 7.4639621186e+01 1.2555897521e-02
1.20600e+03 7.4659674151e+01 1.0291017897e-02
1.20700e+03 7.4679750836e+01 1.1405326402e-02
1.20800e+03 7.4700550675e+01 7.4687349983e-04
1.20900e+03 7.4721386125e+01 1.5048911056e-03
1.21000e+03 7.4748084815e+01 8.9337802699e-02
1.21100e+03 7.4774483688e+01 2.3657329282e-02
1.21200e+03 7.4796261850e+01 9.7832370659e-04
1.21300e+03 7.4818231439e+01 3.7677987806e-02
1.21400e+03 7.4840284624e+01 2.7738327120e-02
1.21500e+03 7.4861154687e+01 2.8557259762e-02
1.21600e+03 7.4880895999e+01 7.9189574317e-03
1.21700e+03 7.4900126935e+01 7.1679365875e-03
1.21800e+03 7.4911228271e+01 9.8864504609e-03
1.21900e+03 7.4924754013e+01 1.5255359679e-02
1.22000e+03 7.4937511952e+01 8.1899527952e-03
1.22100e+03 7.4949914208e+01 2.6715638270e-02
1.22200e+03 7.4962926444e+01 5.6998916867e-03
1.22300e+03 7.4972141384e+01 1.0015996371e-02
1.22400e+03 7.4978245242e+01 3.6555000232e-02
1.22500e+03 7.4989479109e+01 6.8625800896e-03
1.22600e+03 7.5002440461e+01 1.0056863912e-02
1.22700e+03 7.5015053063e+01 8.6680719140e-03
1.22800e+03 7.5027190821e+01 1.3034825968e-02
1.22900e+03 7.5038829754e+01 2.8063134846e-02
1.23000e+03 7.5051684324e+01 1.3486870085e-02
1.23100e+03 7.5062114363e+01 1.5112082216e-02
1.23200e+03 7.5071982910e+01 3.0304282329e-02
1.23300e+03 7.5084315197e+01 1.2780029850e-02
1.23400e+03 7.5104363351e+01 1.3944296107e-02
1.23500e+03 7.5123504133e+01 1.2662250790e-02
1.23600e+03 7.5141356281e+01 1.4845594391e-02
1.23700e+03 7.5159197982e+01 9.9168505711e-03
1.23800e+03 7.5176055011e+01 1.0902052930e-02
1.23900e+03 7.5193277088e+01 6.1962289493e-04
1.24000e+03 7.5206585686e+01 1.4642942810e-02
1.24100e+03 7.5220806824e+01 1.2739447580e-02
1.24200e+03 7.5237931051e+01 3.5180553636e-04
1.24300e+03 7.5255048372e+01 1.4733056046e-02
1.24400e+03 7.5271568925e+01 3.6720247936e-03
1.24500e+03 7.5290543311e+01 6.3617842894e-03
1.24600e+03 7.5313560187e+01 1.1911725134e-02
1.24700e+03 7.5337353806e+01 9.5724796877e-03
1.24800e+03 7.5362153318e+01 1.1490914978e-02
1.24900e+03 7.5383587194e+01 9.0254479405e-04
1.25000e+03 7.5403590562e+01 1.2846438414e-02
1.25100e+03 7.5424576397e+01 1.5347938023e-02
1.25200e+03 7.5442884162e+01 8.1426356573e-03
1.25300e+03 7.5461076277e+01 2.7937207943e-03
1.25400e+03 7.5474496574e+01 1.2280857261e-02
1.25500e+03 7.5488895640e+01 7.7556972825e-03
1.25600e+03 7.5503176177e+01 8.6023904885e-04
1.25700e+03 7.5518109625e+01 5.3438199373e-04
1.25800e+03 7.5536304979e+01 1.1241162154e-04
1.25900e+03 7.5554088228e+01 1.0361733040e-02
1.26000e+03 7.5568955490e+01 5.8672498092e-04
1.26100e+03 7.5584621798e+01 6.2056066843e-04
1.26200e+03 7.5600027669e+01 5.3860907520e-04
1.26300e+03 7.5615123502e+01 1.2805825884e-02
1.26400e+03 7.5628483783e+01 2.3351257323e-02
1.26500e+03 7.5643607968e+01 5.4212279412e-04
1.26600e+03 7.5663851438e+01 2.0481161199e-03
1.26700e+03 7.5680708766e+01 1.4950650921e-02
1.26800e+03 7.5700923773e+01 6.8547259719e-03
1.26900e+03 7.5725971180e+01 1.1969289982e-02
1.27000e+03 7.5757513024e+01 3.6373263288e-03
1.27100e+03 7.5787440291e+01 1.1811897476e-02
1.27200e+03 7.5816585533e+01 8.5240805911e-03
1.27300e+03 7.5845177346e+01 5.9246013516e-03
1.27400e+03 7.5873195388e+01 4.7914763136e-03
1.27500e+03 7.5902154904e+01 1.2102188873e-02
1.27600e+03 7.5932394077e+01 1.2139464427e-02
1.27700e+03 7.5962178002e+01 1.2951732678e-02
1.27800e+03 7.5994067186e+01 1.5495979169e-02
1.27900e+03 7.6024176237e+01 2.0774733812e-02
1.28000e+03 7.6053154061e+01 1.4020797039e-02
1.28100e+03 7.6088531484e+01 1.9998568039e-02
1.28200e+03 7.6125281823e+01 3.2351819816e-02
1.28300e+03 7.6155065397e+01 6.9202308477e-03
1.28400e+03 7.6183190110e+01 6.0601999723e-03
1.28500e+03 7.6210471353e+01 3.5518092012e-03
1.28600e+03 7.6237240520e+01 2.1927108128e-03
1.28700e+03 7.6263509426e+01 1.1781812775e-03
1.28800e+03 7.6289496292e+01 3.9470295853e-04
1.28900e+03 7.6315074774e+01 2.9611591809e-04
1.29000e+03 7.6344414540e+01 7.2901016158e-03
1.29100e+03 7.6378490463e+01 3.0543521522e-02
1.29200e+03 7.6402014634e+01 4.9298288174e-03
1.29300e+03 7.6423351399e+01 4.2417171352e-03
1.29400e+03 7.6443052287e+01 1.0819273453e-02
1.29500e+03 7.6461106075e+01 1.1884840067e-02
1.29600e+03 7.6482333658e+01 1.4211286166e-02
1.29700e+03 7.6504346769e+01 1.3709072935e-02
1.29800e+03 7.6523296356e+01 4.8101651522e-03
1.29900e+03 7.6546005687e+01 2.6797368909e-03
1.30000e+03 7.6570458539e+01 4.6906012659e-03
1.30100e+03 7.6589168444e+01 1.4853192036e-02
1.30200e+03 7.6606955185e+01 5.8614011161e-03
1.30300e+03 7.6629997378e+01 4.3530494667e-03
1.30400e+03 7.6662249285e+01 3.4746843343e-02
1.30500e+03 7.6689974217e+01 5.7118217000e-03
1.30600e+03 7.6718580528e+01 7.3787282270e-03
1.30700e+03 7.6751101865e+01 1.2884783901e-02
1.30800e+03 7.6781415372e+01 1.0933499150e-02
1.30900e+03 7.6811615677e+01 9.8467216596e-03
1.31000e+03 7.6841838787e+01 1.2436369632e-02
1.31100e+03 7.6875809672e+01 4.5901436452e-02
1.31200e+03 7.6918007753e+01 1.1884573776e-02
1.31300e+03 7.6955284262e+01 7.0762047496e-03
1.31400e+03 7.6992815149e+01 4.4467425285e-02
1.31500e+03 7.7028866013e+01 5.8834368795e-02
1.31600e+03 7.7066512534e+01 2.3024217487e-02
1.31700e+03 7.7110326070e+01 3.4087453775e-02
1.31800e+03 7.7145060658e+01 7.3404460741e-02
1.31900e+03 7.7178986920e+01 3.8313689346e-02
1.32000e+03 7.7213766640e+01 1.6704620921e-02
1.32100e+03 7.7244903715e+01 4.9137881882e-03
1.32200e+03 7.7274042380e+01 2.9883153052e-02
1.32300e+03 7.7301675062e+01 2.6348875728e-02
1.32400e+03 7.7328727854e+01 2.6682905507e-03
1.32500e+03 7.7354926411e+01 1.2314972687e-03
1.32600e+03 7.7384661702e+01 2.5030029019e-02
1.32700e+03 7.7415386572e+01 6.0089313223e-02
1.32800e+03 7.7445830794e+01 2.7796896191e-02
1.32900e+03 7.7479180315e+01 3.2709523582e-02
1.33000e+03 7.7509474505e+01 5.4826288838e-02
1.33100e+03 7.7540323153e+01 9.2581172568e-03
1.33200e+03 7.7570351443e+01 4.2057640255e-03
1.33300e+03 7.7603528505e+01 2.7536639275e-02
1.33400e+03 7.7645381303e+01 1.5218619845e-02
1.33500e+03 7.7685980808e+01 3.4051309224e-02
1.33600e+03 7.7720788897e+01 2.7537471986e-02
1.33700e+03 7.7753650307e+01 1.5797192577e-02
1.33800e+03 7.7783423369e+01 2.1269445371e-02
1.33900e+03 7.7811287120e+01 1.1317736111e-02
1.34000e+03 7.7841249630e+01 3.9124394360e-02
1.34100e+03 7.7871849687e+01 3.8836678546e-02
1.34200e+03 7.7899969582e+01 3.9099723545e-03
1.34300e+03 7.7926533045e+01 2.1469587055e-02
1.34400e+03 7.7952684538e+01 1.9479716200e-02
1.34500e+03 7.7978073998e+01 5.7757982772e-04
1.34600e+03 7.8003368350e+01 1.4341436023e-03
1.34700e+03 7.8028084013e+01 1.2702206978e-03
1.34800e+03 7.8057590533e+01 7.9846051625e-03
1.34900e+03 7.8091712842e+01 5.7685863453e-03
1.35000e+03 7.8114442704e+01 1.3087077659e-02
1.35100e+03 7.8136540149e+01 1.7906384233e-02
1.35200e+03 7.8159722820e+01 4.5280959181e-04
1.35300e+03 7.8182582981e+01 1.2150729078e-03
1.35400e+03 7.8206453751e+01 6.8809831291e-04
1.35500e+03 7.8229912019e+01 1.2855172958e-03
1.35600e+03 7.8259581077e+01 2.6614102418e-02
1.35700e+03 7.8288708272e+01 2.0883764376e-02
1.35800e+03 7.8313222007e+01 6.4296492498e-04
1.35900e+03 7.8337668549e+01 1.2653395691e-02
1.36000e+03 7.8362330029e+01 8.0097510729e-03
1.36100e+03 7.8386966434e+01 1.8986249578e-04
1.36200e+03 7.8416178596e+01 6.2025716583e-03
1.36300e+03 7.8444794567e+01 5.6851451232e-03
1.36400e+03 7.8473086149e+01 4.7588799586e-03
1.36500e+03 7.8501177913e+01 4.2299145148e-03
1.36600e+03 7.8526279002e+01 6.2928022135e-04
1.36700e+03 7.8553402646e+01 1.0384602582e-02
1.36800e+03 7.8576365083e+01 1.0020528577e-02
1.36900e+03 7.8598691997e+01 9.7139856361e-03
1.37000e+03 7.8621554744e+01 9.9689547586e-05
1.37100e+03 7.8643087953e+01 6.5585553922e-03
1.37200e+03 7.8656566783e+01 9.2997180397e-03
1.37300e+03 7.8670884465e+01 6.3176725412e-04
1.37400e+03 7.8685517574e+01 1.1542792763e-03
1.37500e+03 7.8700655832e+01 8.2057605824e-04
1.37600e+03 7.8719971719e+01 1.1302007937e-02
1.37700e+03 7.8738157438e+01 4.2407846715e-03
1.37800e+03 7.8759116096e+01 8.4560858857e-03
1.37900e+03 7.8780648398e+01 1.1291612569e-02
1.38000e+03 7.8795647267e+01 3.6575947286e-04
1.38100e+03 7.8812344846e+01 8.9627772506e-03
1.38200e+03 7.8827090866e+01 2.3147130824e-03
1.38300e+03 7.8841990011e+01 1.1529818718e-02
1.38400e+03 7.8857615740e+01 8.3269542964e-03
1.38500e+03 7.8873087453e+01 5.7256816995e-04
1.38600e+03 7.8893722028e+01 3.2261994891e-03
1.38700e+03 7.8911610058e+01 8.7453196575e-03
1.38800e+03 7.8931938962e+01 1.1910074452e-02
1.38900e+03 7.8953031385e+01 8.6937703936e-03
1.39000e+03 7.8974807196e+01 1.0523751521e-03
1.39100e+03 7.9000731227e+01 7.2293440633e-03
1.39200e+03 7.9028152053e+01 1.6153084384e-02
1.39300e+03 7.9054631988e+01 1.7730909967e-03
1.39400e+03 7.9082078862e+01 1.7973646398e-03
1.39500e+03 7.9108752861e+01 1.9896312244e-03
1.39600e+03 7.9136238240e+01 2.0261472353e-03
1.39700e+03 7.9158316998e+01 6.5169857141e-03
1.39800e+03 7.9179518931e+01 8.7302836872e-04
1.39900e+03 7.9203162860e+01 3.9255281079e-03
1.40000e+03 7.9218888661e+01 1.1759577314e-02
1.40100e+03 7.9234778338e+01 1.3797075638e-02
1.40200e+03 7.9251048656e+01 1.3238762625e-02
1.40300e+03 7.9265798028e+01 6.4572303828e-03
1.40400e+03 7.9279191913e+01 1.4048257646e-02
1.40500e+03 7.9291337781e+01 2.6035045995e-03
1.40600e+03 7.9302988464e+01 1.7432019747e-03
1.40700e+03 7.9318227646e+01 6.5049468494e-04
1.40800e+03 7.9334645527e+01 5.0228147684e-04
1.40900e+03 7.9346318114e+01 4.7328012232e-04
1.41000e+03 7.9358611928e+01 4.9865162485e-03
1.41100e+03 7.9371887009e+01 1.1926717028e-02
1.41200e+03 7.9384010694e+01 1.7684203635e-04
1.41300e+03 7.9399124031e+01 1.2584612944e-04
1.41400e+03 7.9422498124e+01 7.4312506008e-05
1.41500e+03 7.9442346943e+01 6.5737385235e-03
1.41600e+03 7.9463494703e+01 8.8539461722e-03
1.41700e+03 7.9485547127e+01 1.1048697186e-02
1.41800e+03 7.9506673155e+01 8.8766223047e-03
1.41900e+03 7.9532853745e+01 1.0993014912e-02
1.42000e+03 7.9560753281e+01 2.2337957583e-02
1.42100e+03 7.9581906576e+01 1.3344270337e-02
1.42200e+03 7.9601712941e+01 9.6623584425e-03
1.42300e+03 7.9620771420e+01 2.0948161759e-03
1.42400e+03 7.9642677066e+01 7.5788536128e-04
1.42500e+03 7.9665647188e+01 1.6748263492e-03
1.42600e+03 7.9688584636e+01 1.0318013409e-03
1.42700e+03 7.9713737832e+01 1.6502335434e-03
1.42800e+03 7.9735997412e+01 2.7630967342e-03
1.42900e+03 7.9758141423e+01 3.0091854675e-03
1.43000e+03 7.9778822452e+01 4.5847263993e-03
1.43100e+03 7.9799923458e+01 1.0430053174e-03
1.43200e+03 7.9819870396e+01 1.7760535654e-03
1.43300e+03 7.9843564646e+01 1.7548960629e-03
1.43400e+03 7.9868377493e+01 3.6161047346e-03
1.43500e+03 7.9891217304e+01 1.7388053357e-03
1.43600e+03 7.9911730438e+01 2.3032627859e-03
1.43700e+03 7.9932609976e+01 1.9602739446e-03
1.43800e+03 7.9948512886e+01 1.1996625311e-02
1.43900e+03 7.9968090480e+01 1.3054774220e-03
1.44000e+03 7.9984925515e+01 2.9713297721e-03
1.44100e+03 7.9999305668e+01 5.1974403213e-03
1.44200e+03 8.0014547833e+01 9.5706820673e-03
1.44300e+03 8.0028230302e+01 1.5962472151e-02
1.44400e+03 8.0032528648e+01 1.1604564833e-02
1.44500e+03 8.0039595362e+01 1.2366567151e-02
1.44600e+03 8.0046899595e+01 7.9379317376e-03
1.44700e+03 8.0050047851e+01 1.0534213637e-02
1.44800e+03 8.0043887984e+01 1.0458212788e-02
1.44900e+03 8.0042182230e+01 8.7724670788e-03
1.45000e+03 8.0039778601e+01 1.9238664195e-02
1.45100e+03 8.0035361632e+01 1.5149192649e-02
1.45200e+03 8.0033121853e+01 9.5440123159e-03
1.45300e+03 8.0031337403e+01 5.3363741025e-02
1.45400e+03 8.0030278325e+01 2.5715952053e-02
1.45500e+03 8.0024131373e+01 9.2952086541e-03
1.45600e+03 8.0007402411e+01 1.0569094986e-02
1.45700e+03 7.9992453265e+01 4.7943528734e-02
1.45800e+03 7.9978094654e+01 4.5525234369e-02
1.45900e+03 7.9964778282e+01 1.5680850852e-02
1.46000e+03 7.9952469988e+01 2.0535130481e-02
1.46100e+03 7.9936580988e+01 9.7420474599e-03
1.46200e+03 7.9911461396e+01 1.0760981379e-02
1.46300e+03 7.9891084815e+01 7.0602089068e-03
1.46400e+03 7.9870731757e+01 6.5845013526e-02
1.46500e+03 7.9848855075e+01 5.0457953668e-02
1.46600e+03 7.9827228636e+01 1.2733807717e-03
1.46700e+03 7.9804369632e+01 9.8232200598e-04
1.46800e+03 7.9783940756e+01 1.7852886987e-02
1.46900e+03 7.9758095591e+01 9.9561649939e-03
1.47000e+03 7.9721889247e+01 1.1086751748e-02
1.47100e+03 7.9688011145e+01 1.8928956072e-02
1.47200e+03 7.9654730003e+01 1.5984824770e-02
1.47300e+03 7.9622815744e+01 1.9638430284e-03
1.47400e+03 7.9594648005e+01 1.0352309965e-01
1.47500e+03 7.9567325310e+01 1.0489710644e-01
1.47600e+03 7.9535686497e+01 3.6042073672e-03
1.47700e+03 7.9505578904e+01 2.5083622252e-02
1.47800e+03 7.9474208120e+01 1.8337413143e-02
1.47900e+03 7.9439063391e+01 7.8220338182e-03
1.48000e+03 7.9395804550e+01 1.1620028008e-02
1.48100e+03 7.9358024418e+01 7.9309286557e-03
1.48200e+03 7.9320619968e+01 3.2726160127e-02
1.48300e+03 7.9278943003e+01 1.1318228172e-01
1.48400e+03 7.9242134375e+01 8.6408898150e-03
1.48500e+03 7.9207090185e+01 1.1837170169e-01
1.48600e+03 7.9176358950e+01 1.1451757546e-01
1.48700e+03 7.9147239821e+01 8.7076873971e-03
1.48800e+03 7.9117828184e+01 8.6337367244e-02
1.48900e+03 7.9086289269e+01 1.5058001866e-03
1.49000e+03 7.9056505629e+01 8.0854979519e-02
1.49100e+03 7.9027736939e+01 2.7702252091e-03
1.49200e+03 7.8999578736e+01 1.6254365623e-03
1.49300e+03 7.8971880430e+01 1.0703844622e-03
1.49400e+03 7.8947697842e+01 1.0253108532e-01
1.49500e+03 7.8920084700e+01 8.4745041702e-02
1.49600e+03 7.8897328013e+01 6.6549496776e-03
1.49700e+03 7.8875095933e+01 9.6748118111e-02
1.49800e+03 7.8853145584e+01 1.2591516477e-02
1.49900e+03 7.8833960682e+01 8.5685788465e-02
1.50000e+03 7.8816368070e+01 8.6085778326e-02
1.50100e+03 7.8794656622e+01 1.2058292726e-02
1.50200e+03 7.8772923447e+01 8.5382928626e-02
1.50300e+03 7.8754382838e+01 7.5850698623e-03
1.50400e+03 7.8742422124e+01 1.2221875057e-02
1.50500e+03 7.8726869616e+01 1.4586473126e-03
1.50600e+03 7.8714207319e+01 1.8068938173e-02
1.50700e+03 7.8703447400e+01 2.2843459309e-02
1.50800e+03 7.8693780782e+01 2.9956784071e-03
1.50900e+03 7.8683412581e+01 7.4074622490e-02
1.51000e+03 7.8670629463e+01 7.4822952183e-02
1.51100e+03 7.8658681897e+01 7.6327494794e-02
1.51200e+03 7.8645202634e+01 1.7876510115e-03
1.51300e+03 7.8632590502e+01 2.4504290987e-03
1.51400e+03 7.8614285236e+01 1.0636726303e-02
1.51500e+03 7.8598661456e+01 1.9542570904e-02
1.51600e+03 7.8581632186e+01 1.4527285336e-02
1.51700e+03 7.8563224514e+01 6.4191401105e-02
1.51800e+03 7.8545459159e+01 1.7940776774e-02
1.51900e+03 7.8526225935e+01 3.6094450643e-03
1.52000e+03 7.8506566059e+01 8.5085311107e-02
1.52100e+03 7.8488476252e+01 8.8576895888e-02
1.52200e+03 7.8471796276e+01 7.4627740145e-02
1.52300e+03 7.8455545265e+01 1.8387956607e-03
1.52400e+03 7.8437873025e+01 4.2488052230e-03
1.52500e+03 7.8418743881e+01 7.2147270598e-04
1.52600e+03 7.8401199038e+01 3.3853226697e-03
1.52700e+03 7.8381871390e+01 8.8578670466e-02
1.52800e+03 7.8362699738e+01 8.0142402556e-02
1.52900e+03 7.8344830771e+01 1.2601772084e-03
1.53000e+03 7.8333918563e+01 7.5040585438e-02
1.53100e+03 7.8320963129e+01 7.2018070856e-02
1.53200e+03 7.8310743701e+01 6.4605472876e-03
1.53300e+03 7.8302093950e+01 1.0759770339e-02
1.53400e+03 7.8292228508e+01 1.0565126344e-02
1.53500e+03 7.8284286684e+01 3.9596120910e-04
1.53600e+03 7.8284776451e+01 1.1401975427e-02
1.53700e+03 7.8284849556e+01 3.1540553045e-03
1.53800e+03 7.8278559530e+01 6.5733692711e-02
1.53900e+03 7.8272459001e+01 5.2202494992e-02
1.54000e+03 7.8270889191e+01 1.0913245907e-03
1.54100e+03 7.8269212128e+01 5.4703724246e-02
1.54200e+03 7.8266850377e+01 5.5440962360e-02
1.54300e+03 7.8264507124e+01 6.3064980987e-03
1.54400e+03 7.8264638243e+01 1.1094568125e-03
1.54500e+03 7.8267063795e+01 3.0980878141e-03
1.54600e+03 7.8271024924e+01 1.2504277151e-03
1.54700e+03 7.8270548164e+01 4.5764116934e-02
1.54800e+03 7.8269127096e+01 4.5295885424e-02
1.54900e+03 7.8267337619e+01 1.3127170728e-03
1.55000e+03 7.8266590697e+01 4.2025613056e-02
1.55100e+03 7.8267164674e+01 1.1712539388e-02
1.55200e+03 7.8264987142e+01 1.1516607387e-02
1.55300e+03 7.8263109456e+01 2.4516633061e-03
1.55400e+03 7.8259780307e+01 1.8932435426e-03
1.55500e+03 7.8257113093e+01 7.8952757788e-04
1.55600e+03 7.8249187451e+01 5.5630470806e-02
1.55700e+03 7.8242436942e+01 6.5243621605e-02
1.55800e+03 7.8235561908e+01 2.2354494101e-03
1.55900e+03 7.8229415643e+01 6.0424419170e-04
1.56000e+03 7.8226215623e+01 1.2912883732e-04
1.56100e+03 7.8222913412e+01 5.5324380353e-02
1.56200e+03 7.8219219852e+01 4.9353969879e-04
1.56300e+03 7.8215700404e+01 7.1028363307e-04
1.56400e+03 7.8208880026e+01 5.4656051088e-05
1.56500e+03 7.8204403081e+01 4.4671054617e-02
1.56600e+03 7.8196048581e+01 2.0050031620e-02
1.56700e+03 7.8187982462e+01 5.6974497352e-02
1.56800e+03 7.8180847135e+01 5.3626700758e-02
1.56900e+03 7.8172287500e+01 2.4112671755e-02
1.57000e+03 7.8163441607e+01 1.8372863578e-02
1.57100e+03 7.8153601266e+01 1.2807060179e-03
1.57200e+03 7.8145150551e+01 5.7013737463e-02
1.57300e+03 7.8137592263e+01 6.7210831729e-02
1.57400e+03 7.8130785130e+01 8.6152698120e-05
1.57500e+03 7.8124327801e+01 1.1870259183e-03
1.57600e+03 7.8118391090e+01 8.7042189954e-04
1.57700e+03 7.8112625842e+01 1.5616329115e-03
1.57800e+03 7.8104028095e+01 2.4814617610e-04
1.57900e+03 7.8093801665e+01 5.6387194142e-02
1.58000e+03 7.8083921141e+01 1.2827768283e-03
1.58100e+03 7.8072992568e+01 7.0214352611e-04
1.58200e+03 7.8062492360e+01 6.1968387001e-04
1.58300e+03 7.8053553309e+01 3.1568319240e-03
1.58400e+03 7.8046258472e+01 6.4916815147e-02
1.58500e+03 7.8038857284e+01 1.5378623485e-03
1.58600e+03 7.8032395884e+01 2.3697616061e-03
1.58700e+03 7.8025733285e+01 7.3858990275e-04
1.58800e+03 7.8024410004e+01 5.6104673895e-02
1.58900e+03 7.8019590095e+01 9.4533929220e-04
1.59000e+03 7.8017286994e+01 7.3176076960e-03
1.59100e+03 7.8019854519e+01 4.6818445683e-02
1.59200e+03 7.8024272856e+01 3.5154038686e-02
1.59300e+03 7.8028222179e+01 1.3817979417e-03
1.59400e+03 7.8033113830e+01 1.8537296321e-03
1.59500e+03 7.8031775821e+01 1.0083673438e-02
1.59600e+03 7.8029958367e+01 4.1192569078e-03
1.59700e+03 7.8029908687e+01 8.8853658891e-03
1.59800e+03 7.8029187258e+01 4.3809539110e-02
1.59900e+03 7.8027506743e+01 3.2795218935e-03
1.60000e+03 7.8025690065e+01 1.0952486798e-03
1.60100e+03 7.8028069453e+01 1.5699348838e-03
1.60200e+03 7.8032123438e+01 2.4060304632e-03
1.60300e+03 7.8030530332e+01 8.7409235469e-05
1.60400e+03 7.8029835994e+01 1.1231153414e-03
1.60500e+03 7.8030650081e+01 1.9857596768e-03
1.60600e+03 7.8032099391e+01 2.1436485598e-03
1.60700e+03 7.8034226180e+01 3.4542072663e-03
1.60800e+03 7.8033927091e+01 5.0776584811e-05
1.60900e+03 7.8035824901e+01 4.8157787117e-04
1.61000e+03 7.8046859102e+01 1.2357482358e-02
1.61100e+03 7.8054818377e+01 5.8324853854e-03
1.61200e+03 7.8062289737e+01 7.2893529500e-03
1.61300e+03 7.8074996450e+01 2.3154027662e-02
1.61400e+03 7.8089599794e+01 3.3199136189e-02
1.61500e+03 7.8103286536e+01 9.8002873213e-04
1.61600e+03 7.8123746055e+01 9.4253183802e-03
1.61700e+03 7.8143228163e+01 1.1285995117e-02
1.61800e+03 7.8157629178e+01 7.7671997634e-04
1.61900e+03 7.8169107859e+01 1.6335284226e-02
1.62000e+03 7.8177940322e+01 2.5471024922e-02
1.62100e+03 7.8185592823e+01 3.8261798534e-03
1.62200e+03 7.8192635129e+01 1.7901566095e-03
1.62300e+03 7.8199075636e+01 1.2119941797e-03
1.62400e+03 7.8205291147e+01 8.2679445630e-04
1.62500e+03 7.8216977834e+01 7.4158381167e-03
1.62600e+03 7.8230294499e+01 6.3240724288e-03
1.62700e+03 7.8242699212e+01 7.1802543557e-04
1.62800e+03 7.8261842815e+01 1.2590624869e-02
1.62900e+03 7.8280101427e+01 1.3801529796e-02
1.63000e+03 7.8293261026e+01 5.6024085072e-04
1.63100e+03 7.8306238072e+01 1.2005700515e-02
1.63200e+03 7.8319493809e+01 1.1897557291e-02
1.63300e+03 7.8332630607e+01 1.5975282615e-04
1.63400e+03 7.8350043457e+01 1.5518481910e-02
1.63500e+03 7.8366751918e+01 1.7053115135e-02
1.63600e+03 7.8383095689e+01 1.7764869087e-02
1.63700e+03 7.8398490235e+01 7.4352710487e-03
1.63800e+03 7.8416962872e+01 8.5487545033e-03
1.63900e+03 7.8438929573e+01 1.6097026304e-02
1.64000e+03 7.8462447490e+01 2.6745741756e-03
1.64100e+03 7.8485433973e+01 1.6521168501e-03
1.64200e+03 7.8509356299e+01 4.0440987431e-04
1.64300e+03 7.8532690472e+01 7.5169464720e-04
1.64400e+03 7.8560670855e+01 1.9064447667e-02
1.64500e+03 7.8587324181e+01 1.1243144734e-02
1.64600e+03 7.8610933341e+01 3.1316598425e-04
1.64700e+03 7.8634512886e+01 1.3235509775e-02
1.64800e+03 7.8661169551e+01 2.1400765057e-03
1.64900e+03 7.8684091682e+01 7.5275841959e-03
1.65000e+03 7.8711154374e+01 4.8318778203e-03
1.65100e+03 7.8736916729e+01 1.9321848428e-02
1.65200e+03 7.8762025428e+01 3.1509456748e-03
1.65300e+03 7.8787919294e+01 1.7605927168e-04
1.65400e+03 7.8814198685e+01 9.9480878835e-04
1.65500e+03 7.8843675734e+01 4.9616593307e-03
1.65600e+03 7.8865466832e+01 1.7484463671e-02
1.65700e+03 7.8886272489e+01 7.1106787223e-03
1.65800e+03 7.8904904586e+01 5.5698076150e-03
1.65900e+03 7.8921757037e+01 3.9532066812e-03
1.66000e+03 7.8937931510e+01 5.3184119264e-03
1.66100e+03 7.8958527750e+01 1.1806841819e-03
1.66200e+03 7.8987287666e+01 7.0599479392e-03
1.66300e+03 7.9011568124e+01 6.1959337926e-04
1.66400e+03 7.9036215131e+01 9.6520377659e-03
1.66500e+03 7.9059788157e+01 6.7205750964e-03
1.66600e+03 7.9084916841e+01 7.4389711337e-05
1.66700e+03 7.9111227455e+01 1.9558406112e-03
1.66800e+03 7.9137562789e+01 1.4652432069e-03
1.66900e+03 7.9167399178e+01 7.4122287314e-03
1.67000e+03 7.9188096330e+01 5.4329129016e-03
1.67100e+03 7.9208611921e+01 4.9461868324e-03
1.67200e+03 7.9229918651e+01 1.1049331914e-03
1.67300e+03 7.9251016457e+01 5.8221554987e-04
1.67400e+03 7.9277678242e+01 5.3066851494e-03
1.67500e+03 7.9301385372e+01 1.1397058008e-03
1.67600e+03 7.9327248959e+01 6.7394539289e-03
1.67700e+03 7.9351684049e+01 2.2515266561e-03
1.67800e+03 7.9377071527e+01 6.1983679475e-03
1.67900e+03 7.9403346169e+01 8.7596804646e-03
1.68000e+03 7.9429775362e+01 1.5078461233e-03
1.68100e+03 7.9459120664e+01 4.8102910592e-03
1.68200e+03 7.9485836563e+01 4.8595952288e-03
1.68300e+03 7.9512167074e+01 1.8399437610e-03
1.68400e+03 7.9537224384e+01 1.7951515861e-04
1.68500e+03 7.9564426932e+01 2.4342446518e-03
1.68600e+03 7.9592425436e+01 7.7467643167e-03
1.68700e+03 7.9619785922e+01 7.8969558007e-03
1.68800e+03 7.9647587012e+01 3.9460027834e-03
1.68900e+03 7.9675282226e+01 4.2767849496e-03
1.69000e+03 7.9702241210e+01 2.2676829966e-03
1.69100e+03 7.9733128057e+01 2.0124489758e-02
1.69200e+03 7.9765486360e+01 3.1737572222e-02
1.69300e+03 7.9796663676e+01 1.2310366756e-02
1.69400e+03 7.9834632609e+01 2.1327547080e-02
1.69500e+03 7.9871294128e+01 3.1816563016e-02
1.69600e+03 7.9903211044e+01 1.1856670089e-02
1.69700e+03 7.9933164331e+01 2.4897779195e-02
1.69800e+03 7.9959837498e+01 3.0944317684e-02
1.69900e+03 7.9984691825e+01 6.6469345317e-03
1.70000e+03 8.0008653492e+01 2.4284645400e-03
1.70100e+03 8.0031716118e+01 4.2177373212e-03
1.70200e+03 8.0054361619e+01 1.5992009372e-03
1.70300e+03 8.0083808887e+01 1.0114764702e-02
1.70400e+03 8.0114868059e+01 9.2469050340e-03
1.70500e+03 8.0144499434e+01 9.4217659620e-03
1.70600e+03 8.0181488923e+01 2.2389377578e-02
1.70700e+03 8.0217190480e+01 2.1407027603e-02
1.70800e+03 8.0252006098e+01 1.9211749243e-02
1.70900e+03 8.0285689765e+01 1.3710709978e-02
1.71000e+03 8.0320092691e+01 5.5628785884e-02
1.71100e+03 8.0354420109e+01 4.8494651631e-02
1.71200e+03 8.0388886744e+01 3.1338127556e-02
1.71300e+03 8.0429031828e+01 4.0277085412e-02
1.71400e+03 8.0470721505e+01 6.0279657260e-02
1.71500e+03 8.0505043711e+01 5.7512879023e-02
1.71600e+03 8.0537376164e+01 3.8102627408e-02
1.71700e+03 8.0576893955e+01 2.9828707411e-02
1.71800e+03 8.0625055735e+01 3.0734876219e-02
1.71900e+03 8.0671095732e+01 6.0235118547e-02
1.72000e+03 8.0716030800e+01 3.9559457882e-02
1.72100e+03 8.0758905121e+01 3.0067316473e-02
1.72200e+03 8.0801978757e+01 6.8845593178e-02
1.72300e+03 8.0848087339e+01 3.9588482975e-02
1.72400e+03 8.0887950077e+01 2.7971940391e-02
1.72500e+03 8.0927550906e+01 3.9851076460e-02
1.72600e+03 8.0971992760e+01 3.9055680648e-02
1.72700e+03 8.1015629736e+01 3.6545019341e-02
1.72800e+03 8.1058624772e+01 3.5061656643e-02
1.72900e+03 8.1102267538e+01 4.8024777875e-02
1.73000e+03 8.1146586783e+01 7.7302978944e-02
1.73100e+03 8.1191659918e+01 3.6462753495e-02
1.73200e+03 8.1231204326e+01 3.9492895188e-02
1.73300e+03 8.1271552423e+01 1.5202831395e-01
1.73400e+03 8.1308533231e+01 2.9087853750e-02
1.73500e+03 8.1344375958e+01 9.8484402650e-02
1.73600e+03 8.1380371662e+01 2.0144986319e-02
1.73700e+03 8.1416543047e+01 8.9017493055e-03
1.73800e+03 8.1444757247e+01 6.4707051139e-02
1.73900e+03 8.1474264893e+01 3.8343156690e-02
1.74000e+03 8.1501485851e+01 1.7884068211e-01
1.74100e+03 8.1529375632e+01 8.0560628994e-02
1.74200e+03 8.1564194556e+01 4.9380269850e-02
1.74300e+03 8.1596537175e+01 2.1620957439e-02
1.74400e+03 8.1630108931e+01 1.9175389014e-02
1.74500e+03 8.1664020768e+01 1.5729208235e-02
1.74600e+03 8.1698410150e+01 1.6531105006e-02
1.74700e+03 8.1733035591e+01 1.7228177395e-02
1.74800e+03 8.1767028588e+01 6.7720394440e-03
1.74900e+03 8.1799300907e+01 3.8435459972e-02
1.75000e+03 8.1830700843e+01 3.5803963752e-02
1.75100e+03 8.1861232222e+01 1.0117924353e-02
1.75200e+03 8.1894945087e+01 1.6534432151e-02
1.75300e+03 8.1929628044e+01 1.6575413891e-02
1.75400e+03 8.1963924219e+01 1.7142148300e-02
1.75500e+03 8.2001950868e+01 5.1186152503e-02
1.75600e+03 8.2030038383e+01 8.6682960270e-02
1.75700e+03 8.2056175541e+01 1.7389819457e-02
1.75800e+03 8.2080354640e+01 2.0259397401e-02
1.75900e+03 8.2102635487e+01 3.8563106195e-03
1.76000e+03 8.2124547353e+01 6.1196867657e-03
1.76100e+03 8.2145381649e+01 1.4465513366e-03
1.76200e+03 8.2170326551e+01 9.3512737667e-03
1.76300e+03 8.2196156254e+01 6.1328361778e-04
1.76400e+03 8.2218270650e+01 1.2425737924e-03
1.76500e+03 8.2238787643e+01 9.2171037377e-03
1.76600e+03 8.2259198681e+01 1.0911245514e-02
1.76700e+03 8.2278823385e+01 1.3344113993e-03
1.76800e+03 8.2303379646e+01 2.2403032012e-04
1.76900e+03 8.2331391334e+01 4.5478883913e-02
1.77000e+03 8.2347912528e+01 1.0032415134e-02
1.77100e+03 8.2362897023e+01 4.4164020866e-03
1.77200e+03 8.2379988070e+01 7.4652144708e-03
1.77300e+03 8.2396008988e+01 2.2013153207e-02
1.77400e+03 8.2408979597e+01 4.9846957659e-02
1.77500e+03 8.2422544172e+01 1.8693072509e-03
1.77600e+03 8.2434526915e+01 9.8786618159e-04
1.77700e+03 8.2447434415e+01 1.6439539619e-03
1.77800e+03 8.2459057376e+01 3.5978107453e-04
1.77900e+03 8.2471658624e+01 6.6567399075e-04
1.78000e+03 8.2479035085e+01 1.3556718244e-02
1.78100e+03 8.2490604842e+01 1.0872487118e-02
1.78200e+03 8.2500320535e+01 7.3753541102e-03
1.78300e+03 8.2509568471e+01 2.8723432293e-02
1.78400e+03 8.2517730359e+01 2.8855827125e-02
1.78500e+03 8.2523720433e+01 1.2947661886e-02
1.78600e+03 8.2532021298e+01 2.8995689399e-02
1.78700e+03 8.2540773615e+01 2.9322590771e-02
1.78800e+03 8.2549909638e+01 8.3515840749e-04
1.78900e+03 8.2556341263e+01 6.1696221258e-03
1.79000e+03 8.2559629269e+01 4.2079269439e-02
1.79100e+03 8.2563780856e+01 1.8802549661e-02
1.79200e+03 8.2560874154e+01 3.4079491172e-02
1.79300e+03 8.2561497837e+01 3.0049653518e-02
1.79400e+03 8.2562056985e+01 3.3524073720e-02
1.79500e+03 8.2562663861e+01 8.1454409927e-03
1.79600e+03 8.2561837725e+01 5.1942342511e-02
1.79700e+03 8.2559095091e+01 6.8836393825e-03
1.79800e+03 8.2564202343e+01 1.6964500712e-02
1.79900e+03 8.2569375574e+01 3.3023767902e-02
1.80000e+03 8.2568128624e+01 2.8359852444e-02
1.80100e+03 8.2567736727e+01 3.7955237428e-02
1.80200e+03 8.2566081257e+01 1.9625402685e-02
1.80300e+03 8.2564477716e+01 1.5808443549e-02
1.80400e+03 8.2563781493e+01 3.4037976218e-02
1.80500e+03 8.2560663414e+01 2.7261825247e-03
1.80600e+03 8.2558182954e+01 1.6636820855e-02
1.80700e+03 8.2555155760e+01 1.6617228247e-02
1.80800e+03 8.2543288332e+01 1.1171205523e-02
1.80900e+03 8.2532525455e+01 9.1593356494e-03
1.81000e+03 8.2526641815e+01 2.4588103869e-02
1.81100e+03 8.2521449550e+01 5.9358983646e-02
1.81200e+03 8.2519556059e+01 3.5407173199e-02
1.81300e+03 8.2518558046e+01 1.3742082915e-02
1.81400e+03 8.2517218717e+01 2.1528528068e-02
1.81500e+03 8.2514541970e+01 5.1550618530e-02
1.81600e+03 8.2513968153e+01 1.3196734786e-03
1.81700e+03 8.2514259145e+01 1.4828072205e-02
1.81800e+03 8.2512554886e+01 3.4630722250e-03
1.81900e+03 8.2511765958e+01 1.4589566599e-02
1.82000e+03 8.2519691702e+01 2.2184759307e-02
1.82100e+03 8.2525700293e+01 5.7175990641e-03
1.82200e+03 8.2533379448e+01 8.2529716339e-03
1.82300e+03 8.2542328358e+01 3.4749986279e-02
1.82400e+03 8.2548942629e+01 3.6026709130e-02
1.82500e+03 8.2557266748e+01 1.0560246994e-02
1.82600e+03 8.2565643977e+01 4.4934887582e-03
1.82700e+03 8.2575715727e+01 2.9654468838e-02
1.82800e+03 8.2593858536e+01 1.1528538838e-02
1.82900e+03 8.2611370497e+01 9.7895207233e-03
1.83000e+03 8.2623049267e+01 2.9803770057e-02
1.83100e+03 8.2633373613e+01 2.2564166065e-02
1.83200e+03 8.2642239920e+01 3.4398345616e-02
1.83300e+03 8.2651518933e+01 2.0628351727e-02
1.83400e+03 8.2661348821e+01 7.9458893574e-03
1.83500e+03 8.2670001137e+01 1.4980744750e-02
1.83600e+03 8.2675928742e+01 3.3693189973e-02
1.83700e+03 8.2684945223e+01 2.6253230889e-04
1.83800e+03 8.2694379284e+01 1.0227514791e-02
1.83900e+03 8.2704398441e+01 2.9826558933e-02
1.84000e+03 8.2715858699e+01 1.8121954402e-02
1.84100e+03 8.2723791445e+01 3.4192132705e-02
1.84200e+03 8.2732187481e+01 1.3394375062e-02
1.84300e+03 8.2741156980e+01 5.2318505785e-03
1.84400e+03 8.2741292998e+01 4.5482179404e-02
1.84500e+03 8.2742030233e+01 1.9288554027e-02
1.84600e+03 8.2743205999e+01 1.0397484974e-03
1.84700e+03 8.2744784291e+01 8.4105761651e-04
1.84800e+03 8.2750888298e+01 8.5867662914e-05
1.84900e+03 8.2755218486e+01 1.4903579936e-02
1.85000e+03 8.2762901000e+01 3.5909488082e-02
1.85100e+03 8.2769742881e+01 2.4973204094e-02
1.85200e+03 8.2777520720e+01 8.8500565546e-03
1.85300e+03 8.2786628630e+01 2.8057834223e-02
1.85400e+03 8.2793174168e+01 1.4447145543e-02
1.85500e+03 8.2801365815e+01 2.8862085705e-02
1.85600e+03 8.2810990225e+01 2.6183205583e-02
1.85700e+03 8.2819327234e+01 1.5203600081e-02
1.85800e+03 8.2825373423e+01 2.9332572245e-02
1.85900e+03 8.2831929357e+01 3.5501193273e-03
1.86000e+03 8.2832774560e+01 2.5278794635e-02
1.86100e+03 8.2836610481e+01 1.4997199424e-02
1.86200e+03 8.2838726773e+01 1.4968382744e-02
1.86300e+03 8.2840715214e+01 9.3532392191e-03
1.86400e+03 8.2842169242e+01 3.8636793470e-02
1.86500e+03 8.2841744614e+01 4.2220952997e-02
1.86600e+03 8.2841177156e+01 2.0214855183e-03
1.86700e+03 8.2839406144e+01 1.3463837136e-03
1.86800e+03 8.2840291312e+01 1.0575009370e-02
1.86900e+03 8.2839650908e+01 3.2449854043e-02
1.87000e+03 8.2828684466e+01 1.9271721638e-02
1.87100e+03 8.2818889279e+01 5.5195198825e-02
1.87200e+03 8.2814914936e+01 1.9364418217e-02
1.87300e+03 8.2811594594e+01 2.1932387775e-02
1.87400e+03 8.2807250290e+01 3.6996114479e-04
1.87500e+03 8.2803580930e+01 3.4901826387e-04
1.87600e+03 8.2794803848e+01 4.8856535030e-02
1.87700e+03 8.2788979256e+01 6.7107967459e-03
1.87800e+03 8.2781479084e+01 6.2072718357e-02
1.87900e+03 8.2772408028e+01 1.1153681488e-02
1.88000e+03 8.2763037548e+01 1.8703082110e-03
1.88100e+03 8.2752659811e+01 1.3066806409e-03
1.88200e+03 8.2743962705e+01 9.5822742245e-03
1.88300e+03 8.2736210404e+01 6.7838271913e-02
1.88400e+03 8.2726770930e+01 6.8993961708e-05
1.88500e+03 8.2715925379e+01 1.0040505435e-02
1.88600e+03 8.2705394967e+01 1.0909384451e-03
1.88700e+03 8.2693910897e+01 6.3851962993e-04
1.88800e+03 8.2685689490e+01 5.6131644398e-02
1.88900e+03 8.2678638353e+01 4.6856783287e-02
1.89000e+03 8.2668709554e+01 6.0161327120e-04
1.89100e+03 8.2658585504e+01 2.0043507473e-02
1.89200e+03 8.2650197381e+01 2.3728613443e-02
1.89300e+03 8.2641991494e+01 1.9181623020e-03
1.89400e+03 8.2640382331e+01 5.3872202932e-02
1.89500e+03 8.2638787502e+01 5.4486673542e-02
1.89600e+03 8.2636233100e+01 5.5377425970e-02
1.89700e+03 8.2634176870e+01 5.5959190183e-03
1.89800e+03 8.2634227746e+01 4.4110410303e-02
1.89900e+03 8.2635068164e+01 2.8966468328e-03
1.90000e+03 8.2634826943e+01 8.4196408647e-03
1.90100e+03 8.2636371683e+01 6.0019062101e-02
1.90200e+03 8.2646280213e+01 1.7406176768e-02
1.90300e+03 8.2655632860e+01 5.0038827599e-03
1.90400e+03 8.2658897211e+01 5.9497129996e-03
1.90500e+03 8.2660860649e+01 4.1920649651e-02
1.90600e+03 8.2661623827e+01 3.6060523022e-03
1.90700e+03 8.2661609689e+01 3.4230216493e-03
1.90800e+03 8.2653084510e+01 5.3668258713e-02
1.90900e+03 8.2646625684e+01 8.4222628927e-03
1.91000e+03 8.2639871309e+01 7.5175535561e-03
1.91100e+03 8.2629397846e+01 3.8385007312e-02
1.91200e+03 8.2615939391e+01 2.3366986265e-02
1.91300e+03 8.2607731165e+01 1.7459864758e-02
1.91400e+03 8.2600489781e+01 6.4911737757e-02
1.91500e+03 8.2591750638e+01 5.5609421441e-02
1.91600e+03 8.2584316816e+01 7.3224845672e-03
1.91700e+03 8.2575277604e+01 5.1261631528e-02
1.91800e+03 8.2566041221e+01 5.3205369381e-02
1.91900e+03 8.2558459903e+01 1.1578243270e-03
1.92000e+03 8.2557734410e+01 4.7094422583e-03
1.92100e+03 8.2554650363e+01 4.3557066303e-02
1.92200e+03 8.2553205755e+01 7.7917752764e-03
1.92300e+03 8.2555850912e+01 5.5217423967e-03
1.92400e+03 8.2566164682e+01 2.3226675620e-02
1.92500e+03 8.2572178354e+01 9.0977181242e-03
1.92600e+03 8.2579211790e+01 8.7600212411e-03
1.92700e+03 8.2585774842e+01 1.5602263085e-02
1.92800e+03 8.2591985864e+01 1.4482269067e-02
1.92900e+03 8.2604953976e+01 5.3672381299e-03
1.93000e+03 8.2626604012e+01 1.1336265936e-02
1.93100e+03 8.2642307720e+01 9.6900361021e-03
1.93200e+03 8.2659031946e+01 1.8708346081e-02
1.93300e+03 8.2677110217e+01 1.6315074048e-02
1.93400e+03 8.2695542704e+01 7.8131352686e-03
1.93500e+03 8.2714876906e+01 6.5493916875e-03
1.93600e+03 8.2734281011e+01 9.7161763115e-04
1.93700e+03 8.2754381897e+01 1.7373311998e-03
1.93800e+03 8.2774428659e+01 6.4265704003e-04
1.93900e+03 8.2795041858e+01 1.1543264230e-03
1.94000e+03 8.2815519638e+01 4.3101885178e-04
1.94100e+03 8.2836487521e+01 7.8527124601e-04
1.94200e+03 8.2854533663e+01 1.1835120955e-02
1.94300e+03 8.2870869099e+01 1.4679327370e-02
1.94400e+03 8.2886783075e+01 1.2074980075e-02
1.94500e+03 8.2901895223e+01 1.2232884575e-03
1.94600e+03 8.2916951981e+01 8.5721757581e-04
1.94700e+03 8.2931426059e+01 6.3806930051e-04
1.94800e+03 8.2945952631e+01 5.3018633000e-04
1.94900e+03 8.2968090331e+01 9.1695878472e-03
1.95000e+03 8.2992289848e+01 4.7727642886e-03
1.95100e+03 8.3014797780e+01 4.3977602312e-03
1.95200e+03 8.3045703667e+01 9.2558510155e-03
1.95300e+03 8.3075418423e+01 9.5079422221e-03
1.95400e+03 8.3098943648e+01 5.0676540059e-03
1.95500e+03 8.3119137031e+01 5.7193045341e-03
1.95600e+03 8.3136522967e+01 7.6264199744e-03
1.95700e+03 8.3157942359e+01 6.0032453738e-03
1.95800e+03 8.3180771678e+01 5.3013357771e-03
1.95900e+03 8.3197641554e+01 3.3235073371e-03
1.96000e+03 8.3213260910e+01 4.2306628680e-03
1.96100e+03 8.3234487782e+01 1.9252043148e-04
1.96200e+03 8.3264321447e+01 8.4262122013e-03
1.96300e+03 8.3288850699e+01 3.5613701778e-03
1.96400e+03 8.3314331891e+01 1.4501844820e-02
1.96500e+03 8.3344257794e+01 8.6289332425e-03
1.96600e+03 8.3372136981e+01 6.6658270132e-03
1.96700e+03 8.3399559422e+01 4.1556989108e-03
1.96800e+03 8.3425882021e+01 2.5949545761e-03
1.96900e+03 8.3452266280e+01 1.5541770460e-03
1.97000e+03 8.3474348373e+01 9.3955362794e-04
1.97100e+03 8.3498182120e+01 2.1451214140e-02
1.97200e+03 8.3518662633e+01 9.3237924366e-03
1.97300e+03 8.3537111846e+01 7.9350449770e-03
1.97400e+03 8.3552726308e+01 1.7082624485e-02
1.97500e+03 8.3571576418e+01 1.8122668868e-02
1.97600e+03 8.3591607292e+01 8.3767482586e-03
1.97700e+03 8.3609451517e+01 1.7670530349e-02
1.97800e+03 8.3624907388e+01 4.0389837470e-03
1.97900e+03 8.3643824182e+01 8.3016876896e-03
1.98000e+03 8.3663965086e+01 1.2063749539e-02
1.98100e+03 8.3681918272e+01 3.9259834038e-03
1.98200e+03 8.3697503760e+01 8.1637695889e-03
1.98300e+03 8.3713581650e+01 6.2410664658e-03
1.98400e+03 8.3724442288e+01 4.5515925057e-03
1.98500e+03 8.3739082808e+01 2.0298815749e-02
1.98600e+03 8.3751267936e+01 3.6265566409e-03
1.98700e+03 8.3761097456e+01 4.8109991644e-03
1.98800e+03 8.3770199016e+01 3.0835683341e-03
1.98900e+03 8.3780673083e+01 2.2339590269e-02
1.99000e+03 8.3792045513e+01 2.4572913410e-02
1.99100e+03 8.3800175697e+01 1.6993357560e-03
1.99200e+03 8.3808821899e+01 1.1494701909e-02
1.99300e+03 8.3818355541e+01 3.2918044979e-02
1.99400e+03 8.3826681353e+01 2.0888226202e-02
1.99500e+03 8.3837089854e+01 6.5566100403e-05
1.99600e+03 8.3848941133e+01 1.2187869908e-03
1.99700e+03 8.3860353199e+01 1.0035657427e-03
1.99800e+03 8.3872693902e+01 4.8942393487e-04
1.99900e+03 8.3884621096e+01 5.1512673538e-04
2.00000e+03 8.3901872333e+01 1.3970213408e-02
