0.00000e+00 0.0000000000e+00 0.0000000000e+00
1.00000e+00 1.5883509346e+01 1.5883509346e+01
2.00000e+00 3.1872382937e+01 3.1856499427e+01
3.00000e+00 4.6719426674e+01 1.4847043737e+01
4.00000e+00 6.4480895366e+01 1.7761468692e+01
5.00000e+00 8.2248121331e+01 3.5510933188e+01
6.00000e+00 9.9776826779e+01 3.5242659011e+01
7.00000e+00 1.1870903658e+02 5.0756852726e+01
8.00000e+00 1.3754992838e+02 6.9546987680e+01
9.00000e+00 1.5511687799e+02 3.5007139995e+01
1.00000e+01 1.7250405264e+02 3.4830602057e+01
1.10000e+01 1.9004011623e+02 3.4764885437e+01
1.20000e+01 2.0461032187e+02 3.0437831474e+01
1.30000e+01 2.1923486399e+02 8.7524393417e+01
1.40000e+01 2.3396287544e+02 8.6559245686e+01
1.50000e+01 2.4867050255e+02 2.9216270038e+01
1.60000e+01 2.6345074533e+02 2.9239285107e+01
1.70000e+01 2.7819338595e+02 2.9245059330e+01
1.80000e+01 2.9586758866e+02 3.5017148616e+01
1.90000e+01 3.1483310380e+02 3.7686103106e+01
2.00000e+01 3.3367483642e+02 5.4472420604e+01
2.10000e+01 3.5249673781e+02 5.4274334436e+01
2.20000e+01 3.7125079025e+02 3.7309217129e+01
2.30000e+01 3.9000630028e+02 3.7205516554e+01
2.40000e+01 4.0813956927e+02 1.4694870332e+02
2.50000e+01 4.2594386892e+02 1.8054718784e+02
2.60000e+01 4.4448975657e+02 3.6960146257e+01
2.70000e+01 4.6315531795e+02 3.6833237459e+01
2.80000e+01 4.8180019130e+02 3.6895389908e+01
2.90000e+01 4.9920311282e+02 5.8210088802e+01
3.00000e+01 5.1367375695e+02 6.4468548358e+01
3.10000e+01 5.2915898486e+02 5.4003508140e+01
3.20000e+01 5.4484266520e+02 8.7062248715e+01
3.30000e+01 5.5945162221e+02 6.4270396204e+01
3.40000e+01 5.7413799651e+02 5.4165234800e+01
3.50000e+01 5.8975856291e+02 3.0787945076e+01
3.60000e+01 6.0593088921e+02 2.4725470433e+00
3.70000e+01 6.2095687372e+02 1.1613821236e+02
3.80000e+01 6.3586931192e+02 1.7141218836e+02
3.90000e+01 6.5223164499e+02 6.5207872791e+01
4.00000e+01 6.6820448904e+02 3.1046320847e+01
4.10000e+01 6.8293689482e+02 8.3599045719e+01
4.20000e+01 7.0055753178e+02 5.0385233820e+00
4.30000e+01 7.1819594479e+02 3.7010440754e+01
4.40000e+01 7.3280634740e+02 5.8133763420e+01
4.50000e+01 7.4840321061e+02 3.0991571334e+01
4.60000e+01 7.6417715119e+02 3.0761676294e+01
4.70000e+01 7.7885764378e+02 2.8659189080e+01
4.80000e+01 7.9646056669e+02 3.4625391639e+01
4.90000e+01 8.1536981430e+02 6.4293103689e+01
5.00000e+01 8.3416440373e+02 1.3199373863e+02
5.10000e+01 8.5167743004e+02 3.4465379541e+01
5.20000e+01 8.6622272323e+02 2.8565420477e+01
5.30000e+01 8.8176632847e+02 6.7670531316e+01
5.40000e+01 8.9749751032e+02 6.7560102053e+01
5.50000e+01 9.1309817019e+02 3.0556721913e+01
5.60000e+01 9.2885838678e+02 3.0555199929e+01
5.70000e+01 9.4447910386e+02 3.0544701942e+01
5.80000e+01 9.6064227290e+02 2.2137888833e+00
5.90000e+01 9.7693303311e+02 9.5398699277e+01
6.00000e+01 9.9288488074e+02 3.0705788289e+01
6.10000e+01 1.0075973090e+03 2.8568790736e+01
6.20000e+01 1.0252003696e+03 1.2488914313e+02
6.30000e+01 1.0428258550e+03 1.2487671310e+02
6.40000e+01 1.0602294279e+03 3.4094257444e+01
6.50000e+01 1.0777630451e+03 3.3968294920e+01
6.60000e+01 1.0951145322e+03 3.3882240765e+01
6.70000e+01 1.1138957248e+03 3.3165514944e+01
6.80000e+01 1.1320231414e+03 2.1755689115e+00
6.90000e+01 1.1488733369e+03 1.7718683676e+02
7.00000e+01 1.1657620200e+03 2.0789326175e+02
7.10000e+01 1.1835396393e+03 3.5005378014e+01
7.20000e+01 1.2020891972e+03 1.6107255194e+02
7.30000e+01 1.2194870238e+03 6.6348866964e+01
7.40000e+01 1.2339520472e+03 2.4236596979e+00
7.50000e+01 1.2484836803e+03 2.7896500528e+01
7.60000e+01 1.2659766103e+03 6.6423961049e+01
7.70000e+01 1.2847963622e+03 7.1462219222e+01
7.80000e+01 1.3035170655e+03 6.6453663383e+01
7.90000e+01 1.3222341336e+03 6.6284525962e+01
8.00000e+01 1.3403289474e+03 1.2986521802e+02
8.10000e+01 1.3580950072e+03 1.3562591691e+02
8.20000e+01 1.3759882352e+03 4.0361257053e+01
8.30000e+01 1.3937066670e+03 3.4371144229e+01
8.40000e+01 1.4115799392e+03 3.4316817304e+01
8.50000e+01 1.4292861202e+03 3.4270249620e+01
8.60000e+01 1.4477595551e+03 3.5983489744e+01
8.70000e+01 1.4663625106e+03 6.8587160139e+01
8.80000e+01 1.4843897734e+03 3.4389969884e+01
8.90000e+01 1.5011526556e+03 3.8373723286e+01
9.00000e+01 1.5210332998e+03 1.0713704520e+02
9.10000e+01 1.5409422217e+03 1.4326224152e+02
9.20000e+01 1.5606101240e+03 3.8156906376e+01
9.30000e+01 1.5816996552e+03 3.6842155522e+01
9.40000e+01 1.6026901963e+03 1.0940532741e+02
9.50000e+01 1.6224246110e+03 3.7944242269e+01
9.60000e+01 1.6419706299e+03 3.7784414602e+01
9.70000e+01 1.6616802917e+03 3.7721877338e+01
9.80000e+01 1.6812120788e+03 3.7669923673e+01
9.90000e+01 1.7009113779e+03 3.7621890973e+01
1.00000e+02 1.7174358924e+03 1.3906369048e+02
1.01000e+02 1.7340026388e+03 2.2033140570e+02
1.02000e+02 1.7506913893e+03 1.4947506453e+02
1.03000e+02 1.7673499084e+03 3.1671973235e+01
1.04000e+02 1.7840986390e+03 3.1700281398e+01
1.05000e+02 1.8007998752e+03 3.1711298210e+01
1.06000e+02 1.8175806847e+03 3.1711665818e+01
1.07000e+02 1.8352631881e+03 7.6518478038e+01
1.08000e+02 1.8537172779e+03 1.1063827118e+02
1.09000e+02 1.8710259860e+03 9.2538144922e+01
1.10000e+02 1.8854146509e+03 2.3921446469e+00
1.11000e+02 1.9008306604e+03 1.0826113905e+02
1.12000e+02 1.9164503633e+03 2.1022315692e+02
1.13000e+02 1.9309983950e+03 2.7136997204e+01
1.14000e+02 1.9456261246e+03 2.7348924940e+01
1.15000e+02 1.9602333737e+03 2.7380793371e+01
1.16000e+02 1.9777709078e+03 1.2803562280e+02
1.17000e+02 1.9953297618e+03 3.3228997222e+01
1.18000e+02 2.0098684160e+03 2.7264337191e+01
1.19000e+02 2.0253998961e+03 5.7414195750e+01
1.20000e+02 2.0411125535e+03 5.4556227287e+01
1.21000e+02 2.0566895723e+03 5.4547209785e+01
1.22000e+02 2.0728079039e+03 1.2330561683e+02
1.23000e+02 2.0890546928e+03 2.7105377752e+02
1.24000e+02 2.1053114815e+03 3.0540748482e+01
1.25000e+02 2.1215924123e+03 3.0544349654e+01
1.26000e+02 2.1375172472e+03 2.9562469563e+01
1.27000e+02 2.1521981507e+03 2.7310727287e+01
1.28000e+02 2.1697624079e+03 9.4138587983e+01
1.29000e+02 2.1886295178e+03 2.5861790986e+00
1.30000e+02 2.2068010954e+03 2.2467426659e+00
1.31000e+02 2.2236721509e+03 7.7044556405e+01
1.32000e+02 2.2405692194e+03 1.0660934261e+02
1.33000e+02 2.2583469929e+03 4.4092877461e+01
1.34000e+02 2.2762717317e+03 7.4653797519e+01
1.35000e+02 2.2940142620e+03 6.4429180814e+01
1.36000e+02 2.3119061246e+03 3.3480023721e+01
1.37000e+02 2.3286694824e+03 3.1540631167e+01
1.38000e+02 2.3485771200e+03 4.9269733050e+00
1.39000e+02 2.3685098016e+03 1.2806660583e+02
1.40000e+02 2.3881966875e+03 6.4218098082e+01
1.41000e+02 2.4080172108e+03 3.7315439070e+01
1.42000e+02 2.4246277520e+03 3.3226372684e+01
1.43000e+02 2.4412648342e+03 3.7301321767e+01
1.44000e+02 2.4580135499e+03 3.5398385617e+01
1.45000e+02 2.4756803308e+03 3.3370794178e+01
1.46000e+02 2.4935155830e+03 3.5203600815e+01
1.47000e+02 2.5102300914e+03 3.1205962291e+01
1.48000e+02 2.5300906904e+03 3.7451836617e+01
1.49000e+02 2.5499811033e+03 3.7484274520e+01
1.50000e+02 2.5696305254e+03 3.7235613420e+01
1.51000e+02 2.5907017420e+03 1.3528347164e+02
1.52000e+02 2.6116742826e+03 1.7697691360e+02
1.53000e+02 2.6313905533e+03 3.7024235579e+01
1.54000e+02 2.6479294012e+03 3.0964888504e+01
1.55000e+02 2.6654536364e+03 7.8746423335e+01
1.56000e+02 2.6831817767e+03 7.6637777210e+01
1.57000e+02 2.6998145281e+03 4.3402469427e+01
1.58000e+02 2.7195997030e+03 3.7122964191e+01
1.59000e+02 2.7407076773e+03 7.6597897110e+01
1.60000e+02 2.7616893453e+03 7.2514851236e+01
1.61000e+02 2.7826693985e+03 3.9473847622e+01
1.62000e+02 2.8028008770e+03 2.4033381815e+00
1.63000e+02 2.8225818225e+03 7.4699046746e+01
1.64000e+02 2.8433264985e+03 3.9197381784e+01
1.65000e+02 2.8641988030e+03 3.9050435729e+01
1.66000e+02 2.8842649138e+03 7.4558980013e+01
1.67000e+02 2.9039999500e+03 3.9112275036e+01
1.68000e+02 2.9238850577e+03 3.8892159566e+01
1.69000e+02 2.9426337054e+03 3.9201737604e+01
1.70000e+02 2.9647539675e+03 1.1629935873e+02
1.71000e+02 2.9869120777e+03 1.5571074005e+02
1.72000e+02 3.0088120692e+03 4.1370487040e+01
1.73000e+02 3.0308582870e+03 4.1217224232e+01
1.74000e+02 3.0526897822e+03 4.1107510754e+01
1.75000e+02 3.0759709644e+03 3.9387547858e+01
1.76000e+02 3.0981513380e+03 2.2952660174e+00
1.77000e+02 3.1190197658e+03 2.0069835922e+02
1.78000e+02 3.1434568559e+03 2.6055949812e+00
1.79000e+02 3.1692119484e+03 4.7668810235e+00
1.80000e+02 3.1935718148e+03 1.2593111314e+02
1.81000e+02 3.2175186774e+03 1.6928864937e+02
1.82000e+02 3.2416141585e+03 4.5103355048e+01
1.83000e+02 3.2645215574e+03 4.6419605011e+00
1.84000e+02 3.2875247106e+03 3.3485130931e+02
1.85000e+02 3.3104183833e+03 8.3685019281e+01
1.86000e+02 3.3371509522e+03 2.2954787310e+00
1.87000e+02 3.3652001162e+03 1.7315750528e+02
1.88000e+02 3.3916194848e+03 4.5194799917e+01
1.89000e+02 3.4176023860e+03 9.2243895340e+01
1.90000e+02 3.4437449191e+03 4.9003903567e+01
1.91000e+02 3.4686828770e+03 2.0442851302e+00
1.92000e+02 3.4976723795e+03 1.3658479109e+02
1.93000e+02 3.5279944018e+03 9.6377363051e+01
1.94000e+02 3.5580940803e+03 3.6174199570e+02
1.95000e+02 3.5882106270e+03 5.6935198659e+01
1.96000e+02 3.6165603666e+03 2.2072065118e+00
1.97000e+02 3.6435221785e+03 5.7066498178e+01
1.98000e+02 3.6705824506e+03 1.0597970382e+02
1.99000e+02 3.6975017520e+03 5.0788569418e+01
2.00000e+02 3.7287143529e+03 1.5538234750e+02
2.01000e+02 3.7612639462e+03 2.4330466504e+00
2.02000e+02 3.7935730548e+03 6.1518307221e+01
2.03000e+02 3.8259081873e+03 6.1242328058e+01
2.04000e+02 3.8562564162e+03 6.2507203596e+01
2.05000e+02 3.8861520278e+03 1.7146507333e+02
2.06000e+02 3.9181494449e+03 6.0869394136e+01
2.07000e+02 3.9490567972e+03 3.4649888181e+02
2.08000e+02 3.9797151197e+03 6.3057420999e+01
2.09000e+02 4.0105957430e+03 6.2967634506e+01
2.10000e+02 4.0412303573e+03 5.7934535580e+01
2.11000e+02 4.0720871231e+03 5.7852743575e+01
2.12000e+02 4.0986677419e+03 1.6104302151e+02
2.13000e+02 4.1252045308e+03 2.2488433739e+02
2.14000e+02 4.1519370960e+03 1.1402650554e+02
2.15000e+02 4.1795332077e+03 5.8509024844e+01
2.16000e+02 4.2090499525e+03 1.1327246247e+02
2.17000e+02 4.2374834505e+03 4.7104339920e+01
2.18000e+02 4.2618939499e+03 2.3220658780e+00
2.19000e+02 4.2862933893e+03 4.5070514401e+01
2.20000e+02 4.3108851763e+03 4.5206731579e+01
2.21000e+02 4.3363658249e+03 1.1104372685e+02
2.22000e+02 4.3620875999e+03 2.7554163894e+02
2.23000e+02 4.3876052938e+03 4.7387660452e+01
2.24000e+02 4.4133497489e+03 4.7362952868e+01
2.25000e+02 4.4379332745e+03 4.5345611029e+01
2.26000e+02 4.4665666208e+03 1.0285085843e+02
2.27000e+02 4.4952730278e+03 5.3493308850e+01
2.28000e+02 4.5198515028e+03 5.7810156726e+01
2.29000e+02 4.5443777212e+03 5.7695039333e+01
2.30000e+02 4.5729814946e+03 5.3410242648e+01
2.31000e+02 4.6029513806e+03 2.6626867318e+02
2.32000e+02 4.6327298100e+03 1.5051095440e+02
2.33000e+02 4.6625467252e+03 5.5541267803e+01
2.34000e+02 4.6906413770e+03 4.7464337714e+01
2.35000e+02 4.7173665956e+03 8.1821049331e+00
2.36000e+02 4.7483302127e+03 1.0759778886e+02
2.37000e+02 4.7793652537e+03 1.6317565748e+02
2.38000e+02 4.8060366242e+03 5.5380959361e+01
2.39000e+02 4.8326295046e+03 1.0735785280e+02
2.40000e+02 4.8635265337e+03 5.7707948705e+01
2.41000e+02 4.8957943962e+03 2.4509472039e+00
2.42000e+02 4.9260285453e+03 1.1756391508e+02
2.43000e+02 4.9548564147e+03 5.9885229768e+01
2.44000e+02 4.9837933691e+03 1.6934142339e+02
2.45000e+02 5.0135337247e+03 2.1640147613e+02
2.46000e+02 5.0453979754e+03 1.1534608444e+02
2.47000e+02 5.0774243457e+03 1.1498924613e+02
2.48000e+02 5.1093269530e+03 5.9586573181e+01
2.49000e+02 5.1413055112e+03 5.9479174493e+01
2.50000e+02 5.1731576513e+03 5.9369228070e+01
2.51000e+02 5.2038317399e+03 1.1066341223e+02
2.52000e+02 5.2302581374e+03 2.5105569617e+00
2.53000e+02 5.2575971863e+03 1.2249729107e+02
2.54000e+02 5.2868752057e+03 2.5741207194e+00
2.55000e+02 5.3151020257e+03 4.9553150436e+00
2.56000e+02 5.3431389917e+03 1.1610784875e+02
2.57000e+02 5.3714174537e+03 6.5177305467e+01
2.58000e+02 5.3956962616e+03 1.1604837550e+02
2.59000e+02 5.4209259136e+03 4.6809436470e+00
2.60000e+02 5.4464370772e+03 1.6862206147e+02
2.61000e+02 5.4717757535e+03 4.6235412670e+01
2.62000e+02 5.4973588996e+03 4.6261159782e+01
2.63000e+02 5.5217974026e+03 1.6240903816e+02
2.64000e+02 5.5463805202e+03 4.4354973735e+01
2.65000e+02 5.5718329614e+03 4.6328663590e+01
2.66000e+02 5.5975136929e+03 4.6379920258e+01
2.67000e+02 5.6229828010e+03 4.6350207153e+01
2.68000e+02 5.6486726577e+03 4.6312982247e+01
2.69000e+02 5.6741530348e+03 4.6277938183e+01
2.70000e+02 5.7012937180e+03 4.9609269221e+01
2.71000e+02 5.7273449885e+03 9.2890091031e+01
2.72000e+02 5.7532017205e+03 1.4236357229e+02
2.73000e+02 5.7792769106e+03 4.7127845818e+01
2.74000e+02 5.8051517891e+03 4.7098864453e+01
2.75000e+02 5.8325257095e+03 2.3707517102e+02
2.76000e+02 5.8597916833e+03 1.8521678104e+02
2.77000e+02 5.8871240699e+03 4.9608193988e+01
2.78000e+02 5.9130010311e+03 4.6418764678e+01
2.79000e+02 5.9384998112e+03 4.9668130751e+01
2.80000e+02 5.9641968639e+03 4.9438554142e+01
2.81000e+02 5.9887289331e+03 1.3855987682e+02
2.82000e+02 6.0133931228e+03 1.8597963735e+02
2.83000e+02 6.0389158155e+03 4.6135646435e+01
2.84000e+02 6.0661068267e+03 4.9483623203e+01
2.85000e+02 6.0934565901e+03 4.9451516276e+01
2.86000e+02 6.1193587489e+03 4.6294616919e+01
2.87000e+02 6.1448832042e+03 4.6250084918e+01
2.88000e+02 6.1720437889e+03 4.9371638239e+01
2.89000e+02 6.1981121576e+03 1.3868291000e+02
2.90000e+02 6.2239851959e+03 1.4417238198e+02
2.91000e+02 6.2500756805e+03 5.2412359619e+01
2.92000e+02 6.2759650133e+03 4.6746246767e+01
2.93000e+02 6.3020674010e+03 4.6711403628e+01
2.94000e+02 6.3243728672e+03 8.9934622101e+01
2.95000e+02 6.3466819023e+03 1.8850467604e+02
2.96000e+02 6.3728423648e+03 4.6935821838e+01
2.97000e+02 6.3990944669e+03 4.7038600479e+01
2.98000e+02 6.4250877122e+03 4.6824344707e+01
2.99000e+02 6.4512675717e+03 4.6705277755e+01
3.00000e+02 6.4772245010e+03 4.6622256505e+01
3.01000e+02 6.5033814334e+03 4.6552707052e+01
3.02000e+02 6.5293234392e+03 4.6491230832e+01
3.03000e+02 6.5567542802e+03 4.9403344251e+01
3.04000e+02 6.5840689405e+03 2.3370500884e+02
3.05000e+02 6.6101831361e+03 4.6402002806e+01
3.06000e+02 6.6360837332e+03 4.6314192177e+01
3.07000e+02 6.6621938728e+03 4.6263822003e+01
3.08000e+02 6.6845085381e+03 4.8554776550e+01
3.09000e+02 6.7068254429e+03 2.3296252795e+02
3.10000e+02 6.7293159080e+03 2.3290536515e+02
3.11000e+02 6.7527045430e+03 2.3773183358e+02
3.12000e+02 6.7775426565e+03 9.0096612165e+01
3.13000e+02 6.8012838839e+03 3.6610054485e+01
3.14000e+02 6.8214768905e+03 2.2974585165e+00
3.15000e+02 6.8417015495e+03 3.4591559734e+01
3.16000e+02 6.8655519743e+03 8.0740830247e+01
3.17000e+02 6.8894905277e+03 4.1878448707e+01
3.18000e+02 6.9131927068e+03 4.1688324572e+01
3.19000e+02 6.9383604281e+03 3.2121469964e+02
3.20000e+02 6.9622483845e+03 3.6002174346e+02
3.21000e+02 6.9857717811e+03 1.1992882939e+02
3.22000e+02 7.0094720698e+03 4.1283223588e+01
3.23000e+02 7.0329667478e+03 4.1213221775e+01
3.24000e+02 7.0566630186e+03 4.1167990628e+01
3.25000e+02 7.0801590565e+03 4.1128182495e+01
3.26000e+02 7.1038587284e+03 4.1090455433e+01
3.27000e+02 7.1264041250e+03 8.7943657631e+01
3.28000e+02 7.1490659591e+03 1.6075575000e+02
3.29000e+02 7.1716399215e+03 7.5000639866e+01
3.30000e+02 7.1943330703e+03 3.9082713673e+01
3.31000e+02 7.2178882506e+03 4.1108507489e+01
3.32000e+02 7.2416429871e+03 4.1122463488e+01
3.33000e+02 7.2642307515e+03 3.9057433042e+01
3.34000e+02 7.2869280672e+03 3.9022542557e+01
3.35000e+02 7.3104906191e+03 4.1088712589e+01
3.36000e+02 7.3354898953e+03 7.8571177344e+01
3.37000e+02 7.3593719823e+03 1.9458939504e+02
3.38000e+02 7.3796766166e+03 1.6525667267e+00
3.39000e+02 7.4009556377e+03 2.2835308121e+00
3.40000e+02 7.4234848281e+03 1.9192471988e+02
3.41000e+02 7.4449296992e+03 7.8630183757e-01
3.42000e+02 7.4662352912e+03 1.9121270303e+02
3.43000e+02 7.4890377740e+03 2.6786016283e+02
3.44000e+02 7.5117803544e+03 3.9124205997e+01
3.45000e+02 7.5345777538e+03 3.9079998370e+01
3.46000e+02 7.5573244471e+03 3.9045031274e+01
3.47000e+02 7.5801228599e+03 3.9006999671e+01
3.48000e+02 7.6028707273e+03 3.8969166788e+01
3.49000e+02 7.6244070544e+03 3.6462807098e+01
3.50000e+02 7.6457742684e+03 1.1776686461e+02
3.51000e+02 7.6673387891e+03 1.1767729141e+02
3.52000e+02 7.6855635658e+03 4.3611049523e+00
3.53000e+02 7.7047842901e+03 1.9090134895e+02
3.54000e+02 7.7242391417e+03 2.2517693937e+02
3.55000e+02 7.7435575621e+03 3.2089812756e+01
3.56000e+02 7.7638649400e+03 3.3840226276e+01
3.57000e+02 7.7830689305e+03 2.3605301995e+00
3.58000e+02 7.7991863620e+03 2.2066082546e+02
3.59000e+02 7.8153778922e+03 2.5032162073e+02
3.60000e+02 7.8317127935e+03 2.5756597476e+01
3.61000e+02 7.8489973285e+03 2.1961608626e-01
3.62000e+02 7.8670487822e+03 4.6140937920e+00
3.63000e+02 7.8839804659e+03 8.5521506002e+01
3.64000e+02 7.8980498250e+03 2.2655422937e+00
3.65000e+02 7.9131661578e+03 3.9824715113e+00
3.66000e+02 7.9288515309e+03 8.3069903892e+01
3.67000e+02 7.9446981973e+03 1.4416219156e+02
3.68000e+02 7.9602720525e+03 5.3715854190e+01
3.69000e+02 7.9746343393e+03 2.1638320703e+01
3.70000e+02 7.9890522316e+03 2.1965215645e+01
3.71000e+02 8.0034486918e+03 2.1977423942e+01
3.72000e+02 8.0179197563e+03 2.2008618675e+01
3.73000e+02 8.0323620143e+03 2.2032407762e+01
3.74000e+02 8.0497113109e+03 1.4000011186e+02
3.75000e+02 8.0670788772e+03 5.2502181521e+01
3.76000e+02 8.0842281519e+03 2.7590158849e+01
3.77000e+02 8.1027937013e+03 2.7188829281e+00
3.78000e+02 8.1207246902e+03 6.7939638003e+01
3.79000e+02 8.1373788872e+03 4.0174222913e+01
3.80000e+02 8.1571253172e+03 2.5971551383e+00
3.81000e+02 8.1768894936e+03 3.2553736797e+01
3.82000e+02 8.1934086670e+03 6.4192533008e+01
3.83000e+02 8.2108932472e+03 1.2390208407e+02
3.84000e+02 8.2285654043e+03 3.9875216793e+01
3.85000e+02 8.2451285582e+03 2.6075013534e+01
3.86000e+02 8.2648262797e+03 3.2472474654e+01
3.87000e+02 8.2845576466e+03 3.2407192670e+01
3.88000e+02 8.3010536966e+03 2.6025815082e+01
3.89000e+02 8.3175675971e+03 2.5950535830e+01
3.90000e+02 8.3372443275e+03 3.2353794360e+01
3.91000e+02 8.3582424393e+03 8.3610117134e+01
3.92000e+02 8.3791138670e+03 1.2253170241e+02
3.93000e+02 8.3987160950e+03 3.2192301648e+01
3.94000e+02 8.4151455709e+03 2.5858011173e+01
3.95000e+02 8.4325597910e+03 8.0996597612e+01
3.96000e+02 8.4507687793e+03 2.9497669940e+01
3.97000e+02 8.4691266878e+03 6.8059585074e+01
3.98000e+02 8.4869456138e+03 6.9386985791e+01
3.99000e+02 8.5035159885e+03 2.5888627364e+01
4.00000e+02 8.5231935150e+03 6.1548843529e+01
4.01000e+02 8.5429064830e+03 6.1598034604e+01
4.02000e+02 8.5623873775e+03 3.1951866579e+01
4.03000e+02 8.5820106880e+03 3.1830257282e+01
4.04000e+02 8.6014417332e+03 3.1748577637e+01
4.05000e+02 8.6210315220e+03 3.1683307294e+01
4.06000e+02 8.6374517031e+03 2.5853443979e+01
4.07000e+02 8.6548662889e+03 2.9468537912e+01
4.08000e+02 8.6730803435e+03 1.2499155395e+02
4.09000e+02 8.6914433758e+03 1.2487168612e+02
4.10000e+02 8.7092661686e+03 2.9442936196e+01
4.11000e+02 8.7267935349e+03 1.2497934301e+02
4.12000e+02 8.7444676846e+03 1.2470572054e+02
4.13000e+02 8.7610295041e+03 1.1447348499e+02
4.14000e+02 8.7807252353e+03 6.1064574886e+01
4.15000e+02 8.8004574423e+03 6.1145928582e+01
4.16000e+02 8.8199562297e+03 3.1739573907e+01
4.17000e+02 8.8395966908e+03 3.1616088449e+01
4.18000e+02 8.8590438516e+03 3.1532845781e+01
4.19000e+02 8.8799336155e+03 3.0272487826e+01
4.20000e+02 8.9007406256e+03 9.5262210464e+01
4.21000e+02 8.9203015067e+03 3.1421732972e+01
4.22000e+02 8.9396833471e+03 3.1324990820e+01
4.23000e+02 8.9592337964e+03 3.1283234002e+01
4.24000e+02 8.9756293497e+03 1.4567275948e+02
4.25000e+02 8.9920714359e+03 1.5538659011e+02
4.26000e+02 9.0086379206e+03 1.2406375918e+02
4.27000e+02 9.0251791225e+03 2.5405124695e+01
4.28000e+02 9.0418124373e+03 2.5446549610e+01
4.29000e+02 9.0593576915e+03 9.5184836065e+01
4.30000e+02 9.0776682366e+03 6.0145797019e+01
4.31000e+02 9.0961039873e+03 1.2505283009e+02
4.32000e+02 9.1145283377e+03 2.9120545812e+01
4.33000e+02 9.1329838678e+03 2.9111204604e+01
4.34000e+02 9.1514120817e+03 2.9085956939e+01
4.35000e+02 9.1686012735e+03 4.8365854640e+01
4.36000e+02 9.1856447451e+03 8.7002415822e+01
4.37000e+02 9.2028601050e+03 3.6214469353e+01
4.38000e+02 9.2199298882e+03 2.6433221524e+01
4.39000e+02 9.2384517697e+03 2.9123222400e+01
4.40000e+02 9.2563620423e+03 1.4950867015e+02
4.41000e+02 9.2739651092e+03 1.1829176021e+02
4.42000e+02 9.2923024347e+03 2.9003210637e+01
4.43000e+02 9.3095016429e+03 2.6390636597e+01
4.44000e+02 9.3265676610e+03 2.6360480796e+01
4.45000e+02 9.3438088402e+03 2.6376091390e+01
4.46000e+02 9.3581297432e+03 6.1678160574e+01
4.47000e+02 9.3725220995e+03 1.1220146745e+02
4.48000e+02 9.3898628289e+03 2.6624426596e+01
4.49000e+02 9.4085327639e+03 2.9122260948e+01
4.50000e+02 9.4271085179e+03 5.0265200475e+01
4.51000e+02 9.4444174700e+03 2.6665575009e+01
4.52000e+02 9.4587899784e+03 4.8150298905e+01
4.53000e+02 9.4732171700e+03 2.6632637504e+01
4.54000e+02 9.4877521731e+03 2.6768499641e+01
4.55000e+02 9.5022745055e+03 2.1028490840e+01
4.56000e+02 9.5168749256e+03 2.1072879341e+01
4.57000e+02 9.5314448660e+03 2.1099414481e+01
4.58000e+02 9.5460825376e+03 2.1115566624e+01
4.59000e+02 9.5606819418e+03 2.1123914832e+01
4.60000e+02 9.5753442065e+03 2.1127384046e+01
4.61000e+02 9.5899642941e+03 2.1126940065e+01
4.62000e+02 9.6075001493e+03 2.6834035224e+01
4.63000e+02 9.6250449687e+03 8.4421731576e+01
4.64000e+02 9.6423611246e+03 8.4117610578e+01
4.65000e+02 9.6610867041e+03 5.0270579739e+01
4.66000e+02 9.6797299236e+03 1.1104368479e+02
4.67000e+02 9.6983733192e+03 1.1085045725e+02
4.68000e+02 9.7164028645e+03 2.2310892500e+02
4.69000e+02 9.7331516122e+03 2.8783489930e+01
4.70000e+02 9.7530021034e+03 3.1584398805e+01
4.71000e+02 9.7728732231e+03 6.0533944556e+01
4.72000e+02 9.7924978995e+03 3.1197532231e+01
4.73000e+02 9.8122548740e+03 3.1052189562e+01
4.74000e+02 9.8318094985e+03 3.0951085553e+01
4.75000e+02 9.8528004150e+03 2.3475208805e+00
4.76000e+02 9.8729166032e+03 3.0841349284e+01
4.77000e+02 9.8917379760e+03 9.5711908748e+01
4.78000e+02 9.9106091676e+03 1.4968564327e+02
4.79000e+02 9.9293979431e+03 2.9209246797e+01
4.80000e+02 9.9515606404e+03 2.6080727783e+00
4.81000e+02 9.9750251418e+03 2.9752147088e+01
4.82000e+02 9.9983236609e+03 9.6149847481e+01
4.83000e+02 1.0021613570e+04 6.8600543091e+01
4.84000e+02 1.0043815419e+04 1.2688189486e+02
4.85000e+02 1.0065639415e+04 3.4837628814e+02
4.86000e+02 1.0087610503e+04 3.5247130797e+01
4.87000e+02 1.0109372192e+04 3.5149576527e+01
4.88000e+02 1.0131311189e+04 3.5082336027e+01
4.89000e+02 1.0152095897e+04 1.9959322897e+00
4.90000e+02 1.0176478082e+04 4.0374514051e+01
4.91000e+02 1.0202183660e+04 1.3065468376e+02
4.92000e+02 1.0227711294e+04 1.7090817031e+02
4.93000e+02 1.0253243481e+04 4.2324856458e+01
4.94000e+02 1.0278659795e+04 4.2171211498e+01
4.95000e+02 1.0304104090e+04 4.2041148443e+01
4.96000e+02 1.0328264368e+04 2.2212802117e+00
4.97000e+02 1.0352042217e+04 1.2169070175e+02
4.98000e+02 1.0375989494e+04 1.2135601012e+02
4.99000e+02 1.0399722302e+04 3.8781384064e+01
5.00000e+02 1.0423651174e+04 3.8724198077e+01
5.01000e+02 1.0447370107e+04 3.8671598797e+01
5.02000e+02 1.0472535383e+04 4.1748070144e+01
5.03000e+02 1.0497853263e+04 7.7385483643e+01
5.04000e+02 1.0521925217e+04 3.8776008866e+01
5.05000e+02 1.0545631101e+04 3.8724184323e+01
5.06000e+02 1.0570758489e+04 7.7270209739e+01
5.07000e+02 1.0596039284e+04 4.1350277186e+01
5.08000e+02 1.0620079881e+04 3.8654103135e+01
5.09000e+02 1.0643756701e+04 3.8586384967e+01
5.10000e+02 1.0668854285e+04 4.1279122218e+01
5.11000e+02 1.0692846152e+04 7.8094631897e+01
5.12000e+02 1.0713258866e+04 3.7749167686e+02
5.13000e+02 1.0734646210e+04 2.9830473099e+00
5.14000e+02 1.0756280173e+04 3.9121229711e+01
5.15000e+02 1.0776805214e+04 3.7685451855e+02
5.16000e+02 1.0797451826e+04 3.1935381066e+01
5.17000e+02 1.0818037981e+04 3.1964559687e+01
5.18000e+02 1.0842232730e+04 3.3323525712e+02
5.19000e+02 1.0867757098e+04 7.5291001018e+01
5.20000e+02 1.0893115198e+04 7.5476227272e+01
5.21000e+02 1.0917223968e+04 3.9543677223e+02
5.22000e+02 1.0937711247e+04 3.1773262900e+01
5.23000e+02 1.0958193387e+04 3.1637474891e+01
5.24000e+02 1.0978822111e+04 3.1747281936e+01
5.25000e+02 1.0999395707e+04 3.1806990104e+01
5.26000e+02 1.1023578378e+04 1.0146807486e+02
5.27000e+02 1.1047809103e+04 6.3578980375e+01
5.28000e+02 1.1068356538e+04 3.1693894213e+01
5.29000e+02 1.1088886903e+04 3.1618970001e+01
5.30000e+02 1.1109553527e+04 3.1706539362e+01
5.31000e+02 1.1131112465e+04 7.5572345498e+01
5.32000e+02 1.1152869541e+04 1.5574549689e+02
5.33000e+02 1.1174436522e+04 1.1400662787e+02
5.34000e+02 1.1197214043e+04 8.7199264762e+01
5.35000e+02 1.1218878899e+04 6.0771164539e+01
5.36000e+02 1.1237196078e+04 3.1417565092e+01
5.37000e+02 1.1256511063e+04 2.2519961441e+00
5.38000e+02 1.1276858443e+04 5.8280251628e+01
5.39000e+02 1.1297377442e+04 1.8191983506e+02
5.40000e+02 1.1317896473e+04 3.1419328360e+01
5.41000e+02 1.1338473866e+04 3.1446302715e+01
5.42000e+02 1.1359024644e+04 3.1446604581e+01
5.43000e+02 1.1378356849e+04 2.9053495993e+01
5.44000e+02 1.1397537940e+04 1.8188674886e+02
5.45000e+02 1.1416907998e+04 6.2511267347e+01
5.46000e+02 1.1436125520e+04 2.8847095873e+01
5.47000e+02 1.1456812185e+04 3.1524430290e+01
5.48000e+02 1.1477440333e+04 3.1570274975e+01
5.49000e+02 1.1498105824e+04 3.1517530384e+01
5.50000e+02 1.1518727563e+04 3.1479604319e+01
5.51000e+02 1.1538121041e+04 2.8841669346e+01
5.52000e+02 1.1557354293e+04 3.4183983703e+01
5.53000e+02 1.1578053473e+04 3.1481813092e+01
5.54000e+02 1.1598694590e+04 3.1469708785e+01
5.55000e+02 1.1619373248e+04 3.1417717620e+01
5.56000e+02 1.1639254787e+04 2.9641729180e+01
5.57000e+02 1.1658809433e+04 1.8880324737e+02
5.58000e+02 1.1679322349e+04 3.1258099859e+01
5.59000e+02 1.1699976036e+04 3.1201870698e+01
5.60000e+02 1.1720606832e+04 3.1288547724e+01
5.61000e+02 1.1741280875e+04 3.1277615172e+01
5.62000e+02 1.1761915492e+04 3.1250159504e+01
5.63000e+02 1.1782589559e+04 3.1218933462e+01
5.64000e+02 1.1803223264e+04 3.1186801783e+01
5.65000e+02 1.1822630581e+04 3.4163638859e+01
5.66000e+02 1.1838916470e+04 1.8433340976e+02
5.67000e+02 1.1855254534e+04 2.4301775557e+02
5.68000e+02 1.1871725289e+04 2.2827894013e+01
5.69000e+02 1.1889135820e+04 1.2271451123e+02
5.70000e+02 1.1907320033e+04 2.4494915892e+00
5.71000e+02 1.1924380386e+04 7.9165714542e+01
5.72000e+02 1.1941321050e+04 1.5414876420e+02
5.73000e+02 1.1958447250e+04 7.2547783462e+01
5.74000e+02 1.1972671288e+04 9.7702052413e+01
5.75000e+02 1.1987929155e+04 4.5997066970e+00
5.76000e+02 1.2003761417e+04 2.1542530196e+01
5.77000e+02 1.2019745918e+04 4.5539994556e+01
5.78000e+02 1.2035762688e+04 2.1784481445e+01
5.79000e+02 1.2050552368e+04 2.2785893914e+01
5.80000e+02 1.2065230657e+04 4.4395214301e+01
5.81000e+02 1.2080081610e+04 1.9289678412e+01
5.82000e+02 1.2094812909e+04 1.9323398913e+01
5.83000e+02 1.2109710704e+04 1.9350917717e+01
5.84000e+02 1.2121922895e+04 6.6069538367e+00
5.85000e+02 1.2134230502e+04 1.5491143937e+02
5.86000e+02 1.2149254181e+04 1.9623946994e+01
5.87000e+02 1.2165599275e+04 2.2123289896e+01
5.88000e+02 1.2181518473e+04 3.6205165910e+02
5.89000e+02 1.2197128636e+04 8.0678820636e+01
5.90000e+02 1.2212850978e+04 2.0998418917e+01
5.91000e+02 1.2228413075e+04 2.0929355502e+01
5.92000e+02 1.2244117551e+04 2.0890560322e+01
5.93000e+02 1.2258717926e+04 2.1897091285e+01
5.94000e+02 1.2276224897e+04 2.4832918628e+00
5.95000e+02 1.2293753607e+04 2.4716046521e+01
5.96000e+02 1.2308264996e+04 1.0380576461e+02
5.97000e+02 1.2322810820e+04 3.8910258226e+01
5.98000e+02 1.2340295354e+04 2.4668893114e+01
5.99000e+02 1.2359090156e+04 8.1339638255e+01
6.00000e+02 1.2377774179e+04 1.0602671780e+02
6.01000e+02 1.2396445884e+04 2.6907663521e+01
6.02000e+02 1.2415056894e+04 2.6807743767e+01
6.03000e+02 1.2433673593e+04 2.6725929854e+01
6.04000e+02 1.2452243470e+04 2.6658070425e+01
6.05000e+02 1.2470827807e+04 2.6599050237e+01
6.06000e+02 1.2488816163e+04 2.0926721052e+01
6.07000e+02 1.2505534139e+04 2.1721518211e+00
6.08000e+02 1.2522297276e+04 2.3064568733e+01
6.09000e+02 1.2539957219e+04 1.0341062398e+02
6.10000e+02 1.2558383428e+04 2.6428783671e+01
6.11000e+02 1.2575663951e+04 5.9277316692e+01
6.12000e+02 1.2592804333e+04 1.1871130349e+02
6.13000e+02 1.2610114962e+04 8.3741418255e+01
6.14000e+02 1.2627274617e+04 2.3839533775e+01
6.15000e+02 1.2644600009e+04 2.3830457976e+01
6.16000e+02 1.2658989585e+04 8.0120832467e+01
6.17000e+02 1.2673444844e+04 1.2830579299e+02
6.18000e+02 1.2690850407e+04 2.4052535838e+01
6.19000e+02 1.2708302380e+04 2.4155063749e+01
6.20000e+02 1.2722760834e+04 4.5751972688e+01
6.21000e+02 1.2738220378e+04 2.4201956033e+01
6.22000e+02 1.2754250626e+04 6.9361835532e+01
6.23000e+02 1.2769150679e+04 2.5519200076e+00
6.24000e+02 1.2781389791e+04 2.2193419248e+00
6.25000e+02 1.2794686516e+04 6.7129654818e+01
6.26000e+02 1.2808181134e+04 1.7141091363e+02
6.27000e+02 1.2820625646e+04 2.2017736017e+01
6.28000e+02 1.2833141106e+04 4.5833532599e+01
6.29000e+02 1.2845656018e+04 3.7832419671e+01
6.30000e+02 1.2858235028e+04 1.4296670545e+01
6.31000e+02 1.2870799270e+04 1.4331703083e+01
6.32000e+02 1.2886057102e+04 1.9433809907e+01
6.33000e+02 1.2902602446e+04 1.0966319493e+02
6.34000e+02 1.2918684595e+04 3.1138023027e+01
6.35000e+02 1.2934438832e+04 4.9571756626e+01
6.36000e+02 1.2950293699e+04 2.0744410991e+01
6.37000e+02 1.2965976916e+04 2.0652646066e+01
6.38000e+02 1.2981795077e+04 2.0595286940e+01
6.39000e+02 1.2997455340e+04 2.0551738346e+01
6.40000e+02 1.3013646637e+04 3.7956782911e+01
6.41000e+02 1.3029955300e+04 7.2168562617e+01
6.42000e+02 1.3045916848e+04 2.0674574148e+01
6.43000e+02 1.3061585696e+04 2.0662483942e+01
6.44000e+02 1.3077765116e+04 7.2084518321e+01
6.45000e+02 1.3092795012e+04 5.2174235771e+01
6.46000e+02 1.3107708118e+04 1.1209677017e+02
6.47000e+02 1.3122785216e+04 7.9401858974e+01
6.48000e+02 1.3135154119e+04 9.6883958750e+01
6.49000e+02 1.3148565060e+04 1.3931498462e+00
6.50000e+02 1.3162162612e+04 1.6886069010e+01
6.51000e+02 1.3174699853e+04 9.6760073780e+01
6.52000e+02 1.3187301078e+04 1.4118941904e+01
6.53000e+02 1.3199895709e+04 1.4162212709e+01
6.54000e+02 1.3212549885e+04 1.4201001007e+01
6.55000e+02 1.3226140694e+04 1.6184294050e+01
6.56000e+02 1.3239870826e+04 2.9559006113e+01
6.57000e+02 1.3252507815e+04 1.4229159124e+01
6.58000e+02 1.3265190694e+04 1.4243632683e+01
6.59000e+02 1.3278809210e+04 2.9557153683e+01
6.60000e+02 1.3292565380e+04 1.6295318041e+01
6.61000e+02 1.3306181030e+04 1.6276156218e+01
6.62000e+02 1.3320100938e+04 1.6743509769e+01
6.63000e+02 1.3332866364e+04 5.7641758224e+01
6.64000e+02 1.3343173155e+04 1.5938141285e+01
6.65000e+02 1.3354549507e+04 2.2392969459e+00
6.66000e+02 1.3366053739e+04 5.5168439730e+01
6.67000e+02 1.3377689329e+04 8.8685622591e+01
6.68000e+02 1.3389464174e+04 1.2041497062e+01
6.69000e+02 1.3401004442e+04 1.2193370616e+01
6.70000e+02 1.3412654711e+04 1.2056601534e+01
6.71000e+02 1.3423236293e+04 2.8096184644e+01
6.72000e+02 1.3433856989e+04 1.0258025486e+01
6.73000e+02 1.3445433712e+04 1.2081000946e+01
6.74000e+02 1.3457098295e+04 1.2170149191e+01
6.75000e+02 1.3467594636e+04 2.3900885520e+01
6.76000e+02 1.3478011389e+04 9.5967770170e+01
6.77000e+02 1.3488575449e+04 9.8161207136e+00
6.78000e+02 1.3499039149e+04 9.8532518260e+00
6.79000e+02 1.3509640587e+04 9.8807768472e+00
6.80000e+02 1.3520134036e+04 9.9006444487e+00
6.81000e+02 1.3530760379e+04 9.9156482915e+00
6.82000e+02 1.3541275030e+04 9.9269348164e+00
6.83000e+02 1.3551919971e+04 9.9356063579e+00
6.84000e+02 1.3560288457e+04 9.8167096552e+00
6.85000e+02 1.3568775020e+04 4.7552300429e+01
6.86000e+02 1.3579531312e+04 1.0167311979e+01
6.87000e+02 1.3591579272e+04 1.4459227544e+01
6.88000e+02 1.3603624437e+04 4.7709382711e+01
6.89000e+02 1.3614435387e+04 1.2481532848e+01
6.90000e+02 1.3625236739e+04 5.0147483652e+01
6.91000e+02 1.3636008201e+04 1.0308044286e+01
6.92000e+02 1.3649243248e+04 2.4787543278e+00
6.93000e+02 1.3662462438e+04 2.3078926102e+01
6.94000e+02 1.3675478361e+04 2.2836724284e+01
6.95000e+02 1.3688594413e+04 1.4839492005e+01
6.96000e+02 1.3699163105e+04 1.0065076613e+01
6.97000e+02 1.3709810663e+04 1.4818726433e+01
6.98000e+02 1.3722956132e+04 1.4954198315e+01
6.99000e+02 1.3736112440e+04 1.4979499963e+01
7.00000e+02 1.3746692268e+04 1.4815044296e+01
7.01000e+02 1.3758298676e+04 4.7691358002e+01
7.02000e+02 1.3770026588e+04 1.0428414062e+02
7.03000e+02 1.3781862801e+04 1.0207923026e+02
7.04000e+02 1.3793738806e+04 1.2349200910e+01
7.05000e+02 1.3804348451e+04 2.5466627101e+00
7.06000e+02 1.3812707487e+04 2.2207918029e+00
7.07000e+02 1.3822141829e+04 6.4794089631e+01
7.08000e+02 1.3831479321e+04 2.5385120455e+00
7.09000e+02 1.3839668040e+04 2.4209254427e+00
7.10000e+02 1.3847814997e+04 2.2167116387e+01
7.11000e+02 1.3856113226e+04 2.2254459146e+01
7.12000e+02 1.3864336132e+04 5.1444256023e+00
7.13000e+02 1.3873972764e+04 7.6012972898e+00
7.14000e+02 1.3883884068e+04 7.4993533856e+01
7.15000e+02 1.3892609885e+04 4.0301732685e+01
7.16000e+02 1.3901329061e+04 4.0621570927e+01
7.17000e+02 1.3910045315e+04 6.0419511544e+00
7.18000e+02 1.3921002120e+04 5.2591198061e+00
7.19000e+02 1.3931941596e+04 1.3832040982e+01
7.20000e+02 1.3940515932e+04 5.8910690555e+00
7.21000e+02 1.3950131424e+04 8.1335351662e+00
7.22000e+02 1.3959638821e+04 1.9056588298e+01
7.23000e+02 1.3967974638e+04 3.2815201854e+00
7.24000e+02 1.3974298390e+04 8.6582310244e-01
7.25000e+02 1.3981727158e+04 6.3624491868e+00
7.26000e+02 1.3989307064e+04 1.2150090408e+01
7.27000e+02 1.3995870312e+04 2.8672153648e+00
7.28000e+02 1.4004454110e+04 1.2198219005e+01
7.29000e+02 1.4014316936e+04 2.2852491736e+01
7.30000e+02 1.4024144018e+04 1.1856336348e+01
7.31000e+02 1.4032654686e+04 5.6780403548e+00
7.32000e+02 1.4041055131e+04 8.0750601108e+00
7.33000e+02 1.4049567882e+04 8.0690679629e+00
7.34000e+02 1.4056012151e+04 6.4766037609e+00
7.35000e+02 1.4062587089e+04 1.4446821343e+01
7.36000e+02 1.4069211784e+04 9.7363003746e+00
7.37000e+02 1.4075873006e+04 1.8478436095e+00
7.38000e+02 1.4082553857e+04 1.9021523893e+00
7.39000e+02 1.4090211964e+04 1.2073819622e+01
7.40000e+02 1.4097510964e+04 2.9468669521e+00
7.41000e+02 1.4103619731e+04 1.2578253964e+00
7.42000e+02 1.4107933685e+04 1.7070225529e+00
7.43000e+02 1.4113369392e+04 7.2151986258e-01
7.44000e+02 1.4118941917e+04 1.0775163376e+01
7.45000e+02 1.4123510682e+04 1.8975227373e+00
7.46000e+02 1.4128091835e+04 9.8799782391e-01
7.47000e+02 1.4133677866e+04 1.5032442683e-01
7.48000e+02 1.4139358305e+04 2.5808805061e-01
7.49000e+02 1.4144008203e+04 1.0681431514e+00
7.50000e+02 1.4150445444e+04 4.7683112086e+00
7.51000e+02 1.4156865738e+04 1.4132603247e+00
7.52000e+02 1.4161379567e+04 8.2850420018e-02
7.53000e+02 1.4166023845e+04 1.8144189808e+00
7.54000e+02 1.4170693236e+04 1.5556236315e-01
7.55000e+02 1.4176357562e+04 7.8294547358e-02
7.56000e+02 1.4181439829e+04 4.5168139984e-01
7.57000e+02 1.4186593014e+04 6.9412227260e+00
7.58000e+02 1.4191830039e+04 1.5475774320e-01
7.59000e+02 1.4195766088e+04 2.4842445963e+00
7.60000e+02 1.4199648774e+04 2.3517887549e+00
7.61000e+02 1.4203639136e+04 1.5275527274e+00
7.62000e+02 1.4206017086e+04 2.2132248918e+00
7.63000e+02 1.4208569374e+04 4.4414269497e+00
7.64000e+02 1.4211147760e+04 2.0043547667e-01
7.65000e+02 1.4214748154e+04 1.4580996150e+00
7.66000e+02 1.4218430488e+04 3.3765296025e+00
7.67000e+02 1.4222053725e+04 2.2842744178e-02
7.68000e+02 1.4225749065e+04 3.5825154351e-02
7.69000e+02 1.4229386434e+04 1.4132179130e-02
7.70000e+02 1.4232206248e+04 3.6262921883e+00
7.71000e+02 1.4235100289e+04 5.7272066329e+00
7.72000e+02 1.4238993478e+04 2.1196726277e-01
7.73000e+02 1.4242712343e+04 3.5411699176e+00
7.74000e+02 1.4246475668e+04 3.6674928683e+00
7.75000e+02 1.4250169713e+04 2.4820016409e-02
7.76000e+02 1.4253045234e+04 2.7429962929e+00
7.77000e+02 1.4255989909e+04 2.6896200553e+00
7.78000e+02 1.4259037871e+04 1.7244057837e-01
7.79000e+02 1.4262048589e+04 2.3831171547e-01
7.80000e+02 1.4266016001e+04 1.7929250170e-01
7.81000e+02 1.4268842491e+04 2.7420156599e-01
7.82000e+02 1.4271618602e+04 4.5903420910e+00
7.83000e+02 1.4275384099e+04 2.4965339234e+00
7.84000e+02 1.4278339536e+04 9.2525057645e-02
7.85000e+02 1.4281348986e+04 9.3700375597e-02
7.86000e+02 1.4285334177e+04 2.1183861731e-01
7.87000e+02 1.4289136538e+04 5.5568234475e-02
7.88000e+02 1.4292102223e+04 1.0248341213e-02
7.89000e+02 1.4293853402e+04 3.0067545970e+00
7.90000e+02 1.4294246232e+04 2.3832811686e+00
7.91000e+02 1.4295791261e+04 2.2470932189e+00
7.92000e+02 1.4296343272e+04 5.4174223642e+00
7.93000e+02 1.4296974690e+04 3.2768906963e+00
7.94000e+02 1.4298836135e+04 2.1237468233e+00
7.95000e+02 1.4300549655e+04 2.8622286981e+00
7.96000e+02 1.4301202897e+04 1.0123107525e-01
7.97000e+02 1.4301913625e+04 2.0423130297e+00
7.98000e+02 1.4302743452e+04 1.7658569851e-01
7.99000e+02 1.4302254793e+04 2.2398379106e+00
8.00000e+02 1.4300619914e+04 2.0277097884e+00
8.01000e+02 1.4299195385e+04 4.2510183740e+00
8.02000e+02 1.4298919781e+04 1.2198339561e+01
8.03000e+02 1.4299888895e+04 2.5838554301e-01
8.04000e+02 1.4301964458e+04 4.0326491595e+00
8.05000e+02 1.4303850312e+04 1.9314118654e+00
8.06000e+02 1.4304663669e+04 2.2540692747e+00
8.07000e+02 1.4305512583e+04 4.1488152746e+00
8.08000e+02 1.4307544275e+04 4.3870683480e-02
8.09000e+02 1.4308451079e+04 7.9042039074e+00
8.10000e+02 1.4310667684e+04 2.4922086852e+00
8.11000e+02 1.4312831703e+04 7.0437467903e+00
8.12000e+02 1.4314875920e+04 7.2090906098e+00
8.13000e+02 1.4318250921e+04 2.4822594916e+00
8.14000e+02 1.4322492433e+04 3.3207163679e+00
8.15000e+02 1.4326521074e+04 1.0902827631e-01
8.16000e+02 1.4330567117e+04 3.0438800717e-01
8.17000e+02 1.4334517938e+04 7.7819707740e-02
8.18000e+02 1.4337657033e+04 4.6188021220e+00
8.19000e+02 1.4340848283e+04 3.8052303663e+00
8.20000e+02 1.4344125522e+04 4.5981353001e-02
8.21000e+02 1.4347353477e+04 3.6705799806e-02
8.22000e+02 1.4350641776e+04 1.1060011867e-02
8.23000e+02 1.4353872850e+04 3.1182823577e-03
8.24000e+02 1.4357160650e+04 4.9864203538e-04
8.25000e+02 1.4360389862e+04 1.8619883249e-03
8.26000e+02 1.4363675134e+04 2.5286474611e-03
8.27000e+02 1.4366901645e+04 2.7010444728e-03
8.28000e+02 1.4371048962e+04 2.3532385054e-02
8.29000e+02 1.4374996903e+04 3.3177321388e+00
8.30000e+02 1.4378975333e+04 2.3479902648e+00
8.31000e+02 1.4381916904e+04 2.0347675592e+00
8.32000e+02 1.4386428749e+04 2.4676280977e+00
8.33000e+02 1.4390902756e+04 1.7708763783e+00
8.34000e+02 1.4393656680e+04 5.7215308943e+00
8.35000e+02 1.4397500466e+04 1.3495268510e+00
8.36000e+02 1.4400577328e+04 1.5606955851e+00
8.37000e+02 1.4402446509e+04 6.8024353234e+00
8.38000e+02 1.4404297783e+04 6.3346075938e+00
8.39000e+02 1.4406254684e+04 1.4304798813e+00
8.40000e+02 1.4406800701e+04 2.2079066670e+00
8.41000e+02 1.4407536514e+04 1.0127266515e+01
8.42000e+02 1.4408282748e+04 4.3160045612e+00
8.43000e+02 1.4410058592e+04 5.0880673531e-01
8.44000e+02 1.4411901336e+04 5.1274721567e+00
8.45000e+02 1.4412738996e+04 2.5025279817e+00
8.46000e+02 1.4413544948e+04 4.4858007678e-01
8.47000e+02 1.4415368537e+04 4.7745494770e-02
8.48000e+02 1.4416169050e+04 7.7194905108e+00
8.49000e+02 1.4415749832e+04 7.1861923924e+00
8.50000e+02 1.4415330847e+04 2.2702595874e+00
8.51000e+02 1.4415010076e+04 2.0569987137e+00
8.52000e+02 1.4414656353e+04 6.5262396412e-02
8.53000e+02 1.4414387101e+04 5.1519436073e-02
8.54000e+02 1.4412919446e+04 2.2259092123e+00
8.55000e+02 1.4411655137e+04 4.3047608659e+00
8.56000e+02 1.4411548564e+04 2.4715029590e-01
8.57000e+02 1.4411405866e+04 3.2611080837e-01
8.58000e+02 1.4411178517e+04 1.2077682511e-01
8.59000e+02 1.4411010493e+04 1.4598255868e-01
8.60000e+02 1.4409619804e+04 7.6966269715e-02
8.61000e+02 1.4409374310e+04 9.7808548145e+00
8.62000e+02 1.4409203889e+04 1.1736541804e+01
8.63000e+02 1.4409003598e+04 4.5203709409e-02
8.64000e+02 1.4407551819e+04 2.2522920943e+00
8.65000e+02 1.4404882626e+04 2.5011697129e+00
8.66000e+02 1.4401302322e+04 1.1915530662e+01
8.67000e+02 1.4398917259e+04 4.4348117679e+00
8.68000e+02 1.4395098335e+04 2.3671456825e+00
8.69000e+02 1.4391342506e+04 1.8971656440e+01
8.70000e+02 1.4387754503e+04 1.4051819159e+01
8.71000e+02 1.4382838185e+04 2.2471241828e+00
8.72000e+02 1.4377941975e+04 2.1196478783e+01
8.73000e+02 1.4373120746e+04 1.4034219660e+01
8.74000e+02 1.4367563268e+04 4.1920583667e+00
8.75000e+02 1.4362253060e+04 2.2236827311e+01
8.76000e+02 1.4357646838e+04 2.1350783770e+00
8.77000e+02 1.4354258890e+04 6.8120866328e+00
8.78000e+02 1.4350937160e+04 1.1208945156e+01
8.79000e+02 1.4346237546e+04 4.0662517001e+00
8.80000e+02 1.4341520288e+04 6.9163117572e+00
8.81000e+02 1.4338124905e+04 7.4338134473e-03
8.82000e+02 1.4334817402e+04 6.8002321950e-03
8.83000e+02 1.4330140550e+04 2.2761364078e-02
8.84000e+02 1.4324714042e+04 2.0845229231e+00
8.85000e+02 1.4320466566e+04 1.1407158145e+01
8.86000e+02 1.4314552116e+04 2.6069475308e+00
8.87000e+02 1.4308675626e+04 2.4811074103e+00
8.88000e+02 1.4302969208e+04 2.2705937789e+00
8.89000e+02 1.4297190534e+04 9.7816284717e-02
8.90000e+02 1.4291544625e+04 1.5822791000e-01
8.91000e+02 1.4284533910e+04 4.4163013267e+00
8.92000e+02 1.4277540645e+04 4.6643412651e+00
8.93000e+02 1.4270599026e+04 6.9096619911e-02
8.94000e+02 1.4263658380e+04 5.2619855893e-02
8.95000e+02 1.4256764350e+04 4.7588501944e-02
8.96000e+02 1.4249323735e+04 1.3409858095e+01
8.97000e+02 1.4243085671e+04 1.9905888714e+00
8.98000e+02 1.4234956460e+04 2.4833022382e+00
8.99000e+02 1.4225579172e+04 1.5879705661e+01
9.00000e+02 1.4216277922e+04 2.3606042652e+00
9.01000e+02 1.4207040327e+04 1.3969197384e-01
9.02000e+02 1.4197831876e+04 9.2799380144e-02
9.03000e+02 1.4189937953e+04 2.1152490688e+00
9.04000e+02 1.4182170986e+04 1.7508904636e+00
9.05000e+02 1.4173016636e+04 8.3245970764e-02
9.06000e+02 1.4163560066e+04 4.0045531100e+00
9.07000e+02 1.4155319537e+04 2.0024653011e+00
9.08000e+02 1.4144959664e+04 2.5929049854e+00
9.09000e+02 1.4134619625e+04 2.4461163328e+00
9.10000e+02 1.4124481767e+04 2.2216558311e+00
9.11000e+02 1.4112974998e+04 5.6466250100e+00
9.12000e+02 1.4101526768e+04 6.7965825719e+00
9.13000e+02 1.4091384943e+04 1.9821368759e-01
9.14000e+02 1.4083478636e+04 2.7505916170e+01
9.15000e+02 1.4074535205e+04 2.3112657513e+01
9.16000e+02 1.4065777341e+04 2.8883806516e+00
9.17000e+02 1.4058180749e+04 2.4933177296e+01
9.18000e+02 1.4050654263e+04 2.2098856461e+01
9.19000e+02 1.4041707887e+04 1.8540501652e+00
9.20000e+02 1.4032756195e+04 2.5102071583e+01
9.21000e+02 1.4025090684e+04 6.8918558894e-02
9.22000e+02 1.4017529516e+04 1.0353233879e-01
9.23000e+02 1.4008565411e+04 1.7728976475e-02
9.24000e+02 1.3999605916e+04 7.6652740166e-02
9.25000e+02 1.3990668335e+04 2.6522949152e-02
9.26000e+02 1.3981726775e+04 1.7935178716e-02
9.27000e+02 1.3972807461e+04 1.8267449608e-02
9.28000e+02 1.3963881807e+04 1.5906151993e-02
9.29000e+02 1.3956246501e+04 3.0204703235e-02
9.30000e+02 1.3948715539e+04 6.0381638392e-02
9.31000e+02 1.3939782252e+04 1.3973459590e-02
9.32000e+02 1.3930513575e+04 1.8125688991e+00
9.33000e+02 1.3921496021e+04 1.8848808167e+00
9.34000e+02 1.3912736522e+04 1.9632956483e-01
9.35000e+02 1.3905159294e+04 5.8077945278e-02
9.36000e+02 1.3899527866e+04 2.2748788489e+00
9.37000e+02 1.3892809650e+04 2.2993393762e+00
9.38000e+02 1.3886507667e+04 2.5155355578e+00
9.39000e+02 1.3880093798e+04 7.0866191245e-01
9.40000e+02 1.3873028399e+04 2.2032772923e+00
9.41000e+02 1.3867124952e+04 2.2868723564e+01
9.42000e+02 1.3861232908e+04 2.3106470875e+01
9.43000e+02 1.3855329264e+04 2.3083561919e+01
9.44000e+02 1.3849416055e+04 4.4650949536e+00
9.45000e+02 1.3842539799e+04 2.0430330042e+00
9.46000e+02 1.3835569551e+04 2.5153644804e+01
9.47000e+02 1.3828705830e+04 2.5115956036e+01
9.48000e+02 1.3822311887e+04 9.1960195716e-02
9.49000e+02 1.3815826818e+04 2.2998616703e+01
9.50000e+02 1.3809281064e+04 1.5181129150e-01
9.51000e+02 1.3804022086e+04 2.2953139394e+01
9.52000e+02 1.3798840737e+04 2.0522554098e+01
9.53000e+02 1.3792260058e+04 9.5609518053e-02
9.54000e+02 1.3785104248e+04 2.0843099411e+01
9.55000e+02 1.3778177263e+04 1.1771533025e+00
9.56000e+02 1.3771188136e+04 1.6668237694e-01
9.57000e+02 1.3765264979e+04 4.4801421208e+00
9.58000e+02 1.3757436591e+04 2.6470388565e+00
9.59000e+02 1.3748343212e+04 3.6265899926e+00
9.60000e+02 1.3738971461e+04 6.8582851503e+00
9.61000e+02 1.3729885006e+04 2.1594698670e+00
9.62000e+02 1.3721075929e+04 2.5193509135e+01
9.63000e+02 1.3712197088e+04 2.4953778131e+01
9.64000e+02 1.3703296839e+04 9.1171543132e-02
9.65000e+02 1.3694417169e+04 9.1908572142e-02
9.66000e+02 1.3685176401e+04 1.3098259532e-01
9.67000e+02 1.3677147776e+04 2.1054689207e+00
9.68000e+02 1.3667015110e+04 2.3042776735e+00
9.69000e+02 1.3656893860e+04 4.8622725993e+00
9.70000e+02 1.3649057814e+04 2.7118410692e+01
9.71000e+02 1.3641147780e+04 2.6502911499e+01
9.72000e+02 1.3631070790e+04 4.8017345869e+00
9.73000e+02 1.3619717341e+04 2.4737791729e+00
9.74000e+02 1.3608440798e+04 7.2337052319e+00
9.75000e+02 1.3598477719e+04 2.6933121260e+01
9.76000e+02 1.3588661176e+04 2.6335448464e+01
9.77000e+02 1.3577448616e+04 8.6214157384e-01
9.78000e+02 1.3566137183e+04 5.3615919354e+00
9.79000e+02 1.3556057445e+04 2.6394937839e+00
9.80000e+02 1.3545986302e+04 3.4226600645e+00
9.81000e+02 1.3534998732e+04 3.3519771659e+01
9.82000e+02 1.3523902401e+04 2.7710597874e+01
9.83000e+02 1.3512952875e+04 8.2916676242e-01
9.84000e+02 1.3502021344e+04 2.6561175347e+01
9.85000e+02 1.3492256812e+04 3.2206907397e+00
9.86000e+02 1.3484658160e+04 2.5453208183e+01
9.87000e+02 1.3476941617e+04 2.6483797185e+01
9.88000e+02 1.3469155323e+04 6.5765327655e+00
9.89000e+02 1.3461347072e+04 1.8809723861e+00
9.90000e+02 1.3453503752e+04 5.7026014373e-02
9.91000e+02 1.3444701662e+04 2.4387178618e+01
9.92000e+02 1.3436135396e+04 1.8142776765e+00
9.93000e+02 1.3428743771e+04 2.4844112604e+01
9.94000e+02 1.3421425395e+04 1.6368875333e+00
9.95000e+02 1.3413965430e+04 1.5669111810e+00
9.96000e+02 1.3408461158e+04 1.9608466189e+01
9.97000e+02 1.3401867058e+04 4.0204533254e+00
9.98000e+02 1.3395702032e+04 2.4012400592e+00
9.99000e+02 1.3390695096e+04 2.4530283383e+00
1.00000e+03 1.3385724088e+04 2.3473688039e+00
1.00100e+03 1.3380609258e+04 2.2371275572e+00
1.00200e+03 1.3377207426e+04 3.7035948263e+00
1.00300e+03 1.3372689545e+04 4.4750586012e+00
1.00400e+03 1.3368037364e+04 1.5820514628e+01
1.00500e+03 1.3363440997e+04 7.8486757512e-02
1.00600e+03 1.3359541165e+04 2.2651945275e+00
1.00700e+03 1.3355541661e+04 1.9070767867e+01
1.00800e+03 1.3351448192e+04 1.9245334476e+01
1.00900e+03 1.3347367852e+04 1.9306924947e+01
1.01000e+03 1.3342432166e+04 3.6191366774e-01
1.01100e+03 1.3337699293e+04 1.7099665445e+01
1.01200e+03 1.3332909656e+04 5.8472814437e+00
1.01300e+03 1.3328208312e+04 3.1529331160e-02
1.01400e+03 1.3324216372e+04 2.0817161077e+00
1.01500e+03 1.3320138255e+04 2.0774108547e+00
1.01600e+03 1.3315977583e+04 1.6873143229e-01
1.01700e+03 1.3311838243e+04 2.2978665357e-01
1.01800e+03 1.3307645590e+04 3.1980838367e-02
1.01900e+03 1.3304756617e+04 2.2258570099e+00
1.02000e+03 1.3301930370e+04 1.6866550232e+01
1.02100e+03 1.3298993435e+04 1.6897646040e+01
1.02200e+03 1.3297565195e+04 3.7243682881e-01
1.02300e+03 1.3295015497e+04 1.2850017519e-01
1.02400e+03 1.3293355644e+04 1.2124317249e+01
1.02500e+03 1.3291606476e+04 4.8985149551e+00
1.02600e+03 1.3289747369e+04 1.9925441281e-01
1.02700e+03 1.3289184372e+04 2.3739389994e+00
1.02800e+03 1.3288655274e+04 1.2212034962e+01
1.02900e+03 1.3286743438e+04 1.6266827958e-01
1.03000e+03 1.3284774237e+04 2.2614714418e+00
1.03100e+03 1.3284122957e+04 7.5734340152e+00
1.03200e+03 1.3283522579e+04 7.6371401179e+00
1.03300e+03 1.3282825924e+04 4.5376086549e-02
1.03400e+03 1.3282189085e+04 8.1791185135e-02
1.03500e+03 1.3280183823e+04 9.3426043708e-02
1.03600e+03 1.3277156867e+04 1.7626799328e+00
1.03700e+03 1.3274325700e+04 5.7772896767e+00
1.03800e+03 1.3271463524e+04 1.6478017894e-01
1.03900e+03 1.3268688719e+04 2.2097658026e-01
1.04000e+03 1.3266853004e+04 7.4777059811e+00
1.04100e+03 1.3266219497e+04 6.3148749762e-02
1.04200e+03 1.3265608722e+04 8.9149165959e-02
1.04300e+03 1.3264889212e+04 8.6002548210e-02
1.04400e+03 1.3264224779e+04 1.3957492581e-01
1.04500e+03 1.3262188821e+04 1.8948370357e+00
1.04600e+03 1.3259132732e+04 1.9391293258e-01
1.04700e+03 1.3256272878e+04 2.7876798471e-01
1.04800e+03 1.3253382447e+04 1.6565858243e-01
1.04900e+03 1.3250580528e+04 2.2342774015e-01
1.05000e+03 1.3247721291e+04 3.1193316028e-02
1.05100e+03 1.3245893965e+04 1.4373637214e+01
1.05200e+03 1.3244092591e+04 1.4732397959e+01
1.05300e+03 1.3242252490e+04 1.2489034747e+01
1.05400e+03 1.3240434137e+04 2.4498655534e+00
1.05500e+03 1.3237627469e+04 2.6413612592e-02
1.05600e+03 1.3235747604e+04 6.6980930631e-02
1.05700e+03 1.3235079193e+04 1.2425160762e+01
1.05800e+03 1.3234437942e+04 2.7230198312e+00
1.05900e+03 1.3232414090e+04 1.5041579649e-02
1.06000e+03 1.3230338632e+04 2.9267675757e+00
1.06100e+03 1.3229587275e+04 2.8032429597e+00
1.06200e+03 1.3228893662e+04 3.7335806285e-02
1.06300e+03 1.3228108651e+04 7.0952363939e-02
1.06400e+03 1.3228624235e+04 2.3603239090e+00
1.06500e+03 1.3228006248e+04 2.1886812524e+00
1.06600e+03 1.3228504275e+04 2.5734842230e+00
1.06700e+03 1.3228927966e+04 2.4475435592e+00
1.06800e+03 1.3229231768e+04 2.2508713772e+00
1.06900e+03 1.3229572498e+04 8.2961145285e-02
1.07000e+03 1.3229827831e+04 1.3134654045e-01
1.07100e+03 1.3230134374e+04 3.4187796306e-02
1.07200e+03 1.3230364110e+04 5.9750854141e-02
1.07300e+03 1.3231924137e+04 2.7717750607e+00
1.07400e+03 1.3234529383e+04 4.2761554225e+00
1.07500e+03 1.3236936168e+04 6.1879062879e+00
1.07600e+03 1.3238318719e+04 4.4042291263e+00
1.07700e+03 1.3239726163e+04 4.1192967947e+00
1.07800e+03 1.3241217035e+04 1.0832069525e-01
1.07900e+03 1.3242640971e+04 1.6490752971e-02
1.08000e+03 1.3244127177e+04 4.6652938572e-03
1.08100e+03 1.3244267422e+04 1.6629726287e-01
1.08200e+03 1.3244360140e+04 3.0314936956e-01
1.08300e+03 1.3244525434e+04 2.5049192297e-02
1.08400e+03 1.3243444885e+04 1.2800582652e+01
1.08500e+03 1.3243507422e+04 2.3442476613e+00
1.08600e+03 1.3242389249e+04 2.7454857815e+00
1.08700e+03 1.3240053007e+04 1.3360509176e+01
1.08800e+03 1.3237735603e+04 1.0224281613e+01
1.08900e+03 1.3236781598e+04 2.3779403728e+00
1.09000e+03 1.3237153865e+04 2.2329792863e+00
1.09100e+03 1.3237370628e+04 2.0765201159e+00
1.09200e+03 1.3237595173e+04 1.4772170520e-01
1.09300e+03 1.3237760675e+04 1.9883461696e-01
1.09400e+03 1.3236695196e+04 1.0162053081e+01
1.09500e+03 1.3234401483e+04 1.8862802771e+00
1.09600e+03 1.3232117824e+04 2.3418176196e+00
1.09700e+03 1.3229918835e+04 9.4723834852e-02
1.09800e+03 1.3226716912e+04 2.1213734293e+00
1.09900e+03 1.3224687948e+04 2.1944663730e+00
1.10000e+03 1.3221249229e+04 2.3732397347e+00
1.10100e+03 1.3216588880e+04 4.5806116140e+00
1.10200e+03 1.3211221006e+04 2.1659507691e+00
1.10300e+03 1.3206112896e+04 2.1560942327e+01
1.10400e+03 1.3201744284e+04 2.0849533824e+00
1.10500e+03 1.3198602960e+04 4.5656386347e+00
1.10600e+03 1.3196981243e+04 1.4728338021e+01
1.10700e+03 1.3194250712e+04 2.3775790006e+00
1.10800e+03 1.3191415161e+04 1.0349752191e+01
1.10900e+03 1.3189594271e+04 1.2874343613e+01
1.11000e+03 1.3186316472e+04 4.4001534319e+00
1.11100e+03 1.3183059010e+04 1.4829747661e+01
1.11200e+03 1.3179933108e+04 4.7852285567e+00
1.11300e+03 1.3175456357e+04 1.0404741925e+01
1.11400e+03 1.3170219767e+04 8.6831437206e+00
1.11500e+03 1.3166168945e+04 3.8611239237e+00
1.11600e+03 1.3160477842e+04 1.2442993694e+01
1.11700e+03 1.3154829242e+04 2.3911388715e+00
1.11800e+03 1.3151028807e+04 8.4608213228e+00
1.11900e+03 1.3147124952e+04 8.3053935560e+00
1.12000e+03 1.3143212068e+04 1.1245068675e-01
1.12100e+03 1.3138323413e+04 1.0582679168e+01
1.12200e+03 1.3133358690e+04 1.0300229039e+01
1.12300e+03 1.3128492967e+04 2.2931110606e-02
1.12400e+03 1.3124330512e+04 1.9686377478e+01
1.12500e+03 1.3121362076e+04 5.8845341303e+00
1.12600e+03 1.3118437697e+04 2.2501800028e+00
1.12700e+03 1.3114121254e+04 1.9506383202e+01
1.12800e+03 1.3109004299e+04 1.2932468505e-01
1.12900e+03 1.3105054140e+04 1.5864210576e-01
1.13000e+03 1.3101146598e+04 1.0543845264e+01
1.13100e+03 1.3096274841e+04 1.9672725129e+01
1.13200e+03 1.3091331417e+04 8.1694790697e+00
1.13300e+03 1.3087445019e+04 9.0991661351e+00
1.13400e+03 1.3083575538e+04 1.7395016163e+01
1.13500e+03 1.3078729519e+04 2.5738259937e-02
1.13600e+03 1.3073806796e+04 9.0693661725e+00
1.13700e+03 1.3068981215e+04 2.0439307911e-02
1.13800e+03 1.3064082294e+04 2.3802014990e-02
1.13900e+03 1.3060230126e+04 3.4229679921e-02
1.14000e+03 1.3054702170e+04 1.0354429912e+01
1.14100e+03 1.3047917377e+04 2.4683497497e+00
1.14200e+03 1.3041174726e+04 1.0331049171e+01
1.14300e+03 1.3034496492e+04 1.0214158611e+01
1.14400e+03 1.3027257843e+04 2.3055327851e+00
1.14500e+03 1.3020276104e+04 1.2476876641e+01
1.14600e+03 1.3013802724e+04 2.6927047567e-01
1.14700e+03 1.3008532103e+04 2.1809187736e+01
1.14800e+03 1.3004982697e+04 3.5427015698e-01
1.14900e+03 1.3000331917e+04 2.5999605785e+00
1.15000e+03 1.2995556536e+04 2.4632678668e+00
1.15100e+03 1.2991803652e+04 1.0244790859e+01
1.15200e+03 1.2988047701e+04 1.0441090969e+01
1.15300e+03 1.2983299466e+04 9.7456176161e-02
1.15400e+03 1.2978463916e+04 1.0294714650e+01
1.15500e+03 1.2974672454e+04 3.8578143702e-02
1.15600e+03 1.2969207510e+04 2.1724365950e+01
1.15700e+03 1.2963757395e+04 1.8660148810e+01
1.15800e+03 1.2958456269e+04 2.4546532477e+00
1.15900e+03 1.2953069776e+04 6.3622152330e-02
1.16000e+03 1.2947801110e+04 3.2460358882e-02
1.16100e+03 1.2942435551e+04 2.0933694028e-02
1.16200e+03 1.2938839572e+04 1.2143218653e-01
1.16300e+03 1.2935109713e+04 1.8297740415e+01
1.16400e+03 1.2931352811e+04 2.0602744644e+00
1.16500e+03 1.2926604323e+04 2.5206419923e-04
1.16600e+03 1.2922548490e+04 2.1988302364e+01
1.16700e+03 1.2919687260e+04 5.6742605676e-01
1.16800e+03 1.2918297724e+04 2.3671146749e+00
1.16900e+03 1.2916729004e+04 2.4676718457e+00
1.17000e+03 1.2913672507e+04 2.2121679749e+00
1.17100e+03 1.2909345063e+04 1.5994904298e+01
1.17200e+03 1.2905020264e+04 1.5640653045e+01
1.17300e+03 1.2902025849e+04 2.2315627155e+00
1.17400e+03 1.2900548529e+04 8.7784699844e-02
1.17500e+03 1.2898918072e+04 1.4943354275e-01
1.17600e+03 1.2895811896e+04 1.3192034731e+01
1.17700e+03 1.2892717042e+04 1.8813545068e-01
1.17800e+03 1.2891192042e+04 4.7679726430e-02
1.17900e+03 1.2889519839e+04 8.9377944911e-02
1.18000e+03 1.2886373957e+04 2.2765372939e-01
1.18100e+03 1.2883246806e+04 7.9929918263e-02
1.18200e+03 1.2881698017e+04 2.3788848802e-02
1.18300e+03 1.2879052593e+04 1.6511631245e+01
1.18400e+03 1.2877307973e+04 4.5417125911e+00
1.18500e+03 1.2876758836e+04 2.5542491301e+00
1.18600e+03 1.2876224803e+04 5.0836939846e+00
1.18700e+03 1.2874301846e+04 2.4044872586e+00
1.18800e+03 1.2872321027e+04 2.3154961268e+00
1.18900e+03 1.2871660109e+04 1.1178131479e-01
1.19000e+03 1.2871052753e+04 1.8499276329e-01
1.19100e+03 1.2870351352e+04 4.0482317946e-02
1.19200e+03 1.2870939852e+04 1.2015919185e+01
1.19300e+03 1.2870392162e+04 2.0977342141e+00
1.19400e+03 1.2870966202e+04 2.4027476210e+00
1.19500e+03 1.2872736201e+04 9.5325033908e+00
1.19600e+03 1.2874495385e+04 2.4015854633e-01
1.19700e+03 1.2876144150e+04 1.2123402280e-01
1.19800e+03 1.2877822679e+04 8.0654064289e-02
1.19900e+03 1.2879408052e+04 6.3392363336e-02
1.20000e+03 1.2882056578e+04 2.0600261941e+00
1.20100e+03 1.2884499773e+04 5.8543045055e+00
1.20200e+03 1.2885921555e+04 2.5674719596e-01
1.20300e+03 1.2886100508e+04 2.1019096901e+00
1.20400e+03 1.2886253054e+04 8.8794379964e-01
1.20500e+03 1.2887760745e+04 1.9802845513e+00
1.20600e+03 1.2889322508e+04 2.2397891962e+00
1.20700e+03 1.2889536567e+04 3.5105900597e-02
1.20800e+03 1.2888512282e+04 1.2526361285e+01
1.20900e+03 1.2887671205e+04 1.0906377847e+01
1.21000e+03 1.2888023085e+04 2.3440491130e-01
1.21100e+03 1.2889605557e+04 7.4781766068e-02
1.21200e+03 1.2892220809e+04 5.8817248874e+00
1.21300e+03 1.2893676510e+04 2.5309481547e+00
1.21400e+03 1.2895046660e+04 3.2077392619e+00
1.21500e+03 1.2897393507e+04 7.0286204533e-01
1.21600e+03 1.2898746971e+04 1.7322910127e-01
1.21700e+03 1.2898861043e+04 1.0478807909e+01
1.21800e+03 1.2897765482e+04 3.1678708424e+00
1.21900e+03 1.2896870736e+04 2.3504469680e+00
1.22000e+03 1.2895972424e+04 1.9724953298e-01
1.22100e+03 1.2896113464e+04 2.3788630770e+00
1.22200e+03 1.2895048272e+04 9.6416785298e+00
1.22300e+03 1.2892756321e+04 2.4060227153e+00
1.22400e+03 1.2889509292e+04 4.7252021600e+00
1.22500e+03 1.2887450561e+04 7.2960437658e+00
1.22600e+03 1.2885473281e+04 9.7055066725e+00
1.22700e+03 1.2882537917e+04 2.0406178556e+00
1.22800e+03 1.2880538710e+04 9.5741096691e+00
1.22900e+03 1.2879766765e+04 1.2766025261e+01
1.23000e+03 1.2880270275e+04 4.4221269587e-01
1.23100e+03 1.2880590006e+04 2.1573018311e+00
1.23200e+03 1.2880902811e+04 1.9070541794e-01
1.23300e+03 1.2881145190e+04 7.7351641343e-02
1.23400e+03 1.2880155369e+04 5.5735519114e+00
1.23500e+03 1.2879205053e+04 5.0871526090e+00
1.23600e+03 1.2878372675e+04 1.5744264412e-01
1.23700e+03 1.2876200234e+04 9.4450252744e+00
1.23800e+03 1.2874007791e+04 1.5277738662e+01
1.23900e+03 1.2873159690e+04 1.0221528292e-01
1.24000e+03 1.2872386169e+04 9.3767228940e+00
1.24100e+03 1.2870257752e+04 3.4191143171e+00
1.24200e+03 1.2868098110e+04 2.6159072516e+00
1.24300e+03 1.2867275545e+04 2.5536016211e-02
1.24400e+03 1.2867750321e+04 1.6197047485e-01
1.24500e+03 1.2867104952e+04 1.0737678132e+01
1.24600e+03 1.2866370864e+04 7.0082253033e+00
1.24700e+03 1.2865681735e+04 7.0449781644e+00
1.24800e+03 1.2866148605e+04 2.6520223937e+00
1.24900e+03 1.2867816658e+04 2.6524266550e+00
1.25000e+03 1.2870494291e+04 3.2454002445e+00
1.25100e+03 1.2871997723e+04 2.1925618817e+00
1.25200e+03 1.2874841685e+04 5.0268658436e+00
1.25300e+03 1.2877607662e+04 1.8470110906e+00
1.25400e+03 1.2880226495e+04 2.2512936802e-01
1.25500e+03 1.2884160517e+04 9.7618586609e-01
1.25600e+03 1.2888094991e+04 3.7593607716e+00
1.25700e+03 1.2891940277e+04 8.8735496842e-02
1.25800e+03 1.2896619398e+04 2.0014884216e+00
1.25900e+03 1.2900119506e+04 2.0315831205e+00
1.26000e+03 1.2905195596e+04 1.3934006003e+00
1.26100e+03 1.2910209993e+04 3.4155233698e+00
1.26200e+03 1.2915066236e+04 2.1984674554e-01
1.26300e+03 1.2919974127e+04 3.2613321048e-01
1.26400e+03 1.2924762390e+04 6.7979751927e-02
1.26500e+03 1.2929619038e+04 1.1915420121e-01
1.26600e+03 1.2934366780e+04 4.0522220101e-02
1.26700e+03 1.2939189360e+04 7.4549464501e-02
1.26800e+03 1.2943908235e+04 2.8866660497e-02
1.26900e+03 1.2949982268e+04 4.2282335777e+00
1.27000e+03 1.2956655214e+04 1.9938260756e+00
1.27100e+03 1.2962142193e+04 3.0220195575e+00
1.27200e+03 1.2967575836e+04 6.1677316925e+00
1.27300e+03 1.2973958886e+04 2.1428620712e+00
1.27400e+03 1.2979806965e+04 6.0489630309e+00
1.27500e+03 1.2985704250e+04 1.8150844056e+00
1.27600e+03 1.2992274661e+04 2.0381835592e+00
1.27700e+03 1.2997669881e+04 4.9997484204e+00
1.27800e+03 1.3003022584e+04 2.0597793866e+00
1.27900e+03 1.3009336723e+04 1.9672341721e+00
1.28000e+03 1.3015116091e+04 1.7445592135e+00
1.28100e+03 1.3020951314e+04 1.9740829355e+00
1.28200e+03 1.3026849834e+04 2.0912605994e+00
1.28300e+03 1.3031436632e+04 6.8846060571e+00
1.28400e+03 1.3035952181e+04 7.8060581594e+00
1.28500e+03 1.3040566591e+04 6.7663762768e-01
1.28600e+03 1.3043498461e+04 4.5556703166e-01
1.28700e+03 1.3046590202e+04 4.0326660518e-01
1.28800e+03 1.3051330075e+04 2.2432345018e-01
1.28900e+03 1.3057324504e+04 9.7332992906e-01
1.29000e+03 1.3063306633e+04 1.0559661042e+00
1.29100e+03 1.3067947498e+04 2.5055413794e-01
1.29200e+03 1.3072497271e+04 7.8225712896e-01
1.29300e+03 1.3078410772e+04 9.7398203162e-01
1.29400e+03 1.3084343032e+04 9.2313784021e-01
1.29500e+03 1.3088948522e+04 7.4610006696e-01
1.29600e+03 1.3091879638e+04 7.5295258739e-04
1.29700e+03 1.3094960421e+04 9.9461583874e-01
1.29800e+03 1.3099683650e+04 1.1464640824e+00
1.29900e+03 1.3105661228e+04 9.8629166159e-01
1.30000e+03 1.3112235282e+04 1.9689092668e+00
1.30100e+03 1.3117616332e+04 3.4455846010e+00
1.30200e+03 1.3122942900e+04 3.0451400348e+00
1.30300e+03 1.3128267253e+04 5.6697713153e-02
1.30400e+03 1.3135428108e+04 3.4229312507e+00
1.30500e+03 1.3143817439e+04 2.4117531396e+00
1.30600e+03 1.3152150214e+04 5.7951623738e+00
1.30700e+03 1.3160404826e+04 5.6546486360e+00
1.30800e+03 1.3169056174e+04 2.6703412299e+00
1.30900e+03 1.3176491108e+04 5.5300900478e+00
1.31000e+03 1.3185950710e+04 1.0357082038e+01
1.31100e+03 1.3195369833e+04 1.9725183777e+01
1.31200e+03 1.3202563707e+04 7.3352242502e+00
1.31300e+03 1.3209839420e+04 1.0187504311e+01
1.31400e+03 1.3219206951e+04 7.8335513574e+00
1.31500e+03 1.3228552646e+04 7.7522896413e+00
1.31600e+03 1.3235689226e+04 1.0120023027e+01
1.31700e+03 1.3243871496e+04 1.0448746484e+01
1.31800e+03 1.3251773629e+04 2.0888511660e+01
1.31900e+03 1.3258488164e+04 2.6311607156e+00
1.32000e+03 1.3263345238e+04 2.2795056098e+00
1.32100e+03 1.3268357632e+04 5.5623981677e+00
1.32200e+03 1.3275249828e+04 2.6406724461e+00
1.32300e+03 1.3283416278e+04 2.0779460721e+01
1.32400e+03 1.3291560428e+04 5.3305392069e+00
1.32500e+03 1.3298378869e+04 2.7419387753e+00
1.32600e+03 1.3305095320e+04 7.5413060040e+00
1.32700e+03 1.3313190420e+04 5.2538591305e+00
1.32800e+03 1.3321698931e+04 2.1115875414e+01
1.32900e+03 1.3329968347e+04 2.6279978368e+01
1.33000e+03 1.3337893248e+04 5.0293553525e+00
1.33100e+03 1.3344615573e+04 7.4376485532e+00
1.33200e+03 1.3351270538e+04 5.1871198422e+00
1.33300e+03 1.3358041942e+04 5.2310115586e+00
1.33400e+03 1.3364724084e+04 2.4567093973e+00
1.33500e+03 1.3372792880e+04 4.9980210696e+00
1.33600e+03 1.3380871425e+04 5.1466671994e+00
1.33700e+03 1.3388910086e+04 5.1113864109e+00
1.33800e+03 1.3397386923e+04 1.4808562852e+01
1.33900e+03 1.3405622897e+04 1.0132404016e+01
1.34000e+03 1.3413918358e+04 9.9408955843e+00
1.34100e+03 1.3422099620e+04 5.4600742423e+00
1.34200e+03 1.3429958064e+04 4.8861741206e+00
1.34300e+03 1.3437895960e+04 5.4140206546e+00
1.34400e+03 1.3445891181e+04 5.5453836548e+00
1.34500e+03 1.3452592562e+04 2.3842292228e+00
1.34600e+03 1.3459214273e+04 1.3017941333e+01
1.34700e+03 1.3467228021e+04 4.9821924752e+00
1.34800e+03 1.3475259082e+04 5.0130501767e+00
1.34900e+03 1.3481984778e+04 1.3029239103e+01
1.35000e+03 1.3488622587e+04 4.9933085198e+00
1.35100e+03 1.3495368973e+04 5.0090052726e+00
1.35200e+03 1.3500223963e+04 3.5971873302e+01
1.35300e+03 1.3505222673e+04 3.5787536464e+01
1.35400e+03 1.3510258939e+04 5.5159032225e+00
1.35500e+03 1.3515338719e+04 8.1070783108e-02
1.35600e+03 1.3520425234e+04 1.3123742030e-01
1.35700e+03 1.3525540777e+04 3.5763219493e-02
1.35800e+03 1.3530654435e+04 6.2871430147e-02
1.35900e+03 1.3536745758e+04 7.8244378334e+00
1.36000e+03 1.3542918700e+04 1.1148708633e+01
1.36100e+03 1.3548044298e+04 1.0055015599e-02
1.36200e+03 1.3554997902e+04 2.6622621840e+00
1.36300e+03 1.3563202586e+04 6.4221554267e+00
1.36400e+03 1.3571777005e+04 2.4014769316e+00
1.36500e+03 1.3580085443e+04 5.8393730920e+00
1.36600e+03 1.3588436302e+04 5.6099741682e+00
1.36700e+03 1.3595704113e+04 4.8018116779e+00
1.36800e+03 1.3605021535e+04 6.4330842666e+00
1.36900e+03 1.3614310752e+04 1.1629082249e+01
1.37000e+03 1.3623422896e+04 7.3429088505e+00
1.37100e+03 1.3633892269e+04 1.0268128874e+01
1.37200e+03 1.3644325562e+04 1.9075825453e+01
1.37300e+03 1.3653438886e+04 7.1596730109e+00
1.37400e+03 1.3662427892e+04 7.0293752506e+00
1.37500e+03 1.3671521485e+04 7.0026152450e+00
1.37600e+03 1.3680495984e+04 6.9811061612e+00
1.37700e+03 1.3690855315e+04 9.7200845684e+00
1.37800e+03 1.3701198394e+04 1.1348239129e+01
1.37900e+03 1.3710235499e+04 6.9176371922e+00
1.38000e+03 1.3719159345e+04 6.8600657652e+00
1.38100e+03 1.3729471356e+04 1.1289571294e+01
1.38200e+03 1.3739773360e+04 9.5091194636e+00
1.38300e+03 1.3748773864e+04 6.8166035166e+00
1.38400e+03 1.3757665075e+04 6.7771525860e+00
1.38500e+03 1.3767947051e+04 9.4695756512e+00
1.38600e+03 1.3778221699e+04 9.4327493086e+00
1.38700e+03 1.3787196856e+04 6.7450287825e+00
1.38800e+03 1.3794068594e+04 9.9568828687e+00
1.38900e+03 1.3802011629e+04 4.5328907670e+01
1.39000e+03 1.3810092283e+04 4.5013373141e+01
1.39100e+03 1.3817141097e+04 4.1163272277e+01
1.39200e+03 1.3826251655e+04 6.9576309459e+00
1.39300e+03 1.3836631533e+04 1.4399632626e+01
1.39400e+03 1.3846963021e+04 1.4442073840e+01
1.39500e+03 1.3857243821e+04 9.4501391897e+00
1.39600e+03 1.3867515720e+04 9.3810988293e+00
1.39700e+03 1.3876480538e+04 6.9403346107e+00
1.39800e+03 1.3883341179e+04 4.5272482213e+01
1.39900e+03 1.3890319026e+04 1.0255211796e+01
1.40000e+03 1.3897346153e+04 2.8582243325e+00
1.40100e+03 1.3905359897e+04 2.3870057348e+01
1.40200e+03 1.3913481008e+04 2.3886644788e+01
1.40300e+03 1.3921506274e+04 4.9533457000e+00
1.40400e+03 1.3929205787e+04 2.5723857893e+00
1.40500e+03 1.3936994152e+04 1.1821106534e+01
1.40600e+03 1.3944849703e+04 1.1965323429e+01
1.40700e+03 1.3951417745e+04 3.8340947473e+00
1.40800e+03 1.3957913504e+04 3.1571917372e+01
1.40900e+03 1.3965806388e+04 4.5462401863e+00
1.41000e+03 1.3973722572e+04 4.6023272376e+00
1.41100e+03 1.3981607669e+04 4.5899385726e+00
1.41200e+03 1.3989521364e+04 4.5828594079e+00
1.41300e+03 1.3997402256e+04 4.5740707298e+00
1.41400e+03 1.4005312805e+04 4.5663508400e+00
1.41500e+03 1.4013191132e+04 4.5592198897e+00
1.41600e+03 1.4021099676e+04 4.5526555289e+00
1.41700e+03 1.4027706215e+04 2.5347971283e+01
1.41800e+03 1.4032453644e+04 2.3823143821e+01
1.41900e+03 1.4038296212e+04 2.0544911624e+01
1.42000e+03 1.4044266858e+04 2.3322294168e+01
1.42100e+03 1.4049223724e+04 2.6143859412e+01
1.42200e+03 1.4054189534e+04 2.0742746765e+01
1.42300e+03 1.4059197377e+04 1.9262828264e+01
1.42400e+03 1.4066040618e+04 1.8598682189e+01
1.42500e+03 1.4072858752e+04 1.9423445246e+01
1.42600e+03 1.4077726552e+04 9.8010054337e-02
1.42700e+03 1.4082718394e+04 1.1391319203e-01
1.42800e+03 1.4089563777e+04 3.0545254425e+00
1.42900e+03 1.4096391476e+04 2.4292686394e+00
1.43000e+03 1.4103077493e+04 2.2674736579e+00
1.43100e+03 1.4111125162e+04 5.2888055265e+00
1.43200e+03 1.4119580170e+04 2.4843625581e+00
1.43300e+03 1.4126836490e+04 7.0472992695e+00
1.43400e+03 1.4134056715e+04 8.0129510496e+00
1.43500e+03 1.4142222589e+04 5.3765456665e+00
1.43600e+03 1.4150470561e+04 5.4534891644e+00
1.43700e+03 1.4157647232e+04 3.1424667142e+00
1.43800e+03 1.4164819454e+04 3.0913220149e+00
1.43900e+03 1.4171996883e+04 3.0889888695e+00
1.44000e+03 1.4181236012e+04 2.5531115355e+00
1.44100e+03 1.4190444221e+04 1.0956063403e+01
1.44200e+03 1.4197452599e+04 2.9220556163e+00
1.44300e+03 1.4204555085e+04 2.8441902089e+00
1.44400e+03 1.4211688336e+04 2.9662185646e+00
1.44500e+03 1.4218836560e+04 3.0089912766e+00
1.44600e+03 1.4225993186e+04 3.0293568745e+00
1.44700e+03 1.4234111319e+04 5.4002948920e+00
1.44800e+03 1.4242320447e+04 1.2033708462e+01
1.44900e+03 1.4250420974e+04 1.2004068883e+01
1.45000e+03 1.4258610124e+04 5.0050718848e+00
1.45100e+03 1.4266696584e+04 4.9859995090e+00
1.45200e+03 1.4274875081e+04 4.9703608308e+00
1.45300e+03 1.4281997975e+04 3.0009981021e+00
1.45400e+03 1.4289126349e+04 9.9778118889e+00
1.45500e+03 1.4297225036e+04 4.9776179537e+00
1.45600e+03 1.4305004739e+04 1.6295489053e+01
1.45700e+03 1.4312858626e+04 2.9723264085e+01
1.45800e+03 1.4320769866e+04 1.8684265433e+01
1.45900e+03 1.4327386642e+04 1.6285113722e+01
1.46000e+03 1.4333925430e+04 2.6797494796e+01
1.46100e+03 1.4341857884e+04 4.5349344137e+00
1.46200e+03 1.4350230307e+04 5.1665660423e+00
1.46300e+03 1.4358373471e+04 5.2058765181e+00
1.46400e+03 1.4366165448e+04 4.4111353964e+00
1.46500e+03 1.4374028283e+04 4.3371060349e+00
1.46600e+03 1.4381945596e+04 4.4581052764e+00
1.46700e+03 1.4389838276e+04 4.4834915058e+00
1.46800e+03 1.4397764201e+04 4.4876199268e+00
1.46900e+03 1.4404388653e+04 4.1420381214e+00
1.47000e+03 1.4410931960e+04 1.3346694996e+01
1.47100e+03 1.4418866089e+04 4.5245815260e+00
1.47200e+03 1.4427238214e+04 5.2003728573e+00
1.47300e+03 1.4435380298e+04 1.2637391125e+01
1.47400e+03 1.4443171221e+04 4.3850555962e+00
1.47500e+03 1.4451032858e+04 4.3081781692e+00
1.47600e+03 1.4458948810e+04 4.4288986013e+00
1.47700e+03 1.4466840123e+04 4.4541455746e+00
1.47800e+03 1.4475197400e+04 1.2609905526e+01
1.47900e+03 1.4482368903e+04 2.7484153047e+01
1.48000e+03 1.4491559682e+04 1.5921089805e+01
1.48100e+03 1.4502001066e+04 2.5500714320e+00
1.48200e+03 1.4512582639e+04 2.2242958887e+00
1.48300e+03 1.4522878568e+04 1.0958985923e+01
1.48400e+03 1.4533229327e+04 1.0717212516e+01
1.48500e+03 1.4543437630e+04 9.1897972852e+00
1.48600e+03 1.4553735908e+04 9.1281274240e+00
1.48700e+03 1.4563907424e+04 9.0822109816e+00
1.48800e+03 1.4574177375e+04 9.0448017584e+00
1.48900e+03 1.4583370745e+04 1.7927035393e+01
1.49000e+03 1.4594846787e+04 4.8327841231e+00
1.49100e+03 1.4607588996e+04 2.9733004736e+01
1.49200e+03 1.4620242836e+04 2.3838887463e+00
1.49300e+03 1.4631635419e+04 7.0271638002e+00
1.49400e+03 1.4643005901e+04 5.6241935618e+01
1.49500e+03 1.4655284404e+04 1.3524250017e+01
1.49600e+03 1.4667693319e+04 4.1193447160e+01
1.49700e+03 1.4678909924e+04 5.6643485102e+01
1.49800e+03 1.4687804353e+04 1.1034673771e+01
1.49900e+03 1.4697763557e+04 9.0192702456e+00
1.50000e+03 1.4707876608e+04 1.9980188233e+01
1.50100e+03 1.4717897442e+04 8.6832684239e+00
1.50200e+03 1.4727829251e+04 2.4771064774e+00
1.50300e+03 1.4737864902e+04 1.9635154273e+01
1.50400e+03 1.4748185259e+04 8.8818913014e+00
1.50500e+03 1.4758270766e+04 8.9376825047e+00
1.50600e+03 1.4768235839e+04 1.9648783086e+01
1.50700e+03 1.4777023406e+04 8.5946012560e+00
1.50800e+03 1.4783750714e+04 2.4446460499e+01
1.50900e+03 1.4790621319e+04 4.8908538882e+01
1.51000e+03 1.4799588156e+04 4.6809586019e+01
1.51100e+03 1.4809841719e+04 9.0909212302e+00
1.51200e+03 1.4820275429e+04 1.1155440521e+01
1.51300e+03 1.4830443644e+04 1.1226992966e+01
1.51400e+03 1.4840478255e+04 9.1513686126e+00
1.51500e+03 1.4850588355e+04 1.1000822736e+01
1.51600e+03 1.4860959728e+04 9.0400856427e+00
1.51700e+03 1.4871083176e+04 8.9862782999e+00
1.51800e+03 1.4881285883e+04 8.8086259003e+00
1.51900e+03 1.4891367897e+04 8.7583832038e+00
1.52000e+03 1.4901553739e+04 8.7327603978e+00
1.52100e+03 1.4911626494e+04 8.7147687901e+00
1.52200e+03 1.4921806594e+04 8.7003112672e+00
1.52300e+03 1.4931875520e+04 8.6877821777e+00
1.52400e+03 1.4941844481e+04 1.0924172692e+01
1.52500e+03 1.4950640188e+04 2.4430153702e+01
1.52600e+03 1.4959366541e+04 1.9831168142e+01
1.52700e+03 1.4969506171e+04 3.5276031343e+01
1.52800e+03 1.4979654520e+04 3.5420142814e+01
1.52900e+03 1.4988511985e+04 1.3205355069e+01
1.53000e+03 1.4995282907e+04 4.6371444377e+01
1.53100e+03 1.5003134002e+04 6.4914281098e+00
1.53200e+03 1.5010700496e+04 2.5818550343e+00
1.53300e+03 1.5017103823e+04 3.0727338876e+01
1.53400e+03 1.5021699317e+04 4.3095087354e+00
1.53500e+03 1.5027422308e+04 4.7073771220e+00
1.53600e+03 1.5032640155e+04 8.2183207756e-01
1.53700e+03 1.5036696402e+04 1.9581189470e+00
1.53800e+03 1.5039187314e+04 6.8072512534e+00
1.53900e+03 1.5042833154e+04 2.8981617257e+00
1.54000e+03 1.5046615449e+04 1.1682931602e+00
1.54100e+03 1.5050371648e+04 1.1035926772e-01
1.54200e+03 1.5053352882e+04 2.8045090036e-01
1.54300e+03 1.5056426039e+04 2.0376684942e+00
1.54400e+03 1.5059619877e+04 2.1260321261e-01
1.54500e+03 1.5061518638e+04 8.9579298048e+00
1.54600e+03 1.5063391923e+04 2.6352056969e+01
1.54700e+03 1.5065374970e+04 8.4285358421e-02
1.54800e+03 1.5067315587e+04 6.7331224581e-02
1.54900e+03 1.5070632477e+04 4.5612470704e-01
1.55000e+03 1.5074847979e+04 5.4345549361e-01
1.55100e+03 1.5077924662e+04 4.0035905873e+01
1.55200e+03 1.5082560645e+04 3.1510355875e+00
1.55300e+03 1.5087154480e+04 2.6107884585e+00
1.55400e+03 1.5091613137e+04 1.7732736580e-01
1.55500e+03 1.5097416252e+04 2.4862251154e+00
1.55600e+03 1.5103845559e+04 2.2138051748e+00
1.55700e+03 1.5110044440e+04 2.3749021562e+00
1.55800e+03 1.5115656158e+04 1.6131943875e-01
1.55900e+03 1.5121318511e+04 3.0192089453e-01
1.56000e+03 1.5127679584e+04 2.3042934751e+00
1.56100e+03 1.5133823981e+04 9.2793731166e-01
1.56200e+03 1.5140016535e+04 7.5849073410e-01
1.56300e+03 1.5146110113e+04 7.0691343089e-01
1.56400e+03 1.5152277266e+04 6.8080495460e-01
1.56500e+03 1.5157400315e+04 2.0463659747e+00
1.56600e+03 1.5164349049e+04 4.6721977396e+00
1.56700e+03 1.5172548418e+04 5.1184529410e+00
1.56800e+03 1.5180708080e+04 7.3596594838e+00
1.56900e+03 1.5187528529e+04 5.5716104808e+00
1.57000e+03 1.5194236823e+04 4.8728947084e+00
1.57100e+03 1.5202316478e+04 4.6511490695e+00
1.57200e+03 1.5210806282e+04 2.3226514723e+00
1.57300e+03 1.5219052603e+04 7.6037306030e+00
1.57400e+03 1.5227352848e+04 7.4065676990e+00
1.57500e+03 1.5235534126e+04 4.8835830953e+00
1.57600e+03 1.5243386931e+04 4.3396413025e+00
1.57700e+03 1.5251314901e+04 4.7969414559e+00
1.57800e+03 1.5259725118e+04 4.9886712953e+00
1.57900e+03 1.5266952349e+04 1.0317201470e+01
1.58000e+03 1.5274156323e+04 1.8408615883e+01
1.58100e+03 1.5281361331e+04 1.0154965745e+01
1.58200e+03 1.5290628515e+04 1.1997532320e+01
1.58300e+03 1.5299865400e+04 1.9269992924e+01
1.58400e+03 1.5306900988e+04 2.6311884910e+00
1.58500e+03 1.5314030397e+04 2.5529573419e+00
1.58600e+03 1.5321190911e+04 2.6753308321e+00
1.58700e+03 1.5328366376e+04 2.7187114795e+00
1.58800e+03 1.5337610235e+04 6.8656858893e+00
1.58900e+03 1.5348101391e+04 7.5468686505e+00
1.59000e+03 1.5358527672e+04 1.4904942089e+01
1.59100e+03 1.5367621446e+04 6.7157088524e+00
1.59200e+03 1.5374578784e+04 2.5128168287e+00
1.59300e+03 1.5382594776e+04 1.4111427214e+01
1.59400e+03 1.5390325642e+04 3.3632666959e+00
1.59500e+03 1.5398148778e+04 9.9849130608e+00
1.59600e+03 1.5406474530e+04 1.4012850338e+01
1.59700e+03 1.5413629495e+04 3.3454543807e+00
1.59800e+03 1.5420768970e+04 6.2134813530e+00
1.59900e+03 1.5428872917e+04 4.7937631034e+00
1.60000e+03 1.5436658903e+04 3.9713662471e+00
1.60100e+03 1.5443250768e+04 2.8497089695e+00
1.60200e+03 1.5447995439e+04 2.3941653193e+00
1.60300e+03 1.5452898670e+04 5.4916544844e+00
1.60400e+03 1.5459672545e+04 8.1552556941e+00
1.60500e+03 1.5467723212e+04 4.1949252008e+00
1.60600e+03 1.5475755977e+04 4.4375091280e+00
1.60700e+03 1.5482465551e+04 2.9131920823e+00
1.60800e+03 1.5487288546e+04 7.8324452829e-02
1.60900e+03 1.5492245668e+04 4.5760253920e-01
1.61000e+03 1.5499063123e+04 4.2343095887e+00
1.61100e+03 1.5505873590e+04 4.3309686197e+00
1.61200e+03 1.5512550085e+04 1.8358391558e+00
1.61300e+03 1.5519315305e+04 1.7887552598e+00
1.61400e+03 1.5524171581e+04 3.3280611366e-02
1.61500e+03 1.5530117411e+04 4.8964451499e+00
1.61600e+03 1.5535551843e+04 1.1654324524e+00
1.61700e+03 1.5541071478e+04 3.0663074500e+00
1.61800e+03 1.5547323896e+04 7.6071842804e+00
1.61900e+03 1.5553379365e+04 1.2739056724e+00
1.62000e+03 1.5559496002e+04 1.1368508979e+00
1.62100e+03 1.5565525637e+04 4.9062849049e-01
1.62200e+03 1.5571637225e+04 4.8508885283e-01
1.62300e+03 1.5576712317e+04 6.1820486058e+00
1.62400e+03 1.5583615163e+04 2.0133177733e+00
1.62500e+03 1.5591774078e+04 3.6403453588e+00
1.62600e+03 1.5600310190e+04 2.4245241948e+00
1.62700e+03 1.5608583738e+04 5.1506157262e+00
1.62800e+03 1.5616901709e+04 4.9273245404e+00
1.62900e+03 1.5624138353e+04 4.1728566594e+00
1.63000e+03 1.5631365324e+04 1.4170478354e+01
1.63100e+03 1.5638592221e+04 5.7789593952e+00
1.63200e+03 1.5645819519e+04 2.7833770320e+00
1.63300e+03 1.5654001312e+04 4.8306421754e+00
1.63400e+03 1.5662269906e+04 4.7764345243e+00
1.63500e+03 1.5669468588e+04 2.7523789123e+00
1.63600e+03 1.5676665036e+04 2.7187766381e+00
1.63700e+03 1.5684824346e+04 4.7491754471e+00
1.63800e+03 1.5692665877e+04 5.3432796363e+00
1.63900e+03 1.5699308814e+04 1.3174381091e+01
1.64000e+03 1.5705888923e+04 1.2838469484e+01
1.64100e+03 1.5713868345e+04 1.1936661362e+01
1.64200e+03 1.5722284553e+04 4.8920402598e+00
1.64300e+03 1.5730470538e+04 4.9138224871e+00
1.64400e+03 1.5738308651e+04 1.1921306711e+01
1.64500e+03 1.5746216996e+04 4.8160723904e+00
1.64600e+03 1.5754178877e+04 4.9350242209e+00
1.64700e+03 1.5760844617e+04 1.5630749338e+00
1.64800e+03 1.5765644114e+04 6.5495188408e+00
1.64900e+03 1.5770588011e+04 7.0042430043e+00
1.65000e+03 1.5775573258e+04 1.8575000805e-01
1.65100e+03 1.5780607209e+04 2.7561749659e-01
1.65200e+03 1.5787484761e+04 6.8083981876e+00
1.65300e+03 1.5794340456e+04 6.9915442458e+00
1.65400e+03 1.5799243868e+04 8.1835452113e-02
1.65500e+03 1.5804270579e+04 1.6060891962e+00
1.65600e+03 1.5811155919e+04 2.0428980278e+00
1.65700e+03 1.5819300342e+04 4.4091194524e+00
1.65800e+03 1.5827412585e+04 4.5550727292e+00
1.65900e+03 1.5834192048e+04 1.9646234733e+00
1.66000e+03 1.5839071559e+04 2.3900316846e-02
1.66100e+03 1.5845032836e+04 6.4988517183e+00
1.66200e+03 1.5850481441e+04 2.6636373744e+00
1.66300e+03 1.5854746514e+04 2.5143904102e+00
1.66400e+03 1.5858985180e+04 2.7707422927e-01
1.66500e+03 1.5864623513e+04 6.1654560439e-01
1.66600e+03 1.5870309297e+04 3.7875086622e-01
1.66700e+03 1.5875958786e+04 3.6721612178e-01
1.66800e+03 1.5881655045e+04 3.5637403057e-01
1.66900e+03 1.5887310621e+04 3.4993093348e-01
1.67000e+03 1.5893012212e+04 3.4424886106e-01
1.67100e+03 1.5897400516e+04 1.5356566818e-01
1.67200e+03 1.5900149791e+04 4.3621163538e+00
1.67300e+03 1.5904012951e+04 5.8373848124e+00
1.67400e+03 1.5907140072e+04 2.5744691759e+00
1.67500e+03 1.5909082970e+04 1.5706688312e+00
1.67600e+03 1.5909664859e+04 7.9989334147e+00
1.67700e+03 1.5910457569e+04 2.4699424364e+00
1.67800e+03 1.5912665824e+04 3.3627699990e+00
1.67900e+03 1.5914865831e+04 3.9770359255e+00
1.68000e+03 1.5915598007e+04 1.5028733789e-01
1.68100e+03 1.5917460674e+04 4.5723877296e+00
1.68200e+03 1.5918352907e+04 2.2348883517e+00
1.68300e+03 1.5919315851e+04 9.8410843235e+00
1.68400e+03 1.5921470243e+04 3.8897866859e+00
1.68500e+03 1.5923471065e+04 2.0944980125e+00
1.68600e+03 1.5925508118e+04 1.1733845489e-01
1.68700e+03 1.5926535080e+04 3.1251560264e+00
1.68800e+03 1.5927530017e+04 6.0569545432e+00
1.68900e+03 1.5928586403e+04 2.9424565336e-02
1.69000e+03 1.5929614920e+04 6.2975960874e-02
1.69100e+03 1.5931652166e+04 3.6423362968e-02
1.69200e+03 1.5932685775e+04 7.1406517738e+00
1.69300e+03 1.5932496430e+04 2.3893516268e+00
1.69400e+03 1.5931140281e+04 2.3846659450e+00
1.69500e+03 1.5930001513e+04 2.1951545200e+00
1.69600e+03 1.5930050105e+04 1.1828652515e+01
1.69700e+03 1.5931345947e+04 3.8499646805e+00
1.69800e+03 1.5932675521e+04 2.0909971033e+00
1.69900e+03 1.5932649574e+04 1.1653425810e+01
1.70000e+03 1.5931408037e+04 2.1890028182e-01
1.70100e+03 1.5931309520e+04 6.3186250066e+00
1.70200e+03 1.5931291731e+04 7.3404366684e+00
1.70300e+03 1.5930293700e+04 1.1676086316e+01
1.70400e+03 1.5930444613e+04 3.9060473895e+00
1.70500e+03 1.5930556457e+04 2.4098534939e-01
1.70600e+03 1.5929393164e+04 6.2340626439e+00
1.70700e+03 1.5929365543e+04 4.9686594119e+00
1.70800e+03 1.5928141072e+04 6.5624129678e+00
1.70900e+03 1.5926970331e+04 9.7996782669e+00
1.71000e+03 1.5925933071e+04 7.6869387539e+00
1.71100e+03 1.5923566823e+04 6.0014560816e+00
1.71200e+03 1.5921192303e+04 1.2315311751e+01
1.71300e+03 1.5920169948e+04 1.4838587355e-01
1.71400e+03 1.5920476533e+04 9.0921770470e+00
1.71500e+03 1.5919673812e+04 6.4112950834e+00
1.71600e+03 1.5919983966e+04 2.8329122386e+00
1.71700e+03 1.5921501932e+04 6.5427646492e+00
1.71800e+03 1.5923023197e+04 3.4369293353e+00
1.71900e+03 1.5923169289e+04 1.9212371795e-01
1.72000e+03 1.5922070042e+04 4.8996443962e+00
1.72100e+03 1.5921146643e+04 5.0154227816e+00
1.72200e+03 1.5921401920e+04 4.4747722268e+00
1.72300e+03 1.5921612604e+04 4.8301524917e+00
1.72400e+03 1.5920534948e+04 2.1590389612e-02
1.72500e+03 1.5919633426e+04 4.3445298266e-02
1.72600e+03 1.5918712404e+04 1.5663493463e-01
1.72700e+03 1.5917864540e+04 2.1013627921e-01
1.72800e+03 1.5916972750e+04 2.9230941763e-02
1.72900e+03 1.5917100214e+04 1.1221539882e+01
1.73000e+03 1.5917267933e+04 1.1349183127e+01
1.73100e+03 1.5916428108e+04 3.7241257057e-02
1.73200e+03 1.5915536470e+04 1.1210166208e+01
1.73300e+03 1.5914712366e+04 6.5355342832e+00
1.73400e+03 1.5915048228e+04 2.0357420689e+00
1.73500e+03 1.5916596103e+04 6.2620599969e+00
1.73600e+03 1.5918149977e+04 4.9846447257e+00
1.73700e+03 1.5919604286e+04 5.0732256609e+00
1.73800e+03 1.5921101039e+04 5.7121006838e-02
1.73900e+03 1.5921238280e+04 8.4511567290e+00
1.74000e+03 1.5920142104e+04 2.0453799053e-01
1.74100e+03 1.5920181208e+04 1.1417053216e+01
1.74200e+03 1.5920296258e+04 8.7439688251e+00
1.74300e+03 1.5920379707e+04 4.4344641085e-02
1.74400e+03 1.5920511032e+04 1.6273658965e-02
1.74500e+03 1.5920605547e+04 1.1066450632e-02
1.74600e+03 1.5919475885e+04 1.1069120139e+01
1.74700e+03 1.5917128369e+04 2.4847567318e+00
1.74800e+03 1.5914799950e+04 1.3988231982e+01
1.74900e+03 1.5912563003e+04 2.7077585993e+00
1.75000e+03 1.5910305768e+04 7.1184191752e-02
1.75100e+03 1.5909397055e+04 1.1148193655e+01
1.75200e+03 1.5909799579e+04 2.7119980181e-01
1.75300e+03 1.5909087591e+04 4.7399181186e+00
1.75400e+03 1.5909494815e+04 2.3506132644e+00
1.75500e+03 1.5909833999e+04 2.5761303821e+00
1.75600e+03 1.5908859172e+04 1.1228931412e+01
1.75700e+03 1.5908048596e+04 1.1316290202e+01
1.75800e+03 1.5908418974e+04 2.5367080809e+00
1.75900e+03 1.5908735030e+04 1.0922021042e+01
1.76000e+03 1.5907745051e+04 1.5151958187e-02
1.76100e+03 1.5907878916e+04 8.4178303997e+00
1.76200e+03 1.5906824656e+04 1.1233894182e+01
1.76300e+03 1.5904543353e+04 2.5973594851e+00
1.76400e+03 1.5902274134e+04 1.1335123275e+01
1.76500e+03 1.5900091863e+04 2.3491438154e-01
1.76600e+03 1.5896906890e+04 1.0604405802e+01
1.76700e+03 1.5894895889e+04 2.1448655314e+00
1.76800e+03 1.5892955166e+04 1.5554361067e+01
1.76900e+03 1.5891003027e+04 1.3764669772e+01
1.77000e+03 1.5887604650e+04 2.3441174242e+00
1.77100e+03 1.5882984005e+04 1.3032173811e+01
1.77200e+03 1.5878405021e+04 2.3097657066e+00
1.77300e+03 1.5873911441e+04 1.2706447939e-01
1.77400e+03 1.5869416464e+04 8.4007251904e-02
1.77500e+03 1.5864988861e+04 6.5976057053e-02
1.77600e+03 1.5859775985e+04 6.9996617054e+00
1.77700e+03 1.5854800143e+04 1.7393779699e+01
1.77800e+03 1.5850558752e+04 2.5358668095e-01
1.77900e+03 1.5846262560e+04 2.2348298379e+00
1.78000e+03 1.5841910456e+04 1.1071415744e-01
1.78100e+03 1.5837598483e+04 1.2638347722e-01
1.78200e+03 1.5833251845e+04 5.4658017589e-03
1.78300e+03 1.5828951220e+04 1.6808516465e-02
1.78400e+03 1.5824617820e+04 1.3238195618e-02
1.78500e+03 1.5820330854e+04 2.6883942584e-02
1.78600e+03 1.5816010932e+04 1.3478283129e-02
1.78700e+03 1.5811737133e+04 2.6630521508e-02
1.78800e+03 1.5806649341e+04 1.0796783424e+01
1.78900e+03 1.5802737679e+04 3.6747976905e+00
1.79000e+03 1.5798873066e+04 1.9345917658e+01
1.79100e+03 1.5794045458e+04 3.2311407291e-01
1.79200e+03 1.5789922552e+04 1.9701595757e-01
1.79300e+03 1.5787005531e+04 1.7902685242e+01
1.79400e+03 1.5784138058e+04 1.7353878195e+01
1.79500e+03 1.5781157834e+04 1.7399726826e+01
1.79600e+03 1.5779695070e+04 2.4018487348e+00
1.79700e+03 1.5778067691e+04 1.4642841841e+01
1.79800e+03 1.5774961389e+04 2.5139531577e+00
1.79900e+03 1.5770595162e+04 1.0439074530e-01
1.80000e+03 1.5765469794e+04 6.1693037089e+00
1.80100e+03 1.5760581118e+04 1.3575148025e-01
1.80200e+03 1.5756437300e+04 2.0076532897e+01
1.80300e+03 1.5752239217e+04 1.9888311573e+01
1.80400e+03 1.5747196806e+04 2.1857255225e-01
1.80500e+03 1.5742370780e+04 1.9993806892e+01
1.80600e+03 1.5738281989e+04 1.5156461805e+01
1.80700e+03 1.5735397351e+04 1.1314843761e+00
1.80800e+03 1.5732560469e+04 1.3707430516e+01
1.80900e+03 1.5729611175e+04 6.4656679361e-02
1.81000e+03 1.5728175535e+04 1.4601075179e+01
1.81100e+03 1.5726574360e+04 1.4560270106e+01
1.81200e+03 1.5723496489e+04 3.0558077811e-01
1.81300e+03 1.5719158218e+04 1.5592848331e+00
1.81400e+03 1.5714057605e+04 2.0032015435e+01
1.81500e+03 1.5709193169e+04 1.5179714526e+01
1.81600e+03 1.5704296912e+04 6.6707508021e+00
1.81700e+03 1.5699511476e+04 7.8999356338e-02
1.81800e+03 1.5694662023e+04 4.6804163720e-02
1.81900e+03 1.5690864441e+04 2.1964071121e+00
1.82000e+03 1.5687084433e+04 1.9084287981e+01
1.82100e+03 1.5683284050e+04 2.9626624711e+00
1.82200e+03 1.5677809349e+04 2.3968297112e+00
1.82300e+03 1.5671091210e+04 1.6102075938e+01
1.82400e+03 1.5664422083e+04 1.5145750436e+00
1.82500e+03 1.5657822325e+04 1.3946805199e+00
1.82600e+03 1.5651228675e+04 7.5477081429e-02
1.82700e+03 1.5645959154e+04 2.2260995240e+01
1.82800e+03 1.5642432890e+04 2.7059563367e+00
1.82900e+03 1.5638777733e+04 2.2492061424e+00
1.83000e+03 1.5633424618e+04 2.2117148521e+01
1.83100e+03 1.5626803446e+04 5.3988306013e-02
1.83200e+03 1.5620214208e+04 2.2234323141e+01
1.83300e+03 1.5613683267e+04 1.1379207853e+01
1.83400e+03 1.5607149298e+04 5.5269569046e-02
1.83500e+03 1.5601932601e+04 1.6361336257e+01
1.83600e+03 1.5598448913e+04 2.2043800412e+00
1.83700e+03 1.5593879049e+04 1.2691525889e+01
1.83800e+03 1.5589192087e+04 7.2383761146e+00
1.83900e+03 1.5584574893e+04 7.2784677613e+00
1.84000e+03 1.5580666126e+04 1.1209638332e+01
1.84100e+03 1.5577937272e+04 2.8566798830e-01
1.84200e+03 1.5576658177e+04 2.2045922861e+00
1.84300e+03 1.5574240433e+04 2.1994502979e+00
1.84400e+03 1.5572717244e+04 2.3855782693e+00
1.84500e+03 1.5572367743e+04 4.5817398777e+00
1.84600e+03 1.5573215994e+04 2.1273453966e+00
1.84700e+03 1.5572894304e+04 2.0960544728e+00
1.84800e+03 1.5572456254e+04 4.2489113798e+00
1.84900e+03 1.5572992650e+04 1.0097176526e+01
1.85000e+03 1.5573541484e+04 1.0386495867e+01
1.85100e+03 1.5574012159e+04 7.8720236625e+00
1.85200e+03 1.5574502123e+04 6.4402457734e+00
1.85300e+03 1.5574928197e+04 4.4600443697e-02
1.85400e+03 1.5575381911e+04 3.6250362034e-02
1.85500e+03 1.5574821364e+04 4.0058056237e+00
1.85600e+03 1.5575432277e+04 4.4865074626e+00
1.85700e+03 1.5575984974e+04 4.0971621495e+00
1.85800e+03 1.5575202725e+04 1.2810853226e+01
1.85900e+03 1.5575538875e+04 8.9924907922e-02
1.86000e+03 1.5574702040e+04 5.2254944931e+00
1.86100e+03 1.5572633817e+04 1.4655095291e+01
1.86200e+03 1.5569583539e+04 2.2680289854e+00
1.86300e+03 1.5567712810e+04 7.4271474685e+00
1.86400e+03 1.5564454480e+04 4.1621554413e+00
1.86500e+03 1.5561251533e+04 1.7574355843e+01
1.86600e+03 1.5559655424e+04 1.9519765742e+00
1.86700e+03 1.5557936840e+04 1.7173882315e+00
1.86800e+03 1.5556223641e+04 1.1708951603e-01
1.86900e+03 1.5554475085e+04 1.4694500784e-01
1.87000e+03 1.5552753185e+04 8.7004642455e-03
1.87100e+03 1.5550047305e+04 1.4179508993e+01
1.87200e+03 1.5547281785e+04 1.3880571468e+01
1.87300e+03 1.5545556344e+04 1.4422726433e-02
1.87400e+03 1.5542400696e+04 1.2797098170e+01
1.87500e+03 1.5539276843e+04 1.9034536591e+00
1.87600e+03 1.5537740810e+04 1.3979462740e+01
1.87700e+03 1.5535115797e+04 8.0867478126e-02
1.87800e+03 1.5532401242e+04 1.3175106393e-01
1.87900e+03 1.5529755640e+04 2.0589461257e-02
1.88000e+03 1.5527044493e+04 1.7160789855e-02
1.88100e+03 1.5525359661e+04 1.3924874451e+01
1.88200e+03 1.5522240132e+04 3.6119697166e-02
1.88300e+03 1.5519146656e+04 1.3935106800e+01
1.88400e+03 1.5517633878e+04 8.3473256546e-02
1.88500e+03 1.5515983438e+04 1.1778255608e-01
1.88600e+03 1.5514330208e+04 1.4045272918e-01
1.88700e+03 1.5511677530e+04 7.0760117933e-03
1.88800e+03 1.5508956599e+04 1.6852944046e-02
1.88900e+03 1.5507268581e+04 1.7789050476e-01
1.89000e+03 1.5504149131e+04 7.8372845564e-05
1.89100e+03 1.5499784979e+04 2.2959288866e+00
1.89200e+03 1.5494668272e+04 2.3957756878e+00
1.89300e+03 1.5489798421e+04 2.2171736215e+00
1.89400e+03 1.5485685616e+04 1.9917131647e+01
1.89500e+03 1.5482793902e+04 1.4484033837e-01
1.89600e+03 1.5481391909e+04 1.9707882385e+00
1.89700e+03 1.5479827079e+04 7.6534063064e-01
1.89800e+03 1.5476790479e+04 2.2107829247e+00
1.89900e+03 1.5472493653e+04 1.9124733234e+01
1.90000e+03 1.5468208396e+04 1.4410745232e+01
1.90100e+03 1.5463989644e+04 7.8073928634e-02
1.90200e+03 1.5459751555e+04 4.7167644319e-02
1.90300e+03 1.5455569147e+04 3.6344094724e-02
1.90400e+03 1.5451358965e+04 2.7907115098e-02
1.90500e+03 1.5447199362e+04 2.2805043037e-02
1.90600e+03 1.5442216178e+04 2.0814336122e+00
1.90700e+03 1.5437456633e+04 2.1161104225e+01
1.90800e+03 1.5433445200e+04 1.9874828113e-01
1.90900e+03 1.5430641010e+04 1.8812939220e+00
1.91000e+03 1.5427885274e+04 1.5836842197e+01
1.91100e+03 1.5425017340e+04 6.3743755084e-02
1.91200e+03 1.5423654801e+04 1.3255728972e+01
1.91300e+03 1.5421174189e+04 2.2789320208e+00
1.91400e+03 1.5419597014e+04 4.9116649069e-01
1.91500e+03 1.5419206650e+04 1.0764902880e+01
1.91600e+03 1.5420026274e+04 2.1821626961e+00
1.91700e+03 1.5420638512e+04 9.9657137768e+00
1.91800e+03 1.5421228980e+04 5.7972622343e+00
1.91900e+03 1.5420777806e+04 2.0294386227e+00
1.92000e+03 1.5420253263e+04 1.2377240406e+01
1.92100e+03 1.5419773606e+04 1.2286395877e+01
1.92200e+03 1.5419233147e+04 6.4309663291e+00
1.92300e+03 1.5419694862e+04 5.9419871409e+00
1.92400e+03 1.5420185650e+04 1.0346381492e+01
1.92500e+03 1.5419654221e+04 5.1771627092e-02
1.92600e+03 1.5420293924e+04 5.7025896022e-01
1.92700e+03 1.5420873399e+04 1.0167876019e+01
1.92800e+03 1.5421339232e+04 8.1408716466e+00
1.92900e+03 1.5421847890e+04 6.0326131507e+00
1.93000e+03 1.5421052555e+04 6.1656548782e+00
1.93100e+03 1.5420430344e+04 8.7932019420e+00
1.93200e+03 1.5419786680e+04 1.2640522959e-01
1.93300e+03 1.5420165506e+04 1.7822081655e-01
1.93400e+03 1.5420586115e+04 3.2520738272e-01
1.93500e+03 1.5420951570e+04 1.3370022664e-02
1.93600e+03 1.5421352566e+04 3.2969272997e-02
1.93700e+03 1.5421703918e+04 1.4103093162e-02
1.93800e+03 1.5420849129e+04 8.9168722098e+00
1.93900e+03 1.5418769949e+04 4.7587716691e+00
1.94000e+03 1.5415713251e+04 2.6185229878e+00
1.94100e+03 1.5413840454e+04 1.1132104422e+01
1.94200e+03 1.5412047662e+04 1.0761531255e+01
1.94300e+03 1.5409292647e+04 2.1328045439e+00
1.94400e+03 1.5406491404e+04 1.0428869772e+01
1.94500e+03 1.5403784532e+04 4.8143502699e-02
1.94600e+03 1.5402035095e+04 2.2152705732e+00
1.94700e+03 1.5400224812e+04 1.9441582710e+00
1.94800e+03 1.5398329425e+04 1.4594963689e-01
1.94900e+03 1.5396477679e+04 1.8726729291e-01
1.95000e+03 1.5393563021e+04 6.5320104235e-02
1.95100e+03 1.5390848608e+04 2.3664005105e+00
1.95200e+03 1.5389111772e+04 1.5855132662e-01
1.95300e+03 1.5387319636e+04 2.1800303362e-01
1.95400e+03 1.5385443598e+04 1.3920170053e-01
1.95500e+03 1.5383610661e+04 1.7986388632e-01
1.95600e+03 1.5380712877e+04 4.6786813817e-01
1.95700e+03 1.5378013253e+04 3.4119761416e-02
1.95800e+03 1.5375282918e+04 1.6744879759e-01
1.95900e+03 1.5373592516e+04 1.8239524349e-01
1.96000e+03 1.5370479472e+04 2.2582540594e+00
1.96100e+03 1.5366124592e+04 2.5219439290e+00
1.96200e+03 1.5361794899e+04 2.4536544860e+00
1.96300e+03 1.5357541247e+04 2.3499719130e+00
1.96400e+03 1.5352489417e+04 2.1392816424e+00
1.96500e+03 1.5347675232e+04 4.5657622432e+00
1.96600e+03 1.5343614806e+04 2.6926602249e-01
1.96700e+03 1.5339499874e+04 4.0771673800e-01
1.96800e+03 1.5335326909e+04 1.1253827078e-01
1.96900e+03 1.5332465151e+04 1.7342161510e+01
1.97000e+03 1.5331096339e+04 1.9611247244e+00
1.97100e+03 1.5328617000e+04 2.4914170180e+00
1.97200e+03 1.5326031096e+04 2.4659266564e+00
1.97300e+03 1.5324452877e+04 2.1438136808e+00
1.97400e+03 1.5321441163e+04 1.7223489736e+01
1.97500e+03 1.5317173972e+04 2.6468431704e-01
1.97600e+03 1.5312138134e+04 4.5916045093e+00
1.97700e+03 1.5308295586e+04 1.4408833633e+01
1.97800e+03 1.5302838210e+04 2.4456620423e+00
1.97900e+03 1.5296149800e+04 2.4212195225e+00
1.98000e+03 1.5288956627e+04 4.1153556236e+00
1.98100e+03 1.5282993082e+04 2.1209967489e+00
1.98200e+03 1.5275189182e+04 2.3465229485e+00
1.98300e+03 1.5267430898e+04 1.7041030884e+01
1.98400e+03 1.5261740700e+04 8.4210764482e+00
1.98500e+03 1.5255971360e+04 8.2184508337e+00
1.98600e+03 1.5248289800e+04 4.7582873136e+00
1.98700e+03 1.5239352149e+04 2.2492407112e+00
1.98800e+03 1.5230129331e+04 2.0296448004e+00
1.98900e+03 1.5221197123e+04 6.4528690873e+00
1.99000e+03 1.5212567205e+04 2.8909390904e+01
1.99100e+03 1.5203875252e+04 2.2781689082e+01
1.99200e+03 1.5195167119e+04 9.9745869167e+00
1.99300e+03 1.5187757357e+04 8.0641323325e+00
1.99400e+03 1.5182298772e+04 6.2148037576e+00
1.99500e+03 1.5176723382e+04 5.9960777223e+00
1.99600e+03 1.5169227045e+04 2.0014208235e+01
1.99700e+03 1.5161726935e+04 6.2989377329e+00
1.99800e+03 1.5154382507e+04 4.6545586011e+00
1.99900e+03 1.5145661634e+04 2.8920283185e-02
2.00000e+03 1.5136600943e+04 6.2842893437e+00
