remeshing time
0.00000e+00
1.00000e-01
4.00000e-01
7.00000e-01
8.00000e-01
9.00000e-01
1.20000e+00
1.50000e+00
1.80000e+00
2.00000e+00
2.30000e+00
2.60000e+00
2.90000e+00
3.00000e+00
3.10000e+00
3.20000e+00
3.30000e+00
3.50000e+00
3.60000e+00
3.90000e+00
4.00000e+00
4.10000e+00
4.30000e+00
4.50000e+00
4.70000e+00
5.00000e+00
5.20000e+00
5.40000e+00
5.50000e+00
5.80000e+00
6.00000e+00
6.20000e+00
6.40000e+00
6.60000e+00
6.90000e+00
7.40000e+00
7.70000e+00
7.80000e+00
8.00000e+00
8.20000e+00
8.50000e+00
8.70000e+00
9.00000e+00
9.20000e+00
9.50000e+00
9.80000e+00
1.01000e+01
1.02000e+01
1.03000e+01
1.06000e+01
1.08000e+01
1.09000e+01
1.10000e+01
1.11000e+01
1.14000e+01
1.17000e+01
1.20000e+01
1.22000e+01
1.25000e+01
1.27000e+01
1.30000e+01
1.32000e+01
1.34000e+01
1.37000e+01
1.38000e+01
1.41000e+01
1.42000e+01
1.44000e+01
1.46000e+01
1.48000e+01
1.49000e+01
1.50000e+01
1.51000e+01
1.52000e+01
1.55000e+01
1.57000e+01
1.60000e+01
1.61000e+01
1.62000e+01
1.64000e+01
1.66000e+01
1.67000e+01
1.69000e+01
1.74000e+01
1.76000e+01
1.78000e+01
1.80000e+01
1.81000e+01
1.84000e+01
1.86000e+01
1.89000e+01
1.90000e+01
1.91000e+01
1.92000e+01
1.93000e+01
1.95000e+01
1.97000e+01
2.00000e+01
2.01000e+01
2.04000e+01
2.07000e+01
2.08000e+01
2.09000e+01
2.12000e+01
2.15000e+01
2.18000e+01
2.20000e+01
2.22000e+01
2.24000e+01
2.26000e+01
2.29000e+01
2.30000e+01
2.31000e+01
2.32000e+01
2.33000e+01
2.35000e+01
2.36000e+01
2.39000e+01
2.40000e+01
2.41000e+01
2.43000e+01
2.45000e+01
2.47000e+01
2.50000e+01
2.52000e+01
2.54000e+01
2.55000e+01
2.58000e+01
2.60000e+01
2.61000e+01
2.62000e+01
2.65000e+01
2.67000e+01
2.70000e+01
2.72000e+01
2.75000e+01
2.78000e+01
2.81000e+01
2.82000e+01
2.83000e+01
2.86000e+01
2.88000e+01
2.89000e+01
2.90000e+01
2.91000e+01
2.94000e+01
2.97000e+01
3.00000e+01
3.01000e+01
3.03000e+01
3.06000e+01
3.09000e+01
3.10000e+01
3.11000e+01
3.12000e+01
3.13000e+01
3.15000e+01
3.16000e+01
3.19000e+01
3.20000e+01
3.21000e+01
3.23000e+01
3.25000e+01
3.27000e+01
3.30000e+01
3.32000e+01
3.34000e+01
3.35000e+01
3.38000e+01
3.40000e+01
3.42000e+01
3.44000e+01
3.46000e+01
3.49000e+01
3.51000e+01
3.52000e+01
3.53000e+01
3.55000e+01
3.57000e+01
3.58000e+01
3.59000e+01
3.60000e+01
3.61000e+01
3.63000e+01
3.65000e+01
3.67000e+01
3.68000e+01
3.69000e+01
3.72000e+01
3.74000e+01
3.76000e+01
3.78000e+01
3.80000e+01
3.81000e+01
3.83000e+01
3.85000e+01
3.88000e+01
3.91000e+01
3.93000e+01
3.95000e+01
3.98000e+01
4.01000e+01
4.02000e+01
4.04000e+01
4.05000e+01
4.07000e+01
4.10000e+01
4.11000e+01
4.14000e+01
4.17000e+01
4.19000e+01
4.20000e+01
4.21000e+01
4.23000e+01
4.25000e+01
4.27000e+01
4.30000e+01
4.32000e+01
4.35000e+01
4.38000e+01
4.41000e+01
4.42000e+01
4.43000e+01
4.46000e+01
4.48000e+01
4.49000e+01
4.50000e+01
4.51000e+01
4.54000e+01
4.57000e+01
4.60000e+01
4.62000e+01
4.65000e+01
4.67000e+01
4.70000e+01
4.72000e+01
4.74000e+01
4.77000e+01
4.78000e+01
4.81000e+01
4.82000e+01
4.84000e+01
4.86000e+01
4.88000e+01
4.89000e+01
4.90000e+01
4.91000e+01
4.92000e+01
4.95000e+01
4.97000e+01
5.00000e+01
5.01000e+01
5.04000e+01
5.06000e+01
5.09000e+01
5.10000e+01
5.11000e+01
5.12000e+01
5.13000e+01
5.15000e+01
5.17000e+01
5.20000e+01
5.21000e+01
5.24000e+01
5.27000e+01
5.28000e+01
5.29000e+01
5.32000e+01
5.35000e+01
5.38000e+01
5.40000e+01
5.43000e+01
5.46000e+01
5.49000e+01
5.50000e+01
5.51000e+01
5.52000e+01
5.53000e+01
5.55000e+01
5.56000e+01
5.59000e+01
5.60000e+01
5.61000e+01
5.63000e+01
5.65000e+01
5.67000e+01
5.70000e+01
5.72000e+01
5.74000e+01
5.75000e+01
5.78000e+01
5.80000e+01
5.81000e+01
5.83000e+01
5.85000e+01
5.87000e+01
5.90000e+01
5.92000e+01
5.95000e+01
5.98000e+01
6.01000e+01
6.02000e+01
6.03000e+01
6.06000e+01
6.08000e+01
6.09000e+01
6.10000e+01
6.11000e+01
6.14000e+01
6.17000e+01
6.20000e+01
6.22000e+01
6.25000e+01
6.27000e+01
6.30000e+01
6.32000e+01
6.35000e+01
6.38000e+01
6.40000e+01
6.41000e+01
6.43000e+01
6.46000e+01
6.49000e+01
6.50000e+01
6.51000e+01
6.52000e+01
6.53000e+01
6.55000e+01
6.56000e+01
6.59000e+01
6.60000e+01
6.61000e+01
6.63000e+01
6.65000e+01
6.67000e+01
6.70000e+01
6.72000e+01
6.75000e+01
6.78000e+01
6.81000e+01
6.82000e+01
6.83000e+01
6.86000e+01
6.88000e+01
6.89000e+01
6.90000e+01
6.91000e+01
6.94000e+01
6.97000e+01
7.00000e+01
7.02000e+01
7.05000e+01
7.07000e+01
7.10000e+01
7.12000e+01
7.14000e+01
7.17000e+01
7.18000e+01
7.21000e+01
7.22000e+01
7.24000e+01
7.26000e+01
7.28000e+01
7.29000e+01
7.30000e+01
7.31000e+01
7.32000e+01
7.35000e+01
7.37000e+01
7.40000e+01
7.41000e+01
7.42000e+01
7.44000e+01
7.46000e+01
7.47000e+01
7.49000e+01
7.51000e+01
7.53000e+01
7.55000e+01
7.58000e+01
7.61000e+01
7.62000e+01
7.63000e+01
7.65000e+01
7.67000e+01
7.69000e+01
7.70000e+01
7.71000e+01
7.74000e+01
7.77000e+01
7.79000e+01
7.80000e+01
7.82000e+01
7.84000e+01
7.86000e+01
7.88000e+01
7.91000e+01
7.94000e+01
7.97000e+01
8.00000e+01
8.01000e+01
8.02000e+01
8.03000e+01
8.06000e+01
8.08000e+01
8.09000e+01
8.10000e+01
8.11000e+01
8.14000e+01
8.15000e+01
8.17000e+01
8.19000e+01
8.22000e+01
8.24000e+01
8.26000e+01
8.28000e+01
8.29000e+01
8.32000e+01
8.34000e+01
8.37000e+01
8.38000e+01
8.44000e+01
8.46000e+01
8.48000e+01
8.49000e+01
8.52000e+01
8.53000e+01
8.56000e+01
8.58000e+01
8.60000e+01
8.61000e+01
8.63000e+01
8.65000e+01
8.68000e+01
8.72000e+01
8.73000e+01
8.75000e+01
8.77000e+01
8.80000e+01
8.81000e+01
8.83000e+01
8.86000e+01
8.89000e+01
8.92000e+01
8.96000e+01
8.98000e+01
9.00000e+01
9.01000e+01
9.03000e+01
9.05000e+01
9.08000e+01
9.11000e+01
9.14000e+01
9.17000e+01
9.20000e+01
9.21000e+01
9.23000e+01
9.26000e+01
9.29000e+01
9.32000e+01
9.36000e+01
9.38000e+01
9.40000e+01
9.42000e+01
9.44000e+01
9.46000e+01
9.48000e+01
9.52000e+01
9.53000e+01
9.55000e+01
9.57000e+01
9.59000e+01
9.60000e+01
9.61000e+01
9.62000e+01
9.63000e+01
9.65000e+01
9.67000e+01
9.69000e+01
9.70000e+01
9.71000e+01
9.74000e+01
9.77000e+01
9.79000e+01
9.80000e+01
9.82000e+01
9.84000e+01
9.86000e+01
9.88000e+01
9.91000e+01
9.94000e+01
9.97000e+01
1.00000e+02
1.00100e+02
1.00200e+02
1.00300e+02
1.00600e+02
1.00800e+02
1.00900e+02
1.01000e+02
1.01100e+02
1.01400e+02
1.01500e+02
1.01700e+02
1.01900e+02
1.02200e+02
1.02400e+02
1.02600e+02
1.02800e+02
1.02900e+02
1.03200e+02
1.03400e+02
1.03700e+02
1.03800e+02
1.04100e+02
1.04200e+02
1.04300e+02
1.04600e+02
1.04800e+02
1.04900e+02
1.05000e+02
1.05100e+02
1.05200e+02
1.05300e+02
1.05500e+02
1.05700e+02
1.05900e+02
1.06000e+02
1.06200e+02
1.06400e+02
1.06600e+02
1.06800e+02
1.07100e+02
1.07300e+02
1.07400e+02
1.07700e+02
1.07800e+02
1.08100e+02
1.08200e+02
1.08400e+02
1.08500e+02
1.08800e+02
1.08900e+02
1.09000e+02
1.09100e+02
1.09400e+02
1.09500e+02
1.09700e+02
1.09900e+02
1.10000e+02
1.10100e+02
1.10200e+02
1.10400e+02
1.10600e+02
1.10800e+02
1.10900e+02
1.11200e+02
1.11400e+02
1.11700e+02
1.11900e+02
1.12100e+02
1.12200e+02
1.12400e+02
1.12600e+02
1.12800e+02
1.12900e+02
1.13000e+02
1.13100e+02
1.13200e+02
1.13400e+02
1.13500e+02
1.13700e+02
1.13800e+02
1.13900e+02
1.14000e+02
1.14200e+02
1.14400e+02
1.14600e+02
1.14800e+02
1.14900e+02
1.15200e+02
1.15500e+02
1.15800e+02
1.16100e+02
1.16200e+02
1.16300e+02
1.16600e+02
1.16800e+02
1.16900e+02
1.17000e+02
1.17100e+02
1.17200e+02
1.17400e+02
1.17700e+02
1.17800e+02
1.18000e+02
1.18200e+02
1.18300e+02
1.18400e+02
1.18600e+02
1.18900e+02
1.19200e+02
1.19400e+02
1.19700e+02
1.20000e+02
1.20100e+02
1.20200e+02
1.20400e+02
1.20600e+02
1.20800e+02
1.20900e+02
1.21000e+02
1.21100e+02
1.21200e+02
1.21400e+02
1.21500e+02
1.21700e+02
1.21800e+02
1.22000e+02
1.22100e+02
1.22200e+02
1.22300e+02
1.22500e+02
1.22800e+02
1.23000e+02
1.23200e+02
1.23400e+02
1.23700e+02
1.24200e+02
1.24400e+02
1.24600e+02
1.24800e+02
1.24900e+02
1.25000e+02
1.25100e+02
1.25200e+02
1.25400e+02
1.25700e+02
1.25800e+02
1.26000e+02
1.26100e+02
1.26200e+02
1.26300e+02
1.26400e+02
1.26600e+02
1.26800e+02
1.27100e+02
1.27200e+02
1.27500e+02
1.27700e+02
1.28000e+02
1.28100e+02
1.28200e+02
1.28400e+02
1.28600e+02
1.28900e+02
1.29000e+02
1.29100e+02
1.29200e+02
1.29400e+02
1.29700e+02
1.29900e+02
1.30000e+02
1.30100e+02
1.30300e+02
1.30500e+02
1.30800e+02
1.31100e+02
1.31200e+02
1.31400e+02
1.31600e+02
1.31700e+02
1.32000e+02
1.32100e+02
1.32500e+02
1.32700e+02
1.32900e+02
1.33000e+02
1.33200e+02
1.33400e+02
1.33600e+02
1.33800e+02
1.33900e+02
1.34100e+02
1.34200e+02
1.34500e+02
1.34800e+02
1.34900e+02
1.35000e+02
1.35100e+02
1.35200e+02
1.35300e+02
1.35400e+02
1.35500e+02
1.35600e+02
1.35800e+02
1.35900e+02
1.36000e+02
1.36100e+02
1.36500e+02
1.36700e+02
1.36900e+02
1.37200e+02
1.37400e+02
1.37600e+02
1.37900e+02
1.38200e+02
1.38300e+02
1.38400e+02
1.38600e+02
1.38800e+02
1.39100e+02
1.39200e+02
1.39500e+02
1.39700e+02
1.40000e+02
1.40100e+02
1.40200e+02
1.40400e+02
1.40600e+02
1.40900e+02
1.41000e+02
1.41100e+02
1.41200e+02
1.41400e+02
1.41700e+02
1.41900e+02
1.42200e+02
1.42300e+02
1.42500e+02
1.42800e+02
1.43100e+02
1.43200e+02
1.43400e+02
1.43600e+02
1.43700e+02
1.44000e+02
1.44100e+02
1.44200e+02
1.44400e+02
1.44500e+02
1.44800e+02
1.44900e+02
1.45000e+02
1.45100e+02
1.45200e+02
1.45300e+02
1.45500e+02
1.45700e+02
1.46200e+02
1.46300e+02
1.46500e+02
1.46700e+02
1.46900e+02
1.47000e+02
1.47200e+02
1.47400e+02
1.47600e+02
1.47800e+02
1.47900e+02
1.48100e+02
1.48300e+02
1.48600e+02
1.48900e+02
1.49000e+02
1.49100e+02
1.49200e+02
1.49400e+02
1.49700e+02
1.49900e+02
1.50000e+02
1.50100e+02
1.50300e+02
1.50500e+02
1.50800e+02
1.51100e+02
1.51200e+02
1.51400e+02
1.51600e+02
1.51700e+02
1.52000e+02
1.52100e+02
1.52200e+02
1.52400e+02
1.52500e+02
1.52800e+02
1.52900e+02
1.53000e+02
1.53100e+02
1.53200e+02
1.53300e+02
1.53500e+02
1.53700e+02
1.54200e+02
1.54300e+02
1.54500e+02
1.54700e+02
1.54900e+02
1.55000e+02
1.55200e+02
1.55400e+02
1.55600e+02
1.55800e+02
1.55900e+02
1.56100e+02
1.56300e+02
1.56600e+02
1.56900e+02
1.57000e+02
1.57100e+02
1.57200e+02
1.57400e+02
1.57700e+02
1.57900e+02
1.58000e+02
1.58100e+02
1.58200e+02
1.58300e+02
1.58400e+02
1.58600e+02
1.58800e+02
1.59100e+02
1.59200e+02
1.59400e+02
1.59600e+02
1.59700e+02
1.60000e+02
1.60100e+02
1.60200e+02
1.60400e+02
1.60500e+02
1.60800e+02
1.60900e+02
1.61000e+02
1.61100e+02
1.61200e+02
1.61400e+02
1.61700e+02
1.61900e+02
1.62100e+02
1.62200e+02
1.62300e+02
1.62400e+02
1.62500e+02
1.62800e+02
1.63000e+02
1.63200e+02
1.63400e+02
1.63600e+02
1.63800e+02
1.64000e+02
1.64200e+02
1.64500e+02
1.64800e+02
1.65100e+02
1.65200e+02
1.65300e+02
1.65500e+02
1.65700e+02
1.66200e+02
1.66300e+02
1.66500e+02
1.66700e+02
1.66900e+02
1.67000e+02
1.67200e+02
1.67400e+02
1.67600e+02
1.67800e+02
1.67900e+02
1.68100e+02
1.68300e+02
1.68600e+02
1.68900e+02
1.69000e+02
1.69100e+02
1.69200e+02
1.69300e+02
1.69500e+02
1.69600e+02
1.69800e+02
1.69900e+02
1.70000e+02
1.70200e+02
1.70400e+02
1.70600e+02
1.70900e+02
1.71000e+02
1.71100e+02
1.71200e+02
1.71400e+02
1.71700e+02
1.71900e+02
1.72300e+02
1.72600e+02
1.72900e+02
1.73000e+02
1.73100e+02
1.73200e+02
1.73300e+02
1.73400e+02
1.73500e+02
1.73600e+02
1.73800e+02
1.73900e+02
1.74000e+02
1.74100e+02
1.74500e+02
1.74700e+02
1.74900e+02
1.75200e+02
1.75400e+02
1.75600e+02
1.75900e+02
1.76100e+02
1.76200e+02
1.76400e+02
1.76600e+02
1.76900e+02
1.77000e+02
1.77100e+02
1.77200e+02
1.77300e+02
1.77500e+02
1.77700e+02
1.78000e+02
1.78100e+02
1.78300e+02
1.78500e+02
1.78800e+02
1.78900e+02
1.79200e+02
1.79600e+02
1.79900e+02
1.80000e+02
1.80200e+02
1.80500e+02
1.80800e+02
1.81100e+02
1.81200e+02
1.81300e+02
1.81500e+02
1.81700e+02
1.82000e+02
1.82100e+02
1.82300e+02
1.82500e+02
1.82800e+02
1.82900e+02
1.83200e+02
1.83500e+02
1.83800e+02
1.83900e+02
1.84100e+02
1.84200e+02
1.84500e+02
1.84700e+02
1.85000e+02
1.85100e+02
1.85200e+02
1.85300e+02
1.85500e+02
1.85700e+02
1.85900e+02
1.86000e+02
1.86100e+02
1.86200e+02
1.86300e+02
1.86600e+02
1.86800e+02
1.86900e+02
1.87000e+02
1.87100e+02
1.87200e+02
1.87400e+02
1.87700e+02
1.87800e+02
1.88000e+02
1.88200e+02
1.88300e+02
1.88400e+02
1.88600e+02
1.88900e+02
1.89400e+02
1.89600e+02
1.89800e+02
1.89900e+02
1.90000e+02
1.90100e+02
1.90300e+02
1.90600e+02
1.90700e+02
1.91000e+02
1.91100e+02
1.91200e+02
1.91300e+02
1.91500e+02
1.91700e+02
1.91900e+02
1.92000e+02
1.92100e+02
1.92200e+02
1.92500e+02
1.92800e+02
1.92900e+02
1.93200e+02
1.93400e+02
1.93600e+02
1.93800e+02
1.94000e+02
1.94200e+02
1.94300e+02
1.94600e+02
1.94700e+02
1.95000e+02
1.95100e+02
1.95200e+02
1.95300e+02
1.95400e+02
1.95600e+02
1.95800e+02
1.95900e+02
1.96000e+02
1.96100e+02
1.96300e+02
1.96500e+02
1.96700e+02
1.96800e+02
1.96900e+02
1.97200e+02
1.97400e+02
1.97600e+02
1.97800e+02
1.98000e+02
1.98200e+02
1.98400e+02
1.98600e+02
1.98700e+02
1.99000e+02
1.99100e+02
1.99200e+02
1.99300e+02
1.99500e+02
1.99700e+02
1.99800e+02
1.99900e+02
2.00000e+02
2.00100e+02
2.00300e+02
2.00500e+02
2.00800e+02
2.00900e+02
2.01000e+02
2.01200e+02
2.01400e+02
2.01700e+02
2.01800e+02
2.02100e+02
2.02200e+02
2.02400e+02
2.02500e+02
2.02800e+02
2.02900e+02
2.03000e+02
2.03100e+02
2.03400e+02
2.03500e+02
2.03700e+02
2.03900e+02
2.04200e+02
2.04400e+02
2.04600e+02
2.04800e+02
2.04900e+02
2.05400e+02
2.05600e+02
2.05800e+02
2.06000e+02
2.06200e+02
2.06400e+02
2.06500e+02
2.06700e+02
2.07000e+02
2.07100e+02
2.07200e+02
2.07300e+02
2.07500e+02
2.07700e+02
2.07800e+02
2.07900e+02
2.08000e+02
2.08100e+02
2.08300e+02
2.08500e+02
2.08800e+02
2.08900e+02
2.09000e+02
2.09200e+02
2.09500e+02
2.09700e+02
2.10000e+02
2.10100e+02
2.10200e+02
2.10400e+02
2.10600e+02
2.10800e+02
2.11100e+02
2.11300e+02
2.11400e+02
2.11700e+02
2.11800e+02
2.12100e+02
2.12200e+02
2.12400e+02
2.12500e+02
2.12800e+02
2.12900e+02
2.13000e+02
2.13100e+02
2.13400e+02
2.13500e+02
2.13700e+02
2.13900e+02
2.14200e+02
2.14400e+02
2.14600e+02
2.14800e+02
2.14900e+02
2.15200e+02
2.15400e+02
2.15700e+02
2.15900e+02
2.16300e+02
2.16500e+02
2.16700e+02
2.16800e+02
2.16900e+02
2.17200e+02
2.17400e+02
2.17600e+02
2.17800e+02
2.18000e+02
2.18200e+02
2.18400e+02
2.18500e+02
2.18700e+02
2.19000e+02
2.19100e+02
2.19200e+02
2.19300e+02
2.19500e+02
2.19700e+02
2.19800e+02
2.19900e+02
2.20000e+02
2.20100e+02
2.20300e+02
2.20500e+02
2.20800e+02
2.20900e+02
2.21000e+02
2.21200e+02
2.21500e+02
2.21700e+02
2.22000e+02
2.22100e+02
2.22200e+02
2.22500e+02
2.22800e+02
2.22900e+02
2.23000e+02
2.23100e+02
2.23200e+02
2.23300e+02
2.23500e+02
2.23700e+02
2.24000e+02
2.24100e+02
2.24300e+02
2.24400e+02
2.24600e+02
2.24800e+02
2.24900e+02
2.25200e+02
2.25300e+02
2.25600e+02
2.25800e+02
2.26000e+02
2.26100e+02
2.26300e+02
2.26500e+02
2.26800e+02
2.27200e+02
2.27300e+02
2.27500e+02
2.27700e+02
2.28000e+02
2.28200e+02
2.28400e+02
2.28700e+02
2.28800e+02
2.28900e+02
2.29200e+02
2.29600e+02
2.29800e+02
2.30000e+02
2.30200e+02
2.30400e+02
2.30600e+02
2.30800e+02
2.31100e+02
2.31400e+02
2.31700e+02
2.32000e+02
2.32100e+02
2.32200e+02
2.32300e+02
2.32600e+02
2.32800e+02
2.32900e+02
2.33000e+02
2.33100e+02
2.33400e+02
2.33700e+02
2.33900e+02
2.34200e+02
2.34400e+02
2.34600e+02
2.34800e+02
2.34900e+02
2.35200e+02
2.35400e+02
2.35700e+02
2.35800e+02
2.36100e+02
2.36200e+02
2.36300e+02
2.36600e+02
2.36800e+02
2.36900e+02
2.37000e+02
2.37100e+02
2.37200e+02
2.37300e+02
2.37500e+02
2.37700e+02
2.38000e+02
2.38100e+02
2.38300e+02
2.38400e+02
2.38600e+02
2.38800e+02
2.38900e+02
2.39200e+02
2.39300e+02
2.39600e+02
2.39800e+02
2.40000e+02
2.40200e+02
2.40400e+02
2.40600e+02
2.40900e+02
2.41400e+02
2.41700e+02
2.41900e+02
2.42200e+02
2.42400e+02
2.42600e+02
2.42800e+02
2.42900e+02
2.43200e+02
2.43400e+02
2.43700e+02
2.43800e+02
2.44100e+02
2.44200e+02
2.44300e+02
2.44600e+02
2.44800e+02
2.44900e+02
2.45000e+02
2.45100e+02
2.45200e+02
2.45300e+02
2.45500e+02
2.45700e+02
2.45900e+02
2.46200e+02
2.46400e+02
2.46600e+02
2.46800e+02
2.47500e+02
2.47700e+02
2.48000e+02
2.48200e+02
2.48500e+02
2.48800e+02
2.48900e+02
2.49000e+02
2.49100e+02
2.49200e+02
2.49300e+02
2.49500e+02
2.49700e+02
2.50000e+02
2.50100e+02
2.50300e+02
2.50400e+02
2.50600e+02
2.50800e+02
2.50900e+02
2.51200e+02
2.51300e+02
2.51600e+02
2.51800e+02
2.52000e+02
2.52100e+02
2.52300e+02
2.52500e+02
2.52800e+02
2.53200e+02
2.53300e+02
2.53500e+02
2.53700e+02
2.54000e+02
2.54200e+02
2.54400e+02
2.54700e+02
2.54800e+02
2.54900e+02
2.55200e+02
2.55600e+02
2.55800e+02
2.56000e+02
2.56200e+02
2.56400e+02
2.56600e+02
2.56800e+02
2.57200e+02
2.57300e+02
2.57500e+02
2.57700e+02
2.57900e+02
2.58000e+02
2.58100e+02
2.58300e+02
2.58400e+02
2.58500e+02
2.58800e+02
2.58900e+02
2.59000e+02
2.59200e+02
2.59300e+02
2.59600e+02
2.59800e+02
2.60000e+02
2.60100e+02
2.60200e+02
2.60400e+02
2.60600e+02
2.60900e+02
2.61000e+02
2.61100e+02
2.61200e+02
2.61300e+02
2.61500e+02
2.61700e+02
2.62000e+02
2.62200e+02
2.62400e+02
2.62600e+02
2.62800e+02
2.62900e+02
2.63000e+02
2.63100e+02
2.63200e+02
2.63500e+02
2.63700e+02
2.64000e+02
2.64100e+02
2.64200e+02
2.64400e+02
2.64600e+02
2.64700e+02
2.64900e+02
2.65100e+02
2.65300e+02
2.65500e+02
2.65800e+02
2.66100e+02
2.66200e+02
2.66300e+02
2.66500e+02
2.66700e+02
2.66900e+02
2.67000e+02
2.67100e+02
2.67400e+02
2.67700e+02
2.67900e+02
2.68000e+02
2.68200e+02
2.68400e+02
2.68600e+02
2.68800e+02
2.69100e+02
2.69400e+02
2.69700e+02
2.70000e+02
2.70100e+02
2.70200e+02
2.70300e+02
2.70600e+02
2.70800e+02
2.70900e+02
2.71000e+02
2.71100e+02
2.71400e+02
2.71700e+02
2.71900e+02
2.72300e+02
2.72500e+02
2.72800e+02
2.73500e+02
2.73700e+02
2.73900e+02
2.74200e+02
2.74400e+02
2.74600e+02
2.74800e+02
2.74900e+02
2.75500e+02
2.75800e+02
2.76000e+02
2.76200e+02
2.76400e+02
2.76600e+02
2.76900e+02
2.77400e+02
2.77700e+02
2.77900e+02
2.78200e+02
2.78400e+02
2.78600e+02
2.78800e+02
2.78900e+02
2.79200e+02
2.79400e+02
2.79700e+02
2.79800e+02
2.80100e+02
2.80200e+02
2.80300e+02
2.80600e+02
2.80800e+02
2.80900e+02
2.81000e+02
2.81100e+02
2.81200e+02
2.81300e+02
2.81500e+02
2.81700e+02
2.82000e+02
2.82200e+02
2.82400e+02
2.82600e+02
2.82800e+02
2.82900e+02
2.83200e+02
2.83300e+02
2.83600e+02
2.83800e+02
2.84000e+02
2.84100e+02
2.84300e+02
2.84500e+02
2.84800e+02
2.85200e+02
2.85300e+02
2.85500e+02
2.85700e+02
2.86000e+02
2.86100e+02
2.86200e+02
2.86300e+02
2.86600e+02
2.86800e+02
2.86900e+02
2.87000e+02
2.87100e+02
2.87400e+02
2.87700e+02
2.87900e+02
2.88200e+02
2.88400e+02
2.88600e+02
2.88800e+02
2.88900e+02
2.89200e+02
2.89400e+02
2.89700e+02
2.89800e+02
2.90100e+02
2.90200e+02
2.90300e+02
2.90600e+02
2.90800e+02
2.90900e+02
2.91000e+02
2.91100e+02
2.91200e+02
2.91300e+02
2.91500e+02
2.91700e+02
2.91900e+02
2.92000e+02
2.92200e+02
2.92400e+02
2.92600e+02
2.92800e+02
2.93500e+02
2.93700e+02
2.94000e+02
2.94200e+02
2.94500e+02
2.94800e+02
2.94900e+02
2.95000e+02
2.95100e+02
2.95200e+02
2.95300e+02
2.95500e+02
2.95700e+02
2.96000e+02
2.96100e+02
2.96300e+02
2.96400e+02
2.96600e+02
2.96800e+02
2.96900e+02
2.97200e+02
2.97300e+02
2.97600e+02
2.97800e+02
2.98000e+02
2.98100e+02
2.98300e+02
2.98500e+02
2.98800e+02
2.99200e+02
2.99300e+02
2.99500e+02
2.99700e+02
3.00000e+02
3.00100e+02
3.00300e+02
3.00600e+02
3.00900e+02
3.01000e+02
3.01200e+02
3.01600e+02
3.01800e+02
3.02000e+02
3.02200e+02
3.02400e+02
3.02600e+02
3.02800e+02
3.03200e+02
3.03300e+02
3.03500e+02
3.03700e+02
3.03900e+02
3.04000e+02
3.04300e+02
3.04400e+02
3.04500e+02
3.04800e+02
3.04900e+02
3.05000e+02
3.05200e+02
3.05400e+02
3.05600e+02
3.05700e+02
3.05800e+02
3.06100e+02
3.06200e+02
3.06300e+02
3.06500e+02
3.06700e+02
3.06900e+02
3.07000e+02
3.07100e+02
3.07400e+02
3.07700e+02
3.07900e+02
3.08000e+02
3.08200e+02
3.08400e+02
3.08600e+02
3.08800e+02
3.09100e+02
3.09300e+02
3.09600e+02
3.09700e+02
3.10000e+02
3.10100e+02
3.10200e+02
3.10300e+02
3.10600e+02
3.10800e+02
3.10900e+02
3.11000e+02
3.11100e+02
3.11400e+02
3.11700e+02
3.11900e+02
3.12200e+02
3.12400e+02
3.12600e+02
3.12800e+02
3.12900e+02
3.13200e+02
3.13400e+02
3.13700e+02
3.13800e+02
3.14100e+02
3.14200e+02
3.14300e+02
3.14600e+02
3.14800e+02
3.14900e+02
3.15000e+02
3.15100e+02
3.15200e+02
3.15300e+02
3.15500e+02
3.15700e+02
3.15900e+02
3.16200e+02
3.16400e+02
3.16600e+02
3.16800e+02
3.17100e+02
3.17300e+02
3.17400e+02
3.17700e+02
3.17800e+02
3.18100e+02
3.18200e+02
3.18400e+02
3.18500e+02
3.18800e+02
3.18900e+02
3.19000e+02
3.19100e+02
3.19400e+02
3.19500e+02
3.19700e+02
3.19900e+02
3.20000e+02
3.20100e+02
3.20300e+02
3.20500e+02
3.20800e+02
3.20900e+02
3.21400e+02
3.21600e+02
3.21800e+02
3.22000e+02
3.22200e+02
3.22400e+02
3.22600e+02
3.22700e+02
3.23000e+02
3.23100e+02
3.23200e+02
3.23300e+02
3.23500e+02
3.23700e+02
3.23800e+02
3.23900e+02
3.24000e+02
3.24100e+02
3.24200e+02
3.24400e+02
3.24500e+02
3.24800e+02
3.24900e+02
3.25000e+02
3.25100e+02
3.25400e+02
3.25500e+02
3.25700e+02
3.25900e+02
3.26000e+02
3.26200e+02
3.26400e+02
3.26600e+02
3.26800e+02
3.26900e+02
3.27200e+02
3.27400e+02
3.27700e+02
3.27900e+02
3.28100e+02
3.28200e+02
3.28400e+02
3.28600e+02
3.28800e+02
3.28900e+02
3.29000e+02
3.29100e+02
3.29200e+02
3.29300e+02
3.29400e+02
3.29600e+02
3.29800e+02
3.29900e+02
3.30000e+02
3.30100e+02
3.30300e+02
3.30500e+02
3.30700e+02
3.30800e+02
3.30900e+02
3.31200e+02
3.31400e+02
3.31600e+02
3.31800e+02
3.32000e+02
3.32200e+02
3.32400e+02
3.32500e+02
3.32700e+02
3.33000e+02
3.33100e+02
3.33400e+02
3.33500e+02
3.33700e+02
3.33900e+02
3.34200e+02
3.34400e+02
3.34600e+02
3.34800e+02
3.34900e+02
3.35200e+02
3.35400e+02
3.35700e+02
3.35900e+02
3.36100e+02
3.36200e+02
3.36400e+02
3.36600e+02
3.36800e+02
3.36900e+02
3.37000e+02
3.37100e+02
3.37200e+02
3.37400e+02
3.37500e+02
3.37700e+02
3.37800e+02
3.37900e+02
3.38000e+02
3.38100e+02
3.38200e+02
3.38400e+02
3.38600e+02
3.38800e+02
3.38900e+02
3.39400e+02
3.39600e+02
3.39800e+02
3.40000e+02
3.40100e+02
3.40200e+02
3.40300e+02
3.40600e+02
3.40700e+02
3.41000e+02
3.41100e+02
3.41200e+02
3.41300e+02
3.41400e+02
3.41600e+02
3.41800e+02
3.41900e+02
3.42000e+02
3.42100e+02
3.42300e+02
3.42500e+02
3.42700e+02
3.42800e+02
3.42900e+02
3.43200e+02
3.43400e+02
3.43600e+02
3.43800e+02
3.44000e+02
3.44200e+02
3.44400e+02
3.44500e+02
3.44700e+02
3.45000e+02
3.45100e+02
3.45200e+02
3.45300e+02
3.45500e+02
3.45700e+02
3.45800e+02
3.45900e+02
3.46000e+02
3.46100e+02
3.46300e+02
3.46500e+02
3.46800e+02
3.46900e+02
3.47000e+02
3.47200e+02
3.47500e+02
3.47700e+02
3.48000e+02
3.48100e+02
3.48200e+02
3.48500e+02
3.48800e+02
3.48900e+02
3.49000e+02
3.49100e+02
3.49200e+02
3.49300e+02
3.49500e+02
3.49700e+02
3.50000e+02
3.50100e+02
3.50300e+02
3.50400e+02
3.50600e+02
3.50800e+02
3.50900e+02
3.51200e+02
3.51300e+02
3.51600e+02
3.51800e+02
3.52000e+02
3.52200e+02
3.52400e+02
3.52600e+02
3.52800e+02
3.52900e+02
3.53200e+02
3.53400e+02
3.53700e+02
3.54000e+02
3.54200e+02
3.54400e+02
3.54600e+02
3.54800e+02
3.54900e+02
3.55200e+02
3.55300e+02
3.55600e+02
3.55800e+02
3.56000e+02
3.56100e+02
3.56300e+02
3.56500e+02
3.56800e+02
3.57200e+02
3.57300e+02
3.57500e+02
3.57700e+02
3.58000e+02
3.58100e+02
3.58300e+02
3.58600e+02
3.58900e+02
3.59000e+02
3.59200e+02
3.59600e+02
3.59800e+02
3.60000e+02
3.60200e+02
3.60400e+02
3.60600e+02
3.60800e+02
3.61200e+02
3.61300e+02
3.61500e+02
3.61700e+02
3.61900e+02
3.62000e+02
3.62300e+02
3.62400e+02
3.62500e+02
3.62800e+02
3.62900e+02
3.63000e+02
3.63200e+02
3.63300e+02
3.63600e+02
3.63800e+02
3.64000e+02
3.64100e+02
3.64200e+02
3.64400e+02
3.64600e+02
3.64700e+02
3.64900e+02
3.65400e+02
3.65600e+02
3.65800e+02
3.66000e+02
3.66100e+02
3.66200e+02
3.66400e+02
3.66600e+02
3.66700e+02
3.66900e+02
3.67100e+02
3.67300e+02
3.67500e+02
3.67800e+02
3.68100e+02
3.68200e+02
3.68300e+02
3.68500e+02
3.68700e+02
3.68900e+02
3.69000e+02
3.69100e+02
3.69400e+02
3.69700e+02
3.69900e+02
3.70000e+02
3.70200e+02
3.70400e+02
3.70600e+02
3.70800e+02
3.71100e+02
3.71400e+02
3.71700e+02
3.72000e+02
3.72100e+02
3.72200e+02
3.72300e+02
3.72600e+02
3.72800e+02
3.72900e+02
3.73000e+02
3.73100e+02
3.73200e+02
3.73300e+02
3.73500e+02
3.73700e+02
3.74000e+02
3.74200e+02
3.74400e+02
3.74700e+02
3.74800e+02
3.74900e+02
3.75200e+02
3.75600e+02
3.75800e+02
3.76000e+02
3.76200e+02
3.76400e+02
3.76600e+02
3.76800e+02
3.77200e+02
3.77300e+02
3.77500e+02
3.77700e+02
3.77900e+02
3.78000e+02
3.78300e+02
3.78400e+02
3.78500e+02
3.78800e+02
3.78900e+02
3.79000e+02
3.79200e+02
3.79300e+02
3.79600e+02
3.79800e+02
3.80000e+02
3.80100e+02
3.80200e+02
3.80400e+02
3.80600e+02
3.80900e+02
3.81000e+02
3.81100e+02
3.81200e+02
3.81300e+02
3.81500e+02
3.81700e+02
3.82000e+02
3.82100e+02
3.82400e+02
3.82700e+02
3.82800e+02
3.82900e+02
3.83200e+02
3.83500e+02
3.83800e+02
3.84000e+02
3.84100e+02
3.84300e+02
3.84600e+02
3.84900e+02
3.85000e+02
3.85100e+02
3.85400e+02
3.85700e+02
3.86000e+02
3.86300e+02
3.86600e+02
3.86900e+02
3.87000e+02
3.87100e+02
3.87200e+02
3.87300e+02
3.87500e+02
3.87600e+02
3.87900e+02
3.88000e+02
3.88100e+02
3.88300e+02
3.88500e+02
3.88700e+02
3.89000e+02
3.89200e+02
3.89500e+02
3.89800e+02
3.90100e+02
3.90200e+02
3.90300e+02
3.90600e+02
3.90800e+02
3.90900e+02
3.91000e+02
3.91100e+02
3.91400e+02
3.91700e+02
3.92000e+02
3.92100e+02
3.92300e+02
3.92500e+02
3.92700e+02
3.93000e+02
3.93200e+02
3.93400e+02
3.93700e+02
3.93800e+02
3.94300e+02
3.94400e+02
3.94700e+02
3.94800e+02
3.94900e+02
3.95200e+02
3.95500e+02
3.95800e+02
3.96000e+02
3.96100e+02
3.96300e+02
3.96600e+02
3.96900e+02
3.97000e+02
3.97100e+02
3.97200e+02
3.97300e+02
3.97500e+02
3.97600e+02
3.97900e+02
3.98000e+02
3.98100e+02
3.98300e+02
3.98500e+02
3.98700e+02
3.99000e+02
3.99200e+02
3.99500e+02
3.99800e+02
4.00500e+02
4.00700e+02
4.01000e+02
4.01200e+02
4.01400e+02
4.01500e+02
4.01800e+02
4.02000e+02
4.02200e+02
4.02500e+02
4.02700e+02
4.03000e+02
4.03200e+02
4.03500e+02
4.03800e+02
4.04100e+02
4.04200e+02
4.04300e+02
4.04600e+02
4.04800e+02
4.04900e+02
4.05000e+02
4.05100e+02
4.05400e+02
4.05700e+02
4.06000e+02
4.06100e+02
4.06200e+02
4.06500e+02
4.06700e+02
4.07000e+02
4.07200e+02
4.07400e+02
4.07700e+02
4.07800e+02
4.08100e+02
4.08200e+02
4.08400e+02
4.08600e+02
4.08800e+02
4.08900e+02
4.09000e+02
4.09100e+02
4.09200e+02
4.09500e+02
4.09700e+02
4.10000e+02
4.10100e+02
4.10200e+02
4.10400e+02
4.10600e+02
4.10700e+02
4.10900e+02
4.11100e+02
4.11300e+02
4.11500e+02
4.11800e+02
4.12100e+02
4.12200e+02
4.12300e+02
4.12500e+02
4.12700e+02
4.12900e+02
4.13000e+02
4.13100e+02
4.13400e+02
4.13700e+02
4.13900e+02
4.14000e+02
4.14100e+02
4.14300e+02
4.14500e+02
4.14800e+02
4.15100e+02
4.15400e+02
4.15700e+02
4.16000e+02
4.16100e+02
4.16200e+02
4.16300e+02
4.16600e+02
4.16800e+02
4.16900e+02
4.17000e+02
4.17100e+02
4.17400e+02
4.17700e+02
4.17900e+02
4.18200e+02
4.18400e+02
4.18600e+02
4.18800e+02
4.18900e+02
4.19200e+02
4.19400e+02
4.19700e+02
4.19800e+02
4.20400e+02
4.20600e+02
4.20800e+02
4.20900e+02
4.21200e+02
4.21300e+02
4.21600e+02
4.21800e+02
4.22000e+02
4.22200e+02
4.22400e+02
4.22600e+02
4.22800e+02
4.22900e+02
4.23500e+02
4.23800e+02
4.24000e+02
4.24200e+02
4.24400e+02
4.24600e+02
4.24800e+02
4.24900e+02
4.25200e+02
4.25400e+02
4.25700e+02
4.25800e+02
4.26100e+02
4.26200e+02
4.26300e+02
4.26600e+02
4.26800e+02
4.26900e+02
4.27000e+02
4.27100e+02
4.27200e+02
4.27300e+02
4.27500e+02
4.27700e+02
4.27900e+02
4.28000e+02
4.28100e+02
4.28200e+02
4.28400e+02
4.28600e+02
4.28800e+02
4.29100e+02
4.29300e+02
4.29400e+02
4.29700e+02
4.29800e+02
4.30300e+02
4.30500e+02
4.30800e+02
4.30900e+02
4.31000e+02
4.31200e+02
4.31500e+02
4.31700e+02
4.32000e+02
4.32200e+02
4.32500e+02
4.32800e+02
4.32900e+02
4.33000e+02
4.33100e+02
4.33200e+02
4.33300e+02
4.33500e+02
4.33700e+02
4.33900e+02
4.34200e+02
4.34400e+02
4.34600e+02
4.34800e+02
4.35100e+02
4.35300e+02
4.35400e+02
4.35700e+02
4.35800e+02
4.36300e+02
4.36500e+02
4.36800e+02
4.36900e+02
4.37000e+02
4.37200e+02
4.37500e+02
4.37700e+02
4.38000e+02
4.38200e+02
4.38500e+02
4.38800e+02
4.38900e+02
4.39000e+02
4.39100e+02
4.39200e+02
4.39300e+02
4.39500e+02
4.39700e+02
4.39900e+02
4.40000e+02
4.40100e+02
4.40200e+02
4.40400e+02
4.40600e+02
4.40800e+02
4.41500e+02
4.41700e+02
4.42000e+02
4.42200e+02
4.42400e+02
4.42600e+02
4.42800e+02
4.43100e+02
4.43300e+02
4.43400e+02
4.43700e+02
4.43800e+02
4.44100e+02
4.44200e+02
4.44400e+02
4.44500e+02
4.44800e+02
4.44900e+02
4.45000e+02
4.45100e+02
4.45200e+02
4.45300e+02
4.45500e+02
4.45700e+02
4.45800e+02
4.45900e+02
4.46000e+02
4.46100e+02
4.46200e+02
4.46400e+02
4.46500e+02
4.46800e+02
4.46900e+02
4.47000e+02
4.47100e+02
4.47400e+02
4.47500e+02
4.47700e+02
4.47900e+02
4.48200e+02
4.48400e+02
4.48600e+02
4.48800e+02
4.48900e+02
4.49200e+02
4.49400e+02
4.49700e+02
4.49900e+02
4.50100e+02
4.50200e+02
4.50400e+02
4.50600e+02
4.50800e+02
4.50900e+02
4.51000e+02
4.51100e+02
4.51200e+02
4.51400e+02
4.51500e+02
4.51700e+02
4.51800e+02
4.51900e+02
4.52000e+02
4.52200e+02
4.52400e+02
4.52600e+02
4.52800e+02
4.52900e+02
4.53200e+02
4.53500e+02
4.53800e+02
4.54100e+02
4.54200e+02
4.54300e+02
4.54600e+02
4.54800e+02
4.54900e+02
4.55000e+02
4.55100e+02
4.55200e+02
4.55400e+02
4.55700e+02
4.55800e+02
4.56000e+02
4.56100e+02
4.56300e+02
4.56400e+02
4.56600e+02
4.56900e+02
4.57200e+02
4.57400e+02
4.57700e+02
4.58000e+02
4.58100e+02
4.58200e+02
4.58400e+02
4.58600e+02
4.58800e+02
4.58900e+02
4.59000e+02
4.59100e+02
4.59200e+02
4.59400e+02
4.59700e+02
4.59800e+02
4.60000e+02
4.60200e+02
4.60300e+02
4.60500e+02
4.60800e+02
4.61000e+02
4.61200e+02
4.61400e+02
4.61700e+02
4.62200e+02
4.62400e+02
4.62600e+02
4.62800e+02
4.62900e+02
4.63000e+02
4.63100e+02
4.63200e+02
4.63400e+02
4.63700e+02
4.63800e+02
4.64000e+02
4.64100e+02
4.64200e+02
4.64300e+02
4.64400e+02
4.64600e+02
4.64800e+02
4.65400e+02
4.65600e+02
4.65900e+02
4.66100e+02
4.66200e+02
4.66500e+02
4.66800e+02
4.67000e+02
4.67100e+02
4.67200e+02
4.67300e+02
4.67500e+02
4.67700e+02
4.68000e+02
4.68100e+02
4.68200e+02
4.68400e+02
4.68600e+02
4.68800e+02
4.68900e+02
4.69000e+02
4.69100e+02
4.69200e+02
4.69400e+02
4.69700e+02
4.69800e+02
4.70000e+02
4.70100e+02
4.70200e+02
4.70300e+02
4.70400e+02
4.70600e+02
4.70800e+02
4.71100e+02
4.71200e+02
4.71500e+02
4.71700e+02
4.72000e+02
4.72100e+02
4.72500e+02
4.72700e+02
4.72900e+02
4.73200e+02
4.73400e+02
4.73600e+02
4.73900e+02
4.74100e+02
4.74200e+02
4.74500e+02
4.74800e+02
4.75000e+02
4.75100e+02
4.75200e+02
4.75400e+02
4.75700e+02
4.75800e+02
4.76000e+02
4.76100e+02
4.76200e+02
4.76300e+02
4.76400e+02
4.76600e+02
4.76800e+02
4.77400e+02
4.77600e+02
4.77900e+02
4.78000e+02
4.78100e+02
4.78200e+02
4.78300e+02
4.78400e+02
4.78600e+02
4.78800e+02
4.79400e+02
4.79600e+02
4.79900e+02
4.80000e+02
4.80200e+02
4.80400e+02
4.80600e+02
4.80900e+02
4.81000e+02
4.81100e+02
4.81200e+02
4.81300e+02
4.81500e+02
4.81700e+02
4.82000e+02
4.82100e+02
4.82300e+02
4.82500e+02
4.82800e+02
4.82900e+02
4.83200e+02
4.83600e+02
4.83900e+02
4.84100e+02
4.84200e+02
4.84500e+02
4.84800e+02
4.85100e+02
4.85200e+02
4.85300e+02
4.85500e+02
4.85700e+02
4.86000e+02
4.86100e+02
4.86300e+02
4.86500e+02
4.86800e+02
4.86900e+02
4.87200e+02
4.87500e+02
4.87800e+02
4.87900e+02
4.88100e+02
4.88300e+02
4.88600e+02
4.88700e+02
4.89000e+02
4.89100e+02
4.89200e+02
4.89300e+02
4.89500e+02
4.89700e+02
4.89900e+02
4.90000e+02
4.90100e+02
4.90200e+02
4.90300e+02
4.90600e+02
4.90800e+02
4.90900e+02
4.91000e+02
4.91100e+02
4.91200e+02
4.91300e+02
4.91500e+02
4.91700e+02
4.91900e+02
4.92000e+02
4.92100e+02
4.92200e+02
4.92500e+02
4.92800e+02
4.92900e+02
4.93200e+02
4.93400e+02
4.93600e+02
4.93800e+02
4.94000e+02
4.94200e+02
4.94300e+02
4.94600e+02
4.94700e+02
4.95000e+02
4.95100e+02
4.95200e+02
4.95300e+02
4.95400e+02
4.95600e+02
4.95800e+02
4.95900e+02
4.96000e+02
4.96100e+02
4.96300e+02
4.96500e+02
4.96700e+02
4.96800e+02
4.96900e+02
4.97200e+02
4.97400e+02
4.97600e+02
4.97800e+02
4.98000e+02
4.98200e+02
4.98400e+02
4.98600e+02
4.98700e+02
4.99000e+02
4.99100e+02
4.99200e+02
4.99300e+02
4.99500e+02
4.99700e+02
4.99800e+02
4.99900e+02
5.00000e+02
5.00100e+02
5.00300e+02
5.00500e+02
5.00800e+02
5.00900e+02
5.01000e+02
5.01200e+02
5.01500e+02
5.01700e+02
5.02000e+02
5.02200e+02
5.02500e+02
5.02800e+02
5.02900e+02
5.03000e+02
5.03100e+02
5.03200e+02
5.03300e+02
5.03500e+02
5.03700e+02
5.04000e+02
5.04100e+02
5.04300e+02
5.04400e+02
5.04600e+02
5.04800e+02
5.04900e+02
5.05200e+02
5.05300e+02
5.05600e+02
5.05800e+02
5.06000e+02
5.06100e+02
5.06300e+02
5.06500e+02
5.06800e+02
5.07200e+02
5.07300e+02
5.07500e+02
5.07700e+02
5.08000e+02
5.08100e+02
5.08300e+02
5.08600e+02
5.08900e+02
5.09200e+02
5.09600e+02
5.09800e+02
5.10000e+02
5.10200e+02
5.10400e+02
5.10600e+02
5.10800e+02
5.11100e+02
5.11400e+02
5.11700e+02
5.12000e+02
5.12200e+02
5.12400e+02
5.12700e+02
5.12800e+02
5.12900e+02
5.13200e+02
5.13600e+02
5.13800e+02
5.14000e+02
5.14200e+02
5.14400e+02
5.14600e+02
5.14800e+02
5.15200e+02
5.15300e+02
5.15500e+02
5.15700e+02
5.15900e+02
5.16000e+02
5.16100e+02
5.16300e+02
5.16400e+02
5.16500e+02
5.16800e+02
5.16900e+02
5.17000e+02
5.17200e+02
5.17300e+02
5.17500e+02
5.17800e+02
5.18000e+02
5.18100e+02
5.18200e+02
5.18400e+02
5.18600e+02
5.18900e+02
5.19000e+02
5.19100e+02
5.19200e+02
5.19300e+02
5.19500e+02
5.19700e+02
5.20000e+02
5.20100e+02
5.20400e+02
5.20700e+02
5.20800e+02
5.20900e+02
5.21200e+02
5.21500e+02
5.21800e+02
5.22000e+02
5.22100e+02
5.22300e+02
5.22600e+02
5.22900e+02
5.23000e+02
5.23100e+02
5.23400e+02
5.23700e+02
5.24000e+02
5.24100e+02
5.24300e+02
5.24500e+02
5.24700e+02
5.25000e+02
5.25200e+02
5.25400e+02
5.25700e+02
5.25800e+02
5.26300e+02
5.26400e+02
5.26700e+02
5.26800e+02
5.26900e+02
5.27200e+02
5.27500e+02
5.27800e+02
5.28000e+02
5.28200e+02
5.28400e+02
5.28600e+02
5.28900e+02
5.29000e+02
5.29100e+02
5.29200e+02
5.29300e+02
5.29500e+02
5.29600e+02
5.29900e+02
5.30000e+02
5.30100e+02
5.30300e+02
5.30500e+02
5.30700e+02
5.31000e+02
5.31200e+02
5.31400e+02
5.31600e+02
5.31800e+02
5.32000e+02
5.32200e+02
5.32400e+02
5.32600e+02
5.32900e+02
5.33100e+02
5.33200e+02
5.33300e+02
5.33500e+02
5.33700e+02
5.33800e+02
5.33900e+02
5.34000e+02
5.34100e+02
5.34200e+02
5.34400e+02
5.34500e+02
5.34700e+02
5.35000e+02
5.35100e+02
5.35400e+02
5.35700e+02
5.35900e+02
5.36000e+02
5.36200e+02
5.36500e+02
5.36700e+02
5.37000e+02
5.37200e+02
5.37400e+02
5.37600e+02
5.37800e+02
5.38000e+02
5.38200e+02
5.38400e+02
5.38600e+02
5.38900e+02
5.39100e+02
5.39200e+02
5.39300e+02
5.39500e+02
5.39700e+02
5.39800e+02
5.39900e+02
5.40000e+02
5.40100e+02
5.40300e+02
5.40500e+02
5.40700e+02
5.40800e+02
5.40900e+02
5.41200e+02
5.41400e+02
5.41600e+02
5.41800e+02
5.42000e+02
5.42100e+02
5.42300e+02
5.42400e+02
5.42600e+02
5.42900e+02
5.43400e+02
5.43600e+02
5.43700e+02
5.43800e+02
5.44000e+02
5.44200e+02
5.44400e+02
5.44500e+02
5.44800e+02
5.45100e+02
5.45300e+02
5.45500e+02
5.45800e+02
5.46100e+02
5.46200e+02
5.46400e+02
5.46500e+02
5.46700e+02
5.47000e+02
5.47100e+02
5.47400e+02
5.47700e+02
5.47800e+02
5.48000e+02
5.48200e+02
5.48500e+02
5.48700e+02
5.49000e+02
5.49200e+02
5.49500e+02
5.49800e+02
5.50100e+02
5.50200e+02
5.50300e+02
5.50600e+02
5.50800e+02
5.50900e+02
5.51000e+02
5.51100e+02
5.51400e+02
5.51700e+02
5.52000e+02
5.52200e+02
5.52500e+02
5.52700e+02
5.52900e+02
5.53200e+02
5.53400e+02
5.53700e+02
5.53800e+02
5.54100e+02
5.54200e+02
5.54400e+02
5.54500e+02
5.54700e+02
5.54900e+02
5.55000e+02
5.55100e+02
5.55200e+02
5.55500e+02
5.55700e+02
5.56000e+02
5.56100e+02
5.56300e+02
5.56600e+02
5.56900e+02
5.57000e+02
5.57100e+02
5.57200e+02
5.57300e+02
5.57500e+02
5.57700e+02
5.58000e+02
5.58100e+02
5.58400e+02
5.58700e+02
5.58800e+02
5.58900e+02
5.59200e+02
5.59500e+02
5.59800e+02
5.60000e+02
5.60100e+02
5.60300e+02
5.60600e+02
5.60900e+02
5.61000e+02
5.61100e+02
5.61200e+02
5.61300e+02
5.61500e+02
5.61600e+02
5.61900e+02
5.62000e+02
5.62100e+02
5.62300e+02
5.62500e+02
5.62700e+02
5.63000e+02
5.63200e+02
5.63400e+02
5.63600e+02
5.63800e+02
5.64000e+02
5.64100e+02
5.64300e+02
5.64500e+02
5.64800e+02
5.65200e+02
5.65300e+02
5.65500e+02
5.65700e+02
5.65800e+02
5.65900e+02
5.66000e+02
5.66100e+02
5.66300e+02
5.66500e+02
5.66700e+02
5.66800e+02
5.66900e+02
5.67300e+02
5.67500e+02
5.67800e+02
5.68100e+02
5.68200e+02
5.68400e+02
5.68500e+02
5.68700e+02
5.69000e+02
5.69100e+02
5.69400e+02
5.69700e+02
5.69800e+02
5.70000e+02
5.70200e+02
5.70500e+02
5.70700e+02
5.71000e+02
5.71200e+02
5.71500e+02
5.71800e+02
5.72100e+02
5.72200e+02
5.72300e+02
5.72600e+02
5.72800e+02
5.72900e+02
5.73000e+02
5.73100e+02
5.73400e+02
5.73700e+02
5.74000e+02
5.74200e+02
5.74500e+02
5.74700e+02
5.74900e+02
5.75200e+02
5.75400e+02
5.75700e+02
5.75800e+02
5.76300e+02
5.76400e+02
5.76700e+02
5.76800e+02
5.76900e+02
5.77300e+02
5.77400e+02
5.77700e+02
5.77800e+02
5.78100e+02
5.78200e+02
5.78400e+02
5.78500e+02
5.78700e+02
5.78900e+02
5.79000e+02
5.79100e+02
5.79200e+02
5.79500e+02
5.79700e+02
5.80000e+02
5.80100e+02
5.80200e+02
5.80400e+02
5.80600e+02
5.80700e+02
5.80900e+02
5.81100e+02
5.81300e+02
5.81500e+02
5.81800e+02
5.82300e+02
5.82400e+02
5.82500e+02
5.82800e+02
5.82900e+02
5.83000e+02
5.83200e+02
5.83300e+02
5.83500e+02
5.83800e+02
5.84000e+02
5.84100e+02
5.84200e+02
5.84400e+02
5.84600e+02
5.84700e+02
5.84900e+02
5.85400e+02
5.85600e+02
5.85800e+02
5.86000e+02
5.86100e+02
5.86300e+02
5.86600e+02
5.86900e+02
5.87000e+02
5.87100e+02
5.87200e+02
5.87500e+02
5.87700e+02
5.88000e+02
5.88100e+02
5.88300e+02
5.88500e+02
5.88700e+02
5.88900e+02
5.89100e+02
5.89300e+02
5.89400e+02
5.89600e+02
5.89700e+02
5.89800e+02
5.90100e+02
5.90200e+02
5.90300e+02
5.90500e+02
5.90700e+02
5.90900e+02
5.91000e+02
5.91100e+02
5.91400e+02
5.91700e+02
5.91900e+02
5.92200e+02
5.92400e+02
5.92600e+02
5.92800e+02
5.93100e+02
5.93400e+02
5.93700e+02
5.94000e+02
5.94100e+02
5.94200e+02
5.94300e+02
5.94600e+02
5.94800e+02
5.94900e+02
5.95000e+02
5.95100e+02
5.95400e+02
5.95700e+02
5.95900e+02
5.96300e+02
5.96500e+02
5.96800e+02
5.97200e+02
5.97300e+02
5.97500e+02
5.97700e+02
5.98000e+02
5.98100e+02
5.98300e+02
5.98600e+02
5.98900e+02
5.99300e+02
5.99600e+02
5.99700e+02
6.00000e+02
6.00100e+02
6.00200e+02
6.00300e+02
6.00600e+02
6.00800e+02
6.00900e+02
6.01000e+02
6.01100e+02
6.01400e+02
6.01700e+02
6.01900e+02
6.02200e+02
6.02400e+02
6.02600e+02
6.02800e+02
6.02900e+02
6.03200e+02
6.03400e+02
6.03700e+02
6.03800e+02
6.04100e+02
6.04200e+02
6.04300e+02
6.04600e+02
6.04800e+02
6.04900e+02
6.05000e+02
6.05100e+02
6.05200e+02
6.05300e+02
6.05500e+02
6.05700e+02
6.05900e+02
6.06000e+02
6.06200e+02
6.06400e+02
6.06600e+02
6.06800e+02
6.07500e+02
6.07700e+02
6.08000e+02
6.08200e+02
6.08500e+02
6.08800e+02
6.08900e+02
6.09000e+02
6.09100e+02
6.09200e+02
6.09300e+02
6.09500e+02
6.09700e+02
6.10000e+02
6.10100e+02
6.10300e+02
6.10400e+02
6.10600e+02
6.10800e+02
6.10900e+02
6.11200e+02
6.11300e+02
6.11600e+02
6.11800e+02
6.12000e+02
6.12100e+02
6.12400e+02
6.12600e+02
6.12900e+02
6.13100e+02
6.13200e+02
6.13300e+02
6.13500e+02
6.13700e+02
6.14000e+02
6.14100e+02
6.14300e+02
6.14600e+02
6.14900e+02
6.15200e+02
6.15600e+02
6.15800e+02
6.16000e+02
6.16200e+02
6.16400e+02
6.16600e+02
6.16800e+02
6.17200e+02
6.17300e+02
6.17500e+02
6.17700e+02
6.17900e+02
6.18000e+02
6.18100e+02
6.18300e+02
6.18400e+02
6.18500e+02
6.18800e+02
6.18900e+02
6.19000e+02
6.19200e+02
6.19300e+02
6.19500e+02
6.19800e+02
6.20000e+02
6.20100e+02
6.20200e+02
6.20400e+02
6.20600e+02
6.20900e+02
6.21000e+02
6.21100e+02
6.21200e+02
6.21300e+02
6.21500e+02
6.21700e+02
6.22000e+02
6.22100e+02
6.22400e+02
6.22700e+02
6.22800e+02
6.22900e+02
6.23200e+02
6.23500e+02
6.23800e+02
6.24000e+02
6.24100e+02
6.24300e+02
6.24600e+02
6.24900e+02
6.25000e+02
6.25100e+02
6.25200e+02
6.25300e+02
6.25500e+02
6.25600e+02
6.25900e+02
6.26000e+02
6.26100e+02
6.26300e+02
6.26500e+02
6.26700e+02
6.27000e+02
6.27200e+02
6.27400e+02
6.27600e+02
6.27800e+02
6.28000e+02
6.28200e+02
6.28400e+02
6.28600e+02
6.28900e+02
6.29100e+02
6.29200e+02
6.29300e+02
6.29500e+02
6.29700e+02
6.29800e+02
6.29900e+02
6.30000e+02
6.30100e+02
6.30300e+02
6.30500e+02
6.30700e+02
6.30800e+02
6.30900e+02
6.31200e+02
6.31400e+02
6.31600e+02
6.31800e+02
6.32000e+02
6.32100e+02
6.32300e+02
6.32400e+02
6.32600e+02
6.32900e+02
6.33100e+02
6.33200e+02
6.33300e+02
6.33500e+02
6.33700e+02
6.33800e+02
6.33900e+02
6.34000e+02
6.34100e+02
6.34300e+02
6.34600e+02
6.34800e+02
6.34900e+02
6.35000e+02
6.35200e+02
6.35600e+02
6.35800e+02
6.36000e+02
6.36100e+02
6.36300e+02
6.36600e+02
6.36900e+02
6.37100e+02
6.37200e+02
6.37300e+02
6.37500e+02
6.37700e+02
6.38100e+02
6.38400e+02
6.38600e+02
6.38700e+02
6.38800e+02
6.38900e+02
6.39000e+02
6.39200e+02
6.39600e+02
6.39800e+02
6.39900e+02
6.40200e+02
6.40500e+02
6.40700e+02
6.40900e+02
6.41200e+02
6.41500e+02
6.41700e+02
6.41900e+02
6.42100e+02
6.42200e+02
6.42400e+02
6.42600e+02
6.42800e+02
6.42900e+02
6.43000e+02
6.43100e+02
6.43400e+02
6.43600e+02
6.43700e+02
6.43900e+02
6.44100e+02
6.44300e+02
6.44400e+02
6.44500e+02
6.44800e+02
6.45600e+02
6.45800e+02
6.46000e+02
6.46200e+02
6.46400e+02
6.46500e+02
6.46800e+02
6.46900e+02
6.47100e+02
6.47200e+02
6.47300e+02
6.47500e+02
6.47700e+02
6.48100e+02
6.48400e+02
6.48600e+02
6.48700e+02
6.48800e+02
6.48900e+02
6.49000e+02
6.49200e+02
6.49600e+02
6.49800e+02
6.49900e+02
6.50000e+02
6.50100e+02
6.50300e+02
6.50500e+02
6.50600e+02
6.51000e+02
6.51100e+02
6.51400e+02
6.51700e+02
6.51900e+02
6.52200e+02
6.52500e+02
6.52700e+02
6.52900e+02
6.53200e+02
6.53500e+02
6.53700e+02
6.53900e+02
6.54100e+02
6.54200e+02
6.54400e+02
6.54600e+02
6.54800e+02
6.54900e+02
6.55000e+02
6.55100e+02
6.55400e+02
6.55600e+02
6.55700e+02
6.55900e+02
6.56100e+02
6.56300e+02
6.56400e+02
6.56500e+02
6.56800e+02
6.57100e+02
6.57400e+02
6.57600e+02
6.57900e+02
6.58200e+02
6.58400e+02
6.58600e+02
6.58800e+02
6.58900e+02
6.59000e+02
6.59100e+02
6.59400e+02
6.59600e+02
6.59700e+02
6.59800e+02
6.60000e+02
6.60100e+02
6.60200e+02
6.60400e+02
6.60500e+02
6.60800e+02
6.61100e+02
6.61300e+02
6.61500e+02
6.61800e+02
6.62100e+02
6.62200e+02
6.62400e+02
6.62500e+02
6.62700e+02
6.63000e+02
6.63100e+02
6.63200e+02
6.63300e+02
6.63500e+02
6.63700e+02
6.63800e+02
6.63900e+02
6.64000e+02
6.64100e+02
6.64300e+02
6.64500e+02
6.64700e+02
6.64800e+02
6.64900e+02
6.65200e+02
6.65400e+02
6.65600e+02
6.65800e+02
6.66000e+02
6.66100e+02
6.66300e+02
6.66500e+02
6.66800e+02
6.67100e+02
6.67300e+02
6.67500e+02
6.67800e+02
6.68100e+02
6.68200e+02
6.68400e+02
6.68500e+02
6.68700e+02
6.69000e+02
6.69100e+02
6.69200e+02
6.69300e+02
6.69500e+02
6.69700e+02
6.69800e+02
6.69900e+02
6.70000e+02
6.70100e+02
6.70300e+02
6.70500e+02
6.70700e+02
6.70800e+02
6.70900e+02
6.71200e+02
6.71400e+02
6.71600e+02
6.71800e+02
6.72000e+02
6.72100e+02
6.72300e+02
6.72400e+02
6.72600e+02
6.72900e+02
6.73100e+02
6.73200e+02
6.73300e+02
6.73500e+02
6.73700e+02
6.73800e+02
6.73900e+02
6.74000e+02
6.74100e+02
6.74300e+02
6.74600e+02
6.74800e+02
6.74900e+02
6.75000e+02
6.75200e+02
6.75600e+02
6.75800e+02
6.76000e+02
6.76200e+02
6.76400e+02
6.76500e+02
6.76800e+02
6.76900e+02
6.77100e+02
6.77200e+02
6.77300e+02
6.77500e+02
6.77700e+02
6.78100e+02
6.78400e+02
6.78600e+02
6.78700e+02
6.78800e+02
6.78900e+02
6.79000e+02
6.79200e+02
6.79600e+02
6.79800e+02
6.79900e+02
6.80000e+02
6.80200e+02
6.80300e+02
6.80500e+02
6.80800e+02
6.81100e+02
6.81200e+02
6.81300e+02
6.81400e+02
6.81600e+02
6.81900e+02
6.82000e+02
6.82200e+02
6.82400e+02
6.82600e+02
6.82800e+02
6.82900e+02
6.83000e+02
6.83100e+02
6.83400e+02
6.83700e+02
6.83900e+02
6.84200e+02
6.84500e+02
6.84700e+02
6.84900e+02
6.85400e+02
6.85700e+02
6.85900e+02
6.86300e+02
6.86500e+02
6.86800e+02
6.87100e+02
6.87200e+02
6.87300e+02
6.87400e+02
6.87600e+02
6.87900e+02
6.88000e+02
6.88200e+02
6.88400e+02
6.88600e+02
6.88800e+02
6.88900e+02
6.89000e+02
6.89100e+02
6.89400e+02
6.89700e+02
6.89900e+02
6.90200e+02
6.90300e+02
6.90500e+02
6.90800e+02
6.91100e+02
6.91200e+02
6.91300e+02
6.91400e+02
6.91600e+02
6.91900e+02
6.92000e+02
6.92100e+02
6.92200e+02
6.92400e+02
6.92700e+02
6.92800e+02
6.93000e+02
6.93200e+02
6.93400e+02
6.93600e+02
6.93800e+02
6.94000e+02
6.94200e+02
6.94400e+02
6.94600e+02
6.94900e+02
6.95200e+02
6.95300e+02
6.95400e+02
6.95600e+02
6.95800e+02
6.95900e+02
6.96000e+02
6.96200e+02
6.96500e+02
6.96800e+02
6.97000e+02
6.97200e+02
6.97500e+02
6.97600e+02
6.97800e+02
6.98000e+02
6.98200e+02
6.98500e+02
6.98700e+02
6.99000e+02
6.99100e+02
6.99200e+02
6.99300e+02
6.99400e+02
6.99600e+02
6.99800e+02
6.99900e+02
7.00000e+02
7.00100e+02
7.00400e+02
7.00700e+02
7.00900e+02
7.01300e+02
7.01500e+02
7.01800e+02
7.01900e+02
7.02000e+02
7.02100e+02
7.02300e+02
7.02500e+02
7.02600e+02
7.02900e+02
7.03000e+02
7.03100e+02
7.03200e+02
7.03300e+02
7.03400e+02
7.03500e+02
7.03700e+02
7.03900e+02
7.04000e+02
7.04100e+02
7.04200e+02
7.04300e+02
7.04600e+02
7.04800e+02
7.04900e+02
7.05300e+02
7.05400e+02
7.05500e+02
7.05800e+02
7.06000e+02
7.06100e+02
7.06300e+02
7.06500e+02
7.06800e+02
7.07100e+02
7.07300e+02
7.07400e+02
7.07500e+02
7.07800e+02
7.07900e+02
7.08000e+02
7.08100e+02
7.08200e+02
7.08400e+02
7.08600e+02
7.08800e+02
7.08900e+02
7.09000e+02
7.09100e+02
7.09200e+02
7.09300e+02
7.09400e+02
7.09500e+02
7.09700e+02
7.09900e+02
7.10000e+02
7.10100e+02
7.10200e+02
7.10300e+02
7.10600e+02
7.10800e+02
7.10900e+02
7.11300e+02
7.11400e+02
7.11500e+02
7.11800e+02
7.12000e+02
7.12200e+02
7.12500e+02
7.12800e+02
7.12900e+02
7.13000e+02
7.13100e+02
7.13200e+02
7.13300e+02
7.13400e+02
7.13500e+02
7.13700e+02
7.13900e+02
7.14000e+02
7.14100e+02
7.14200e+02
7.14300e+02
7.14600e+02
7.14700e+02
7.14900e+02
7.15300e+02
7.15500e+02
7.15800e+02
7.15900e+02
7.16000e+02
7.16100e+02
7.16200e+02
7.16400e+02
7.16500e+02
7.16800e+02
7.17400e+02
7.17600e+02
7.17700e+02
7.17900e+02
7.18000e+02
7.18100e+02
7.18300e+02
7.18600e+02
7.18900e+02
7.19000e+02
7.19100e+02
7.19200e+02
7.19300e+02
7.19400e+02
7.19500e+02
7.19600e+02
7.19800e+02
7.19900e+02
7.20000e+02
7.20100e+02
7.20200e+02
7.20300e+02
7.20600e+02
7.20900e+02
7.21300e+02
7.21500e+02
7.21700e+02
7.21900e+02
7.22100e+02
7.22200e+02
7.22400e+02
7.22500e+02
7.22700e+02
7.23000e+02
7.23100e+02
7.23200e+02
7.23300e+02
7.23400e+02
7.23500e+02
7.23700e+02
7.24500e+02
7.24700e+02
7.25000e+02
7.25100e+02
7.25200e+02
7.25300e+02
7.25500e+02
7.25700e+02
7.25800e+02
7.26000e+02
7.26200e+02
7.26300e+02
7.26500e+02
7.26600e+02
7.26900e+02
7.27200e+02
7.27300e+02
7.27400e+02
7.27600e+02
7.27700e+02
7.28000e+02
7.28100e+02
7.28200e+02
7.28400e+02
7.28600e+02
7.28800e+02
7.28900e+02
7.29000e+02
7.29100e+02
7.29200e+02
7.29400e+02
7.29600e+02
7.29900e+02
7.30000e+02
7.30100e+02
7.30300e+02
7.30500e+02
7.30800e+02
7.31100e+02
7.31300e+02
7.31500e+02
7.31600e+02
7.31900e+02
7.32000e+02
7.32100e+02
7.32200e+02
7.32400e+02
7.32600e+02
7.32800e+02
7.32900e+02
7.33000e+02
7.33100e+02
7.33200e+02
7.33400e+02
7.33700e+02
7.33900e+02
7.34000e+02
7.34100e+02
7.34300e+02
7.34500e+02
7.34800e+02
7.35100e+02
7.35300e+02
7.35400e+02
7.35500e+02
7.35800e+02
7.35900e+02
7.36000e+02
7.36100e+02
7.36200e+02
7.36400e+02
7.36600e+02
7.36800e+02
7.36900e+02
7.37000e+02
7.37100e+02
7.37200e+02
7.37400e+02
7.37700e+02
7.37800e+02
7.38100e+02
7.38300e+02
7.38500e+02
7.38800e+02
7.39100e+02
7.39300e+02
7.39400e+02
7.39600e+02
7.39900e+02
7.40200e+02
7.40400e+02
7.40600e+02
7.40700e+02
7.40900e+02
7.41000e+02
7.41100e+02
7.41200e+02
7.41400e+02
7.41700e+02
7.41800e+02
7.42500e+02
7.42700e+02
7.43000e+02
7.43100e+02
7.43200e+02
7.43300e+02
7.43500e+02
7.43700e+02
7.43800e+02
7.43900e+02
7.44000e+02
7.44100e+02
7.44400e+02
7.44700e+02
7.44900e+02
7.45300e+02
7.45500e+02
7.45800e+02
7.45900e+02
7.46200e+02
7.46500e+02
7.46800e+02
7.47200e+02
7.47300e+02
7.47400e+02
7.47500e+02
7.47700e+02
7.47900e+02
7.48000e+02
7.48100e+02
7.48200e+02
7.48300e+02
7.48600e+02
7.48800e+02
7.48900e+02
7.49300e+02
7.49400e+02
7.49500e+02
7.49800e+02
7.50000e+02
7.50200e+02
7.50500e+02
7.50800e+02
7.50900e+02
7.51000e+02
7.51100e+02
7.51200e+02
7.51300e+02
7.51400e+02
7.51500e+02
7.51700e+02
7.51900e+02
7.52000e+02
7.52100e+02
7.52200e+02
7.52400e+02
7.52600e+02
7.52800e+02
7.52900e+02
7.53000e+02
7.53100e+02
7.53200e+02
7.53400e+02
7.53700e+02
7.53900e+02
7.54000e+02
7.54200e+02
7.54400e+02
7.54600e+02
7.54900e+02
7.55400e+02
7.55500e+02
7.55800e+02
7.56000e+02
7.56200e+02
7.56500e+02
7.56800e+02
7.56900e+02
7.57000e+02
7.57100e+02
7.57200e+02
7.57300e+02
7.57400e+02
7.57500e+02
7.57700e+02
7.57900e+02
7.58000e+02
7.58100e+02
7.58200e+02
7.58300e+02
7.58600e+02
7.58700e+02
7.58900e+02
7.59300e+02
7.59500e+02
7.59800e+02
7.59900e+02
7.60000e+02
7.60100e+02
7.60300e+02
7.60600e+02
7.60900e+02
7.61000e+02
7.61100e+02
7.61200e+02
7.61300e+02
7.61400e+02
7.61500e+02
7.61600e+02
7.61800e+02
7.61900e+02
7.62000e+02
7.62100e+02
7.62200e+02
7.62300e+02
7.62600e+02
7.62900e+02
7.63300e+02
7.63500e+02
7.63700e+02
7.63900e+02
7.64000e+02
7.64100e+02
7.64200e+02
7.64500e+02
7.64700e+02
7.65000e+02
7.65100e+02
7.65200e+02
7.65300e+02
7.65400e+02
7.65500e+02
7.65700e+02
7.66500e+02
7.66700e+02
7.67000e+02
7.67100e+02
7.67200e+02
7.67300e+02
7.67500e+02
7.67700e+02
7.67800e+02
7.68000e+02
7.68200e+02
7.68300e+02
7.68500e+02
7.68600e+02
7.68900e+02
7.69200e+02
7.69300e+02
7.69400e+02
7.69600e+02
7.69700e+02
7.70000e+02
7.70100e+02
7.70200e+02
7.70400e+02
7.70600e+02
7.70800e+02
7.70900e+02
7.71000e+02
7.71100e+02
7.71200e+02
7.71400e+02
7.71600e+02
7.71900e+02
7.72000e+02
7.72100e+02
7.72200e+02
7.72400e+02
7.72500e+02
7.72800e+02
7.73100e+02
7.73300e+02
7.73500e+02
7.73600e+02
7.73900e+02
7.74000e+02
7.74200e+02
7.74400e+02
7.74600e+02
7.74800e+02
7.74900e+02
7.75000e+02
7.75100e+02
7.75200e+02
7.75300e+02
7.75400e+02
7.75500e+02
7.75700e+02
7.75900e+02
7.76000e+02
7.76100e+02
7.76200e+02
7.76300e+02
7.76600e+02
7.76700e+02
7.76900e+02
7.77300e+02
7.77500e+02
7.77800e+02
7.77900e+02
7.78000e+02
7.78100e+02
7.78300e+02
7.78500e+02
7.78800e+02
7.79100e+02
7.79300e+02
7.79500e+02
7.79600e+02
7.79900e+02
7.80000e+02
7.80100e+02
7.80200e+02
7.80300e+02
7.80600e+02
7.80700e+02
7.80900e+02
7.81300e+02
7.81500e+02
7.81800e+02
7.81900e+02
7.82000e+02
7.82100e+02
7.82300e+02
7.82600e+02
7.82900e+02
7.83000e+02
7.83100e+02
7.83200e+02
7.83300e+02
7.83400e+02
7.83500e+02
7.83600e+02
7.83800e+02
7.83900e+02
7.84000e+02
7.84100e+02
7.84200e+02
7.84300e+02
7.84600e+02
7.84900e+02
7.85300e+02
7.85500e+02
7.85700e+02
7.85900e+02
7.86000e+02
7.86200e+02
7.86500e+02
7.86700e+02
7.87000e+02
7.87100e+02
7.87200e+02
7.87300e+02
7.87400e+02
7.87500e+02
7.87700e+02
7.88500e+02
7.88700e+02
7.89000e+02
7.89100e+02
7.89200e+02
7.89300e+02
7.89500e+02
7.89700e+02
7.89800e+02
7.90000e+02
7.90100e+02
7.90300e+02
7.90500e+02
7.90600e+02
7.90900e+02
7.91200e+02
7.91300e+02
7.91400e+02
7.91600e+02
7.91700e+02
7.92000e+02
7.92100e+02
7.92200e+02
7.92400e+02
7.92600e+02
7.92800e+02
7.92900e+02
7.93000e+02
7.93100e+02
7.93200e+02
7.93400e+02
7.93600e+02
7.93900e+02
7.94000e+02
7.94100e+02
7.94300e+02
7.94500e+02
7.94800e+02
7.95100e+02
7.95300e+02
7.95500e+02
7.95600e+02
7.95900e+02
7.96000e+02
7.96200e+02
7.96400e+02
7.96600e+02
7.96800e+02
7.96900e+02
7.97000e+02
7.97100e+02
7.97200e+02
7.97400e+02
7.97700e+02
7.97900e+02
7.98000e+02
7.98200e+02
7.98400e+02
7.98600e+02
7.98900e+02
7.99200e+02
7.99400e+02
7.99500e+02
7.99800e+02
7.99900e+02
8.00000e+02
8.00100e+02
8.00200e+02
8.00300e+02
8.00600e+02
8.00800e+02
8.00900e+02
8.01300e+02
8.01400e+02
8.01500e+02
8.01800e+02
8.02000e+02
8.02100e+02
8.02300e+02
8.02600e+02
8.02900e+02
8.03000e+02
8.03100e+02
8.03200e+02
8.03300e+02
8.03400e+02
8.03500e+02
8.03700e+02
8.03900e+02
8.04000e+02
8.04100e+02
8.04200e+02
8.04400e+02
8.04600e+02
8.04800e+02
8.04900e+02
8.05000e+02
8.05100e+02
8.05200e+02
8.05400e+02
8.05700e+02
8.05900e+02
8.06000e+02
8.06200e+02
8.06400e+02
8.06600e+02
8.06900e+02
8.07200e+02
8.07400e+02
8.07500e+02
8.07800e+02
8.07900e+02
8.08000e+02
8.08100e+02
8.08200e+02
8.08400e+02
8.08600e+02
8.08800e+02
8.08900e+02
8.09000e+02
8.09100e+02
8.09200e+02
8.09400e+02
8.09700e+02
8.09800e+02
8.10100e+02
8.10400e+02
8.10600e+02
8.10800e+02
8.11100e+02
8.11300e+02
8.11400e+02
8.11600e+02
8.11900e+02
8.12200e+02
8.12400e+02
8.12600e+02
8.12700e+02
8.12900e+02
8.13000e+02
8.13100e+02
8.13200e+02
8.13400e+02
8.13700e+02
8.13800e+02
8.14100e+02
8.14300e+02
8.14500e+02
8.14700e+02
8.14900e+02
8.15200e+02
8.15400e+02
8.15600e+02
8.15900e+02
8.16200e+02
8.16400e+02
8.16600e+02
8.16800e+02
8.16900e+02
8.17000e+02
8.17100e+02
8.17400e+02
8.17700e+02
8.17900e+02
8.18200e+02
8.18400e+02
8.18500e+02
8.18800e+02
8.19100e+02
8.19300e+02
8.19400e+02
8.19600e+02
8.19800e+02
8.20100e+02
8.20200e+02
8.20400e+02
8.20600e+02
8.20800e+02
8.20900e+02
8.21000e+02
8.21100e+02
8.21400e+02
8.21700e+02
8.21900e+02
8.22000e+02
8.22100e+02
8.22300e+02
8.22500e+02
8.22700e+02
8.22900e+02
8.23200e+02
8.23500e+02
8.23700e+02
8.23900e+02
8.24100e+02
8.24200e+02
8.24400e+02
8.24600e+02
8.24800e+02
8.24900e+02
8.25000e+02
8.25100e+02
8.25400e+02
8.25600e+02
8.25700e+02
8.25900e+02
8.26200e+02
8.26300e+02
8.26400e+02
8.26500e+02
8.26800e+02
8.27100e+02
8.27400e+02
8.27600e+02
8.27900e+02
8.28200e+02
8.28400e+02
8.28600e+02
8.28800e+02
8.28900e+02
8.29000e+02
8.29100e+02
8.29400e+02
8.29600e+02
8.29700e+02
8.29800e+02
8.30000e+02
8.30100e+02
8.30200e+02
8.30400e+02
8.30500e+02
8.30800e+02
8.31100e+02
8.31300e+02
8.31500e+02
8.31800e+02
8.32100e+02
8.32200e+02
8.32400e+02
8.32500e+02
8.32700e+02
8.33000e+02
8.33100e+02
8.33400e+02
8.33600e+02
8.33700e+02
8.33800e+02
8.34000e+02
8.34200e+02
8.34500e+02
8.34700e+02
8.35000e+02
8.35200e+02
8.35500e+02
8.35800e+02
8.36500e+02
8.36700e+02
8.37000e+02
8.37200e+02
8.37400e+02
8.37600e+02
8.37800e+02
8.38000e+02
8.38200e+02
8.38400e+02
8.38600e+02
8.38800e+02
8.39200e+02
8.39300e+02
8.39500e+02
8.39700e+02
8.39800e+02
8.39900e+02
8.40000e+02
8.40100e+02
8.40300e+02
8.40500e+02
8.40700e+02
8.40800e+02
8.40900e+02
8.41200e+02
8.41400e+02
8.41600e+02
8.41800e+02
8.42000e+02
8.42100e+02
8.42300e+02
8.42400e+02
8.42600e+02
8.42900e+02
8.43400e+02
8.43600e+02
8.43700e+02
8.43800e+02
8.44000e+02
8.44100e+02
8.44300e+02
8.44400e+02
8.44600e+02
8.44900e+02
8.45100e+02
8.45200e+02
8.45300e+02
8.45500e+02
8.45700e+02
8.45800e+02
8.45900e+02
8.46000e+02
8.46100e+02
8.46200e+02
8.46400e+02
8.46600e+02
8.46800e+02
8.46900e+02
8.47000e+02
8.47100e+02
8.47400e+02
8.47600e+02
8.47700e+02
8.47800e+02
8.48000e+02
8.48100e+02
8.48200e+02
8.48400e+02
8.48500e+02
8.48800e+02
8.49100e+02
8.49300e+02
8.49500e+02
8.49800e+02
8.50100e+02
8.50200e+02
8.50400e+02
8.50500e+02
8.50700e+02
8.51000e+02
8.51100e+02
8.51400e+02
8.51600e+02
8.51700e+02
8.51800e+02
8.52000e+02
8.52200e+02
8.52500e+02
8.52700e+02
8.53000e+02
8.53200e+02
8.53400e+02
8.53600e+02
8.53800e+02
8.54000e+02
8.54100e+02
8.54300e+02
8.54500e+02
8.54700e+02
8.55000e+02
8.55200e+02
8.55500e+02
8.55800e+02
8.56100e+02
8.56200e+02
8.56400e+02
8.56600e+02
8.56800e+02
8.56900e+02
8.57000e+02
8.57100e+02
8.57400e+02
8.57700e+02
8.58000e+02
8.58100e+02
8.58300e+02
8.58500e+02
8.58700e+02
8.58900e+02
8.59500e+02
8.59800e+02
8.60000e+02
8.60100e+02
8.60300e+02
8.60600e+02
8.60900e+02
8.61000e+02
8.61100e+02
8.61200e+02
8.61300e+02
8.61500e+02
8.61600e+02
8.61900e+02
8.62000e+02
8.62100e+02
8.62300e+02
8.62500e+02
8.62700e+02
8.63000e+02
8.63200e+02
8.63400e+02
8.63600e+02
8.63800e+02
8.64000e+02
8.64100e+02
8.64400e+02
8.64600e+02
8.64800e+02
8.65200e+02
8.65300e+02
8.65500e+02
8.65700e+02
8.65800e+02
8.65900e+02
8.66000e+02
8.66100e+02
8.66300e+02
8.66500e+02
8.66700e+02
8.66800e+02
8.66900e+02
8.67200e+02
8.67400e+02
8.67600e+02
8.67800e+02
8.68000e+02
8.68100e+02
8.68300e+02
8.68500e+02
8.68800e+02
8.69100e+02
8.69300e+02
8.69500e+02
8.69800e+02
8.70100e+02
8.70200e+02
8.70400e+02
8.70500e+02
8.70700e+02
8.71000e+02
8.71100e+02
8.71400e+02
8.71600e+02
8.71700e+02
8.71800e+02
8.72000e+02
8.72100e+02
8.72300e+02
8.72500e+02
8.72700e+02
8.73000e+02
8.73200e+02
8.73500e+02
8.73800e+02
8.74100e+02
8.74200e+02
8.74400e+02
8.74600e+02
8.74800e+02
8.74900e+02
8.75000e+02
8.75100e+02
8.75400e+02
8.75700e+02
8.76000e+02
8.76100e+02
8.76300e+02
8.76500e+02
8.76700e+02
8.76900e+02
8.77200e+02
8.77400e+02
8.77700e+02
8.77800e+02
8.78100e+02
8.78200e+02
8.78400e+02
8.78600e+02
8.78800e+02
8.78900e+02
8.79000e+02
8.79100e+02
8.79200e+02
8.79500e+02
8.79700e+02
8.80000e+02
8.80100e+02
8.80200e+02
8.80500e+02
8.80700e+02
8.80900e+02
8.81100e+02
8.81300e+02
8.81400e+02
8.81600e+02
8.81700e+02
8.81800e+02
8.82300e+02
8.82400e+02
8.82500e+02
8.82800e+02
8.82900e+02
8.83000e+02
8.83200e+02
8.83300e+02
8.83500e+02
8.83800e+02
8.84000e+02
8.84200e+02
8.84400e+02
8.84600e+02
8.84900e+02
8.85000e+02
8.85100e+02
8.85200e+02
8.85300e+02
8.85500e+02
8.85700e+02
8.86000e+02
8.86100e+02
8.86400e+02
8.86700e+02
8.86800e+02
8.86900e+02
8.87200e+02
8.87500e+02
8.87800e+02
8.88000e+02
8.88200e+02
8.88400e+02
8.88600e+02
8.88900e+02
8.89000e+02
8.89100e+02
8.89400e+02
8.89700e+02
8.90000e+02
8.90100e+02
8.90300e+02
8.90500e+02
8.90700e+02
8.90900e+02
8.91200e+02
8.91400e+02
8.91700e+02
8.91800e+02
8.92100e+02
8.92200e+02
8.92400e+02
8.92600e+02
8.92800e+02
8.92900e+02
8.93000e+02
8.93100e+02
8.93200e+02
8.93300e+02
8.93500e+02
8.93700e+02
8.94000e+02
8.94100e+02
8.94200e+02
8.94400e+02
8.94600e+02
8.94800e+02
8.94900e+02
8.95000e+02
8.95100e+02
8.95200e+02
8.95300e+02
8.95500e+02
8.95700e+02
8.96000e+02
8.96100e+02
8.96400e+02
8.96700e+02
8.96800e+02
8.96900e+02
8.97200e+02
8.97500e+02
8.97800e+02
8.98000e+02
8.98100e+02
8.98300e+02
8.98600e+02
8.98900e+02
8.99000e+02
8.99100e+02
8.99200e+02
8.99300e+02
8.99500e+02
8.99600e+02
8.99900e+02
9.00000e+02
9.00100e+02
9.00300e+02
9.00500e+02
9.00700e+02
9.01000e+02
9.01200e+02
9.01500e+02
9.01800e+02
9.02100e+02
9.02200e+02
9.02400e+02
9.02600e+02
9.02800e+02
9.02900e+02
9.03000e+02
9.03100e+02
9.03400e+02
9.03700e+02
9.04000e+02
9.04200e+02
9.04400e+02
9.04500e+02
9.04700e+02
9.04900e+02
9.05200e+02
9.05400e+02
9.05700e+02
9.05800e+02
9.06100e+02
9.06200e+02
9.06400e+02
9.06600e+02
9.06800e+02
9.06900e+02
9.07000e+02
9.07100e+02
9.07200e+02
9.07500e+02
9.07700e+02
9.08000e+02
9.08100e+02
9.08300e+02
9.08500e+02
9.08700e+02
9.08900e+02
9.09100e+02
9.09300e+02
9.09400e+02
9.09600e+02
9.09700e+02
9.09800e+02
9.10100e+02
9.10200e+02
9.10300e+02
9.10500e+02
9.10700e+02
9.10900e+02
9.11000e+02
9.11100e+02
9.11400e+02
9.11700e+02
9.11900e+02
9.12200e+02
9.12400e+02
9.12600e+02
9.12800e+02
9.13600e+02
9.13800e+02
9.14000e+02
9.14200e+02
9.14400e+02
9.14600e+02
9.14800e+02
9.15200e+02
9.15300e+02
9.15500e+02
9.15700e+02
9.15900e+02
9.16000e+02
9.16100e+02
9.16200e+02
9.16300e+02
9.16500e+02
9.16700e+02
9.16900e+02
9.17000e+02
9.17100e+02
9.17400e+02
9.17700e+02
9.17900e+02
9.18200e+02
9.18400e+02
9.18600e+02
9.18800e+02
9.19100e+02
9.19400e+02
9.19600e+02
9.19700e+02
9.20000e+02
9.20100e+02
9.20200e+02
9.20300e+02
9.20600e+02
9.20800e+02
9.20900e+02
9.21000e+02
9.21100e+02
9.21400e+02
9.21700e+02
9.21900e+02
9.22200e+02
9.22400e+02
9.22600e+02
9.22800e+02
9.22900e+02
9.23200e+02
9.23400e+02
9.23700e+02
9.23800e+02
9.24100e+02
9.24200e+02
9.24300e+02
9.24600e+02
9.24800e+02
9.24900e+02
9.25000e+02
9.25100e+02
9.25200e+02
9.25300e+02
9.25500e+02
9.25700e+02
9.26000e+02
9.26100e+02
9.26200e+02
9.26300e+02
9.26600e+02
9.26800e+02
9.26900e+02
9.27000e+02
9.27100e+02
9.27200e+02
9.27500e+02
9.27700e+02
9.27900e+02
9.28000e+02
9.28100e+02
9.28300e+02
9.28500e+02
9.28800e+02
9.29000e+02
9.29100e+02
9.29200e+02
9.29300e+02
9.29500e+02
9.29700e+02
9.30000e+02
9.30100e+02
9.30300e+02
9.30400e+02
9.30600e+02
9.30800e+02
9.30900e+02
9.31200e+02
9.31300e+02
9.31600e+02
9.31800e+02
9.32000e+02
9.32200e+02
9.32400e+02
9.32600e+02
9.32900e+02
9.33400e+02
9.33700e+02
9.33900e+02
9.34300e+02
9.34500e+02
9.34800e+02
9.35200e+02
9.35300e+02
9.35500e+02
9.35700e+02
9.36000e+02
9.36200e+02
9.36400e+02
9.36700e+02
9.36800e+02
9.36900e+02
9.37200e+02
9.37600e+02
9.37800e+02
9.38000e+02
9.38200e+02
9.38400e+02
9.38600e+02
9.38800e+02
9.39500e+02
9.39700e+02
9.39900e+02
9.40300e+02
9.40600e+02
9.40800e+02
9.41200e+02
9.41300e+02
9.41500e+02
9.41700e+02
9.41900e+02
9.42000e+02
9.42100e+02
9.42300e+02
9.42400e+02
9.42500e+02
9.42800e+02
9.42900e+02
9.43000e+02
9.43200e+02
9.43300e+02
9.43500e+02
9.43800e+02
9.44000e+02
9.44100e+02
9.44200e+02
9.44400e+02
9.44600e+02
9.44900e+02
9.45000e+02
9.45100e+02
9.45200e+02
9.45300e+02
9.45500e+02
9.45700e+02
9.46000e+02
9.46100e+02
9.46400e+02
9.46700e+02
9.46800e+02
9.46900e+02
9.47200e+02
9.47500e+02
9.47800e+02
9.48000e+02
9.48200e+02
9.48400e+02
9.48500e+02
9.48700e+02
9.48900e+02
9.49200e+02
9.49400e+02
9.49700e+02
9.49800e+02
9.50100e+02
9.50200e+02
9.50400e+02
9.50600e+02
9.50800e+02
9.50900e+02
9.51000e+02
9.51100e+02
9.51200e+02
9.51500e+02
9.51700e+02
9.52000e+02
9.52100e+02
9.52200e+02
9.52500e+02
9.52700e+02
9.52900e+02
9.53100e+02
9.53300e+02
9.53400e+02
9.53700e+02
9.53800e+02
9.54100e+02
9.54200e+02
9.54300e+02
9.54500e+02
9.54700e+02
9.54900e+02
9.55000e+02
9.55100e+02
9.55400e+02
9.55700e+02
9.55900e+02
9.56200e+02
9.56400e+02
9.56600e+02
9.56800e+02
9.57100e+02
9.57400e+02
9.57700e+02
9.58000e+02
9.58100e+02
9.58200e+02
9.58300e+02
9.58600e+02
9.58800e+02
9.58900e+02
9.59000e+02
9.59100e+02
9.59200e+02
9.59300e+02
9.59500e+02
9.59700e+02
9.60000e+02
9.60100e+02
9.60300e+02
9.60600e+02
9.60900e+02
9.61200e+02
9.61600e+02
9.61800e+02
9.62000e+02
9.62200e+02
9.62400e+02
9.62600e+02
9.62800e+02
9.63200e+02
9.63300e+02
9.63500e+02
9.63700e+02
9.63900e+02
9.64000e+02
9.64100e+02
9.64300e+02
9.64400e+02
9.64500e+02
9.64800e+02
9.64900e+02
9.65000e+02
9.65200e+02
9.65300e+02
9.65500e+02
9.65800e+02
9.66000e+02
9.66100e+02
9.66300e+02
9.66600e+02
9.66900e+02
9.67000e+02
9.67100e+02
9.67200e+02
9.67300e+02
9.67500e+02
9.67700e+02
9.68000e+02
9.68100e+02
9.68400e+02
9.68700e+02
9.68800e+02
9.68900e+02
9.69200e+02
9.69500e+02
9.69800e+02
9.70000e+02
9.70300e+02
9.70600e+02
9.70900e+02
9.71000e+02
9.71100e+02
9.71200e+02
9.71300e+02
9.71500e+02
9.71600e+02
9.71900e+02
9.72000e+02
9.72100e+02
9.72300e+02
9.72500e+02
9.72700e+02
9.73000e+02
9.73200e+02
9.73400e+02
9.73600e+02
9.73800e+02
9.74000e+02
9.74200e+02
9.74400e+02
9.74600e+02
9.74800e+02
9.75200e+02
9.75300e+02
9.75500e+02
9.75700e+02
9.75900e+02
9.76000e+02
9.76100e+02
9.76200e+02
9.76400e+02
9.76500e+02
9.76700e+02
9.77000e+02
9.77100e+02
9.77400e+02
9.77600e+02
9.77700e+02
9.77800e+02
9.78000e+02
9.78200e+02
9.78500e+02
9.78700e+02
9.79000e+02
9.79200e+02
9.79500e+02
9.79800e+02
9.80100e+02
9.80200e+02
9.80400e+02
9.80600e+02
9.80800e+02
9.80900e+02
9.81000e+02
9.81100e+02
9.81400e+02
9.81700e+02
9.82000e+02
9.82100e+02
9.82200e+02
9.82400e+02
9.82500e+02
9.82700e+02
9.82900e+02
9.83200e+02
9.83400e+02
9.83700e+02
9.83800e+02
9.84100e+02
9.84200e+02
9.84400e+02
9.84600e+02
9.84800e+02
9.84900e+02
9.85000e+02
9.85100e+02
9.85200e+02
9.85500e+02
9.85700e+02
9.86000e+02
9.86100e+02
9.86300e+02
9.86500e+02
9.86700e+02
9.86900e+02
9.87100e+02
9.87300e+02
9.87400e+02
9.87600e+02
9.87700e+02
9.87800e+02
9.88100e+02
9.88200e+02
9.88300e+02
9.88500e+02
9.88700e+02
9.88900e+02
9.89000e+02
9.89100e+02
9.89400e+02
9.89700e+02
9.89900e+02
9.90200e+02
9.90400e+02
9.90600e+02
9.90800e+02
9.91100e+02
9.91400e+02
9.91700e+02
9.92000e+02
9.92100e+02
9.92200e+02
9.92300e+02
9.92600e+02
9.92800e+02
9.92900e+02
9.93000e+02
9.93100e+02
9.93400e+02
9.93500e+02
9.93700e+02
9.93900e+02
9.94200e+02
9.94400e+02
9.94600e+02
9.94800e+02
9.94900e+02
9.95200e+02
9.95400e+02
9.95700e+02
9.95800e+02
9.96100e+02
9.96200e+02
9.96300e+02
9.96600e+02
9.96800e+02
9.96900e+02
9.97000e+02
9.97100e+02
9.97200e+02
9.97500e+02
9.97700e+02
9.97900e+02
9.98200e+02
9.98400e+02
9.98600e+02
9.98800e+02
9.99100e+02
9.99300e+02
9.99400e+02
9.99700e+02
9.99800e+02
1.00010e+03
1.00020e+03
1.00040e+03
1.00060e+03
1.00080e+03
1.00090e+03
1.00100e+03
1.00110e+03
1.00140e+03
1.00150e+03
1.00170e+03
1.00190e+03
1.00220e+03
1.00250e+03
1.00280e+03
1.00290e+03
1.00320e+03
1.00340e+03
1.00370e+03
1.00390e+03
1.00410e+03
1.00420e+03
1.00440e+03
1.00460e+03
1.00480e+03
1.00490e+03
1.00500e+03
1.00510e+03
1.00520e+03
1.00540e+03
1.00550e+03
1.00570e+03
1.00590e+03
1.00600e+03
1.00610e+03
1.00640e+03
1.00660e+03
1.00680e+03
1.00690e+03
1.00720e+03
1.00740e+03
1.00750e+03
1.00780e+03
1.00850e+03
1.00880e+03
1.00890e+03
1.00930e+03
1.00950e+03
1.00980e+03
1.01010e+03
1.01020e+03
1.01030e+03
1.01060e+03
1.01080e+03
1.01090e+03
1.01100e+03
1.01110e+03
1.01120e+03
1.01140e+03
1.01170e+03
1.01180e+03
1.01200e+03
1.01210e+03
1.01230e+03
1.01240e+03
1.01260e+03
1.01290e+03
1.01320e+03
1.01340e+03
1.01370e+03
1.01400e+03
1.01410e+03
1.01420e+03
1.01440e+03
1.01460e+03
1.01480e+03
1.01490e+03
1.01500e+03
1.01510e+03
1.01520e+03
1.01540e+03
1.01570e+03
1.01580e+03
1.01600e+03
1.01610e+03
1.01620e+03
1.01630e+03
1.01650e+03
1.01680e+03
1.01700e+03
1.01720e+03
1.01740e+03
1.01770e+03
1.01810e+03
1.01820e+03
1.01840e+03
1.01860e+03
1.01880e+03
1.01890e+03
1.01900e+03
1.01910e+03
1.01920e+03
1.01930e+03
1.01950e+03
1.01970e+03
1.01990e+03
1.02000e+03
1.02010e+03
1.02020e+03
1.02040e+03
1.02060e+03
1.02080e+03
1.02090e+03
1.02100e+03
1.02110e+03
1.02120e+03
1.02140e+03
1.02170e+03
1.02180e+03
1.02200e+03
1.02210e+03
1.02220e+03
1.02230e+03
1.02240e+03
1.02260e+03
1.02280e+03
1.02310e+03
1.02320e+03
1.02350e+03
1.02370e+03
1.02410e+03
1.02420e+03
1.02440e+03
1.02470e+03
1.02480e+03
1.02490e+03
1.02500e+03
1.02510e+03
1.02520e+03
1.02540e+03
1.02570e+03
1.02580e+03
1.02600e+03
1.02610e+03
1.02620e+03
1.02630e+03
1.02650e+03
1.02680e+03
1.02740e+03
1.02760e+03
1.02780e+03
1.02790e+03
1.02810e+03
1.02820e+03
1.02850e+03
1.02880e+03
1.02890e+03
1.02900e+03
1.02910e+03
1.02920e+03
1.02930e+03
1.02950e+03
1.02960e+03
1.02980e+03
1.02990e+03
1.03000e+03
1.03010e+03
1.03020e+03
1.03040e+03
1.03070e+03
1.03080e+03
1.03090e+03
1.03100e+03
1.03110e+03
1.03120e+03
1.03140e+03
1.03170e+03
1.03180e+03
1.03200e+03
1.03210e+03
1.03230e+03
1.03240e+03
1.03260e+03
1.03280e+03
1.03310e+03
1.03320e+03
1.03330e+03
1.03350e+03
1.03390e+03
1.03440e+03
1.03450e+03
1.03470e+03
1.03490e+03
1.03500e+03
1.03520e+03
1.03540e+03
1.03560e+03
1.03580e+03
1.03590e+03
1.03610e+03
1.03630e+03
1.03660e+03
1.03690e+03
1.03700e+03
1.03710e+03
1.03720e+03
1.03730e+03
1.03750e+03
1.03760e+03
1.03780e+03
1.03790e+03
1.03800e+03
1.03810e+03
1.03850e+03
1.03870e+03
1.03890e+03
1.03920e+03
1.03940e+03
1.03960e+03
1.03980e+03
1.03990e+03
1.04010e+03
1.04030e+03
1.04060e+03
1.04090e+03
1.04100e+03
1.04110e+03
1.04120e+03
1.04130e+03
1.04150e+03
1.04170e+03
1.04190e+03
1.04200e+03
1.04210e+03
1.04230e+03
1.04250e+03
1.04280e+03
1.04290e+03
1.04330e+03
1.04360e+03
1.04400e+03
1.04410e+03
1.04420e+03
1.04440e+03
1.04460e+03
1.04480e+03
1.04490e+03
1.04500e+03
1.04510e+03
1.04520e+03
1.04530e+03
1.04550e+03
1.04570e+03
1.04590e+03
1.04600e+03
1.04610e+03
1.04630e+03
1.04650e+03
1.04680e+03
1.04690e+03
1.04720e+03
1.04760e+03
1.04790e+03
1.04810e+03
1.04820e+03
1.04850e+03
1.04880e+03
1.04910e+03
1.04920e+03
1.04930e+03
1.04950e+03
1.04970e+03
1.05000e+03
1.05010e+03
1.05030e+03
1.05050e+03
1.05080e+03
1.05090e+03
1.05120e+03
1.05150e+03
1.05180e+03
1.05190e+03
1.05200e+03
1.05220e+03
1.05230e+03
1.05240e+03
1.05260e+03
1.05290e+03
1.05340e+03
1.05360e+03
1.05380e+03
1.05390e+03
1.05400e+03
1.05410e+03
1.05430e+03
1.05440e+03
1.05460e+03
1.05490e+03
1.05520e+03
1.05540e+03
1.05570e+03
1.05600e+03
1.05610e+03
1.05630e+03
1.05650e+03
1.05680e+03
1.05690e+03
1.05720e+03
1.05750e+03
1.05780e+03
1.05790e+03
1.05800e+03
1.05820e+03
1.05830e+03
1.05840e+03
1.05860e+03
1.05890e+03
1.05940e+03
1.05960e+03
1.05980e+03
1.05990e+03
1.06000e+03
1.06020e+03
1.06030e+03
1.06040e+03
1.06060e+03
1.06090e+03
1.06120e+03
1.06140e+03
1.06170e+03
1.06200e+03
1.06210e+03
1.06220e+03
1.06240e+03
1.06260e+03
1.06280e+03
1.06290e+03
1.06300e+03
1.06310e+03
1.06320e+03
1.06340e+03
1.06370e+03
1.06380e+03
1.06400e+03
1.06420e+03
1.06430e+03
1.06450e+03
1.06480e+03
1.06500e+03
1.06520e+03
1.06540e+03
1.06570e+03
1.06610e+03
1.06620e+03
1.06640e+03
1.06660e+03
1.06680e+03
1.06690e+03
1.06700e+03
1.06710e+03
1.06720e+03
1.06740e+03
1.06770e+03
1.06780e+03
1.06800e+03
1.06820e+03
1.06850e+03
1.06880e+03
1.06900e+03
1.06910e+03
1.06920e+03
1.06940e+03
1.06970e+03
1.06980e+03
1.07000e+03
1.07010e+03
1.07020e+03
1.07030e+03
1.07040e+03
1.07060e+03
1.07080e+03
1.07110e+03
1.07120e+03
1.07150e+03
1.07170e+03
1.07210e+03
1.07220e+03
1.07240e+03
1.07270e+03
1.07280e+03
1.07290e+03
1.07300e+03
1.07310e+03
1.07320e+03
1.07340e+03
1.07370e+03
1.07380e+03
1.07400e+03
1.07410e+03
1.07420e+03
1.07430e+03
1.07450e+03
1.07480e+03
1.07510e+03
1.07520e+03
1.07530e+03
1.07550e+03
1.07590e+03
1.07610e+03
1.07620e+03
1.07640e+03
1.07650e+03
1.07680e+03
1.07690e+03
1.07700e+03
1.07710e+03
1.07720e+03
1.07740e+03
1.07770e+03
1.07790e+03
1.07810e+03
1.07820e+03
1.07850e+03
1.07880e+03
1.07900e+03
1.07920e+03
1.07950e+03
1.07980e+03
1.07990e+03
1.08010e+03
1.08020e+03
1.08040e+03
1.08050e+03
1.08080e+03
1.08090e+03
1.08100e+03
1.08110e+03
1.08120e+03
1.08140e+03
1.08170e+03
1.08190e+03
1.08200e+03
1.08220e+03
1.08240e+03
1.08260e+03
1.08280e+03
1.08300e+03
1.08320e+03
1.08340e+03
1.08370e+03
1.08400e+03
1.08410e+03
1.08420e+03
1.08430e+03
1.08450e+03
1.08480e+03
1.08490e+03
1.08500e+03
1.08510e+03
1.08520e+03
1.08530e+03
1.08550e+03
1.08570e+03
1.08590e+03
1.08600e+03
1.08610e+03
1.08640e+03
1.08670e+03
1.08680e+03
1.08700e+03
1.08720e+03
1.08760e+03
1.08780e+03
1.08800e+03
1.08810e+03
1.08830e+03
1.08860e+03
1.08890e+03
1.08900e+03
1.08910e+03
1.08920e+03
1.08930e+03
1.08950e+03
1.08970e+03
1.08990e+03
1.09000e+03
1.09010e+03
1.09020e+03
1.09040e+03
1.09050e+03
1.09080e+03
1.09090e+03
1.09100e+03
1.09110e+03
1.09120e+03
1.09140e+03
1.09170e+03
1.09190e+03
1.09220e+03
1.09240e+03
1.09260e+03
1.09280e+03
1.09300e+03
1.09320e+03
1.09340e+03
1.09370e+03
1.09400e+03
1.09410e+03
1.09420e+03
1.09430e+03
1.09450e+03
1.09480e+03
1.09490e+03
1.09500e+03
1.09510e+03
1.09520e+03
1.09540e+03
1.09570e+03
1.09590e+03
1.09600e+03
1.09610e+03
1.09630e+03
1.09640e+03
1.09660e+03
1.09680e+03
1.09700e+03
1.09720e+03
1.09740e+03
1.09760e+03
1.09770e+03
1.09800e+03
1.09830e+03
1.09860e+03
1.09870e+03
1.09880e+03
1.09890e+03
1.09900e+03
1.09910e+03
1.09920e+03
1.09930e+03
1.09960e+03
1.09970e+03
1.09980e+03
1.10000e+03
1.10020e+03
1.10030e+03
1.10040e+03
1.10060e+03
1.10080e+03
1.10110e+03
1.10120e+03
1.10130e+03
1.10160e+03
1.10200e+03
1.10210e+03
1.10220e+03
1.10240e+03
1.10260e+03
1.10290e+03
1.10300e+03
1.10310e+03
1.10340e+03
1.10360e+03
1.10370e+03
1.10380e+03
1.10390e+03
1.10400e+03
1.10410e+03
1.10440e+03
1.10450e+03
1.10470e+03
1.10490e+03
1.10520e+03
1.10540e+03
1.10560e+03
1.10590e+03
1.10620e+03
1.10630e+03
1.10660e+03
1.10690e+03
1.10700e+03
1.10710e+03
1.10740e+03
1.10760e+03
1.10770e+03
1.10780e+03
1.10800e+03
1.10810e+03
1.10840e+03
1.10860e+03
1.10880e+03
1.10910e+03
1.10940e+03
1.10960e+03
1.10980e+03
1.11010e+03
1.11020e+03
1.11030e+03
1.11060e+03
1.11080e+03
1.11090e+03
1.11100e+03
1.11110e+03
1.11140e+03
1.11160e+03
1.11180e+03
1.11200e+03
1.11220e+03
1.11240e+03
1.11260e+03
1.11280e+03
1.11310e+03
1.11330e+03
1.11360e+03
1.11370e+03
1.11400e+03
1.11420e+03
1.11440e+03
1.11460e+03
1.11480e+03
1.11490e+03
1.11500e+03
1.11510e+03
1.11540e+03
1.11560e+03
1.11580e+03
1.11600e+03
1.11610e+03
1.11630e+03
1.11650e+03
1.11670e+03
1.11750e+03
1.11780e+03
1.11800e+03
1.11810e+03
1.11820e+03
1.11850e+03
1.11870e+03
1.11900e+03
1.11910e+03
1.11920e+03
1.11930e+03
1.11940e+03
1.11960e+03
1.12000e+03
1.12010e+03
1.12040e+03
1.12060e+03
1.12080e+03
1.12100e+03
1.12140e+03
1.12170e+03
1.12190e+03
1.12200e+03
1.12210e+03
1.12240e+03
1.12260e+03
1.12280e+03
1.12310e+03
1.12330e+03
1.12360e+03
1.12370e+03
1.12400e+03
1.12410e+03
1.12420e+03
1.12440e+03
1.12460e+03
1.12480e+03
1.12490e+03
1.12500e+03
1.12510e+03
1.12540e+03
1.12560e+03
1.12580e+03
1.12600e+03
1.12610e+03
1.12620e+03
1.12650e+03
1.12670e+03
1.12700e+03
1.12710e+03
1.12720e+03
1.12730e+03
1.12740e+03
1.12760e+03
1.12800e+03
1.12810e+03
1.12820e+03
1.12840e+03
1.12860e+03
1.12880e+03
1.12890e+03
1.12900e+03
1.12910e+03
1.12940e+03
1.12960e+03
1.12980e+03
1.13000e+03
1.13010e+03
1.13020e+03
1.13040e+03
1.13060e+03
1.13070e+03
1.13110e+03
1.13130e+03
1.13150e+03
1.13190e+03
1.13200e+03
1.13220e+03
1.13240e+03
1.13270e+03
1.13280e+03
1.13290e+03
1.13300e+03
1.13310e+03
1.13340e+03
1.13360e+03
1.13370e+03
1.13380e+03
1.13400e+03
1.13420e+03
1.13440e+03
1.13450e+03
1.13480e+03
1.13510e+03
1.13530e+03
1.13550e+03
1.13580e+03
1.13600e+03
1.13610e+03
1.13620e+03
1.13640e+03
1.13660e+03
1.13670e+03
1.13690e+03
1.13700e+03
1.13710e+03
1.13740e+03
1.13770e+03
1.13780e+03
1.13790e+03
1.13800e+03
1.13820e+03
1.13850e+03
1.13870e+03
1.13900e+03
1.13910e+03
1.13920e+03
1.13930e+03
1.13950e+03
1.13980e+03
1.13990e+03
1.14000e+03
1.14010e+03
1.14020e+03
1.14030e+03
1.14050e+03
1.14080e+03
1.14100e+03
1.14120e+03
1.14140e+03
1.14160e+03
1.14180e+03
1.14200e+03
1.14210e+03
1.14220e+03
1.14250e+03
1.14270e+03
1.14310e+03
1.14320e+03
1.14330e+03
1.14350e+03
1.14370e+03
1.14400e+03
1.14410e+03
1.14430e+03
1.14450e+03
1.14480e+03
1.14500e+03
1.14520e+03
1.14550e+03
1.14590e+03
1.14600e+03
1.14610e+03
1.14620e+03
1.14640e+03
1.14670e+03
1.14680e+03
1.14690e+03
1.14700e+03
1.14710e+03
1.14740e+03
1.14760e+03
1.14770e+03
1.14780e+03
1.14800e+03
1.14830e+03
1.14850e+03
1.14870e+03
1.14910e+03
1.14920e+03
1.14930e+03
1.14950e+03
1.14970e+03
1.15000e+03
1.15010e+03
1.15030e+03
1.15050e+03
1.15080e+03
1.15100e+03
1.15140e+03
1.15160e+03
1.15180e+03
1.15200e+03
1.15210e+03
1.15220e+03
1.15250e+03
1.15270e+03
1.15300e+03
1.15310e+03
1.15320e+03
1.15330e+03
1.15340e+03
1.15360e+03
1.15400e+03
1.15410e+03
1.15440e+03
1.15460e+03
1.15480e+03
1.15500e+03
1.15540e+03
1.15570e+03
1.15590e+03
1.15600e+03
1.15610e+03
1.15620e+03
1.15640e+03
1.15660e+03
1.15680e+03
1.15750e+03
1.15760e+03
1.15780e+03
1.15800e+03
1.15810e+03
1.15820e+03
1.15840e+03
1.15860e+03
1.15880e+03
1.15910e+03
1.15920e+03
1.15930e+03
1.15950e+03
1.15970e+03
1.16020e+03
1.16050e+03
1.16060e+03
1.16070e+03
1.16080e+03
1.16100e+03
1.16130e+03
1.16160e+03
1.16180e+03
1.16200e+03
1.16220e+03
1.16240e+03
1.16260e+03
1.16280e+03
1.16310e+03
1.16320e+03
1.16330e+03
1.16350e+03
1.16370e+03
1.16390e+03
1.16400e+03
1.16410e+03
1.16440e+03
1.16470e+03
1.16480e+03
1.16500e+03
1.16520e+03
1.16560e+03
1.16580e+03
1.16600e+03
1.16610e+03
1.16630e+03
1.16660e+03
1.16690e+03
1.16710e+03
1.16720e+03
1.16730e+03
1.16740e+03
1.16750e+03
1.16770e+03
1.16800e+03
1.16810e+03
1.16840e+03
1.16850e+03
1.16880e+03
1.16890e+03
1.16900e+03
1.16920e+03
1.16950e+03
1.16970e+03
1.16990e+03
1.17030e+03
1.17040e+03
1.17060e+03
1.17080e+03
1.17110e+03
1.17120e+03
1.17130e+03
1.17160e+03
1.17200e+03
1.17210e+03
1.17220e+03
1.17240e+03
1.17260e+03
1.17290e+03
1.17300e+03
1.17310e+03
1.17340e+03
1.17360e+03
1.17370e+03
1.17380e+03
1.17390e+03
1.17400e+03
1.17410e+03
1.17440e+03
1.17450e+03
1.17470e+03
1.17490e+03
1.17520e+03
1.17540e+03
1.17560e+03
1.17590e+03
1.17620e+03
1.17630e+03
1.17660e+03
1.17690e+03
1.17700e+03
1.17710e+03
1.17740e+03
1.17760e+03
1.17770e+03
1.17780e+03
1.17800e+03
1.17810e+03
1.17840e+03
1.17860e+03
1.17880e+03
1.17910e+03
1.17940e+03
1.17960e+03
1.17980e+03
1.18010e+03
1.18020e+03
1.18030e+03
1.18060e+03
1.18080e+03
1.18090e+03
1.18100e+03
1.18110e+03
1.18140e+03
1.18160e+03
1.18180e+03
1.18200e+03
1.18220e+03
1.18240e+03
1.18260e+03
1.18280e+03
1.18310e+03
1.18330e+03
1.18360e+03
1.18370e+03
1.18400e+03
1.18410e+03
1.18420e+03
1.18440e+03
1.18460e+03
1.18480e+03
1.18490e+03
1.18500e+03
1.18510e+03
1.18540e+03
1.18560e+03
1.18580e+03
1.18600e+03
1.18610e+03
1.18630e+03
1.18650e+03
1.18670e+03
1.18710e+03
1.18730e+03
1.18750e+03
1.18790e+03
1.18800e+03
1.18810e+03
1.18830e+03
1.18850e+03
1.18880e+03
1.18900e+03
1.18940e+03
1.18960e+03
1.18980e+03
1.19000e+03
1.19010e+03
1.19020e+03
1.19050e+03
1.19070e+03
1.19100e+03
1.19110e+03
1.19120e+03
1.19130e+03
1.19140e+03
1.19160e+03
1.19200e+03
1.19210e+03
1.19240e+03
1.19260e+03
1.19280e+03
1.19300e+03
1.19340e+03
1.19370e+03
1.19390e+03
1.19400e+03
1.19420e+03
1.19450e+03
1.19470e+03
1.19500e+03
1.19510e+03
1.19520e+03
1.19530e+03
1.19550e+03
1.19570e+03
1.19600e+03
1.19610e+03
1.19620e+03
1.19630e+03
1.19660e+03
1.19680e+03
1.19690e+03
1.19700e+03
1.19710e+03
1.19740e+03
1.19760e+03
1.19780e+03
1.19800e+03
1.19810e+03
1.19840e+03
1.19860e+03
1.19880e+03
1.19910e+03
1.19930e+03
1.19960e+03
1.19970e+03
1.20000e+03
1.20010e+03
1.20020e+03
1.20040e+03
1.20060e+03
1.20080e+03
1.20090e+03
1.20100e+03
1.20110e+03
1.20140e+03
1.20160e+03
1.20180e+03
1.20200e+03
1.20210e+03
1.20220e+03
1.20240e+03
1.20260e+03
1.20270e+03
1.20310e+03
1.20330e+03
1.20350e+03
1.20390e+03
1.20400e+03
1.20420e+03
1.20440e+03
1.20470e+03
1.20480e+03
1.20490e+03
1.20500e+03
1.20510e+03
1.20540e+03
1.20560e+03
1.20570e+03
1.20580e+03
1.20600e+03
1.20630e+03
1.20650e+03
1.20670e+03
1.20710e+03
1.20720e+03
1.20730e+03
1.20750e+03
1.20770e+03
1.20800e+03
1.20810e+03
1.20830e+03
1.20850e+03
1.20880e+03
1.20900e+03
1.20940e+03
1.20960e+03
1.20980e+03
1.21000e+03
1.21010e+03
1.21020e+03
1.21050e+03
1.21070e+03
1.21100e+03
1.21110e+03
1.21140e+03
1.21160e+03
1.21180e+03
1.21200e+03
1.21210e+03
1.21220e+03
1.21250e+03
1.21270e+03
1.21300e+03
1.21310e+03
1.21320e+03
1.21330e+03
1.21340e+03
1.21360e+03
1.21400e+03
1.21410e+03
1.21420e+03
1.21440e+03
1.21460e+03
1.21480e+03
1.21490e+03
1.21500e+03
1.21510e+03
1.21540e+03
1.21560e+03
1.21580e+03
1.21600e+03
1.21610e+03
1.21620e+03
1.21640e+03
1.21660e+03
1.21670e+03
1.21750e+03
1.21780e+03
1.21800e+03
1.21810e+03
1.21820e+03
1.21850e+03
1.21870e+03
1.21900e+03
1.21910e+03
1.21920e+03
1.21930e+03
1.21940e+03
1.21960e+03
1.22000e+03
1.22010e+03
1.22040e+03
1.22060e+03
1.22080e+03
1.22100e+03
1.22140e+03
1.22170e+03
1.22190e+03
1.22200e+03
1.22220e+03
1.22240e+03
1.22260e+03
1.22280e+03
1.22310e+03
1.22330e+03
1.22360e+03
1.22370e+03
1.22400e+03
1.22410e+03
1.22420e+03
1.22440e+03
1.22460e+03
1.22480e+03
1.22490e+03
1.22500e+03
1.22510e+03
1.22540e+03
1.22560e+03
1.22580e+03
1.22600e+03
1.22610e+03
1.22620e+03
1.22640e+03
1.22660e+03
1.22670e+03
1.22710e+03
1.22730e+03
1.22750e+03
1.22790e+03
