0.00000e+00 0.0000000000e+00 0.0000000000e+00
1.00000e+00 7.0863347370e-01 7.0863347370e-01
2.00000e+00 1.4216859613e+00 1.4209773278e+00
3.00000e+00 2.0650836152e+00 6.4339765392e-01
4.00000e+00 2.7241541932e+00 6.5907057796e-01
5.00000e+00 3.4165212051e+00 2.1119233625e+00
6.00000e+00 4.0526081139e+00 7.6965578877e-02
7.00000e+00 4.6436272639e+00 6.0603300348e-01
8.00000e+00 5.1958258478e+00 1.8003798107e+00
9.00000e+00 5.8263907644e+00 1.2645991801e+00
1.00000e+01 6.5076987822e+00 2.7911194570e+00
1.10000e+01 7.1595860863e+00 2.4504667349e+00
1.20000e+01 7.7941655044e+00 8.0545902853e-01
1.30000e+01 8.5002978262e+00 1.5212280056e+00
1.40000e+01 9.2472871055e+00 4.0388609052e-01
1.50000e+01 9.9593478772e+00 8.6482703712e-01
1.60000e+01 1.0654037521e+01 3.3475975446e+00
1.70000e+01 1.1392250396e+01 1.8181000539e+00
1.80000e+01 1.2097408715e+01 2.8521127688e+00
1.90000e+01 1.2758408969e+01 3.4142310514e+00
2.00000e+01 1.3396172232e+01 5.5718853298e-01
2.10000e+01 1.4063576510e+01 9.2930925461e-01
2.20000e+01 1.4691794539e+01 1.0910915591e+00
2.30000e+01 1.5282121421e+01 4.8595797124e-01
2.40000e+01 1.5856811074e+01 8.6530633583e-01
2.50000e+01 1.6456582840e+01 1.0223679564e+00
2.60000e+01 1.7037040952e+01 3.2612714906e+00
2.70000e+01 1.7618375254e+01 2.6897743589e+00
2.80000e+01 1.8197957421e+01 3.1182133880e+00
2.90000e+01 1.8833306290e+01 3.5907089702e+00
3.00000e+01 1.9467976387e+01 2.4255384810e+00
3.10000e+01 2.0047509417e+01 1.1482415250e+00
3.20000e+01 2.0625065543e+01 1.1474561974e+00
3.30000e+01 2.1193630329e+01 1.1335392237e+00
3.40000e+01 2.1745761394e+01 1.9061632984e+00
3.50000e+01 2.2381207703e+01 1.2553184829e+00
3.60000e+01 2.3060434486e+01 1.3544184917e+00
3.70000e+01 2.3705518103e+01 1.1290615726e+00
3.80000e+01 2.4337684073e+01 1.3340980692e+00
3.90000e+01 2.5042869373e+01 1.6758202164e-01
4.00000e+01 2.5786592535e+01 1.1924288904e+00
4.10000e+01 2.6494976872e+01 1.3960646903e+00
4.20000e+01 2.7191658565e+01 2.3193016280e-01
4.30000e+01 2.7963568828e+01 1.2579614247e+00
4.40000e+01 2.8771511894e+01 1.4588885294e+00
4.50000e+01 2.9540977919e+01 2.9277992152e-01
4.60000e+01 3.0298079138e+01 1.3171229886e+00
4.70000e+01 3.1133455479e+01 1.5208957192e+00
4.80000e+01 3.1963644092e+01 4.3930744056e+00
4.90000e+01 3.2723799333e+01 4.9651474152e+00
5.00000e+01 3.3479756391e+01 4.1258948953e+00
5.10000e+01 3.4277784795e+01 7.0100509112e+00
5.20000e+01 3.5049415496e+01 3.1884775376e+00
5.30000e+01 3.5809021600e+01 1.4949041350e+00
5.40000e+01 3.6562747583e+01 1.5159995875e+00
5.50000e+01 3.7385198768e+01 3.1723639036e+00
5.60000e+01 3.8241009110e+01 8.4179642479e-02
5.70000e+01 3.9058813637e+01 1.3837238204e+00
5.80000e+01 3.9865998570e+01 3.2226504897e+00
5.90000e+01 4.0753008895e+01 1.4865460292e-01
6.00000e+01 4.1674560322e+01 6.5741083752e-02
6.10000e+01 4.2567280885e+01 1.7875798267e+00
6.20000e+01 4.3449260235e+01 3.3694882251e+00
6.30000e+01 4.4295013826e+01 4.8195097779e+00
6.40000e+01 4.5104232383e+01 4.7713565067e+00
6.50000e+01 4.5944767411e+01 1.6210455343e+00
6.60000e+01 4.6747165884e+01 1.3935171641e+00
6.70000e+01 4.7506302986e+01 1.3501542404e-01
6.80000e+01 4.8243079318e+01 1.5469822635e+00
6.90000e+01 4.9013029366e+01 1.3215386672e+00
7.00000e+01 4.9744259312e+01 6.3711881252e-02
7.10000e+01 5.0434716562e+01 1.4767554297e+00
7.20000e+01 5.1107741490e+01 1.2564657241e+00
7.30000e+01 5.1811448401e+01 2.5949679344e-03
7.40000e+01 5.2476603926e+01 1.4092042538e+00
7.50000e+01 5.3104542287e+01 1.1926903695e+00
7.60000e+01 5.3717869265e+01 6.2290322101e-02
7.70000e+01 5.4320463909e+01 5.9642663771e+00
7.80000e+01 5.4909986685e+01 4.2055985944e+00
7.90000e+01 5.5582756232e+01 4.3882324993e+00
8.00000e+01 5.6298732117e+01 5.6961731355e+00
8.10000e+01 5.6981315859e+01 1.3213336734e+00
8.20000e+01 5.7651561605e+01 1.8981243341e-01
8.30000e+01 5.8295780972e+01 1.3850201689e+00
8.40000e+01 5.8964142813e+01 2.5539543878e+00
8.50000e+01 5.9689335812e+01 2.5829601654e+00
8.60000e+01 6.0388008460e+01 1.3841667822e+00
8.70000e+01 6.1072218890e+01 1.3116825464e+00
8.80000e+01 6.1750203671e+01 1.2822847200e+00
8.90000e+01 6.2397908885e+01 1.2844882826e+00
9.00000e+01 6.3028672598e+01 1.2359827272e+00
9.10000e+01 6.3772540611e+01 2.6075601085e+00
9.20000e+01 6.4564191685e+01 1.3218916099e+00
9.30000e+01 6.5313095019e+01 1.4600088463e+00
9.40000e+01 6.6042810282e+01 1.4615461811e-01
9.50000e+01 6.6854912283e+01 1.3888037068e+00
9.60000e+01 6.7663984069e+01 5.4368708552e+00
9.70000e+01 6.8458665271e+01 1.5569818247e+00
9.80000e+01 6.9297185548e+01 1.5054180416e+00
9.90000e+01 7.0114506101e+01 2.1442568145e-01
1.00000e+02 7.0918538328e+01 3.0171567106e+00
1.01000e+02 7.1686797092e+01 4.5154483112e+00
1.02000e+02 7.2434049400e+01 1.4641101286e+00
1.03000e+02 7.3176475924e+01 1.4368137790e+00
1.04000e+02 7.3963369860e+01 3.1016630524e+00
1.05000e+02 7.4741646486e+01 4.4377416459e+00
1.06000e+02 7.5491841640e+01 1.4383198110e+00
1.07000e+02 7.6362210941e+01 7.5688099082e-02
1.08000e+02 7.7278271252e+01 4.7250551929e+00
1.09000e+02 7.8139801226e+01 1.5201348388e+00
1.10000e+02 7.8979565292e+01 8.9568912978e-02
1.11000e+02 7.9788385355e+01 1.5927543741e+00
1.12000e+02 8.0622671025e+01 5.9993103425e+00
1.13000e+02 8.1533852649e+01 9.1135837186e+00
1.14000e+02 8.2391870115e+01 6.1517991562e+00
1.15000e+02 8.3185724418e+01 1.5324358484e+00
1.16000e+02 8.3964216076e+01 1.9508423745e-01
1.17000e+02 8.4789878653e+01 1.4102881722e+00
1.18000e+02 8.5573282504e+01 1.4562897976e+00
1.19000e+02 8.6307034041e+01 1.3478638782e-01
1.20000e+02 8.7024694971e+01 1.3480471559e+00
1.21000e+02 8.7780990267e+01 1.3854662272e+00
1.22000e+02 8.8497487423e+01 6.7744906244e-02
1.23000e+02 8.9170975490e+01 1.2864356385e+00
1.24000e+02 8.9829792693e+01 1.3252370339e+00
1.25000e+02 9.0521926928e+01 3.5161007093e-03
1.26000e+02 9.1175302434e+01 1.2220275521e+00
1.27000e+02 9.1790563517e+01 1.2656848128e+00
1.28000e+02 9.2392685342e+01 5.3182793506e-02
1.29000e+02 9.3023354811e+01 1.1593407589e+00
1.30000e+02 9.3616160148e+01 1.2038489598e+00
1.31000e+02 9.4174776623e+01 1.0977421936e-01
1.32000e+02 9.4722112295e+01 1.1033952654e+00
1.33000e+02 9.5293636261e+01 1.1434996077e+00
1.34000e+02 9.5827527098e+01 1.6857894551e-01
1.35000e+02 9.6359295483e+01 9.5845973786e+00
1.36000e+02 9.6923048890e+01 6.5141948056e+00
1.37000e+02 9.7484781936e+01 5.2517463430e+00
1.38000e+02 9.8046581446e+01 6.4163936222e+00
1.39000e+02 9.8662071108e+01 1.3180437312e+00
1.40000e+02 9.9277435245e+01 2.3959366469e+00
1.41000e+02 9.9840705430e+01 2.0548588824e+00
1.42000e+02 1.0040283014e+02 1.1571451437e+00
1.43000e+02 1.0095624238e+02 1.1476671941e+00
1.44000e+02 1.0149382535e+02 1.2925091536e+00
1.45000e+02 1.0211195121e+02 1.1618544531e+00
1.46000e+02 1.0273112414e+02 1.1645013861e+00
1.47000e+02 1.0328997092e+02 1.2867932416e+00
1.48000e+02 1.0385418454e+02 1.0472160354e+00
1.49000e+02 1.0445079921e+02 3.4135579294e+00
1.50000e+02 1.0502617958e+02 3.4217713369e+00
1.51000e+02 1.0559811723e+02 1.1016673563e+00
1.52000e+02 1.0616500754e+02 1.1899999276e+00
1.53000e+02 1.0678935929e+02 2.2653571987e+00
1.54000e+02 1.0745012368e+02 8.5384023218e-02
1.55000e+02 1.0808322520e+02 1.2499737983e+00
1.56000e+02 1.0870872808e+02 2.3217044082e+00
1.57000e+02 1.0940213029e+02 1.5434910842e-01
1.58000e+02 1.1013165793e+02 6.8763243725e-02
1.59000e+02 1.1082776310e+02 2.3823863521e+00
1.60000e+02 1.1151397061e+02 2.1489939329e-01
1.61000e+02 1.1227305912e+02 1.3438077616e-01
1.62000e+02 1.1306736043e+02 2.4290498975e+00
1.63000e+02 1.1382445993e+02 2.7567882223e-01
1.64000e+02 1.1456989598e+02 1.9347493676e-01
1.65000e+02 1.1539209997e+02 2.4897363246e+00
1.66000e+02 1.1620936091e+02 5.2368676032e+00
1.67000e+02 1.1695800821e+02 4.1059591015e+00
1.68000e+02 1.1770279268e+02 5.1852674705e+00
1.69000e+02 1.1848897737e+02 5.4212007569e+00
1.70000e+02 1.1922974764e+02 7.6490674194e-02
1.71000e+02 1.1992322419e+02 1.1717797428e+00
1.72000e+02 1.2060120806e+02 2.7092995844e+00
1.73000e+02 1.2131236523e+02 1.5144169965e-01
1.74000e+02 1.2198283764e+02 2.6538190603e-02
1.75000e+02 1.2261330001e+02 2.6435761014e+00
1.76000e+02 1.2322920922e+02 2.1336492363e-01
1.77000e+02 1.2387360774e+02 4.0246998101e-02
1.78000e+02 1.2447912067e+02 2.5759730439e+00
1.79000e+02 1.2504918355e+02 2.7355104965e-01
1.80000e+02 1.2560680339e+02 9.8496113105e-02
1.81000e+02 1.2615535392e+02 3.6067240879e+00
1.82000e+02 1.2669039830e+02 4.7413460018e+00
1.83000e+02 1.2730370620e+02 3.8698207902e+00
1.84000e+02 1.2796048057e+02 3.7409935716e+00
1.85000e+02 1.2858669058e+02 1.1922725408e+00
1.86000e+02 1.2920146306e+02 1.4811879910e+00
1.87000e+02 1.2988698787e+02 7.2216908850e-02
1.88000e+02 1.3057170998e+02 1.2795362664e+00
1.89000e+02 1.3119541774e+02 2.5495671318e+00
1.90000e+02 1.3181943377e+02 2.2759906379e+00
1.91000e+02 1.3247855941e+02 3.8663809222e+00
1.92000e+02 1.3309348360e+02 1.0036150564e+00
1.93000e+02 1.3366810554e+02 4.9085819994e-02
1.94000e+02 1.3423157205e+02 1.5923705629e+00
1.95000e+02 1.3478561283e+02 2.6777105585e+00
1.96000e+02 1.3533543254e+02 1.0084659628e+00
1.97000e+02 1.3592863543e+02 9.3668869621e-01
1.98000e+02 1.3648366517e+02 1.0893118559e-01
1.99000e+02 1.3700048249e+02 2.2198258488e+00
2.00000e+02 1.3750557607e+02 4.4726119780e-02
2.01000e+02 1.3803408041e+02 1.7352081490e-01
2.02000e+02 1.3852442974e+02 2.1529256200e+00
2.03000e+02 1.3898440532e+02 1.0152313403e-01
2.04000e+02 1.3943477489e+02 5.4724011358e-02
2.05000e+02 1.3987977634e+02 7.9906747012e-01
2.06000e+02 1.4031145414e+02 3.0296106660e+00
2.07000e+02 1.4081048670e+02 4.1363263668e+00
2.08000e+02 1.4135351671e+02 4.5506371540e+00
2.09000e+02 1.4187999453e+02 2.1487461829e+00
2.10000e+02 1.4240039828e+02 1.0659947241e+00
2.11000e+02 1.4293039002e+02 9.3329156320e-01
2.12000e+02 1.4346103713e+02 1.0905986892e+00
2.13000e+02 1.4403903204e+02 1.0256946759e+00
2.14000e+02 1.4464879769e+02 8.9361907952e-02
2.15000e+02 1.4523504410e+02 1.1457627574e+00
2.16000e+02 1.4581696725e+02 1.0759450258e+00
2.17000e+02 1.4646135385e+02 1.5566423205e-01
2.18000e+02 1.4713993663e+02 1.0571714097e+00
2.19000e+02 1.4779698856e+02 2.2226932137e+00
2.20000e+02 1.4844063866e+02 2.2236860881e+00
2.21000e+02 1.4905473983e+02 3.1121347379e+00
2.22000e+02 1.4964034510e+02 4.2425956092e+00
2.23000e+02 1.5024555944e+02 7.7505703218e-02
2.24000e+02 1.5081367613e+02 8.6168226606e-01
2.25000e+02 1.5134954771e+02 1.1474449875e+00
2.26000e+02 1.5186947785e+02 1.1753059102e-02
2.27000e+02 1.5240899353e+02 7.9512192604e-01
2.28000e+02 1.5291074844e+02 1.0799357621e+00
2.29000e+02 1.5341006595e+02 2.9800648455e+00
2.30000e+02 1.5393840464e+02 1.9536271530e+00
2.31000e+02 1.5446531213e+02 2.2529460518e+00
2.32000e+02 1.5499349271e+02 3.0788507744e+00
2.33000e+02 1.5557226938e+02 7.9459165937e-02
2.34000e+02 1.5618438867e+02 2.3060245340e-01
2.35000e+02 1.5677322348e+02 1.9002833537e+00
2.36000e+02 1.5735717840e+02 1.3515405888e-01
2.37000e+02 1.5800346847e+02 1.8053907282e-01
2.38000e+02 1.5868431245e+02 1.9671077649e+00
2.39000e+02 1.5933506429e+02 1.9693593365e-01
2.40000e+02 1.5997773899e+02 2.3907831151e-01
2.41000e+02 1.6059234427e+02 2.3026891782e+00
2.42000e+02 1.6122662855e+02 3.1506248880e+00
2.43000e+02 1.6191182030e+02 3.3026982247e+00
2.44000e+02 1.6254800945e+02 2.4348207232e+00
2.45000e+02 1.6313676559e+02 9.0941095875e-01
2.46000e+02 1.6371355198e+02 9.9995369845e-01
2.47000e+02 1.6431934128e+02 2.7481711395e-01
2.48000e+02 1.6488417624e+02 8.3714735938e-01
2.49000e+02 1.6544443279e+02 3.0696369286e+00
2.50000e+02 1.6603586805e+02 1.4393241678e+00
2.51000e+02 1.6661831414e+02 1.0603220775e+00
2.52000e+02 1.6719370426e+02 1.0215442179e+00
2.53000e+02 1.6774954567e+02 9.6603900744e-01
2.54000e+02 1.6827629797e+02 1.2837699640e+00
2.55000e+02 1.6879152734e+02 3.3200167976e+00
2.56000e+02 1.6929628787e+02 2.9286531115e+00
2.57000e+02 1.6987049998e+02 1.0344782310e+00
2.58000e+02 1.7048416273e+02 2.0069303771e+00
2.59000e+02 1.7107846516e+02 2.0167797796e+00
2.60000e+02 1.7165680619e+02 1.0363946704e+00
2.61000e+02 1.7220773723e+02 1.2775758286e+00
2.62000e+02 1.7273505340e+02 2.0153268642e+00
2.63000e+02 1.7327951188e+02 4.9843940610e-02
2.64000e+02 1.7378701717e+02 1.2610266291e-01
2.65000e+02 1.7426541044e+02 1.9407737623e+00
2.66000e+02 1.7470855911e+02 3.1076032931e+00
2.67000e+02 1.7521519649e+02 1.1641811001e+00
2.68000e+02 1.7576469024e+02 9.7535876949e-01
2.69000e+02 1.7629454034e+02 2.8281408448e+00
2.70000e+02 1.7681615902e+02 1.7302933542e+00
2.71000e+02 1.7736520783e+02 9.7897373423e-01
2.72000e+02 1.7788218025e+02 1.9483001212e+00
2.73000e+02 1.7836709629e+02 1.7350858281e+00
2.74000e+02 1.7883582788e+02 5.2887087809e-02
2.75000e+02 1.7932169867e+02 8.3836938962e-01
2.76000e+02 1.7977037404e+02 1.6650536885e+00
2.77000e+02 1.8019197318e+02 1.1615109300e-01
2.78000e+02 1.8060293861e+02 2.8025317166e-02
2.79000e+02 1.8102705191e+02 1.6016311430e+00
2.80000e+02 1.8141377292e+02 1.7798930531e-01
2.81000e+02 1.8177704346e+02 8.6325891412e-02
2.82000e+02 1.8213227358e+02 1.5442942050e+00
2.83000e+02 1.8249698943e+02 2.3720877242e-01
2.84000e+02 1.8282464430e+02 1.4530570325e-01
2.85000e+02 1.8313213612e+02 1.4869711914e+00
2.86000e+02 1.8343343904e+02 2.9089877140e-01
2.87000e+02 1.8374036477e+02 2.0295050527e-01
2.88000e+02 1.8401049115e+02 1.4279557317e+00
2.89000e+02 1.8426366314e+02 3.4492771043e-01
2.90000e+02 1.8451197088e+02 2.5574272822e-01
2.91000e+02 1.8476100231e+02 1.5633593676e+00
2.92000e+02 1.8499689463e+02 2.4647213213e+00
2.93000e+02 1.8527822939e+02 4.4175728969e+00
2.94000e+02 1.8560366081e+02 3.1235186234e+00
2.95000e+02 1.8591926007e+02 6.8464638581e-01
2.96000e+02 1.8623105019e+02 8.4432098149e-01
2.97000e+02 1.8658910723e+02 7.6722286061e-02
2.98000e+02 1.8698566676e+02 7.5508983442e-01
2.99000e+02 1.8736695470e+02 9.0916534799e-01
3.00000e+02 1.8774732100e+02 2.0960212446e+00
3.01000e+02 1.8814320381e+02 1.7217225956e+00
3.02000e+02 1.8850484246e+02 5.9199823663e-01
3.03000e+02 1.8884095815e+02 1.9213819380e+00
3.04000e+02 1.8916482893e+02 5.6495514845e-02
3.05000e+02 1.8949559717e+02 3.2005392022e-01
3.06000e+02 1.8978857924e+02 1.0057352294e+00
3.07000e+02 1.9008369918e+02 1.5331986264e+00
3.08000e+02 1.9040468308e+02 9.0845260899e-01
3.09000e+02 1.9072884631e+02 5.1880627487e-01
3.10000e+02 1.9105979541e+02 1.6274699677e+00
3.11000e+02 1.9142981674e+02 7.4901396263e-02
3.12000e+02 1.9183302944e+02 5.2474421632e-01
3.13000e+02 1.9222218843e+02 1.1149072708e+00
3.14000e+02 1.9261069885e+02 1.3238781765e-01
3.15000e+02 1.9304785417e+02 1.0899961946e-01
3.16000e+02 1.9351957674e+02 1.1823022372e+00
3.17000e+02 1.9397129694e+02 1.9481664869e-01
3.18000e+02 1.9441898318e+02 1.6806642890e-01
3.19000e+02 1.9492059976e+02 1.2455812091e+00
3.20000e+02 1.9545668460e+02 2.5898410174e-01
3.21000e+02 1.9596868022e+02 2.2817376758e-01
3.22000e+02 1.9647464296e+02 1.3026121342e+00
3.23000e+02 1.9703887986e+02 3.2134543670e-01
3.24000e+02 1.9763705526e+02 2.9003615401e-01
3.25000e+02 1.9820763549e+02 1.3598941391e+00
3.26000e+02 1.9877052928e+02 3.7795513896e-01
3.27000e+02 1.9939590223e+02 3.5088215920e-01
3.28000e+02 2.0005469055e+02 1.4191471714e+00
3.29000e+02 2.0068267230e+02 4.3497870321e-01
3.30000e+02 2.0130186100e+02 4.0682618662e-01
3.31000e+02 2.0198729112e+02 1.4777851987e+00
3.32000e+02 2.0270561741e+02 4.9408168327e-01
3.33000e+02 2.0338998500e+02 4.6280520308e-01
3.34000e+02 2.0406451509e+02 1.5316488101e+00
3.35000e+02 2.0470886631e+02 5.2172850474e+00
3.36000e+02 2.0537175636e+02 4.6490868933e+00
3.37000e+02 2.0608742539e+02 5.0724027307e+00
3.38000e+02 2.0675276398e+02 5.5844242813e+00
3.39000e+02 2.0736795403e+02 2.9161168062e-02
3.40000e+02 2.0796939450e+02 7.7158517146e-01
3.41000e+02 2.0860070524e+02 1.8117091275e+00
3.42000e+02 2.0919027502e+02 1.0490082589e-01
3.43000e+02 2.0974169956e+02 3.8599735658e-01
3.44000e+02 2.1025459341e+02 1.3737217231e+00
3.45000e+02 2.1084037403e+02 2.1852096004e+00
3.46000e+02 2.1147070428e+02 3.0172785338e+00
3.47000e+02 2.1207533648e+02 2.8227297660e+00
3.48000e+02 2.1266798059e+02 7.2741668385e-01
3.49000e+02 2.1332745852e+02 1.2966870700e+00
3.50000e+02 2.1402438950e+02 2.4357559664e-01
3.51000e+02 2.1468979619e+02 7.8746375694e-01
3.52000e+02 2.1534048937e+02 2.8228012897e+00
3.53000e+02 2.1602979813e+02 1.4195238759e+00
3.54000e+02 2.1668775932e+02 2.3970595718e+00
3.55000e+02 2.1730484824e+02 2.8856428612e+00
3.56000e+02 2.1789934331e+02 3.9825507575e-01
3.57000e+02 2.1851977373e+02 8.5946239016e-01
3.58000e+02 2.1910214811e+02 8.6411361453e-01
3.59000e+02 2.1964959652e+02 3.2821630915e-01
3.60000e+02 2.2018202396e+02 7.9653530220e-01
3.61000e+02 2.2073609149e+02 7.9688661343e-01
3.62000e+02 2.2125198971e+02 2.6141192681e-01
3.63000e+02 2.2173695283e+02 7.3325348218e-01
3.64000e+02 2.2221018003e+02 7.3688947930e-01
3.65000e+02 2.2267667180e+02 2.9015373419e+00
3.66000e+02 2.2312971505e+02 3.1558982637e+00
3.67000e+02 2.2356963826e+02 7.4340278789e-01
3.68000e+02 2.2403952761e+02 7.8615211886e-01
3.69000e+02 2.2454647130e+02 2.1402666562e-01
3.70000e+02 2.2500414044e+02 1.4169505429e+00
3.71000e+02 2.2542533006e+02 7.1434226659e-01
3.72000e+02 2.2584260066e+02 5.2618758059e-02
3.73000e+02 2.2627790484e+02 1.3438940842e+00
3.74000e+02 2.2667301481e+02 6.5106875147e-01
3.75000e+02 2.2704153910e+02 1.0523146881e-01
3.76000e+02 2.2740381985e+02 7.1188303052e-01
3.77000e+02 2.2777787810e+02 5.8917174804e-01
3.78000e+02 2.2811386566e+02 1.6424864742e-01
3.79000e+02 2.2845201456e+02 3.8766106097e+00
3.80000e+02 2.2879608536e+02 5.2954743053e-01
3.81000e+02 2.2914163010e+02 5.3641372303e-01
3.82000e+02 2.2951373678e+02 4.7159432415e+00
3.83000e+02 2.2988586588e+02 1.3496082987e+00
3.84000e+02 2.3026494565e+02 2.3345390890e+00
3.85000e+02 2.3068661597e+02 3.0372736971e-01
3.86000e+02 2.3114177225e+02 8.3049599637e-02
3.87000e+02 2.3158049923e+02 1.0071215727e+00
3.88000e+02 2.3201782305e+02 3.6166769532e-01
3.89000e+02 2.3250740055e+02 1.5087373096e-01
3.90000e+02 2.3303189759e+02 1.0682584573e+00
3.91000e+02 2.3353394504e+02 4.2462649230e-01
3.92000e+02 2.3403107437e+02 2.1052835964e-01
3.93000e+02 2.3458585520e+02 1.1323935349e+00
3.94000e+02 2.3517534978e+02 4.8919940232e-01
3.95000e+02 2.3573817700e+02 2.7109760183e-01
3.96000e+02 2.3629377068e+02 1.1897255021e+00
3.97000e+02 2.3691160521e+02 5.5176389052e-01
3.98000e+02 2.3756360763e+02 3.3333435415e-01
3.99000e+02 2.3818540875e+02 1.2475096755e+00
4.00000e+02 2.3879865429e+02 6.0886397710e-01
4.01000e+02 2.3947812533e+02 3.9463754368e-01
4.02000e+02 2.4019110372e+02 1.3072381251e+00
4.03000e+02 2.4087049548e+02 6.6584575256e-01
4.04000e+02 2.4154014882e+02 4.5065071178e-01
4.05000e+02 2.4227963278e+02 1.3659438027e+00
4.06000e+02 2.4305217248e+02 7.2474122105e-01
4.07000e+02 2.4378821948e+02 5.0685530004e-01
4.08000e+02 2.4450563153e+02 5.0554504525e+00
4.09000e+02 2.4526533020e+02 4.9799910463e+00
4.10000e+02 2.4599447206e+02 4.8163888866e+00
4.11000e+02 2.4667924928e+02 6.0778190810e+00
4.12000e+02 2.4731419194e+02 2.4488264097e+00
4.13000e+02 2.4802915901e+02 1.2816549579e+00
4.14000e+02 2.4874369904e+02 1.2657714833e+00
4.15000e+02 2.4939810840e+02 1.1247532154e+00
4.16000e+02 2.5005344521e+02 8.0119922673e-01
4.17000e+02 2.5074225520e+02 1.7757724044e+00
4.18000e+02 2.5138577713e+02 8.9119628302e-01
4.19000e+02 2.5198813193e+02 5.2054552723e-02
4.20000e+02 2.5257809385e+02 1.7086217434e+00
4.21000e+02 2.5319420433e+02 8.1760556818e-01
4.22000e+02 2.5376974039e+02 1.1998835555e-01
4.23000e+02 2.5431055218e+02 1.2906470521e+00
4.24000e+02 2.5483959399e+02 7.5586785446e-01
4.25000e+02 2.5539036789e+02 1.8520494345e-01
4.26000e+02 2.5590230700e+02 1.2257594553e+00
4.27000e+02 2.5638368463e+02 6.9567781882e-01
4.28000e+02 2.5685464108e+02 2.4310508871e-01
4.29000e+02 2.5734312774e+02 1.1622464512e+00
4.30000e+02 2.5779373575e+02 6.3365104033e-01
4.31000e+02 2.5821770253e+02 3.0027282847e-01
4.32000e+02 2.5863286461e+02 1.1052898257e+00
4.33000e+02 2.5906154834e+02 5.7321446218e-01
4.34000e+02 2.5945284356e+02 3.5928534710e-01
4.35000e+02 2.5982092106e+02 1.0482952560e+00
4.36000e+02 2.6018150276e+02 5.1806087074e-01
4.37000e+02 2.6055203198e+02 4.1708057061e-01
4.38000e+02 2.6088557504e+02 9.8949480069e-01
4.39000e+02 2.6119899560e+02 4.6288586343e-01
4.40000e+02 2.6148731544e+02 3.9190390743e+00
4.41000e+02 2.6176817596e+02 3.9639258987e-01
4.42000e+02 2.6204537682e+02 3.8487721261e-01
4.43000e+02 2.6238962315e+02 4.1513520233e+00
4.44000e+02 2.6278070558e+02 4.7109924666e+00
4.45000e+02 2.6315623218e+02 6.3854695587e+00
4.46000e+02 2.6353000433e+02 1.3895097574e+00
4.47000e+02 2.6390275324e+02 5.7189760208e-01
4.48000e+02 2.6426597539e+02 8.6021296810e-02
4.49000e+02 2.6468811615e+02 7.7894421404e-02
4.50000e+02 2.6515151631e+02 2.4366262356e+00
4.51000e+02 2.6559852106e+02 3.1012237857e+00
4.52000e+02 2.6603826567e+02 7.1015850614e-01
4.53000e+02 2.6648841926e+02 7.7404684339e-02
4.54000e+02 2.6693226316e+02 1.3752115165e+00
4.55000e+02 2.6738696749e+02 7.1714792150e-01
4.56000e+02 2.6781346858e+02 9.5137720558e-01
4.57000e+02 2.6821516935e+02 2.4538441854e+00
4.58000e+02 2.6859843621e+02 6.5585372957e-01
4.59000e+02 2.6899058981e+02 6.2550723162e-02
4.60000e+02 2.6934648701e+02 2.3807864464e+00
4.61000e+02 2.6968048799e+02 5.8749808740e-01
4.62000e+02 2.7000418510e+02 1.2205792094e-01
4.63000e+02 2.7032537147e+02 1.7781311014e+00
4.64000e+02 2.7063341344e+02 2.9831207410e+00
4.65000e+02 2.7093033984e+02 4.2528883823e-01
4.66000e+02 2.7125558361e+02 4.6747025104e-01
4.67000e+02 2.7160037650e+02 5.3577946890e-01
4.68000e+02 2.7189686400e+02 9.5236444732e-01
4.69000e+02 2.7216735877e+02 2.6431638913e-02
4.70000e+02 2.7243682191e+02 1.3539469344e-02
4.71000e+02 2.7270627045e+02 5.3256145007e-01
4.72000e+02 2.7297711431e+02 4.6408950608e-01
4.73000e+02 2.7325696740e+02 8.8647229310e-01
4.74000e+02 2.7349628262e+02 8.3577489613e-02
4.75000e+02 2.7371598799e+02 3.0906544267e-01
4.76000e+02 2.7393313334e+02 3.6917852361e-01
4.77000e+02 2.7415105045e+02 1.4542988823e-01
4.78000e+02 2.7433076949e+02 2.4916019265e-01
4.79000e+02 2.7451614105e+02 4.2088914898e+00
4.80000e+02 2.7472784969e+02 1.7014516856e+00
4.81000e+02 2.7494583340e+02 6.7719936120e-01
4.82000e+02 2.7517324549e+02 8.1052496689e-01
4.83000e+02 2.7543431327e+02 7.5696226767e-02
4.84000e+02 2.7572991324e+02 4.8282091115e-01
4.85000e+02 2.7601675134e+02 1.4990464248e-01
4.86000e+02 2.7630527955e+02 1.3673665519e-01
4.87000e+02 2.7663594107e+02 5.5171267598e-01
4.88000e+02 2.7700186987e+02 2.2008357047e-01
4.89000e+02 2.7735320155e+02 2.0109349063e-01
4.90000e+02 2.7770267940e+02 6.1211060069e-01
4.91000e+02 2.7803347607e+02 1.3090493207e+00
4.92000e+02 2.7838362567e+02 7.3729651222e-01
4.93000e+02 2.7873325567e+02 6.0979681340e-01
4.94000e+02 2.7906163750e+02 4.7592262835e-01
4.95000e+02 2.7945317149e+02 2.8073596324e-01
4.96000e+02 2.7988774676e+02 8.7872588495e-01
4.97000e+02 2.8030019479e+02 5.3826473568e-01
4.98000e+02 2.8070820292e+02 1.2047720203e+00
4.99000e+02 2.8111317070e+02 6.2805084109e-01
5.00000e+02 2.8151764147e+02 6.2388543374e-01
5.01000e+02 2.8194625732e+02 2.0394393422e+00
5.02000e+02 2.8233459935e+02 1.5163632651e+00
5.03000e+02 2.8269188139e+02 1.7607247107e+00
5.04000e+02 2.8301890851e+02 1.7576092866e+00
5.05000e+02 2.8340180851e+02 8.6921315596e-01
5.06000e+02 2.8378908948e+02 1.7579029335e+00
5.07000e+02 2.8413045521e+02 4.8114271930e-01
5.08000e+02 2.8445074235e+02 4.7392159130e-01
5.09000e+02 2.8483387695e+02 1.6913969617e+00
5.10000e+02 2.8526021806e+02 1.1569150968e+00
5.11000e+02 2.8566806066e+02 1.5966430740e+00
5.12000e+02 2.8606802314e+02 1.8153585946e-01
5.13000e+02 2.8644901384e+02 6.9442696908e-01
5.14000e+02 2.8685211464e+02 1.5936764616e+00
5.15000e+02 2.8728343624e+02 1.6938681061e+00
5.16000e+02 2.8766546020e+02 1.1691370927e+00
5.17000e+02 2.8801425501e+02 4.0802587267e-01
5.18000e+02 2.8835778903e+02 5.9566786638e-02
5.19000e+02 2.8871296434e+02 1.0918216666e+00
5.20000e+02 2.8902695756e+02 3.3958710770e-01
5.21000e+02 2.8931733220e+02 1.1792739297e-01
5.22000e+02 2.8958251813e+02 7.4690386148e-01
5.23000e+02 2.8989823624e+02 1.4397989820e+00
5.24000e+02 2.9022037053e+02 4.4701039002e-01
5.25000e+02 2.9050100454e+02 3.5570178343e-01
5.26000e+02 2.9078667792e+02 6.4348392051e-01
5.27000e+02 2.9108375368e+02 7.2771133995e-01
5.28000e+02 2.9136495632e+02 2.8782361512e+00
5.29000e+02 2.9165687154e+02 1.0889819279e+00
5.30000e+02 2.9194709753e+02 5.8171882814e-01
5.31000e+02 2.9227459976e+02 8.4452238540e-01
5.32000e+02 2.9263890701e+02 8.3104612675e-02
5.33000e+02 2.9299069776e+02 3.6361461221e-01
5.34000e+02 2.9334062073e+02 9.0337484410e-01
5.35000e+02 2.9373810266e+02 1.5300121127e-01
5.36000e+02 2.9417123916e+02 9.1645009436e-02
5.37000e+02 2.9458582181e+02 9.6526337375e-01
5.38000e+02 2.9499640721e+02 2.1351063756e-01
5.39000e+02 2.9545916702e+02 1.5683125035e-01
5.40000e+02 2.9595678920e+02 1.0287837819e+00
5.41000e+02 2.9643176511e+02 2.7369038701e-01
5.42000e+02 2.9690118792e+02 2.1551182978e-01
5.43000e+02 2.9742669279e+02 1.0905000533e+00
5.44000e+02 2.9798627601e+02 3.3537774108e-01
5.45000e+02 2.9851982961e+02 2.7387400603e-01
5.46000e+02 2.9904649130e+02 1.1466484390e+00
5.47000e+02 2.9963302463e+02 3.9607081958e-01
5.48000e+02 3.0021734020e+02 2.9004660713e+00
5.49000e+02 3.0074362663e+02 3.3033562341e+00
5.50000e+02 3.0126714312e+02 2.4989574377e+00
5.51000e+02 3.0181629702e+02 3.1496437574e+00
5.52000e+02 3.0232111014e+02 3.8093293203e-01
5.53000e+02 3.0279028050e+02 5.7116060310e-02
5.54000e+02 3.0324794855e+02 1.5465149716e+00
5.55000e+02 3.0372235891e+02 3.0580844976e-01
5.56000e+02 3.0417801539e+02 2.0875394461e+00
5.57000e+02 3.0463862634e+02 2.3336802847e+00
5.58000e+02 3.0509719782e+02 7.3096098354e-01
5.59000e+02 3.0560230916e+02 2.0040299235e+00
5.60000e+02 3.0614186320e+02 4.9737810565e-01
5.61000e+02 3.0666041988e+02 5.7945726777e-02
5.62000e+02 3.0717440512e+02 1.6540632126e+00
5.63000e+02 3.0774631503e+02 5.6367928572e-01
5.64000e+02 3.0835288247e+02 1.2490119132e-01
5.65000e+02 3.0893241434e+02 1.1824932151e+00
5.66000e+02 3.0950463584e+02 6.2135186324e-01
5.67000e+02 3.1013985636e+02 1.8808690920e-01
5.68000e+02 3.1080907685e+02 1.2439637674e+00
5.69000e+02 3.1144744292e+02 6.7956471582e-01
5.70000e+02 3.1207692364e+02 2.4515803554e-01
5.71000e+02 3.1277343986e+02 1.3040155091e+00
5.72000e+02 3.1350326256e+02 7.3948735736e-01
5.73000e+02 3.1419883669e+02 3.0212093994e-01
5.74000e+02 3.1488435488e+02 1.3587489623e+00
5.75000e+02 3.1564032916e+02 7.9820592860e-01
5.76000e+02 3.1642906251e+02 3.6072946531e-01
5.77000e+02 3.1719117025e+02 3.9820722371e+00
5.78000e+02 3.1793998207e+02 4.6367228610e+00
5.79000e+02 3.1865600137e+02 4.8525217099e+00
5.80000e+02 3.1933853035e+02 4.5084537350e+00
5.81000e+02 3.2004414021e+02 8.8121340382e-01
5.82000e+02 3.2071151171e+02 3.1644577187e-01
5.83000e+02 3.2134171777e+02 1.0735804006e+00
5.84000e+02 3.2195235137e+02 8.0843681245e-01
5.85000e+02 3.2258684859e+02 2.4501668800e-01
5.86000e+02 3.2320016713e+02 2.2943962038e+00
5.87000e+02 3.2381382984e+02 3.2425008166e+00
5.88000e+02 3.2442593951e+02 2.1943921230e+00
5.89000e+02 3.2509329208e+02 2.5638488263e+00
5.90000e+02 3.2575820524e+02 2.1609405494e+00
5.91000e+02 3.2636755778e+02 1.0119505609e+00
5.92000e+02 3.2697341762e+02 1.0094452214e+00
5.93000e+02 3.2756844516e+02 9.8980060898e-01
5.94000e+02 3.2814710340e+02 1.0574406301e+00
5.95000e+02 3.2881005140e+02 1.1161138441e+00
5.96000e+02 3.2951507627e+02 1.8499644509e+00
5.97000e+02 3.3018488935e+02 3.4790865327e-01
5.98000e+02 3.3084132893e+02 1.1927790722e+00
5.99000e+02 3.3147105482e+02 2.2683428443e+00
6.00000e+02 3.3212386600e+02 1.3833228958e+00
6.01000e+02 3.3283093432e+02 2.9589467839e+00
6.02000e+02 3.3348744946e+02 2.1777230181e+00
6.03000e+02 3.3409463708e+02 2.2538273336e-02
6.04000e+02 3.3469058393e+02 7.9330463888e-01
6.05000e+02 3.3531739606e+02 1.3676930318e+00
6.06000e+02 3.3590266105e+02 9.3765889064e-02
6.07000e+02 3.3645051950e+02 6.5041232802e-01
6.08000e+02 3.3698666955e+02 1.3065285348e+00
6.09000e+02 3.3754664877e+02 1.6050503310e-01
6.10000e+02 3.3806740224e+02 5.8525040116e-01
6.11000e+02 3.3855616063e+02 1.2461219451e+00
6.12000e+02 3.3903450007e+02 2.1815513250e-01
6.13000e+02 3.3953158473e+02 5.2177058914e-01
6.14000e+02 3.3999054855e+02 1.1830861741e+00
6.15000e+02 3.4042189197e+02 2.7535195306e-01
6.16000e+02 3.4084420334e+02 4.6522075395e-01
6.17000e+02 3.4128092024e+02 1.1215353293e+00
6.18000e+02 3.4168015788e+02 3.3480278438e-01
6.19000e+02 3.4205545636e+02 4.0871059203e-01
6.20000e+02 3.4242313840e+02 1.0657844593e+00
6.21000e+02 3.4278777068e+02 4.2129062369e+00
6.22000e+02 3.4315273299e+02 5.0816120230e-01
6.23000e+02 3.4353690461e+02 3.8701327028e-01
6.24000e+02 3.4388323173e+02 3.5539136790e-01
6.25000e+02 3.4420561757e+02 1.5194590851e+00
6.26000e+02 3.4452205033e+02 4.8529554983e-02
6.27000e+02 3.4483722138e+02 4.0971078193e-01
6.28000e+02 3.4515380542e+02 4.0945235793e-01
6.29000e+02 3.4548379710e+02 3.0085603730e-01
6.30000e+02 3.4577539469e+02 1.4632100923e+00
6.31000e+02 3.4604592313e+02 3.0870447894e-01
6.32000e+02 3.4631206319e+02 5.0443979105e-02
6.33000e+02 3.4658206575e+02 1.4017577686e+00
6.34000e+02 3.4681482099e+02 2.4955342456e-01
6.35000e+02 3.4703181692e+02 1.0392605383e-01
6.36000e+02 3.4724490716e+02 3.4105310794e-01
6.37000e+02 3.4745752525e+02 1.9191940682e-01
6.38000e+02 3.4763366087e+02 1.6044175087e-01
6.39000e+02 3.4779743736e+02 2.8749262328e-01
6.40000e+02 3.4795826976e+02 1.3946964693e-01
6.41000e+02 3.4811476501e+02 2.1640415195e-01
6.42000e+02 3.4823504728e+02 2.3135178282e-01
6.43000e+02 3.4834615567e+02 8.6662069916e-02
6.44000e+02 3.4845563152e+02 2.6754429646e-01
6.45000e+02 3.4855685403e+02 1.7584769239e-01
6.46000e+02 3.4862212016e+02 3.1559266150e-02
6.47000e+02 3.4868112536e+02 3.1937993926e-01
6.48000e+02 3.4872723110e+02 4.2433700089e+00
6.49000e+02 3.4880227307e+02 5.0945209621e+00
6.50000e+02 3.4891581227e+02 4.9193839904e+00
6.51000e+02 3.4903197270e+02 3.7240422730e-01
6.52000e+02 3.4916137143e+02 1.9559471996e-01
6.53000e+02 3.4928410173e+02 5.3035491314e-02
6.54000e+02 3.4937151897e+02 6.1186856939e-02
6.55000e+02 3.4944885251e+02 2.1372746387e-01
6.56000e+02 3.4952258919e+02 2.6795894672e-03
6.57000e+02 3.4960176814e+02 1.5574073968e-01
6.58000e+02 3.4966730205e+02 2.5515075790e-01
6.59000e+02 3.4972592896e+02 2.1383533110e-02
6.60000e+02 3.4981143304e+02 1.1767401313e-02
6.61000e+02 3.4988858496e+02 8.5944689043e-02
6.62000e+02 3.4991866126e+02 5.7340945376e-02
6.63000e+02 3.4993982079e+02 2.5711741518e-02
6.64000e+02 3.4996570793e+02 1.3029709152e-01
6.65000e+02 3.4997778256e+02 6.5077285811e-02
6.66000e+02 3.4995059433e+02 5.7264530847e-02
6.67000e+02 3.4991963191e+02 1.1966515888e-01
6.68000e+02 3.4989106241e+02 5.4456640238e-02
6.69000e+02 3.4984451565e+02 5.8621394486e-02
6.70000e+02 3.4976068776e+02 5.6639649373e-02
6.71000e+02 3.4967683599e+02 5.2889350541e-02
6.72000e+02 3.4959567826e+02 5.2588236301e-02
6.73000e+02 3.4949292821e+02 5.6203286440e-02
6.74000e+02 3.4938248044e+02 2.4168467002e-01
6.75000e+02 3.4930548197e+02 2.1196498882e-01
6.76000e+02 3.4923238195e+02 1.3863392082e-01
6.77000e+02 3.4916932089e+02 3.7030258956e-01
6.78000e+02 3.4914469894e+02 1.0907483693e-01
6.79000e+02 3.4912941644e+02 7.6779321117e-02
6.80000e+02 3.4913245785e+02 1.1070150700e-01
6.81000e+02 3.4911574280e+02 1.0579824494e-01
6.82000e+02 3.4906060352e+02 2.1295038031e-01
6.83000e+02 3.4900157939e+02 1.1366764969e-01
6.84000e+02 3.4894246494e+02 1.5571077807e-01
6.85000e+02 3.4889199733e+02 3.5185101670e-02
6.86000e+02 3.4882642433e+02 3.4766594921e-01
6.87000e+02 3.4877372777e+02 1.4821100569e-01
6.88000e+02 3.4876448109e+02 9.0317176322e-02
6.89000e+02 3.4876381382e+02 2.4741167404e-01
6.90000e+02 3.4876584178e+02 6.7600955587e-02
6.91000e+02 3.4878889115e+02 2.1584006205e-02
6.92000e+02 3.4884939200e+02 6.9747530433e-02
6.93000e+02 3.4891141889e+02 8.0121239842e-02
6.94000e+02 3.4897638894e+02 6.2942088032e-02
6.95000e+02 3.4906734297e+02 1.0151751418e-01
6.96000e+02 3.4919378810e+02 6.5944277797e-02
6.97000e+02 3.4931707408e+02 1.2413823536e-01
6.98000e+02 3.4944196224e+02 5.9918117995e-02
6.99000e+02 3.4959716670e+02 1.3012876262e-01
7.00000e+02 3.4978684300e+02 6.3231165680e-02
7.01000e+02 3.4996948112e+02 1.1921034277e-01
7.02000e+02 3.5015243359e+02 1.4823924439e-01
7.03000e+02 3.5036989639e+02 1.2542626666e-01
7.04000e+02 3.5059038951e+02 3.7755420163e-01
7.05000e+02 3.5077026521e+02 2.2994325620e-01
7.06000e+02 3.5093305275e+02 1.1937343691e-01
7.07000e+02 3.5114233846e+02 2.0634045107e-01
7.08000e+02 3.5138851589e+02 1.0947084977e-01
7.09000e+02 3.5162382047e+02 3.2001151886e-01
7.10000e+02 3.5185698640e+02 2.6227497899e-01
7.11000e+02 3.5213015836e+02 6.3886244272e-02
7.12000e+02 3.5243769627e+02 3.8105197931e-01
7.13000e+02 3.5273163784e+02 3.2064969803e-01
7.14000e+02 3.5302716761e+02 1.0354969513e+00
7.15000e+02 3.5332931262e+02 7.5881405818e-01
7.16000e+02 3.5359476589e+02 3.1491661619e-01
7.17000e+02 3.5383742003e+02 8.0898445409e-01
7.18000e+02 3.5406818706e+02 3.0224078748e-04
7.19000e+02 3.5429813302e+02 3.3112131021e-02
7.20000e+02 3.5448874580e+02 4.7761604709e-01
7.21000e+02 3.5466309064e+02 6.8007354321e-02
7.22000e+02 3.5483085845e+02 9.6078250231e-02
7.23000e+02 3.5499327060e+02 4.0960462387e-01
7.24000e+02 3.5514195428e+02 6.0265580331e-01
7.25000e+02 3.5531072748e+02 1.4409065319e-01
7.26000e+02 3.5548023613e+02 4.8468226538e-01
7.27000e+02 3.5567540149e+02 7.9956131810e-01
7.28000e+02 3.5590604448e+02 8.1959307275e-02
7.29000e+02 3.5613200645e+02 2.7212733393e-01
7.30000e+02 3.5635909503e+02 3.7182449123e-01
7.31000e+02 3.5657072412e+02 5.2769330793e-01
7.32000e+02 3.5680108205e+02 4.7178514517e-01
7.33000e+02 3.5703932870e+02 2.4353964185e-01
7.34000e+02 3.5723003274e+02 4.5931752822e-01
7.35000e+02 3.5740000098e+02 4.1660854515e-02
7.36000e+02 3.5756780524e+02 1.8074243711e-01
7.37000e+02 3.5773190885e+02 2.1701002104e-01
7.38000e+02 3.5785521398e+02 1.0901810434e-01
7.39000e+02 3.5796566434e+02 5.9659445626e-03
7.40000e+02 3.5807365913e+02 1.5698354320e-01
7.41000e+02 3.5817306356e+02 1.7360826506e-01
7.42000e+02 3.5823355295e+02 5.6855761377e-02
7.43000e+02 3.5828567914e+02 9.8502385797e-02
7.44000e+02 3.5833676822e+02 2.3034036883e-01
7.45000e+02 3.5837512689e+02 1.1784465534e-01
7.46000e+02 3.5837573448e+02 3.8522069875e-02
7.47000e+02 3.5837146395e+02 2.7870709777e-01
7.48000e+02 3.5836727798e+02 1.7300186504e-01
7.49000e+02 3.5834640314e+02 2.0749959820e-02
7.50000e+02 3.5828829366e+02 3.3438277823e-01
7.51000e+02 3.5822877540e+02 5.5247734100e-02
7.52000e+02 3.5816112651e+02 2.9473746294e-01
7.53000e+02 3.5811239481e+02 1.6201970335e-01
7.54000e+02 3.5807425832e+02 3.7982167944e-02
7.55000e+02 3.5801267080e+02 1.8269777195e-01
7.56000e+02 3.5795517353e+02 7.4040501135e-02
7.57000e+02 3.5788576154e+02 2.1246578016e-01
7.58000e+02 3.5777902718e+02 1.7250039841e-01
7.59000e+02 3.5767040381e+02 1.2100229931e-01
7.60000e+02 3.5755569366e+02 2.0891895166e-01
7.61000e+02 3.5745729245e+02 4.9669508615e-02
7.62000e+02 3.5739401320e+02 3.1930145345e-01
7.63000e+02 3.5733993145e+02 1.6318601456e-01
7.64000e+02 3.5729594544e+02 2.1104298350e-02
7.65000e+02 3.5727206286e+02 2.4446352249e-01
7.66000e+02 3.5728398800e+02 3.6528725254e-02
7.67000e+02 3.5729901736e+02 6.9111102514e-02
7.68000e+02 3.5732018503e+02 8.4720323665e-02
7.69000e+02 3.5736556691e+02 1.0575665462e-01
7.70000e+02 3.5744607126e+02 6.8579206851e-02
7.71000e+02 3.5752523080e+02 6.4130187606e-02
7.72000e+02 3.5760806585e+02 7.2973227147e-02
7.73000e+02 3.5767994268e+02 1.8050019779e-01
7.74000e+02 3.5777021632e+02 5.5721528200e-02
7.75000e+02 3.5785482597e+02 5.9957686017e-02
7.76000e+02 3.5789201606e+02 1.2475030551e-01
7.77000e+02 3.5791610495e+02 1.0345374670e-01
7.78000e+02 3.5794103182e+02 6.5346766945e-02
7.79000e+02 3.5795180675e+02 7.3834723855e-02
7.80000e+02 3.5792161835e+02 1.7072878269e-01
7.81000e+02 3.5788578440e+02 1.2520426850e-01
7.82000e+02 3.5783974857e+02 1.2887087104e-01
7.83000e+02 3.5781471221e+02 1.9076141945e-03
7.84000e+02 3.5782598749e+02 6.0468179735e-02
7.85000e+02 3.5784227135e+02 1.8382290979e-01
7.86000e+02 3.5786487571e+02 6.6734469618e-02
7.87000e+02 3.5787945469e+02 5.0412943148e-02
7.88000e+02 3.5791301801e+02 1.3378305371e-01
7.89000e+02 3.5793533202e+02 4.8868630422e-02
7.90000e+02 3.5791114465e+02 6.1568233174e-02
7.91000e+02 3.5787856796e+02 1.8080494877e-01
7.92000e+02 3.5784875652e+02 1.0459433707e-01
7.93000e+02 3.5780102445e+02 7.0046082011e-02
7.94000e+02 3.5771274200e+02 6.4095082611e-02
7.95000e+02 3.5762235623e+02 1.0449679610e-01
7.96000e+02 3.5752466469e+02 1.2029588413e-01
7.97000e+02 3.5744350505e+02 1.1653099029e-01
7.98000e+02 3.5739826655e+02 2.4015286676e-01
7.99000e+02 3.5736126415e+02 2.9142528057e-01
8.00000e+02 3.5733264730e+02 4.7339778569e-02
8.01000e+02 3.5732462190e+02 1.6677847339e-01
8.02000e+02 3.5735251113e+02 4.4484866449e-03
8.03000e+02 3.5738245045e+02 6.6941727912e-02
8.04000e+02 3.5741741421e+02 1.0303108321e-01
8.05000e+02 3.5747726604e+02 6.3433193619e-02
8.06000e+02 3.5757212312e+02 6.6967844844e-02
8.07000e+02 3.5765872436e+02 4.3122562489e-02
8.08000e+02 3.5772241312e+02 6.7685184960e-02
8.09000e+02 3.5777035285e+02 8.0523477682e-02
8.10000e+02 3.5779860363e+02 6.4592406573e-02
8.11000e+02 3.5785424668e+02 6.2692102076e-02
8.12000e+02 3.5794152452e+02 5.0658672635e-02
8.13000e+02 3.5802182693e+02 5.6906854973e-02
8.14000e+02 3.5808189871e+02 5.9012431919e-02
8.15000e+02 3.5814482702e+02 4.3322760430e-02
8.16000e+02 3.5821960269e+02 6.9352117545e-02
8.17000e+02 3.5830043307e+02 5.0891060880e-02
8.18000e+02 3.5839813832e+02 8.0868815054e-02
8.19000e+02 3.5852049356e+02 1.3517745374e-03
8.20000e+02 3.5867214766e+02 8.0965129372e-02
8.21000e+02 3.5881446083e+02 7.3612169057e-02
8.22000e+02 3.5893832017e+02 2.1858540290e-02
8.23000e+02 3.5904554057e+02 5.9280670783e-02
8.24000e+02 3.5913592602e+02 1.6229844125e-02
8.25000e+02 3.5923020575e+02 2.9662958936e-02
8.26000e+02 3.5931302826e+02 3.2924302712e-02
8.27000e+02 3.5942391594e+02 5.8208995907e-02
8.28000e+02 3.5957362182e+02 6.7503632272e-02
8.29000e+02 3.5972052248e+02 5.2620928405e-02
8.30000e+02 3.5986748222e+02 7.5831399525e-02
8.31000e+02 3.6000162860e+02 6.8294636669e-02
8.32000e+02 3.6015495548e+02 7.5691175561e-02
8.33000e+02 3.6030821886e+02 7.8386337588e-02
8.34000e+02 3.6041317907e+02 9.5783848490e-02
8.35000e+02 3.6052220066e+02 6.5570032772e-02
8.36000e+02 3.6063533647e+02 1.7147876553e-02
8.37000e+02 3.6072204990e+02 3.0274942879e-03
8.38000e+02 3.6079433071e+02 9.1744777401e-03
8.39000e+02 3.6090237584e+02 9.7645384223e-04
8.40000e+02 3.6101656281e+02 7.5688116510e-05
8.41000e+02 3.6109634546e+02 6.9307845650e-03
8.42000e+02 3.6117817324e+02 5.9409035828e-03
8.43000e+02 3.6125758238e+02 7.3854235443e-02
8.44000e+02 3.6129701276e+02 7.4756602284e-02
8.45000e+02 3.6132514111e+02 5.7589263813e-02
8.46000e+02 3.6135134145e+02 1.2118562707e-01
8.47000e+02 3.6138409591e+02 9.8156466544e-02
8.48000e+02 3.6140152519e+02 5.5826994957e-02
8.49000e+02 3.6144224560e+02 6.7324725921e-02
8.50000e+02 3.6149357437e+02 5.5359002696e-02
8.51000e+02 3.6151572279e+02 1.1544187403e-01
8.52000e+02 3.6154470315e+02 5.4421713178e-03
8.53000e+02 3.6156556906e+02 5.8543242296e-02
8.54000e+02 3.6154494146e+02 7.1956372740e-02
8.55000e+02 3.6151680888e+02 5.0281005181e-02
8.56000e+02 3.6148948839e+02 1.1478554058e-01
8.57000e+02 3.6144470181e+02 6.5652483303e-02
8.58000e+02 3.6136073594e+02 6.3338275054e-02
8.59000e+02 3.6127521611e+02 5.7387242115e-02
8.60000e+02 3.6119143654e+02 8.7810518891e-02
8.61000e+02 3.6108559701e+02 6.1052952147e-02
8.62000e+02 3.6097094218e+02 3.4966925748e-01
8.63000e+02 3.6086342972e+02 2.6919937423e-01
8.64000e+02 3.6073154295e+02 4.7920892649e-02
8.65000e+02 3.6059879341e+02 4.7229715832e-02
8.66000e+02 3.6046073698e+02 5.4276860684e-02
8.67000e+02 3.6029790381e+02 1.0319367026e-01
8.68000e+02 3.6009974996e+02 6.6267079216e-02
8.69000e+02 3.5990672428e+02 6.0276143864e-02
8.70000e+02 3.5971579387e+02 5.2873971258e-02
8.71000e+02 3.5949513576e+02 9.1745121006e-02
8.72000e+02 3.5923817353e+02 5.8808385133e-02
8.73000e+02 3.5898964855e+02 5.5499298865e-02
8.74000e+02 3.5874585268e+02 5.2865464326e-02
8.75000e+02 3.5846855600e+02 5.6638571837e-02
8.76000e+02 3.5815466236e+02 5.6931402008e-02
8.77000e+02 3.5785213617e+02 5.4001217003e-02
8.78000e+02 3.5755286625e+02 3.8395660029e-01
8.79000e+02 3.5725250304e+02 6.9040320955e-01
8.80000e+02 3.5698468522e+02 1.5316298865e-01
8.81000e+02 3.5673703827e+02 7.1546154223e-01
8.82000e+02 3.5650621697e+02 3.7339822902e-01
8.83000e+02 3.5628156958e+02 7.2188855686e-02
8.84000e+02 3.5606893661e+02 3.4058618027e-01
8.85000e+02 3.5583772015e+02 3.0797922337e-01
8.86000e+02 3.5561035829e+02 5.9904925759e-01
8.87000e+02 3.5535907986e+02 1.2699156570e-01
8.88000e+02 3.5507007027e+02 3.8404786643e-01
8.89000e+02 3.5478685501e+02 4.2930731361e-01
8.90000e+02 3.5450771109e+02 1.5104487889e-01
8.91000e+02 3.5424482306e+02 3.9254958136e-01
8.92000e+02 3.5396688090e+02 3.6710348731e-01
8.93000e+02 3.5368101740e+02 6.6321259257e-02
8.94000e+02 3.5343890990e+02 7.1663751999e-01
8.95000e+02 3.5321846347e+02 3.2429479239e-01
8.96000e+02 3.5300601094e+02 7.6530780123e-04
8.97000e+02 3.5279845289e+02 6.3761542029e-01
8.98000e+02 3.5262785921e+02 7.1513809325e-02
8.99000e+02 3.5247040977e+02 6.2232457783e-02
9.00000e+02 3.5232085509e+02 2.8741384181e-01
9.01000e+02 3.5218139348e+02 1.3953873013e-01
9.02000e+02 3.5207718112e+02 6.6381329558e-02
9.03000e+02 3.5198125133e+02 5.6985037672e-02
9.04000e+02 3.5189177634e+02 6.0079691795e-02
9.05000e+02 3.5181673289e+02 1.3073311336e-01
9.06000e+02 3.5177588298e+02 6.3362444285e-02
9.07000e+02 3.5172951230e+02 3.0995682004e-01
9.08000e+02 3.5165738514e+02 2.1199557086e-01
9.09000e+02 3.5158874609e+02 6.9703469320e-02
9.10000e+02 3.5153041971e+02 3.2712332316e-01
9.11000e+02 3.5147991010e+02 4.5420174622e-02
9.12000e+02 3.5144825366e+02 1.1078777071e-01
9.13000e+02 3.5143340929e+02 2.7300150635e-01
9.14000e+02 3.5144776419e+02 7.2681272879e-02
9.15000e+02 3.5146352726e+02 6.6272688155e-02
9.16000e+02 3.5149498026e+02 2.6651695124e-02
9.17000e+02 3.5150900398e+02 1.9379320766e-01
9.18000e+02 3.5148431449e+02 4.7437672412e-02
9.19000e+02 3.5145156342e+02 1.4819638903e-01
9.20000e+02 3.5141448351e+02 2.1673237017e-01
9.21000e+02 3.5135682223e+02 7.1684994711e-02
9.22000e+02 3.5128725154e+02 2.3212505617e-01
9.23000e+02 3.5124647482e+02 1.6843501613e-01
9.24000e+02 3.5121928424e+02 1.0712393162e-01
9.25000e+02 3.5116160804e+02 1.1416036418e-01
9.26000e+02 3.5106413077e+02 2.2083598125e-01
9.27000e+02 3.5096653872e+02 1.5011116131e-01
9.28000e+02 3.5086871269e+02 1.2188876862e-01
9.29000e+02 3.5074443184e+02 1.8435214094e-01
9.30000e+02 3.5058081557e+02 1.3785008457e-01
9.31000e+02 3.5042982957e+02 2.9542598525e-01
9.32000e+02 3.5029755044e+02 2.3097501179e-01
9.33000e+02 3.5018039680e+02 7.6376923910e-02
9.34000e+02 3.5008173711e+02 4.1798171412e-01
9.35000e+02 3.4999522341e+02 1.6627172214e-01
9.36000e+02 3.4994152695e+02 2.2821187249e-03
9.37000e+02 3.4989491723e+02 2.8948522470e-01
9.38000e+02 3.4985709117e+02 6.0833634983e-02
9.39000e+02 3.4983683771e+02 6.8540071401e-02
9.40000e+02 3.4982370029e+02 7.2228888268e-02
9.41000e+02 3.4980939467e+02 6.5988806281e-02
9.42000e+02 3.4981316018e+02 1.1319816694e-01
9.43000e+02 3.4981929533e+02 5.5983090187e-02
9.44000e+02 3.4984552086e+02 1.2290911315e-01
9.45000e+02 3.4985538345e+02 3.4279791967e-02
9.46000e+02 3.4982878014e+02 1.3465890686e-02
9.47000e+02 3.4979472143e+02 2.9325758783e-01
9.48000e+02 3.4975570110e+02 9.9491375223e-02
9.49000e+02 3.4969624553e+02 8.2770579258e-02
9.50000e+02 3.4959792502e+02 3.2030891435e-01
9.51000e+02 3.4949821375e+02 6.5652555358e-02
9.52000e+02 3.4939795655e+02 8.9599863334e-02
9.53000e+02 3.4927284856e+02 2.2532593604e-01
9.54000e+02 3.4910905811e+02 6.5469937040e-02
9.55000e+02 3.4895812254e+02 3.0975588287e-01
9.56000e+02 3.4881187807e+02 9.2413537195e-02
9.57000e+02 3.4864731364e+02 6.4853170394e-02
9.58000e+02 3.4848061100e+02 6.6445441482e-02
9.59000e+02 3.4833016226e+02 1.5658388788e-01
9.60000e+02 3.4816961491e+02 5.4606084966e-01
9.61000e+02 3.4801392970e+02 4.7496436552e-03
9.62000e+02 3.4789946425e+02 3.3726675800e-01
9.63000e+02 3.4779835498e+02 3.3196609433e-01
9.64000e+02 3.4770364875e+02 6.5841132992e-02
9.65000e+02 3.4762244297e+02 2.4356125570e-01
9.66000e+02 3.4757734138e+02 5.3634265948e-02
9.67000e+02 3.4753876818e+02 6.2536072452e-02
9.68000e+02 3.4750566884e+02 6.1606880250e-02
9.69000e+02 3.4749072761e+02 6.6264546813e-02
9.70000e+02 3.4751032607e+02 6.4700059241e-02
9.71000e+02 3.4752333349e+02 1.7992527681e-01
9.72000e+02 3.4751161045e+02 6.9733110340e-02
9.73000e+02 3.4750267213e+02 7.5666289127e-02
9.74000e+02 3.4750494386e+02 1.6348921265e-01
9.75000e+02 3.4751460850e+02 4.8237840674e-02
9.76000e+02 3.4754165692e+02 6.0147765836e-02
9.77000e+02 3.4758827408e+02 5.5555483280e-02
9.78000e+02 3.4766413767e+02 1.2178146655e-01
9.79000e+02 3.4773898993e+02 8.8386567399e-02
9.80000e+02 3.4782025027e+02 5.4211914594e-02
9.81000e+02 3.4792715620e+02 6.0288776171e-02
9.82000e+02 3.4806601885e+02 1.5129723965e-01
9.83000e+02 3.4820000773e+02 1.1329432482e-01
9.84000e+02 3.4833651593e+02 5.5247863303e-02
9.85000e+02 3.4850289654e+02 9.1457117394e-02
9.86000e+02 3.4870150032e+02 1.7292216787e-01
9.87000e+02 3.4889207052e+02 1.1177393442e-01
9.88000e+02 3.4908870305e+02 2.9907824720e-01
9.89000e+02 3.4928147988e+02 4.5416448466e-01
9.90000e+02 3.4945805518e+02 1.4843013584e-01
9.91000e+02 3.4964973599e+02 1.6734051286e-01
9.92000e+02 3.4984191333e+02 5.5669143589e-02
9.93000e+02 3.5005858941e+02 3.7132642447e-01
9.94000e+02 3.5030701057e+02 1.8022257067e-01
9.95000e+02 3.5054789243e+02 4.9201044694e-02
9.96000e+02 3.5078895638e+02 3.8596381485e-01
9.97000e+02 3.5106553320e+02 2.3994308834e-01
9.98000e+02 3.5137426321e+02 1.0946069602e-01
9.99000e+02 3.5167045769e+02 3.3027404827e-01
1.00000e+03 3.5196772732e+02 6.4690588947e-01
1.00100e+03 3.5226906413e+02 5.4623527613e-01
1.00200e+03 3.5253341223e+02 8.5285148930e-01
1.00300e+03 3.5277594761e+02 9.7083240326e-01
1.00400e+03 3.5300589112e+02 9.1093942901e-03
1.00500e+03 3.5323390342e+02 2.9401509544e-01
1.00600e+03 3.5344689275e+02 6.0470973954e-01
1.00700e+03 3.5370033418e+02 2.9580749800e-01
1.00800e+03 3.5399341226e+02 6.0801292150e-01
1.00900e+03 3.5427602315e+02 2.9650634302e-01
1.01000e+03 3.5455414326e+02 6.5130792650e-02
1.01100e+03 3.5481512403e+02 3.1631852673e-01
1.01200e+03 3.5509606995e+02 5.8271660500e-01
1.01300e+03 3.5538931184e+02 5.9930998471e-01
1.01400e+03 3.5563289159e+02 6.8831507666e-01
1.01500e+03 3.5587648706e+02 6.7778080314e-01
1.01600e+03 3.5614664321e+02 3.4028437720e-01
1.01700e+03 3.5641074543e+02 3.1080442550e-01
1.01800e+03 3.5666062023e+02 2.6982632878e-01
1.01900e+03 3.5689505798e+02 2.4861746055e-01
1.02000e+03 3.5710909843e+02 3.1058462220e-01
1.02100e+03 3.5731835668e+02 1.6458194351e-01
1.02200e+03 3.5749143615e+02 7.6795321209e-02
1.02300e+03 3.5765139041e+02 2.3579053844e-01
1.02400e+03 3.5778995584e+02 6.6037110585e-01
1.02500e+03 3.5796346360e+02 1.2275027479e-01
1.02600e+03 3.5817335514e+02 4.1464636810e-01
1.02700e+03 3.5837967891e+02 6.4848927811e-01
1.02800e+03 3.5858758009e+02 6.9335763084e-02
1.02900e+03 3.5883144070e+02 3.4187716925e-01
1.03000e+03 3.5907929444e+02 5.3893708566e-01
1.03100e+03 3.5928750954e+02 1.9180349268e-01
1.03200e+03 3.5949653250e+02 2.6533321182e-01
1.03300e+03 3.5970946400e+02 4.6535287142e-01
1.03400e+03 3.5990615230e+02 4.5168428572e-01
1.03500e+03 3.6011757720e+02 1.9589277513e-01
1.03600e+03 3.6032825766e+02 2.4654978451e-01
1.03700e+03 3.6056833078e+02 4.4744511789e-01
1.03800e+03 3.6084324262e+02 7.8223541318e-02
1.03900e+03 3.6110696144e+02 3.1329141836e-01
1.04000e+03 3.6136348497e+02 2.9458981610e-01
1.04100e+03 3.6163580927e+02 1.8567741672e-01
1.04200e+03 3.6191328270e+02 5.1379064924e-01
1.04300e+03 3.6221949898e+02 4.3858369980e-01
1.04400e+03 3.6255533157e+02 7.9309055836e-02
1.04500e+03 3.6288043601e+02 5.6605700473e-01
1.04600e+03 3.6320630048e+02 4.8653614379e-01
1.04700e+03 3.6357365857e+02 1.4037155853e-01
1.04800e+03 3.6394161317e+02 1.1454748403e+00
1.04900e+03 3.6426357524e+02 1.3593766715e+00
1.05000e+03 3.6456227962e+02 3.9355559743e-01
1.05100e+03 3.6491859119e+02 4.9725377276e-01
1.05200e+03 3.6527784050e+02 4.8805122330e-01
1.05300e+03 3.6559018432e+02 3.8354379341e-01
1.05400e+03 3.6590558012e+02 1.0530524033e+00
1.05500e+03 3.6621896608e+02 8.6749317004e-01
1.05600e+03 3.6651364148e+02 3.7913127101e-01
1.05700e+03 3.6686296828e+02 4.8057839249e-01
1.05800e+03 3.6721620325e+02 4.7408347701e-01
1.05900e+03 3.6752157233e+02 3.7177740864e-01
1.06000e+03 3.6783206838e+02 8.6172592308e-01
1.06100e+03 3.6814111716e+02 3.9125984200e-01
1.06200e+03 3.6843065572e+02 3.6626878873e-01
1.06300e+03 3.6877527159e+02 4.6889847950e-01
1.06400e+03 3.6912430843e+02 4.6423144717e-01
1.06500e+03 3.6942549474e+02 3.6171974096e-01
1.06600e+03 3.6973255257e+02 3.8743037179e-01
1.06700e+03 3.7005192189e+02 2.3624155434e+00
1.06800e+03 3.7032622353e+02 7.4735200465e-02
1.06900e+03 3.7057642293e+02 1.3001594971e-02
1.07000e+03 3.7082214094e+02 7.6647179101e-01
1.07100e+03 3.7106748762e+02 1.0890461548e+00
1.07200e+03 3.7129635693e+02 3.4956428883e-01
1.07300e+03 3.7157080064e+02 3.1893458812e-01
1.07400e+03 3.7188863576e+02 2.6022011566e+00
1.07500e+03 3.7219477704e+02 6.0794610296e-02
1.07600e+03 3.7249532729e+02 3.9029658974e-01
1.07700e+03 3.7284078637e+02 8.1203471587e-01
1.07800e+03 3.7322368342e+02 1.2579574362e-01
1.07900e+03 3.7359059016e+02 6.0765452632e-02
1.08000e+03 3.7395290546e+02 8.7298773475e-01
1.08100e+03 3.7436345302e+02 1.9075842631e-01
1.08200e+03 3.7480905579e+02 1.2341041421e-01
1.08300e+03 3.7523745129e+02 1.0243420233e+00
1.08400e+03 3.7564698060e+02 1.4556336697e+00
1.08500e+03 3.7603212100e+02 1.7081914535e+00
1.08600e+03 3.7639502387e+02 1.1405025400e+00
1.08700e+03 3.7676352724e+02 4.0430960249e-01
1.08800e+03 3.7709409144e+02 2.4524803988e-01
1.08900e+03 3.7740264421e+02 2.5522927283e-01
1.09000e+03 3.7768252027e+02 6.8731562186e-01
1.09100e+03 3.7801049522e+02 7.4991891677e-01
1.09200e+03 3.7834311146e+02 4.2700789755e-01
1.09300e+03 3.7863453321e+02 3.3768038573e-01
1.09400e+03 3.7890647293e+02 3.2940636555e-01
1.09500e+03 3.7923478706e+02 4.2692006889e-01
1.09600e+03 3.7960452013e+02 9.6976926689e-01
1.09700e+03 3.7996040394e+02 6.5896412042e-01
1.09800e+03 3.8029548426e+02 4.2895722975e-01
1.09900e+03 3.8060899646e+02 3.5116740572e-01
1.10000e+03 3.8090529607e+02 9.9560718458e-01
1.10100e+03 3.8120466106e+02 3.7200945923e-01
1.10200e+03 3.8146616354e+02 1.8106138983e-02
1.10300e+03 3.8170931442e+02 2.4036189325e-01
1.10400e+03 3.8192792338e+02 5.3760701392e-01
1.10500e+03 3.8213837770e+02 1.9364963499e-01
1.10600e+03 3.8237344679e+02 3.1040693194e-01
1.10700e+03 3.8261047198e+02 2.3141885928e+00
1.10800e+03 3.8284716419e+02 2.3791594543e-01
1.10900e+03 3.8308987036e+02 3.8570795555e-02
1.11000e+03 3.8331665656e+02 1.1232885636e+00
1.11100e+03 3.8354305733e+02 4.9225765362e-01
1.11200e+03 3.8375004796e+02 3.7906566995e-01
1.11300e+03 3.8394502493e+02 3.0595101459e-01
1.11400e+03 3.8411372513e+02 4.4919228243e-01
1.11500e+03 3.8431854243e+02 8.3168252744e-01
1.11600e+03 3.8455942898e+02 2.3104070038e-01
1.11700e+03 3.8479578808e+02 3.6432666967e-01
1.11800e+03 3.8503849600e+02 3.6997805160e-01
1.11900e+03 3.8528295248e+02 2.4886536536e-01
1.12000e+03 3.8551362769e+02 2.3840516046e-01
1.12100e+03 3.8575952027e+02 2.5182682354e-01
1.12200e+03 3.8600738859e+02 7.9168117067e-02
1.12300e+03 3.8628504879e+02 5.4181931649e-01
1.12400e+03 3.8659642405e+02 2.3068054110e-01
1.12500e+03 3.8689862343e+02 5.6306805414e-02
1.12600e+03 3.8720085136e+02 5.9558138501e-01
1.12700e+03 3.8754437529e+02 2.9631359255e-01
1.12800e+03 3.8792213390e+02 1.2263384808e-01
1.12900e+03 3.8828466432e+02 4.9211243239e-01
1.13000e+03 3.8864457459e+02 3.5369962822e-01
1.13100e+03 3.8905097784e+02 1.8539053138e-01
1.13200e+03 3.8949123818e+02 5.5412204808e-01
1.13300e+03 3.8991227795e+02 4.1185529100e-01
1.13400e+03 3.9032886354e+02 2.4188044515e-01
1.13500e+03 3.9079627357e+02 6.1457470869e-01
1.13600e+03 3.9129678609e+02 4.7169561553e-01
1.13700e+03 3.9177472775e+02 2.9854044919e-01
1.13800e+03 3.9224673696e+02 6.6938376293e-01
1.13900e+03 3.9277333580e+02 5.3041273391e-01
1.14000e+03 3.9333270327e+02 3.5709685805e-01
1.14100e+03 3.9387120431e+02 2.2667040025e+00
1.14200e+03 3.9439286776e+02 2.7866045311e+00
1.14300e+03 3.9488736325e+02 2.3646068653e+00
1.14400e+03 3.9533740012e+02 7.0386559354e-01
1.14500e+03 3.9577144963e+02 6.4271575640e-01
1.14600e+03 3.9623039544e+02 2.5822696928e+00
1.14700e+03 3.9671672791e+02 3.9830381174e-01
1.14800e+03 3.9717845162e+02 1.1571623910e+00
1.14900e+03 3.9764007304e+02 1.5366012825e+00
1.15000e+03 3.9809602811e+02 6.4799123832e-01
1.15100e+03 3.9852720307e+02 6.4446869342e-01
1.15200e+03 3.9897651399e+02 6.6852915295e-01
1.15300e+03 3.9942337468e+02 6.5309989741e-01
1.15400e+03 3.9984967692e+02 6.1417139717e-01
1.15500e+03 4.0034940563e+02 1.4858748476e+00
1.15600e+03 4.0089181719e+02 1.0133931773e+00
1.15700e+03 4.0140599762e+02 4.7931417127e-01
1.15800e+03 4.0191106779e+02 1.1870409040e+00
1.15900e+03 4.0241160056e+02 7.6021176798e-01
1.16000e+03 4.0290454574e+02 6.9179041116e-02
1.16100e+03 4.0346871884e+02 1.0768241733e+00
1.16200e+03 4.0407084514e+02 1.2980011553e+00
1.16300e+03 4.0464169276e+02 7.0314861119e-02
1.16400e+03 4.0520196140e+02 1.1430707999e+00
1.16500e+03 4.0582681545e+02 1.3573841050e+00
1.16600e+03 4.0648671947e+02 1.2802226684e-01
1.16700e+03 4.0711537082e+02 4.9498188342e-01
1.16800e+03 4.0773399143e+02 1.4143786933e+00
1.16900e+03 4.0841921730e+02 1.8826607635e-01
1.17000e+03 4.0913766404e+02 5.5302961719e-01
1.17100e+03 4.0982249277e+02 1.4691416923e+00
1.17200e+03 4.1049692150e+02 2.4388593359e-01
1.17300e+03 4.1114105303e+02 3.6941577448e+00
1.17400e+03 4.1180393716e+02 2.9496695122e+00
1.17500e+03 4.1245996066e+02 1.0677721428e+00
1.17600e+03 4.1309538654e+02 1.0290727560e+00
1.17700e+03 4.1382919986e+02 6.0106402847e-01
1.17800e+03 4.1460353091e+02 2.5902612419e+00
1.17900e+03 4.1533382884e+02 2.4938279090e-01
1.18000e+03 4.1604758183e+02 7.8327109187e-02
1.18100e+03 4.1683981598e+02 2.6460918082e+00
1.18200e+03 4.1766723398e+02 3.0222035990e-01
1.18300e+03 4.1845412770e+02 1.3484456966e-01
1.18400e+03 4.1921961970e+02 1.5531553742e+00
1.18500e+03 4.2003194846e+02 6.9105720165e+00
1.18600e+03 4.2082164833e+02 1.3467097925e+00
1.18700e+03 4.2159917691e+02 1.3105629093e+00
1.18800e+03 4.2237958509e+02 7.6068942637e+00
1.18900e+03 4.2313355724e+02 2.5143781678e+00
1.19000e+03 4.2384372477e+02 2.5036460769e+00
1.19100e+03 4.2457574682e+02 4.5506532752e-02
1.19200e+03 4.2527333053e+02 2.5320625327e-01
1.19300e+03 4.2593467793e+02 2.4085176755e+00
1.19400e+03 4.2657328765e+02 1.1701883703e-01
1.19500e+03 4.2723673795e+02 6.8571747599e-02
1.19600e+03 4.2786284133e+02 2.3346288273e+00
1.19700e+03 4.2845435254e+02 1.8673800735e-01
1.19800e+03 4.2902956429e+02 1.3190114769e-01
1.19900e+03 4.2959405524e+02 3.3283136653e+00
1.20000e+03 4.3014565229e+02 4.5692657409e+00
1.20100e+03 4.3077480894e+02 3.7387995327e+00
1.20200e+03 4.3144509403e+02 1.9558523676e+00
1.20300e+03 4.3208492402e+02 1.0893190792e+00
1.20400e+03 4.3271359294e+02 1.2565439933e+00
1.20500e+03 4.3341179357e+02 6.9043967979e-02
1.20600e+03 4.3414704827e+02 1.1531993739e+00
1.20700e+03 4.3485930642e+02 3.1547505396e+00
1.20800e+03 4.3555744133e+02 1.1339273137e+00
1.20900e+03 4.3622483789e+02 2.2133835821e+00
1.21000e+03 4.3684035793e+02 1.0185491991e+00
1.21100e+03 4.3752855871e+02 1.1227935410e+00
1.21200e+03 4.3825778027e+02 1.1773538790e+00
1.21300e+03 4.3895894896e+02 2.3341567968e+00
1.21400e+03 4.3964713533e+02 2.3161392855e-01
1.21500e+03 4.4040498696e+02 9.6438087751e-01
1.21600e+03 4.4119823228e+02 1.2124593764e+00
1.21700e+03 4.4195669577e+02 2.8867711842e-01
1.21800e+03 4.4269590840e+02 4.7524207282e+00
1.21900e+03 4.4347926485e+02 2.4585217387e+00
1.22000e+03 4.4424172501e+02 1.2768424476e+00
1.22100e+03 4.4499360876e+02 1.2440929119e+00
1.22200e+03 4.4574812156e+02 2.1414651237e+00
1.22300e+03 4.4647800964e+02 2.5408923432e+00
1.22400e+03 4.4716631043e+02 2.2111761400e+00
1.22500e+03 4.4787562593e+02 4.2568244851e-02
1.22600e+03 4.4855101161e+02 1.3368602382e+00
1.22700e+03 4.4921982720e+02 2.4910809669e+00
1.22800e+03 4.4991485443e+02 1.1328902098e+00
1.22900e+03 4.5059917970e+02 1.1067670788e+00
1.23000e+03 4.5128004417e+02 1.0914975439e+00
1.23100e+03 4.5197968767e+02 3.3796328406e+00
1.23200e+03 4.5266257052e+02 1.1087472861e+00
1.23300e+03 4.5336537574e+02 1.1088859955e+00
1.23400e+03 4.5405139829e+02 1.1129351991e+00
1.23500e+03 4.5474067983e+02 1.0972765612e+00
1.23600e+03 4.5543961041e+02 3.4627505908e+00
1.23700e+03 4.5618936139e+02 3.3216165383e+00
1.23800e+03 4.5693288705e+02 4.4590374398e+00
1.23900e+03 4.5761995700e+02 3.2737853691e+00
1.24000e+03 4.5829839446e+02 1.0917338987e+00
1.24100e+03 4.5900880950e+02 2.3333293421e+00
1.24200e+03 4.5969574064e+02 2.3319046001e+00
1.24300e+03 4.6037800962e+02 1.0836296175e+00
1.24400e+03 4.6104550749e+02 2.2806236458e+00
1.24500e+03 4.6174461676e+02 1.1043696763e+00
1.24600e+03 4.6242674090e+02 1.0984582998e+00
1.24700e+03 4.6310737009e+02 2.2767032232e+00
1.24800e+03 4.6377529769e+02 1.1036950454e+00
1.24900e+03 4.6447272007e+02 1.0956729466e+00
1.25000e+03 4.6514835168e+02 6.7894053415e-02
1.25100e+03 4.6581588635e+02 3.3447162290e+00
1.25200e+03 4.6650435747e+02 1.1009242550e+00
1.25300e+03 4.6718860357e+02 1.1062082631e+00
1.25400e+03 4.6787567079e+02 6.6478030700e+00
1.25500e+03 4.6861742992e+02 1.1740477918e+00
1.25600e+03 4.6938826282e+02 8.2361776412e-02
1.25700e+03 4.7012950009e+02 1.1397663878e+00
1.25800e+03 4.7086432777e+02 1.2206342046e+00
1.25900e+03 4.7166863939e+02 1.4483189942e-01
1.26000e+03 4.7246756122e+02 4.7822225475e+00
1.26100e+03 4.7320262358e+02 6.8217577357e+00
1.26200e+03 4.7393333806e+02 2.2686595103e+00
1.26300e+03 4.7470151841e+02 2.5673368519e+00
1.26400e+03 4.7542536608e+02 9.6054362323e-01
1.26500e+03 4.7610539314e+02 5.5035296000e-02
1.26600e+03 4.7674106456e+02 1.0261683276e+00
1.26700e+03 4.7745840839e+02 2.1870914307e+00
1.26800e+03 4.7817727816e+02 1.1443086574e+00
1.26900e+03 4.7883793028e+02 1.0057672141e+00
1.27000e+03 4.7950354475e+02 1.3883741393e+00
1.27100e+03 4.8020316727e+02 2.0341896054e+00
1.27200e+03 4.8085694928e+02 6.5087765594e-02
1.27300e+03 4.8147030276e+02 2.7874703713e-01
1.27400e+03 4.8207294387e+02 1.9691820560e+00
1.27500e+03 4.8266458890e+02 4.3882220359e+00
1.27600e+03 4.8324093563e+02 1.2239050539e+00
1.27700e+03 4.8389919713e+02 1.0190593425e+00
1.27800e+03 4.8460107439e+02 5.4261735354e+00
1.27900e+03 4.8526965541e+02 7.6935986902e-02
1.28000e+03 4.8592496945e+02 1.0180446703e+00
1.28100e+03 4.8665316532e+02 2.1384808411e+00
1.28200e+03 4.8737935815e+02 3.2267934678e+00
1.28300e+03 4.8804294517e+02 2.0174464166e+00
1.28400e+03 4.8870660228e+02 1.0360792978e+00
1.28500e+03 4.8940711603e+02 3.1594352207e+00
1.28600e+03 4.9006268245e+02 7.0626418470e-02
1.28700e+03 4.9071060686e+02 1.0041929511e+00
1.28800e+03 4.9136301792e+02 1.0000334081e+00
1.28900e+03 4.9198070460e+02 9.8914287186e-01
1.29000e+03 4.9258921755e+02 2.1260683287e+00
1.29100e+03 4.9322167527e+02 8.6042156298e-01
1.29200e+03 4.9381323984e+02 6.0846503768e-02
1.29300e+03 4.9437079039e+02 2.0638061400e+00
1.29400e+03 4.9491625945e+02 7.9651725015e-01
1.29500e+03 4.9548339751e+02 1.2610532207e-01
1.29600e+03 4.9603190762e+02 2.8382863217e+00
1.29700e+03 4.9657632738e+02 7.9001760353e-01
1.29800e+03 4.9711438496e+02 9.3320957272e-01
1.29900e+03 4.9763496286e+02 7.5874807601e-01
1.30000e+03 4.9812890243e+02 6.1171888863e-01
1.30100e+03 4.9863462190e+02 8.0840162131e-02
1.30200e+03 4.9910627822e+02 6.9158807022e-01
1.30300e+03 4.9955388927e+02 5.3814031361e-01
1.30400e+03 4.9998879158e+02 2.1722059328e-02
1.30500e+03 5.0041779546e+02 4.3479365794e+00
1.30600e+03 5.0083469595e+02 5.1834256238e+00
1.30700e+03 5.0131393407e+02 2.3927342765e+00
1.30800e+03 5.0183539851e+02 1.4017485507e+00
1.30900e+03 5.0234094677e+02 1.2806351409e+00
1.31000e+03 5.0282904419e+02 6.6207675807e-01
1.31100e+03 5.0329330682e+02 5.7552962931e-01
1.31200e+03 5.0371901769e+02 5.8376448259e-01
1.31300e+03 5.0420303865e+02 6.6619751712e-01
1.31400e+03 5.0472743964e+02 7.2348373555e-01
1.31500e+03 5.0523398752e+02 1.1979024295e+00
1.31600e+03 5.0573337997e+02 2.7229227582e-01
1.31700e+03 5.0629010653e+02 7.2396103427e-01
1.31800e+03 5.0688343874e+02 5.4508857320e-01
1.31900e+03 5.0745204237e+02 3.3407572440e-01
1.32000e+03 5.0801324043e+02 7.8504269281e-01
1.32100e+03 5.0863688324e+02 6.1145973367e-01
1.32200e+03 5.0929566213e+02 3.9918831799e-01
1.32300e+03 5.0993317609e+02 1.7980585679e+00
1.32400e+03 5.1055613411e+02 2.1344772713e+00
1.32500e+03 5.1115011399e+02 1.7691755973e+00
1.32600e+03 5.1171675853e+02 3.2073572448e+00
1.32700e+03 5.1230181816e+02 4.8530041057e-01
1.32800e+03 5.1284960189e+02 1.5953606932e-01
1.32900e+03 5.1339300157e+02 1.0156772842e+00
1.33000e+03 5.1396350291e+02 1.3828990872e+00
1.33100e+03 5.1453171153e+02 1.8113764689e+00
1.33200e+03 5.1509128401e+02 8.1613150970e-01
1.33300e+03 5.1567241781e+02 8.3983561688e-01
1.33400e+03 5.1623730320e+02 8.3337982719e-01
1.33500e+03 5.1680578894e+02 8.1559251024e-01
1.33600e+03 5.1737943564e+02 1.6379585166e+00
1.33700e+03 5.1800122309e+02 1.5953191197e+00
1.33800e+03 5.1865228855e+02 4.0034967228e-01
1.33900e+03 5.1927814073e+02 5.7366437050e-02
1.34000e+03 5.1989977137e+02 1.6417077364e+00
1.34100e+03 5.2058434701e+02 4.6273751377e-01
1.34200e+03 5.2130194364e+02 1.2384024239e-01
1.34300e+03 5.2198783573e+02 1.4935972832e+00
1.34400e+03 5.2265836868e+02 2.4751501437e+00
1.34500e+03 5.2336711159e+02 1.4838212861e+00
1.34600e+03 5.2404604219e+02 2.9670966818e+00
1.34700e+03 5.2468435138e+02 4.3598335212e+00
1.34800e+03 5.2529815663e+02 5.6727699135e-02
1.34900e+03 5.2589971988e+02 8.9811780621e-01
1.35000e+03 5.2649595542e+02 8.7964997907e-01
1.35100e+03 5.2713756432e+02 8.5639849235e-01
1.35200e+03 5.2774299385e+02 1.4460228121e+00
1.35300e+03 5.2830816326e+02 7.4895956913e-01
1.35400e+03 5.2885704592e+02 4.7352877820e-02
1.35500e+03 5.2943050859e+02 1.3764305498e+00
1.35600e+03 5.2996631201e+02 6.7858450250e-01
1.35700e+03 5.3046969671e+02 1.0909022975e-01
1.35800e+03 5.3096058174e+02 8.9413400198e-01
1.35900e+03 5.3144433283e+02 1.6068925035e+00
1.36000e+03 5.3191507366e+02 2.4701383215e+00
1.36100e+03 5.3237240071e+02 8.4718221557e-01
1.36200e+03 5.3285952977e+02 6.4939800998e-01
1.36300e+03 5.3338560817e+02 6.3052164788e-01
1.36400e+03 5.3386266302e+02 6.7860531805e-01
1.36500e+03 5.3430230900e+02 6.3106754174e-01
1.36600e+03 5.3471213493e+02 1.4158566013e+00
1.36700e+03 5.3518881532e+02 3.6397630750e+00
1.36800e+03 5.3571150449e+02 3.7997015289e+00
1.36900e+03 5.3621866568e+02 7.3096941298e-01
1.37000e+03 5.3670709490e+02 6.4240930461e-01
1.37100e+03 5.3717086404e+02 5.5033215503e-01
1.37200e+03 5.3761580586e+02 6.6478834824e-01
1.37300e+03 5.3805337387e+02 1.2666891041e+00
1.37400e+03 5.3847813255e+02 5.6471457163e-01
1.37500e+03 5.3896707663e+02 6.5403059133e-01
1.37600e+03 5.3949751788e+02 1.2731744856e+00
1.37700e+03 5.4000476525e+02 4.9591465282e-01
1.37800e+03 5.4050479667e+02 1.1089551569e+00
1.37900e+03 5.4100132709e+02 6.7089395689e-01
1.38000e+03 5.4149235666e+02 1.7046408949e-01
1.38100e+03 5.4205391353e+02 7.7470710187e-01
1.38200e+03 5.4261534867e+02 1.5003148832e+00
1.38300e+03 5.4311816440e+02 1.2848073551e+00
1.38400e+03 5.4362343111e+02 6.7545836470e-01
1.38500e+03 5.4415605817e+02 2.0940874212e+00
1.38600e+03 5.4464463175e+02 3.3253539282e-01
1.38700e+03 5.4512920737e+02 1.0519418591e+00
1.38800e+03 5.4564481243e+02 1.5187103203e+00
1.38900e+03 5.4615603075e+02 6.8947080207e-01
1.39000e+03 5.4666675583e+02 1.8445178212e+00
1.39100e+03 5.4722854847e+02 4.6548552857e-01
1.39200e+03 5.4779003504e+02 1.1834259957e+00
1.39300e+03 5.4829952427e+02 1.3380295218e+00
1.39400e+03 5.4880706441e+02 6.9105475257e-01
1.39500e+03 5.4933897811e+02 1.5137320769e+00
1.39600e+03 5.4982873398e+02 1.5444778111e-01
1.39700e+03 5.5028579217e+02 1.8640450507e-02
1.39800e+03 5.5073270657e+02 1.1307159789e+00
1.39900e+03 5.5119587201e+02 8.5545073691e-02
1.40000e+03 5.5161999324e+02 8.4256445553e-02
1.40100e+03 5.5204338179e+02 7.2569110950e-01
1.40200e+03 5.5249575377e+02 1.5344447943e+00
1.40300e+03 5.5294183127e+02 5.6755501125e-01
1.40400e+03 5.5337948819e+02 5.3094443112e-01
1.40500e+03 5.5380111709e+02 1.0941559692e+00
1.40600e+03 5.5419773303e+02 6.0214853503e-01
1.40700e+03 5.5460068163e+02 4.3128909196e-02
1.40800e+03 5.5496952875e+02 5.0684326541e-01
1.40900e+03 5.5531814015e+02 5.2852889000e-01
1.41000e+03 5.5565532127e+02 1.0252060020e-01
1.41100e+03 5.5599863459e+02 3.0829948829e-01
1.41200e+03 5.5630572140e+02 4.6624005437e-01
1.41300e+03 5.5659453836e+02 1.6221252505e-01
1.41400e+03 5.5685854298e+02 1.8848681316e+00
1.41500e+03 5.5716980919e+02 1.3904013832e+00
1.41600e+03 5.5752176026e+02 7.3147195610e-01
1.41700e+03 5.5786449545e+02 2.3710732485e+00
1.41800e+03 5.5820482840e+02 5.2373618482e-01
1.41900e+03 5.5859193913e+02 7.5844530959e-02
1.42000e+03 5.5898245881e+02 4.4455910621e-01
1.42100e+03 5.5932821249e+02 8.0062827779e-01
1.42200e+03 5.5967573490e+02 5.7834053866e-01
1.42300e+03 5.6003814345e+02 9.2898358901e-01
1.42400e+03 5.6038331321e+02 9.2127329740e-01
1.42500e+03 5.6073659799e+02 5.3376204579e-01
1.42600e+03 5.6108820440e+02 3.6369324866e-01
1.42700e+03 5.6148023512e+02 8.2230390168e-01
1.42800e+03 5.6190774186e+02 8.2336981954e-02
1.42900e+03 5.6232139038e+02 5.0676400378e-01
1.43000e+03 5.6271859546e+02 8.2816699964e-01
1.43100e+03 5.6309404614e+02 3.9302656016e-01
1.43200e+03 5.6344890451e+02 1.1816397354e+00
1.43300e+03 5.6381012743e+02 3.1938921338e-01
1.43400e+03 5.6413511168e+02 7.2220834856e-02
1.43500e+03 5.6443965772e+02 5.8029454189e-01
1.43600e+03 5.6473426584e+02 2.5881957936e-01
1.43700e+03 5.6502701208e+02 1.2125509466e+00
1.43800e+03 5.6532072927e+02 2.5030213748e-01
1.43900e+03 5.6562389760e+02 1.3020320673e-01
1.44000e+03 5.6588837068e+02 3.6700612061e-01
1.44100e+03 5.6613300775e+02 4.4870361545e-01
1.44200e+03 5.6637268708e+02 5.4037859291e-02
1.44300e+03 5.6661371125e+02 3.0449495113e-01
1.44400e+03 5.6681696793e+02 3.8703851024e-01
1.44500e+03 5.6702511282e+02 9.5132560565e-01
1.44600e+03 5.6725907662e+02 8.8297718856e-01
1.44700e+03 5.6749913028e+02 1.4337543886e-01
1.44800e+03 5.6774808250e+02 1.3925505877e+00
1.44900e+03 5.6803101341e+02 7.4786012051e-02
1.45000e+03 5.6834800202e+02 2.2625687267e-01
1.45100e+03 5.6865544588e+02 3.5272028086e-01
1.45200e+03 5.6896411859e+02 1.3443171894e-01
1.45300e+03 5.6931566426e+02 1.2378281079e-01
1.45400e+03 5.6970209033e+02 4.2180502379e-01
1.45500e+03 5.7007309939e+02 1.9786248524e-01
1.45600e+03 5.7044181059e+02 1.8369751463e-01
1.45700e+03 5.7085867295e+02 4.8669991464e-01
1.45800e+03 5.7130992388e+02 2.6248947916e-01
1.45900e+03 5.7174157052e+02 2.4415140076e-01
1.46000e+03 5.7216878510e+02 5.4471658778e-01
1.46100e+03 5.7264841812e+02 3.2499764454e-01
1.46200e+03 5.7316205241e+02 3.0629061646e-01
1.46300e+03 5.7365693835e+02 1.6852758182e+00
1.46400e+03 5.7413487917e+02 1.3585423362e+00
1.46500e+03 5.7458681700e+02 1.3006300117e+00
1.46600e+03 5.7501419692e+02 1.7942155172e+00
1.46700e+03 5.7545150191e+02 2.5484026931e-01
1.46800e+03 5.7585136720e+02 1.3739565276e-01
1.46900e+03 5.7622618821e+02 5.6799141186e-01
1.47000e+03 5.7658826688e+02 1.8928417687e-01
1.47100e+03 5.7695836407e+02 7.0050455386e-02
1.47200e+03 5.7729032955e+02 4.9952361083e-01
1.47300e+03 5.7760082047e+02 1.2476480966e-01
1.47400e+03 5.7790272100e+02 9.8022634834e-03
1.47500e+03 5.7820928191e+02 4.3548780632e-01
1.47600e+03 5.7850108892e+02 1.2071342975e+00
1.47700e+03 5.7880711578e+02 1.2625476899e+00
1.47800e+03 5.7911349122e+02 1.1113681567e+00
1.47900e+03 5.7945508234e+02 1.3738695861e+00
1.48000e+03 5.7980058707e+02 6.0314036996e-01
1.48100e+03 5.8014150408e+02 3.4463951754e-01
1.48200e+03 5.8051235077e+02 7.9039680573e-02
1.48300e+03 5.8087833536e+02 3.2621892194e-01
1.48400e+03 5.8124794510e+02 8.7249024390e-01
1.48500e+03 5.8166126710e+02 7.2404988145e-02
1.48600e+03 5.8207589784e+02 4.8575346590e-01
1.48700e+03 5.8244423709e+02 1.2055197320e+00
1.48800e+03 5.8281133442e+02 6.5846539305e-01
1.48900e+03 5.8317536706e+02 8.6966579723e-01
1.49000e+03 5.8352332166e+02 3.7340312877e-01
1.49100e+03 5.8385935560e+02 3.4072441538e-01
1.49200e+03 5.8422408242e+02 8.6642562178e-01
1.49300e+03 5.8461382055e+02 1.1709821589e+00
1.49400e+03 5.8495280014e+02 5.8745822484e-01
1.49500e+03 5.8526101425e+02 1.5362379543e-02
1.49600e+03 5.8556687581e+02 8.3933515746e-02
1.49700e+03 5.8588149500e+02 5.1175183369e-01
1.49800e+03 5.8615512074e+02 8.0700868946e-02
1.49900e+03 5.8640764035e+02 2.8155083277e-02
1.50000e+03 5.8665595475e+02 4.5369292090e-01
1.50100e+03 5.8690699851e+02 1.4419560246e-01
1.50200e+03 5.8711923257e+02 3.3264751415e-02
1.50300e+03 5.8733598074e+02 7.6171299477e-01
1.50400e+03 5.8757916891e+02 1.4093413363e+00
1.50500e+03 5.8782754843e+02 8.0692286581e-01
1.50600e+03 5.8808434517e+02 1.6055942179e-01
1.50700e+03 5.8834183386e+02 1.5650562685e-01
1.50800e+03 5.8856829861e+02 9.9292694183e-02
1.50900e+03 5.8877895924e+02 5.7177910651e-01
1.51000e+03 5.8897925643e+02 5.6499548136e-02
1.51100e+03 5.8917650331e+02 6.0241808678e-02
1.51200e+03 5.8933750731e+02 4.2068456864e-01
1.51300e+03 5.8948647436e+02 1.1813662009e-01
1.51400e+03 5.8963056553e+02 5.6206025188e-02
1.51500e+03 5.8976796732e+02 2.7632001273e-01
1.51600e+03 5.8986865121e+02 1.7833859069e-01
1.51700e+03 5.8996060449e+02 1.1316359727e-01
1.51800e+03 5.9005004666e+02 2.1433761715e-02
1.51900e+03 5.9012949597e+02 2.3611273012e-01
1.52000e+03 5.9017236799e+02 1.7086230216e-01
1.52100e+03 5.9020951561e+02 3.3393329825e-02
1.52200e+03 5.9024585392e+02 1.2918661468e-01
1.52300e+03 5.9026861411e+02 2.1469397181e-01
1.52400e+03 5.9025527996e+02 8.9566109526e-02
1.52500e+03 5.9023895791e+02 1.8252709802e-01
1.52600e+03 5.9022319278e+02 5.2103447545e-02
1.52700e+03 5.9021609685e+02 3.6736588688e-01
1.52800e+03 5.9019544506e+02 1.0899111612e-01
1.52900e+03 5.9019301251e+02 3.5888539800e-02
1.53000e+03 5.9020341160e+02 1.5861132009e-01
1.53100e+03 5.9018950797e+02 4.9632926806e-02
1.53200e+03 5.9018355980e+02 3.5718156201e-01
1.53300e+03 5.9016688195e+02 3.9438035382e-02
1.53400e+03 5.9013969282e+02 3.4124734037e-01
1.53500e+03 5.9013920998e+02 3.2216060851e-01
1.53600e+03 5.9014055008e+02 2.7591395676e-02
1.53700e+03 5.9015779961e+02 2.4093376160e-01
1.53800e+03 5.9021303485e+02 3.5751156148e-02
1.53900e+03 5.9026389104e+02 1.9308179852e-01
1.54000e+03 5.9029278796e+02 3.1085477444e-02
1.54100e+03 5.9030959763e+02 3.2562418445e-01
1.54200e+03 5.9031650689e+02 2.2670449097e-01
1.54300e+03 5.9030949848e+02 8.8919005269e-02
1.54400e+03 5.9029210410e+02 3.4779485504e-01
1.54500e+03 5.9030190497e+02 1.7280089368e-02
1.54600e+03 5.9032479858e+02 7.2845742443e-02
1.54700e+03 5.9032321039e+02 5.4202276741e-03
1.54800e+03 5.9028515052e+02 3.3329087038e-01
1.54900e+03 5.9025706501e+02 4.0934700884e-01
1.55000e+03 5.9024892172e+02 8.1123365730e-03
1.55100e+03 5.9025276978e+02 5.9528109015e-03
1.55200e+03 5.9027225080e+02 3.0715765523e-01
1.55300e+03 5.9031096560e+02 6.6800313439e-02
1.55400e+03 5.9038259006e+02 7.9767748313e-02
1.55500e+03 5.9044816653e+02 2.0601065364e-01
1.55600e+03 5.9049377544e+02 2.4704313817e-02
1.55700e+03 5.9052581471e+02 2.8450798104e-01
1.55800e+03 5.9054541063e+02 1.9953786008e-02
1.55900e+03 5.9055150171e+02 5.9485392896e-02
1.56000e+03 5.9052224882e+02 3.5810148249e-01
1.56100e+03 5.9050219788e+02 1.0165375023e-03
1.56200e+03 5.9050059155e+02 9.5301701707e-02
1.56300e+03 5.9050982635e+02 3.0146376261e-01
1.56400e+03 5.9053545686e+02 2.7607466107e-01
1.56500e+03 5.9058146037e+02 2.9151952181e-02
1.56600e+03 5.9065959824e+02 1.6341543830e-01
1.56700e+03 5.9073134258e+02 1.9280515548e-01
1.56800e+03 5.9078355311e+02 8.0479621137e-02
1.56900e+03 5.9083854427e+02 1.5426438163e-01
1.57000e+03 5.9090516889e+02 6.9515908026e-02
1.57100e+03 5.9096959488e+02 6.1306827529e-02
1.57200e+03 5.9102447507e+02 2.6696550988e-03
1.57300e+03 5.9108266704e+02 4.8120680234e-02
1.57400e+03 5.9114745054e+02 1.8411250067e-03
1.57500e+03 5.9121957810e+02 5.0071860084e-02
1.57600e+03 5.9131064548e+02 1.7966904977e-01
1.57700e+03 5.9138836512e+02 1.5960629353e-02
1.57800e+03 5.9143608717e+02 7.1581395831e-03
1.57900e+03 5.9147523208e+02 1.9231755908e-01
1.58000e+03 5.9150479857e+02 6.1500901894e-02
1.58100e+03 5.9151859401e+02 7.1075176922e-02
1.58200e+03 5.9149650734e+02 2.6193395739e-01
1.58300e+03 5.9147045025e+02 1.2664140254e-01
1.58400e+03 5.9143268855e+02 2.9469769027e-01
1.58500e+03 5.9139075478e+02 1.5876689733e-02
1.58600e+03 5.9136633152e+02 5.3989738122e-02
1.58700e+03 5.9134923452e+02 3.8408909787e-01
1.58800e+03 5.9131141407e+02 5.8744614023e-05
1.58900e+03 5.9129254123e+02 9.7028986277e-02
1.59000e+03 5.9131875981e+02 2.8947956258e-01
1.59100e+03 5.9135072643e+02 4.9063622412e-02
1.59200e+03 5.9138301131e+02 2.6826633420e-02
1.59300e+03 5.9143926189e+02 1.7373540597e-01
1.59400e+03 5.9153304016e+02 6.7559694460e-02
1.59500e+03 5.9161940998e+02 1.6193677400e-01
1.59600e+03 5.9168203507e+02 5.7663815100e-02
1.59700e+03 5.9172983000e+02 3.5792957493e-02
1.59800e+03 5.9176640992e+02 2.7368727597e-01
1.59900e+03 5.9179019944e+02 6.2580287088e-02
1.60000e+03 5.9177669622e+02 4.0371145320e-02
1.60100e+03 5.9175734695e+02 3.4055779859e-01
1.60200e+03 5.9173516955e+02 5.8757314449e-02
1.60300e+03 5.9169477783e+02 6.4181248376e-02
1.60400e+03 5.9161624639e+02 2.6608435493e-01
1.60500e+03 5.9153638226e+02 7.6475904974e-02
1.60600e+03 5.9145700737e+02 5.7197490325e-02
1.60700e+03 5.9135540355e+02 6.1212097573e-02
1.60800e+03 5.9121590497e+02 6.0967139513e-02
1.60900e+03 5.9108936772e+02 1.5562695605e-01
1.61000e+03 5.9098287637e+02 2.3402364168e-01
1.61100e+03 5.9089100191e+02 4.1321570856e-01
1.61200e+03 5.9081753978e+02 4.3478000994e-01
1.61300e+03 5.9073852462e+02 9.9028827801e-02
1.61400e+03 5.9067550541e+02 2.9945080712e-01
1.61500e+03 5.9059093499e+02 2.1675621916e-01
1.61600e+03 5.9049443051e+02 4.0281561889e-01
1.61700e+03 5.9042780300e+02 3.7378221673e-01
1.61800e+03 5.9036100760e+02 6.6667356303e-03
1.61900e+03 5.9028652196e+02 2.9462183548e-01
1.62000e+03 5.9021072716e+02 8.9993969282e-03
1.62100e+03 5.9015480050e+02 3.8121165857e-01
1.62200e+03 5.9013928515e+02 3.8554324697e-02
1.62300e+03 5.9011950632e+02 1.5324104070e-01
1.62400e+03 5.9007289048e+02 4.4341903783e-01
1.62500e+03 5.9001523685e+02 1.6832009712e-02
1.62600e+03 5.8995049047e+02 3.7135442519e-01
1.62700e+03 5.8986738986e+02 2.8621772813e-01
1.62800e+03 5.8974657302e+02 7.4200992444e-02
1.62900e+03 5.8962503224e+02 1.0153354757e-01
1.63000e+03 5.8950353031e+02 1.5753274362e-01
1.63100e+03 5.8935719522e+02 6.3234478084e-02
1.63200e+03 5.8917296069e+02 6.3417693708e-02
1.63300e+03 5.8899253184e+02 5.8888072462e-02
1.63400e+03 5.8880870159e+02 4.8886589976e-01
1.63500e+03 5.8863318602e+02 3.4248485116e-01
1.63600e+03 5.8849157136e+02 3.7996429829e-01
1.63700e+03 5.8836330986e+02 5.8765741271e-01
1.63800e+03 5.8824705308e+02 1.4838832666e-01
1.63900e+03 5.8814464156e+02 2.8445668948e-01
1.64000e+03 5.8807749203e+02 1.7386043054e-01
1.64100e+03 5.8801752394e+02 6.5958550109e-02
1.64200e+03 5.8796523217e+02 6.3965015145e-02
1.64300e+03 5.8793101909e+02 6.8198445372e-02
1.64400e+03 5.8793137400e+02 6.7504429784e-02
1.64500e+03 5.8792606406e+02 2.1653557978e-01
1.64600e+03 5.8789668795e+02 6.1103380500e-02
1.64700e+03 5.8785424954e+02 3.5272144303e-01
1.64800e+03 5.8779696825e+02 3.4721208200e-01
1.64900e+03 5.8776007047e+02 6.3726982028e-02
1.65000e+03 5.8775329917e+02 2.2344524424e-01
1.65100e+03 5.8775020871e+02 5.6877627095e-02
1.65200e+03 5.8775581623e+02 5.2742653778e-02
1.65300e+03 5.8778399355e+02 6.5075098344e-02
1.65400e+03 5.8784533220e+02 6.8398147265e-02
1.65500e+03 5.8790573523e+02 6.3493494365e-02
1.65600e+03 5.8797935386e+02 2.0580584448e-01
1.65700e+03 5.8803992748e+02 4.8412778761e-03
1.65800e+03 5.8806172135e+02 2.8970580724e-01
1.65900e+03 5.8808905466e+02 2.2296702652e-01
1.66000e+03 5.8813486430e+02 4.7900984498e-02
1.66100e+03 5.8818809289e+02 2.1277447193e-01
1.66200e+03 5.8825449682e+02 6.0796404791e-02
1.66300e+03 5.8834295122e+02 1.0897417841e-01
1.66400e+03 5.8846249117e+02 1.4848554514e-02
1.66500e+03 5.8857331272e+02 1.0918830110e-01
1.66600e+03 5.8866371337e+02 5.7113859611e-02
1.66700e+03 5.8873823218e+02 8.8642819557e-02
1.66800e+03 5.8879777848e+02 1.8203320834e-01
1.66900e+03 5.8884545589e+02 6.3144139872e-02
1.67000e+03 5.8885659936e+02 1.6781135852e-01
1.67100e+03 5.8887508970e+02 5.5130356745e-02
1.67200e+03 5.8891165944e+02 2.3665014348e-01
1.67300e+03 5.8895757036e+02 1.1716102977e-01
1.67400e+03 5.8901824153e+02 9.4286933965e-02
1.67500e+03 5.8910065327e+02 1.7249209025e-01
1.67600e+03 5.8921435210e+02 5.8648912986e-02
1.67700e+03 5.8932638942e+02 5.8814232266e-03
1.67800e+03 5.8944394727e+02 5.6886682967e-02
1.67900e+03 5.8959000780e+02 1.2223905796e-01
1.68000e+03 5.8976893322e+02 6.5226587618e-02
1.68100e+03 5.8994155134e+02 9.5225778942e-02
1.68200e+03 5.9011584222e+02 5.6733027053e-02
1.68300e+03 5.9032310393e+02 1.2636253551e-01
1.68400e+03 5.9056346411e+02 6.1434760991e-02
1.68500e+03 5.9079394036e+02 1.1453441979e-01
1.68600e+03 5.9102397368e+02 6.2868859930e-02
1.68700e+03 5.9123749384e+02 1.1127743028e-01
1.68800e+03 5.9146849360e+02 2.1348366824e-01
1.68900e+03 5.9170694834e+02 1.3948879118e-01
1.69000e+03 5.9189653734e+02 2.8961167432e-01
1.69100e+03 5.9208712607e+02 1.4474427776e-01
1.69200e+03 5.9230261441e+02 1.1447746512e-01
1.69300e+03 5.9252026339e+02 1.0912164079e-01
1.69400e+03 5.9274401574e+02 1.3831856788e-01
1.69500e+03 5.9300031246e+02 8.0027045567e-02
1.69600e+03 5.9328853667e+02 1.4751028377e-01
1.69700e+03 5.9356622626e+02 1.3907794583e-01
1.69800e+03 5.9384393830e+02 1.3390669378e-01
1.69900e+03 5.9410365030e+02 3.1814488836e-01
1.70000e+03 5.9438054795e+02 2.9384927613e-01
1.70100e+03 5.9466972838e+02 3.1245144613e-01
1.70200e+03 5.9491049870e+02 3.6900806948e-01
1.70300e+03 5.9512658469e+02 3.7119304301e-02
1.70400e+03 5.9533828006e+02 3.3223417596e-02
1.70500e+03 5.9554904120e+02 1.2853794508e-01
1.70600e+03 5.9571833798e+02 3.4391356210e-02
1.70700e+03 5.9587180610e+02 2.9427679670e-02
1.70800e+03 5.9602112029e+02 6.6028235867e-02
1.70900e+03 5.9616431897e+02 1.0191942905e-01
1.71000e+03 5.9626794024e+02 9.5073760789e-02
1.71100e+03 5.9636062950e+02 5.1833399528e-03
1.71200e+03 5.9645059015e+02 1.6117104540e-01
1.71300e+03 5.9653013020e+02 1.5863731368e-01
1.71400e+03 5.9657134717e+02 5.7226146349e-02
1.71500e+03 5.9662083565e+02 3.8992819358e-02
1.71600e+03 5.9669321344e+02 7.6907549647e-02
1.71700e+03 5.9677542255e+02 4.2819850672e-02
1.71800e+03 5.9687076083e+02 2.7808268914e-02
1.71900e+03 5.9699072434e+02 7.0475029205e-02
1.72000e+03 5.9714413982e+02 4.7576618186e-02
1.72100e+03 5.9729511180e+02 7.7655488900e-02
1.72200e+03 5.9745054821e+02 6.0098127744e-02
1.72300e+03 5.9763766265e+02 6.7150936243e-02
1.72400e+03 5.9785911678e+02 1.3630052562e-01
1.72500e+03 5.9807294182e+02 1.2289108442e-01
1.72600e+03 5.9828766109e+02 5.9282860408e-02
1.72700e+03 5.9853874164e+02 1.5037608015e-01
1.72800e+03 5.9882364978e+02 1.8622220370e-01
1.72900e+03 5.9909541169e+02 4.0749889674e-01
1.73000e+03 5.9935899827e+02 1.9473976341e-01
1.73100e+03 5.9963663821e+02 1.2303848231e-01
1.73200e+03 5.9991889584e+02 1.0611655604e-01
1.73300e+03 6.0017824412e+02 2.3981381896e-01
1.73400e+03 6.0044932024e+02 4.2972818589e-01
1.73500e+03 6.0072945469e+02 2.0291755877e-01
1.73600e+03 6.0096368994e+02 4.3259227756e-01
1.73700e+03 6.0117556394e+02 1.4765952011e-01
1.73800e+03 6.0136469206e+02 2.5537815495e-01
1.73900e+03 6.0154588773e+02 2.9310638908e-02
1.74000e+03 6.0175162972e+02 1.3738051594e-01
1.74100e+03 6.0196240773e+02 6.9356438013e-02
1.74200e+03 6.0212467127e+02 1.0482148633e-01
1.74300e+03 6.0229061814e+02 3.6533269840e-01
1.74400e+03 6.0248400500e+02 6.3227845163e-02
1.74500e+03 6.0268157263e+02 3.5831505606e-01
1.74600e+03 6.0288594716e+02 4.4527734665e-02
1.74700e+03 6.0312282805e+02 7.0934029081e-02
1.74800e+03 6.0339341887e+02 2.0858725538e-01
1.74900e+03 6.0365518195e+02 6.4195448162e-02
1.75000e+03 6.0391763558e+02 1.1612056505e-01
1.75100e+03 6.0421966292e+02 2.6680436210e-01
1.75200e+03 6.0455564807e+02 1.2952558386e-01
1.75300e+03 6.0487779656e+02 1.4361890715e-01
1.75400e+03 6.0519793454e+02 3.2422191220e-01
1.75500e+03 6.0556194774e+02 1.9138191542e-01
1.75600e+03 6.0592699785e+02 7.1855612270e-01
1.75700e+03 6.0624504939e+02 6.2124121911e-01
1.75800e+03 6.0656220954e+02 3.8112091151e-01
1.75900e+03 6.0689059752e+02 9.0533290625e-01
1.76000e+03 6.0717583527e+02 2.5038066112e-02
1.76100e+03 6.0743674076e+02 5.7146047405e-02
1.76200e+03 6.0769022033e+02 5.0175714968e-01
1.76300e+03 6.0794543235e+02 4.8162931018e-02
1.76400e+03 6.0818495338e+02 5.6433413979e-01
1.76500e+03 6.0843956182e+02 7.3122164168e-01
1.76600e+03 6.0869350944e+02 1.7276168721e-01
1.76700e+03 6.0897897324e+02 4.8522040710e-01
1.76800e+03 6.0926831952e+02 3.8399328984e-01
1.76900e+03 6.0951856777e+02 4.6420675087e-01
1.77000e+03 6.0976904852e+02 1.6205387161e-01
1.77100e+03 6.1002567077e+02 3.8501952729e-01
1.77200e+03 6.1024088094e+02 4.7367230034e-02
1.77300e+03 6.1043723736e+02 1.0799998848e-01
1.77400e+03 6.1062851783e+02 1.1226676843e-01
1.77500e+03 6.1081692225e+02 1.1553769299e-01
1.77600e+03 6.1096606399e+02 4.1823563227e-02
1.77700e+03 6.1112071238e+02 9.5282574041e-02
1.77800e+03 6.1128015995e+02 1.0305825382e-02
1.77900e+03 6.1141590673e+02 5.1544859726e-02
1.78000e+03 6.1154682585e+02 1.7578349254e-01
1.78100e+03 6.1167463459e+02 8.5184260076e-03
1.78200e+03 6.1176601967e+02 1.6569169595e-02
1.78300e+03 6.1184709715e+02 2.3027701572e-01
1.78400e+03 6.1192427282e+02 6.2253364318e-02
1.78500e+03 6.1199080692e+02 7.7827230494e-02
1.78600e+03 6.1204641539e+02 2.9254885346e-02
1.78700e+03 6.1212723385e+02 1.3754248091e-01
1.78800e+03 6.1221050781e+02 3.6148730461e-01
1.78900e+03 6.1231358831e+02 5.7824965692e-02
1.79000e+03 6.1245332409e+02 5.3912902610e-02
1.79100e+03 6.1259377164e+02 8.2232337478e-02
1.79200e+03 6.1273758862e+02 2.7758727253e-03
1.79300e+03 6.1291182370e+02 7.1154584898e-02
1.79400e+03 6.1312175039e+02 7.0190910105e-02
1.79500e+03 6.1332556868e+02 6.6143828461e-02
1.79600e+03 6.1353028549e+02 1.3198326775e-01
1.79700e+03 6.1377068053e+02 6.6159960024e-02
1.79800e+03 6.1404565976e+02 1.0608979739e-01
1.79900e+03 6.1431018734e+02 1.9256057751e-01
1.80000e+03 6.1457363727e+02 1.2482692119e-01
1.80100e+03 6.1487699802e+02 1.0231383811e-01
1.80200e+03 6.1521427310e+02 2.5466387544e-01
1.80300e+03 6.1553728521e+02 1.8318662451e-01
1.80400e+03 6.1585767061e+02 1.5914699322e-01
1.80500e+03 6.1622184596e+02 3.1522381582e-01
1.80600e+03 6.1661941368e+02 2.4329607575e-01
1.80700e+03 6.1700046011e+02 8.5132244648e-01
1.80800e+03 6.1736245002e+02 6.7616815111e-01
1.80900e+03 6.1772095414e+02 3.7606340004e-01
1.81000e+03 6.1809471959e+02 4.1026012794e-01
1.81100e+03 6.1846979189e+02 2.1104804738e-01
1.81200e+03 6.1885228773e+02 7.5270636895e-01
1.81300e+03 6.1927252065e+02 3.3289681395e-01
1.81400e+03 6.1972074842e+02 7.4462330452e-02
1.81500e+03 6.2015186825e+02 8.0800118285e-01
1.81600e+03 6.2058177334e+02 3.7997316725e-01
1.81700e+03 6.2106044140e+02 1.3282300664e-01
1.81800e+03 6.2156999077e+02 6.4528937275e-01
1.81900e+03 6.2205728053e+02 4.3576312489e-01
1.82000e+03 6.2253975888e+02 1.8526343965e-01
1.82100e+03 6.2307611404e+02 7.0233118461e-01
1.82200e+03 6.2360986541e+02 1.7143317441e+00
1.82300e+03 6.2408900806e+02 2.0934166716e+00
1.82400e+03 6.2456471864e+02 2.1905517603e+00
1.82500e+03 6.2506106966e+02 1.9666038671e+00
1.82600e+03 6.2553516412e+02 1.3452145770e+00
1.82700e+03 6.2601079432e+02 6.0423722057e-01
1.82800e+03 6.2648307031e+02 6.9142650180e-01
1.82900e+03 6.2700191572e+02 1.3263596093e+00
1.83000e+03 6.2755328748e+02 7.7277300679e-02
1.83100e+03 6.2808239136e+02 3.1339015574e-01
1.83200e+03 6.2860610345e+02 1.3764693490e+00
1.83300e+03 6.2918673430e+02 1.3898546394e-01
1.83400e+03 6.2980036715e+02 6.2261091522e-02
1.83500e+03 6.3038659149e+02 1.4322133286e+00
1.83600e+03 6.3096520677e+02 1.9374966634e-01
1.83700e+03 6.3151660270e+02 2.3316371516e+00
1.83800e+03 6.3205164441e+02 7.3499512738e-01
1.83900e+03 6.3258215679e+02 7.1337657539e-01
1.84000e+03 6.3315078510e+02 2.4404086014e+00
1.84100e+03 6.3371377515e+02 9.0458176667e-01
1.84200e+03 6.3424877707e+02 7.1262340022e-01
1.84300e+03 6.3487526112e+02 1.0805203442e-01
1.84400e+03 6.3554537346e+02 2.3623054063e+00
1.84500e+03 6.3617688534e+02 7.8043260870e-01
1.84600e+03 6.3679170359e+02 7.9816342701e-02
1.84700e+03 6.3738096788e+02 8.5039921776e-01
1.84800e+03 6.3799368720e+02 1.7274203660e+00
1.84900e+03 6.3865681796e+02 3.2875736003e+00
1.85000e+03 6.3926745324e+02 3.8815443477e+00
1.85100e+03 6.3982949951e+02 7.8197041658e-01
1.85200e+03 6.4035301697e+02 1.5394364704e+00
1.85300e+03 6.4095436869e+02 3.0916796996e+00
1.85400e+03 6.4160095629e+02 9.5493537064e-01
1.85500e+03 6.4221834567e+02 1.6035110632e+00
1.85600e+03 6.4282173138e+02 1.5925739444e+00
1.85700e+03 6.4346004490e+02 9.2916319445e-01
1.85800e+03 6.4406447990e+02 8.4955101606e-01
1.85900e+03 6.4463015338e+02 1.5946085798e+00
1.86000e+03 6.4515375358e+02 1.5930967098e+00
1.86100e+03 6.4574881558e+02 8.4241174421e-01
1.86200e+03 6.4638597459e+02 1.3936710262e+00
1.86300e+03 6.4699674452e+02 1.5848841626e+00
1.86400e+03 6.4759605966e+02 7.5714936253e-02
1.86500e+03 6.4826127735e+02 8.1084308418e-01
1.86600e+03 6.4892440837e+02 1.7102975968e+00
1.86700e+03 6.4957560283e+02 9.5387668188e-01
1.86800e+03 6.5026475512e+02 1.6352925574e+00
1.86900e+03 6.5093851562e+02 1.3862978425e-01
1.87000e+03 6.5160427120e+02 1.1525136985e+00
1.87100e+03 6.5233159019e+02 7.4188187891e-01
1.87200e+03 6.5305439415e+02 1.7537357366e+00
1.87300e+03 6.5371664736e+02 2.0528109792e+00
1.87400e+03 6.5437483512e+02 1.7765924799e+00
1.87500e+03 6.5501940296e+02 1.1221685273e+00
1.87600e+03 6.5565550009e+02 1.0989557307e+00
1.87700e+03 6.5634338307e+02 4.1617287309e+00
1.87800e+03 6.5699096723e+02 1.4832512422e-01
1.87900e+03 6.5759344613e+02 8.5666709822e-01
1.88000e+03 6.5817979465e+02 7.9011601575e-01
1.88100e+03 6.5875567484e+02 1.6370796601e+00
1.88200e+03 6.5931755113e+02 1.7166160543e+00
1.88300e+03 6.5996064264e+02 1.1501739699e+00
1.88400e+03 6.6064540578e+02 2.8905909505e+00
