0.00000e+00 0.0000000000e+00 0.0000000000e+00
1.00000e+00 4.1298781224e+01 4.1298781224e+01
2.00000e+00 7.7263218559e+01 3.5964437334e+01
3.00000e+00 1.1310485915e+02 7.1770113484e+01
4.00000e+00 1.5434887142e+02 8.2501494717e+01
5.00000e+00 1.9706325447e+02 4.2714383050e+01
6.00000e+00 2.3952979571e+02 8.5138209906e+01
7.00000e+00 2.8086873434e+02 8.2459150626e+01
8.00000e+00 3.1690291085e+02 7.1768082548e+01
9.00000e+00 3.5377460123e+02 1.2192476208e+02
1.00000e+01 3.9368402693e+02 7.8405389710e+01
1.10000e+01 4.3260825307e+02 2.2791081654e+01
1.20000e+01 4.7127703474e+02 1.0256975144e+02
1.30000e+01 5.1024804617e+02 7.7308172838e+01
1.40000e+01 5.4417298199e+02 4.7995253251e+01
1.50000e+01 5.7897482137e+02 7.6257133325e+01
1.60000e+01 6.1659180649e+02 9.7706714662e+01
1.70000e+01 6.5321771078e+02 2.3451071490e+00
1.80000e+01 6.8961068950e+02 7.2612299681e+01
1.90000e+01 7.2630012952e+02 7.2603223118e+01
2.00000e+01 7.5817169016e+02 7.4127501019e+01
2.10000e+01 7.9093989172e+02 9.5575370120e+01
2.20000e+01 8.2629475756e+02 6.7925738571e+01
2.30000e+01 8.6065000938e+02 2.3341882017e+00
2.40000e+01 8.9479083531e+02 6.7946613089e+01
2.50000e+01 9.2921921952e+02 6.7951798865e+01
2.60000e+01 9.6342250072e+02 6.7946302334e+01
2.70000e+01 9.9790281812e+02 6.7930289225e+01
2.80000e+01 1.0277773236e+03 9.3482739614e+01
2.90000e+01 1.0585620243e+03 6.5874311898e+01
3.00000e+01 1.0896779246e+03 3.9038784615e+02
3.10000e+01 1.1196439337e+03 3.5137878048e+02
3.20000e+01 1.1543092531e+03 6.8324397123e+01
3.30000e+01 1.1891017733e+03 6.8568275511e+01
3.40000e+01 1.2235793536e+03 6.8311968124e+01
3.50000e+01 1.2595760037e+03 3.8327972535e+02
3.60000e+01 1.2932196377e+03 6.5981532916e+01
3.70000e+01 1.3264179849e+03 1.2947977953e+02
3.80000e+01 1.3598679703e+03 6.5702851933e+01
3.90000e+01 1.3930544906e+03 6.5625322075e+01
4.00000e+01 1.4287805182e+03 2.0228522104e+02
4.10000e+01 1.4634602070e+03 6.8130824700e+01
4.20000e+01 1.4934970307e+03 2.6088075233e+02
4.30000e+01 1.5244314506e+03 7.1275534910e+00
4.40000e+01 1.5577269880e+03 6.5632203623e+01
4.50000e+01 1.5912573199e+03 2.0403260751e+02
4.60000e+01 1.6247033997e+03 6.5749291513e+01
4.70000e+01 1.6582726343e+03 6.5722444879e+01
4.80000e+01 1.6917380868e+03 6.5676095169e+01
4.90000e+01 1.7253202014e+03 6.5623299072e+01
5.00000e+01 1.7587959597e+03 6.5567981545e+01
5.10000e+01 1.7923871732e+03 6.5511512565e+01
5.20000e+01 1.8239221867e+03 7.0765150801e+01
5.30000e+01 1.8550439874e+03 2.6255032704e+02
5.40000e+01 1.8864183069e+03 2.6212708271e+02
5.50000e+01 1.9175567603e+03 6.0833393828e+01
5.60000e+01 1.9489674545e+03 6.0808935121e+01
5.70000e+01 1.9801401798e+03 6.0782398179e+01
5.80000e+01 2.0115821777e+03 6.0752919479e+01
5.90000e+01 2.0427821243e+03 6.0719387852e+01
6.00000e+01 2.0763006289e+03 6.5488747265e+01
6.10000e+01 2.1087649823e+03 5.1736598344e+01
6.20000e+01 2.1409928627e+03 3.2807214233e+02
6.30000e+01 2.1734724622e+03 2.7380738263e+02
6.40000e+01 2.2057164741e+03 6.2975420121e+01
6.50000e+01 2.2394977349e+03 1.8244708121e+02
6.60000e+01 2.2711598243e+03 6.0878760003e+01
6.70000e+01 2.3024044121e+03 6.0862522395e+01
6.80000e+01 2.3338936115e+03 6.0628769857e+01
6.90000e+01 2.3641839761e+03 5.2748059916e+02
7.00000e+01 2.3991729982e+03 1.2205035579e+02
7.10000e+01 2.4355510924e+03 1.2398285566e+02
7.20000e+01 2.4694892133e+03 2.4489214644e+00
7.30000e+01 2.5019916925e+03 1.2414042006e+02
7.40000e+01 2.5393799575e+03 1.2625811570e+02
7.50000e+01 2.5781485351e+03 4.8369559310e+00
7.60000e+01 2.6142248334e+03 9.2886710943e+00
7.70000e+01 2.6488340545e+03 1.2823859952e+02
7.80000e+01 2.6885572747e+03 7.1670740898e+00
7.90000e+01 2.7283746023e+03 3.2547024288e+02
8.00000e+01 2.7677967183e+03 7.6847331232e+01
8.10000e+01 2.8087270728e+03 1.1441159276e+01
8.20000e+01 2.8494130962e+03 3.9527158021e+02
8.30000e+01 2.8901980451e+03 1.4478525036e+02
8.40000e+01 2.9281809247e+03 1.3001694233e+02
8.50000e+01 2.9656622586e+03 2.2346139815e+02
8.60000e+01 3.0061291590e+03 7.8702624760e+01
8.70000e+01 3.0468163907e+03 7.8526205013e+01
8.80000e+01 3.0873336544e+03 7.8498042038e+01
8.90000e+01 3.1267221751e+03 7.6341677025e+01
9.00000e+01 3.1609998743e+03 7.3984151939e+02
9.10000e+01 3.1961263392e+03 1.5468859713e+02
9.20000e+01 3.2340820842e+03 2.5615187098e+00
9.30000e+01 3.2722890784e+03 7.3380349405e+01
9.40000e+01 3.3079928647e+03 2.4023189726e+02
9.50000e+01 3.3423015941e+03 1.5403644183e+02
9.60000e+01 3.3817462351e+03 2.3069892074e+02
9.70000e+01 3.4226127666e+03 7.3122963056e+01
9.80000e+01 3.4632132120e+03 1.4900150965e+02
9.90000e+01 3.5026515887e+03 2.3051807770e+02
1.00000e+02 3.5369552181e+03 1.5455983873e+02
1.01000e+02 3.5711413371e+03 1.5993906887e+02
1.02000e+02 3.6105241030e+03 7.5814624019e+01
1.03000e+02 3.6500567275e+03 7.5833057305e+01
1.04000e+02 3.6892386715e+03 7.5556402339e+01
1.05000e+02 3.7286667370e+03 7.5376286878e+01
1.06000e+02 3.7629647552e+03 7.1144933356e+01
1.07000e+02 3.7971518972e+03 1.5122067831e+02
1.08000e+02 3.8365378172e+03 7.5504886646e+01
1.09000e+02 3.8760719553e+03 7.5535454329e+01
1.10000e+02 3.9104209133e+03 1.5112039744e+02
1.11000e+02 3.9446441345e+03 7.5465460931e+01
1.12000e+02 3.9840610829e+03 7.5490947324e+01
1.13000e+02 4.0236190529e+03 7.5439288271e+01
1.14000e+02 4.0628197478e+03 7.5147595519e+01
1.15000e+02 4.1035544833e+03 7.8257286250e+01
1.16000e+02 4.1440686460e+03 3.0462227919e+02
1.17000e+02 4.1846990830e+03 3.0421335839e+02
1.18000e+02 4.2251494954e+03 7.7315861800e+01
1.19000e+02 4.2644712694e+03 7.4836251955e+01
1.20000e+02 4.2986934839e+03 7.5263251950e+01
1.21000e+02 4.3328128531e+03 1.5038405227e+02
1.22000e+02 4.3721319037e+03 7.7497967803e+01
1.23000e+02 4.4128970263e+03 7.7373231611e+01
1.24000e+02 4.4534135699e+03 7.7361989583e+01
1.25000e+02 4.4940353763e+03 7.7141311397e+01
1.26000e+02 4.5344722330e+03 7.6984483117e+01
1.27000e+02 4.5737783178e+03 7.7404780599e+01
1.28000e+02 4.6127873375e+03 1.5404999762e+02
1.29000e+02 4.6520749606e+03 1.5387748590e+02
1.30000e+02 4.6910825994e+03 7.4071378330e+01
1.31000e+02 4.7316623714e+03 7.6865464290e+01
1.32000e+02 4.7720499745e+03 7.6739345230e+01
1.33000e+02 4.8113175129e+03 7.3977222326e+01
1.34000e+02 4.8502942374e+03 7.3872330804e+01
1.35000e+02 4.8908445481e+03 7.6633144570e+01
1.36000e+02 4.9312074700e+03 7.6531830271e+01
1.37000e+02 4.9704534910e+03 7.3776940971e+01
1.38000e+02 5.0094114513e+03 7.3684399941e+01
1.39000e+02 5.0486541374e+03 7.3607380639e+01
1.40000e+02 5.0828150456e+03 1.5017236196e+02
1.41000e+02 5.1178387228e+03 8.3505699668e+02
1.42000e+02 5.1556912856e+03 1.3935747241e+02
1.43000e+02 5.1925452008e+03 2.3887708894e+00
1.44000e+02 5.2245657005e+03 3.8423786537e+02
1.45000e+02 5.2565296235e+03 4.5056745217e+02
1.46000e+02 5.2934698627e+03 6.9129669983e+01
1.47000e+02 5.3318571498e+03 2.1351038970e+02
1.48000e+02 5.3700249555e+03 7.1744290737e+01
1.49000e+02 5.4070396589e+03 6.9221328579e+01
1.50000e+02 5.4437667746e+03 7.3602306404e+01
1.51000e+02 5.4820504177e+03 7.1568902477e+01
1.52000e+02 5.5201594924e+03 7.1438602516e+01
1.53000e+02 5.5583940132e+03 7.1318041656e+01
1.54000e+02 5.5941026039e+03 8.9796535493e+02
1.55000e+02 5.6293550508e+03 2.8248659499e+02
1.56000e+02 5.6648835650e+03 2.1828542109e+02
1.57000e+02 5.6991912864e+03 1.4493304285e+02
1.58000e+02 5.7337075657e+03 2.8469988797e+02
1.59000e+02 5.7680639515e+03 1.3746523930e+02
1.60000e+02 5.8075905203e+03 1.4554351025e+02
1.61000e+02 5.8485145673e+03 6.8310910419e+01
1.62000e+02 5.8891555578e+03 1.4202123891e+02
1.63000e+02 5.9298790724e+03 7.6057301059e+01
1.64000e+02 5.9678008544e+03 6.6043654162e+01
1.65000e+02 6.0042675537e+03 1.0091705304e+01
1.66000e+02 6.0409172704e+03 7.5865437368e+01
1.67000e+02 6.0773796015e+03 6.7803811864e+01
1.68000e+02 6.1192381538e+03 1.4655582687e+02
1.69000e+02 6.1624988519e+03 2.5371834600e+00
1.70000e+02 6.2026191884e+03 8.0016176163e+01
1.71000e+02 6.2421908921e+03 2.1585441147e+02
1.72000e+02 6.2849594142e+03 8.0643421624e+01
1.73000e+02 6.3279414973e+03 8.0284163237e+01
1.74000e+02 6.3707260950e+03 8.0219954721e+01
1.75000e+02 6.4136387475e+03 8.0070304168e+01
1.76000e+02 6.4563575918e+03 7.9924480453e+01
1.77000e+02 6.4979574691e+03 3.6992111575e+02
1.78000e+02 6.5392437502e+03 1.6215648798e+02
1.79000e+02 6.5808179178e+03 1.6196862184e+02
1.80000e+02 6.6220957496e+03 7.6989416125e+01
1.81000e+02 6.6649573704e+03 7.9793524247e+01
1.82000e+02 6.7076107611e+03 7.9648277116e+01
1.83000e+02 6.7491534700e+03 7.6880967999e+01
1.84000e+02 6.7853785626e+03 1.4148193296e+02
1.85000e+02 6.8214860921e+03 3.1715304767e+02
1.86000e+02 6.8578744723e+03 2.4282863314e+02
1.87000e+02 6.8941245789e+03 6.6560983449e+01
1.88000e+02 6.9357846971e+03 7.7186373404e+01
1.89000e+02 6.9788709821e+03 7.9793293005e+01
1.90000e+02 7.0188501857e+03 3.8318918419e+02
1.91000e+02 7.0582985731e+03 3.8268267877e+02
1.92000e+02 7.1009457561e+03 7.9707291999e+01
1.93000e+02 7.1438173452e+03 1.3213153842e+02
1.94000e+02 7.1836956181e+03 7.3039297273e+01
1.95000e+02 7.2221169132e+03 1.2861969203e+01
1.96000e+02 7.2607439191e+03 1.4187327629e+02
1.97000e+02 7.2991766868e+03 1.3105209486e+02
1.98000e+02 7.3378411798e+03 7.0667409030e+01
1.99000e+02 7.3772622064e+03 7.2938897145e+01
2.00000e+02 7.4169933511e+03 7.2718830054e+01
2.01000e+02 7.4564059625e+03 7.2637696064e+01
2.02000e+02 7.4990510171e+03 1.3199727851e+02
2.03000e+02 7.5419226769e+03 1.4561243989e+02
2.04000e+02 7.5818008720e+03 7.2712108794e+01
2.05000e+02 7.6202219766e+03 7.0585078496e+01
2.06000e+02 7.6642283976e+03 2.8543781517e+02
2.07000e+02 7.7083741313e+03 3.6486458915e+02
2.08000e+02 7.7468582833e+03 7.4620753606e+01
2.09000e+02 7.7851664154e+03 8.3402040958e+01
2.10000e+02 7.8237394113e+03 7.9120881607e+01
2.11000e+02 7.8621343505e+03 7.0159687298e+01
2.12000e+02 7.9007691991e+03 7.0151380325e+01
2.13000e+02 7.9401655104e+03 7.2623096604e+01
2.14000e+02 7.9828032297e+03 2.2686770438e+02
2.15000e+02 8.0244071473e+03 1.3761229313e+02
2.16000e+02 8.0656909403e+03 2.1616026509e+02
2.17000e+02 8.1085508212e+03 1.6016332022e+02
2.18000e+02 8.1483862877e+03 1.4907883663e+02
2.19000e+02 8.1877264789e+03 1.4887363768e+02
2.20000e+02 8.2273658129e+03 7.1957539771e+01
2.21000e+02 8.2657504776e+03 1.4586095013e+02
2.22000e+02 8.3043654571e+03 1.4569522007e+02
2.23000e+02 8.3437468467e+03 7.1926780586e+01
2.24000e+02 8.3834443843e+03 7.3619620602e+01
2.25000e+02 8.4228267686e+03 7.3546995715e+01
2.26000e+02 8.4654424646e+03 1.3745265763e+02
2.27000e+02 8.5070334696e+03 1.4553661215e+02
2.28000e+02 8.5483085808e+03 1.4538239375e+02
2.29000e+02 8.5898672968e+03 7.5445193235e+01
2.30000e+02 8.6261012372e+03 6.9385846540e+01
2.31000e+02 8.6622198440e+03 1.4297095342e+02
2.32000e+02 8.7037668841e+03 7.5641676966e+01
2.33000e+02 8.7454783194e+03 7.5718754590e+01
2.34000e+02 8.7817926037e+03 7.1141440721e+01
2.35000e+02 8.8179693924e+03 7.5624217171e+01
2.36000e+02 8.8595661854e+03 7.5692788669e+01
2.37000e+02 8.9026075747e+03 2.0700714699e+02
2.38000e+02 8.9425542960e+03 2.1862575910e+02
2.39000e+02 8.9810230360e+03 7.7909047269e+01
2.40000e+02 9.0250667620e+03 2.4469330439e+00
2.41000e+02 9.0705298085e+03 2.2082879049e+02
2.42000e+02 9.1156721977e+03 3.7105505854e+02
2.43000e+02 9.1596601973e+03 8.0338146275e+01
2.44000e+02 9.2032838696e+03 7.9837754379e+01
2.45000e+02 9.2471839004e+03 7.9669947844e+01
2.46000e+02 9.2855204165e+03 1.5540196300e+02
2.47000e+02 9.3237129117e+03 8.1926157826e+01
2.48000e+02 9.3621907485e+03 8.1985552371e+01
2.49000e+02 9.4005068208e+03 6.8797448876e+01
2.50000e+02 9.4390735271e+03 6.8817520942e+01
2.51000e+02 9.4774520659e+03 6.8811169945e+01
2.52000e+02 9.5160663531e+03 6.8789939573e+01
2.53000e+02 9.5544814223e+03 6.8757679998e+01
2.54000e+02 9.5985212268e+03 8.0006410155e+01
2.55000e+02 9.6426809414e+03 2.0640340864e+02
2.56000e+02 9.6864237206e+03 2.0589997983e+02
2.57000e+02 9.7304116996e+03 7.9305023168e+01
2.58000e+02 9.7688026893e+03 6.8465624915e+01
2.59000e+02 9.8070372051e+03 7.9296205476e+01
2.60000e+02 9.8509229922e+03 7.9368726085e+01
2.61000e+02 9.8962607378e+03 8.2641135690e+01
2.62000e+02 9.9382720827e+03 4.4711683525e+02
2.63000e+02 9.9797359656e+03 6.6715835033e+02
2.64000e+02 1.0024627754e+04 3.7289570274e+02
2.65000e+02 1.0068500363e+04 7.9173987042e+01
2.66000e+02 1.0112037409e+04 7.8746072220e+01
2.67000e+02 1.0155865585e+04 7.8622893933e+01
2.68000e+02 1.0199374541e+04 7.8516180505e+01
2.69000e+02 1.0244472020e+04 3.7228254003e+02
2.70000e+02 1.0289339343e+04 1.5761461891e+02
2.71000e+02 1.0333104959e+04 7.8375103830e+01
2.72000e+02 1.0376545683e+04 7.8228497033e+01
2.73000e+02 1.0421581293e+04 1.5739513595e+02
2.74000e+02 1.0466395868e+04 8.0868356344e+01
2.75000e+02 1.0511369755e+04 8.0725765084e+01
2.76000e+02 1.0553152996e+04 7.4601186758e+01
2.77000e+02 1.0594426207e+04 2.4667334546e+02
2.78000e+02 1.0636019374e+04 2.4623659744e+02
2.79000e+02 1.0676352355e+04 3.1664308226e+02
2.80000e+02 1.0716935718e+04 4.0266524430e+02
2.81000e+02 1.0757317971e+04 7.6687635130e+01
2.82000e+02 1.0803553898e+04 8.6064618263e+01
2.83000e+02 1.0851216918e+04 7.6342062293e+01
2.84000e+02 1.0898545123e+04 1.5942438999e+02
2.85000e+02 1.0945983793e+04 8.5387686016e+01
2.86000e+02 1.0993175674e+04 8.5165974025e+01
2.87000e+02 1.1039256737e+04 1.6644426923e+02
2.88000e+02 1.1084984437e+04 1.6105979250e+02
2.89000e+02 1.1131015206e+04 1.6084843853e+02
2.90000e+02 1.1176717948e+04 8.2103022655e+01
2.91000e+02 1.1222729284e+04 8.2001485966e+01
2.92000e+02 1.1268414287e+04 8.1901745966e+01
2.93000e+02 1.1314409823e+04 8.1804044823e+01
2.94000e+02 1.1360080374e+04 8.1707787506e+01
2.95000e+02 1.1407357668e+04 8.4919431874e+01
2.96000e+02 1.1451174859e+04 7.3905448538e+01
2.97000e+02 1.1493518565e+04 4.1766721958e+02
2.98000e+02 1.1541903421e+04 2.7143056687e+00
2.99000e+02 1.1590453861e+04 8.6892574891e+01
3.00000e+02 1.1638575968e+04 8.6542932808e+01
3.01000e+02 1.1686974057e+04 8.6304039769e+01
3.02000e+02 1.1734999584e+04 8.6121155701e+01
3.03000e+02 1.1784622769e+04 2.3458910305e+00
3.04000e+02 1.1830541524e+04 4.1935111620e+02
3.05000e+02 1.1875907223e+04 5.7050872595e+02
3.06000e+02 1.1921611709e+04 8.0792971460e+01
3.07000e+02 1.1966018970e+04 1.7726657058e+02
3.08000e+02 1.2016723860e+04 2.6793632449e+00
3.09000e+02 1.2067591615e+04 9.1181384196e+01
3.10000e+02 1.2112124417e+04 6.6996971980e+02
3.11000e+02 1.2157381171e+04 8.0603233249e+01
3.12000e+02 1.2203027300e+04 9.6023706500e+01
3.13000e+02 1.2248344204e+04 9.5987832023e+01
3.14000e+02 1.2297587722e+04 5.1193496413e+02
3.15000e+02 1.2347097947e+04 5.1131006998e+02
3.16000e+02 1.2396382129e+04 8.8134154013e+01
3.17000e+02 1.2445839210e+04 8.7992875843e+01
3.18000e+02 1.2495071475e+04 8.7852966738e+01
3.19000e+02 1.2544482382e+04 8.7718938390e+01
3.20000e+02 1.2590267215e+04 8.0471115267e+01
3.21000e+02 1.2634556796e+04 7.8273287861e+01
3.22000e+02 1.2679106898e+04 8.0349710868e+01
3.23000e+02 1.2723434239e+04 8.0307121095e+01
3.24000e+02 1.2774069048e+04 3.5464971451e+02
3.25000e+02 1.2826156550e+04 2.6765954649e+00
3.26000e+02 1.2874228420e+04 8.0376454442e+01
3.27000e+02 1.2921688859e+04 1.9066737357e+02
3.28000e+02 1.2969477208e+04 1.1210376797e+02
3.29000e+02 1.3015936568e+04 2.0044343838e+02
3.30000e+02 1.3068913848e+04 5.0163902499e+00
3.31000e+02 1.3123348872e+04 8.6502070819e+01
3.32000e+02 1.3173527767e+04 9.0246251971e+01
3.33000e+02 1.3222113327e+04 7.1375739249e+00
3.34000e+02 1.3270944922e+04 2.8974434218e+02
3.35000e+02 1.3319491200e+04 8.6092522259e+01
3.36000e+02 1.3368323525e+04 8.6007160122e+01
3.37000e+02 1.3416869606e+04 8.5920954904e+01
3.38000e+02 1.3472174433e+04 8.8743115871e+01
3.39000e+02 1.3527630391e+04 5.3594759869e+02
3.40000e+02 1.3576274086e+04 8.5646404395e+01
3.41000e+02 1.3624634974e+04 8.5375565499e+01
3.42000e+02 1.3673321484e+04 8.5333004075e+01
3.43000e+02 1.3722712803e+04 1.7624143379e+02
3.44000e+02 1.3772490573e+04 2.6386096551e+02
3.45000e+02 1.3820930747e+04 8.5326957153e+01
3.46000e+02 1.3869659255e+04 8.5283628062e+01
3.47000e+02 1.3919076136e+04 2.6362266650e+02
3.48000e+02 1.3972866063e+04 3.6397093943e+02
3.49000e+02 1.4026916775e+04 3.5336879798e+02
3.50000e+02 1.4076854108e+04 8.7466003165e+01
3.51000e+02 1.4125239268e+04 8.5143330405e+01
3.52000e+02 1.4180340356e+04 3.5281168998e+02
3.53000e+02 1.4235626518e+04 2.6889049730e+02
3.54000e+02 1.4284141410e+04 8.4844571592e+01
3.55000e+02 1.4332389244e+04 8.4622401008e+01
3.56000e+02 1.4387414733e+04 9.8223149709e+01
3.57000e+02 1.4442640613e+04 9.8064644682e+01
3.58000e+02 1.4491108885e+04 8.4491158390e+01
3.59000e+02 1.4539317331e+04 8.4367279576e+01
3.60000e+02 1.4587866348e+04 8.4363657319e+01
3.61000e+02 1.4636175223e+04 8.4379722773e+01
3.62000e+02 1.4691250149e+04 9.8016016491e+01
3.63000e+02 1.4746501016e+04 1.4229222858e+02
3.64000e+02 1.4794977734e+04 8.4223043612e+01
3.65000e+02 1.4843187864e+04 8.4040074911e+01
3.66000e+02 1.4898172710e+04 1.4205985700e+02
3.67000e+02 1.4954655408e+04 8.9810522640e+01
3.68000e+02 1.5010753775e+04 5.1104656389e+02
3.69000e+02 1.5067013696e+04 3.4863351330e+02
3.70000e+02 1.5118940494e+04 4.2205491065e+02
3.71000e+02 1.5169295549e+04 1.5574661364e+01
3.72000e+02 1.5226586578e+04 1.0189651012e+02
3.73000e+02 1.5285373129e+04 7.5303195361e+01
3.74000e+02 1.5343751231e+04 1.7709795433e+02
3.75000e+02 1.5402294917e+04 1.0390142624e+02
3.76000e+02 1.5456275290e+04 1.7612661404e+01
3.77000e+02 1.5508662178e+04 1.0382644718e+02
3.78000e+02 1.5568212991e+04 1.8128520031e+02
3.79000e+02 1.5627970633e+04 3.8497386086e+02
3.80000e+02 1.5680513257e+04 2.0730364901e+02
3.81000e+02 1.5732752057e+04 1.8095582659e+02
3.82000e+02 1.5785353608e+04 1.8083379742e+02
3.83000e+02 1.5837684495e+04 9.1513131607e+01
3.84000e+02 1.5897233804e+04 1.0597163887e+02
3.85000e+02 1.5958273014e+04 2.4955235476e+00
3.86000e+02 1.6018876248e+04 2.1199579940e+02
3.87000e+02 1.6079648646e+04 2.1151699215e+02
3.88000e+02 1.6140086933e+04 1.0766041335e+02
3.89000e+02 1.6199483641e+04 1.0550473175e+02
3.90000e+02 1.6258437056e+04 1.0722946728e+02
3.91000e+02 1.6317759401e+04 1.0704787508e+02
3.92000e+02 1.6370008789e+04 9.1069455994e+01
3.93000e+02 1.6422004873e+04 1.2123205805e+02
3.94000e+02 1.6481240375e+04 1.0479677968e+02
3.95000e+02 1.6540725392e+04 1.0485465555e+02
3.96000e+02 1.6593049219e+04 1.2118526416e+02
3.97000e+02 1.6646051278e+04 9.3607741804e+02
3.98000e+02 1.6703906174e+04 2.0668110348e+02
3.99000e+02 1.6760846061e+04 2.5451304907e+00
4.00000e+02 1.6817385225e+04 9.9510877903e+01
4.01000e+02 1.6874298764e+04 9.9385019405e+01
4.02000e+02 1.6930828921e+04 9.9276627419e+01
4.03000e+02 1.6989032862e+04 3.1145871794e+02
4.04000e+02 1.7046935851e+04 1.0193085858e+02
4.05000e+02 1.7103819397e+04 9.9147357261e+01
4.06000e+02 1.7153871945e+04 2.1559354611e-01
4.07000e+02 1.7203697462e+04 3.0111013286e+02
4.08000e+02 1.7260526673e+04 9.9347264459e+01
4.09000e+02 1.7317605431e+04 9.9443129015e+01
4.10000e+02 1.7374231314e+04 9.9140356947e+01
4.11000e+02 1.7431199129e+04 9.8930274943e+01
4.12000e+02 1.7487761460e+04 9.8767792360e+01
4.13000e+02 1.7544683616e+04 9.8623364857e+01
4.14000e+02 1.7601213233e+04 9.8492027973e+01
4.15000e+02 1.7658109650e+04 9.8367796896e+01
4.16000e+02 1.7714618711e+04 9.8248873788e+01
4.17000e+02 1.7772798763e+04 1.0180503832e+02
4.18000e+02 1.7826443525e+04 7.9750334837e+02
4.19000e+02 1.7878537369e+04 4.9577064640e+02
4.20000e+02 1.7937791155e+04 2.7447247052e+00
4.21000e+02 1.7998566071e+04 8.5111560772e+01
4.22000e+02 1.8058931307e+04 4.9133994150e+02
4.23000e+02 1.8118235778e+04 1.0330065912e+02
4.24000e+02 1.8177085831e+04 1.0279362507e+02
4.25000e+02 1.8236298813e+04 1.0259934245e+02
4.26000e+02 1.8288446578e+04 7.9569224285e+02
4.27000e+02 1.8340341466e+04 1.0523385630e+02
4.28000e+02 1.8392631251e+04 1.0527064316e+02
4.29000e+02 1.8445638108e+04 7.9915674943e+02
4.30000e+02 1.8503474693e+04 2.0316545027e+02
4.31000e+02 1.8560373777e+04 8.6223175838e+01
4.32000e+02 1.8616858967e+04 1.8626883342e+02
4.33000e+02 1.8675009786e+04 6.0867009259e+02
4.34000e+02 1.8728627287e+04 6.0037623687e+02
4.35000e+02 1.8780691855e+04 1.8625224429e+02
4.36000e+02 1.8833075546e+04 1.8615989773e+02
4.37000e+02 1.8886148038e+04 2.0302792024e+02
4.38000e+02 1.8944035870e+04 1.0027055555e+02
4.39000e+02 1.9000974482e+04 1.8601326585e+02
4.40000e+02 1.9057490149e+04 1.8585772841e+02
4.41000e+02 1.9114366454e+04 9.7181316595e+01
4.42000e+02 1.9170849892e+04 9.7051907528e+01
4.43000e+02 1.9227701159e+04 9.6929817032e+01
4.44000e+02 1.9277726474e+04 2.3583761869e+00
4.45000e+02 1.9328480489e+04 9.7851807800e+01
4.46000e+02 1.9379704705e+04 1.9781750698e+02
4.47000e+02 1.9430597025e+04 8.6069380537e+01
4.48000e+02 1.9481922279e+04 8.6084348402e+01
4.49000e+02 1.9531938316e+04 2.8057819511e+02
4.50000e+02 1.9588912998e+04 9.7324130329e+01
4.51000e+02 1.9646093306e+04 9.7555848162e+01
4.52000e+02 1.9696319906e+04 2.8049890253e+02
4.53000e+02 1.9746274487e+04 9.7165349621e+01
4.54000e+02 1.9796585614e+04 9.7152711379e+01
4.55000e+02 1.9847608941e+04 8.6129270524e+01
4.56000e+02 1.9903219602e+04 4.6084304034e+02
4.57000e+02 1.9957872559e+04 8.0965308211e+01
4.58000e+02 2.0005886055e+04 2.2976316246e+00
4.59000e+02 2.0054639453e+04 2.8618292919e+02
4.60000e+02 2.0103843402e+04 3.6981858320e+02
4.61000e+02 2.0151772164e+04 7.9171507217e+01
4.62000e+02 2.0200027799e+04 9.4944336495e+01
4.63000e+02 2.0248048200e+04 9.4941030069e+01
4.64000e+02 2.0296385626e+04 7.9318018722e+01
4.65000e+02 2.0345427833e+04 8.1284715629e+01
4.66000e+02 2.0394858092e+04 8.1429741151e+01
4.67000e+02 2.0442960309e+04 7.9320517652e+01
4.68000e+02 2.0497784793e+04 1.7619243656e+02
4.69000e+02 2.0554084856e+04 7.2104594502e+02
4.70000e+02 2.0609990000e+04 2.5749917070e+02
4.71000e+02 2.0666049134e+04 9.4656525156e+01
4.72000e+02 2.0717792381e+04 7.9586980637e+01
4.73000e+02 2.0767963848e+04 2.0692502447e+00
4.74000e+02 2.0825051264e+04 2.7314514525e+02
4.75000e+02 2.0883634045e+04 2.5236467909e+00
4.76000e+02 2.0937558856e+04 4.2487451640e+00
4.77000e+02 2.0989869204e+04 1.9574170713e+02
4.78000e+02 2.1049318807e+04 4.8833100099e+00
4.79000e+02 2.1108960372e+04 3.7526261950e+02
4.80000e+02 2.1161389043e+04 2.8094558795e+02
4.81000e+02 2.1213509296e+04 8.6871720573e+01
4.82000e+02 2.1265987742e+04 8.6834624648e+01
4.83000e+02 2.1319153076e+04 1.8036889193e+02
4.84000e+02 2.1372736561e+04 2.8198948849e+02
4.85000e+02 2.1424962853e+04 8.6853829131e+01
4.86000e+02 2.1477507868e+04 8.6833544806e+01
4.87000e+02 2.1529759965e+04 8.6772515794e+01
4.88000e+02 2.1582334387e+04 8.6715149169e+01
4.89000e+02 2.1634606777e+04 8.6648728184e+01
4.90000e+02 2.1694071225e+04 1.0149886639e+02
4.91000e+02 2.1753712655e+04 3.4230618903e+02
4.92000e+02 2.1806129576e+04 8.6404578937e+01
4.93000e+02 2.1859194404e+04 2.7046142975e+02
4.94000e+02 2.1917090322e+04 5.4252166892e+02
4.95000e+02 2.1974051178e+04 8.3637601109e+01
4.96000e+02 2.2024147548e+04 2.3205509031e+00
4.97000e+02 2.2074008346e+04 8.1588350457e+01
4.98000e+02 2.2124248482e+04 8.1650527968e+01
4.99000e+02 2.2175217756e+04 2.6932165790e+02
5.00000e+02 2.2230781858e+04 8.1222147578e+01
5.01000e+02 2.2285396460e+04 7.6904393169e+01
5.02000e+02 2.2339613058e+04 4.9709748469e+02
5.03000e+02 2.2394184353e+04 9.0079301317e+01
5.04000e+02 2.2442154032e+04 1.3967821611e+01
5.05000e+02 2.2489915753e+04 1.6959240915e+02
5.06000e+02 2.2538049846e+04 1.5334895210e+02
5.07000e+02 2.2585974895e+04 7.7190177784e+01
5.08000e+02 2.2634233081e+04 7.7237079626e+01
5.09000e+02 2.2683208703e+04 7.9147273516e+01
5.10000e+02 2.2732580724e+04 5.8384590099e+02
5.11000e+02 2.2780632079e+04 7.7286147620e+01
5.12000e+02 2.2828982327e+04 7.7300924146e+01
5.13000e+02 2.2878036170e+04 2.3078213878e+02
5.14000e+02 2.2927475946e+04 7.9389711416e+01
5.15000e+02 2.2976538721e+04 7.9319253615e+01
5.16000e+02 2.3025983895e+04 7.9245332954e+01
5.17000e+02 2.3074102008e+04 7.7290381381e+01
5.18000e+02 2.3122513296e+04 8.1414070124e+01
5.19000e+02 2.3171622369e+04 7.9212385153e+01
5.20000e+02 2.3225078402e+04 1.6470864168e+02
5.21000e+02 2.3278801396e+04 1.0074406127e+03
5.22000e+02 2.3328449362e+04 7.9335964511e+01
5.23000e+02 2.3376554409e+04 8.1319590069e+01
5.24000e+02 2.3431351131e+04 4.0318394129e+02
5.25000e+02 2.3487635262e+04 8.1817765241e+01
5.26000e+02 2.3539493367e+04 2.2101386226e+00
5.27000e+02 2.3590709717e+04 8.3571834964e+01
5.28000e+02 2.3646459045e+04 3.9664383635e+02
5.29000e+02 2.3701240167e+04 4.0299058426e+02
5.30000e+02 2.3749363022e+04 1.6233300292e+02
5.31000e+02 2.3797258023e+04 1.6196062362e+02
5.32000e+02 2.3845512548e+04 7.6407228413e+01
5.33000e+02 2.3894503732e+04 8.7921075103e+01
5.34000e+02 2.3947860582e+04 5.8445745584e+00
5.35000e+02 2.4000254171e+04 1.4607617097e+02
5.36000e+02 2.4052263986e+04 2.3311618736e+02
5.37000e+02 2.4104616688e+04 8.4378479299e+01
5.38000e+02 2.4150585205e+04 9.2715879097e+00
5.39000e+02 2.4197318697e+04 3.5810371752e+00
5.40000e+02 2.4248217498e+04 2.2776614712e+02
5.41000e+02 2.4299436446e+04 3.2066609801e+02
5.42000e+02 2.4350453799e+04 8.2002735453e+01
5.43000e+02 2.4401680200e+04 8.1928185562e+01
5.44000e+02 2.4452694164e+04 8.1842869099e+01
5.45000e+02 2.4503915054e+04 8.1755515417e+01
5.46000e+02 2.4551343001e+04 1.7046871500e+02
5.47000e+02 2.4598227414e+04 3.9137106210e+02
5.48000e+02 2.4649208561e+04 8.1640941944e+01
5.49000e+02 2.4700490780e+04 8.1620630106e+01
5.50000e+02 2.4751558591e+04 8.1625674128e+01
5.51000e+02 2.4802827075e+04 8.1530313009e+01
5.52000e+02 2.4850291908e+04 3.9101657796e+02
5.53000e+02 2.4897208290e+04 1.6313531762e+02
5.54000e+02 2.4944493766e+04 1.6279282507e+02
5.55000e+02 2.4991444705e+04 7.3279936041e+01
5.56000e+02 2.5038782553e+04 7.3259028210e+01
5.57000e+02 2.5085778841e+04 7.3231118615e+01
5.58000e+02 2.5133155588e+04 7.3196785513e+01
5.59000e+02 2.5180184178e+04 7.3155891003e+01
5.60000e+02 2.5231331504e+04 8.1528297541e+01
5.61000e+02 2.5281505022e+04 2.1791835406e+00
5.62000e+02 2.5331307454e+04 4.9047871149e+02
5.63000e+02 2.5382736885e+04 2.1971568452e+02
5.64000e+02 2.5433902703e+04 2.1951446027e+02
5.65000e+02 2.5484007282e+04 4.8991929421e+02
5.66000e+02 2.5527947782e+04 7.7494859068e+02
5.67000e+02 2.5572665946e+04 7.8876551268e+01
5.68000e+02 2.5621321469e+04 2.5102942032e+00
5.69000e+02 2.5670289690e+04 7.6217983946e+01
5.70000e+02 2.5719074055e+04 7.6270608348e+01
5.71000e+02 2.5768059238e+04 7.6211298860e+01
5.72000e+02 2.5816847663e+04 7.6139147481e+01
5.73000e+02 2.5864579908e+04 2.0665602418e+02
5.74000e+02 2.5906399176e+04 7.6676442985e+01
5.75000e+02 2.5949025571e+04 1.4765779339e+02
5.76000e+02 2.5995362403e+04 2.4515936583e+00
5.77000e+02 2.6042009468e+04 7.1275749024e+01
5.78000e+02 2.6085329020e+04 2.9533335149e+02
5.79000e+02 2.6128154721e+04 6.4300784497e+01
5.80000e+02 2.6174624616e+04 7.1337535901e+01
5.81000e+02 2.6220126665e+04 7.4369570754e+01
5.82000e+02 2.6259928842e+04 2.0972952839e+02
5.83000e+02 2.6299603993e+04 1.1376664953e+03
5.84000e+02 2.6345135409e+04 4.3870627901e+02
5.85000e+02 2.6392159242e+04 7.1642966279e+01
5.86000e+02 2.6438903506e+04 7.1845692969e+01
5.87000e+02 2.6485794056e+04 7.1640564204e+01
5.88000e+02 2.6532472836e+04 7.1503440472e+01
5.89000e+02 2.6578064732e+04 2.0960964509e+02
5.90000e+02 2.6617944195e+04 5.7527617408e+01
5.91000e+02 2.6658637354e+04 1.4578881974e+02
5.92000e+02 2.6702809438e+04 2.5066966621e+00
5.93000e+02 2.6747275982e+04 6.6503741247e+01
5.94000e+02 2.6788628385e+04 2.0791236554e+02
5.95000e+02 2.6829499751e+04 5.9961297385e+01
5.96000e+02 2.6870705032e+04 5.9754214422e+01
5.97000e+02 2.6910666194e+04 5.7756100600e+01
5.98000e+02 2.6956443178e+04 2.0982305270e+02
5.99000e+02 2.7003673837e+04 1.2474585584e+02
6.00000e+02 2.7047388052e+04 2.5089332294e+00
6.01000e+02 2.7089589541e+04 9.7503115889e+01
6.02000e+02 2.7132010611e+04 1.5764556393e+02
6.03000e+02 2.7175162738e+04 6.4481645994e+01
6.04000e+02 2.7221981264e+04 1.9370478980e+02
6.05000e+02 2.7269038288e+04 7.1355708424e+01
6.06000e+02 2.7312683847e+04 6.4348509214e+01
6.07000e+02 2.7355793288e+04 6.8980234047e+01
6.08000e+02 2.7402542087e+04 7.1214624692e+01
6.09000e+02 2.7448297827e+04 2.1512185294e+02
6.10000e+02 2.7493718712e+04 1.9554936400e+02
6.11000e+02 2.7540745812e+04 7.1113486649e+01
6.12000e+02 2.7584340981e+04 6.8860862770e+01
6.13000e+02 2.7626464988e+04 1.9527633300e+02
6.14000e+02 2.7674608244e+04 7.3764743692e+01
6.15000e+02 2.7724211456e+04 2.5761116446e+00
6.16000e+02 2.7770058766e+04 7.1014702205e+01
6.17000e+02 2.7814369917e+04 7.5878122521e+01
6.18000e+02 2.7858910859e+04 2.7300317224e+02
6.19000e+02 2.7904164695e+04 1.3714132582e+02
6.20000e+02 2.7953318766e+04 7.6021180482e+01
6.21000e+02 2.8002716963e+04 7.5740145080e+01
6.22000e+02 2.8051876486e+04 7.5669857758e+01
6.23000e+02 2.8101199710e+04 7.5519214824e+01
6.24000e+02 2.8150292869e+04 7.5377331460e+01
6.25000e+02 2.8198305708e+04 2.7498726798e+02
6.26000e+02 2.8245967947e+04 1.5320061946e+02
6.27000e+02 2.8293954209e+04 8.7110336689e+01
6.28000e+02 2.8341610559e+04 7.2457078328e+01
6.29000e+02 2.8389592938e+04 7.2380738295e+01
6.30000e+02 2.8437244316e+04 7.2303384630e+01
6.31000e+02 2.8486518241e+04 7.5252655174e+01
6.32000e+02 2.8532139542e+04 7.5576234776e+01
6.33000e+02 2.8577228182e+04 1.6282258414e+02
6.34000e+02 2.8622666043e+04 1.5491570160e+02
6.35000e+02 2.8666821174e+04 2.9750710138e+02
6.36000e+02 2.8717256140e+04 2.7835896684e+00
6.37000e+02 2.8769154921e+04 6.9898518608e+01
6.38000e+02 2.8817062981e+04 1.4458065118e+02
6.39000e+02 2.8863412536e+04 4.9752299441e+00
6.40000e+02 2.8916225766e+04 2.6129608742e+00
6.41000e+02 2.8969201280e+04 8.2615370075e+01
6.42000e+02 2.9021699880e+04 8.1983427485e+01
6.43000e+02 2.9074481466e+04 8.1707516544e+01
6.44000e+02 2.9120796777e+04 3.0395421814e+02
6.45000e+02 2.9167841666e+04 2.1366598375e+02
6.46000e+02 2.9215302571e+04 7.0894709826e+01
6.47000e+02 2.9262433842e+04 7.0910197025e+01
6.48000e+02 2.9309952045e+04 7.0896585361e+01
6.49000e+02 2.9357123165e+04 7.0865537676e+01
6.50000e+02 2.9404671011e+04 7.0824314427e+01
6.51000e+02 2.9450910020e+04 8.4401246473e+01
6.52000e+02 2.9497430440e+04 2.0821067899e+02
6.53000e+02 2.9543702554e+04 1.9264062240e+02
6.54000e+02 2.9590257975e+04 6.8794259175e+01
6.55000e+02 2.9637515208e+04 7.0839602821e+01
6.56000e+02 2.9688901568e+04 3.1122308982e+02
6.57000e+02 2.9739289922e+04 2.5893975086e+02
6.58000e+02 2.9783450107e+04 3.8573074344e-01
6.59000e+02 2.9828373666e+04 2.3336741703e+00
6.60000e+02 2.9873710754e+04 6.6548500259e+01
6.61000e+02 2.9918742524e+04 6.6590162309e+01
6.62000e+02 2.9967687437e+04 2.5623936510e+02
6.63000e+02 3.0016911697e+04 4.9694680868e+02
6.64000e+02 3.0065923913e+04 7.3912485928e+01
6.65000e+02 3.0113864057e+04 2.8335547467e+00
6.66000e+02 3.0155853929e+04 6.2021918455e+01
6.67000e+02 3.0197683822e+04 1.2585779576e+02
6.68000e+02 3.0239843383e+04 5.9699889991e+01
6.69000e+02 3.0281833620e+04 5.9800533562e+01
6.70000e+02 3.0324115188e+04 5.9862740265e+01
6.71000e+02 3.0367154975e+04 1.4814690378e+02
6.72000e+02 3.0410550842e+04 2.1225927354e+02
6.73000e+02 3.0452667470e+04 5.9929268484e+01
6.74000e+02 3.0495043592e+04 5.9963892877e+01
6.75000e+02 3.0537204956e+04 5.9948665082e+01
6.76000e+02 3.0585426376e+04 4.0987462457e+02
6.77000e+02 3.0633791509e+04 2.4173188175e+02
6.78000e+02 3.0676066021e+04 5.9787106068e+01
6.79000e+02 3.0718130090e+04 5.9630024552e+01
6.80000e+02 3.0766272313e+04 1.6473504697e+02
6.81000e+02 3.0814586297e+04 7.1729381745e+01
6.82000e+02 3.0856831976e+04 5.9541560839e+01
6.83000e+02 3.0899834088e+04 6.1870453531e+01
6.84000e+02 3.0946540071e+04 2.3416566448e+02
6.85000e+02 3.0993520628e+04 3.0552636872e+02
6.86000e+02 3.1040309508e+04 6.8831843070e+01
6.87000e+02 3.1087270662e+04 6.8743608817e+01
6.88000e+02 3.1130848202e+04 1.5078229932e+02
6.89000e+02 3.1172952948e+04 5.9522696239e+01
6.90000e+02 3.1215305167e+04 5.9569714316e+01
6.91000e+02 3.1257452247e+04 5.9552478720e+01
6.92000e+02 3.1299869422e+04 5.9557882217e+01
6.93000e+02 3.1343027982e+04 2.4094282959e+02
6.94000e+02 3.1389862383e+04 6.8720385755e+01
6.95000e+02 3.1435687317e+04 1.6394822679e+02
6.96000e+02 3.1481166254e+04 2.3277864416e+02
6.97000e+02 3.1528246077e+04 6.8770334867e+01
6.98000e+02 3.1575088231e+04 6.8709317083e+01
6.99000e+02 3.1622095200e+04 6.8567753112e+01
7.00000e+02 3.1665708699e+04 1.5194580211e+02
7.01000e+02 3.1708797449e+04 1.3722246292e+02
7.02000e+02 3.1752219403e+04 1.3689369604e+02
7.03000e+02 3.1795323914e+04 6.1119281641e+01
7.04000e+02 3.1838781408e+04 6.1093702357e+01
7.05000e+02 3.1880963619e+04 1.2564204439e+02
7.06000e+02 3.1929199989e+04 1.1359771586e+02
7.07000e+02 3.1978885992e+04 1.2481516251e+02
7.08000e+02 3.2024801096e+04 2.4576095701e+00
7.09000e+02 3.2070125095e+04 6.5707248856e+01
7.10000e+02 3.2115764235e+04 6.5365577843e+01
7.11000e+02 3.2161044527e+04 6.5256504498e+01
7.12000e+02 3.2210222934e+04 1.9552578684e+02
7.13000e+02 3.2259655087e+04 7.2940281894e+01
7.14000e+02 3.2308852543e+04 7.2886389818e+01
7.15000e+02 3.2356961613e+04 1.8187684342e+02
7.16000e+02 3.2399092040e+04 3.6164318682e+02
7.17000e+02 3.2441049953e+04 2.9494865683e+02
7.18000e+02 3.2483329621e+04 5.8389416865e+01
7.19000e+02 3.2526388664e+04 7.6031022108e+01
7.20000e+02 3.2573142813e+04 2.4433063607e+00
7.21000e+02 3.2618906955e+04 2.3767493493e+02
7.22000e+02 3.2664340036e+04 3.0548865515e+02
7.23000e+02 3.2711383841e+04 6.7984293414e+01
7.24000e+02 3.2758198357e+04 1.1079462199e+02
7.25000e+02 3.2805183871e+04 1.1062553587e+02
7.26000e+02 3.2848781967e+04 1.3910519491e+02
7.27000e+02 3.2891858604e+04 1.0826055858e+02
7.28000e+02 3.2938587029e+04 6.7610872864e+01
7.29000e+02 3.2984334995e+04 6.5147126794e+01
7.30000e+02 3.3024349064e+04 1.2360151587e+02
7.31000e+02 3.3064223982e+04 1.7972594622e+02
7.32000e+02 3.3109967305e+04 6.8007205798e+01
7.33000e+02 3.3157195952e+04 6.7786395656e+01
7.34000e+02 3.3200924536e+04 1.6196189217e+02
7.35000e+02 3.3243154675e+04 1.1979807818e+01
7.36000e+02 3.3291400085e+04 7.0220696979e+01
7.37000e+02 3.3341094641e+04 4.9193430364e+01
7.38000e+02 3.3387018004e+04 1.4162606714e+01
7.39000e+02 3.3432350723e+04 1.3067531099e+02
7.40000e+02 3.3477999169e+04 6.4622785172e+01
7.41000e+02 3.3522335467e+04 7.2256635378e+01
7.42000e+02 3.3572949778e+04 5.1513138102e+01
7.43000e+02 3.3625011973e+04 8.1074245311e+01
7.44000e+02 3.3676703457e+04 2.0281907714e+02
7.45000e+02 3.3728523333e+04 7.6939810488e+01
7.46000e+02 3.3780064529e+04 7.6712582240e+01
7.47000e+02 3.3830515753e+04 1.9425455695e+02
7.48000e+02 3.3880581174e+04 1.5730715139e+02
7.49000e+02 3.3932266341e+04 7.6501161129e+01
7.50000e+02 3.3983679671e+04 7.6296794261e+01
7.51000e+02 3.4035278877e+04 7.6134535708e+01
7.52000e+02 3.4083029462e+04 9.3888158339e+00
7.53000e+02 3.4130216738e+04 2.9645121577e+02
7.54000e+02 3.4177764102e+04 2.8866486682e+02
7.55000e+02 3.4224964879e+04 6.7730632824e+01
7.56000e+02 3.4272544739e+04 6.7695398068e+01
7.57000e+02 3.4318819070e+04 2.1054950194e+02
7.58000e+02 3.4371608052e+04 1.5520662254e+02
7.59000e+02 3.4424569412e+04 3.1471139700e+02
7.60000e+02 3.4470987049e+04 5.0076586970e+02
7.61000e+02 3.4517156518e+04 2.1177371012e+02
7.62000e+02 3.4563647470e+04 6.5443213582e+01
7.63000e+02 3.4609908391e+04 6.5469222415e+01
7.64000e+02 3.4662700149e+04 7.8642830265e+01
7.65000e+02 3.4716952969e+04 1.3799845025e+02
7.66000e+02 3.4770823029e+04 2.1637558176e+02
7.67000e+02 3.4823583333e+04 1.2200387002e+02
7.68000e+02 3.4869876268e+04 6.5205737303e+01
7.69000e+02 3.4915942788e+04 6.4946129515e+01
7.70000e+02 3.4968557096e+04 1.2170441600e+02
7.71000e+02 3.5021378813e+04 7.8003386119e+01
7.72000e+02 3.5067693996e+04 6.4903431033e+01
7.73000e+02 3.5114735965e+04 1.4828326650e+02
7.74000e+02 3.5165946358e+04 1.3792718550e+02
7.75000e+02 3.5217455859e+04 2.1586030900e+02
7.76000e+02 3.5268743796e+04 7.5135141497e+01
7.77000e+02 3.5320227325e+04 7.5034035049e+01
7.78000e+02 3.5367880684e+04 1.9572833488e+02
7.79000e+02 3.5414978473e+04 2.1290508412e+02
7.80000e+02 3.5462441726e+04 1.6498221931e+02
7.81000e+02 3.5509564573e+04 6.6711266450e+01
7.82000e+02 3.5557070983e+04 6.6687713247e+01
7.83000e+02 3.5603276816e+04 6.4977841198e+01
7.84000e+02 3.5655994592e+04 2.2804544885e+02
7.85000e+02 3.5708888378e+04 2.2788947214e+02
7.86000e+02 3.5761316609e+04 7.7355439895e+01
7.87000e+02 3.5814036801e+04 7.7104490705e+01
7.88000e+02 3.5860302627e+04 2.3176752455e+02
7.89000e+02 3.5907305000e+04 6.6500551078e+01
7.90000e+02 3.5958479296e+04 2.2951772993e+02
7.91000e+02 3.6009957976e+04 2.2928336367e+02
7.92000e+02 3.6061219052e+04 7.4468489854e+01
7.93000e+02 3.6111426850e+04 2.5123943922e+00
7.94000e+02 3.6155463577e+04 6.4204951604e+01
7.95000e+02 3.6200280093e+04 1.6818914293e+02
7.96000e+02 3.6245525738e+04 2.3219423906e+02
7.97000e+02 3.6290481703e+04 6.1726494701e+01
7.98000e+02 3.6339356652e+04 2.3861273026e+00
7.99000e+02 3.6388521376e+04 1.3366710990e+02
8.00000e+02 3.6437483578e+04 1.3362069560e+02
8.01000e+02 3.6486635022e+04 6.9503009512e+01
8.02000e+02 3.6532192013e+04 6.1976114074e+01
8.03000e+02 3.6576264703e+04 2.9354336101e+02
8.04000e+02 3.6620603179e+04 2.2998746982e+02
8.05000e+02 3.6665686043e+04 6.9643187422e+01
8.06000e+02 3.6711139994e+04 6.9470504694e+01
8.07000e+02 3.6756255609e+04 6.1831634698e+01
8.08000e+02 3.6801733953e+04 6.1794195424e+01
8.09000e+02 3.6846874063e+04 6.1756895834e+01
8.10000e+02 3.6892374744e+04 6.1717476155e+01
8.11000e+02 3.6937534176e+04 6.1675081027e+01
8.12000e+02 3.6983053113e+04 6.1631661144e+01
8.13000e+02 3.7028228879e+04 6.1586363785e+01
8.14000e+02 3.7077305390e+04 6.9547815490e+01
8.15000e+02 3.7125392129e+04 2.7025452563e+02
8.16000e+02 3.7167491780e+04 3.1393784588e+02
8.17000e+02 3.7210380497e+04 2.2870499688e+00
8.18000e+02 3.7253673756e+04 5.7014337490e+01
8.19000e+02 3.7296678666e+04 5.7073516657e+01
8.20000e+02 3.7340053796e+04 5.7098314175e+01
8.21000e+02 3.7382166916e+04 5.4142181991e+02
8.22000e+02 3.7424549195e+04 5.5212383321e+01
8.23000e+02 3.7467683317e+04 5.7170427279e+01
8.24000e+02 3.7511167529e+04 5.7222338928e+01
8.25000e+02 3.7554320171e+04 5.7183637090e+01
8.26000e+02 3.7597816930e+04 5.7138999817e+01
8.27000e+02 3.7640983871e+04 5.7096159884e+01
8.28000e+02 3.7684494596e+04 5.7053029679e+01
8.29000e+02 3.7727675300e+04 5.7009739735e+01
8.30000e+02 3.7774529470e+04 2.2223403499e+00
8.31000e+02 3.7821635759e+04 5.2995340996e+02
8.32000e+02 3.7868532940e+04 5.2946646691e+02
8.33000e+02 3.7915590822e+04 6.4148177577e+01
8.34000e+02 3.7962441514e+04 6.4037540464e+01
8.35000e+02 3.8009459567e+04 6.3933674305e+01
8.36000e+02 3.8053088167e+04 5.7070605252e+01
8.37000e+02 3.8096194032e+04 1.2809524825e+02
8.38000e+02 3.8139635069e+04 1.2777958956e+02
8.39000e+02 3.8182760764e+04 5.6515087644e+01
8.40000e+02 3.8229566814e+04 6.3825098306e+01
8.41000e+02 3.8275384148e+04 3.6651167486e+02
8.42000e+02 3.8315451486e+04 4.1014421266e+02
8.43000e+02 3.8355375474e+04 4.6270210727e+02
8.44000e+02 3.8395609897e+04 4.9947337113e+01
8.45000e+02 3.8435682021e+04 5.0045525934e+01
8.46000e+02 3.8481604146e+04 1.0052471651e+03
8.47000e+02 3.8527683073e+04 4.5989305012e+02
8.48000e+02 3.8567915171e+04 4.9993154441e+01
8.49000e+02 3.8607966994e+04 4.9922860691e+01
8.50000e+02 3.8648305708e+04 4.9979554309e+01
8.51000e+02 3.8688463498e+04 5.0035541560e+01
8.52000e+02 3.8734466281e+04 1.5840748197e+02
8.53000e+02 3.8781907493e+04 6.4184431983e+01
8.54000e+02 3.8825800615e+04 2.5654483350e+02
8.55000e+02 3.8869123488e+04 2.5648546620e+02
8.56000e+02 3.8916083525e+04 1.5848081078e+02
8.57000e+02 3.8963285119e+04 2.4878265486e+02
8.58000e+02 3.9010269479e+04 1.5435161963e+02
8.59000e+02 3.9056156256e+04 9.9680586561e+01
8.60000e+02 3.9101698955e+04 1.5386721179e+02
8.61000e+02 3.9147551326e+04 1.1550907293e+02
8.62000e+02 3.9187664705e+04 1.0635497627e+02
8.63000e+02 3.9227632305e+04 1.1535329012e+02
8.64000e+02 3.9267909341e+04 5.8806788374e+01
8.65000e+02 3.9308021124e+04 4.9597305284e+01
8.66000e+02 3.9348405051e+04 4.9654599457e+01
8.67000e+02 3.9389553637e+04 6.1323037650e+01
8.68000e+02 3.9431042022e+04 1.6238090767e+02
8.69000e+02 3.9471260072e+04 4.9711211761e+01
8.70000e+02 3.9517306075e+04 6.1150479056e+01
8.71000e+02 3.9564790646e+04 1.6250150338e+02
8.72000e+02 3.9611949416e+04 1.6251341183e+02
8.73000e+02 3.9659223388e+04 6.3419097863e+01
8.74000e+02 3.9706256631e+04 6.3230151140e+01
8.75000e+02 3.9753435748e+04 6.3072066769e+01
8.76000e+02 3.9797195792e+04 5.1933158508e+01
8.77000e+02 3.9839467734e+04 2.0538927999e+00
8.78000e+02 3.9887765763e+04 2.3030852697e+02
8.79000e+02 3.9936227821e+04 2.9377723378e+02
8.80000e+02 3.9978605386e+04 5.3706976893e+01
8.81000e+02 4.0021732608e+04 2.2749645649e+02
8.82000e+02 4.0065239783e+04 1.3042546667e+02
8.83000e+02 4.0108437076e+04 5.5449718538e+01
8.84000e+02 4.0155325026e+04 1.2829065771e+02
8.85000e+02 4.0201221970e+04 2.5651131602e+00
8.86000e+02 4.0246781244e+04 6.0125651323e+01
8.87000e+02 4.0292652263e+04 6.0039600976e+01
8.88000e+02 4.0338200043e+04 5.9968067050e+01
8.89000e+02 4.0385356333e+04 1.2813954006e+02
8.90000e+02 4.0429066390e+04 5.5597150657e+01
8.91000e+02 4.0471305413e+04 3.1205018402e+02
8.92000e+02 4.0513788658e+04 3.1184381410e+02
8.93000e+02 4.0557018449e+04 7.2815216145e+01
8.94000e+02 4.0603937968e+04 6.2616014671e+01
8.95000e+02 4.0649853368e+04 1.1305461634e+02
8.96000e+02 4.0690000120e+04 2.3364937408e+00
8.97000e+02 4.0730953784e+04 6.0277271938e+01
8.98000e+02 4.0772299022e+04 1.3059457717e+02
8.99000e+02 4.0812415506e+04 4.8645440515e+01
9.00000e+02 4.0852798735e+04 4.8833273225e+01
9.01000e+02 4.0892996024e+04 4.8865245035e+01
9.02000e+02 4.0933451634e+04 4.8888759555e+01
9.03000e+02 4.0973703793e+04 4.8894741035e+01
9.04000e+02 4.1014203694e+04 4.8890138560e+01
9.05000e+02 4.1054491849e+04 4.8877243630e+01
9.06000e+02 4.1100619564e+04 1.1352149758e+02
9.07000e+02 4.1146878353e+04 1.4447479097e+02
9.08000e+02 4.1192707209e+04 1.4403145656e+02
9.09000e+02 4.1240089284e+04 1.1344860241e+02
9.10000e+02 4.1283970421e+04 1.9238125936e+02
9.11000e+02 4.1327302135e+04 2.4523634784e+02
9.12000e+02 4.1370948219e+04 5.4910698376e+01
9.13000e+02 4.1413303716e+04 6.2129205061e+01
9.14000e+02 4.1461719415e+04 2.5868438909e+00
9.15000e+02 4.1510283807e+04 6.4951721720e+01
9.16000e+02 4.1552739514e+04 1.1285124719e+02
9.17000e+02 4.1594979303e+04 5.2560826335e+01
9.18000e+02 4.1643311247e+04 6.4803014144e+01
9.19000e+02 4.1691811408e+04 6.4673980998e+01
9.20000e+02 4.1739883099e+04 6.4349053836e+01
9.21000e+02 4.1789526910e+04 2.4930640179e+02
9.22000e+02 4.1835450641e+04 6.1707237242e+01
9.23000e+02 4.1880810495e+04 1.1852945779e+02
9.24000e+02 4.1926501602e+04 5.8748713957e+01
9.25000e+02 4.1971844113e+04 5.8672621571e+01
9.26000e+02 4.2017541445e+04 5.8620173865e+01
9.27000e+02 4.2061934664e+04 8.1084068729e+01
9.28000e+02 4.2106593110e+04 1.7230629069e+02
9.29000e+02 4.2151971226e+04 5.8597159372e+01
9.30000e+02 4.2197700935e+04 5.8570938996e+01
9.31000e+02 4.2242117099e+04 9.3226289997e+01
9.32000e+02 4.2292822682e+04 2.6338922663e+00
9.33000e+02 4.2344974261e+04 2.3991718546e+02
9.34000e+02 4.2396752684e+04 6.0692842045e+02
9.35000e+02 4.2448658381e+04 7.0952107897e+01
9.36000e+02 4.2500283880e+04 7.0728232117e+01
9.37000e+02 4.2552070956e+04 7.0538881539e+01
9.38000e+02 4.2599978846e+04 2.1781809347e+00
9.39000e+02 4.2646357156e+04 1.9621462065e+00
9.40000e+02 4.2692998089e+04 6.0521049507e+01
9.41000e+02 4.2740353452e+04 2.0234510874e+02
9.42000e+02 4.2788080278e+04 2.0196170027e+02
9.43000e+02 4.2834485856e+04 6.0487796142e+01
9.44000e+02 4.2887411476e+04 3.6403852997e+02
9.45000e+02 4.2941797679e+04 6.4679375546e+01
9.46000e+02 4.2991934743e+04 2.4102372538e+00
9.47000e+02 4.3041434508e+04 6.6632476380e+01
9.48000e+02 4.3091272500e+04 6.6266772054e+01
9.49000e+02 4.3140716721e+04 6.6144961351e+01
9.50000e+02 4.3194526971e+04 1.3726778973e+02
9.51000e+02 4.3247354972e+04 4.3491829417e+02
9.52000e+02 4.3293712575e+04 3.3450409397e+02
9.53000e+02 4.3340811308e+04 4.0964541836e+00
9.54000e+02 4.3388334137e+04 6.7856011919e+01
9.55000e+02 4.3435532918e+04 6.1446261731e+01
9.56000e+02 4.3486887244e+04 5.5942626489e+00
9.57000e+02 4.3538527705e+04 1.3365074563e+02
9.58000e+02 4.3589936087e+04 1.2552096443e+02
9.59000e+02 4.3640281891e+04 1.1904551667e+02
9.60000e+02 4.3684436122e+04 6.3273801359e+01
9.61000e+02 4.3729364314e+04 6.7367308642e+01
9.62000e+02 4.3774718406e+04 1.2651601911e+02
9.63000e+02 4.3818824262e+04 3.9508039625e+02
9.64000e+02 4.3863230843e+04 6.7552291120e+01
9.65000e+02 4.3907427571e+04 6.7575609861e+01
9.66000e+02 4.3957929004e+04 1.9570760408e+02
9.67000e+02 4.4008594620e+04 1.3101507862e+02
9.68000e+02 4.4052949084e+04 5.4966386792e+01
9.69000e+02 4.4098037687e+04 5.6912016811e+01
9.70000e+02 4.4147065533e+04 1.2196309045e+02
9.71000e+02 4.4196377750e+04 1.8915078213e+02
9.72000e+02 4.4245480385e+04 6.4692793240e+01
9.73000e+02 4.4294767165e+04 6.4602662788e+01
9.74000e+02 4.4340441779e+04 5.7175626859e+01
9.75000e+02 4.4384626155e+04 5.4899068582e+01
9.76000e+02 4.4435067269e+04 2.5343937317e+02
9.77000e+02 4.4486986953e+04 2.6329037361e+00
9.78000e+02 4.4538562154e+04 6.9640897944e+01
9.79000e+02 4.4590284817e+04 6.9374236930e+01
9.80000e+02 4.4641745771e+04 6.9190615372e+01
9.81000e+02 4.4692129977e+04 1.9619343930e+02
9.82000e+02 4.4736314757e+04 5.4674486390e+01
9.83000e+02 4.4781266153e+04 2.6827309744e+02
9.84000e+02 4.4830171621e+04 2.5554863192e+00
9.85000e+02 4.4879384223e+04 6.4058432464e+01
9.86000e+02 4.4928405118e+04 6.4109801252e+01
9.87000e+02 4.4976369538e+04 2.4197856123e+00
9.88000e+02 4.5023999766e+04 1.3311862184e+02
9.89000e+02 4.5073262660e+04 6.4095982930e+01
9.90000e+02 4.5122291787e+04 6.4040119355e+01
9.91000e+02 4.5171513420e+04 6.3934818672e+01
9.92000e+02 4.5220528929e+04 6.3857265963e+01
9.93000e+02 4.5269736822e+04 6.3779668989e+01
9.94000e+02 4.5315348382e+04 2.6794176919e+02
9.95000e+02 4.5359477967e+04 2.7449414269e+02
9.96000e+02 4.5409863301e+04 1.9437376528e+02
9.97000e+02 4.5460438360e+04 3.2977553408e+02
9.98000e+02 4.5504731068e+04 2.7432757643e+02
9.99000e+02 4.5548809012e+04 1.9412774953e+02
1.00000e+03 4.5599203495e+04 6.6330554958e+01
1.00100e+03 4.5649790710e+04 6.6276380742e+01
1.00200e+03 4.5699947788e+04 6.5972699669e+01
1.00300e+03 4.5751697430e+04 2.5417490305e+00
1.00400e+03 4.5799523988e+04 2.5537101363e+02
1.00500e+03 4.5846778921e+04 3.1380115288e+02
1.00600e+03 4.5898144013e+04 1.9859698289e+02
1.00700e+03 4.5949786782e+04 1.9829151200e+02
1.00800e+03 4.5997572054e+04 6.0290051490e+01
1.00900e+03 4.6044792454e+04 7.6128485203e+01
1.01000e+03 4.6096125438e+04 6.8068808503e+01
1.01100e+03 4.6146491174e+04 6.5685247854e+01
1.01200e+03 4.6190654012e+04 3.3018744516e+02
1.01300e+03 4.6235591243e+04 6.5717571641e+01
1.01400e+03 4.6284483392e+04 2.4408348435e+00
1.01500e+03 4.6332431121e+04 5.5213035125e+01
1.01600e+03 4.6374437025e+04 6.3494919440e+01
1.01700e+03 4.6416297742e+04 2.5101619182e+02
1.01800e+03 4.6464263961e+04 1.1858652591e+02
1.01900e+03 4.6512439701e+04 6.3659435454e+01
1.02000e+03 4.6554587078e+04 4.8871101565e+01
1.02100e+03 4.6597511120e+04 4.4515832581e+00
1.02200e+03 4.6640833964e+04 1.8597140967e+02
1.02300e+03 4.6683865817e+04 1.0439764645e+02
1.02400e+03 4.6730587480e+04 1.1410175768e+02
1.02500e+03 4.6776331046e+04 4.6390056571e+01
1.02600e+03 4.6816338917e+04 4.8976983509e+01
1.02700e+03 4.6857165922e+04 7.4929713178e+00
1.02800e+03 4.6898394045e+04 5.6507247491e+01
1.02900e+03 4.6938403636e+04 9.5899110834e+01
1.03000e+03 4.6984253723e+04 1.0782331061e+02
1.03100e+03 4.7031568515e+04 2.2197494567e+02
1.03200e+03 4.7078580118e+04 1.0577066712e+02
1.03300e+03 4.7124469838e+04 5.6444883163e+01
1.03400e+03 4.7164591052e+04 4.4800064654e+01
1.03500e+03 4.7205507955e+04 1.0575479577e+02
1.03600e+03 4.7246813947e+04 1.0572690934e+02
1.03700e+03 4.7287843715e+04 4.6822071047e+01
1.03800e+03 4.7329231010e+04 4.6856552414e+01
1.03900e+03 4.7369370476e+04 4.4885139345e+01
1.04000e+03 4.7415343641e+04 5.9260138361e+01
1.04100e+03 4.7461475075e+04 5.9442592170e+01
1.04200e+03 4.7501753755e+04 1.1538051280e+02
1.04300e+03 4.7541848797e+04 1.1522070839e+02
1.04400e+03 4.7587804537e+04 5.6617102394e+01
1.04500e+03 4.7633930575e+04 9.3443400208e+01
1.04600e+03 4.7679654141e+04 9.3117782391e+01
1.04700e+03 4.7726946979e+04 1.5240892439e+02
1.04800e+03 4.7773977250e+04 1.5227518373e+02
1.04900e+03 4.7819904146e+04 5.5937211388e+01
1.05000e+03 4.7860069421e+04 4.4609290403e+01
1.05100e+03 4.7900078835e+04 5.6050726947e+01
1.05200e+03 4.7945959680e+04 5.6038552744e+01
1.05300e+03 4.7992030078e+04 5.6126016821e+01
1.05400e+03 4.8032274148e+04 5.6073470945e+01
1.05500e+03 4.8072346825e+04 5.6045776744e+01
1.05600e+03 4.8112713567e+04 5.6112403008e+01
1.05700e+03 4.8153861328e+04 1.0553169568e+02
1.05800e+03 4.8195358285e+04 1.5681676454e+02
1.05900e+03 4.8236545547e+04 9.8095441336e+01
1.06000e+03 4.8278069619e+04 4.6743522898e+01
1.06100e+03 4.8318326895e+04 4.4704099434e+01
1.06200e+03 4.8358828877e+04 4.6851647139e+01
1.06300e+03 4.8400085588e+04 4.6766228861e+01
1.06400e+03 4.8441673973e+04 4.6783774654e+01
1.06500e+03 4.8482936554e+04 4.6742861203e+01
1.06600e+03 4.8527648678e+04 1.0736098539e+02
1.06700e+03 4.8571348395e+04 8.8953615537e+01
1.06800e+03 4.8614719686e+04 1.4242499936e+02
1.06900e+03 4.8658387235e+04 5.0926109855e+01
1.07000e+03 4.8696523766e+04 9.1050129941e+01
1.07100e+03 4.8735486711e+04 2.2996367592e+00
1.07200e+03 4.8774826826e+04 4.2150512219e+01
1.07300e+03 4.8812952823e+04 1.3563259600e+02
1.07400e+03 4.8851333006e+04 4.0268023174e+01
1.07500e+03 4.8890500272e+04 4.2312683512e+01
1.07600e+03 4.8932904912e+04 1.3743236214e+02
1.07700e+03 4.8975544595e+04 2.9849940545e+02
1.07800e+03 4.9018011370e+04 4.8844061757e+01
1.07900e+03 4.9060624033e+04 4.8768197641e+01
1.08000e+03 4.9103062742e+04 4.8691364296e+01
1.08100e+03 4.9145651533e+04 4.8618801398e+01
1.08200e+03 4.9185290788e+04 4.2620847089e+01
1.08300e+03 4.9223492174e+04 4.0303144830e+01
1.08400e+03 4.9261913053e+04 4.0303536983e+01
1.08500e+03 4.9301112477e+04 1.0842052905e+02
1.08600e+03 4.9340637518e+04 1.0814655767e+02
1.08700e+03 4.9378907636e+04 4.0331965323e+01
1.08800e+03 4.9422785323e+04 1.9745311831e+02
1.08900e+03 4.9468091692e+04 4.4945843505e+01
1.09000e+03 4.9510063966e+04 2.4472330789e+00
1.09100e+03 4.9551480911e+04 4.6890572881e+01
1.09200e+03 4.9593185517e+04 4.6576013901e+01
1.09300e+03 4.9633602064e+04 7.8910303716e+01
1.09400e+03 4.9674249706e+04 1.2134979085e+02
1.09500e+03 4.9714681073e+04 4.4479385983e+01
1.09600e+03 4.9755350499e+04 4.4456689833e+01
1.09700e+03 4.9796756650e+04 4.6518643648e+01
1.09800e+03 4.9841621181e+04 9.5896902267e+01
1.09900e+03 4.9885454958e+04 2.8629869255e+02
1.10000e+03 4.9928946886e+04 1.3955509639e+02
1.10100e+03 4.9974020855e+04 5.3340338787e+01
1.10200e+03 5.0018860771e+04 9.5015342091e+01
1.10300e+03 5.0062594968e+04 5.0439162313e+01
1.10400e+03 5.0100788844e+04 2.4755501104e+00
1.10500e+03 5.0139801037e+04 9.7124883910e+01
1.10600e+03 5.0179190734e+04 1.4118497514e+02
1.10700e+03 5.0217366656e+04 9.2695530486e+01
1.10800e+03 5.0261166727e+04 5.0696866139e+01
1.10900e+03 5.0305124232e+04 5.0869476843e+01
1.11000e+03 5.0348693400e+04 5.0587704113e+01
1.11100e+03 5.0392525256e+04 5.0411467287e+01
1.11200e+03 5.0430789795e+04 9.4854226336e+01
1.11300e+03 5.0469865201e+04 4.1588161176e+01
1.11400e+03 5.0512214323e+04 1.4907759236e+02
1.11500e+03 5.0554829299e+04 2.4138984899e+02
1.11600e+03 5.0594500136e+04 4.1827712751e+01
1.11700e+03 5.0632739525e+04 1.0124675288e+02
1.11800e+03 5.0676564696e+04 9.8444172923e+01
1.11900e+03 5.0720544286e+04 9.8493463140e+01
1.12000e+03 5.0758890923e+04 9.9046875667e+01
1.12100e+03 5.0797073018e+04 9.8288434165e+01
1.12200e+03 5.0840898624e+04 5.0568291343e+01
1.12300e+03 5.0886174792e+04 2.6611923288e+00
1.12400e+03 5.0928130984e+04 1.5789370640e+02
1.12500e+03 5.0969540736e+04 2.0185604342e+02
1.12600e+03 5.1011244968e+04 4.5793876547e+01
1.12700e+03 5.1052619305e+04 4.5712667389e+01
1.12800e+03 5.1094318585e+04 4.5662002882e+01
1.12900e+03 5.1135694032e+04 4.5617451575e+01
1.13000e+03 5.1180528972e+04 1.0088078776e+02
1.13100e+03 5.1224350009e+04 5.0359169206e+01
1.13200e+03 5.1267838876e+04 4.9972070579e+01
1.13300e+03 5.1311621400e+04 4.9883586183e+01
1.13400e+03 5.1355087874e+04 4.9811309396e+01
1.13500e+03 5.1400145583e+04 1.8326409477e+02
1.13600e+03 5.1444975585e+04 1.3516656814e+02
1.13700e+03 5.1489960548e+04 5.2256009090e+01
1.13800e+03 5.1531751097e+04 4.5663102571e+01
1.13900e+03 5.1573030323e+04 5.2232533458e+01
1.14000e+03 5.1614628088e+04 5.1987517010e+01
1.14100e+03 5.1654964696e+04 1.5235583258e+02
1.14200e+03 5.1701144627e+04 8.9946203488e+01
1.14300e+03 5.1747477645e+04 1.4216824988e+02
1.14400e+03 5.1787933421e+04 2.8976421065e+02
1.14500e+03 5.1829155845e+04 4.5167412486e+01
1.14600e+03 5.1870744163e+04 4.5112797817e+01
1.14700e+03 5.1911079783e+04 8.9855269986e+01
1.14800e+03 5.1957265029e+04 5.4798649652e+01
1.14900e+03 5.2004895492e+04 9.2937399851e+01
1.15000e+03 5.2052201833e+04 1.4752455387e+02
1.15100e+03 5.2098371544e+04 5.4580543908e+01
1.15200e+03 5.2138732759e+04 5.2409405079e+01
1.15300e+03 5.2178920960e+04 5.4596430897e+01
1.15400e+03 5.2219406110e+04 5.4665769478e+01
1.15500e+03 5.2260672841e+04 1.0219712173e+02
1.15600e+03 5.2302288996e+04 1.0212276221e+02
1.15700e+03 5.2342637884e+04 4.2968175378e+01
1.15800e+03 5.2383233727e+04 4.3035899447e+01
1.15900e+03 5.2424585190e+04 4.5020242462e+01
1.16000e+03 5.2466268482e+04 4.5042358733e+01
1.16100e+03 5.2506671076e+04 4.3046569532e+01
1.16200e+03 5.2547311645e+04 4.3048249563e+01
1.16300e+03 5.2588700772e+04 4.5034979522e+01
1.16400e+03 5.2630416675e+04 4.5022556447e+01
1.16500e+03 5.2670847120e+04 4.3033052881e+01
1.16600e+03 5.2711512257e+04 4.4232374179e+01
1.16700e+03 5.2751961991e+04 4.4207430720e+01
1.16800e+03 5.2792652671e+04 4.2970979597e+01
1.16900e+03 5.2833121540e+04 4.2947143737e+01
1.17000e+03 5.2879440988e+04 5.4660165290e+01
1.17100e+03 5.2925884728e+04 2.1619573182e+02
1.17200e+03 5.2971890109e+04 2.1566546959e+02
1.17300e+03 5.3018147512e+04 5.3947268693e+01
1.17400e+03 5.3064033609e+04 5.3774038023e+01
1.17500e+03 5.3110202466e+04 5.3631718002e+01
1.17600e+03 5.3150576753e+04 4.2587803917e+01
1.17700e+03 5.3191743229e+04 4.4754883177e+01
1.17800e+03 5.3233291747e+04 8.5682247523e+01
1.17900e+03 5.3273600159e+04 1.0769341240e+02
1.18000e+03 5.3319763149e+04 5.3854978528e+01
1.18100e+03 5.3367377066e+04 2.7757550921e+02
1.18200e+03 5.3414671769e+04 3.3991414110e+02
1.18300e+03 5.3460833502e+04 5.3794000637e+01
1.18400e+03 5.3501189978e+04 1.0756790724e+02
1.18500e+03 5.3542330830e+04 2.0463824299e+02
1.18600e+03 5.3583854274e+04 1.6326902542e+02
1.18700e+03 5.3624139978e+04 5.3778416403e+01
1.18800e+03 5.3670279687e+04 5.3716925628e+01
1.18900e+03 5.3716580276e+04 5.3802063595e+01
1.19000e+03 5.3757011703e+04 5.5783332600e+01
1.19100e+03 5.3797257074e+04 5.3622875298e+01
1.19200e+03 5.3837788395e+04 5.1685403357e+01
1.19300e+03 5.3878134006e+04 4.2148860468e+01
1.19400e+03 5.3924340783e+04 5.3815329963e+01
1.19500e+03 5.3971982547e+04 1.6313360237e+02
1.19600e+03 5.4019295540e+04 1.0750675907e+02
1.19700e+03 5.4066723364e+04 6.3146857459e+01
1.19800e+03 5.4110687009e+04 9.6132423162e+01
1.19900e+03 5.4153146077e+04 1.3826350745e+01
1.20000e+03 5.4201641243e+04 5.8226253784e+01
1.20100e+03 5.4250293287e+04 1.1428099796e+02
1.20200e+03 5.4298507553e+04 5.7947951319e+01
1.20300e+03 5.4348288835e+04 3.5028951655e+01
1.20400e+03 5.4394333058e+04 1.5893102292e+01
1.20500e+03 5.4438855923e+04 1.1812182829e+02
1.20600e+03 5.4483619130e+04 1.7815482830e+02
1.20700e+03 5.4529098817e+04 1.6029079020e+02
1.20800e+03 5.4578506607e+04 1.1626151340e+02
1.20900e+03 5.4628160098e+04 8.3341967883e+01
1.21000e+03 5.4674140763e+04 1.1794014739e+02
1.21100e+03 5.4718606003e+04 5.0148123534e+01
1.21200e+03 5.4769340844e+04 6.2544273221e+01
1.21300e+03 5.4820242963e+04 1.2262180623e+02
1.21400e+03 5.4870692364e+04 6.2190046396e+01
1.21500e+03 5.4922720145e+04 5.2603948325e+01
1.21600e+03 5.4970787050e+04 5.2184215315e+01
1.21700e+03 5.5017315855e+04 7.6467401926e+01
1.21800e+03 5.5070339785e+04 2.5745293294e+00
1.21900e+03 5.5124831114e+04 5.4595578786e+01
1.22000e+03 5.5178937448e+04 1.7181456882e+02
1.22100e+03 5.5231933037e+04 6.6793282095e+01
1.22200e+03 5.5284501145e+04 6.6270666704e+01
1.22300e+03 5.5338686804e+04 6.8975394968e+01
1.22400e+03 5.5392570311e+04 6.8683592226e+01
1.22500e+03 5.5446641231e+04 6.8500170072e+01
1.22600e+03 5.5500451828e+04 6.8358760466e+01
1.22700e+03 5.5553207027e+04 6.5964004856e+01
1.22800e+03 5.5599532945e+04 1.2805162123e+02
1.22900e+03 5.5645653753e+04 6.8368353832e+01
1.23000e+03 5.5698343722e+04 1.1535030244e+02
1.23100e+03 5.5751255463e+04 1.1539149456e+02
1.23200e+03 5.5803733373e+04 6.5733643720e+01
1.23300e+03 5.5857824242e+04 6.8310349677e+01
1.23400e+03 5.5907764566e+04 1.4656434021e+02
1.23500e+03 5.5957117039e+04 3.8001339931e+02
1.23600e+03 5.6010821676e+04 6.8136079502e+01
1.23700e+03 5.6063566563e+04 6.5501055748e+01
1.23800e+03 5.6115923269e+04 6.5314350651e+01
1.23900e+03 5.6169919412e+04 6.7973218144e+01
1.24000e+03 5.6223631764e+04 6.7912959515e+01
1.24100e+03 5.6276293139e+04 6.5165525549e+01
1.24200e+03 5.6328574044e+04 6.5024558765e+01
1.24300e+03 5.6381203966e+04 6.4928080411e+01
1.24400e+03 5.6433475881e+04 6.4854162430e+01
1.24500e+03 5.6487397275e+04 6.7770297452e+01
1.24600e+03 5.6541042703e+04 1.2513056216e+02
1.24700e+03 5.6593643612e+04 6.4760295161e+01
1.24800e+03 5.6639836369e+04 1.8763336288e+02
1.24900e+03 5.6685832586e+04 3.7577614964e+02
1.25000e+03 5.6732189462e+04 2.5609795391e+02
1.25100e+03 5.6778349826e+04 5.2294373645e+01
1.25200e+03 5.6824830137e+04 5.2365514406e+01
1.25300e+03 5.6871081021e+04 5.2403668666e+01
1.25400e+03 5.6923866166e+04 6.5208764659e+01
1.25500e+03 5.6976822763e+04 1.0479906352e+02
1.25600e+03 5.7023237798e+04 5.2285988803e+01
1.25700e+03 5.7070368889e+04 2.5869703947e+02
1.25800e+03 5.7121671413e+04 1.6704689522e+02
1.25900e+03 5.7172017846e+04 4.9623538904e+01
1.26000e+03 5.7216168516e+04 2.2643645506e+00
1.26100e+03 5.7260142955e+04 4.7695157480e+01
1.26200e+03 5.7310452743e+04 1.5179282334e+02
1.26300e+03 5.7362268599e+04 2.8977974200e+02
1.26400e+03 5.7413760402e+04 6.2794482723e+01
1.26500e+03 5.7464161968e+04 6.0162642188e+01
1.26600e+03 5.7508351951e+04 4.7686774395e+01
1.26700e+03 5.7552350103e+04 6.2393322072e+01
1.26800e+03 5.7602676141e+04 6.0118728796e+01
1.26900e+03 5.7653212234e+04 6.0193136564e+01
1.27000e+03 5.7703332228e+04 5.9926899988e+01
1.27100e+03 5.7755054402e+04 6.2638006001e+01
1.27200e+03 5.7802862645e+04 5.8784002784e+02
1.27300e+03 5.7850105075e+04 2.6667650474e+02
1.27400e+03 5.7901462594e+04 1.0706985111e+02
1.27500e+03 5.7953102372e+04 1.0688038562e+02
1.27600e+03 5.8004508236e+04 6.2193083023e+01
1.27700e+03 5.8056102857e+04 6.2085732608e+01
1.27800e+03 5.8107464673e+04 6.1979600026e+01
1.27900e+03 5.8157768883e+04 5.9635089534e+01
1.28000e+03 5.8201894796e+04 1.1660945862e+02
1.28100e+03 5.8245841586e+04 1.1987422157e+02
1.28200e+03 5.8296119512e+04 1.2432631727e+02
1.28300e+03 5.8347907753e+04 6.2111240775e+01
1.28400e+03 5.8395743824e+04 1.1978217520e+02
1.28500e+03 5.8442047423e+04 1.2655879922e+02
1.28600e+03 5.8494829663e+04 6.4553443699e+01
1.28700e+03 5.8549085972e+04 2.4680673452e+00
1.28800e+03 5.8599116251e+04 1.2862644849e+02
1.28900e+03 5.8647568407e+04 6.6637447204e+01
1.29000e+03 5.8702723867e+04 4.8388194262e+00
1.29100e+03 5.8759348633e+04 5.6471011401e+01
1.29200e+03 5.8815568359e+04 1.2578717806e+02
1.29300e+03 5.8871935956e+04 7.1301668342e+01
1.29400e+03 5.8927995624e+04 7.1070308569e+01
1.29500e+03 5.8982988329e+04 1.9821335766e+02
1.29600e+03 5.9037565408e+04 1.2706652629e+02
1.29700e+03 5.9092486926e+04 1.2686827171e+02
1.29800e+03 5.9140769142e+04 2.6257110096e+02
1.29900e+03 5.9189785979e+04 3.9249269959e+02
1.30000e+03 5.9239251879e+04 1.9969183932e+02
1.30100e+03 5.9288390299e+04 5.7055653391e+01
1.30200e+03 5.9341913956e+04 6.5467969652e+01
1.30300e+03 5.9394489822e+04 2.3456515839e+00
1.30400e+03 5.9440644773e+04 1.8855674256e+02
1.30500e+03 5.9487562365e+04 6.2476018645e+00
1.30600e+03 5.9538666661e+04 4.7626655878e+00
1.30700e+03 5.9588841259e+04 1.0964787086e+02
1.30800e+03 5.9632855077e+04 4.1002208563e+00
1.30900e+03 5.9676707924e+04 2.4331939099e+02
1.31000e+03 5.9726894912e+04 1.7080880681e+02
1.31100e+03 5.9777304308e+04 5.8823656822e+01
1.31200e+03 5.9821466004e+04 4.6298588481e+01
1.31300e+03 5.9865431778e+04 5.4605665981e+01
1.31400e+03 5.9915718374e+04 5.8864440193e+01
1.31500e+03 5.9967501881e+04 1.2705974628e+02
1.31600e+03 6.0015325564e+04 1.6229950624e+02
1.31700e+03 6.0062563190e+04 1.5398881099e+02
1.31800e+03 6.0113901846e+04 1.6853741612e+02
1.31900e+03 6.0165514867e+04 1.6819839273e+02
1.32000e+03 6.0213272484e+04 5.3066984491e+01
1.32100e+03 6.0259512409e+04 6.1079725994e+01
1.32200e+03 6.0312233949e+04 6.3434095390e+01
1.32300e+03 6.0366436984e+04 4.5661732878e+01
1.32400e+03 6.0420271641e+04 1.0911122122e+02
1.32500e+03 6.0473006995e+04 1.2450219493e+02
1.32600e+03 6.0519285367e+04 1.1768638285e+02
1.32700e+03 6.0565342613e+04 6.3187983208e+01
1.32800e+03 6.0611742136e+04 6.3245945838e+01
1.32900e+03 6.0657930952e+04 5.0466280272e+01
1.33000e+03 6.0704429157e+04 5.0514496030e+01
1.33100e+03 6.0750689580e+04 5.0535588583e+01
1.33200e+03 6.0803477173e+04 6.3444595368e+01
1.33300e+03 6.0856429701e+04 1.0101586660e+02
1.33400e+03 6.0902836254e+04 5.0393401157e+01
1.33500e+03 6.0948995901e+04 5.0242231545e+01
1.33600e+03 6.1001697961e+04 1.0082931784e+02
1.33700e+03 6.1054593768e+04 6.3254225738e+01
1.33800e+03 6.1107035042e+04 6.2930185462e+01
1.33900e+03 6.1161075376e+04 6.5767690039e+01
1.34000e+03 6.1214802266e+04 1.8176052717e+02
1.34100e+03 6.1268709738e+04 1.8144590495e+02
1.34200e+03 6.1318531986e+04 2.2416787792e+02
1.34300e+03 6.1366814043e+04 7.7957603926e+01
1.34400e+03 6.1415377832e+04 1.3022887160e+02
1.34500e+03 6.1464646514e+04 3.0255413250e+02
1.34600e+03 6.1514305482e+04 7.9985051850e+01
1.34700e+03 6.1562634849e+04 5.4310758405e+01
1.34800e+03 6.1617707854e+04 6.7729818836e+01
1.34900e+03 6.1674254396e+04 5.8978688157e+01
1.35000e+03 6.1730400473e+04 1.2643698479e+02
1.35100e+03 6.1785446684e+04 1.3267974858e+02
1.35200e+03 6.1840053504e+04 6.6982795401e+01
1.35300e+03 6.1896291454e+04 6.9662337185e+01
1.35400e+03 6.1952217001e+04 6.9372144852e+01
1.35500e+03 6.2008342937e+04 6.9190758815e+01
1.35600e+03 6.2064199729e+04 6.9052811843e+01
1.35700e+03 6.2119015332e+04 6.6685204793e+01
1.35800e+03 6.2167199927e+04 5.3877253848e+01
1.35900e+03 6.2216121991e+04 2.6425046045e+02
1.36000e+03 6.2265499048e+04 2.6370429963e+02
1.36100e+03 6.2313603357e+04 8.0089395829e+01
1.36200e+03 6.2368465150e+04 1.3043994445e+02
1.36300e+03 6.2423532502e+04 1.3056125334e+02
1.36400e+03 6.2478135517e+04 6.6605462333e+01
1.36500e+03 6.2534352910e+04 1.2425835094e+02
1.36600e+03 6.2586204660e+04 2.4746919858e+00
1.36700e+03 6.2636497593e+04 1.9903698608e+02
1.36800e+03 6.2693726691e+04 5.9895935078e+01
1.36900e+03 6.2752453490e+04 4.9816230073e+00
1.37000e+03 6.2810774615e+04 1.3157506764e+02
1.37100e+03 6.2868015292e+04 1.2854822114e+02
1.37200e+03 6.2924807149e+04 7.0712579339e+01
1.37300e+03 6.2983245021e+04 7.3499214821e+01
1.37400e+03 6.3037110169e+04 6.8862205660e+01
1.37500e+03 6.3089406648e+04 1.3248145144e+02
1.37600e+03 6.3148872813e+04 9.9268446087e+00
1.37700e+03 6.3208553427e+04 8.2998722053e+01
1.37800e+03 6.3267727078e+04 7.5370672699e+01
1.37900e+03 6.3328527979e+04 2.3630279740e+00
1.38000e+03 6.3384500916e+04 1.3445675935e+02
1.38100e+03 6.3439823610e+04 2.6717162871e+02
1.38200e+03 6.3495550485e+04 6.7460617558e+01
1.38300e+03 6.3550864975e+04 6.7384952148e+01
1.38400e+03 6.3606606179e+04 6.7331896728e+01
1.38500e+03 6.3661931988e+04 6.7275884277e+01
1.38600e+03 6.3717681233e+04 6.7216648660e+01
1.38700e+03 6.3773012458e+04 6.7154848107e+01
1.38800e+03 6.3833388917e+04 1.5114423592e+02
1.38900e+03 6.3892820566e+04 7.5046336774e+01
1.39000e+03 6.3951800515e+04 7.4777589232e+01
1.39100e+03 6.4011142209e+04 7.4612856342e+01
1.39200e+03 6.4070066346e+04 7.4482430894e+01
1.39300e+03 6.4129361774e+04 7.4361682312e+01
1.39400e+03 6.4188247266e+04 7.4248676861e+01
1.39500e+03 6.4248810411e+04 3.3089690282e+02
1.39600e+03 6.4304598140e+04 6.7126177311e+01
1.39700e+03 6.4358809970e+04 3.1041275867e+02
1.39800e+03 6.4413354263e+04 7.2765826985e+02
1.39900e+03 6.4467611829e+04 6.4661595208e+01
1.40000e+03 6.4522222362e+04 6.4663173150e+01
1.40100e+03 6.4576529608e+04 6.4648190632e+01
1.40200e+03 6.4638271290e+04 3.6322818148e+01
1.40300e+03 6.4701505702e+04 6.9730318718e+01
1.40400e+03 6.4759604010e+04 1.7227285312e+02
1.40500e+03 6.4816995019e+04 2.4121941463e+02
1.40600e+03 6.4879614724e+04 3.2916731860e+02
1.40700e+03 6.4942540518e+04 1.7179196219e+02
1.40800e+03 6.5005134207e+04 1.7159415425e+02
1.40900e+03 6.5066704474e+04 2.0566363694e+02
1.41000e+03 6.5120957591e+04 1.3524204844e+02
1.41100e+03 6.5174931072e+04 1.3477304093e+02
1.41200e+03 6.5229313267e+04 6.3751423692e+01
1.41300e+03 6.5283438201e+04 6.3839125257e+01
1.41400e+03 6.5337934134e+04 6.3889024951e+01
1.41500e+03 6.5393100750e+04 7.8735120393e+01
1.41600e+03 6.5453316953e+04 2.3774867280e+00
1.41700e+03 6.5513836275e+04 7.6177931617e+01
1.41800e+03 6.5569608743e+04 1.9608771335e+02
1.41900e+03 6.5623788790e+04 6.3880250083e+01
1.42000e+03 6.5685355124e+04 3.1720716419e+02
1.42100e+03 6.5747146722e+04 2.6284094580e+02
1.42200e+03 6.5808418857e+04 1.1689273752e+02
1.42300e+03 6.5871331481e+04 1.1970052384e+02
1.42400e+03 6.5929208644e+04 6.5921065709e+01
1.42500e+03 6.5985469791e+04 8.0199412381e+01
1.42600e+03 6.6042062555e+04 1.4603241305e+02
1.42700e+03 6.6098343092e+04 6.7787457059e+01
1.42800e+03 6.6162282824e+04 5.0614838369e+00
1.42900e+03 6.6227730542e+04 6.8390238867e+01
1.43000e+03 6.6287822792e+04 1.5005396980e+02
1.43100e+03 6.6346238117e+04 2.1347874688e+00
1.43200e+03 6.6412482223e+04 7.0626223228e+01
1.43300e+03 6.6480244567e+04 1.5221854164e+02
1.43400e+03 6.6542419666e+04 4.2155009231e+00
1.43500e+03 6.6602893903e+04 9.9028648692e+00
1.43600e+03 6.6663699493e+04 8.3958110016e+01
1.43700e+03 6.6724142088e+04 7.5998558696e+01
1.43800e+03 6.6792697560e+04 1.5437768857e+02
1.43900e+03 6.6861462645e+04 3.1492712995e+02
1.44000e+03 6.6922092012e+04 7.5746336837e+01
1.44100e+03 6.6982332016e+04 7.7990519667e+01
1.44200e+03 6.7050702821e+04 9.1645477907e+01
1.44300e+03 6.7119324999e+04 9.1410925045e+01
1.44400e+03 6.7187373365e+04 9.0997074472e+01
1.44500e+03 6.7257088466e+04 6.1640423859e+00
1.44600e+03 6.7321088347e+04 1.6555283421e+02
1.44700e+03 6.7384363852e+04 5.0839862914e+02
1.44800e+03 6.7448100758e+04 8.1370050235e+01
1.44900e+03 6.7510419776e+04 1.8453892337e+02
1.45000e+03 6.7581070848e+04 2.6027066550e+00
1.45100e+03 6.7651964038e+04 9.5777193465e+01
1.45200e+03 6.7714524209e+04 2.6419771852e+02
1.45300e+03 6.7776686725e+04 7.8794588085e+01
1.45400e+03 6.7847207341e+04 9.5550960566e+01
1.45500e+03 6.7919298054e+04 2.4905157290e+02
1.45600e+03 6.7990887358e+04 7.0627492541e+02
1.45700e+03 6.8062705874e+04 1.2134292503e+02
1.45800e+03 6.8128652723e+04 1.8364709416e+02
1.45900e+03 6.8192905114e+04 2.1194298286e+01
1.46000e+03 6.8265676617e+04 9.9601793432e+01
1.46100e+03 6.8338717128e+04 1.9710492289e+02
1.46200e+03 6.8411154990e+04 9.9223269471e+01
1.46300e+03 6.8485283242e+04 6.4158061977e+01
1.46400e+03 6.8553260869e+04 2.3203882753e+01
1.46500e+03 6.8619531081e+04 2.0064405927e+02
1.46600e+03 6.8686203730e+04 3.0444478994e+02
1.46700e+03 6.8752497032e+04 8.6432774195e+01
1.46800e+03 6.8827586175e+04 2.6512813517e+00
1.46900e+03 6.8902926982e+04 1.8783402591e+02
1.47000e+03 6.8977630130e+04 1.8726019793e+02
1.47100e+03 6.9054022423e+04 2.5444719333e+01
1.47200e+03 6.9124030483e+04 2.8882018904e+02
1.47300e+03 6.9193259029e+04 5.8241721589e+02
1.47400e+03 6.9262989819e+04 9.2157517762e+01
1.47500e+03 6.9331262398e+04 1.0529116049e+02
1.47600e+03 6.9408545006e+04 2.5794591302e+00
1.47700e+03 6.9487403124e+04 3.8306255390e+02
1.47800e+03 6.9565691806e+04 5.7624295557e+02
1.47900e+03 6.9642986920e+04 1.0784307017e+02
1.48000e+03 6.9719687714e+04 1.8440775305e+02
1.48100e+03 6.9798133418e+04 1.0962856410e+02
1.48200e+03 6.9870020167e+04 1.4907041255e+01
1.48300e+03 6.9941133244e+04 2.0399087027e+02
1.48400e+03 7.0019077901e+04 1.0917490972e+02
1.48500e+03 7.0096186304e+04 1.8403663439e+02
1.48600e+03 7.0172732247e+04 1.0936408479e+02
1.48700e+03 7.0249731094e+04 1.0914516426e+02
1.48800e+03 7.0326210427e+04 1.0604873149e+02
1.48900e+03 7.0403152722e+04 1.0588613086e+02
1.49000e+03 7.0471286832e+04 3.8402946911e+02
1.49100e+03 7.0539995598e+04 1.0666142354e+02
1.49200e+03 7.0615372601e+04 2.0932793205e+02
1.49300e+03 7.0691183019e+04 3.1554905378e+02
1.49400e+03 7.0766624742e+04 1.0340263847e+02
1.49500e+03 7.0842387900e+04 1.0325197640e+02
1.49600e+03 7.0911933269e+04 2.9524917887e+02
1.49700e+03 7.0979794963e+04 4.0158674274e+02
1.49800e+03 7.1048101602e+04 2.1032188773e+02
1.49900e+03 7.1117007465e+04 3.1261493668e+02
1.50000e+03 7.1186459575e+04 3.1220906316e+02
1.50100e+03 7.1255417487e+04 9.0270414278e+01
1.50200e+03 7.1330988451e+04 1.0327796489e+02
1.50300e+03 7.1405698018e+04 8.6214766595e+01
1.50400e+03 7.1479854166e+04 3.0994370261e+02
1.50500e+03 7.1554451044e+04 2.2107357572e+02
1.50600e+03 7.1628543365e+04 1.0043058339e+02
1.50700e+03 7.1703089801e+04 1.0027971071e+02
1.50800e+03 7.1769067682e+04 2.9655911149e+02
1.50900e+03 7.1834684751e+04 4.0771928702e+02
1.51000e+03 7.1900809780e+04 1.0857084674e+02
1.51100e+03 7.1967574639e+04 1.0763267866e+01
1.51200e+03 7.2040743638e+04 1.9827187851e+02
1.51300e+03 7.2114295477e+04 2.9903697398e+02
1.51400e+03 7.2187469081e+04 9.8068698797e+01
1.51500e+03 7.2260938639e+04 9.7888349255e+01
1.51600e+03 7.2334044670e+04 9.7722887985e+01
1.51700e+03 7.2407458607e+04 9.7569544250e+01
1.51800e+03 7.2474889989e+04 1.9658311389e+02
1.51900e+03 7.2541605388e+04 3.9361994268e+02
1.52000e+03 7.2608840674e+04 2.9535903335e+02
1.52100e+03 7.2675621659e+04 8.4890067139e+01
1.52200e+03 7.2748789447e+04 9.7533732294e+01
1.52300e+03 7.2822342172e+04 9.7574986010e+01
1.52400e+03 7.2889868152e+04 8.5095870283e+01
1.52500e+03 7.2955711930e+04 8.3435119268e+01
1.52600e+03 7.3021974117e+04 3.8049746310e+02
1.52700e+03 7.3088838395e+04 8.5094068105e+01
1.52800e+03 7.3162087397e+04 9.7558624078e+01
1.52900e+03 7.3235702291e+04 9.7523235456e+01
1.53000e+03 7.3303273312e+04 8.5054015418e+01
1.53100e+03 7.3369153113e+04 3.8015298864e+02
1.53200e+03 7.3443754669e+04 5.8891831981e+02
1.53300e+03 7.3518645122e+04 5.8867341894e+02
1.53400e+03 7.3584828419e+04 8.4930083662e+01
1.53500e+03 7.3650599761e+04 1.2489556664e+02
1.53600e+03 7.3716845284e+04 1.2258813869e+02
1.53700e+03 7.3782743864e+04 8.2433916350e+01
1.53800e+03 7.3857418848e+04 9.9928520056e+01
1.53900e+03 7.3933662413e+04 6.2535622713e+01
1.54000e+03 7.4009366258e+04 1.9973564818e+02
1.54100e+03 7.4084076290e+04 9.9648169585e+01
1.54200e+03 7.4150146113e+04 8.2175781982e+01
1.54300e+03 7.4216782478e+04 2.2437000755e+02
1.54400e+03 7.4289833002e+04 9.6895199373e+01
1.54500e+03 7.4362056273e+04 6.2084933134e+01
1.54600e+03 7.4433777280e+04 1.5861739292e+02
1.54700e+03 7.4507254337e+04 2.3366075605e+02
1.54800e+03 7.4574688379e+04 2.2400865844e+02
1.54900e+03 7.4640460315e+04 1.7585404453e+02
1.55000e+03 7.4714959636e+04 3.7252034797e+01
1.55100e+03 7.4791061847e+04 2.6251541277e+00
1.55200e+03 7.4860774827e+04 1.5868888494e+02
1.55300e+03 7.4928750346e+04 3.9418365757e+01
1.55400e+03 7.5005666088e+04 5.0389506539e+00
1.55500e+03 7.5084169908e+04 1.4828919060e+02
1.55600e+03 7.5162120714e+04 2.5216028243e+02
1.55700e+03 7.5239087849e+04 1.4087964048e+02
1.55800e+03 7.5315473318e+04 1.4761062770e+02
1.55900e+03 7.5393610648e+04 1.0565405037e+02
1.56000e+03 7.5465226759e+04 4.1282078435e+01
1.56100e+03 7.5536077173e+04 3.5292047476e+02
1.56200e+03 7.5607463191e+04 1.5654856765e+02
1.56300e+03 7.5678352612e+04 9.1651282206e+01
1.56400e+03 7.5749793547e+04 9.1614547922e+01
1.56500e+03 7.5819772765e+04 1.5450062756e+02
1.56600e+03 7.5898964355e+04 1.0835451705e+02
1.56700e+03 7.5979744418e+04 1.8577794263e+02
1.56800e+03 7.6053642784e+04 2.4574298180e+00
1.56900e+03 7.6126697707e+04 9.6143408233e+01
1.57000e+03 7.6200265861e+04 9.5717053472e+01
1.57100e+03 7.6272340232e+04 1.1034131588e+02
1.57200e+03 7.6344870258e+04 5.6590289621e+02
1.57300e+03 7.6417931752e+04 9.5627907299e+01
1.57400e+03 7.6491534452e+04 9.5566825425e+01
1.57500e+03 7.6564586071e+04 9.5461384565e+01
1.57600e+03 7.6644689625e+04 2.9329330816e+02
1.57700e+03 7.6723930946e+04 4.3147540266e+02
1.57800e+03 7.6802566604e+04 2.8044120858e+02
1.57900e+03 7.6882958061e+04 1.9315896102e+02
1.58000e+03 7.6962875013e+04 1.9277919993e+02
1.58100e+03 7.7041872135e+04 1.0642453135e+02
1.58200e+03 7.7120310489e+04 1.0612080367e+02
1.58300e+03 7.7199225686e+04 1.0593275761e+02
1.58400e+03 7.7277623144e+04 1.0578592799e+02
1.58500e+03 7.7357814145e+04 1.0870320340e+02
1.58600e+03 7.7431294724e+04 9.5243801662e+01
1.58700e+03 7.7504010759e+04 1.0856807463e+02
1.58800e+03 7.7583765486e+04 1.1442188064e+02
1.58900e+03 7.7663948858e+04 1.1429982961e+02
1.59000e+03 7.7737455021e+04 1.0848509067e+02
1.59100e+03 7.7810181771e+04 1.1431817364e+02
1.59200e+03 7.7883463166e+04 1.1397908772e+02
1.59300e+03 7.7955288557e+04 4.9160661221e+02
1.59400e+03 7.8027593945e+04 4.1333692688e+02
1.59500e+03 7.8100452952e+04 9.4311411625e+01
1.59600e+03 7.8173868930e+04 9.4351683151e+01
1.59700e+03 7.8246750096e+04 9.4279489800e+01
1.59800e+03 7.8326679447e+04 1.0837054890e+02
1.59900e+03 7.8406995431e+04 1.8856909753e+02
1.60000e+03 7.8480593113e+04 9.4366913650e+01
1.60100e+03 7.8553390217e+04 9.4188485076e+01
1.60200e+03 7.8633208748e+04 1.8826970823e+02
1.60300e+03 7.8712200640e+04 2.0031687225e+02
1.60400e+03 7.8782133235e+04 2.8012381387e+02
1.60500e+03 7.8852616101e+04 1.1320346474e+01
1.60600e+03 7.8929965321e+04 2.4693101284e+00
1.60700e+03 7.9007753427e+04 1.0291241243e+02
1.60800e+03 7.9085158665e+04 1.0286551723e+02
1.60900e+03 7.9161655423e+04 2.7734855598e+02
1.61000e+03 7.9237628857e+04 4.7476373878e+02
1.61100e+03 7.9314082944e+04 9.9842579137e+01
1.61200e+03 7.9381796345e+04 9.0898322173e+00
1.61300e+03 7.9450102830e+04 9.8119429909e+01
1.61400e+03 7.9525049899e+04 1.7508637696e+02
1.61500e+03 7.9600442378e+04 2.7527831497e+02
1.61600e+03 7.9669654864e+04 1.9903943855e+02
1.61700e+03 7.9738148369e+04 1.7509830997e+02
1.61800e+03 7.9807182649e+04 1.7474500493e+02
1.61900e+03 7.9875754958e+04 8.4647777775e+01
1.62000e+03 7.9944879417e+04 8.4653309470e+01
1.62100e+03 8.0012574776e+04 4.7015894229e+02
1.62200e+03 8.0080719520e+04 3.5793899613e+02
1.62300e+03 8.0148485829e+04 2.6684749944e+02
1.62400e+03 8.0225231793e+04 1.9797375732e+02
1.62500e+03 8.0302245162e+04 2.6733583170e+02
1.62600e+03 8.0378620730e+04 1.6923960898e+02
1.62700e+03 8.0456706799e+04 1.7183121930e+02
1.62800e+03 8.0528249334e+04 8.5119212480e+01
1.62900e+03 8.0599011611e+04 1.7179271692e+02
1.63000e+03 8.0670298432e+04 8.8664072822e+01
1.63100e+03 8.0740129903e+04 1.0213476674e+02
1.63200e+03 8.0810417088e+04 1.8687620809e+02
1.63300e+03 8.0880301714e+04 8.6672882597e+01
1.63400e+03 8.0959397224e+04 4.7693253956e+00
1.63500e+03 8.1040067994e+04 1.7619420337e+02
1.63600e+03 8.1113861624e+04 1.0220586348e+02
1.63700e+03 8.1186809943e+04 1.9286510784e+02
1.63800e+03 8.1266759336e+04 4.5013821233e+02
1.63900e+03 8.1345856859e+04 1.8877348562e+02
1.64000e+03 8.1415866526e+04 1.7928188120e+02
1.64100e+03 8.1485454559e+04 1.7880600622e+02
1.64200e+03 8.1555559953e+04 8.5749738552e+01
1.64300e+03 8.1625302560e+04 8.5818563079e+01
1.64400e+03 8.1704269731e+04 1.8640698943e+02
1.64500e+03 8.1784832841e+04 1.0683328315e+02
1.64600e+03 8.1864828731e+04 1.0677294625e+02
1.64700e+03 8.1945093956e+04 1.0636828748e+02
1.64800e+03 8.2018654671e+04 2.6412703067e+02
1.64900e+03 8.2090460642e+04 2.0633634465e+00
1.65000e+03 8.2162716923e+04 8.9944931678e+01
1.65100e+03 8.2234567884e+04 8.9899976896e+01
1.65200e+03 8.2306896677e+04 8.9882588559e+01
1.65300e+03 8.2378802628e+04 8.9847696245e+01
1.65400e+03 8.2460145330e+04 2.0484658033e+02
1.65500e+03 8.2543070377e+04 1.5501926786e+02
1.65600e+03 8.2625392436e+04 2.6345233715e+02
1.65700e+03 8.2707980994e+04 1.1049295011e+02
1.65800e+03 8.2790097085e+04 1.1017648897e+02
1.65900e+03 8.2871289298e+04 4.4650897098e+02
1.66000e+03 8.2943221721e+04 8.9361478402e+01
1.66100e+03 8.3015683395e+04 4.8427201212e+02
1.66200e+03 8.3095235305e+04 2.5641807839e+00
1.66300e+03 8.3175238428e+04 1.0491926116e+02
1.66400e+03 8.3254844653e+04 1.0486865648e+02
1.66500e+03 8.3334791232e+04 1.0470724374e+02
1.66600e+03 8.3414344074e+04 1.0454915383e+02
1.66700e+03 8.3494242891e+04 1.0439684310e+02
1.66800e+03 8.3567522220e+04 3.1211959676e+02
1.66900e+03 8.3639089637e+04 8.8933583603e+01
1.67000e+03 8.3720050317e+04 5.7857400809e+02
1.67100e+03 8.3801351080e+04 4.4269684750e+02
1.67200e+03 8.3873323513e+04 1.3081176840e+02
1.67300e+03 8.3944845082e+04 3.5327033130e+02
1.67400e+03 8.4025819793e+04 1.0690356504e+02
1.67500e+03 8.4108441386e+04 2.7227753601e+00
1.67600e+03 8.4184025610e+04 3.1329484865e+02
1.67700e+03 8.4258777720e+04 4.0618371405e+02
1.67800e+03 8.4340760948e+04 2.1361236535e+02
1.67900e+03 8.4421922231e+04 1.0665718127e+02
1.68000e+03 8.4493803497e+04 4.0568636317e+02
1.68100e+03 8.4565256608e+04 1.8257699591e+02
1.68200e+03 8.4646169507e+04 1.0648871210e+02
1.68300e+03 8.4728738816e+04 2.1334646901e+02
1.68400e+03 8.4804281911e+04 1.8235328862e+02
1.68500e+03 8.4878046997e+04 3.2845406994e+01
1.68600e+03 8.4952267439e+04 1.2275857877e+02
1.68700e+03 8.5027026570e+04 1.8217795655e+02
1.68800e+03 8.5102354347e+04 9.4173620482e+01
1.68900e+03 8.5177135329e+04 9.4101297638e+01
1.69000e+03 8.5252478082e+04 9.4022171636e+01
1.69100e+03 8.5327272959e+04 9.3942044644e+01
1.69200e+03 8.5402628401e+04 9.3860792163e+01
1.69300e+03 8.5477434653e+04 9.3778305755e+01
1.69400e+03 8.5552800723e+04 9.3695156026e+01
1.69500e+03 8.5626664092e+04 9.2200670507e+01
1.69600e+03 8.5710170200e+04 5.0063259218e+00
1.69700e+03 8.5793967464e+04 2.0112059235e+02
1.69800e+03 8.5868143506e+04 3.4307180271e+02
1.69900e+03 8.5942779271e+04 9.3430975001e+01
1.70000e+03 8.6024705938e+04 3.0741343516e+02
1.70100e+03 8.6107060600e+04 5.4118002648e+02
1.70200e+03 8.6188975777e+04 3.4212100308e+02
1.70300e+03 8.6271222716e+04 1.0738250732e+02
1.70400e+03 8.6353046089e+04 1.0718331962e+02
1.70500e+03 8.6435214981e+04 1.0699808986e+02
1.70600e+03 8.6510531880e+04 9.3288372374e+01
1.70700e+03 8.6584112780e+04 3.4244626210e+02
1.70800e+03 8.6658177852e+04 9.3226573699e+01
1.70900e+03 8.6731845448e+04 9.3220043547e+01
1.71000e+03 8.6815178131e+04 7.5463163813e+02
1.71100e+03 8.6898819073e+04 6.6661961659e+02
1.71200e+03 8.6981784537e+04 1.0928706903e+02
1.71300e+03 8.7066498825e+04 2.5453950913e+00
1.71400e+03 8.7150691811e+04 2.1891499342e+02
1.71500e+03 8.7235214640e+04 2.1850462007e+02
1.71600e+03 8.7319292403e+04 1.1105945427e+02
1.71700e+03 8.7402483802e+04 1.0872823837e+02
1.71800e+03 8.7485099579e+04 1.1082499030e+02
1.71900e+03 8.7568222574e+04 1.1064576110e+02
1.72000e+03 8.7650810901e+04 1.0795249918e+02
1.72100e+03 8.7733910760e+04 1.0782140965e+02
1.72200e+03 8.7816476878e+04 1.0769137906e+02
1.72300e+03 8.7900867169e+04 1.1081585677e+02
1.72400e+03 8.7978137298e+04 9.2838593069e+01
1.72500e+03 8.8053667653e+04 6.6809679987e+02
1.72600e+03 8.8139045429e+04 2.8116575109e+00
1.72700e+03 8.8226088822e+04 2.6531020781e+00
1.72800e+03 8.8305656834e+04 6.6972658540e+02
1.72900e+03 8.8384355592e+04 8.5906068973e+02
1.73000e+03 8.8463628336e+04 9.9592294949e+01
1.73100e+03 8.8542339425e+04 9.9505033814e+01
1.73200e+03 8.8621650846e+04 9.9444206460e+01
1.73300e+03 8.8700394479e+04 9.9377305563e+01
1.73400e+03 8.8786855274e+04 2.1807656867e+02
1.73500e+03 8.8873732650e+04 5.0945830519e+02
1.73600e+03 8.8960118924e+04 4.0653627933e+02
1.73700e+03 8.9046842778e+04 1.1421039014e+02
1.73800e+03 8.9133105409e+04 1.1397253674e+02
1.73900e+03 8.9219727460e+04 1.1375676186e+02
1.74000e+03 8.9305907764e+04 1.1356067832e+02
1.74100e+03 8.9392460589e+04 1.1337789102e+02
1.74200e+03 8.9478582568e+04 1.1320618800e+02
1.74300e+03 8.9563849191e+04 1.1255929786e+02
1.74400e+03 8.9639486418e+04 1.0584572420e+03
1.74500e+03 8.9714690321e+04 3.9083829140e+02
1.74600e+03 8.9799807541e+04 7.4735394213e+02
1.74700e+03 8.9886626687e+04 1.1335930318e+02
1.74800e+03 8.9972887677e+04 1.1338495477e+02
1.74900e+03 9.0058249266e+04 7.4670155479e+02
1.75000e+03 9.0133940953e+04 9.1930892371e+01
1.75100e+03 9.0210139714e+04 5.6548927498e+02
1.75200e+03 9.0293868091e+04 2.5326137018e+00
1.75300e+03 9.0378077187e+04 1.0813143848e+02
1.75400e+03 9.0461871330e+04 1.0808907352e+02
1.75500e+03 9.0544799085e+04 2.4338340704e+00
1.75600e+03 9.0618325478e+04 4.7088205872e+02
1.75700e+03 9.0692395174e+04 1.0332183794e+02
1.75800e+03 9.0767123536e+04 7.6283717143e+02
1.75900e+03 9.0840439742e+04 5.6036244099e+02
1.76000e+03 9.0914281697e+04 1.0353407877e+02
1.76100e+03 9.0987734707e+04 1.0356734835e+02
1.76200e+03 9.1070838451e+04 2.1925577542e+02
1.76300e+03 9.1154254343e+04 3.0791812953e+02
1.76400e+03 9.1237002364e+04 1.9434093064e+02
1.76500e+03 9.1320192555e+04 1.0552741527e+02
1.76600e+03 9.1393926557e+04 8.6892037329e+01
1.76700e+03 9.1467213837e+04 1.0558738779e+02
1.76800e+03 9.1541052441e+04 1.0558640224e+02
1.76900e+03 9.1614514703e+04 8.6707825263e+01
1.77000e+03 9.1688491298e+04 8.6759109081e+01
1.77100e+03 9.1763017075e+04 8.9045364937e+01
1.77200e+03 9.1844799401e+04 2.9810672468e+02
1.77300e+03 9.1926981551e+04 4.0376265763e+02
1.77400e+03 9.2002263308e+04 2.7965630233e+02
1.77500e+03 9.2076737148e+04 2.7932471037e+02
1.77600e+03 9.2151769314e+04 8.8649206386e+01
1.77700e+03 9.2225328647e+04 8.6769421789e+01
1.77800e+03 9.2308520970e+04 2.0910654219e+02
1.77900e+03 9.2392025644e+04 2.0921191967e+02
1.78000e+03 9.2474857107e+04 1.0540149515e+02
1.78100e+03 9.2559436955e+04 1.6111556746e+02
1.78200e+03 9.2643496852e+04 2.6647237625e+02
1.78300e+03 9.2726649644e+04 1.0494421076e+02
1.78400e+03 9.2800352465e+04 8.8625022346e+01
1.78500e+03 9.2874574883e+04 1.9579716876e+02
1.78600e+03 9.2949438586e+04 1.9543290826e+02
1.78700e+03 9.3022874068e+04 1.4086448456e+02
1.78800e+03 9.3096822535e+04 1.9584701690e+02
1.78900e+03 9.3170370618e+04 1.4331183271e+02
1.79000e+03 9.3253568533e+04 1.0520571814e+02
1.79100e+03 9.3338375944e+04 1.9546503823e+02
1.79200e+03 9.3415903962e+04 8.8738940911e+01
1.79300e+03 9.3492564707e+04 1.7883796961e+02
1.79400e+03 9.3576661978e+04 1.9530694677e+02
1.79500e+03 9.3661173601e+04 1.0706641113e+02
1.79600e+03 9.3745217700e+04 1.0690617290e+02
1.79700e+03 9.3829593103e+04 1.0666304499e+02
1.79800e+03 9.3913525985e+04 1.0644516598e+02
1.79900e+03 9.3996573777e+04 1.4309423208e+02
1.80000e+03 9.4079048672e+04 3.5841511062e+02
1.80100e+03 9.4162031576e+04 3.1989308853e+02
1.80200e+03 9.4235627308e+04 1.7830639706e+02
1.80300e+03 9.4308805726e+04 3.1958831103e+02
1.80400e+03 9.4391662810e+04 1.0376839179e+02
1.80500e+03 9.4474897076e+04 1.0391598572e+02
1.80600e+03 9.4548626766e+04 2.2681817389e+02
1.80700e+03 9.4621904191e+04 1.0376363061e+02
1.80800e+03 9.4695729352e+04 1.0375533782e+02
1.80900e+03 9.4769176987e+04 8.4918638431e+01
1.81000e+03 9.4852279441e+04 1.0405744037e+02
1.81100e+03 9.4937003435e+04 1.0668731330e+02
1.81200e+03 9.5021137998e+04 2.0739995224e+02
1.81300e+03 9.5105567376e+04 2.0689793493e+02
1.81400e+03 9.5182886074e+04 5.0755298979e+02
1.81500e+03 9.5258424723e+04 2.1295967211e+01
1.81600e+03 9.5334446394e+04 1.0830490158e+02
1.81700e+03 9.5411006102e+04 5.0694440083e+02
1.81800e+03 9.5488155793e+04 9.1090645524e+01
1.81900e+03 9.5563801670e+04 8.9098871667e+01
1.82000e+03 9.5639937682e+04 8.9124114045e+01
1.82100e+03 9.5716589999e+04 9.1092163304e+01
1.82200e+03 9.5793815974e+04 9.1077354861e+01
1.82300e+03 9.5869522896e+04 8.9096035716e+01
1.82400e+03 9.5945710258e+04 8.9058289304e+01
1.82500e+03 9.6022405531e+04 9.1029233440e+01
1.82600e+03 9.6099668816e+04 9.0975514346e+01
1.82700e+03 9.6176359734e+04 9.0880184602e+01
1.82800e+03 9.6260522060e+04 1.0610115401e+02
1.82900e+03 9.6345081167e+04 3.4100300060e+02
1.83000e+03 9.6422494349e+04 9.0939202279e+01
1.83100e+03 9.6499069307e+04 9.0732302217e+01
1.83200e+03 9.6576207686e+04 9.0366766595e+01
1.83300e+03 9.6652802694e+04 9.0296449812e+01
1.83400e+03 9.6736880897e+04 3.4057787421e+02
1.83500e+03 9.6820137315e+04 3.7097139877e+02
1.83600e+03 9.6893896494e+04 3.4311638976e+02
1.83700e+03 9.6967207100e+04 4.2934618855e+02
1.83800e+03 9.7041066888e+04 8.3472878406e+01
1.83900e+03 9.7115508297e+04 2.1535989408e+00
1.84000e+03 9.7190542904e+04 1.7147465093e+02
1.84100e+03 9.7265052710e+04 1.7137157302e+02
1.84200e+03 9.7346814234e+04 2.3166789773e+00
1.84300e+03 9.7427747935e+04 4.2383996175e+02
1.84400e+03 9.7499418448e+04 8.3487211435e+01
1.84500e+03 9.7571621799e+04 2.3064541321e+00
1.84600e+03 9.7644446319e+04 8.1162251704e+01
1.84700e+03 9.7716800138e+04 8.1231557046e+01
1.84800e+03 9.7789741418e+04 8.1267084967e+01
1.84900e+03 9.7862182794e+04 8.1273375675e+01
1.85000e+03 9.7941650370e+04 3.4498721273e+02
1.85100e+03 9.8020284899e+04 8.1104552125e+01
1.85200e+03 9.8098344824e+04 8.6999746790e+02
1.85300e+03 9.8176869385e+04 9.2455234735e+01
1.85400e+03 9.8254870925e+04 9.2304393976e+01
1.85500e+03 9.8333350974e+04 9.2167578071e+01
1.85600e+03 9.8402878404e+04 1.5789519742e+02
1.85700e+03 9.8472018673e+04 3.4740008569e+02
1.85800e+03 9.8541698825e+04 1.0149063988e+02
1.85900e+03 9.8611043004e+04 7.4553068097e+01
1.86000e+03 9.8680883305e+04 7.4638664956e+01
1.86100e+03 9.8751307046e+04 2.0176358941e+00
1.86200e+03 9.8822284098e+04 2.5504430924e+02
1.86300e+03 9.8892754920e+04 2.5483634565e+02
1.86400e+03 9.8970016108e+04 2.6325525012e+02
1.86500e+03 9.9047664328e+04 7.6257312501e+02
1.86600e+03 9.9124896196e+04 1.4903843289e+02
1.86700e+03 9.9201194859e+04 1.4673179956e+02
1.86800e+03 9.9276954790e+04 2.3890155528e+02
1.86900e+03 9.9353182718e+04 8.9678732937e+01
1.87000e+03 9.9428916152e+04 8.7079871175e+01
1.87100e+03 9.9506434462e+04 8.9954408581e+01
1.87200e+03 9.9583534064e+04 8.9732188314e+01
1.87300e+03 9.9659728905e+04 8.6959705053e+01
1.87400e+03 9.9735408750e+04 8.6819156621e+01
1.87500e+03 9.9811572127e+04 8.6700872588e+01
1.87600e+03 9.9879027188e+04 7.4364217640e+01
1.87700e+03 9.9946123404e+04 3.3579066059e+02
1.87800e+03 1.0001375071e+05 2.5887765897e+02
1.87900e+03 1.0008105948e+05 6.9646590599e+01
1.88000e+03 1.0014885437e+05 6.9744527027e+01
1.88100e+03 1.0021629048e+05 6.9802118150e+01
1.88200e+03 1.0029268575e+05 8.7329600842e+01
1.88300e+03 1.0036936010e+05 1.3961979343e+02
1.88400e+03 1.0043713856e+05 6.9715883069e+01
1.88500e+03 1.0050545039e+05 1.7756777986e+02
1.88600e+03 1.0058035210e+05 3.0801111588e+02
1.88700e+03 1.0065566331e+05 3.9513846510e+02
1.88800e+03 1.0073059664e+05 8.4565931191e+01
1.88900e+03 1.0080460137e+05 6.6976548508e+01
1.89000e+03 1.0087809392e+05 2.2111177796e+02
1.89100e+03 1.0095335663e+05 8.4432857420e+01
1.89200e+03 1.0102240605e+05 4.7283649670e+02
1.89300e+03 1.0108978634e+05 1.6896830750e+02
1.89400e+03 1.0116608494e+05 8.7154459713e+01
1.89500e+03 1.0124269930e+05 1.8905489213e+02
1.89600e+03 1.0131044867e+05 1.6877024894e+02
1.89700e+03 1.0137874283e+05 3.9216680003e+02
1.89800e+03 1.0145363360e+05 1.7119853520e+02
1.89900e+03 1.0152770103e+05 2.5469404688e+00
1.90000e+03 1.0159321926e+05 1.1969494072e-01
1.90100e+03 1.0165838475e+05 8.4852501988e+01
1.90200e+03 1.0172405872e+05 8.2572562701e+01
1.90300e+03 1.0179037903e+05 1.6905348616e+02
1.90400e+03 1.0186305836e+05 4.7558368604e+00
1.90500e+03 1.0193488260e+05 6.2522606806e+01
1.90600e+03 1.0200619398e+05 1.4182114108e+02
1.90700e+03 1.0207925480e+05 1.6407436443e+02
1.90800e+03 1.0215191819e+05 7.9546084582e+01
1.90900e+03 1.0222364868e+05 7.6819784151e+01
1.91000e+03 1.0228708353e+05 8.4228485024e+01
1.91100e+03 1.0235114378e+05 7.2455399062e+01
1.91200e+03 1.0242136057e+05 5.7194429173e+01
1.91300e+03 1.0249076160e+05 4.9012538496e+00
1.91400e+03 1.0255209972e+05 7.0286219114e+01
1.91500e+03 1.0261313868e+05 2.1499944711e+02
1.91600e+03 1.0268248391e+05 7.9673172868e+01
1.91700e+03 1.0275345191e+05 1.3451096121e+02
1.91800e+03 1.0282397819e+05 7.5044906429e+01
1.91900e+03 1.0289352899e+05 7.2512542043e+01
1.92000e+03 1.0295498205e+05 5.6048833094e+01
1.92100e+03 1.0301611069e+05 5.6082458975e+01
1.92200e+03 1.0308553822e+05 7.2522331651e+01
1.92300e+03 1.0315527886e+05 7.2639655179e+01
1.92400e+03 1.0322448747e+05 7.2348082945e+01
1.92500e+03 1.0329410231e+05 7.2149930287e+01
1.92600e+03 1.0336324026e+05 7.2007130170e+01
1.92700e+03 1.0343411420e+05 7.4875793618e+01
1.92800e+03 1.0349919783e+05 5.2041203002e+02
1.92900e+03 1.0356263697e+05 1.6512523069e+02
1.93000e+03 1.0362648742e+05 2.2338386516e+02
1.93100e+03 1.0369096292e+05 1.7501649036e+02
1.93200e+03 1.0376155890e+05 1.4731545980e+02
1.93300e+03 1.0383251494e+05 1.4725025156e+02
1.93400e+03 1.0389769529e+05 1.6505681740e+02
1.93500e+03 1.0396120967e+05 6.0420988991e+01
1.93600e+03 1.0402512426e+05 6.0424717810e+01
1.93700e+03 1.0408869459e+05 6.0420242372e+01
1.93800e+03 1.0415268971e+05 6.0440349266e+01
1.93900e+03 1.0421632321e+05 6.0443087222e+01
1.94000e+03 1.0428845877e+05 7.7655768664e+01
1.94100e+03 1.0436214013e+05 6.2943074713e+01
1.94200e+03 1.0442964766e+05 1.8343021792e+02
1.94300e+03 1.0449541818e+05 2.1370146693e+00
1.94400e+03 1.0456986235e+05 6.5188742634e+01
1.94500e+03 1.0464586952e+05 1.8557259963e+02
1.94600e+03 1.0471547236e+05 4.2301897924e+00
1.94700e+03 1.0478426851e+05 3.5668515740e+02
1.94800e+03 1.0485354593e+05 7.0686238800e+01
1.94900e+03 1.0492230954e+05 7.0583008132e+01
1.95000e+03 1.0499764211e+05 3.2766191811e+02
1.95100e+03 1.0507209833e+05 2.5786646741e+02
1.95200e+03 1.0514599075e+05 1.8483527712e+02
1.95300e+03 1.0522031258e+05 1.4612775341e+02
1.95400e+03 1.0528607093e+05 2.0580484037e+02
1.95500e+03 1.0535241488e+05 6.6085364474e+00
1.95600e+03 1.0541933441e+05 7.4756469278e+01
1.95700e+03 1.0548486776e+05 2.0536186723e+02
1.95800e+03 1.0555085280e+05 6.3859106179e+01
1.95900e+03 1.0561744409e+05 6.5900861429e+01
1.96000e+03 1.0569039039e+05 7.8278624247e+01
1.96100e+03 1.0576245768e+05 1.2087759521e+02
1.96200e+03 1.0583399046e+05 1.9906198691e+02
1.96300e+03 1.0590725866e+05 1.5933108464e+02
1.96400e+03 1.0598011426e+05 1.2066602127e+02
1.96500e+03 1.0605202579e+05 7.5575036924e+01
1.96600e+03 1.0612343629e+05 7.5377176806e+01
1.96700e+03 1.0619660406e+05 1.2044492356e+02
1.96800e+03 1.0626937890e+05 7.7993845880e+01
1.96900e+03 1.0634122349e+05 7.5234855738e+01
1.97000e+03 1.0641257847e+05 7.5104108094e+01
1.97100e+03 1.0648569899e+05 7.7868598428e+01
1.97200e+03 1.0655282160e+05 6.6038037905e+01
1.97300e+03 1.0661829234e+05 2.8979423094e+02
1.97400e+03 1.0668419507e+05 2.8942212402e+02
1.97500e+03 1.0674975467e+05 6.3159972155e+01
1.97600e+03 1.0681576275e+05 6.3202164867e+01
1.97700e+03 1.0688140373e+05 6.3220331860e+01
1.97800e+03 1.0694747819e+05 6.3223488147e+01
1.97900e+03 1.0701317380e+05 6.3214908216e+01
1.98000e+03 1.0707929380e+05 6.3197226024e+01
1.98100e+03 1.0714502733e+05 6.3171947914e+01
1.98200e+03 1.0721118019e+05 6.3141643924e+01
1.98300e+03 1.0727790292e+05 2.1113947705e+02
1.98400e+03 1.0734512165e+05 5.3331047132e+02
1.98500e+03 1.0741088289e+05 6.3106213366e+01
1.98600e+03 1.0747705290e+05 6.3060256492e+01
1.98700e+03 1.0754283394e+05 6.3016986394e+01
1.98800e+03 1.0761734814e+05 8.3654718117e+00
1.98900e+03 1.0769210538e+05 4.5652171015e+02
1.99000e+03 1.0775813688e+05 6.2815461921e+01
1.99100e+03 1.0782469825e+05 3.8757976332e+02
1.99200e+03 1.0789179793e+05 1.2587803007e+02
1.99300e+03 1.0795747824e+05 6.2651922316e+01
1.99400e+03 1.0802359026e+05 6.2669788892e+01
1.99500e+03 1.0808932978e+05 6.2666326971e+01
1.99600e+03 1.0815549708e+05 6.2658940060e+01
1.99700e+03 1.0822223906e+05 1.2593276016e+02
1.99800e+03 1.0828947980e+05 1.2533399366e+02
1.99900e+03 1.0835621706e+05 1.2520394361e+02
2.00000e+03 1.0842929454e+05 5.2895229838e+02
