0.00000e+00 0.0000000000e+00 0.0000000000e+00
1.00000e+00 5.3325691798e-01 5.3325691798e-01
2.00000e+00 1.0803639568e+00 5.4710703885e-01
3.00000e+00 1.6252317516e+00 1.0914277266e+00
4.00000e+00 2.1739222856e+00 1.0919197941e+00
5.00000e+00 2.6902702036e+00 5.1634791800e-01
6.00000e+00 3.1112322609e+00 9.5368571827e-01
7.00000e+00 3.5611773112e+00 1.5540759384e+00
8.00000e+00 4.0167962503e+00 2.5408644627e+00
9.00000e+00 4.4343989971e+00 1.3703347793e+00
1.00000e+01 4.8553798195e+00 1.5525406276e+00
1.10000e+01 5.3095559121e+00 9.0516683449e-01
1.20000e+01 5.7702141865e+00 8.8032259620e-02
1.30000e+01 6.1977838587e+00 2.4149418737e+00
1.40000e+01 6.5394928851e+00 8.2498987168e-01
1.50000e+01 6.9136431356e+00 8.0025842096e-02
1.60000e+01 7.2881454135e+00 1.7518662065e+00
1.70000e+01 7.6301043584e+00 7.3855415456e-01
1.80000e+01 7.8952948968e+00 1.5646430429e-01
1.90000e+01 8.1950544302e+00 6.8684360367e-01
2.00000e+01 8.4879333445e+00 6.5619223683e-01
2.10000e+01 8.7799033057e+00 3.1556361982e+00
2.20000e+01 9.0991598653e+00 1.3741102319e+00
2.30000e+01 9.3780645127e+00 2.0801470295e+00
2.40000e+01 9.7309402449e+00 4.5956925931e+00
2.50000e+01 1.0126141378e+01 1.0323117203e-01
2.60000e+01 1.0531680260e+01 8.6282322324e-02
2.70000e+01 1.0892792082e+01 1.5017269134e+00
2.80000e+01 1.1252203262e+01 2.1319157809e+00
2.90000e+01 1.1643257671e+01 7.8899271580e-01
3.00000e+01 1.2037237178e+01 1.3399790033e+00
3.10000e+01 1.2428769994e+01 1.3391174325e+00
3.20000e+01 1.2822081294e+01 7.7377545274e-01
3.30000e+01 1.3176658628e+01 7.0372963843e-01
3.40000e+01 1.3616211625e+01 1.8980520561e-01
3.50000e+01 1.4098282319e+01 2.2406720586e+00
3.60000e+01 1.4582322440e+01 9.0728821288e-02
3.70000e+01 1.5055989106e+01 9.4577361885e-01
3.80000e+01 1.5529354719e+01 3.0986887854e+00
3.90000e+01 1.5968238233e+01 2.0704005933e+00
4.00000e+01 1.6398694564e+01 2.2293347211e+00
4.10000e+01 1.6872193546e+01 9.3321588666e-01
4.20000e+01 1.7350717102e+01 9.3931127995e-01
4.30000e+01 1.7784133851e+01 1.7852960762e+00
4.40000e+01 1.8306313772e+01 1.0240062599e+00
4.50000e+01 1.8836980350e+01 2.8212219794e+00
4.60000e+01 1.9267439287e+01 2.5575844457e+00
4.70000e+01 1.9689198537e+01 1.0113247538e+00
4.80000e+01 2.0116679254e+01 1.0073352089e+00
4.90000e+01 2.0576915762e+01 9.2494181096e-01
5.00000e+01 2.1044135899e+01 1.9623833870e+00
5.10000e+01 2.1477778054e+01 7.3489139728e-01
5.20000e+01 2.1824828260e+01 8.0430511037e-02
5.30000e+01 2.2203790391e+01 1.7919241642e+00
5.40000e+01 2.2583261515e+01 6.4640749297e-01
5.50000e+01 2.2961739821e+01 2.5111614139e+00
5.60000e+01 2.3359285853e+01 2.6331715850e+00
5.70000e+01 2.3714460637e+01 6.8498127420e-01
5.80000e+01 2.4151085189e+01 2.4230948834e+00
5.90000e+01 2.4596505135e+01 1.6005337592e+00
6.00000e+01 2.4950002578e+01 9.4301773339e-01
6.10000e+01 2.5334073838e+01 7.6244900143e-01
6.20000e+01 2.5723238014e+01 7.5330469650e-01
6.30000e+01 2.6111283811e+01 7.5652592836e-01
6.40000e+01 2.6495755693e+01 1.6039339841e+00
6.50000e+01 2.6878515869e+01 1.6066119196e+00
6.60000e+01 2.7267594864e+01 7.4892674808e-01
6.70000e+01 2.7623351730e+01 8.9663080517e-02
6.80000e+01 2.7899544093e+01 1.4401508751e+00
6.90000e+01 2.8207883030e+01 1.4066708332e+00
7.00000e+01 2.8508431100e+01 8.8530925295e-02
7.10000e+01 2.8807336386e+01 5.7588053634e-01
7.20000e+01 2.9132489489e+01 2.0970224927e+00
7.30000e+01 2.9452926499e+01 6.2064584968e-01
7.40000e+01 2.9758752188e+01 5.8058227524e-01
7.50000e+01 3.0029995094e+01 6.2716543235e-01
7.60000e+01 3.0230697418e+01 1.9497993262e+00
7.70000e+01 3.0466221664e+01 8.4912763154e-02
7.80000e+01 3.0687087287e+01 8.4960066208e-02
7.90000e+01 3.0873842513e+01 1.8633618459e+00
8.00000e+01 3.0998414449e+01 1.6095823832e-01
8.10000e+01 3.1123455271e+01 3.9377037251e+00
8.20000e+01 3.1315733765e+01 3.0148029485e+00
8.30000e+01 3.1516925179e+01 3.6669541493e-01
8.40000e+01 3.1648997747e+01 2.3107498060e-01
8.50000e+01 3.1816996023e+01 6.7525970835e-02
8.60000e+01 3.1963237514e+01 1.3705436299e+00
8.70000e+01 3.2073990991e+01 9.0437936088e-02
8.80000e+01 3.2129116346e+01 7.6947214091e-02
8.90000e+01 3.2185908680e+01 4.4480801966e-01
9.00000e+01 3.2302473470e+01 2.0026751652e-01
9.10000e+01 3.2460224600e+01 1.7231455180e+00
9.20000e+01 3.2650582944e+01 1.0683401526e+00
9.30000e+01 3.2801518331e+01 2.9421030200e-01
9.40000e+01 3.3011551872e+01 4.6007086014e-01
9.50000e+01 3.3261144701e+01 9.1841698881e-02
9.60000e+01 3.3533631105e+01 3.7604415192e-01
9.70000e+01 3.3799908094e+01 1.5412186338e+00
9.80000e+01 3.4063340745e+01 5.0131156603e-01
9.90000e+01 3.4287613691e+01 5.3294834780e-01
1.00000e+02 3.4511699322e+01 1.4396549792e+00
1.01000e+02 3.4731991178e+01 4.1547332749e-01
1.02000e+02 3.5025389461e+01 1.7511459881e-01
1.03000e+02 3.5358781094e+01 8.6023947678e-01
1.04000e+02 3.5691480504e+01 1.4138416242e+00
1.05000e+02 3.6018520613e+01 6.2963558555e-01
1.06000e+02 3.6366041923e+01 5.2119659434e-01
1.07000e+02 3.6669018993e+01 8.2685213332e-02
1.08000e+02 3.7044936949e+01 1.5709048614e+00
1.09000e+02 3.7461411307e+01 8.9434248491e-02
1.10000e+02 3.7885093188e+01 1.5876309910e-01
1.11000e+02 3.8262685041e+01 1.3994338064e+00
1.12000e+02 3.8721156836e+01 1.7189865270e-01
1.13000e+02 3.9186365314e+01 2.9301332340e+00
1.14000e+02 3.9637912965e+01 8.8419698915e-01
1.15000e+02 4.0130227150e+01 1.1913245172e-01
1.16000e+02 4.0623916095e+01 1.4680414365e+00
1.17000e+02 4.1070915249e+01 1.1244468475e+00
1.18000e+02 4.1606784876e+01 8.4321976257e-02
1.19000e+02 4.2184576169e+01 1.5520505025e+00
1.20000e+02 4.2754237224e+01 1.1992945110e+00
1.21000e+02 4.3310747647e+01 4.1349920339e+00
1.22000e+02 4.3874916887e+01 2.6193323650e+00
1.23000e+02 4.4435951025e+01 1.1813380621e+00
1.24000e+02 4.4999464254e+01 1.1795007132e+00
1.25000e+02 4.5529729470e+01 1.0326071843e+00
1.26000e+02 4.5963575777e+01 4.3185676374e+00
1.27000e+02 4.6425254650e+01 9.9224145927e-01
1.28000e+02 4.6891968466e+01 1.9780917850e+00
1.29000e+02 4.7320096051e+01 1.9155189305e+00
1.30000e+02 4.7751180347e+01 9.8848720719e-01
1.31000e+02 4.8214791745e+01 8.9097320866e-01
1.32000e+02 4.8685453586e+01 9.2851387239e-02
1.33000e+02 4.9122792881e+01 2.7447256450e+00
1.34000e+02 4.9552685941e+01 3.6675789296e+00
1.35000e+02 5.0026307844e+01 1.8887014577e+00
1.36000e+02 5.0505214962e+01 9.0227553722e-01
1.37000e+02 5.0939488615e+01 1.8199045732e+00
1.38000e+02 5.1463079703e+01 1.6550264957e-01
1.39000e+02 5.1995419679e+01 1.0865976124e+00
1.40000e+02 5.2427559122e+01 1.6517042030e+00
1.41000e+02 5.2888309062e+01 8.9851180390e-01
1.42000e+02 5.3356724104e+01 2.8982723497e+00
1.43000e+02 5.3823546008e+01 1.9067748586e+00
1.44000e+02 5.4295529947e+01 8.9473058870e-01
1.45000e+02 5.4734805547e+01 5.6539119119e-01
1.46000e+02 5.5086785282e+01 5.6886762711e-02
1.47000e+02 5.5469233974e+01 1.8277362059e+00
1.48000e+02 5.5857135751e+01 2.6325164203e+00
1.49000e+02 5.6207943090e+01 7.9715627630e-01
1.50000e+02 5.6644477183e+01 1.8178110896e+00
1.51000e+02 5.7124472219e+01 1.6308554400e+00
1.52000e+02 5.7603345868e+01 1.6361142937e+00
1.53000e+02 5.8047484681e+01 1.1624009248e+00
1.54000e+02 5.8402648416e+01 1.8290924701e+00
1.55000e+02 5.8787625633e+01 1.6370067051e+00
1.56000e+02 5.9172256637e+01 9.4242645176e-02
1.57000e+02 5.9523552454e+01 6.3371254606e-01
1.58000e+02 5.9797056023e+01 1.5537095324e+00
1.59000e+02 6.0067398368e+01 3.2989542066e+00
1.60000e+02 6.0419996703e+01 1.5452888256e+00
1.61000e+02 6.0816149895e+01 7.3264148372e-01
1.62000e+02 6.1222779438e+01 2.1477871969e+00
1.63000e+02 6.1585653967e+01 9.2532184305e-02
1.64000e+02 6.1947262419e+01 6.7423426754e-01
1.65000e+02 6.2340665553e+01 1.2434335968e+00
1.66000e+02 6.2737182645e+01 7.3838797933e-01
1.67000e+02 6.3094823576e+01 6.6832643549e-01
1.68000e+02 6.3454339061e+01 6.6556514246e-01
1.69000e+02 6.3846750421e+01 7.3665781712e-01
1.70000e+02 6.4238044733e+01 7.3857215038e-01
1.71000e+02 6.4595018484e+01 2.8962933672e+00
1.72000e+02 6.4872436323e+01 6.4222618236e-01
1.73000e+02 6.5183083768e+01 8.1763914528e-02
1.74000e+02 6.5486918725e+01 1.9127857588e+00
1.75000e+02 6.5789178209e+01 2.5548128428e+00
1.76000e+02 6.6099092130e+01 5.5809188003e-01
1.77000e+02 6.6375413314e+01 5.6093138910e-01
