0.00000e+00 0.0000000000e+00 0.0000000000e+00
1.00000e+00 3.4518609955e-01 3.4518609955e-01
2.00000e+00 6.8872659451e-01 6.8838140841e-01
3.00000e+00 9.9332990945e-01 3.0460331493e-01
4.00000e+00 1.3761219275e+00 3.8279201805e-01
5.00000e+00 1.8077263539e+00 1.1192974534e+00
6.00000e+00 2.2127579359e+00 6.1491087046e-02
7.00000e+00 2.6059214285e+00 4.7096940373e-01
8.00000e+00 2.9802075775e+00 1.1490832949e+00
9.00000e+00 3.3782418721e+00 8.0197081807e-01
1.00000e+01 3.8048772561e+00 1.5448135399e+00
1.10000e+01 4.2068714976e+00 8.2596551445e-01
1.20000e+01 4.6088571999e+00 7.9812296759e-01
1.30000e+01 5.0060154770e+00 7.9644882705e-01
1.40000e+01 5.3985580654e+00 7.8620926430e-01
1.50000e+01 5.7830098157e+00 7.5681324319e-01
1.60000e+01 6.1505798945e+00 1.1601489229e+00
1.70000e+01 6.5432367364e+00 7.8092161984e-01
1.80000e+01 6.9624290835e+00 8.1769651208e-01
1.90000e+01 7.3297920147e+00 2.6742859168e+00
2.00000e+01 7.6629045261e+00 7.4568313078e-01
2.10000e+01 7.9905230800e+00 3.6761268721e-02
2.20000e+01 8.3160033938e+00 6.7635391620e-01
2.30000e+01 8.6244999530e+00 1.8279710305e+00
2.40000e+01 8.9218141067e+00 5.9939544057e-01
2.50000e+01 9.2139221595e+00 5.8240753873e-01
2.60000e+01 9.5053807001e+00 5.7596951800e-01
2.70000e+01 9.7950539743e+00 5.7295876999e-01
2.80000e+01 1.0164766400e+01 2.6585320381e+00
2.90000e+01 1.0584592069e+01 1.4821107865e+00
3.00000e+01 1.0981192712e+01 1.8972495773e+00
3.10000e+01 1.1364770939e+01 9.3904952226e-02
3.20000e+01 1.1730402532e+01 7.4036991171e-01
3.30000e+01 1.2086194211e+01 7.1184299349e-01
3.40000e+01 1.2524857813e+01 8.2128592647e-01
3.50000e+01 1.3009673414e+01 1.9603422596e+00
3.60000e+01 1.3467750719e+01 8.6641885975e-01
3.70000e+01 1.3918951492e+01 3.5318875305e+00
3.80000e+01 1.4392453230e+01 3.4933199844e+00
3.90000e+01 1.4827241272e+01 2.7261816932e+00
4.00000e+01 1.5258207515e+01 1.9634234030e+00
4.10000e+01 1.5713821869e+01 9.1787254673e-01
4.20000e+01 1.6166285197e+01 8.9167022033e-01
4.30000e+01 1.6622443254e+01 9.5489416212e-01
4.40000e+01 1.7125754759e+01 9.7656109164e-01
4.50000e+01 1.7628042179e+01 1.8976116929e+00
4.60000e+01 1.8078624119e+01 1.7500207646e+00
4.70000e+01 1.8525066967e+01 8.8602062551e-01
4.80000e+01 1.8965699561e+01 8.7330387041e-01
4.90000e+01 1.9402888017e+01 8.6317617417e-01
5.00000e+01 1.9839719143e+01 8.5851153017e-01
5.10000e+01 2.0263124965e+01 9.4283229632e-01
5.20000e+01 2.0755653954e+01 9.8071573496e-01
5.30000e+01 2.1290325302e+01 2.6183977760e+00
5.40000e+01 2.1797933418e+01 7.0776989962e-02
5.50000e+01 2.2295520073e+01 1.0539158523e+00
5.60000e+01 2.2854641760e+01 1.6908738253e+00
5.70000e+01 2.3450766370e+01 1.3215947437e-01
5.80000e+01 2.4025637671e+01 3.7661309305e+00
5.90000e+01 2.4591386418e+01 1.1219419414e+00
6.00000e+01 2.5166463443e+01 3.7142777711e-01
6.10000e+01 2.5742903692e+01 1.7680365452e+00
6.20000e+01 2.6285010563e+01 3.8525448408e+00
6.30000e+01 2.6838195052e+01 2.1966730685e+00
6.40000e+01 2.7427396750e+01 1.1351503955e+00
6.50000e+01 2.7990585472e+01 1.1314552211e+00
6.60000e+01 2.8544880514e+01 1.0954171101e+00
6.70000e+01 2.9089797441e+01 3.8094802328e+00
6.80000e+01 2.9612519683e+01 1.0486438871e-01
6.90000e+01 3.0104901059e+01 2.1675338248e+00
7.00000e+01 3.0608145557e+01 5.1050543767e-02
7.10000e+01 3.1074860135e+01 2.6557175913e-02
7.20000e+01 3.1515144837e+01 2.0829287505e+00
7.30000e+01 3.1920201251e+01 3.1121542659e+00
7.40000e+01 3.2313594350e+01 7.7253520010e-01
7.50000e+01 3.2699788766e+01 7.5290066623e-01
7.60000e+01 3.3166902656e+01 2.2911632828e+00
7.70000e+01 3.3680953592e+01 9.9418441367e-01
7.80000e+01 3.4171518629e+01 5.5429463982e+00
7.90000e+01 3.4650128475e+01 9.2415430293e-02
8.00000e+01 3.5189355816e+01 1.0653036803e+00
8.10000e+01 3.5767078184e+01 2.6424759841e+00
8.20000e+01 3.6319211194e+01 1.5389098822e-01
8.30000e+01 3.6863115351e+01 6.5294311133e-02
8.40000e+01 3.7382314602e+01 1.0355059483e+00
8.50000e+01 3.7887061989e+01 9.9531367286e-01
8.60000e+01 3.8489078053e+01 2.7026222313e+00
8.70000e+01 3.9136521828e+01 2.2345850397e-01
8.80000e+01 3.9749055052e+01 1.1199475892e+00
8.90000e+01 4.0345418455e+01 1.0548749127e+00
9.00000e+01 4.0916677803e+01 2.1001984952e+00
9.10000e+01 4.1511291759e+01 3.9026023782e+00
9.20000e+01 4.2101137448e+01 1.1525672830e+00
9.30000e+01 4.2668172318e+01 1.1055108657e+00
9.40000e+01 4.3328651195e+01 2.8169785879e-01
9.50000e+01 4.4032246577e+01 2.3263939648e+00
9.60000e+01 4.4696087928e+01 1.0569662371e+00
9.70000e+01 4.5343881615e+01 2.2605037174e+00
9.80000e+01 4.5985046270e+01 1.2525959421e+00
9.90000e+01 4.6621296708e+01 6.9215569200e-02
1.00000e+02 4.7236401115e+01 2.4235230510e+00
1.01000e+02 4.7836973155e+01 2.3854211299e+00
1.02000e+02 4.8435493277e+01 1.1603251395e+00
1.03000e+02 4.9027415581e+01 1.1505150785e+00
1.04000e+02 4.9741691375e+01 2.3778644870e+00
1.05000e+02 5.0507335308e+01 2.3693011675e+00
1.06000e+02 5.1242927939e+01 8.7796063533e+00
1.07000e+02 5.1966114687e+01 1.4183329381e+00
1.08000e+02 5.2691000357e+01 2.4099950020e+00
1.09000e+02 5.3408742830e+01 1.2582016900e-01
1.10000e+02 5.4088584510e+01 1.3563804704e+00
1.11000e+02 5.4781945157e+01 3.7044953139e+00
1.12000e+02 5.5467925744e+01 1.3356117487e+00
1.13000e+02 5.6135201623e+01 1.3045574951e+00
1.14000e+02 5.6904219956e+01 3.8385890108e+00
1.15000e+02 5.7714039599e+01 2.3677039164e+00
1.16000e+02 5.8478453037e+01 1.3286330600e-01
1.17000e+02 5.9226543240e+01 5.0233969782e-01
1.18000e+02 5.9944807997e+01 1.8435133733e+00
1.19000e+02 6.0644916028e+01 1.3721623144e+00
1.20000e+02 6.1469879184e+01 2.4212810351e+00
1.21000e+02 6.2342266884e+01 1.9529849957e-01
1.22000e+02 6.3182598232e+01 4.0820927345e+00
1.23000e+02 6.4011264696e+01 1.6204879421e+00
1.24000e+02 6.4841370582e+01 1.9383199589e+00
1.25000e+02 6.5665311507e+01 1.1225481613e+00
1.26000e+02 6.6553185479e+01 1.8768814725e+00
1.27000e+02 6.7432637277e+01 1.6048592595e+01
1.28000e+02 6.8244965460e+01 2.5862791905e+00
1.29000e+02 6.9048008655e+01 3.5130707663e+00
1.30000e+02 6.9892553159e+01 3.3368940854e+00
1.31000e+02 7.0691947921e+01 8.0057036364e-02
1.32000e+02 7.1480005235e+01 1.5340198364e+00
1.33000e+02 7.2300561217e+01 3.3254467089e+00
1.34000e+02 7.3110808982e+01 1.5626416088e+00
1.35000e+02 7.3899743083e+01 3.0472756370e+00
1.36000e+02 7.4726425823e+01 1.5904460230e+00
1.37000e+02 7.5527602269e+01 1.5342675021e+00
1.38000e+02 7.6287216939e+01 3.4525889649e+00
1.39000e+02 7.6993118891e+01 4.9160750466e+00
1.40000e+02 7.7782036064e+01 1.6891446265e+00
1.41000e+02 7.8613462694e+01 1.5997262255e+00
1.42000e+02 7.9412056279e+01 4.4384306741e+00
1.43000e+02 8.0195731173e+01 1.3860481253e-01
1.44000e+02 8.0947738167e+01 1.5367150257e+00
1.45000e+02 8.1681032591e+01 1.4239659701e+00
1.46000e+02 8.2410635571e+01 1.4001379900e+00
1.47000e+02 8.3185414061e+01 2.9195308689e+00
1.48000e+02 8.4029273314e+01 1.6153030128e+00
1.49000e+02 8.4839967666e+01 1.5929554310e+00
1.50000e+02 8.5635615235e+01 1.5431507918e+00
1.51000e+02 8.6423096867e+01 4.5468449601e+00
1.52000e+02 8.7177921196e+01 2.5221348764e-02
1.53000e+02 8.7875257928e+01 1.3879762882e+00
1.54000e+02 8.8653110296e+01 4.3756817769e+00
1.55000e+02 8.9474120325e+01 1.5519233183e+00
1.56000e+02 9.0262940066e+01 2.9378226805e+00
1.57000e+02 9.1030533702e+01 2.9277000041e+00
1.58000e+02 9.1844580144e+01 1.5687702671e+00
1.59000e+02 9.2638414088e+01 1.5400254121e+00
1.60000e+02 9.3423118194e+01 1.4838149902e+00
1.61000e+02 9.4190228745e+01 1.4818480890e+00
1.62000e+02 9.4997573093e+01 1.5317832942e+00
1.63000e+02 9.5782731753e+01 1.4958988293e+00
1.64000e+02 9.6526025745e+01 4.3433548416e+00
1.65000e+02 9.7216430875e+01 4.3320798841e+00
1.66000e+02 9.7889341608e+01 1.2890676789e+00
1.67000e+02 9.8593951818e+01 4.2820108251e-01
1.68000e+02 9.9351914536e+01 4.9381630614e-02
1.69000e+02 1.0005984072e+02 4.0765319452e+00
1.70000e+02 1.0075803512e+02 5.4872003797e+00
1.71000e+02 1.0149162497e+02 1.4206751617e+00
1.72000e+02 1.0221486881e+02 2.7783569176e+00
1.73000e+02 1.0292167171e+02 2.2870698232e+00
1.74000e+02 1.0361895536e+02 1.3271445037e+00
1.75000e+02 1.0431399587e+02 1.3140549808e+00
1.76000e+02 1.0506383348e+02 3.6671340550e+00
1.77000e+02 1.0578176095e+02 1.3379500443e+00
1.78000e+02 1.0648882303e+02 1.3454797729e+00
1.79000e+02 1.0722260607e+02 3.6636601180e+00
1.80000e+02 1.0794716183e+02 1.3400130365e+00
1.81000e+02 1.0867067214e+02 3.9929668383e+00
1.82000e+02 1.0945558924e+02 1.4523469706e-01
1.83000e+02 1.1027206149e+02 1.4179220572e+00
1.84000e+02 1.1105543854e+02 1.3819495367e+00
1.85000e+02 1.1183024566e+02 1.9638626935e-01
1.86000e+02 1.1267968564e+02 1.4810270213e+00
1.87000e+02 1.1356297690e+02 1.4473865973e+00
1.88000e+02 1.1441920161e+02 4.3728222236e+00
1.89000e+02 1.1526471305e+02 3.0963537282e+00
1.90000e+02 1.1607643555e+02 4.3239755166e+00
1.91000e+02 1.1682761229e+02 1.4788486569e+00
1.92000e+02 1.1766098945e+02 1.5933107333e+00
1.93000e+02 1.1849251001e+02 1.5777265330e+00
1.94000e+02 1.1926231369e+02 1.4354509898e+00
1.95000e+02 1.2003299104e+02 4.4475264087e+00
1.96000e+02 1.2078634789e+02 3.0899304378e+00
1.97000e+02 1.2152853554e+02 1.4057018463e+00
1.98000e+02 1.2226976475e+02 1.3921684992e+00
1.99000e+02 1.2300664751e+02 1.3854714350e+00
2.00000e+02 1.2381405407e+02 1.6907650031e+00
2.01000e+02 1.2458338130e+02 6.2193329684e-02
2.02000e+02 1.2533956213e+02 1.4368213434e+00
2.03000e+02 1.2612687358e+02 4.3816370313e+00
2.04000e+02 1.2690049314e+02 2.6038852429e+00
2.05000e+02 1.2767016311e+02 1.4357272644e+00
2.06000e+02 1.2841599177e+02 4.2107980282e+00
2.07000e+02 1.2910386476e+02 5.5772990249e+00
2.08000e+02 1.2986556128e+02 2.7053190582e+00
2.09000e+02 1.3062670951e+02 2.6940919957e+00
2.10000e+02 1.3133120534e+02 1.2956158575e+00
2.11000e+02 1.3203674167e+02 1.4340412953e+00
2.12000e+02 1.3277679849e+02 1.3923233198e+00
2.13000e+02 1.3349268239e+02 2.7848911647e+00
2.14000e+02 1.3420225888e+02 2.7850405061e+00
2.15000e+02 1.3489552909e+02 1.3786648730e+00
2.16000e+02 1.3558011246e+02 1.3522930830e+00
2.17000e+02 1.3626829399e+02 1.2946287715e+00
2.18000e+02 1.3693345564e+02 1.4336105978e+00
2.19000e+02 1.3758344304e+02 1.3939828591e+00
2.20000e+02 1.3835146351e+02 2.7884302288e+00
2.21000e+02 1.3911841462e+02 2.7914446848e+00
2.22000e+02 1.3981227704e+02 1.2416789977e+00
2.23000e+02 1.4051400311e+02 1.2853334061e+00
2.24000e+02 1.4120284603e+02 1.2883076129e+00
2.25000e+02 1.4186998192e+02 1.2575858165e+00
2.26000e+02 1.4252195368e+02 1.2144375760e+00
2.27000e+02 1.4320934531e+02 1.2726848525e+00
2.28000e+02 1.4396167098e+02 2.8009221024e+00
2.29000e+02 1.4468553831e+02 2.8061046093e+00
2.30000e+02 1.4539008442e+02 1.2871153602e+00
2.31000e+02 1.4608536328e+02 1.2413661006e+00
2.32000e+02 1.4685304050e+02 2.8029552566e+00
2.33000e+02 1.4765771702e+02 1.1324130969e+00
2.34000e+02 1.4843852766e+02 2.5306311230e+00
2.35000e+02 1.4920706058e+02 2.8017341147e+00
2.36000e+02 1.4994188122e+02 1.3229736098e+00
2.37000e+02 1.5064611923e+02 2.7791712194e+00
2.38000e+02 1.5137857151e+02 2.4842786121e-01
2.39000e+02 1.5207361181e+02 7.7634171609e-01
2.40000e+02 1.5273003387e+02 1.5440225199e+00
2.41000e+02 1.5334209419e+02 2.7809105920e+00
2.42000e+02 1.5394006217e+02 1.0972545039e+00
2.43000e+02 1.5457291817e+02 1.7679742664e-01
2.44000e+02 1.5519958275e+02 3.8542191135e+00
2.45000e+02 1.5580324169e+02 1.0877558634e+00
2.46000e+02 1.5650331266e+02 2.1360260335e+00
2.47000e+02 1.5724912807e+02 3.7915037867e+00
2.48000e+02 1.5795537258e+02 1.1662480352e+00
2.49000e+02 1.5864449332e+02 3.3470353962e+00
2.50000e+02 1.5938094154e+02 3.4949219970e+00
2.51000e+02 1.6008479052e+02 2.6474444341e+00
2.52000e+02 1.6074402609e+02 2.4258679921e+00
2.53000e+02 1.6135765485e+02 2.4334119487e+00
2.54000e+02 1.6205305144e+02 2.7106863009e+00
2.55000e+02 1.6275034135e+02 2.4168830502e+00
2.56000e+02 1.6338833851e+02 1.1318078330e+00
2.57000e+02 1.6403038918e+02 1.5358634105e-01
2.58000e+02 1.6470728935e+02 2.2843544226e+00
2.59000e+02 1.6533920728e+02 1.0653040474e+00
2.60000e+02 1.6593060114e+02 4.6603296092e-02
2.61000e+02 1.6648348025e+02 1.0233696819e+00
2.62000e+02 1.6711362291e+02 3.3428872876e+00
2.63000e+02 1.6779120779e+02 3.5795777360e+00
2.64000e+02 1.6844953528e+02 1.2135230079e+00
2.65000e+02 1.6910114288e+02 1.1863322140e+00
2.66000e+02 1.6976155682e+02 3.4074942782e+00
2.67000e+02 1.7040604123e+02 3.4968132880e+00
2.68000e+02 1.7103998398e+02 1.4448854907e+00
2.69000e+02 1.7167803941e+02 1.2705548023e+00
2.70000e+02 1.7239284396e+02 1.4376647075e+00
2.71000e+02 1.7314187001e+02 1.2499098723e+00
2.72000e+02 1.7386672884e+02 2.5003371759e+00
2.73000e+02 1.7458408089e+02 1.3136714139e+00
2.74000e+02 1.7530717297e+02 8.9149320631e-02
2.75000e+02 1.7603110113e+02 1.5220997702e+00
2.76000e+02 1.7671646876e+02 3.9061820002e+00
2.77000e+02 1.7741262363e+02 2.5495073069e+00
2.78000e+02 1.7810168855e+02 2.5129306423e+00
2.79000e+02 1.7878304620e+02 1.2393352447e+00
2.80000e+02 1.7952796069e+02 1.3324134112e+00
2.81000e+02 1.8023364250e+02 3.9294830052e+00
2.82000e+02 1.8088882141e+02 2.4363597454e+00
2.83000e+02 1.8152608112e+02 3.2850584876e-02
2.84000e+02 1.8219697375e+02 6.2488862252e-02
2.85000e+02 1.8282922480e+02 2.3604926148e+00
2.86000e+02 1.8342253183e+02 2.9054144578e-02
2.87000e+02 1.8400149661e+02 1.2072129863e-01
2.88000e+02 1.8457093575e+02 1.0306872896e+00
2.89000e+02 1.8513617884e+02 1.0014127535e+00
2.90000e+02 1.8570221853e+02 9.9701188799e-01
2.91000e+02 1.8626082047e+02 3.5202423809e+00
2.92000e+02 1.8680428495e+02 9.6751338105e-01
2.93000e+02 1.8733821372e+02 9.4187269491e-01
2.94000e+02 1.8798029802e+02 4.8579625751e+00
2.95000e+02 1.8867247692e+02 3.2546307898e+00
2.96000e+02 1.8934032490e+02 3.2367985143e+00
2.97000e+02 1.8999917915e+02 1.1890877464e+00
2.98000e+02 1.9066190852e+02 1.1751656795e+00
2.99000e+02 1.9130784221e+02 2.2991178716e+00
3.00000e+02 1.9198228278e+02 1.1944912447e+00
3.01000e+02 1.9263098034e+02 1.1549574472e+00
3.02000e+02 1.9324371329e+02 2.2285420469e+00
3.03000e+02 1.9383145907e+02 1.1351088491e+00
3.04000e+02 1.9440828394e+02 2.2664119917e+00
3.05000e+02 1.9497458495e+02 2.2586857408e+00
3.06000e+02 1.9552444931e+02 1.0711051560e+00
3.07000e+02 1.9606387875e+02 1.0431624801e+00
3.08000e+02 1.9660279943e+02 9.3528619578e-01
3.09000e+02 1.9718484378e+02 1.0167255179e+00
3.10000e+02 1.9781921445e+02 4.0069902391e-02
3.11000e+02 1.9839779768e+02 3.9595939845e+00
3.12000e+02 1.9896863743e+02 5.0381923297e+00
3.13000e+02 1.9957640075e+02 2.1646327695e+00
3.14000e+02 2.0017378033e+02 3.0028360930e+00
3.15000e+02 2.0076721837e+02 1.9230511940e+00
3.16000e+02 2.0137407620e+02 1.0457417577e+00
3.17000e+02 2.0198351561e+02 2.0078066985e+00
3.18000e+02 2.0255846448e+02 2.0418270831e+00
3.19000e+02 2.0311441159e+02 9.8284714283e-01
3.20000e+02 2.0376662269e+02 1.1251404560e+00
3.21000e+02 2.0446223981e+02 1.0217908208e-01
3.22000e+02 2.0513400211e+02 1.2202287242e+00
3.23000e+02 2.0578779021e+02 2.2026659957e+00
3.24000e+02 2.0640996498e+02 1.0290902022e+00
3.25000e+02 2.0700714056e+02 3.1715161958e+00
3.26000e+02 2.0762619115e+02 1.0019056156e+00
3.27000e+02 2.0820693534e+02 8.6734132963e-01
3.28000e+02 2.0875415780e+02 1.7520809254e-01
3.29000e+02 2.0928649050e+02 9.3606083303e-01
3.30000e+02 2.0983998754e+02 8.0092042849e-01
3.31000e+02 2.1035521909e+02 1.0952024586e-01
3.32000e+02 2.1084017812e+02 8.7286133953e-01
3.33000e+02 2.1129063546e+02 1.9695927043e+00
3.34000e+02 2.1173046971e+02 7.3721314898e-01
3.35000e+02 2.1216413963e+02 7.1968851113e-01
3.36000e+02 2.1268508449e+02 2.0013126992e+00
3.37000e+02 2.1325517393e+02 2.8945040315e+00
3.38000e+02 2.1379848373e+02 5.5412281786e+00
3.39000e+02 2.1432727239e+02 9.5118745909e-02
3.40000e+02 2.1492164259e+02 9.3453281924e-01
3.41000e+02 2.1551682329e+02 1.8974407086e+00
3.42000e+02 2.1610220948e+02 1.0254517741e+00
3.43000e+02 2.1672666819e+02 1.6773440510e+00
3.44000e+02 2.1733704636e+02 1.6209199716e-01
3.45000e+02 2.1793547139e+02 2.6511165200e+00
3.46000e+02 2.1852620708e+02 1.0324925321e+00
3.47000e+02 2.1911560157e+02 1.2940592958e+00
3.48000e+02 2.1968384835e+02 2.2351702165e+00
3.49000e+02 2.2027554019e+02 1.0247268439e+00
3.50000e+02 2.2091755148e+02 2.7346991864e+00
3.51000e+02 2.2153308259e+02 1.1844623402e+00
3.52000e+02 2.2213694494e+02 1.0368287848e+00
3.53000e+02 2.2273484064e+02 1.0079827771e+00
3.54000e+02 2.2330449754e+02 1.0083849226e+00
3.55000e+02 2.2389311899e+02 1.0327215756e+00
3.56000e+02 2.2452954070e+02 1.1776882834e+00
3.57000e+02 2.2511810944e+02 3.0246724780e+00
3.58000e+02 2.2566212468e+02 7.8214429415e-01
3.59000e+02 2.2619587288e+02 1.4451546555e-03
3.60000e+02 2.2672179603e+02 9.5519336281e-01
3.61000e+02 2.2723250864e+02 1.7015556034e+00
3.62000e+02 2.2782206983e+02 3.0258228092e+00
3.63000e+02 2.2845505113e+02 2.0074803124e+00
3.64000e+02 2.2905659752e+02 9.6624762175e-01
3.65000e+02 2.2964650881e+02 3.1377540079e-01
3.66000e+02 2.3030644946e+02 8.7871329423e-01
3.67000e+02 2.3096549005e+02 1.9642452919e+00
3.68000e+02 2.3156308318e+02 1.2591076046e+00
3.69000e+02 2.3212799601e+02 9.9827332744e-01
3.70000e+02 2.3268297910e+02 9.5466501165e-01
3.71000e+02 2.3327639547e+02 1.9228693018e+00
3.72000e+02 2.3386416283e+02 1.2969576391e+00
3.73000e+02 2.3442566019e+02 9.5029487007e-01
3.74000e+02 2.3508200543e+02 1.1503518081e+00
3.75000e+02 2.3573852610e+02 1.1466815430e+00
3.76000e+02 2.3638198092e+02 1.1326444322e+00
3.77000e+02 2.3707013503e+02 2.3161148665e+00
3.78000e+02 2.3773869091e+02 1.0301331042e+00
3.79000e+02 2.3839552825e+02 1.2769056806e+00
3.80000e+02 2.3911942100e+02 9.4754600978e-02
3.81000e+02 2.3984048537e+02 1.2907153386e+00
3.82000e+02 2.4049892719e+02 2.3284320780e+00
3.83000e+02 2.4115525344e+02 2.3876735411e+00
3.84000e+02 2.4184726835e+02 5.6499727317e+00
3.85000e+02 2.4251527749e+02 2.4653159744e+00
3.86000e+02 2.4317464363e+02 1.1550939498e+00
3.87000e+02 2.4382759599e+02 9.8176608525e-01
3.88000e+02 2.4447559171e+02 2.3869536374e+00
3.89000e+02 2.4514301338e+02 1.1533513884e+00
3.90000e+02 2.4580994409e+02 1.2740036011e+00
3.91000e+02 2.4647805789e+02 2.4905029910e+00
3.92000e+02 2.4711142393e+02 2.4629367116e+00
3.93000e+02 2.4775749393e+02 2.6000405632e+00
3.94000e+02 2.4845014594e+02 1.1854839071e+00
3.95000e+02 2.4909721184e+02 2.4545873094e+00
3.96000e+02 2.4969977988e+02 3.0797990070e-02
3.97000e+02 2.5026202063e+02 9.8914494609e-01
3.98000e+02 2.5081184221e+02 9.3540933097e-01
3.99000e+02 2.5139612544e+02 1.1225116520e+00
4.00000e+02 2.5202500694e+02 1.0292057808e+00
4.01000e+02 2.5260276481e+02 8.3439870348e-01
4.02000e+02 2.5317397787e+02 3.0019559742e+00
4.03000e+02 2.5375082787e+02 9.6855423259e-01
4.04000e+02 2.5429200738e+02 1.1391720319e-01
4.05000e+02 2.5479914948e+02 1.8488373612e+00
4.06000e+02 2.5537862152e+02 9.7584465862e-01
4.07000e+02 2.5600389042e+02 2.1703222291e+00
4.08000e+02 2.5660422887e+02 5.2565645483e+00
4.09000e+02 2.5719201718e+02 1.0555150336e+00
4.10000e+02 2.5784592905e+02 7.4439827471e-02
4.11000e+02 2.5849930378e+02 1.1257589357e+00
4.12000e+02 2.5909387941e+02 2.8322848927e+00
4.13000e+02 2.5968877388e+02 2.7400535745e+00
4.14000e+02 2.6031589250e+02 2.9240202779e+00
4.15000e+02 2.6089848359e+02 8.5377594362e-01
4.16000e+02 2.6144258934e+02 5.0469881092e-02
4.17000e+02 2.6197594637e+02 1.1582930642e+00
4.18000e+02 2.6250061910e+02 2.0943533238e+00
4.19000e+02 2.6301013339e+02 8.7023154662e-01
4.20000e+02 2.6359596056e+02 1.9094706505e+00
4.21000e+02 2.6422521085e+02 3.7975061129e+00
4.22000e+02 2.6483459881e+02 1.9253704007e+00
4.23000e+02 2.6543682957e+02 1.0239970284e+00
4.24000e+02 2.6604637910e+02 8.4876796663e-02
4.25000e+02 2.6664233953e+02 1.9860484331e+00
4.26000e+02 2.6726165457e+02 1.0329001134e+00
4.27000e+02 2.6785543473e+02 9.9419066241e-01
4.28000e+02 2.6841685400e+02 3.1169354164e+00
4.29000e+02 2.6893504019e+02 3.1224903841e+00
4.30000e+02 2.6943894586e+02 8.3159371251e-01
4.31000e+02 2.6997164750e+02 9.6860842158e-01
4.32000e+02 2.7054161428e+02 4.9348265143e-02
4.33000e+02 2.7106305278e+02 2.8388179424e+00
4.34000e+02 2.7154635522e+02 5.7929276065e-02
4.35000e+02 2.7202261424e+02 1.0574154073e-01
4.36000e+02 2.7249250383e+02 2.7335097499e+00
4.37000e+02 2.7295970007e+02 7.7292052496e-01
4.38000e+02 2.7346064426e+02 1.6470010949e+00
4.39000e+02 2.7392284506e+02 1.3663586153e-03
4.40000e+02 2.7435227861e+02 6.1264291048e-01
4.41000e+02 2.7475056463e+02 1.3807635620e+00
4.42000e+02 2.7513964359e+02 5.9398389717e-01
4.43000e+02 2.7556010979e+02 8.1664075997e-01
4.44000e+02 2.7600944295e+02 5.2976032003e-02
4.45000e+02 2.7641055521e+02 1.1443316386e+00
4.46000e+02 2.7678010335e+02 1.6195481603e-01
4.47000e+02 2.7712336771e+02 7.0016111170e-01
4.48000e+02 2.7745933411e+02 4.8439357655e-01
4.49000e+02 2.7779143536e+02 4.7274607637e-01
4.50000e+02 2.7820061831e+02 4.7943536882e+00
4.51000e+02 2.7865892216e+02 2.4310724345e+00
4.52000e+02 2.7909573976e+02 2.5180450832e+00
4.53000e+02 2.7952074313e+02 9.2902123750e-02
4.54000e+02 2.8000452865e+02 7.4602562237e-02
4.55000e+02 2.8049062619e+02 7.7462144803e-01
4.56000e+02 2.8096881412e+02 7.6824924662e-01
4.57000e+02 2.8148329081e+02 1.7612521343e+00
4.58000e+02 2.8198615914e+02 1.5885996223e-01
4.59000e+02 2.8248572347e+02 8.8597606979e-01
4.60000e+02 2.8296070091e+02 1.5891836899e+00
4.61000e+02 2.8345434867e+02 1.8840389006e+00
4.62000e+02 2.8398416226e+02 2.5539540009e+00
4.63000e+02 2.8446615169e+02 1.5395522738e+00
4.64000e+02 2.8491029131e+02 3.0837823678e-02
4.65000e+02 2.8534612182e+02 6.2980239678e-01
4.66000e+02 2.8577650405e+02 1.3557834830e+00
4.67000e+02 2.8620459901e+02 6.5907250035e-01
4.68000e+02 2.8663344762e+02 6.5687980121e-01
4.69000e+02 2.8704983302e+02 6.6219347728e-01
4.70000e+02 2.8745338371e+02 1.1610039977e+00
4.71000e+02 2.8788706443e+02 6.6180868330e-01
4.72000e+02 2.8835592364e+02 9.2061890568e-01
4.73000e+02 2.8877381978e+02 1.0649427134e+00
4.74000e+02 2.8915533703e+02 6.3911343187e-01
4.75000e+02 2.8953382721e+02 5.5190541659e-02
4.76000e+02 2.8992844633e+02 9.8963768015e-01
4.77000e+02 2.9030684294e+02 2.6185870028e+00
4.78000e+02 2.9069222611e+02 5.6254608145e-01
4.79000e+02 2.9107530317e+02 1.7650089716e+00
4.80000e+02 2.9150261914e+02 3.1215358865e+00
4.81000e+02 2.9196689284e+02 8.5877077094e-02
4.82000e+02 2.9241692016e+02 7.1171675777e-01
4.83000e+02 2.9285096321e+02 1.2293458736e+00
4.84000e+02 2.9326164200e+02 5.9119698730e-01
4.85000e+02 2.9365100465e+02 1.3071928605e+00
4.86000e+02 2.9404975354e+02 5.2052954300e-01
4.87000e+02 2.9441239137e+02 5.5524069255e-02
4.88000e+02 2.9475235906e+02 6.1800376871e-01
4.89000e+02 2.9508175118e+02 4.6003848762e-01
4.90000e+02 2.9540851786e+02 1.7068476323e+00
4.91000e+02 2.9572188864e+02 1.1382852785e+00
4.92000e+02 2.9608908666e+02 5.4201266734e-01
4.93000e+02 2.9646174997e+02 6.2741124483e-01
4.94000e+02 2.9682920914e+02 6.2704499507e-01
4.95000e+02 2.9723155803e+02 1.6198841628e+00
4.96000e+02 2.9762679729e+02 6.8472585470e-02
4.97000e+02 2.9802244691e+02 6.1690051513e-01
4.98000e+02 2.9839745585e+02 1.0997569967e+00
4.99000e+02 2.9879130729e+02 5.8365834525e-01
5.00000e+02 2.9918437599e+02 6.0296673100e-01
5.01000e+02 2.9955743790e+02 5.4144785274e-01
5.02000e+02 2.9991994643e+02 5.2840599140e-01
5.03000e+02 3.0027651439e+02 5.1138362393e-01
5.04000e+02 3.0063286244e+02 5.0471175840e-01
5.05000e+02 3.0102955626e+02 6.0520615367e-01
5.06000e+02 3.0145812005e+02 1.0762711975e+00
5.07000e+02 3.0186253765e+02 6.7283659108e-01
5.08000e+02 3.0226470286e+02 1.0608751610e+00
5.09000e+02 3.0266110324e+02 1.0595208417e+00
5.10000e+02 3.0307275548e+02 6.5525220448e-01
5.11000e+02 3.0344948898e+02 2.1348120627e+00
5.12000e+02 3.0382514805e+02 2.1408771434e+00
5.13000e+02 3.0422638448e+02 1.0566331189e+00
5.14000e+02 3.0462670358e+02 5.8737490423e-01
5.15000e+02 3.0502731181e+02 5.9099537188e-01
5.16000e+02 3.0542405896e+02 5.8683242655e-01
5.17000e+02 3.0581770693e+02 1.0839031363e+00
5.18000e+02 3.0626720561e+02 1.4404362820e-01
5.19000e+02 3.0675386094e+02 1.2584520123e+00
5.20000e+02 3.0721823615e+02 6.7628060622e-02
5.21000e+02 3.0767666591e+02 2.0868138681e-01
5.22000e+02 3.0819112396e+02 1.3221529207e+00
5.23000e+02 3.0874117820e+02 1.3095934747e-01
5.24000e+02 3.0927203710e+02 2.5628050950e+00
5.25000e+02 3.0978614494e+02 2.1447207726e+00
5.26000e+02 3.1027323866e+02 1.4220376150e+00
5.27000e+02 3.1071749660e+02 1.3066589391e+00
5.28000e+02 3.1122156453e+02 8.0478836396e-01
5.29000e+02 3.1176360662e+02 8.6005138624e-01
5.30000e+02 3.1228501506e+02 1.4740520584e+00
5.31000e+02 3.1279892894e+02 8.7363951514e-01
5.32000e+02 3.1328907165e+02 2.1811671446e+00
5.33000e+02 3.1379924940e+02 2.2359535538e+00
5.34000e+02 3.1434687077e+02 8.7595381111e-01
5.35000e+02 3.1484560651e+02 1.5768830243e+00
5.36000e+02 3.1533865931e+02 1.5642910142e+00
5.37000e+02 3.1586224745e+02 8.5662390788e-01
5.38000e+02 3.1637623099e+02 1.3668270674e+00
5.39000e+02 3.1688046475e+02 7.7995319784e-01
5.40000e+02 3.1736460669e+02 6.0007751830e-03
5.41000e+02 3.1782119008e+02 1.5824292676e+00
5.42000e+02 3.1826853580e+02 2.3234828829e+00
5.43000e+02 3.1870479327e+02 1.4850703227e+00
5.44000e+02 3.1912561846e+02 1.4614629852e+00
5.45000e+02 3.1953740023e+02 6.5507586682e-01
5.46000e+02 3.1994772784e+02 6.0272872811e-01
5.47000e+02 3.2039691029e+02 6.7773482915e-01
5.48000e+02 3.2088142831e+02 7.4970773091e-01
5.49000e+02 3.2131150661e+02 1.2075221141e+00
5.50000e+02 3.2170389582e+02 4.5892381454e-02
5.51000e+02 3.2209367907e+02 4.4230571514e-03
5.52000e+02 3.2247986836e+02 6.2031929763e-01
5.53000e+02 3.2286462838e+02 5.5085350145e-01
5.54000e+02 3.2327377478e+02 1.1309429640e+00
5.55000e+02 3.2364184679e+02 1.6159804628e-02
5.56000e+02 3.2398109508e+02 5.0158037055e-01
5.57000e+02 3.2429339652e+02 1.0495709482e+00
5.58000e+02 3.2459770042e+02 3.9502491667e-01
5.59000e+02 3.2493180915e+02 5.2328399522e-01
5.60000e+02 3.2528635675e+02 7.0742438428e-02
5.61000e+02 3.2559273363e+02 8.3401354928e-01
5.62000e+02 3.2587236232e+02 6.8116189872e-02
5.63000e+02 3.2615096768e+02 1.2617506897e-01
5.64000e+02 3.2643682290e+02 7.6448715558e-01
5.65000e+02 3.2670842796e+02 3.6852981802e+00
5.66000e+02 3.2699339541e+02 8.7905012181e-01
5.67000e+02 3.2728012669e+02 7.7184859180e-01
5.68000e+02 3.2756513941e+02 7.3786451735e-01
5.69000e+02 3.2784213967e+02 4.2737679249e-01
5.70000e+02 3.2810609819e+02 6.2935767368e-01
5.71000e+02 3.2839579426e+02 3.5127625898e-01
5.72000e+02 3.2870076347e+02 3.5350551936e-01
5.73000e+02 3.2895756592e+02 6.4720196222e-01
5.74000e+02 3.2919040173e+02 3.1980227971e-01
5.75000e+02 3.2940261119e+02 8.8341998341e-01
5.76000e+02 3.2966217237e+02 3.2155868672e+00
5.77000e+02 3.2996457643e+02 3.8395101052e-01
5.78000e+02 3.3025739759e+02 5.7947516676e-01
5.79000e+02 3.3054712462e+02 7.7517580343e-02
5.80000e+02 3.3088207317e+02 1.4679120012e-01
5.81000e+02 3.3125512931e+02 6.4470722449e-01
5.82000e+02 3.3161302899e+02 1.4251857997e-01
5.83000e+02 3.3196750410e+02 1.8427215466e-01
5.84000e+02 3.3230374664e+02 5.8567641663e-01
5.85000e+02 3.3266038166e+02 7.8821070412e-01
5.86000e+02 3.3301665085e+02 4.8761019860e-01
5.87000e+02 3.3335128848e+02 4.4572918146e-01
5.88000e+02 3.3375070577e+02 7.0853126008e-01
5.89000e+02 3.3419391067e+02 6.9964740946e-01
5.90000e+02 3.3461419906e+02 2.0414984157e-01
5.91000e+02 3.3502465535e+02 3.1807472788e-01
5.92000e+02 3.3549121102e+02 7.6608614285e-01
5.93000e+02 3.3599508580e+02 2.6461557511e-01
5.94000e+02 3.3647511663e+02 3.7749910007e-01
5.95000e+02 3.3694770607e+02 8.2745320202e-01
5.96000e+02 3.3739764591e+02 1.7033631627e+00
5.97000e+02 3.3786771586e+02 1.1816247984e+00
5.98000e+02 3.3837230989e+02 2.1905531268e+00
5.99000e+02 3.3882706504e+02 2.8041857188e+00
6.00000e+02 3.3924360767e+02 3.3397216573e-02
6.01000e+02 3.3962848244e+02 5.7300518692e-01
6.02000e+02 3.4000351364e+02 5.3092075088e-01
6.03000e+02 3.4040951312e+02 3.3967102844e-01
6.04000e+02 3.4084325389e+02 1.0517631976e+00
6.05000e+02 3.4122612595e+02 4.2514291264e-01
6.06000e+02 3.4157579184e+02 2.5365305786e-02
6.07000e+02 3.4192217754e+02 9.9109765111e-01
6.08000e+02 3.4228105723e+02 3.4985669514e-01
6.09000e+02 3.4259864380e+02 9.0625434041e-02
6.10000e+02 3.4289233422e+02 5.9696038569e-01
6.11000e+02 3.4318071507e+02 2.9150198930e-01
6.12000e+02 3.4346815580e+02 2.1506141734e+00
6.13000e+02 3.4374044791e+02 9.8883065647e-01
6.14000e+02 3.4400285644e+02 3.0362407450e-01
6.15000e+02 3.4429474872e+02 3.4801522933e-01
6.16000e+02 3.4458825530e+02 3.5373306438e-01
6.17000e+02 3.4485787818e+02 3.0065121953e-01
6.18000e+02 3.4518616207e+02 1.5828786015e+00
6.19000e+02 3.4556181452e+02 2.7507421549e+00
6.20000e+02 3.4592330877e+02 1.2032717382e+00
6.21000e+02 3.4626107132e+02 9.1985985967e-01
6.22000e+02 3.4657507434e+02 3.5556622200e-01
6.23000e+02 3.4685780422e+02 3.6831765229e-01
6.24000e+02 3.4713059746e+02 3.2311839401e-01
6.25000e+02 3.4742864617e+02 8.6372109895e-01
6.26000e+02 3.4772729582e+02 8.6800045313e-01
6.27000e+02 3.4800345505e+02 3.1622462617e-01
6.28000e+02 3.4833774898e+02 1.2972020312e+00
6.29000e+02 3.4871755072e+02 8.7128173617e-01
6.30000e+02 3.4907969662e+02 6.3496248545e-02
6.31000e+02 3.4943341860e+02 2.1130374992e-01
6.32000e+02 3.4977002827e+02 5.9081728015e-01
6.33000e+02 3.5012969381e+02 4.8799670014e-01
6.34000e+02 3.5051385004e+02 8.9307243442e-01
6.35000e+02 3.5084843608e+02 1.2650558863e+00
6.36000e+02 3.5115206818e+02 4.2605947989e-01
6.37000e+02 3.5145187439e+02 4.0594016819e-01
6.38000e+02 3.5176039649e+02 5.4505747028e-02
6.39000e+02 3.5202759588e+02 3.5824677091e-01
6.40000e+02 3.5229728826e+02 1.1848258125e+00
6.41000e+02 3.5259456736e+02 3.9225836579e-01
6.42000e+02 3.5289397587e+02 8.3030553638e-01
6.43000e+02 3.5319940007e+02 1.1353432138e+00
6.44000e+02 3.5354402528e+02 8.7782033867e-02
6.45000e+02 3.5389173875e+02 4.6973043486e-01
6.46000e+02 3.5419630992e+02 6.7610988282e-01
6.47000e+02 3.5450028450e+02 3.6784410033e-01
6.48000e+02 3.5481587271e+02 8.3421534290e-01
6.49000e+02 3.5509058496e+02 2.1321619673e-01
6.50000e+02 3.5536678909e+02 6.0099339715e-01
6.51000e+02 3.5564746923e+02 3.2014288414e-01
6.52000e+02 3.5590012091e+02 4.5920183701e-02
6.53000e+02 3.5613091446e+02 6.1345600734e-01
6.54000e+02 3.5641021641e+02 3.2292055816e-01
6.55000e+02 3.5672772435e+02 8.5360997820e-01
6.56000e+02 3.5703383583e+02 5.2334898978e-01
6.57000e+02 3.5732146137e+02 3.2954303494e-01
6.58000e+02 3.5758941826e+02 5.3030808917e-01
6.59000e+02 3.5784042110e+02 8.8510804759e-01
6.60000e+02 3.5809084663e+02 1.2027162202e+00
6.61000e+02 3.5834297352e+02 2.6455775843e-01
6.62000e+02 3.5859952104e+02 2.7964953570e-01
6.63000e+02 3.5881681436e+02 7.0332222665e-02
6.64000e+02 3.5901613727e+02 5.6487927788e-01
6.65000e+02 3.5921064125e+02 4.1686721596e-02
6.66000e+02 3.5940658291e+02 1.6816429025e-01
6.67000e+02 3.5958788827e+02 7.7630326064e-01
6.68000e+02 3.5976016382e+02 1.1496633697e-01
6.69000e+02 3.5996057714e+02 1.5796928936e-01
6.70000e+02 3.6016354826e+02 1.9068819414e-01
6.71000e+02 3.6034235119e+02 1.1234894293e-01
6.72000e+02 3.6056725702e+02 2.0455548076e-01
6.73000e+02 3.6083929389e+02 1.0992819119e+00
6.74000e+02 3.6109988963e+02 6.3653649890e-01
6.75000e+02 3.6135285512e+02 2.7427112151e-01
6.76000e+02 3.6162053821e+02 1.7694856518e-01
6.77000e+02 3.6188959767e+02 5.5248613960e-01
6.78000e+02 3.6215571548e+02 2.7951891294e-01
6.79000e+02 3.6240834508e+02 2.7890350958e-01
6.80000e+02 3.6267703754e+02 4.1485901922e-01
6.81000e+02 3.6294887048e+02 9.3030009624e-02
6.82000e+02 3.6325050160e+02 1.3320969239e+00
6.83000e+02 3.6358500186e+02 1.0050453022e-01
6.84000e+02 3.6390920229e+02 5.5507969730e-02
6.85000e+02 3.6423350672e+02 9.6954205349e-01
6.86000e+02 3.6460072032e+02 1.6598650682e-01
6.87000e+02 3.6496948619e+02 1.8524088173e+00
6.88000e+02 3.6533087582e+02 4.8895678170e-01
6.89000e+02 3.6569592140e+02 4.8474754793e-01
6.90000e+02 3.6605732669e+02 4.8427845816e-01
6.91000e+02 3.6644359234e+02 1.0721785340e-01
6.92000e+02 3.6682519007e+02 7.0505714291e-01
6.93000e+02 3.6721163666e+02 1.2002246841e+00
6.94000e+02 3.6764070313e+02 6.7661187401e-02
6.95000e+02 3.6810082204e+02 7.7820534460e-01
6.96000e+02 3.6854410700e+02 1.5352393438e+00
6.97000e+02 3.6897181064e+02 6.1404575351e-01
6.98000e+02 3.6937602089e+02 2.6047052517e+00
6.99000e+02 3.6975574163e+02 1.9236047886e+00
7.00000e+02 3.7014147223e+02 5.5587733801e-01
7.01000e+02 3.7050945831e+02 1.2184543134e+00
7.02000e+02 3.7088835414e+02 1.2713194388e+00
7.03000e+02 3.7126829774e+02 5.4044447322e-01
7.04000e+02 3.7168623613e+02 1.1116019928e+00
7.05000e+02 3.7210501327e+02 1.1015638924e+00
7.06000e+02 3.7247917273e+02 5.0985323876e-01
7.07000e+02 3.7285088389e+02 5.4731187889e-01
7.08000e+02 3.7323645071e+02 1.1002985575e+00
7.09000e+02 3.7358063972e+02 7.4588130287e-02
7.10000e+02 3.7389959501e+02 2.6653247951e-02
7.11000e+02 3.7421005385e+02 1.0379459341e+00
7.12000e+02 3.7451805991e+02 1.5127827846e+00
7.13000e+02 3.7481125998e+02 5.4439293107e-01
7.14000e+02 3.7509325035e+02 9.9994306678e-01
7.15000e+02 3.7540353050e+02 3.7135402937e-01
7.16000e+02 3.7571449718e+02 3.7394329984e-01
7.17000e+02 3.7600155715e+02 8.9763653300e-01
7.18000e+02 3.7634798804e+02 4.4514291756e-01
7.19000e+02 3.7670010770e+02 9.1170730563e-01
7.20000e+02 3.7700388223e+02 3.9276683762e-01
7.21000e+02 3.7728925717e+02 3.9068903907e-01
7.22000e+02 3.7756950825e+02 3.1761425705e-01
7.23000e+02 3.7788237344e+02 3.7615439882e-01
7.24000e+02 3.7821467427e+02 7.8301606309e-01
7.25000e+02 3.7849504705e+02 6.3792382347e-01
7.26000e+02 3.7877580882e+02 1.4824123875e+00
7.27000e+02 3.7908807598e+02 1.8257123828e+00
7.28000e+02 3.7939992503e+02 3.7666060634e-01
7.29000e+02 3.7971549999e+02 3.7899371850e-01
7.30000e+02 3.8003757980e+02 6.2706488371e-01
7.31000e+02 3.8032656749e+02 3.2079530299e-01
7.32000e+02 3.8059492651e+02 4.0136320501e-01
7.33000e+02 3.8085170622e+02 2.2848958204e-01
7.34000e+02 3.8110980696e+02 2.5649543725e-01
7.35000e+02 3.8133029628e+02 2.0283088359e-02
7.36000e+02 3.8153467304e+02 1.6427882432e-01
7.37000e+02 3.8173290791e+02 1.9769411288e-01
7.38000e+02 3.8193245149e+02 6.9206676565e-01
7.39000e+02 3.8213498309e+02 1.5214764033e-01
7.40000e+02 3.8233866360e+02 1.5613243251e-01
7.41000e+02 3.8252575428e+02 7.8408877726e-01
7.42000e+02 3.8275367445e+02 2.8789570580e-01
7.43000e+02 3.8302653709e+02 1.1470994598e+00
7.44000e+02 3.8328850938e+02 5.8850415169e-01
7.45000e+02 3.8352723069e+02 2.1705834116e-01
7.46000e+02 3.8374732868e+02 3.6521314583e-01
7.47000e+02 3.8394101619e+02 3.7144476737e-01
7.48000e+02 3.8417538580e+02 5.7081923978e-01
7.49000e+02 3.8444674595e+02 2.8258594349e-01
7.50000e+02 3.8470794268e+02 2.8152780322e-01
7.51000e+02 3.8496318441e+02 2.6512785226e-01
7.52000e+02 3.8523463454e+02 2.3113935698e-01
7.53000e+02 3.8550838136e+02 7.9252622925e-01
7.54000e+02 3.8577861092e+02 2.7389554514e-01
7.55000e+02 3.8601824611e+02 5.7116231139e-01
7.56000e+02 3.8626011798e+02 5.5466833905e-01
7.57000e+02 3.8650418162e+02 5.5854211782e-01
7.58000e+02 3.8672335344e+02 7.9080753246e-01
7.59000e+02 3.8693215169e+02 2.0867307852e-01
7.60000e+02 3.8714253590e+02 7.7576243902e-01
7.61000e+02 3.8734166059e+02 7.9966315002e-01
7.62000e+02 3.8753039697e+02 1.7802896663e-01
7.63000e+02 3.8774445238e+02 1.7219569844e-01
7.64000e+02 3.8796443844e+02 1.8363663069e-01
7.65000e+02 3.8816635578e+02 4.0375025938e-01
7.66000e+02 3.8838222656e+02 1.7751007530e-01
7.67000e+02 3.8859412873e+02 1.8641916865e-01
7.68000e+02 3.8878997888e+02 1.7913727535e-01
7.69000e+02 3.8900646593e+02 1.7976419803e-01
7.70000e+02 3.8922463031e+02 1.8187804009e-01
7.71000e+02 3.8944272384e+02 1.8330264937e-01
7.72000e+02 3.8966345857e+02 1.7021505859e-01
7.73000e+02 3.8986822093e+02 3.4535928251e-01
7.74000e+02 3.9007258028e+02 3.2863854043e-01
7.75000e+02 3.9027163584e+02 1.5013367609e-01
7.76000e+02 3.9049288511e+02 1.8620423479e-01
7.77000e+02 3.9071803077e+02 1.9307016219e-01
7.78000e+02 3.9093342050e+02 1.6101392671e-01
7.79000e+02 3.9113633472e+02 1.6471157477e-01
7.80000e+02 3.9135919251e+02 1.9448561109e-01
7.81000e+02 3.9158630751e+02 1.9626046321e-01
7.82000e+02 3.9181027607e+02 1.9717497027e-01
7.83000e+02 3.9203721190e+02 1.9679862739e-01
7.84000e+02 3.9225943738e+02 1.7138261027e-01
7.85000e+02 3.9244289039e+02 2.9198919313e-01
7.86000e+02 3.9263006480e+02 1.0081933840e+00
7.87000e+02 3.9282089378e+02 6.6196132990e-01
7.88000e+02 3.9298711927e+02 9.1862224659e-01
7.89000e+02 3.9313519268e+02 1.0328329987e+00
7.90000e+02 3.9327711720e+02 3.5496650562e-02
7.91000e+02 3.9341498917e+02 2.5259714850e-02
7.92000e+02 3.9355171145e+02 2.0032213475e-02
7.93000e+02 3.9371810283e+02 6.0544448634e-02
7.94000e+02 3.9388765322e+02 7.1310761873e-02
7.95000e+02 3.9400723764e+02 2.4734704578e-01
7.96000e+02 3.9411014731e+02 3.3812605664e-02
7.97000e+02 3.9421550954e+02 6.1029161241e-02
7.98000e+02 3.9432527723e+02 1.6743304763e-01
7.99000e+02 3.9443899534e+02 1.7562150015e-01
8.00000e+02 3.9454114429e+02 1.7969827011e-01
8.01000e+02 3.9460007520e+02 9.4432315093e-02
8.02000e+02 3.9466708732e+02 1.5658538694e-01
8.03000e+02 3.9474018711e+02 1.4168882570e-02
8.04000e+02 3.9479003229e+02 5.3064489923e-02
8.05000e+02 3.9482861286e+02 1.6606943519e-01
8.06000e+02 3.9490060912e+02 1.9138843782e-02
8.07000e+02 3.9498056083e+02 4.6159498771e-02
8.08000e+02 3.9502897730e+02 3.2466952424e-02
8.09000e+02 3.9508030832e+02 6.2387087154e-02
8.10000e+02 3.9512787778e+02 1.8087600803e-01
8.11000e+02 3.9513678921e+02 1.0347476406e-01
8.12000e+02 3.9513697793e+02 1.1055245249e-01
8.13000e+02 3.9513643889e+02 5.1870063407e-02
8.14000e+02 3.9512147435e+02 1.6590528184e-01
8.15000e+02 3.9509662524e+02 2.0009584317e-01
8.16000e+02 3.9509976775e+02 2.5180631703e-01
8.17000e+02 3.9510550080e+02 8.9100387198e-02
8.18000e+02 3.9512718242e+02 1.4132127418e-01
8.19000e+02 3.9518638836e+02 1.6749946004e-01
8.20000e+02 3.9524973268e+02 6.0201807389e-02
8.21000e+02 3.9532726189e+02 1.1334464743e-01
8.22000e+02 3.9539160482e+02 7.9307461191e-02
8.23000e+02 3.9541782723e+02 9.3130925287e-02
8.24000e+02 3.9543555233e+02 1.4401533005e-01
8.25000e+02 3.9545029964e+02 6.2781897188e-02
8.26000e+02 3.9544877263e+02 1.5890773776e-01
8.27000e+02 3.9540855764e+02 1.2099383192e-01
8.28000e+02 3.9537846819e+02 2.1910303303e-01
8.29000e+02 3.9536950560e+02 8.0269217883e-03
8.30000e+02 3.9536110272e+02 3.0710937985e-02
8.31000e+02 3.9533852113e+02 7.1681474653e-02
8.32000e+02 3.9530688105e+02 4.9365187562e-02
8.33000e+02 3.9526237457e+02 5.9253798004e-02
8.34000e+02 3.9522787217e+02 2.0758023353e-01
8.35000e+02 3.9518375948e+02 3.2965639706e-01
8.36000e+02 3.9513364141e+02 1.4388942118e-01
8.37000e+02 3.9508353694e+02 8.6245012624e-02
8.38000e+02 3.9505798028e+02 3.4860982506e-03
8.39000e+02 3.9507432013e+02 1.8207021665e-01
8.40000e+02 3.9509546434e+02 6.9764832666e-02
8.41000e+02 3.9511851761e+02 6.9675122971e-02
8.42000e+02 3.9513343372e+02 6.5034177095e-02
8.43000e+02 3.9516892611e+02 1.9111356101e-01
8.44000e+02 3.9520906321e+02 1.7192955702e-01
8.45000e+02 3.9522533129e+02 1.8257270950e-03
8.46000e+02 3.9523548625e+02 1.9568360638e-01
8.47000e+02 3.9524559507e+02 1.1118713302e-02
8.48000e+02 3.9525404974e+02 1.7002802096e-03
8.49000e+02 3.9526307218e+02 1.0863799649e-03
8.50000e+02 3.9530845204e+02 9.7711044433e-02
8.51000e+02 3.9539868742e+02 1.0155747513e-02
8.52000e+02 3.9548731503e+02 4.8490510427e-02
8.53000e+02 3.9557178789e+02 2.2162914460e-02
8.54000e+02 3.9568650077e+02 6.9333020874e-02
8.55000e+02 3.9583892117e+02 6.2185025820e-02
8.56000e+02 3.9598630570e+02 5.8756913833e-02
8.57000e+02 3.9613295031e+02 1.3143543069e-01
8.58000e+02 3.9626644345e+02 1.9063875267e-01
8.59000e+02 3.9641913376e+02 1.1719792214e-01
8.60000e+02 3.9657388564e+02 1.2444807290e-01
8.61000e+02 3.9670469347e+02 1.0733936091e-02
8.62000e+02 3.9687542162e+02 1.1504312218e-01
8.63000e+02 3.9705271238e+02 1.5339910969e-01
8.64000e+02 3.9719007543e+02 5.5350345270e-02
8.65000e+02 3.9733400905e+02 4.4994193332e-02
8.66000e+02 3.9748142496e+02 3.7613234297e-02
8.67000e+02 3.9763061097e+02 4.2828008713e-02
8.68000e+02 3.9778017186e+02 4.4930161565e-02
8.69000e+02 3.9793073321e+02 4.6260573559e-02
8.70000e+02 3.9808097685e+02 4.6897055606e-02
8.71000e+02 3.9820813890e+02 8.4711589402e-02
8.72000e+02 3.9837130486e+02 8.6655669174e-02
8.73000e+02 3.9858040617e+02 2.3974281126e-01
8.74000e+02 3.9878274647e+02 5.2096661710e-02
8.75000e+02 3.9897899318e+02 1.5565367116e-01
8.76000e+02 3.9921205952e+02 2.1518558186e-01
8.77000e+02 3.9948281942e+02 1.1370315556e-01
8.78000e+02 3.9974309857e+02 1.2335781743e-01
8.79000e+02 3.9999997911e+02 2.7560422441e-01
8.80000e+02 4.0024006690e+02 5.7742101752e-01
8.81000e+02 4.0049968577e+02 3.3118670402e-01
8.82000e+02 4.0076989673e+02 5.2208664899e-01
8.83000e+02 4.0099017625e+02 5.8676998457e-01
8.84000e+02 4.0118667146e+02 4.3592575277e-02
8.85000e+02 4.0138008340e+02 9.7016710520e-02
8.86000e+02 4.0157151052e+02 2.4852471729e-01
8.87000e+02 4.0172083660e+02 1.1450242169e-01
8.88000e+02 4.0187467879e+02 2.4728595070e-01
8.89000e+02 4.0203290589e+02 5.7246842846e-02
8.90000e+02 4.0216571385e+02 2.3340375636e-02
8.91000e+02 4.0229357613e+02 1.8272653834e-01
8.92000e+02 4.0241821201e+02 1.2398956248e-01
8.93000e+02 4.0250536572e+02 7.1073384489e-02
8.94000e+02 4.0258133000e+02 1.2570013021e-01
8.95000e+02 4.0265309809e+02 1.7995976421e-01
8.96000e+02 4.0271385896e+02 1.3487732263e-01
8.97000e+02 4.0273677074e+02 3.6303703791e-02
8.98000e+02 4.0276863907e+02 9.9519180982e-02
8.99000e+02 4.0280565522e+02 1.4104370580e-02
9.00000e+02 4.0284582724e+02 2.2393955335e-02
9.01000e+02 4.0290194991e+02 6.1489042189e-02
9.02000e+02 4.0296337175e+02 1.6626293742e-01
9.03000e+02 4.0304358050e+02 1.7091251380e-01
9.04000e+02 4.0314962528e+02 6.5872763270e-02
9.05000e+02 4.0328739187e+02 9.4848774188e-02
9.06000e+02 4.0342230100e+02 1.5443726486e-01
9.07000e+02 4.0356882092e+02 1.0749706439e-01
9.08000e+02 4.0371666389e+02 3.9373437584e-02
9.09000e+02 4.0385321008e+02 5.6337437568e-02
9.10000e+02 4.0402246759e+02 6.3212731502e-02
9.11000e+02 4.0423101893e+02 2.6440164270e-01
9.12000e+02 4.0443274755e+02 8.3727152778e-02
9.13000e+02 4.0463250322e+02 6.3209478274e-02
9.14000e+02 4.0486790483e+02 2.3699722255e-01
9.15000e+02 4.0510666162e+02 3.8986354371e-01
9.16000e+02 4.0530459971e+02 1.4257134140e-01
9.17000e+02 4.0548514516e+02 1.6891268721e-01
9.18000e+02 4.0571366657e+02 2.1174034728e-01
9.19000e+02 4.0594658447e+02 2.0568971376e-01
9.20000e+02 4.0613801024e+02 1.6223145327e-01
9.21000e+02 4.0633281140e+02 1.7125874038e-01
9.22000e+02 4.0653002068e+02 2.2737070191e-01
9.23000e+02 4.0670946255e+02 2.1042501261e-01
9.24000e+02 4.0693199951e+02 1.9949958787e-01
9.25000e+02 4.0719687941e+02 3.6711531217e-01
9.26000e+02 4.0744929083e+02 8.3696592947e-01
9.27000e+02 4.0767732857e+02 1.9441992598e-01
9.28000e+02 4.0788535835e+02 2.2681860307e-01
9.29000e+02 4.0807923975e+02 5.4474402176e-01
9.30000e+02 4.0826995483e+02 1.3252915517e-01
9.31000e+02 4.0842190812e+02 7.6084446445e-02
9.32000e+02 4.0857831548e+02 5.2087532682e-02
9.33000e+02 4.0875703479e+02 3.6475649793e-01
9.34000e+02 4.0894200565e+02 4.4131679434e-01
9.35000e+02 4.0913797277e+02 1.3448234790e-01
9.36000e+02 4.0932820139e+02 1.1232339902e-01
9.37000e+02 4.0950576709e+02 1.1105747458e-01
9.38000e+02 4.0968348741e+02 9.8438113763e-02
9.39000e+02 4.0984661469e+02 6.3209431286e-02
9.40000e+02 4.1000080280e+02 3.2384683001e-01
9.41000e+02 4.1013573425e+02 1.4951507666e-01
9.42000e+02 4.1027236658e+02 2.3537489297e-01
9.43000e+02 4.1039811898e+02 4.0127179675e-01
9.44000e+02 4.1055402962e+02 2.9926791965e-01
9.45000e+02 4.1074946855e+02 1.3076005473e-01
9.46000e+02 4.1094171013e+02 5.5609256349e-02
9.47000e+02 4.1113360529e+02 1.6148568599e-01
9.48000e+02 4.1131160665e+02 2.0831947686e-01
9.49000e+02 4.1150947127e+02 1.3303398141e-01
9.50000e+02 4.1171125044e+02 1.5468814789e-01
9.51000e+02 4.1189447332e+02 1.2777024854e-01
9.52000e+02 4.1209187654e+02 1.3806258759e-01
9.53000e+02 4.1228540435e+02 1.1440087753e-01
9.54000e+02 4.1250829930e+02 3.2525608160e-01
9.55000e+02 4.1273590457e+02 6.8837746915e-01
9.56000e+02 4.1292606861e+02 1.2644915444e-01
9.57000e+02 4.1309961713e+02 1.9218331249e-01
9.58000e+02 4.1331990021e+02 1.9018703804e-01
9.59000e+02 4.1357905931e+02 1.2942809448e-01
9.60000e+02 4.1382635023e+02 3.6595313691e-01
9.61000e+02 4.1405156381e+02 1.8760516658e-01
9.62000e+02 4.1425763578e+02 2.0789905108e-01
9.63000e+02 4.1444853354e+02 4.4305297103e-01
9.64000e+02 4.1463999967e+02 4.3667283298e-01
9.65000e+02 4.1481815481e+02 1.9460346755e-01
9.66000e+02 4.1498582232e+02 1.9568812948e-01
9.67000e+02 4.1517889266e+02 1.2631343528e-01
9.68000e+02 4.1537567399e+02 1.3690797404e-01
9.69000e+02 4.1552302093e+02 4.9480196060e-02
9.70000e+02 4.1567433860e+02 1.6788286763e-01
9.71000e+02 4.1583091578e+02 4.9598380282e-02
9.72000e+02 4.1596084031e+02 8.8444154648e-02
9.73000e+02 4.1608811195e+02 5.3168493854e-02
9.74000e+02 4.1622042728e+02 1.3920997302e-02
9.75000e+02 4.1633899861e+02 1.5611874120e-01
9.76000e+02 4.1649214772e+02 5.1380217502e-02
9.77000e+02 4.1668756976e+02 3.8640618940e-01
9.78000e+02 4.1687803184e+02 1.0135383982e-01
9.79000e+02 4.1707534282e+02 1.7256869291e-01
9.80000e+02 4.1727060289e+02 1.3358071938e-01
9.81000e+02 4.1745160371e+02 1.1774904664e-01
9.82000e+02 4.1764901071e+02 1.3613394718e-01
9.83000e+02 4.1784656977e+02 8.2329007455e-02
9.84000e+02 4.1807114850e+02 2.2518339774e-01
9.85000e+02 4.1833045061e+02 1.8338132299e-01
9.86000e+02 4.1857851898e+02 3.5363753719e-01
9.87000e+02 4.1880667538e+02 3.4786627592e-01
9.88000e+02 4.1901702993e+02 1.9971080842e-01
9.89000e+02 4.1921026791e+02 3.8012869439e-01
9.90000e+02 4.1940359877e+02 3.7567242559e-01
9.91000e+02 4.1958421949e+02 2.0801986386e-01
9.92000e+02 4.1975399177e+02 3.3916630403e-01
9.93000e+02 4.1994863899e+02 1.2850211335e-01
9.94000e+02 4.2014628996e+02 3.9850713901e-02
9.95000e+02 4.2029472449e+02 2.3031689028e-01
9.96000e+02 4.2044712491e+02 3.5167289225e-01
9.97000e+02 4.2060465381e+02 5.0376828931e-02
9.98000e+02 4.2073576922e+02 8.9716734801e-02
9.99000e+02 4.2086410349e+02 6.6312947034e-02
1.00000e+03 4.2098953819e+02 2.0819675745e-01
1.00100e+03 4.2107673681e+02 2.1985722475e-02
1.00200e+03 4.2115259674e+02 1.2150210940e-01
1.00300e+03 4.2122499360e+02 1.4852600169e-02
1.00400e+03 4.2128664872e+02 8.5743313861e-02
1.00500e+03 4.2131041201e+02 1.1177988610e-01
1.00600e+03 4.2132779859e+02 7.3311101227e-02
1.00700e+03 4.2134412426e+02 9.7156003447e-02
1.00800e+03 4.2134518961e+02 1.7225788243e-01
1.00900e+03 4.2130847014e+02 6.0482757050e-02
1.01000e+03 4.2126915300e+02 1.5376256305e-01
1.01100e+03 4.2122041238e+02 1.2195987840e-01
1.01200e+03 4.2116881695e+02 1.2278287464e-02
1.01300e+03 4.2113675007e+02 4.8392557329e-02
1.01400e+03 4.2108672930e+02 1.1150838694e-01
1.01500e+03 4.2099295338e+02 5.7056455236e-02
1.01600e+03 4.2089804575e+02 9.0583738165e-02
1.01700e+03 4.2080851618e+02 5.7462678160e-02
1.01800e+03 4.2069670034e+02 1.1879448151e-01
1.01900e+03 4.2054610964e+02 5.6814775974e-02
1.02000e+03 4.2039819374e+02 5.3008268968e-02
1.02100e+03 4.2025458579e+02 5.4078379009e-02
1.02200e+03 4.2008467823e+02 9.8017907613e-02
1.02300e+03 4.1990759068e+02 6.1092917726e-02
1.02400e+03 4.1976695642e+02 4.3100627214e-01
1.02500e+03 4.1963031801e+02 8.7897777123e-02
1.02600e+03 4.1948892842e+02 8.1283576542e-02
1.02700e+03 4.1934856985e+02 3.7201593760e-03
1.02800e+03 4.1920674767e+02 4.1490280836e-03
1.02900e+03 4.1908854098e+02 4.0517401136e-01
1.03000e+03 4.1894092537e+02 5.4601890557e-03
1.03100e+03 4.1874619780e+02 4.4136874046e-02
1.03200e+03 4.1856583675e+02 6.3433923091e-01
1.03300e+03 4.1840919668e+02 4.1012778487e-01
1.03400e+03 4.1826829844e+02 9.1790294040e-02
1.03500e+03 4.1814397664e+02 5.2490747771e-01
1.03600e+03 4.1803236117e+02 6.8745586279e-02
1.03700e+03 4.1795576807e+02 1.1651537200e-02
1.03800e+03 4.1788725454e+02 3.5335995942e-01
1.03900e+03 4.1782741051e+02 6.4477773046e-02
1.04000e+03 4.1776136336e+02 3.4996963169e-01
1.04100e+03 4.1769327618e+02 3.2326963515e-02
1.04200e+03 4.1764883549e+02 6.7174776117e-02
1.04300e+03 4.1764303057e+02 5.3865853954e-02
1.04400e+03 4.1764067407e+02 6.6157026206e-02
1.04500e+03 4.1764071180e+02 1.3523251647e-01
1.04600e+03 4.1763263521e+02 1.2654859770e-01
1.04700e+03 4.1762122365e+02 1.1449292363e-02
1.04800e+03 4.1760712844e+02 1.7456462810e-02
1.04900e+03 4.1761843805e+02 2.0895460934e-02
1.05000e+03 4.1761587265e+02 1.0095747253e-01
1.05100e+03 4.1756205088e+02 3.5701465335e-01
1.05200e+03 4.1750026818e+02 4.7687486680e-02
1.05300e+03 4.1743012386e+02 5.8732755750e-02
1.05400e+03 4.1735668233e+02 4.7924467184e-02
1.05500e+03 4.1728248641e+02 4.0516045241e-03
1.05600e+03 4.1723262593e+02 3.6207742833e-01
1.05700e+03 4.1722361347e+02 9.7648976304e-02
1.05800e+03 4.1720998874e+02 2.8116088469e-01
1.05900e+03 4.1716936177e+02 3.4852054478e-01
1.06000e+03 4.1713351408e+02 1.0056888426e-01
1.06100e+03 4.1709892735e+02 1.0650854522e-01
1.06200e+03 4.1706580750e+02 2.7278433939e-03
1.06300e+03 4.1703378087e+02 5.2852248012e-03
1.06400e+03 4.1697335781e+02 1.3018474996e-02
1.06500e+03 4.1690423540e+02 2.6045522374e-01
1.06600e+03 4.1682595458e+02 6.4656089903e-02
1.06700e+03 4.1673854266e+02 4.2387062186e-01
1.06800e+03 4.1665599397e+02 3.2731400852e-01
1.06900e+03 4.1656857861e+02 2.5382192416e-02
1.07000e+03 4.1650813846e+02 6.3665022802e-02
1.07100e+03 4.1645855499e+02 2.3390947397e-01
1.07200e+03 4.1641945944e+02 3.2902184069e-01
1.07300e+03 4.1641233527e+02 1.6689824921e-02
1.07400e+03 4.1641097904e+02 1.7459164468e-01
1.07500e+03 4.1641800170e+02 5.1043245055e-02
1.07600e+03 4.1644592227e+02 6.7016115005e-02
1.07700e+03 4.1650724928e+02 1.0596585982e-01
1.07800e+03 4.1656104771e+02 1.3634712191e-01
1.07900e+03 4.1659219001e+02 4.4480444175e-02
1.08000e+03 4.1660887541e+02 1.8308631699e-01
1.08100e+03 4.1661302947e+02 1.8209088372e-01
1.08200e+03 4.1660249073e+02 1.0877312824e-01
1.08300e+03 4.1658003711e+02 8.3780639247e-02
1.08400e+03 4.1656117905e+02 8.3193287515e-03
1.08500e+03 4.1652080451e+02 2.2561118408e-01
1.08600e+03 4.1647596464e+02 1.1245420199e-01
1.08700e+03 4.1641572120e+02 2.2136044920e-01
1.08800e+03 4.1637272788e+02 3.4073541806e-01
1.08900e+03 4.1636012287e+02 9.8486094816e-03
1.09000e+03 4.1635361878e+02 1.8711991818e-01
1.09100e+03 4.1635695023e+02 7.7575740715e-02
1.09200e+03 4.1635207805e+02 9.1012153783e-02
1.09300e+03 4.1634350798e+02 1.0282266033e-01
1.09400e+03 4.1636602318e+02 6.5508507178e-02
1.09500e+03 4.1642696731e+02 2.9195024974e-02
1.09600e+03 4.1648732795e+02 6.6864736070e-02
1.09700e+03 4.1654890882e+02 7.0150940142e-02
1.09800e+03 4.1663778446e+02 7.6545537639e-02
1.09900e+03 4.1676175085e+02 6.3022254107e-02
1.10000e+03 4.1688180194e+02 5.9690445247e-02
1.10100e+03 4.1700311968e+02 9.3325954603e-02
1.10200e+03 4.1711189335e+02 1.1364584141e-01
1.10300e+03 4.1721400507e+02 6.0737099345e-02
1.10400e+03 4.1736113390e+02 1.2121241108e-01
1.10500e+03 4.1751308349e+02 1.1493263084e-01
1.10600e+03 4.1762512534e+02 3.2681860837e-03
1.10700e+03 4.1774188163e+02 4.3731355702e-03
1.10800e+03 4.1786299189e+02 3.3095957958e-03
1.10900e+03 4.1796505326e+02 4.1097728698e-02
1.11000e+03 4.1810229047e+02 3.1781769551e-02
1.11100e+03 4.1828177361e+02 5.5516754110e-02
1.11200e+03 4.1845479636e+02 5.1912495379e-02
1.11300e+03 4.1862403825e+02 9.8930507171e-02
1.11400e+03 4.1882854037e+02 8.1052765133e-02
1.11500e+03 4.1906898309e+02 9.3363825314e-02
1.11600e+03 4.1929938617e+02 1.5524983630e-01
1.11700e+03 4.1952753297e+02 1.3987662217e-01
1.11800e+03 4.1979389152e+02 1.5512689431e-01
1.11900e+03 4.2006227311e+02 3.8412547083e-01
1.12000e+03 4.2028724446e+02 3.4616698073e-01
1.12100e+03 4.2051209835e+02 2.9559642985e-01
1.12200e+03 4.2073742296e+02 1.9235285573e-01
1.12300e+03 4.2096277213e+02 1.9265578834e-01
1.12400e+03 4.2118781496e+02 1.9218135214e-01
1.12500e+03 4.2139357593e+02 1.7283011003e-01
1.12600e+03 4.2158841865e+02 2.2002909465e-01
1.12700e+03 4.2177870744e+02 2.0433688857e-01
1.12800e+03 4.2202739719e+02 2.5901422247e-01
1.12900e+03 4.2232134680e+02 5.9275114547e-01
1.13000e+03 4.2260065310e+02 1.8089559196e-01
1.13100e+03 4.2287044598e+02 7.9504098614e-02
1.13200e+03 4.2318428840e+02 3.8062802936e-01
1.13300e+03 4.2353508454e+02 2.3756123134e-01
1.13400e+03 4.2387034296e+02 1.3537671737e-01
1.13500e+03 4.2420454307e+02 6.1679613677e-01
1.13600e+03 4.2453577606e+02 4.0609719299e-01
1.13700e+03 4.2485596881e+02 4.2934923272e-01
1.13800e+03 4.2516036280e+02 7.4452785766e-01
1.13900e+03 4.2548866399e+02 3.9979218409e-01
1.14000e+03 4.2583557592e+02 1.1917425033e+00
1.14100e+03 4.2613047743e+02 1.0303564908e+00
1.14200e+03 4.2639613426e+02 3.4185797682e-01
1.14300e+03 4.2665815187e+02 6.6283583865e-02
1.14400e+03 4.2691866969e+02 2.6245992475e-01
1.14500e+03 4.2717907896e+02 2.6058912476e-01
1.14600e+03 4.2744517437e+02 3.9571056960e-01
1.14700e+03 4.2766809095e+02 2.6953119929e-01
1.14800e+03 4.2787069733e+02 1.3106078052e-01
1.14900e+03 4.2805183546e+02 6.9822518480e-01
1.15000e+03 4.2827488823e+02 8.9232278458e-01
1.15100e+03 4.2853827419e+02 7.4609224021e-01
1.15200e+03 4.2879410408e+02 3.7846119741e-01
1.15300e+03 4.2904794418e+02 1.2685262340e-01
1.15400e+03 4.2934249797e+02 7.1501027180e-02
1.15500e+03 4.2964072839e+02 3.3182374039e-01
1.15600e+03 4.2989603131e+02 3.0224290582e-01
1.15700e+03 4.3015270661e+02 3.7434876797e-01
1.15800e+03 4.3041694613e+02 5.9889770003e-01
1.15900e+03 4.3066409797e+02 5.8206468255e-01
1.16000e+03 4.3090941070e+02 2.3062129584e-01
1.16100e+03 4.3114960334e+02 2.2343146823e-01
1.16200e+03 4.3141112588e+02 2.5684647459e-01
1.16300e+03 4.3167803223e+02 2.6085625658e-01
1.16400e+03 4.3197156807e+02 8.0323009447e-01
1.16500e+03 4.3226723422e+02 7.9986258932e-01
1.16600e+03 4.3252424483e+02 2.6230308501e-01
1.16700e+03 4.3276065592e+02 5.9557112558e-01
1.16800e+03 4.3299012679e+02 5.6743582614e-01
1.16900e+03 4.3321452867e+02 1.9083357410e-01
1.17000e+03 4.3350082669e+02 3.1906878015e-01
1.17100e+03 4.3383023210e+02 8.9212772839e-02
1.17200e+03 4.3414428610e+02 9.7431709777e-01
1.17300e+03 4.3445067390e+02 1.9789284280e-01
1.17400e+03 4.3480385908e+02 6.6887161135e-02
1.17500e+03 4.3519362973e+02 8.0931839388e-01
1.17600e+03 4.3556621750e+02 2.5622871477e-01
1.17700e+03 4.3593394472e+02 1.2815970435e-01
1.17800e+03 4.3628186103e+02 6.3481467151e-01
1.17900e+03 4.3664899524e+02 1.5963637976e+00
1.18000e+03 4.3701461803e+02 4.6832187285e-01
1.18100e+03 4.3735779433e+02 4.2690173191e-01
1.18200e+03 4.3776571638e+02 6.2606289844e-01
1.18300e+03 4.3817582997e+02 1.1254542611e+00
1.18400e+03 4.3857645258e+02 5.4570332985e-01
1.18500e+03 4.3901180978e+02 7.6941258314e-01
1.18600e+03 4.3943509165e+02 2.0674529835e+00
1.18700e+03 4.3984271112e+02 5.4266351444e-01
1.18800e+03 4.4022823365e+02 4.6408104354e-01
1.18900e+03 4.4057507203e+02 7.2280388407e-01
1.19000e+03 4.4090826124e+02 6.6974776328e-01
1.19100e+03 4.4126438291e+02 1.0494473715e+00
1.19200e+03 4.4161854914e+02 1.0369413564e+00
1.19300e+03 4.4195027925e+02 3.9844489957e-01
1.19400e+03 4.4227168633e+02 3.8626433370e-01
1.19500e+03 4.4258754945e+02 3.7001107547e-01
1.19600e+03 4.4298106074e+02 5.3500954376e-01
1.19700e+03 4.4342160078e+02 1.0410872552e+00
1.19800e+03 4.4383854159e+02 5.8336478326e-01
1.19900e+03 4.4424945827e+02 1.0808744867e+00
1.20000e+03 4.4465722504e+02 5.5002937525e-01
1.20100e+03 4.4506378200e+02 5.4511962875e-01
1.20200e+03 4.4549488341e+02 1.0478657072e+00
1.20300e+03 4.4590663416e+02 1.1034714761e+00
1.20400e+03 4.4631264871e+02 1.0772811501e+00
1.20500e+03 4.4670591677e+02 7.8507982761e-01
1.20600e+03 4.4708038842e+02 1.5264835411e+00
1.20700e+03 4.4741641689e+02 1.5451224174e+00
1.20800e+03 4.4773896572e+02 3.8787655248e-01
1.20900e+03 4.4808399006e+02 4.8593026502e-01
1.21000e+03 4.4844632147e+02 4.3683150221e-02
1.21100e+03 4.4876120897e+02 1.8340651769e+00
1.21200e+03 4.4907616182e+02 2.5379674054e+00
1.21300e+03 4.4941962920e+02 4.3554004041e-01
1.21400e+03 4.4975718151e+02 7.7581305327e-01
1.21500e+03 4.5008310976e+02 3.6906773842e-01
1.21600e+03 4.5039307620e+02 3.3062571602e-02
1.21700e+03 4.5068095017e+02 6.7424740070e-01
1.21800e+03 4.5096924280e+02 3.1943898619e-01
1.21900e+03 4.5122238908e+02 7.2781968895e-02
1.22000e+03 4.5145934621e+02 6.0056384423e-01
1.22100e+03 4.5168682787e+02 2.5872723063e-01
1.22200e+03 4.5191446129e+02 1.7819271508e+00
1.22300e+03 4.5212890097e+02 8.9889266808e-01
1.22400e+03 4.5238527649e+02 2.3741216435e-01
1.22500e+03 4.5264863573e+02 2.8517875680e-01
1.22600e+03 4.5287296645e+02 2.4584209754e-01
1.22700e+03 4.5310279839e+02 1.8451530234e-01
1.22800e+03 4.5333459533e+02 1.8849431036e-01
1.22900e+03 4.5356799539e+02 1.9187393812e-01
1.23000e+03 4.5380552153e+02 1.6141789980e-01
1.23100e+03 4.5402798273e+02 1.3436214467e+00
1.23200e+03 4.5425009769e+02 3.8049594446e-01
1.23300e+03 4.5445388578e+02 1.8602509719e-01
1.23400e+03 4.5464621669e+02 3.4401304089e-01
1.23500e+03 4.5481220380e+02 5.4081271984e-01
1.23600e+03 4.5501367165e+02 6.2589303066e-01
1.23700e+03 4.5525092900e+02 1.8569723550e-01
1.23800e+03 4.5547927090e+02 1.9173848102e-01
1.23900e+03 4.5568935025e+02 3.4996028782e-01
1.24000e+03 4.5588349594e+02 8.6380994758e-02
1.24100e+03 4.5606209924e+02 3.0765108046e-01
1.24200e+03 4.5623645377e+02 5.3987378449e-02
1.24300e+03 4.5637495838e+02 1.4719881898e-02
1.24400e+03 4.5650198689e+02 1.5566002908e-01
1.24500e+03 4.5661034695e+02 1.8417193133e-01
1.24600e+03 4.5671254529e+02 2.4830166888e-02
1.24700e+03 4.5681183561e+02 3.3875070855e-02
1.24800e+03 4.5695598302e+02 1.2819108704e-01
1.24900e+03 4.5714243785e+02 8.6810839330e-02
1.25000e+03 4.5732399299e+02 4.4878369019e-01
1.25100e+03 4.5750369645e+02 8.0413135136e-02
1.25200e+03 4.5772061667e+02 1.5949683780e-01
1.25300e+03 4.5797483946e+02 2.0758842703e-01
1.25400e+03 4.5821779862e+02 3.6270950424e-01
1.25500e+03 4.5843990402e+02 2.8291721975e-01
1.25600e+03 4.5866238733e+02 2.1294393509e-01
1.25700e+03 4.5890069936e+02 2.0661556877e-01
1.25800e+03 4.5913414920e+02 1.9689962250e-01
1.25900e+03 4.5936444606e+02 1.8868755617e-01
1.26000e+03 4.5961446758e+02 7.6168452821e-02
1.26100e+03 4.5986889377e+02 5.8093900083e-01
1.26200e+03 4.6011914488e+02 5.7288558647e-01
1.26300e+03 4.6036611385e+02 3.4861389972e-01
1.26400e+03 4.6064963314e+02 4.5594380664e-01
1.26500e+03 4.6096780189e+02 3.1704780884e-01
1.26600e+03 4.6127228879e+02 5.7626670148e-01
1.26700e+03 4.6155739095e+02 7.3121561701e-01
1.26800e+03 4.6182295938e+02 7.4372815766e-01
1.26900e+03 4.6206966133e+02 5.6796620039e-01
1.27000e+03 4.6231441707e+02 5.9731164758e-02
1.27100e+03 4.6252232784e+02 7.1043222642e-02
1.27200e+03 4.6271501104e+02 4.9451300646e-01
1.27300e+03 4.6289911524e+02 1.2226918117e-01
1.27400e+03 4.6308425707e+02 3.8014203185e-01
1.27500e+03 4.6325549364e+02 8.7992213162e-01
1.27600e+03 4.6341700495e+02 5.6081377284e-02
1.27700e+03 4.6360520498e+02 9.7014647565e-02
1.27800e+03 4.6379584364e+02 5.4117074686e-02
1.27900e+03 4.6393772761e+02 4.8401699703e-01
1.28000e+03 4.6406302508e+02 3.6213849282e-02
1.28100e+03 4.6418992110e+02 6.1303997202e-02
1.28200e+03 4.6431014878e+02 3.1826097004e-01
1.28300e+03 4.6438974923e+02 9.8461156692e-02
1.28400e+03 4.6447682640e+02 4.1059789045e-01
1.28500e+03 4.6456951826e+02 1.3091414716e-02
1.28600e+03 4.6466488322e+02 2.1366118481e-02
1.28700e+03 4.6476417461e+02 6.5995247110e-03
1.28800e+03 4.6483644986e+02 5.3022209766e-02
1.28900e+03 4.6490279949e+02 1.1041453234e-01
1.29000e+03 4.6496534482e+02 1.3637379461e-01
1.29100e+03 4.6501716828e+02 1.4814010940e-01
1.29200e+03 4.6509180197e+02 9.8892051975e-02
1.29300e+03 4.6517107189e+02 1.2508817702e-01
1.29400e+03 4.6527087757e+02 1.1033641714e-02
1.29500e+03 4.6540609796e+02 1.4746658868e-01
1.29600e+03 4.6554134004e+02 2.8127371008e-03
1.29700e+03 4.6568755513e+02 4.8877571627e-03
1.29800e+03 4.6582637665e+02 7.6276188507e-02
1.29900e+03 4.6595201496e+02 2.5481819911e-03
1.30000e+03 4.6609737578e+02 1.5001603783e-02
1.30100e+03 4.6624474221e+02 6.8096515637e-02
1.30200e+03 4.6641497376e+02 7.0425876743e-02
1.30300e+03 4.6661936197e+02 7.8796312570e-02
1.30400e+03 4.6681405522e+02 1.2246545932e-01
1.30500e+03 4.6698853461e+02 6.8083780471e-02
1.30600e+03 4.6714695158e+02 2.9207053012e-02
1.30700e+03 4.6728961490e+02 1.3373141329e-01
1.30800e+03 4.6743427976e+02 1.3290172296e-01
1.30900e+03 4.6756664594e+02 3.0864703784e-02
1.31000e+03 4.6773147468e+02 6.2612889589e-02
1.31100e+03 4.6793608245e+02 1.3298837963e-01
1.31200e+03 4.6813596963e+02 5.5222326249e-02
1.31300e+03 4.6833451884e+02 1.2873330873e-01
1.31400e+03 4.6856862812e+02 2.0071396248e-01
1.31500e+03 4.6883858066e+02 1.2051187529e-01
1.31600e+03 4.6909869246e+02 8.7668937132e-02
1.31700e+03 4.6935725198e+02 2.6052356824e-01
1.31800e+03 4.6965544577e+02 1.8447586806e-01
1.31900e+03 4.6998793014e+02 1.5011310610e-01
1.32000e+03 4.7030668227e+02 3.1890336849e-01
1.32100e+03 4.7062596605e+02 6.4842554919e-01
1.32200e+03 4.7095269439e+02 5.3524483605e-01
1.32300e+03 4.7124290380e+02 5.6308494018e-01
1.32400e+03 4.7151008374e+02 8.8853417789e-01
1.32500e+03 4.7174925878e+02 5.8851051824e-01
1.32600e+03 4.7203258936e+02 2.9583385513e-01
1.32700e+03 4.7235288367e+02 3.6929891088e-01
1.32800e+03 4.7266254509e+02 5.7883129936e-01
1.32900e+03 4.7296963517e+02 6.7915034352e-02
1.33000e+03 4.7331993603e+02 2.7516582729e-01
1.33100e+03 4.7367210273e+02 6.3238596853e-01
1.33200e+03 4.7397877267e+02 3.3518937553e-01
1.33300e+03 4.7428520145e+02 5.6539745931e-01
1.33400e+03 4.7460219920e+02 7.8275707554e-01
1.33500e+03 4.7487620575e+02 1.0986895396e-01
1.33600e+03 4.7512704244e+02 2.1329943944e-01
1.33700e+03 4.7537126342e+02 2.0441856774e-01
1.33800e+03 4.7561648140e+02 3.7979307616e-02
1.33900e+03 4.7582158745e+02 1.4418564878e-01
1.34000e+03 4.7603049186e+02 5.3596213335e-01
1.34100e+03 4.7626424842e+02 7.3337789839e-01
1.34200e+03 4.7649425813e+02 1.8411912691e-01
1.34300e+03 4.7671248952e+02 1.4743625278e-01
1.34400e+03 4.7693290510e+02 1.5879998925e-01
1.34500e+03 4.7716595790e+02 1.8323124663e-01
1.34600e+03 4.7739528631e+02 1.8236671547e-01
1.34700e+03 4.7761848145e+02 1.6360494077e-01
1.34800e+03 4.7784362762e+02 1.6817193000e-01
1.34900e+03 4.7806740814e+02 1.6858914722e-01
1.35000e+03 4.7829168856e+02 1.6755479747e-01
1.35100e+03 4.7852760320e+02 1.8504619421e-01
1.35200e+03 4.7875833881e+02 2.4222395741e-01
1.35300e+03 4.7898464703e+02 1.6991494219e-01
1.35400e+03 4.7921249508e+02 1.7331266465e-01
1.35500e+03 4.7943858444e+02 1.7292049131e-01
1.35600e+03 4.7964157433e+02 1.5636734378e-01
1.35700e+03 4.7982720476e+02 5.8745186952e-01
1.35800e+03 4.8001533974e+02 1.0065319410e+00
1.35900e+03 4.8020756207e+02 9.9448520610e-02
1.36000e+03 4.8039552989e+02 2.9972481701e-01
1.36100e+03 4.8054557793e+02 7.6041326702e-02
1.36200e+03 4.8068231620e+02 6.1996188116e-01
1.36300e+03 4.8081369105e+02 1.4572098444e-01
1.36400e+03 4.8093664726e+02 1.4097690138e-01
1.36500e+03 4.8102182079e+02 6.4874502365e-02
1.36600e+03 4.8109835962e+02 8.5375815205e-02
1.36700e+03 4.8117179120e+02 1.9877919246e-01
1.36800e+03 4.8123311426e+02 1.2644277923e-01
1.36900e+03 4.8125711957e+02 1.8073521969e-03
1.37000e+03 4.8127592569e+02 2.5631311305e-01
1.37100e+03 4.8129370312e+02 1.2138669234e-01
1.37200e+03 4.8131853160e+02 2.3822788368e-01
1.37300e+03 4.8132930047e+02 1.0531015866e+00
1.37400e+03 4.8136089251e+02 1.6608889627e-01
1.37500e+03 4.8143610300e+02 1.1355040128e-01
1.37600e+03 4.8151603706e+02 1.2186419329e-01
1.37700e+03 4.8160856282e+02 1.4164533670e-02
1.37800e+03 4.8168857701e+02 1.6885586111e-02
1.37900e+03 4.8172967187e+02 2.0819412362e-01
1.38000e+03 4.8177761715e+02 1.2607766388e-01
1.38100e+03 4.8184734474e+02 1.1385797737e-02
1.38200e+03 4.8192634099e+02 9.3781063123e-04
1.38300e+03 4.8201788766e+02 1.1591813415e-01
1.38400e+03 4.8213302397e+02 7.8565444297e-02
1.38500e+03 4.8225400904e+02 4.9117075506e-02
1.38600e+03 4.8237276859e+02 3.6232360777e-03
1.38700e+03 4.8251339831e+02 7.0902138335e-02
1.38800e+03 4.8265413574e+02 9.1329362329e-03
1.38900e+03 4.8280860038e+02 7.8807583774e-02
1.39000e+03 4.8295640028e+02 7.5604502565e-03
1.39100e+03 4.8307029216e+02 7.0931775202e-03
1.39200e+03 4.8317145092e+02 5.3966475483e-02
1.39300e+03 4.8326398449e+02 5.4378182004e-02
1.39400e+03 4.8334506416e+02 6.6720227262e-02
1.39500e+03 4.8338855293e+02 1.6490604744e-02
1.39600e+03 4.8343948140e+02 3.0001570471e-03
1.39700e+03 4.8351097290e+02 1.2823883847e-01
1.39800e+03 4.8359224771e+02 3.5057652816e-02
1.39900e+03 4.8368725991e+02 5.7378041327e-02
1.40000e+03 4.8380594826e+02 5.4493029142e-02
1.40100e+03 4.8395706007e+02 7.9620303966e-02
1.40200e+03 4.8409986830e+02 1.3158645399e-02
1.40300e+03 4.8423617222e+02 1.6623908842e-03
1.40400e+03 4.8439037945e+02 7.2932426298e-02
1.40500e+03 4.8455274711e+02 6.7355451685e-02
1.40600e+03 4.8473758046e+02 1.3816727006e-01
1.40700e+03 4.8495248553e+02 9.8047869579e-02
1.40800e+03 4.8515695778e+02 1.5795311580e-01
1.40900e+03 4.8535455236e+02 1.2103795358e-01
1.41000e+03 4.8556903704e+02 9.7287257138e-02
1.41100e+03 4.8579096227e+02 7.9160814279e-02
1.41200e+03 4.8599224542e+02 1.6189204611e-01
1.41300e+03 4.8620513268e+02 2.2464083694e-01
1.41400e+03 4.8642070238e+02 1.3201435985e-01
1.41500e+03 4.8659110752e+02 2.8864652357e-01
1.41600e+03 4.8676415809e+02 2.0708394882e-01
1.41700e+03 4.8696083395e+02 1.3096362438e-01
1.41800e+03 4.8716202891e+02 1.7411666185e-01
1.41900e+03 4.8737131545e+02 1.9423818559e-01
1.42000e+03 4.8756400563e+02 1.8545097460e-01
1.42100e+03 4.8777223850e+02 1.2812969619e-01
1.42200e+03 4.8798176603e+02 1.3633414159e-01
1.42300e+03 4.8817057146e+02 1.0003445075e-01
1.42400e+03 4.8840356584e+02 1.9077647178e-01
1.42500e+03 4.8864235488e+02 3.2371954953e-01
1.42600e+03 4.8887606678e+02 1.9074955872e-01
1.42700e+03 4.8911406026e+02 1.8976325056e-01
1.42800e+03 4.8931701122e+02 1.1019519365e-01
1.42900e+03 4.8950133489e+02 2.5614718253e-01
1.43000e+03 4.8973266410e+02 1.8719079722e-01
1.43100e+03 4.8996869672e+02 1.8504274233e-01
1.43200e+03 4.9016414230e+02 2.4838566126e-01
1.43300e+03 4.9034365256e+02 1.8219019415e-01
1.43400e+03 4.9057266187e+02 1.8253779878e-01
1.43500e+03 4.9080689554e+02 1.8055631561e-01
1.43600e+03 4.9099991604e+02 1.7958292637e-01
1.43700e+03 4.9117744542e+02 1.8037437547e-01
1.43800e+03 4.9140508857e+02 1.7900960563e-01
1.43900e+03 4.9167245494e+02 2.0779004821e-01
1.44000e+03 4.9192770708e+02 9.1535408980e-01
1.44100e+03 4.9216072161e+02 1.7761145641e-01
1.44200e+03 4.9237366854e+02 2.0012042266e-01
1.44300e+03 4.9255917589e+02 1.8680857157e-01
1.44400e+03 4.9278540339e+02 1.7601819370e-01
1.44500e+03 4.9301613153e+02 1.7355578082e-01
1.44600e+03 4.9324341386e+02 1.7443705517e-01
1.44700e+03 4.9347476155e+02 1.7488217038e-01
1.44800e+03 4.9367269583e+02 1.7160911960e-01
1.44900e+03 4.9386583514e+02 8.9844343050e-01
1.45000e+03 4.9406189614e+02 8.8407845584e-01
1.45100e+03 4.9424433049e+02 3.4703178711e-01
1.45200e+03 4.9446876177e+02 1.7185624098e-01
1.45300e+03 4.9469939101e+02 1.7096593246e-01
1.45400e+03 4.9488972815e+02 3.3908761417e-01
1.45500e+03 4.9508488137e+02 1.0786909747e-01
1.45600e+03 4.9528442821e+02 6.4061303340e-01
1.45700e+03 4.9544110021e+02 7.3957245073e-02
1.45800e+03 4.9558045934e+02 5.0978012170e-02
1.45900e+03 4.9571696874e+02 4.7547342309e-01
1.46000e+03 4.9585662679e+02 5.2635622160e-01
1.46100e+03 4.9598039629e+02 1.1301954287e-01
1.46200e+03 4.9609585511e+02 2.4735223351e-01
1.46300e+03 4.9623916063e+02 6.7961063359e-03
1.46400e+03 4.9638108029e+02 1.3151047102e-01
1.46500e+03 4.9647363087e+02 4.9180817946e-02
1.46600e+03 4.9657219246e+02 2.0173618519e-02
1.46700e+03 4.9669911835e+02 1.2685837712e+00
1.46800e+03 4.9683244537e+02 4.5828573352e-04
1.46900e+03 4.9697879402e+02 4.7864025147e-03
1.47000e+03 4.9712661834e+02 9.7156871482e-03
1.47100e+03 4.9726350112e+02 1.2641550345e-01
1.47200e+03 4.9743245569e+02 1.2888476002e-01
1.47300e+03 4.9764186274e+02 9.2644958818e-02
1.47400e+03 4.9784550955e+02 5.5822493784e-02
1.47500e+03 4.9805510237e+02 1.2871680856e-01
1.47600e+03 4.9826436539e+02 1.3420430021e-01
1.47700e+03 4.9847550275e+02 1.3561463340e-01
1.47800e+03 4.9868443133e+02 2.6718465313e-01
1.47900e+03 4.9887736755e+02 1.7336593517e-01
1.48000e+03 4.9906919483e+02 1.5609126131e-01
1.48100e+03 4.9924157515e+02 1.1543682875e-01
1.48200e+03 4.9941654760e+02 2.7176277029e-01
1.48300e+03 4.9960619248e+02 9.6469132213e-02
1.48400e+03 4.9980386412e+02 1.2388763766e-01
1.48500e+03 5.0001439728e+02 3.8074847934e-01
1.48600e+03 5.0025282728e+02 1.5983021445e-01
1.48700e+03 5.0052136641e+02 1.0289752627e-01
1.48800e+03 5.0078223613e+02 1.4543407511e-01
1.48900e+03 5.0104586560e+02 2.1276668969e-01
1.49000e+03 5.0129190991e+02 6.9145021445e-01
1.49100e+03 5.0155491999e+02 3.2092512043e-01
1.49200e+03 5.0181811383e+02 2.4069231805e-01
1.49300e+03 5.0205996486e+02 2.0221184293e-01
1.49400e+03 5.0229171486e+02 1.8771531989e-01
1.49500e+03 5.0251868198e+02 1.7264370036e-01
1.49600e+03 5.0274390592e+02 1.6594500077e-01
1.49700e+03 5.0300498255e+02 2.3851816537e-01
1.49800e+03 5.0327951565e+02 2.8187312562e-01
1.49900e+03 5.0349864589e+02 1.0552082425e+00
1.50000e+03 5.0371877345e+02 7.3056265822e-01
1.50100e+03 5.0394378243e+02 1.5841390712e-01
1.50200e+03 5.0413868923e+02 3.0317142730e-02
1.50300e+03 5.0433143834e+02 6.8327517337e-02
1.50400e+03 5.0452648492e+02 2.8051915388e-01
1.50500e+03 5.0470602041e+02 2.7088257519e-01
1.50600e+03 5.0487629662e+02 2.4598110631e-01
1.50700e+03 5.0507422643e+02 2.8541933867e-01
1.50800e+03 5.0527744650e+02 7.3301292232e-01
1.50900e+03 5.0543051541e+02 9.0269327163e-03
1.51000e+03 5.0558747784e+02 8.6072456083e-02
1.51100e+03 5.0574998713e+02 3.2513621023e-02
1.51200e+03 5.0591349767e+02 3.9029217114e-02
1.51300e+03 5.0608092847e+02 4.3911701272e-02
1.51400e+03 5.0621883607e+02 3.2368616124e-02
1.51500e+03 5.0635135887e+02 2.5848198245e-01
1.51600e+03 5.0648330342e+02 3.9445288672e-03
1.51700e+03 5.0657869598e+02 7.2038242382e-02
1.51800e+03 5.0668019239e+02 9.0112547986e-02
1.51900e+03 5.0680319831e+02 8.4039410111e-01
1.52000e+03 5.0693331196e+02 2.9977852473e-01
1.52100e+03 5.0707804045e+02 8.2651022310e-03
1.52200e+03 5.0721427766e+02 2.7810584506e-02
1.52300e+03 5.0733898513e+02 1.8768109717e-02
1.52400e+03 5.0748458286e+02 2.3740929689e-02
1.52500e+03 5.0763774709e+02 1.1683262878e-02
1.52600e+03 5.0777645491e+02 1.6278731227e-02
1.52700e+03 5.0788112767e+02 8.0742230258e-02
1.52800e+03 5.0797667942e+02 7.1672335255e-02
1.52900e+03 5.0805365308e+02 3.8426022360e-04
1.53000e+03 5.0815903867e+02 2.5002791817e-02
1.53100e+03 5.0827138755e+02 7.4899547702e-02
1.53200e+03 5.0835319023e+02 1.3749069131e-02
1.53300e+03 5.0843737822e+02 6.8976233856e-02
1.53400e+03 5.0852836071e+02 1.1185091653e-01
1.53500e+03 5.0860449751e+02 1.4572190632e-02
1.53600e+03 5.0871120500e+02 1.3219063913e-03
1.53700e+03 5.0882696284e+02 1.0326367673e-02
1.53800e+03 5.0890966070e+02 6.8012067715e-02
1.53900e+03 5.0899855444e+02 4.2587007643e-02
1.54000e+03 5.0908354014e+02 5.3722125371e-02
1.54100e+03 5.0912671852e+02 9.9769186318e-02
1.54200e+03 5.0915917355e+02 9.2787257971e-02
1.54300e+03 5.0919126753e+02 1.1046815740e-01
1.54400e+03 5.0921001321e+02 6.6240018918e-02
1.54500e+03 5.0918942856e+02 6.3763031017e-02
1.54600e+03 5.0916426809e+02 7.5133507675e-02
1.54700e+03 5.0913959707e+02 6.7542911408e-02
1.54800e+03 5.0909665480e+02 6.1687944451e-02
1.54900e+03 5.0901550693e+02 6.0563225058e-02
1.55000e+03 5.0893384266e+02 5.6503794861e-02
1.55100e+03 5.0885395198e+02 5.5219656467e-02
1.55200e+03 5.0875189537e+02 5.9114341680e-02
1.55300e+03 5.0864140536e+02 3.2321935503e-01
1.55400e+03 5.0853843035e+02 2.6205625312e-01
1.55500e+03 5.0841181471e+02 4.5467767451e-02
1.55600e+03 5.0828461981e+02 4.5530631745e-02
1.55700e+03 5.0815195786e+02 5.2771271551e-02
1.55800e+03 5.0803175515e+02 2.7124762726e-01
1.55900e+03 5.0792215227e+02 2.4791730961e-01
1.56000e+03 5.0781474101e+02 1.2791444431e-02
1.56100e+03 5.0768456863e+02 2.3349890942e-01
1.56200e+03 5.0755941183e+02 5.3842443463e-01
1.56300e+03 5.0748133375e+02 2.2578580174e-01
1.56400e+03 5.0740237334e+02 2.1407687373e-02
1.56500e+03 5.0729542259e+02 2.9077467927e-01
1.56600e+03 5.0719533199e+02 2.1682980397e-01
1.56700e+03 5.0710960999e+02 7.6439183056e-03
1.56800e+03 5.0703517718e+02 2.0028695842e-01
1.56900e+03 5.0698023965e+02 2.3520471590e-01
1.57000e+03 5.0694119535e+02 5.3410023553e-02
1.57100e+03 5.0693410019e+02 1.2145982915e-01
1.57200e+03 5.0693136645e+02 1.6327043846e-01
1.57300e+03 5.0694628789e+02 6.3757136837e-02
1.57400e+03 5.0694241901e+02 2.1539237896e-01
1.57500e+03 5.0692624131e+02 1.7218971357e-01
1.57600e+03 5.0693518353e+02 1.1675953932e-02
1.57700e+03 5.0695579399e+02 1.4478042730e-01
1.57800e+03 5.0694988264e+02 2.0424748715e-03
1.57900e+03 5.0693193518e+02 9.8945166004e-03
1.58000e+03 5.0694212350e+02 1.2461050413e-03
1.58100e+03 5.0696373783e+02 2.2487217256e-03
1.58200e+03 5.0698483166e+02 1.0905516870e-02
1.58300e+03 5.0700995781e+02 1.4406428851e-02
1.58400e+03 5.0703353384e+02 2.4821929293e-03
1.58500e+03 5.0705950822e+02 3.3279408582e-03
1.58600e+03 5.0708382436e+02 7.4011507061e-04
1.58700e+03 5.0711007487e+02 1.0155070286e-03
1.58800e+03 5.0710606286e+02 1.8993397778e-03
1.58900e+03 5.0705450150e+02 5.5389402987e-02
1.59000e+03 5.0700092438e+02 3.9461714190e-01
1.59100e+03 5.0695277924e+02 7.4395645814e-02
1.59200e+03 5.0688018443e+02 1.3248782842e-02
1.59300e+03 5.0676645243e+02 4.5287346185e-01
1.59400e+03 5.0666454900e+02 3.4633040051e-01
1.59500e+03 5.0658391924e+02 4.7323739562e-02
1.59600e+03 5.0650487512e+02 3.5157938429e-01
1.59700e+03 5.0642314532e+02 1.1000436720e-03
1.59800e+03 5.0634483794e+02 3.6220626211e-04
1.59900e+03 5.0625208992e+02 1.7464277219e-02
1.60000e+03 5.0615503155e+02 4.3481246916e-02
1.60100e+03 5.0604405377e+02 6.2832643018e-02
1.60200e+03 5.0591014099e+02 5.5605403895e-02
1.60300e+03 5.0574325716e+02 1.1757357671e-01
1.60400e+03 5.0557973309e+02 6.6465703287e-02
1.60500e+03 5.0541063433e+02 6.1822075643e-01
1.60600e+03 5.0525046140e+02 1.0664485292e-01
1.60700e+03 5.0510051313e+02 4.9463684414e-02
1.60800e+03 5.0493148502e+02 3.7757898943e-01
1.60900e+03 5.0476130051e+02 3.4025130346e-01
1.61000e+03 5.0460821694e+02 7.0893556290e-03
1.61100e+03 5.0448583541e+02 4.0651727435e-02
1.61200e+03 5.0436252044e+02 3.0013265870e-02
1.61300e+03 5.0421828512e+02 3.2637033879e-01
1.61400e+03 5.0406463560e+02 1.5378589317e-02
1.61500e+03 5.0390311141e+02 5.0546403934e-02
1.61600e+03 5.0371970827e+02 6.0088162813e-02
1.61700e+03 5.0352840058e+02 6.8926164877e-02
1.61800e+03 5.0334443101e+02 6.9423666398e-02
1.61900e+03 5.0315524183e+02 2.1185130195e-03
1.62000e+03 5.0297171019e+02 2.5543140983e-03
1.62100e+03 5.0276778028e+02 5.9694595161e-02
1.62200e+03 5.0257371096e+02 1.4833766662e-01
1.62300e+03 5.0238687547e+02 2.3536897498e-03
1.62400e+03 5.0220269517e+02 1.7026833847e-03
1.62500e+03 5.0200722353e+02 2.1296634873e-02
1.62600e+03 5.0181951617e+02 8.7132881950e-03
1.62700e+03 5.0163186358e+02 7.8190523425e-03
1.62800e+03 5.0144705791e+02 2.9016884532e-03
1.62900e+03 5.0126286947e+02 2.6470502960e-03
1.63000e+03 5.0108446909e+02 6.2528732990e-01
1.63100e+03 5.0093898268e+02 2.0254546747e-03
1.63200e+03 5.0080838451e+02 5.6851906038e-02
1.63300e+03 5.0068656605e+02 6.5834133708e-02
1.63400e+03 5.0053894117e+02 4.4471217256e-02
1.63500e+03 5.0038969986e+02 6.1237916933e-01
1.63600e+03 5.0022367583e+02 2.0800681005e-02
1.63700e+03 5.0002163288e+02 1.2465124959e-01
1.63800e+03 4.9981980936e+02 5.8711798580e-01
1.63900e+03 4.9961806047e+02 5.2507573336e-02
1.64000e+03 4.9938749868e+02 6.4537776842e-02
1.64100e+03 4.9911960833e+02 7.1456647830e-02
1.64200e+03 4.9886703620e+02 1.2197396314e-01
1.64300e+03 4.9863103785e+02 6.7647194673e-01
1.64400e+03 4.9841151917e+02 5.7403765986e-01
1.64500e+03 4.9822489934e+02 5.9599152886e-02
1.64600e+03 4.9800437145e+02 6.6576156493e-01
1.64700e+03 4.9774623862e+02 1.1209447936e-01
1.64800e+03 4.9750216031e+02 6.6730164600e-01
1.64900e+03 4.9726219371e+02 4.4090338539e-01
1.65000e+03 4.9702631704e+02 8.2016394200e-03
1.65100e+03 4.9679695512e+02 5.6682719769e-01
1.65200e+03 4.9657639839e+02 1.0380469645e-03
1.65300e+03 4.9638495104e+02 6.7691854994e-01
1.65400e+03 4.9620485138e+02 5.0341764671e-01
1.65500e+03 4.9603449492e+02 6.9610136685e-02
1.65600e+03 4.9584099987e+02 1.8251358386e-01
1.65700e+03 4.9564632973e+02 1.8555386365e-01
1.65800e+03 4.9545218971e+02 6.4497269702e-04
1.65900e+03 4.9526947057e+02 4.9587172973e-01
1.66000e+03 4.9505816937e+02 4.8042744875e-01
1.66100e+03 4.9480389366e+02 2.6689463706e-01
1.66200e+03 4.9455412810e+02 5.5100139501e-01
1.66300e+03 4.9431004888e+02 6.1360089085e-02
1.66400e+03 4.9403255055e+02 1.4280336405e-01
1.66500e+03 4.9374772904e+02 5.6496601064e-02
1.66600e+03 4.9350212377e+02 7.7256518138e-01
1.66700e+03 4.9327930078e+02 7.5053637617e-01
1.66800e+03 4.9300935489e+02 4.8887660694e-02
1.66900e+03 4.9273078153e+02 7.6554447287e-01
1.67000e+03 4.9246084131e+02 1.3357572106e-01
1.67100e+03 4.9215862219e+02 5.6725353681e-01
1.67200e+03 4.9185931208e+02 2.2493658114e-01
1.67300e+03 4.9156075141e+02 7.5737685633e-02
1.67400e+03 4.9122605312e+02 6.3144436006e-01
1.67500e+03 4.9085412368e+02 6.9710318793e-02
1.67600e+03 4.9050006813e+02 1.0022406398e+00
1.67700e+03 4.9016120075e+02 6.0294010890e-02
1.67800e+03 4.8984220683e+02 1.8748194767e-01
1.67900e+03 4.8956150359e+02 1.6943703822e-01
1.68000e+03 4.8929105709e+02 4.8547418870e-02
1.68100e+03 4.8900207750e+02 8.7011581448e-01
1.68200e+03 4.8871131495e+02 8.6069813260e-01
1.68300e+03 4.8844500963e+02 6.2896792393e-02
1.68400e+03 4.8812815822e+02 5.1793725723e-02
1.68500e+03 4.8780188537e+02 1.2620106972e-01
1.68600e+03 4.8752001471e+02 8.2921235173e-01
1.68700e+03 4.8726032053e+02 7.3556737185e-01
1.68800e+03 4.8700450825e+02 2.5399125493e-02
1.68900e+03 4.8672108156e+02 7.3983358995e-01
1.69000e+03 4.8642542564e+02 5.3270278419e-02
1.69100e+03 4.8617677782e+02 6.6455348253e-01
1.69200e+03 4.8595160405e+02 6.5273579441e-01
1.69300e+03 4.8573060525e+02 1.1564491034e-01
1.69400e+03 4.8551111092e+02 7.6161585134e-02
1.69500e+03 4.8532924997e+02 6.6786863697e-02
1.69600e+03 4.8516184357e+02 1.1757718749e-01
1.69700e+03 4.8500072983e+02 1.3597048118e-01
1.69800e+03 4.8484725828e+02 6.6022771077e-02
1.69900e+03 4.8470219588e+02 5.7911218076e-01
1.70000e+03 4.8455773769e+02 5.6951969752e-01
1.70100e+03 4.8441424598e+02 3.0813943982e-01
1.70200e+03 4.8424389691e+02 3.6731650923e-01
1.70300e+03 4.8407051503e+02 5.1526157334e-01
1.70400e+03 4.8389704682e+02 1.9876345090e-01
1.70500e+03 4.8373415517e+02 9.6802521577e-02
1.70600e+03 4.8354442032e+02 6.5123152073e-01
1.70700e+03 4.8334349083e+02 6.6527033006e-01
1.70800e+03 4.8317591498e+02 3.6726453020e-02
1.70900e+03 4.8300846512e+02 5.9320229191e-03
1.71000e+03 4.8284443061e+02 3.2740762152e-01
1.71100e+03 4.8271735440e+02 1.1054300816e-01
1.71200e+03 4.8260222363e+02 5.2445081859e-02
1.71300e+03 4.8250790457e+02 4.8854684292e-01
1.71400e+03 4.8238369703e+02 4.2488982531e-02
1.71500e+03 4.8221642707e+02 5.8929212442e-01
1.71600e+03 4.8204904942e+02 3.0708535379e-01
1.71700e+03 4.8187608787e+02 3.3259189612e-01
1.71800e+03 4.8169983991e+02 8.7046987588e-02
1.71900e+03 4.8152282819e+02 4.0501781621e-03
1.72000e+03 4.8134380405e+02 2.7761700252e-03
1.72100e+03 4.8116558477e+02 1.2075599951e-03
1.72200e+03 4.8099681028e+02 4.5089628890e-01
1.72300e+03 4.8086700461e+02 4.9663176532e-02
1.72400e+03 4.8074917125e+02 4.9076088590e-01
1.72500e+03 4.8063626049e+02 3.1039670435e-01
1.72600e+03 4.8053649390e+02 1.1862141272e-01
1.72700e+03 4.8044495752e+02 2.7701540696e-01
1.72800e+03 4.8032815249e+02 6.2219111600e-02
1.72900e+03 4.8021469225e+02 1.5504852964e-01
1.73000e+03 4.8011308476e+02 1.3866761404e-01
1.73100e+03 4.8001919694e+02 1.9572429054e-02
1.73200e+03 4.7988838448e+02 4.0314771187e-01
1.73300e+03 4.7971052775e+02 6.7926083473e-02
1.73400e+03 4.7953487737e+02 1.9418597532e-01
1.73500e+03 4.7936537401e+02 4.7836010432e-01
1.73600e+03 4.7916453927e+02 7.0022275779e-02
1.73700e+03 4.7895409793e+02 6.8923984203e-01
1.73800e+03 4.7878033528e+02 4.8668309001e-01
1.73900e+03 4.7862587581e+02 5.4908371477e-02
1.74000e+03 4.7847437607e+02 2.2262904996e-02
1.74100e+03 4.7832892995e+02 9.0133587698e-03
1.74200e+03 4.7818267204e+02 5.2418338642e-03
1.74300e+03 4.7800751005e+02 1.8488602582e-02
1.74400e+03 4.7783031591e+02 6.1418414710e-01
1.74500e+03 4.7770102327e+02 8.1148707284e-02
1.74600e+03 4.7757088873e+02 4.6605639634e-01
1.74700e+03 4.7740887055e+02 1.7815322955e-01
1.74800e+03 4.7725349975e+02 4.8903110034e-02
1.74900e+03 4.7711159411e+02 4.7820334367e-01
1.75000e+03 4.7698198560e+02 1.8207158905e-03
1.75100e+03 4.7687181936e+02 1.1060177600e-01
1.75200e+03 4.7675588887e+02 4.6401097100e-01
1.75300e+03 4.7665441254e+02 4.2162055726e-01
1.75400e+03 4.7652579984e+02 1.7645322510e-01
1.75500e+03 4.7635176497e+02 4.7556365928e-01
1.75600e+03 4.7617868608e+02 9.6459622768e-02
1.75700e+03 4.7600138018e+02 5.5396631030e-01
1.75800e+03 4.7583156499e+02 4.9216952222e-01
1.75900e+03 4.7567120447e+02 8.2688810211e-02
1.76000e+03 4.7549121704e+02 3.8879625760e-01
1.76100e+03 4.7531004959e+02 4.6535248571e-01
1.76200e+03 4.7512917332e+02 8.8883727813e-04
1.76300e+03 4.7496221425e+02 8.0625372942e-02
1.76400e+03 4.7480590083e+02 5.9962854472e-01
1.76500e+03 4.7462823530e+02 2.6139665725e-03
1.76600e+03 4.7445427881e+02 4.1412969329e-03
1.76700e+03 4.7432484160e+02 1.6380834802e-01
1.76800e+03 4.7419408407e+02 5.3626588870e-01
1.76900e+03 4.7403321794e+02 3.8980102145e-01
1.77000e+03 4.7386498239e+02 6.7904035600e-02
1.77100e+03 4.7368934271e+02 3.1409769395e-02
1.77200e+03 4.7351148885e+02 9.6182971745e-03
1.77300e+03 4.7334625826e+02 5.9730043950e-01
1.77400e+03 4.7315085735e+02 6.4643383731e-02
1.77500e+03 4.7291120198e+02 1.1222486613e-01
1.77600e+03 4.7267678245e+02 6.4119969143e-01
1.77700e+03 4.7244866289e+02 6.2888962333e-02
1.77800e+03 4.7223405545e+02 6.4292804205e-01
1.77900e+03 4.7200193001e+02 5.6485763068e-02
1.78000e+03 4.7176552123e+02 2.2609683537e-01
1.78100e+03 4.7157340222e+02 6.6299015451e-01
1.78200e+03 4.7140028260e+02 1.4941453843e-02
1.78300e+03 4.7123296828e+02 1.6105961900e-01
1.78400e+03 4.7107313293e+02 4.4852359058e-01
1.78500e+03 4.7095012673e+02 6.9112804231e-02
1.78600e+03 4.7082455522e+02 4.5526762390e-01
1.78700e+03 4.7069125258e+02 4.6510878464e-01
1.78800e+03 4.7055949054e+02 6.1905321174e-03
1.78900e+03 4.7040545552e+02 5.8832545259e-01
1.79000e+03 4.7024643492e+02 5.0372371953e-04
1.79100e+03 4.7007683475e+02 4.5036090650e-01
1.79200e+03 4.6991643917e+02 5.3339036096e-01
1.79300e+03 4.6978346805e+02 5.8528252009e-03
1.79400e+03 4.6964914461e+02 5.4123849616e-01
1.79500e+03 4.6950924565e+02 4.0729187886e-02
1.79600e+03 4.6939137640e+02 3.6784440841e-02
1.79700e+03 4.6929438832e+02 4.8933249063e-01
1.79800e+03 4.6916510057e+02 3.5652765933e-02
1.79900e+03 4.6899802235e+02 2.3161856136e-02
1.80000e+03 4.6883253078e+02 4.9531411654e-01
1.80100e+03 4.6866049828e+02 5.0736978608e-01
1.80200e+03 4.6849564920e+02 5.0988934621e-02
1.80300e+03 4.6836198422e+02 4.2981635673e-02
1.80400e+03 4.6824015321e+02 4.9280490998e-01
1.80500e+03 4.6814163780e+02 4.9383943658e-01
1.80600e+03 4.6804813860e+02 4.6501378671e-01
1.80700e+03 4.6793654120e+02 6.0435099329e-02
1.80800e+03 4.6783249161e+02 1.0373814727e-01
1.80900e+03 4.6776970748e+02 5.0837982531e-01
1.81000e+03 4.6771647288e+02 4.0264595556e-02
1.81100e+03 4.6768015379e+02 2.4752257683e-02
1.81200e+03 4.6761762230e+02 3.5245987749e-02
1.81300e+03 4.6754196754e+02 2.2340111932e-02
1.81400e+03 4.6749425659e+02 1.9203858605e-02
1.81500e+03 4.6745913283e+02 3.6406076343e-02
1.81600e+03 4.6742396513e+02 4.8912919726e-02
1.81700e+03 4.6739260523e+02 3.7638556512e-03
1.81800e+03 4.6732467497e+02 5.3987642127e-03
1.81900e+03 4.6721041280e+02 4.1722580023e-01
1.82000e+03 4.6709685476e+02 4.2600981565e-01
1.82100e+03 4.6697665355e+02 1.6173140234e-02
1.82200e+03 4.6686657249e+02 4.9158514722e-01
1.82300e+03 4.6679167976e+02 4.6313388986e-03
1.82400e+03 4.6671428646e+02 4.2519450962e-01
1.82500e+03 4.6663034993e+02 3.4655768951e-01
1.82600e+03 4.6654821926e+02 5.8144722881e-03
1.82700e+03 4.6644657494e+02 4.3774290446e-01
1.82800e+03 4.6633992363e+02 6.9067234618e-03
1.82900e+03 4.6622136924e+02 4.3010173602e-01
1.83000e+03 4.6607842207e+02 4.0595052938e-01
1.83100e+03 4.6589970574e+02 7.0172187584e-02
1.83200e+03 4.6573347973e+02 4.0698278577e-01
1.83300e+03 4.6558259473e+02 6.6948471184e-02
1.83400e+03 4.6544687044e+02 1.5268396519e-01
1.83500e+03 4.6533168615e+02 4.3844402314e-01
1.83600e+03 4.6522759742e+02 4.7442402396e-03
1.83700e+03 4.6513199271e+02 8.3111611468e-02
1.83800e+03 4.6501251677e+02 4.4249625208e-01
1.83900e+03 4.6488879580e+02 4.5059043769e-01
1.84000e+03 4.6478466730e+02 3.9772362840e-05
1.84100e+03 4.6471100222e+02 7.5311355446e-02
1.84200e+03 4.6464316502e+02 3.0589707599e-01
1.84300e+03 4.6458545362e+02 6.6009575023e-02
1.84400e+03 4.6454576229e+02 5.2074038204e-02
1.84500e+03 4.6451322887e+02 3.4389440123e-01
1.84600e+03 4.6445217906e+02 5.8426126727e-02
1.84700e+03 4.6439255840e+02 3.9918873149e-01
1.84800e+03 4.6434336163e+02 3.8014910947e-01
1.84900e+03 4.6427875165e+02 5.1469115024e-02
1.85000e+03 4.6420808340e+02 4.0661849544e-01
1.85100e+03 4.6413716530e+02 2.9587753141e-02
1.85200e+03 4.6406376681e+02 4.5197242209e-03
1.85300e+03 4.6401660067e+02 2.8031690053e-02
1.85400e+03 4.6394710992e+02 6.8661144487e-02
1.85500e+03 4.6382630403e+02 8.8272470602e-02
1.85600e+03 4.6371591880e+02 1.3356681487e-01
1.85700e+03 4.6362975176e+02 4.2717182624e-01
1.85800e+03 4.6355584004e+02 5.2483631910e-02
1.85900e+03 4.6350489038e+02 7.2376000044e-02
1.86000e+03 4.6342894307e+02 3.7531834955e-01
1.86100e+03 4.6331391019e+02 1.2766024303e-01
1.86200e+03 4.6320862881e+02 4.2164079608e-01
1.86300e+03 4.6312120679e+02 3.2437640932e-01
1.86400e+03 4.6304609103e+02 1.2040336855e-03
1.86500e+03 4.6298775274e+02 3.7486763480e-01
1.86600e+03 4.6294378324e+02 8.3378396295e-03
1.86700e+03 4.6293174729e+02 7.4183245763e-02
1.86800e+03 4.6292400813e+02 5.1620065060e-03
1.86900e+03 4.6293335134e+02 2.6918823131e-01
1.87000e+03 4.6292251701e+02 6.2419606891e-02
1.87100e+03 4.6287213720e+02 1.8936111823e-01
1.87200e+03 4.6281586424e+02 3.5210079626e-01
1.87300e+03 4.6274803451e+02 1.8502590343e-01
1.87400e+03 4.6267517560e+02 1.6585950903e-02
1.87500e+03 4.6261879613e+02 6.5722674233e-02
1.87600e+03 4.6254020934e+02 2.4804570828e-01
1.87700e+03 4.6241589592e+02 2.4946807174e-01
1.87800e+03 4.6229052034e+02 1.1817362401e-01
1.87900e+03 4.6215942593e+02 6.3264679223e-02
1.88000e+03 4.6204091402e+02 2.5483567074e-01
1.88100e+03 4.6193195003e+02 2.3923140529e-01
1.88200e+03 4.6180126002e+02 5.3144331168e-03
1.88300e+03 4.6167439519e+02 7.0485362572e-02
1.88400e+03 4.6156133744e+02 5.1030945508e-01
1.88500e+03 4.6145775363e+02 3.3233576354e-01
1.88600e+03 4.6135589044e+02 1.3381102816e-01
1.88700e+03 4.6122870520e+02 2.5067167038e-01
1.88800e+03 4.6109697353e+02 4.0345995427e-01
1.88900e+03 4.6096807211e+02 1.7161721460e-03
1.89000e+03 4.6085166496e+02 2.1047664138e-03
1.89100e+03 4.6074641118e+02 5.8128617625e-03
1.89200e+03 4.6061955013e+02 4.8706155687e-03
1.89300e+03 4.6050181243e+02 1.4153887165e-02
1.89400e+03 4.6039607653e+02 2.0501029045e-01
1.89500e+03 4.6029817015e+02 1.9831311528e-02
1.89600e+03 4.6016169737e+02 5.7885983726e-02
1.89700e+03 4.5997755949e+02 7.8884097955e-02
1.89800e+03 4.5979720649e+02 4.7820206143e-02
1.89900e+03 4.5961440461e+02 5.1797801809e-02
1.90000e+03 4.5943852265e+02 5.9474804435e-02
1.90100e+03 4.5929859336e+02 5.4649507410e-01
1.90200e+03 4.5917214984e+02 8.9613733630e-04
1.90300e+03 4.5905500186e+02 6.2385755180e-03
1.90400e+03 4.5893337641e+02 5.8727543902e-02
1.90500e+03 4.5881102083e+02 5.2075985969e-03
1.90600e+03 4.5870472588e+02 4.7636157200e-01
1.90700e+03 4.5863688873e+02 7.2092137266e-02
1.90800e+03 4.5856502944e+02 4.0931504344e-01
1.90900e+03 4.5846552651e+02 3.6632935775e-01
1.91000e+03 4.5835572063e+02 1.1819575333e-02
1.91100e+03 4.5823939129e+02 4.8515678879e-01
1.91200e+03 4.5810084978e+02 6.6682220082e-02
1.91300e+03 4.5792389075e+02 6.5648340992e-02
1.91400e+03 4.5774857976e+02 1.8703052839e-01
1.91500e+03 4.5757388126e+02 8.5195429573e-02
1.91600e+03 4.5736981322e+02 6.5526528111e-02
1.91700e+03 4.5715713956e+02 5.8056850473e-01
1.91800e+03 4.5695235563e+02 5.2842054046e-01
