0.00000e+00 0.0000000000e+00 0.0000000000e+00
1.00000e+00 5.0856359857e-02 5.0856359857e-02
2.00000e+00 1.2092597570e-01 7.0069615844e-02
3.00000e+00 1.9342369853e-01 1.4249726906e-01
4.00000e+00 2.4604551646e-01 1.0342732143e-01
5.00000e+00 2.9585453588e-01 1.0227655367e-01
6.00000e+00 3.4476896343e-01 9.8466886727e-02
7.00000e+00 4.0194329798e-01 5.7174334558e-02
8.00000e+00 4.6118020222e-01 2.1221668484e-01
9.00000e+00 5.1226899750e-01 9.9648195716e-02
1.00000e+01 5.6164165183e-01 1.0000677430e-01
1.10000e+01 6.1816923028e-01 2.1135771204e-01
1.20000e+01 6.7678768406e-01 1.1466528350e-01
1.30000e+01 7.2799358129e-01 1.0002386946e-01
1.40000e+01 7.7744982638e-01 1.0000743636e-01
1.50000e+01 8.3363886739e-01 1.1421208078e-01
1.60000e+01 8.9189549321e-01 1.1373604073e-01
1.70000e+01 9.4304595558e-01 9.9851994073e-02
1.80000e+01 9.9245860592e-01 9.9708547319e-02
1.90000e+01 1.0412498949e+00 9.7249665399e-02
2.00000e+01 1.1059799895e+00 1.3701525054e-01
2.10000e+01 1.1859573054e+00 5.2015470694e-01
2.20000e+01 1.2541996671e+00 1.7698108416e-01
2.30000e+01 1.3175694661e+00 1.4578510050e-02
2.40000e+01 1.3788062375e+00 1.2354046826e-01
2.50000e+01 1.4387352950e+00 1.1997618632e-01
2.60000e+01 1.5161531158e+00 3.8996750659e-01
2.70000e+01 1.6078737504e+00 1.8854742176e-01
2.80000e+01 1.6950639780e+00 7.9518365417e-01
2.90000e+01 1.7738435786e+00 5.6081460859e-01
3.00000e+01 1.8504796746e+00 1.8757714953e-01
3.10000e+01 1.9351288693e+00 1.7033553655e-01
3.20000e+01 2.0178165018e+00 1.6566260587e-01
3.30000e+01 2.0996376009e+00 1.6266884772e-01
3.40000e+01 2.1806978467e+00 1.4723802571e-01
3.50000e+01 2.2610330347e+00 6.5747647443e-01
3.60000e+01 2.3446861299e+00 1.6347164156e-01
3.70000e+01 2.4215342096e+00 1.5738109508e-01
3.80000e+01 2.4968558100e+00 4.8934454720e-01
3.90000e+01 2.5677360099e+00 1.5385318181e-01
4.00000e+01 2.6397657060e+00 1.1623399023e-02
4.10000e+01 2.7083028242e+00 1.3841241332e-01
4.20000e+01 2.7775121296e+00 4.9725189630e-01
4.30000e+01 2.8467867030e+00 1.3602771595e-01
4.40000e+01 2.9169933717e+00 1.3645097349e-01
4.50000e+01 2.9846311175e+00 1.4834574572e-01
4.60000e+01 3.0533548334e+00 1.3540609879e-01
4.70000e+01 3.1248761529e+00 5.0044746456e-01
4.80000e+01 3.2002578032e+00 6.1788833510e-01
4.90000e+01 3.2834012672e+00 1.5077641087e-01
5.00000e+01 3.3636676556e+00 3.0888275418e-01
5.10000e+01 3.4397834887e+00 6.1653820005e-01
5.20000e+01 3.5144985879e+00 2.8898451576e-01
5.30000e+01 3.5838231238e+00 2.9569323826e-01
5.40000e+01 3.6542373946e+00 9.8521175755e-03
5.50000e+01 3.7213446670e+00 1.3449412607e-01
5.60000e+01 3.7874160308e+00 1.3001672489e-01
5.70000e+01 3.8494160938e+00 1.3148098941e-02
5.80000e+01 3.9119872389e+00 2.7217476119e-01
5.90000e+01 3.9742651737e+00 2.7121278715e-01
6.00000e+01 4.0375728898e+00 2.8399016187e-01
6.10000e+01 4.0969831369e+00 5.6029063054e-01
6.20000e+01 4.1592499219e+00 1.2113473137e-01
6.30000e+01 4.2222171204e+00 1.2170286028e-01
6.40000e+01 4.2798838105e+00 1.1364426107e-01
6.50000e+01 4.3368810533e+00 1.0771714970e-01
6.60000e+01 4.3962631277e+00 2.3633095937e-01
6.70000e+01 4.4459457788e+00 7.9962708147e-03
6.80000e+01 4.4957639193e+00 7.8485495120e-03
6.90000e+01 4.5440180697e+00 2.2735153598e-01
7.00000e+01 4.5908766544e+00 2.0511764245e-02
7.10000e+01 4.6278855457e+00 1.7962036350e-02
7.20000e+01 4.6673473630e+00 2.0509200663e-01
7.30000e+01 4.7058590757e+00 3.0233690088e-02
7.40000e+01 4.7410611480e+00 2.9600586794e-02
7.50000e+01 4.7660814822e+00 1.9034593318e-01
7.60000e+01 4.7947859110e+00 4.0960844901e-02
7.70000e+01 4.8229984860e+00 3.9870124017e-02
7.80000e+01 4.8467040327e+00 1.7865906173e-01
7.90000e+01 4.8665746469e+00 4.4716284243e-01
8.00000e+01 4.8870206387e+00 3.6212637444e-02
8.10000e+01 4.9057474307e+00 3.5032602570e-02
8.20000e+01 4.9255160738e+00 3.4320221270e-02
8.30000e+01 4.9439777191e+00 3.4020754336e-02
8.40000e+01 4.9635398990e+00 3.3780270484e-02
8.50000e+01 4.9788107308e+00 5.0669386571e-02
8.60000e+01 5.0010398756e+00 4.6305537838e-02
8.70000e+01 5.0196828909e+00 1.8263048230e-01
8.80000e+01 5.0356368523e+00 3.4794806811e-01
8.90000e+01 5.0518975222e+00 1.8717535199e-01
9.00000e+01 5.0670634335e+00 2.9969998702e-02
9.10000e+01 5.0811640886e+00 2.2790238604e-01
9.20000e+01 5.0939665074e+00 2.2531099112e-01
9.30000e+01 5.1082114077e+00 2.6872154403e-01
9.40000e+01 5.1232252137e+00 7.7484036428e-01
9.50000e+01 5.1388019339e+00 2.6258709597e-02
9.60000e+01 5.1546996198e+00 2.7116330810e-02
9.70000e+01 5.1686160140e+00 2.2396701654e-02
9.80000e+01 5.1848096509e+00 2.8152639090e-02
9.90000e+01 5.2105943857e+00 9.3085683782e-02
1.00000e+02 5.2333912735e+00 6.8992018467e-03
1.01000e+02 5.2565647361e+00 1.4800592317e-02
1.02000e+02 5.2784186703e+00 4.6211612055e-02
1.03000e+02 5.2997168052e+00 3.8746548830e-02
1.04000e+02 5.3287869023e+00 7.7956094784e-02
1.05000e+02 5.3598942464e+00 1.2084929931e-01
1.06000e+02 5.3896329612e+00 5.6317433122e-02
1.07000e+02 5.4274245066e+00 1.8899113261e-02
1.08000e+02 5.4595021613e+00 5.5171108418e-02
1.09000e+02 5.4926677244e+00 1.0538480598e-01
1.10000e+02 5.5341132141e+00 1.1706774837e-02
1.11000e+02 5.5849356115e+00 6.8146789363e-02
1.12000e+02 5.6334964405e+00 2.0895010379e-01
1.13000e+02 5.6766981638e+00 8.0050563009e-02
1.14000e+02 5.7158464508e+00 1.6128157633e-01
1.15000e+02 5.7519199795e+00 2.0431107254e-01
1.16000e+02 5.7879320567e+00 1.6215084248e-01
1.17000e+02 5.8241720500e+00 6.7438346626e-02
1.18000e+02 5.8628951141e+00 3.8822706318e-02
1.19000e+02 5.8924671770e+00 4.2278188596e-02
1.20000e+02 5.9221760809e+00 1.1046983697e-01
1.21000e+02 5.9580634913e+00 1.4705370462e-01
1.22000e+02 5.9925522317e+00 6.5847571505e-02
1.23000e+02 6.0295068058e+00 1.2584344624e-01
1.24000e+02 6.0712802616e+00 6.8074821254e-02
1.25000e+02 6.1147758010e+00 1.3638174111e-01
1.26000e+02 6.1512645735e+00 1.2305808825e-01
1.27000e+02 6.1871335237e+00 6.5410680787e-02
1.28000e+02 6.2264861167e+00 1.7911079875e-01
1.29000e+02 6.2628615067e+00 1.5093166914e-01
1.30000e+02 6.2992532632e+00 6.7248286185e-02
1.31000e+02 6.3368979141e+00 6.9173588673e-02
1.32000e+02 6.3720296309e+00 6.7747359448e-02
1.33000e+02 6.4080467897e+00 8.4810174223e-02
1.34000e+02 6.4473477954e+00 7.0494060083e-02
1.35000e+02 6.4768914861e+00 5.4204528918e-02
1.36000e+02 6.5057526297e+00 6.9285950137e-02
1.37000e+02 6.5323787164e+00 1.2587771211e-01
1.38000e+02 6.5613622479e+00 1.3799081330e-01
1.39000e+02 6.5917860156e+00 7.0576521849e-02
1.40000e+02 6.6216144114e+00 5.4955486503e-02
1.41000e+02 6.6586475245e+00 7.1081289100e-02
1.42000e+02 6.6946844505e+00 6.7746128081e-02
1.43000e+02 6.7299074736e+00 6.5868292000e-02
1.44000e+02 6.7648511805e+00 6.4709204668e-02
1.45000e+02 6.7959337376e+00 5.5559320419e-02
1.46000e+02 6.8286477538e+00 5.4048183585e-02
1.47000e+02 6.8571075752e+00 1.9518910605e-01
1.48000e+02 6.8848976230e+00 2.7111757224e-01
1.49000e+02 6.9127237609e+00 5.6580362976e-02
1.50000e+02 6.9430239294e+00 8.3173781935e-02
1.51000e+02 6.9812644924e+00 1.1828111883e-01
1.52000e+02 7.0156296644e+00 6.5751242804e-03
1.53000e+02 7.0515584859e+00 9.1193291727e-02
1.54000e+02 7.0940769559e+00 1.3038113920e-01
1.55000e+02 7.1384124494e+00 2.2659430255e-01
1.56000e+02 7.1748196419e+00 1.5131905739e-01
1.57000e+02 7.2107379841e+00 6.4646153455e-02
1.58000e+02 7.2507171344e+00 2.0420490348e-01
1.59000e+02 7.2877696539e+00 1.5219357161e-01
1.60000e+02 7.3241075781e+00 6.7393529522e-02
1.61000e+02 7.3549486663e+00 1.3494405171e-02
1.62000e+02 7.3872051752e+00 5.7603548536e-02
1.63000e+02 7.4163766170e+00 2.0739230147e-01
1.64000e+02 7.4435626857e+00 9.1518554824e-03
1.65000e+02 7.4618795622e+00 1.2524211766e-02
1.66000e+02 7.4831257980e+00 1.9617463612e-01
1.67000e+02 7.5031755655e+00 1.8264377853e-02
1.68000e+02 7.5225574662e+00 2.3853703162e-01
1.69000e+02 7.5409420917e+00 3.0267116439e-01
1.70000e+02 7.5596136848e+00 1.2819450118e-01
1.71000e+02 7.5866227725e+00 8.1441996753e-02
1.72000e+02 7.6116887300e+00 5.7359522197e-02
1.73000e+02 7.6379080268e+00 7.8346712665e-03
1.74000e+02 7.6690859267e+00 9.3866861573e-02
1.75000e+02 7.7088774284e+00 7.0084576743e-02
1.76000e+02 7.7434353808e+00 1.7318831493e-02
1.77000e+02 7.7791972200e+00 1.2361774333e-01
1.78000e+02 7.8194806031e+00 1.6447236140e-01
1.79000e+02 7.8575251131e+00 7.1956738356e-02
1.80000e+02 7.8949849266e+00 6.6893684767e-02
1.81000e+02 7.9337955967e+00 4.4466072347e-02
1.82000e+02 7.9771026956e+00 1.5402847273e-01
1.83000e+02 8.0286797912e+00 2.3957159305e-02
1.84000e+02 8.0741747065e+00 8.0351017791e-03
1.85000e+02 8.1208447714e+00 1.6173383911e-01
1.86000e+02 8.1761770801e+00 3.5958411965e-02
1.87000e+02 8.2404028421e+00 2.0675733010e-02
1.88000e+02 8.3018400796e+00 1.3762689545e-01
1.89000e+02 8.3584099292e+00 4.4988917222e-01
1.90000e+02 8.4139602263e+00 1.0543688683e-01
1.91000e+02 8.4698817475e+00 1.0468312167e-01
1.92000e+02 8.5251350721e+00 1.0428146599e-01
1.93000e+02 8.5859759751e+00 1.1565276921e-01
1.94000e+02 8.6417503507e+00 1.5228134822e-01
1.95000e+02 8.7003739170e+00 2.5738458940e-01
1.96000e+02 8.7567192644e+00 5.3947621637e-01
1.97000e+02 8.8128890016e+00 2.4739082265e-01
1.98000e+02 8.8697098578e+00 2.5817368540e-01
1.99000e+02 8.9263112028e+00 2.5834711952e-01
2.00000e+02 8.9900241202e+00 1.9141795951e-01
2.01000e+02 9.0451522520e+00 2.1114030379e-01
2.02000e+02 9.0966546890e+00 1.0126020114e-01
2.03000e+02 9.1461448153e+00 7.1112187480e-03
2.04000e+02 9.1949347210e+00 9.0968053487e-02
2.05000e+02 9.2424682640e+00 1.9782542646e-01
2.06000e+02 9.2877972722e+00 8.5351060658e-02
2.07000e+02 9.3352346158e+00 8.8824302746e-02
2.08000e+02 9.3875360303e+00 1.9951766060e-01
2.09000e+02 9.4293074354e+00 1.7306792394e-01
2.10000e+02 9.4689421359e+00 5.6943077176e-03
2.11000e+02 9.5085476580e+00 8.2882726854e-04
2.12000e+02 9.5476972304e+00 8.8988263729e-02
2.13000e+02 9.5846635502e+00 6.9009872896e-02
2.14000e+02 9.6257259993e+00 3.6963314407e-01
2.15000e+02 9.6763472054e+00 4.6056361440e-01
2.16000e+02 9.7252106266e+00 1.7213073074e-01
2.17000e+02 9.7676039421e+00 7.5704262005e-02
2.18000e+02 9.8082005344e+00 6.9902754903e-02
2.19000e+02 9.8470847347e+00 1.7123727814e-01
2.20000e+02 9.8861791263e+00 6.3185660029e-02
2.21000e+02 9.9158787211e+00 1.2693720777e-02
2.22000e+02 9.9466714262e+00 8.3256170545e-02
2.23000e+02 9.9769660834e+00 5.4532931235e-02
2.24000e+02 1.0004895687e+01 2.3845815412e-02
2.25000e+02 1.0022975849e+01 6.0615368848e-02
2.26000e+02 1.0043976783e+01 4.4686627072e-02
2.27000e+02 1.0063196039e+01 1.7990064322e-01
2.28000e+02 1.0081515666e+01 1.0075946257e-01
2.29000e+02 1.0107764511e+01 1.0664811650e-01
2.30000e+02 1.0133434525e+01 5.8295164890e-02
2.31000e+02 1.0152816305e+01 4.5943557912e-02
2.32000e+02 1.0173170498e+01 3.1535545317e-02
2.33000e+02 1.0192250277e+01 2.3200022368e-02
2.34000e+02 1.0209075776e+01 3.7053099147e-02
2.35000e+02 1.0216621174e+01 1.9667628083e-02
2.36000e+02 1.0227570377e+01 9.4049900196e-03
2.37000e+02 1.0238286178e+01 2.8652067754e-02
2.38000e+02 1.0248722449e+01 2.3956625585e-01
2.39000e+02 1.0259853408e+01 1.3468453496e-02
2.40000e+02 1.0270611965e+01 1.3777270873e-02
2.41000e+02 1.0281904663e+01 1.3925232288e-02
2.42000e+02 1.0288969944e+01 9.8877425127e-03
2.43000e+02 1.0285356570e+01 2.0554357476e-02
2.44000e+02 1.0285889392e+01 3.6567863097e-02
2.45000e+02 1.0285777157e+01 3.9308229688e-02
2.46000e+02 1.0283553901e+01 2.7560789704e-03
2.47000e+02 1.0281405714e+01 4.7892749612e-03
2.48000e+02 1.0277796860e+01 1.3855972953e-03
2.49000e+02 1.0277821093e+01 1.1268464434e-02
2.50000e+02 1.0274859962e+01 3.0560215459e-02
2.51000e+02 1.0268177976e+01 8.9138874010e-02
2.52000e+02 1.0267273881e+01 9.0085404213e-03
2.53000e+02 1.0268468963e+01 7.8286834337e-03
2.54000e+02 1.0265103920e+01 2.9347103889e-02
2.55000e+02 1.0251319522e+01 2.2222737531e-02
2.56000e+02 1.0239355961e+01 4.4479598696e-02
2.57000e+02 1.0233463433e+01 8.2100736828e-03
2.58000e+02 1.0229912104e+01 3.8898464162e-03
2.59000e+02 1.0229100949e+01 4.7180072127e-05
2.60000e+02 1.0226982565e+01 1.1056470601e-02
2.61000e+02 1.0226872504e+01 5.1910991593e-03
2.62000e+02 1.0225406918e+01 5.6510445938e-03
2.63000e+02 1.0213705925e+01 8.9620088844e-03
2.64000e+02 1.0203348675e+01 6.5955523294e-03
2.65000e+02 1.0198901247e+01 2.4408562088e-03
2.66000e+02 1.0195430541e+01 3.3490526817e-05
2.67000e+02 1.0194833126e+01 1.0831674410e-02
2.68000e+02 1.0195979297e+01 9.0650052538e-03
2.69000e+02 1.0205008415e+01 1.3510003327e-02
2.70000e+02 1.0213564183e+01 2.0428069651e-02
2.71000e+02 1.0216381407e+01 1.4518216054e-02
2.72000e+02 1.0218458613e+01 6.6252525437e-03
2.73000e+02 1.0218651677e+01 5.8281485248e-03
2.74000e+02 1.0220558627e+01 1.4257272582e-02
2.75000e+02 1.0229485496e+01 9.3611969806e-03
2.76000e+02 1.0237773668e+01 9.0842403718e-03
2.77000e+02 1.0240615124e+01 1.4945403283e-03
2.78000e+02 1.0243930791e+01 1.0760552673e-02
2.79000e+02 1.0247499092e+01 1.1476636118e-02
2.80000e+02 1.0251401654e+01 5.8689547872e-04
2.81000e+02 1.0259161004e+01 7.9076374712e-03
2.82000e+02 1.0266421261e+01 6.8718140617e-03
2.83000e+02 1.0270423120e+01 1.0198671538e-03
2.84000e+02 1.0274177578e+01 7.8107665242e-04
2.85000e+02 1.0275485000e+01 2.0539394076e-02
2.86000e+02 1.0275636005e+01 1.1989256600e-02
2.87000e+02 1.0275104250e+01 1.8391774395e-03
2.88000e+02 1.0277607326e+01 6.5002440826e-03
2.89000e+02 1.0287206106e+01 8.7043716582e-03
2.90000e+02 1.0292976332e+01 1.1279285428e-02
2.91000e+02 1.0301096471e+01 1.5145638351e-02
2.92000e+02 1.0314819642e+01 1.9915761712e-02
2.93000e+02 1.0330489506e+01 3.8057594995e-02
2.94000e+02 1.0339606928e+01 2.2259570873e-02
2.95000e+02 1.0347463982e+01 1.9632761205e-02
2.96000e+02 1.0361597775e+01 2.1603914300e-02
2.97000e+02 1.0383802146e+01 1.2605591448e-02
2.98000e+02 1.0399840980e+01 4.5012229041e-02
2.99000e+02 1.0417558044e+01 7.4095804905e-02
3.00000e+02 1.0436762509e+01 2.8688346953e-02
3.01000e+02 1.0455563463e+01 3.2526210272e-02
3.02000e+02 1.0480988783e+01 1.1291527495e-02
3.03000e+02 1.0515565458e+01 7.1863640538e-02
3.04000e+02 1.0543469142e+01 1.5670187164e-02
3.05000e+02 1.0572175139e+01 5.5303108201e-02
3.06000e+02 1.0606316067e+01 1.1996110092e-01
3.07000e+02 1.0632692142e+01 4.3568757601e-02
3.08000e+02 1.0656286232e+01 1.1486031863e-01
3.09000e+02 1.0678269421e+01 3.7972478514e-02
3.10000e+02 1.0700290660e+01 8.0328898232e-02
3.11000e+02 1.0721120515e+01 8.4372296907e-02
3.12000e+02 1.0745897378e+01 6.2543013594e-02
3.13000e+02 1.0772403502e+01 7.1193209545e-02
3.14000e+02 1.0797936986e+01 5.2212355407e-02
3.15000e+02 1.0830599182e+01 9.3988607796e-02
3.16000e+02 1.0862050648e+01 9.1205157204e-02
3.17000e+02 1.0888502163e+01 4.3522843565e-02
3.18000e+02 1.0912828080e+01 3.8666333111e-02
3.19000e+02 1.0933953244e+01 4.3872762751e-02
3.20000e+02 1.0953393941e+01 3.7020250942e-02
3.21000e+02 1.0974101859e+01 8.9838680801e-02
3.22000e+02 1.0996754111e+01 7.7587772272e-03
3.23000e+02 1.1009689060e+01 1.8516878407e-02
3.24000e+02 1.1022836013e+01 4.1549627131e-02
3.25000e+02 1.1034351960e+01 6.3932304451e-02
3.26000e+02 1.1046992087e+01 4.9084325512e-02
3.27000e+02 1.1067602689e+01 3.5758055821e-02
3.28000e+02 1.1087498499e+01 3.1925419621e-02
3.29000e+02 1.1101317953e+01 4.2392583236e-02
3.30000e+02 1.1114818514e+01 1.6378609071e-02
3.31000e+02 1.1126088690e+01 1.6116458994e-02
3.32000e+02 1.1139172349e+01 4.2793723149e-02
3.33000e+02 1.1159616672e+01 3.1727215262e-02
3.34000e+02 1.1176890377e+01 1.1712665165e-01
3.35000e+02 1.1196148631e+01 5.9999192459e-02
3.36000e+02 1.1217806118e+01 3.3457164806e-02
3.37000e+02 1.1231566126e+01 1.8185201870e-02
3.38000e+02 1.1245457608e+01 4.4305113362e-02
3.39000e+02 1.1257391264e+01 4.4924289031e-02
3.40000e+02 1.1270795924e+01 1.8488016354e-02
3.41000e+02 1.1291760548e+01 3.7826682420e-02
3.42000e+02 1.1311885043e+01 3.6255863541e-02
3.43000e+02 1.1330830379e+01 3.0317645784e-02
3.44000e+02 1.1349745672e+01 2.9078125790e-02
3.45000e+02 1.1364175706e+01 4.3048417176e-02
3.46000e+02 1.1379361002e+01 5.7218600161e-02
3.47000e+02 1.1394480416e+01 3.3941900004e-02
3.48000e+02 1.1410073708e+01 2.1883358595e-02
3.49000e+02 1.1425906795e+01 2.2575147227e-02
3.50000e+02 1.1439226241e+01 1.6493479595e-02
3.51000e+02 1.1450151421e+01 5.3052908148e-02
3.52000e+02 1.1461478313e+01 3.6439534041e-02
3.53000e+02 1.1464975216e+01 1.2336183237e-02
3.54000e+02 1.1470726474e+01 2.8366151332e-02
3.55000e+02 1.1474746565e+01 4.7200429733e-02
3.56000e+02 1.1476889211e+01 7.6102768137e-03
3.57000e+02 1.1479677814e+01 2.8266518017e-02
3.58000e+02 1.1482914342e+01 9.5014779169e-02
3.59000e+02 1.1486913216e+01 1.2102713933e-03
3.60000e+02 1.1487845498e+01 2.2718456799e-02
3.61000e+02 1.1478635275e+01 1.2707126567e-02
3.62000e+02 1.1471013772e+01 2.5680489068e-02
3.63000e+02 1.1469003554e+01 4.1627276337e-02
3.64000e+02 1.1468358860e+01 2.6721614923e-03
3.65000e+02 1.1470724636e+01 4.3508711768e-03
3.66000e+02 1.1471862975e+01 1.7224115909e-02
3.67000e+02 1.1474303830e+01 7.0968210914e-03
3.68000e+02 1.1477681422e+01 3.0674368624e-03
3.69000e+02 1.1481871997e+01 1.3146498884e-03
3.70000e+02 1.1486443847e+01 1.1907827346e-04
3.71000e+02 1.1491529184e+01 7.7580373557e-04
3.72000e+02 1.1494237670e+01 1.1657765192e-02
3.73000e+02 1.1486331834e+01 1.5814721076e-02
3.74000e+02 1.1481034096e+01 1.4064107515e-02
3.75000e+02 1.1475146918e+01 5.0961063981e-03
3.76000e+02 1.1468017791e+01 2.3068357371e-02
3.77000e+02 1.1468818825e+01 3.0415664818e-03
3.78000e+02 1.1469619291e+01 4.9465453540e-03
3.79000e+02 1.1463762469e+01 1.2001028309e-02
3.80000e+02 1.1458545185e+01 8.0452862509e-05
3.81000e+02 1.1452532985e+01 1.1097537726e-02
3.82000e+02 1.1443778761e+01 9.5546889626e-03
3.83000e+02 1.1431909313e+01 1.2670481942e-02
3.84000e+02 1.1425078369e+01 2.1714205749e-02
3.85000e+02 1.1419604747e+01 4.9392862514e-04
3.86000e+02 1.1413013333e+01 1.5158624351e-02
3.87000e+02 1.1414151411e+01 3.8067073148e-03
3.88000e+02 1.1415297063e+01 5.8277010919e-03
3.89000e+02 1.1410387258e+01 1.0273882889e-03
3.90000e+02 1.1405994363e+01 1.0262050097e-02
3.91000e+02 1.1400076639e+01 1.0695889507e-02
3.92000e+02 1.1392960353e+01 2.7233917208e-03
3.93000e+02 1.1385578045e+01 4.1852528116e-03
3.94000e+02 1.1379759016e+01 1.2710187162e-03
3.95000e+02 1.1381680885e+01 4.0944670161e-03
3.96000e+02 1.1381205528e+01 6.3555868374e-03
3.97000e+02 1.1382321467e+01 8.4982464090e-03
3.98000e+02 1.1387938220e+01 1.1435782052e-02
3.99000e+02 1.1401816033e+01 1.8305175002e-02
4.00000e+02 1.1414758712e+01 2.5260389011e-02
4.01000e+02 1.1422026183e+01 4.0382256134e-03
4.02000e+02 1.1427145447e+01 1.2235550672e-02
4.03000e+02 1.1430193753e+01 1.1659527790e-02
4.04000e+02 1.1433989038e+01 1.5918510880e-02
4.05000e+02 1.1437334386e+01 1.4452724321e-02
4.06000e+02 1.1442912083e+01 1.2397945134e-02
4.07000e+02 1.1450115566e+01 1.2321559317e-02
4.08000e+02 1.1452715111e+01 9.1281497969e-03
4.09000e+02 1.1455591446e+01 1.7197194201e-04
4.10000e+02 1.1459706887e+01 1.4835611910e-04
4.11000e+02 1.1462681587e+01 8.7483736557e-03
4.12000e+02 1.1468487296e+01 4.1344357909e-03
4.13000e+02 1.1483103104e+01 1.8680276894e-02
4.14000e+02 1.1496837571e+01 1.9453384486e-02
4.15000e+02 1.1504110429e+01 4.1996768014e-03
4.16000e+02 1.1509690883e+01 2.8091082822e-03
4.17000e+02 1.1513150988e+01 3.2917045803e-03
4.18000e+02 1.1515349590e+01 3.2261710681e-03
4.19000e+02 1.1518996227e+01 2.0204234442e-02
4.20000e+02 1.1522903167e+01 9.8275272177e-03
4.21000e+02 1.1523729540e+01 4.1732040997e-03
4.22000e+02 1.1527339254e+01 1.9678303456e-02
4.23000e+02 1.1531405963e+01 2.1927783294e-03
4.24000e+02 1.1536528615e+01 9.9030853660e-03
4.25000e+02 1.1549978004e+01 2.0773928176e-02
4.26000e+02 1.1562965845e+01 2.5665024265e-02
4.27000e+02 1.1574816361e+01 1.5889575526e-02
4.28000e+02 1.1586886144e+01 8.4600674106e-03
4.29000e+02 1.1600526793e+01 2.5815671242e-02
4.30000e+02 1.1614445668e+01 1.6804720767e-02
4.31000e+02 1.1620567972e+01 8.7426277361e-03
4.32000e+02 1.1627967605e+01 5.1019236103e-02
4.33000e+02 1.1634049437e+01 9.2290985656e-03
4.34000e+02 1.1637512082e+01 1.0456229877e-02
4.35000e+02 1.1631885307e+01 2.8902391867e-02
4.36000e+02 1.1627538800e+01 2.7157680483e-02
4.37000e+02 1.1628140638e+01 4.9065363975e-03
4.38000e+02 1.1629174553e+01 7.3303598929e-03
4.39000e+02 1.1625269860e+01 1.7220823569e-03
4.40000e+02 1.1623623624e+01 1.7400033792e-04
4.41000e+02 1.1619672519e+01 2.7801739572e-02
4.42000e+02 1.1612271716e+01 7.2228591181e-03
4.43000e+02 1.1601762358e+01 2.5649861231e-02
4.44000e+02 1.1596440367e+01 1.0155985997e-02
4.45000e+02 1.1593090604e+01 4.3302008017e-02
4.46000e+02 1.1588373812e+01 4.0600548438e-03
4.47000e+02 1.1584956826e+01 6.6153341864e-04
4.48000e+02 1.1582065554e+01 2.4863928233e-03
4.49000e+02 1.1579862642e+01 1.2140735755e-03
4.50000e+02 1.1577844036e+01 2.0855253169e-03
4.51000e+02 1.1580008618e+01 1.2673939004e-02
4.52000e+02 1.1581664212e+01 1.0930128705e-02
4.53000e+02 1.1579645517e+01 1.8421832223e-04
4.54000e+02 1.1577077794e+01 1.4891441798e-02
4.55000e+02 1.1571366408e+01 1.9432815956e-03
4.56000e+02 1.1564461477e+01 8.3764904883e-03
4.57000e+02 1.1549765194e+01 2.5861011947e-02
4.58000e+02 1.1538402853e+01 8.7946178757e-03
4.59000e+02 1.1525391121e+01 1.5668459938e-02
4.60000e+02 1.1507675345e+01 2.7043417056e-02
4.61000e+02 1.1481251689e+01 1.1727372597e-02
4.62000e+02 1.1460242389e+01 9.6469589562e-03
4.63000e+02 1.1438481290e+01 2.2286598885e-02
4.64000e+02 1.1410061127e+01 1.0704386739e-02
4.65000e+02 1.1378375589e+01 4.4836266411e-02
4.66000e+02 1.1354435898e+01 4.8137161663e-03
4.67000e+02 1.1332552597e+01 3.1716960262e-02
4.68000e+02 1.1307136020e+01 6.0764734110e-02
4.69000e+02 1.1283000543e+01 1.7828083567e-02
4.70000e+02 1.1259038570e+01 3.4637915955e-02
4.71000e+02 1.1235175122e+01 6.9112511080e-03
4.72000e+02 1.1208386492e+01 3.7496946868e-02
4.73000e+02 1.1178627612e+01 2.8822447125e-03
4.74000e+02 1.1154396256e+01 3.1976908420e-02
4.75000e+02 1.1132008298e+01 5.5224197915e-02
4.76000e+02 1.1107701774e+01 1.6700201919e-02
4.77000e+02 1.1090702201e+01 1.9185624222e-02
4.78000e+02 1.1073499561e+01 1.7970129257e-02
4.79000e+02 1.1058577128e+01 7.4655240369e-03
4.80000e+02 1.1046095288e+01 1.1824684271e-02
4.81000e+02 1.1041355910e+01 5.6919639916e-03
4.82000e+02 1.1033426001e+01 9.2727309056e-03
4.83000e+02 1.1027227127e+01 8.7235593000e-03
4.84000e+02 1.1020813727e+01 7.4502726678e-03
4.85000e+02 1.1014363278e+01 7.6943966428e-03
4.86000e+02 1.1007741775e+01 2.0810285913e-04
4.87000e+02 1.1003515109e+01 2.0996851439e-02
4.88000e+02 1.1000773292e+01 2.4046813581e-02
4.89000e+02 1.0987898031e+01 3.0993779363e-02
4.90000e+02 1.0975886328e+01 3.0492649742e-02
4.91000e+02 1.0964656141e+01 1.6450740218e-03
4.92000e+02 1.0951222213e+01 2.7788279091e-02
4.93000e+02 1.0937406564e+01 3.5333586373e-02
4.94000e+02 1.0923074839e+01 8.9779676507e-04
4.95000e+02 1.0909975626e+01 1.0395198099e-03
4.96000e+02 1.0898182052e+01 2.5878000638e-02
4.97000e+02 1.0884879090e+01 3.8421111434e-04
4.98000e+02 1.0871955868e+01 7.3191112376e-04
4.99000e+02 1.0867843661e+01 1.7723656407e-02
5.00000e+02 1.0863620752e+01 1.7170183832e-02
5.01000e+02 1.0852385912e+01 2.8662043267e-02
5.02000e+02 1.0841656237e+01 1.5823813073e-02
5.03000e+02 1.0835738346e+01 1.8958697370e-02
5.04000e+02 1.0828047663e+01 4.1028905725e-03
5.05000e+02 1.0823392540e+01 2.0177886819e-02
5.06000e+02 1.0822450663e+01 9.1519412084e-03
5.07000e+02 1.0829215139e+01 1.2682366499e-02
5.08000e+02 1.0831458126e+01 9.9336708192e-03
5.09000e+02 1.0835336939e+01 6.0885409617e-04
5.10000e+02 1.0845398105e+01 2.3672727170e-02
5.11000e+02 1.0863758108e+01 1.1595526717e-02
5.12000e+02 1.0875882722e+01 9.8816272858e-03
5.13000e+02 1.0889597536e+01 1.7023147834e-02
5.14000e+02 1.0908097764e+01 2.8037014193e-02
5.15000e+02 1.0924776713e+01 2.6327923632e-02
5.16000e+02 1.0940462056e+01 2.0566852979e-02
5.17000e+02 1.0956738987e+01 3.6047173031e-02
5.18000e+02 1.0971250528e+01 4.8013693513e-02
5.19000e+02 1.0986874917e+01 2.2556418288e-02
5.20000e+02 1.1003547622e+01 2.3521223922e-02
5.21000e+02 1.1018278444e+01 2.0383257825e-02
5.22000e+02 1.1038485568e+01 4.8031485106e-02
5.23000e+02 1.1068145159e+01 3.6377787655e-02
5.24000e+02 1.1092104604e+01 8.3185377866e-03
5.25000e+02 1.1116785302e+01 4.0763674327e-02
5.26000e+02 1.1142543234e+01 4.1489599658e-02
5.27000e+02 1.1166657341e+01 3.5437371427e-02
5.28000e+02 1.1189366771e+01 6.8251877626e-02
5.29000e+02 1.1214576991e+01 4.1977631766e-02
5.30000e+02 1.1241116604e+01 4.2717335972e-02
5.31000e+02 1.1267429421e+01 4.3777216485e-02
5.32000e+02 1.1297716298e+01 7.4429653777e-02
5.33000e+02 1.1317751344e+01 1.4741919225e-01
5.34000e+02 1.1337431929e+01 7.2866114504e-02
5.35000e+02 1.1364160845e+01 8.9502273179e-02
5.36000e+02 1.1388616682e+01 4.1649662863e-02
5.37000e+02 1.1413786230e+01 7.3848688741e-02
5.38000e+02 1.1437116461e+01 8.6289894664e-02
5.39000e+02 1.1462172607e+01 4.0351341835e-02
5.40000e+02 1.1488263573e+01 4.1946119808e-02
5.41000e+02 1.1511851636e+01 5.3958410916e-02
5.42000e+02 1.1541944868e+01 6.2774174669e-02
5.43000e+02 1.1581844741e+01 9.6683143971e-02
5.44000e+02 1.1615508671e+01 7.5729633664e-03
5.45000e+02 1.1649445898e+01 5.8350644927e-02
5.46000e+02 1.1684313612e+01 5.9496078538e-02
5.47000e+02 1.1717340289e+01 1.6610119161e-02
5.48000e+02 1.1758593604e+01 1.0774654356e-01
5.49000e+02 1.1809627347e+01 7.8135842209e-02
5.50000e+02 1.1858146617e+01 2.8228933172e-01
5.51000e+02 1.1900422091e+01 2.2325433466e-01
5.52000e+02 1.1938168515e+01 1.1301947743e-01
5.53000e+02 1.1973628590e+01 1.5097744336e-01
5.54000e+02 1.2009007809e+01 1.5133797125e-01
5.55000e+02 1.2044235317e+01 6.0936052512e-02
5.56000e+02 1.2082331909e+01 1.0422677419e-02
5.57000e+02 1.2117686213e+01 1.3550719522e-01
5.58000e+02 1.2152469207e+01 1.3205808910e-01
5.59000e+02 1.2181449238e+01 1.3295443153e-02
5.60000e+02 1.2210614961e+01 2.0134180132e-01
5.61000e+02 1.2244452978e+01 5.8828868575e-02
5.62000e+02 1.2277777286e+01 5.8820205140e-02
5.63000e+02 1.2312656758e+01 5.9997121297e-02
5.64000e+02 1.2348643633e+01 5.9973920622e-02
5.65000e+02 1.2377618865e+01 2.0113566054e-01
5.66000e+02 1.2407200012e+01 2.6347342950e-01
5.67000e+02 1.2434534551e+01 5.2369012803e-02
5.68000e+02 1.2460202126e+01 1.0319299660e-02
5.69000e+02 1.2482785130e+01 3.8349953297e-02
5.70000e+02 1.2508426072e+01 1.0457040222e-01
5.71000e+02 1.2535185866e+01 4.2393369108e-02
5.72000e+02 1.2559894529e+01 3.7352691050e-02
5.73000e+02 1.2576709931e+01 4.8005822666e-02
5.74000e+02 1.2596312549e+01 8.4689091227e-02
5.75000e+02 1.2614574128e+01 8.4982145919e-03
5.76000e+02 1.2629259137e+01 1.0023654035e-02
5.77000e+02 1.2640760600e+01 4.2195553858e-02
5.78000e+02 1.2652835520e+01 3.9543269782e-02
5.79000e+02 1.2658956984e+01 7.3910463602e-02
5.80000e+02 1.2669830349e+01 1.7218969889e-02
5.81000e+02 1.2678894090e+01 4.3305018748e-03
5.82000e+02 1.2682802072e+01 2.2698505285e-02
5.83000e+02 1.2677609948e+01 2.8515338394e-02
5.84000e+02 1.2677674192e+01 6.4829495460e-03
5.85000e+02 1.2676648771e+01 3.9581899526e-01
5.86000e+02 1.2673329443e+01 3.3835717965e-03
5.87000e+02 1.2671631761e+01 1.1914383137e-02
5.88000e+02 1.2665514326e+01 3.8512239688e-02
5.89000e+02 1.2655717680e+01 2.1298108639e-02
5.90000e+02 1.2652237563e+01 2.0968839909e-02
5.91000e+02 1.2649437683e+01 5.1546468795e-03
5.92000e+02 1.2644714363e+01 1.0498476461e-02
5.93000e+02 1.2642274025e+01 1.5998930898e-02
5.94000e+02 1.2636453694e+01 2.9710378500e-04
5.95000e+02 1.2627238408e+01 2.1529231056e-02
5.96000e+02 1.2619308948e+01 2.1091295567e-03
5.97000e+02 1.2609535868e+01 5.5779411773e-04
5.98000e+02 1.2605692626e+01 1.6346056229e-02
5.99000e+02 1.2603162814e+01 1.0758046211e-02
6.00000e+02 1.2598702001e+01 1.5720425334e-02
6.01000e+02 1.2596080027e+01 1.6511346580e-02
6.02000e+02 1.2590704921e+01 2.5543549548e-03
6.03000e+02 1.2575197560e+01 2.5388618861e-02
6.04000e+02 1.2563398488e+01 8.6683608246e-03
6.05000e+02 1.2552527356e+01 8.2491577964e-03
6.06000e+02 1.2542091929e+01 7.9222875331e-03
6.07000e+02 1.2530149785e+01 3.3776729351e-02
6.08000e+02 1.2515464761e+01 9.5057911012e-02
6.09000e+02 1.2509047237e+01 1.9120310310e-02
6.10000e+02 1.2503061217e+01 2.2417069586e-02
6.11000e+02 1.2490017094e+01 6.1964544743e-03
6.12000e+02 1.2478192910e+01 2.3430753308e-02
6.13000e+02 1.2466051880e+01 9.1842632642e-03
6.14000e+02 1.2450630940e+01 9.4349211568e-03
6.15000e+02 1.2425837016e+01 2.0622177406e-02
6.16000e+02 1.2405309850e+01 1.7878061698e-02
6.17000e+02 1.2384530434e+01 1.7709648067e-02
6.18000e+02 1.2362241335e+01 1.7619332733e-03
6.19000e+02 1.2341457720e+01 8.6425850859e-03
6.20000e+02 1.2315429009e+01 1.0607769288e-02
6.21000e+02 1.2279068937e+01 1.1566148702e-02
6.22000e+02 1.2245041472e+01 3.8443631664e-02
6.23000e+02 1.2216088774e+01 2.4303384000e-02
6.24000e+02 1.2188508233e+01 2.5830911547e-02
6.25000e+02 1.2155293070e+01 3.1010390663e-02
6.26000e+02 1.2124913217e+01 1.6724696341e-02
6.27000e+02 1.2093717675e+01 1.0411926813e-02
6.28000e+02 1.2063880257e+01 7.0836881807e-02
6.29000e+02 1.2035791839e+01 6.3347046342e-02
6.30000e+02 1.2000293419e+01 7.9178789782e-03
6.31000e+02 1.1954560096e+01 1.6768048639e-02
6.32000e+02 1.1911697430e+01 3.3114281189e-02
6.33000e+02 1.1869263062e+01 9.1591284185e-03
6.34000e+02 1.1828420577e+01 2.0201801106e-03
6.35000e+02 1.1790658123e+01 7.9575800322e-02
6.36000e+02 1.1752825108e+01 7.9955967910e-03
6.37000e+02 1.1720547739e+01 6.2361227121e-02
6.38000e+02 1.1689313192e+01 6.4897081124e-02
6.39000e+02 1.1659692055e+01 1.2813230534e-02
6.40000e+02 1.1630867348e+01 1.5210256958e-02
6.41000e+02 1.1606077062e+01 9.3740807860e-03
6.42000e+02 1.1581178134e+01 5.1105110472e-02
6.43000e+02 1.1552308188e+01 7.5119123682e-04
6.44000e+02 1.1522359385e+01 7.2088043831e-02
6.45000e+02 1.1489981606e+01 1.6588836504e-02
6.46000e+02 1.1456025546e+01 8.3066920219e-03
6.47000e+02 1.1414452210e+01 8.0945449879e-02
6.48000e+02 1.1376797403e+01 7.7060038450e-03
6.49000e+02 1.1337722760e+01 6.6968639813e-03
6.50000e+02 1.1292813923e+01 2.0130131813e-02
6.51000e+02 1.1244965041e+01 2.7448110887e-02
6.52000e+02 1.1204278083e+01 6.5152808197e-02
6.53000e+02 1.1167115739e+01 6.3175356855e-02
6.54000e+02 1.1123011138e+01 2.6616427150e-02
6.55000e+02 1.1069447735e+01 1.1990067863e-02
6.56000e+02 1.1022727003e+01 9.0659239873e-03
6.57000e+02 1.0976456047e+01 9.1086122213e-03
6.58000e+02 1.0921893147e+01 1.0458299000e-02
6.59000e+02 1.0857804819e+01 1.0524923643e-02
6.60000e+02 1.0801696882e+01 9.3872060931e-03
6.61000e+02 1.0746121454e+01 9.3044710246e-03
6.62000e+02 1.0680865046e+01 1.0693508638e-02
6.63000e+02 1.0605755689e+01 1.1021029224e-02
6.64000e+02 1.0539849804e+01 9.7979478297e-03
6.65000e+02 1.0474827023e+01 9.4473529045e-03
6.66000e+02 1.0399065034e+01 1.0505581013e-02
6.67000e+02 1.0313243786e+01 1.0711891286e-02
6.68000e+02 1.0237644121e+01 9.6937790872e-03
6.69000e+02 1.0164137678e+01 1.0947113275e-01
6.70000e+02 1.0082085423e+01 8.9075126472e-02
6.71000e+02 1.0000446655e+01 4.5196626166e-02
6.72000e+02 9.9216563975e+00 3.2619979043e-03
6.73000e+02 9.8446008496e+00 9.4294320586e-02
6.74000e+02 9.7686321250e+00 1.4464342898e-01
6.75000e+02 9.7001270714e+00 7.1683037839e-02
6.76000e+02 9.6275106936e+00 9.1054414564e-02
6.77000e+02 9.5525327521e+00 1.4242117911e-01
6.78000e+02 9.4799253943e+00 3.9412533801e-02
6.79000e+02 9.3997183968e+00 1.4317706593e-03
6.80000e+02 9.3224600159e+00 1.3065936471e-01
6.81000e+02 9.2479191316e+00 4.3705713928e-04
6.82000e+02 9.1747925302e+00 9.1109532763e-04
6.83000e+02 9.1009198077e+00 6.6816177448e-04
6.84000e+02 9.0287044434e+00 3.7533602871e-03
6.85000e+02 8.9611532687e+00 4.3423837661e-02
6.86000e+02 8.8927967863e+00 8.9018984348e-03
6.87000e+02 8.8263860933e+00 1.3796304491e-02
6.88000e+02 8.7592311976e+00 1.4429730657e-01
6.89000e+02 8.6912100572e+00 7.2064500832e-02
6.90000e+02 8.6262913449e+00 3.6083761890e-02
6.91000e+02 8.5626788103e+00 1.4021436921e-01
6.92000e+02 8.4986467030e+00 1.0311222003e-01
6.93000e+02 8.4357743413e+00 3.0898899411e-02
6.94000e+02 8.3652176602e+00 1.6352428383e-02
6.95000e+02 8.2918767402e+00 3.1766268637e-02
6.96000e+02 8.2214501128e+00 1.3005377917e-04
6.97000e+02 8.1427477153e+00 1.7027562280e-01
6.98000e+02 8.0670518905e+00 1.4225727398e-01
6.99000e+02 7.9946886929e+00 9.7772237931e-04
7.00000e+02 7.9239524806e+00 1.4803328007e-01
7.01000e+02 7.8480440304e+00 8.6384251457e-02
7.02000e+02 7.7742622280e+00 2.8907670650e-03
7.03000e+02 7.7004156621e+00 2.0618843462e-03
7.04000e+02 7.6279509222e+00 1.3170624141e-03
7.05000e+02 7.5552744833e+00 1.1701270297e-03
7.06000e+02 7.4836315818e+00 8.2183845594e-04
7.07000e+02 7.4117429241e+00 7.8778117591e-04
7.08000e+02 7.3345658126e+00 4.4013004698e-02
7.09000e+02 7.2587902298e+00 1.5914114773e-01
7.10000e+02 7.1854600891e+00 1.6872392345e-03
7.11000e+02 7.1146776864e+00 1.5807950138e-03
7.12000e+02 7.0404518989e+00 1.4641008410e-01
7.13000e+02 6.9734496980e+00 8.7733818766e-03
7.14000e+02 6.9092178788e+00 1.0677535784e-02
7.15000e+02 6.8469991013e+00 2.9260993244e-02
7.16000e+02 6.7814883156e+00 1.1666325808e-02
7.17000e+02 6.7167431012e+00 1.3911645940e-02
7.18000e+02 6.6540018562e+00 1.4905742370e-03
7.19000e+02 6.5955872411e+00 1.3389588649e-01
7.20000e+02 6.5335922153e+00 1.2230761711e-02
7.21000e+02 6.4765680833e+00 1.2819691339e-01
7.22000e+02 6.4197438502e+00 1.1827079717e-01
7.23000e+02 6.3555020292e+00 4.5934977074e-03
7.24000e+02 6.2935671992e+00 1.2449276079e-01
7.25000e+02 6.2322209006e+00 1.7285417855e-03
7.26000e+02 6.1690104403e+00 1.3135500404e-01
7.27000e+02 6.1106881690e+00 1.2310874772e-02
7.28000e+02 6.0531752002e+00 1.1609828206e-02
7.29000e+02 5.9905230635e+00 1.2277858375e-01
7.30000e+02 5.9280986522e+00 4.8958131667e-04
7.31000e+02 5.8634722027e+00 7.6023174902e-03
7.32000e+02 5.7954835746e+00 1.0475659337e-02
7.33000e+02 5.7198508033e+00 1.3469726316e-02
7.34000e+02 5.6473908330e+00 1.7285197453e-04
7.35000e+02 5.5750066981e+00 3.2486363273e-03
7.36000e+02 5.5026486743e+00 1.7528327542e-02
7.37000e+02 5.4315588350e+00 1.4079451064e-01
7.38000e+02 5.3613350174e+00 2.1342061408e-03
7.39000e+02 5.2912798572e+00 1.0346792163e-03
7.40000e+02 5.2173331741e+00 1.4867128646e-03
7.41000e+02 5.1476534280e+00 1.1357474791e-02
7.42000e+02 5.0787097730e+00 1.4261206084e-01
7.43000e+02 5.0151861556e+00 5.0463166336e-03
7.44000e+02 4.9528507472e+00 7.8884091582e-03
7.45000e+02 4.8906002339e+00 1.3284786451e-01
7.46000e+02 4.8236954813e+00 1.0262241894e-02
7.47000e+02 4.7544653929e+00 1.4201979102e-01
7.48000e+02 4.6915686920e+00 1.2666806253e-01
7.49000e+02 4.6304022092e+00 7.6652219072e-03
7.50000e+02 4.5666139669e+00 1.3213059519e-01
7.51000e+02 4.5101048373e+00 9.7146271180e-03
7.52000e+02 4.4549395309e+00 1.1920347252e-01
7.53000e+02 4.3931767386e+00 3.1231361779e-03
7.54000e+02 4.3330315106e+00 6.7630273313e-03
7.55000e+02 4.2761814757e+00 1.1942517438e-01
7.56000e+02 4.2170857512e+00 4.2405571378e-03
7.57000e+02 4.1628377823e+00 6.9185139496e-03
7.58000e+02 4.1097821282e+00 1.1608408624e-01
7.59000e+02 4.0576691019e+00 1.1919876170e-01
7.60000e+02 4.0030153096e+00 3.6315271217e-03
7.61000e+02 3.9396359139e+00 1.1758460557e-01
7.62000e+02 3.8798380720e+00 6.7421877359e-03
7.63000e+02 3.8199822797e+00 4.1148704676e-03
7.64000e+02 3.7618840343e+00 7.9090745819e-03
7.65000e+02 3.7036122029e+00 1.2672731026e-01
7.66000e+02 3.6401199967e+00 1.2081399918e-01
7.67000e+02 3.5783436801e+00 5.1323665054e-03
7.68000e+02 3.5173317947e+00 1.2781462641e-01
7.69000e+02 3.4575187028e+00 1.2922807229e-01
7.70000e+02 3.3978670313e+00 2.5806978663e-03
7.71000e+02 3.3386059728e+00 3.0117983667e-04
7.72000e+02 3.2788878796e+00 6.6421780892e-05
7.73000e+02 3.2193994749e+00 4.4261802670e-03
7.74000e+02 3.1533083625e+00 1.3403157516e-01
7.75000e+02 3.0845736373e+00 4.1980019934e-03
7.76000e+02 3.0240076632e+00 1.2858746934e-01
7.77000e+02 2.9645025902e+00 2.4401453237e-04
7.78000e+02 2.9011829434e+00 4.9546747197e-03
7.79000e+02 2.8396245572e+00 1.3011335387e-01
7.80000e+02 2.7798564400e+00 1.7037215266e-03
7.81000e+02 2.7242663562e+00 1.1531424046e-01
7.82000e+02 2.6670531494e+00 3.3527672771e-03
7.83000e+02 2.6151856617e+00 1.1748855036e-01
7.84000e+02 2.5623991650e+00 1.0714956159e-01
7.85000e+02 2.5006723137e+00 1.6846518289e-04
7.86000e+02 2.4417414625e+00 1.1216206558e-01
7.87000e+02 2.3835388688e+00 5.3492585927e-03
7.88000e+02 2.3249046064e+00 2.9658866044e-04
7.89000e+02 2.2664704352e+00 6.5666834505e-03
7.90000e+02 2.2016532832e+00 1.2030655358e-02
7.91000e+02 2.1340850182e+00 8.6287667163e-03
7.92000e+02 2.0742986345e+00 1.2650435545e-01
7.93000e+02 2.0154802822e+00 6.1575855601e-04
7.94000e+02 1.9529241015e+00 1.2660712770e-01
7.95000e+02 1.8980862278e+00 1.1364745977e-01
7.96000e+02 1.8447858636e+00 1.8194278587e-03
7.97000e+02 1.7841989112e+00 1.1061371245e-01
7.98000e+02 1.7246763443e+00 7.4484211395e-03
7.99000e+02 1.6657912059e+00 1.1440089163e-01
8.00000e+02 1.6069141831e+00 6.4554396508e-04
8.01000e+02 1.5480181865e+00 1.2683967649e-01
8.02000e+02 1.4909137195e+00 1.2375678331e-01
8.03000e+02 1.4332518035e+00 1.8681207918e-03
8.04000e+02 1.3705510175e+00 1.1172492598e-01
8.05000e+02 1.3157659159e+00 3.6596739702e-03
8.06000e+02 1.2626102466e+00 1.1035840376e-01
8.07000e+02 1.2079504371e+00 1.1012275331e-01
8.08000e+02 1.1544651834e+00 3.2958446118e-04
8.09000e+02 1.0937572459e+00 6.9170594173e-03
8.10000e+02 1.0348102510e+00 3.1563512514e-03
8.11000e+02 9.7938613307e-01 1.0935632721e-03
8.12000e+02 9.2290845893e-01 2.4930454948e-03
8.13000e+02 8.7077006548e-01 5.5235225881e-03
8.14000e+02 8.1951525135e-01 1.1143223956e-01
8.15000e+02 7.6953425204e-01 1.0537474908e-01
8.16000e+02 7.1666240857e-01 6.2967320948e-03
8.17000e+02 6.5467309572e-01 1.1260218266e-01
8.18000e+02 5.9643501810e-01 6.9832634892e-03
8.19000e+02 5.3852996315e-01 1.4214491016e-02
8.20000e+02 4.8233919450e-01 5.8049045628e-03
8.21000e+02 4.2558477069e-01 1.2291311790e-01
8.22000e+02 3.6347896081e-01 1.1296327878e-01
8.23000e+02 3.0905605008e-01 5.2420904316e-05
8.24000e+02 2.5680651590e-01 1.1884897032e-01
8.25000e+02 2.0626987078e-01 6.2177786886e-03
8.26000e+02 1.5585433789e-01 1.1637908509e-02
8.27000e+02 1.1323913895e-01 6.5709045021e-03
8.28000e+02 6.9339561357e-02 1.4561517501e-02
8.29000e+02 2.6800242148e-02 7.9973259102e-03
8.30000e+02 -1.5205163768e-02 9.2356643586e-02
8.31000e+02 -5.4805987558e-02 1.8304231168e-02
8.32000e+02 -9.2407001749e-02 1.4287891987e-02
8.33000e+02 -1.3233362565e-01 8.9651591636e-02
8.34000e+02 -1.7313382338e-01 9.5241103791e-04
8.35000e+02 -2.1060286154e-01 2.1317856263e-03
8.36000e+02 -2.5165873088e-01 9.1476524572e-02
8.37000e+02 -3.0351186682e-01 8.8152931639e-02
8.38000e+02 -3.5323088434e-01 7.2608489648e-03
8.39000e+02 -3.9717776043e-01 8.6004431135e-02
8.40000e+02 -4.4013120875e-01 3.4755774393e-03
8.41000e+02 -4.8091698082e-01 9.2310459105e-05
8.42000e+02 -5.2080166923e-01 7.6084097594e-02
8.43000e+02 -5.5281408104e-01 8.4623624175e-03
8.44000e+02 -5.8435372665e-01 6.7948302927e-02
8.45000e+02 -6.1708104688e-01 7.1490841819e-04
8.46000e+02 -6.5014355951e-01 9.8909356816e-03
8.47000e+02 -6.8049028117e-01 7.1141494594e-02
8.48000e+02 -7.1165330867e-01 3.3757538663e-04
8.49000e+02 -7.4503772983e-01 9.2239438011e-03
8.50000e+02 -7.7536099834e-01 6.8331108969e-02
8.51000e+02 -8.0360840965e-01 6.6163467512e-02
8.52000e+02 -8.3099553698e-01 1.7340084309e-02
8.53000e+02 -8.5764926580e-01 1.1482369031e-02
8.54000e+02 -8.8866562668e-01 9.3613864714e-03
8.55000e+02 -9.3034441147e-01 1.0174351151e-02
8.56000e+02 -9.6857408382e-01 8.6646399368e-02
8.57000e+02 -1.0064760266e+00 8.3675923668e-02
8.58000e+02 -1.0469883107e+00 1.6326830705e-02
8.59000e+02 -1.0864179405e+00 6.9366605070e-02
8.60000e+02 -1.1269274399e+00 5.9571792182e-02
8.61000e+02 -1.1668773742e+00 1.2896001419e-02
8.62000e+02 -1.2069673067e+00 4.1956673304e-04
8.63000e+02 -1.2468752664e+00 4.1974691122e-05
8.64000e+02 -1.2873285405e+00 3.6334156039e-04
8.65000e+02 -1.3264192315e+00 3.0849370591e-03
8.66000e+02 -1.3695380895e+00 1.2102497203e-02
8.67000e+02 -1.4227167829e+00 1.3749063477e-02
8.68000e+02 -1.4714961928e+00 1.1407987933e-02
8.69000e+02 -1.5194484428e+00 8.0442904024e-03
8.70000e+02 -1.5711186006e+00 1.1157873628e-02
8.71000e+02 -1.6218210646e+00 8.6704864739e-03
8.72000e+02 -1.6724522573e+00 1.8517827301e-03
8.73000e+02 -1.7221114579e+00 1.2853666369e-02
8.74000e+02 -1.7717007117e+00 1.0419389217e-03
8.75000e+02 -1.8209598891e+00 2.2258881150e-02
8.76000e+02 -1.8752287717e+00 1.1150024494e-02
8.77000e+02 -1.9322384502e+00 1.0921077942e-01
8.78000e+02 -1.9868517167e+00 1.0944595263e-01
8.79000e+02 -2.0497190556e+00 1.2164874867e-02
8.80000e+02 -2.1081290539e+00 3.1057366792e-02
8.81000e+02 -2.1659217684e+00 1.0041860200e-02
8.82000e+02 -2.2304654880e+00 9.9304529530e-03
8.83000e+02 -2.2979935076e+00 1.0518341142e-02
8.84000e+02 -2.3569491191e+00 1.2311275256e-01
8.85000e+02 -2.4148464184e+00 8.2380986755e-03
8.86000e+02 -2.4773422174e+00 1.3043503272e-01
8.87000e+02 -2.5382067119e+00 1.0448240754e-01
8.88000e+02 -2.5980162449e+00 1.1431353070e-02
8.89000e+02 -2.6570225678e+00 1.2420324817e-01
8.90000e+02 -2.7134319870e+00 5.6836683458e-03
8.91000e+02 -2.7702008691e+00 1.1677675646e-01
8.92000e+02 -2.8279817055e+00 1.2176315413e-01
8.93000e+02 -2.8834263543e+00 2.1163106590e-03
8.94000e+02 -2.9466496751e+00 9.1874240460e-03
8.95000e+02 -3.0129350566e+00 1.2742498630e-01
8.96000e+02 -3.0704060571e+00 1.1772156104e-01
8.97000e+02 -3.1244972607e+00 8.0447474376e-03
8.98000e+02 -3.1865720459e+00 1.0560076031e-01
8.99000e+02 -3.2603327052e+00 3.6715510544e-02
9.00000e+02 -3.3308481038e+00 1.3531716084e-01
9.01000e+02 -3.4007643009e+00 1.0539750479e-01
9.02000e+02 -3.4695437319e+00 1.0998594592e-02
9.03000e+02 -3.5374282849e+00 1.1928850899e-01
9.04000e+02 -3.6104951639e+00 3.1540359266e-02
9.05000e+02 -3.6929291025e+00 2.3505337420e-02
9.06000e+02 -3.7688255549e+00 7.1170214307e-03
9.07000e+02 -3.8440091883e+00 1.0009567578e-02
9.08000e+02 -3.9283067686e+00 1.1230701292e-02
9.09000e+02 -4.0226072159e+00 1.8976413213e-02
9.10000e+02 -4.1080546522e+00 9.5509839063e-03
9.11000e+02 -4.1923132464e+00 9.0749607978e-03
9.12000e+02 -4.2875346254e+00 1.0923798627e-02
9.13000e+02 -4.3929737432e+00 1.8981046745e-02
9.14000e+02 -4.4938203215e+00 3.0331179789e-02
9.15000e+02 -4.5945326380e+00 3.0277446728e-03
9.16000e+02 -4.6920633515e+00 1.2083277164e-02
9.17000e+02 -4.7866105328e+00 1.9912981739e-01
9.18000e+02 -4.8862711636e+00 1.1859474754e-03
9.19000e+02 -4.9828795080e+00 1.4792680241e-01
9.20000e+02 -5.0765612296e+00 1.8488347659e-01
9.21000e+02 -5.1637311343e+00 7.3772766462e-03
9.22000e+02 -5.2491948572e+00 1.3660576498e-01
9.23000e+02 -5.3340033445e+00 5.1480570179e-02
9.24000e+02 -5.4168155419e+00 3.2018508514e-02
9.25000e+02 -5.4996726845e+00 1.1033074503e-02
9.26000e+02 -5.5905944140e+00 1.3903997421e-01
9.27000e+02 -5.6738985712e+00 3.7626489988e-02
9.28000e+02 -5.7530844520e+00 4.9147402106e-03
9.29000e+02 -5.8272320684e+00 1.0660870873e-02
9.30000e+02 -5.8990127746e+00 1.8055384532e-02
9.31000e+02 -5.9690715831e+00 4.0888078635e-03
9.32000e+02 -6.0486161612e+00 1.6412245369e-01
9.33000e+02 -6.1400128369e+00 1.3922471236e-01
9.34000e+02 -6.2275646281e+00 3.4218925213e-02
9.35000e+02 -6.3097097866e+00 1.5146790353e-01
9.36000e+02 -6.3897411866e+00 1.3957230959e-01
9.37000e+02 -6.4767402730e+00 4.3975893219e-03
9.38000e+02 -6.5619865428e+00 3.6476707422e-02
9.39000e+02 -6.6467972351e+00 1.6737878605e-01
9.40000e+02 -6.7284867136e+00 2.3039966819e-02
9.41000e+02 -6.8099818217e+00 1.5620151890e-01
9.42000e+02 -6.8921250426e+00 1.6410835839e-01
9.43000e+02 -6.9721751674e+00 1.8256359417e-02
9.44000e+02 -7.0631760355e+00 6.5762763505e-03
9.45000e+02 -7.1649294596e+00 6.6716655511e-02
9.46000e+02 -7.2575296789e+00 1.6506822130e-02
9.47000e+02 -7.3481576568e+00 1.0577853031e-02
9.48000e+02 -7.4366253933e+00 1.6282357536e-01
9.49000e+02 -7.5256108855e+00 2.3012471298e-02
9.50000e+02 -7.6256734858e+00 1.6382724473e-01
9.51000e+02 -7.7240859699e+00 1.6032247752e-01
9.52000e+02 -7.8192346087e+00 4.9139615017e-03
9.53000e+02 -7.9143019531e+00 8.2541872685e-03
9.54000e+02 -8.0075541457e+00 1.8964461886e-03
9.55000e+02 -8.0995234490e+00 1.6715801110e-01
9.56000e+02 -8.1934925012e+00 2.8256870204e-02
9.57000e+02 -8.2799656212e+00 1.5434744796e-01
9.58000e+02 -8.3656802077e+00 1.5945324703e-01
9.59000e+02 -8.4494059216e+00 5.1835222398e-03
9.60000e+02 -8.5314023411e+00 3.7181670153e-03
9.61000e+02 -8.6131601932e+00 1.9678618170e-03
9.62000e+02 -8.6995973175e+00 1.6592459499e-02
9.63000e+02 -8.7842828106e+00 2.2840898074e-02
9.64000e+02 -8.8675337473e+00 1.2545171795e-03
9.65000e+02 -8.9499319761e+00 1.7216243753e-02
9.66000e+02 -9.0346309577e+00 1.7381427338e-03
9.67000e+02 -9.1221168431e+00 1.3117484700e-01
9.68000e+02 -9.2114671363e+00 1.8753290242e-01
9.69000e+02 -9.3076803231e+00 1.2078553427e-02
9.70000e+02 -9.3988253289e+00 1.3748969640e-01
9.71000e+02 -9.4917980737e+00 6.2059285028e-02
9.72000e+02 -9.5822681003e+00 1.7374603638e-01
9.73000e+02 -9.6707615308e+00 1.3601202002e-01
9.74000e+02 -9.7676093620e+00 1.3596894569e-02
9.75000e+02 -9.8582673535e+00 1.8603405767e-01
9.76000e+02 -9.9449226720e+00 1.1981127876e-02
9.77000e+02 -1.0027611207e+01 2.3931758024e-03
9.78000e+02 -1.0112594037e+01 3.9638951312e-02
9.79000e+02 -1.0190838384e+01 1.2413644521e-02
9.80000e+02 -1.0268661840e+01 8.8318624533e-03
9.81000e+02 -1.0343483962e+01 7.8664126940e-03
9.82000e+02 -1.0417964191e+01 1.0502600266e-02
9.83000e+02 -1.0485145554e+01 1.1062984459e-02
9.84000e+02 -1.0553691253e+01 9.2777567730e-03
9.85000e+02 -1.0617691939e+01 1.0180088536e-01
9.86000e+02 -1.0682729237e+01 2.7190957718e-02
9.87000e+02 -1.0749820615e+01 2.7073781991e-02
9.88000e+02 -1.0815162561e+01 3.0464911035e-04
9.89000e+02 -1.0888944806e+01 1.1492126413e-01
9.90000e+02 -1.0960832223e+01 1.1221353140e-01
9.91000e+02 -1.1032408700e+01 2.2057679675e-03
9.92000e+02 -1.1106191677e+01 1.4633428213e-01
9.93000e+02 -1.1180627809e+01 3.7903556821e-02
9.94000e+02 -1.1251595517e+01 1.1225285204e-01
9.95000e+02 -1.1320118162e+01 5.9134874368e-03
9.96000e+02 -1.1396542496e+01 1.2368516812e-01
9.97000e+02 -1.1475738814e+01 1.3375875655e-01
9.98000e+02 -1.1552203433e+01 4.0284171384e-05
9.99000e+02 -1.1637596699e+01 1.6000473817e-01
1.00000e+03 -1.1718492725e+01 1.5244806879e-02
1.00100e+03 -1.1797632038e+01 1.5569730122e-01
1.00200e+03 -1.1881648168e+01 1.6888499277e-01
1.00300e+03 -1.1960743413e+01 1.0107275062e-04
1.00400e+03 -1.2037621036e+01 2.9736235940e-02
1.00500e+03 -1.2110671449e+01 3.9484983932e-03
1.00600e+03 -1.2184753562e+01 1.0034987459e-02
1.00700e+03 -1.2257098904e+01 2.1816376086e-03
1.00800e+03 -1.2330422378e+01 1.6253768351e-02
1.00900e+03 -1.2404000903e+01 1.2865760723e-01
1.01000e+03 -1.2480253164e+01 1.5864651471e-01
1.01100e+03 -1.2558877692e+01 2.9235782450e-02
1.01200e+03 -1.2631917760e+01 1.2469139421e-01
1.01300e+03 -1.2703399158e+01 1.4668499709e-02
1.01400e+03 -1.2774500407e+01 1.2630672507e-01
1.01500e+03 -1.2843663860e+01 1.4760587534e-01
1.01600e+03 -1.2911262037e+01 1.6342824598e-02
1.01700e+03 -1.2980550819e+01 1.2398780220e-01
1.01800e+03 -1.3056274655e+01 4.8070409422e-03
1.01900e+03 -1.3123710568e+01 1.1984500859e-01
1.02000e+03 -1.3188165129e+01 1.2072019706e-01
1.02100e+03 -1.3251454071e+01 5.9998385790e-03
1.02200e+03 -1.3314254125e+01 1.3135349488e-01
1.02300e+03 -1.3374212784e+01 2.7378728567e-03
1.02400e+03 -1.3432258605e+01 1.2402578342e-02
1.02500e+03 -1.3488928481e+01 3.2887836819e-03
1.02600e+03 -1.3553792108e+01 8.2233164064e-03
1.02700e+03 -1.3630341048e+01 1.5765958810e-01
1.02800e+03 -1.3700854384e+01 7.7132826916e-03
1.02900e+03 -1.3769571988e+01 1.6466718522e-02
1.03000e+03 -1.3843743053e+01 1.4421362074e-01
1.03100e+03 -1.3911493066e+01 7.9009935680e-03
1.03200e+03 -1.3976345748e+01 8.5898098840e-03
1.03300e+03 -1.4039076270e+01 1.2190257204e-01
1.03400e+03 -1.4102853240e+01 1.8287187105e-02
1.03500e+03 -1.4158965493e+01 1.1637760306e-02
1.03600e+03 -1.4213782731e+01 1.1620078852e-01
1.03700e+03 -1.4269974042e+01 1.1616364614e-01
1.03800e+03 -1.4325237272e+01 3.1700743243e-02
1.03900e+03 -1.4382029791e+01 1.9381795566e-02
1.04000e+03 -1.4437639033e+01 9.2434395093e-03
1.04100e+03 -1.4492470716e+01 9.9879860769e-03
1.04200e+03 -1.4546966249e+01 1.0347191597e-02
1.04300e+03 -1.4593552105e+01 1.9440859038e-02
1.04400e+03 -1.4641700463e+01 7.4608847826e-03
1.04500e+03 -1.4688725934e+01 5.7170644236e-03
1.04600e+03 -1.4734966475e+01 2.2489846697e-02
1.04700e+03 -1.4778694972e+01 9.7021084000e-02
1.04800e+03 -1.4823627147e+01 1.0331055665e-02
1.04900e+03 -1.4878100621e+01 8.3346830884e-02
1.05000e+03 -1.4930442005e+01 1.0302490627e-01
1.05100e+03 -1.4981823827e+01 7.6533244508e-03
1.05200e+03 -1.5031481158e+01 1.0607870769e-01
1.05300e+03 -1.5082645891e+01 1.2386959113e-02
1.05400e+03 -1.5135052722e+01 7.7111183035e-03
1.05500e+03 -1.5184754656e+01 1.7575462351e-02
1.05600e+03 -1.5240980466e+01 9.4557119890e-02
1.05700e+03 -1.5300142055e+01 1.1109493826e-01
1.05800e+03 -1.5351676449e+01 1.9434949533e-02
1.05900e+03 -1.5400350492e+01 9.3434671552e-02
1.06000e+03 -1.5455827022e+01 7.4928036338e-04
1.06100e+03 -1.5522802495e+01 4.3217053749e-02
1.06200e+03 -1.5584205424e+01 3.7559562143e-02
1.06300e+03 -1.5643037015e+01 9.4090179951e-03
1.06400e+03 -1.5709710995e+01 5.4371286261e-02
1.06500e+03 -1.5779561215e+01 3.0104145684e-02
1.06600e+03 -1.5846670313e+01 4.3511825403e-04
1.06700e+03 -1.5923089233e+01 9.4434461058e-03
1.06800e+03 -1.5996939976e+01 1.5522653269e-01
1.06900e+03 -1.6066635784e+01 1.5441147051e-04
1.07000e+03 -1.6134005675e+01 2.6841075002e-02
1.07100e+03 -1.6197614875e+01 1.2987670319e-01
1.07200e+03 -1.6260541591e+01 9.3259055797e-02
1.07300e+03 -1.6321254064e+01 4.1113876436e-02
1.07400e+03 -1.6380152146e+01 1.2127501800e-01
1.07500e+03 -1.6440872782e+01 3.4750505648e-02
1.07600e+03 -1.6502675672e+01 3.9948936991e-02
1.07700e+03 -1.6563348036e+01 4.8272112773e-05
1.07800e+03 -1.6629188058e+01 8.0107204775e-03
1.07900e+03 -1.6693436693e+01 1.3489831169e-01
1.08000e+03 -1.6756966925e+01 1.7273420708e-03
1.08100e+03 -1.6819104977e+01 6.5370216542e-03
1.08200e+03 -1.6882965985e+01 8.7787016716e-02
1.08300e+03 -1.6940864041e+01 3.0535084679e-02
1.08400e+03 -1.6998544123e+01 1.8432034714e-03
1.08500e+03 -1.7053590529e+01 8.0607584110e-02
1.08600e+03 -1.7107617187e+01 2.0670199776e-02
1.08700e+03 -1.7159788081e+01 9.3086299065e-02
1.08800e+03 -1.7214813938e+01 8.5043761933e-03
1.08900e+03 -1.7269124175e+01 8.2327695827e-03
1.09000e+03 -1.7322055790e+01 1.0950425574e-03
1.09100e+03 -1.7373809183e+01 8.9133732254e-03
1.09200e+03 -1.7424823954e+01 1.9168445116e-03
1.09300e+03 -1.7475537133e+01 1.0402139493e-03
1.09400e+03 -1.7531363345e+01 8.0035562211e-04
1.09500e+03 -1.7588737595e+01 1.2180380588e-02
1.09600e+03 -1.7645427406e+01 1.1928529620e-01
1.09700e+03 -1.7709643790e+01 1.4302760731e-02
1.09800e+03 -1.7771194039e+01 1.7892237114e-02
1.09900e+03 -1.7832239681e+01 1.5407120328e-02
1.10000e+03 -1.7896031337e+01 1.2776885587e-02
1.10100e+03 -1.7959096768e+01 1.6723391700e-02
1.10200e+03 -1.8020670482e+01 2.2179429060e-03
1.10300e+03 -1.8079866659e+01 1.0877462099e-01
1.10400e+03 -1.8138426761e+01 1.1053613778e-01
1.10500e+03 -1.8201028277e+01 4.6391494388e-04
1.10600e+03 -1.8264449714e+01 1.8711877532e-03
1.10700e+03 -1.8330343430e+01 1.1599596655e-01
1.10800e+03 -1.8398719693e+01 9.8161609537e-03
1.10900e+03 -1.8469188049e+01 1.1272178190e-02
1.11000e+03 -1.8534535203e+01 1.3571524335e-01
1.11100e+03 -1.8597225554e+01 1.2193093426e-02
1.11200e+03 -1.8662275074e+01 1.2340255906e-01
1.11300e+03 -1.8725641703e+01 2.6344290727e-03
1.11400e+03 -1.8789345075e+01 1.1616190552e-01
1.11500e+03 -1.8853801315e+01 1.3048398048e-01
1.11600e+03 -1.8921173024e+01 1.0256351595e-02
1.11700e+03 -1.8990875280e+01 1.3481342930e-01
1.11800e+03 -1.9058601563e+01 1.1133702854e-02
1.11900e+03 -1.9133716089e+01 1.2779364096e-01
1.12000e+03 -1.9205011560e+01 2.0943898064e-02
1.12100e+03 -1.9276878997e+01 1.1069268681e-02
1.12200e+03 -1.9355260881e+01 1.3455508780e-01
1.12300e+03 -1.9442533733e+01 1.8068622382e-02
1.12400e+03 -1.9522670781e+01 8.8415771152e-03
1.12500e+03 -1.9602795275e+01 8.2570567964e-03
1.12600e+03 -1.9692135544e+01 1.0958385551e-02
1.12700e+03 -1.9784362494e+01 2.2524693450e-02
1.12800e+03 -1.9866301685e+01 2.9943834787e-02
1.12900e+03 -1.9946272632e+01 1.4055975253e-01
1.13000e+03 -2.0032436519e+01 1.7760989668e-01
1.13100e+03 -2.0116984316e+01 2.1120338385e-02
1.13200e+03 -2.0198860606e+01 1.3804793934e-01
1.13300e+03 -2.0280434797e+01 3.1363586864e-02
1.13400e+03 -2.0359006764e+01 1.3705196935e-01
1.13500e+03 -2.0437109135e+01 1.5988670851e-01
1.13600e+03 -2.0515873888e+01 2.8220685640e-02
1.13700e+03 -2.0592834356e+01 1.2855094050e-01
1.13800e+03 -2.0680416099e+01 2.0743641897e-02
1.13900e+03 -2.0770961645e+01 1.6514740520e-01
1.14000e+03 -2.0850812755e+01 1.5692325969e-01
1.14100e+03 -2.0926515659e+01 1.9465333946e-02
1.14200e+03 -2.1012360479e+01 1.8677040524e-02
1.14300e+03 -2.1101613119e+01 3.4338100020e-02
1.14400e+03 -2.1187481063e+01 2.3124930233e-05
1.14500e+03 -2.1283652425e+01 1.6521045848e-01
1.14600e+03 -2.1373818547e+01 1.4390646321e-01
1.14700e+03 -2.1461518730e+01 3.0678743445e-02
1.14800e+03 -2.1558229408e+01 1.7588798263e-01
1.14900e+03 -2.1665657269e+01 1.1256498268e-02
1.15000e+03 -2.1764396056e+01 8.5726658315e-03
1.15100e+03 -2.1861236996e+01 1.3025298509e-01
1.15200e+03 -2.1955653173e+01 1.8647771824e-02
1.15300e+03 -2.2050580034e+01 3.2501492472e-02
1.15400e+03 -2.2157046512e+01 2.1769229900e-01
1.15500e+03 -2.2256178228e+01 1.4964352987e-01
1.15600e+03 -2.2348250065e+01 3.0124651435e-02
1.15700e+03 -2.2437564047e+01 1.5922923333e-01
1.15800e+03 -2.2531370617e+01 1.2659907897e-02
1.15900e+03 -2.2623468987e+01 1.4951262229e-01
1.16000e+03 -2.2713935966e+01 1.6786215256e-01
1.16100e+03 -2.2803547384e+01 4.1494128619e-02
1.16200e+03 -2.2898268607e+01 1.5861889606e-01
1.16300e+03 -2.3002463085e+01 5.2081353699e-02
1.16400e+03 -2.3103056281e+01 1.5886207972e-01
1.16500e+03 -2.3200579504e+01 2.8486033455e-02
1.16600e+03 -2.3296063750e+01 1.6248241305e-01
1.16700e+03 -2.3386188452e+01 1.6850500998e-01
1.16800e+03 -2.3478035250e+01 1.9711148959e-02
1.16900e+03 -2.3563371391e+01 1.5013284806e-01
1.17000e+03 -2.3648326959e+01 1.5518922299e-02
1.17100e+03 -2.3730178106e+01 8.2735546457e-03
1.17200e+03 -2.3811940661e+01 1.0775138781e-02
1.17300e+03 -2.3891583527e+01 1.0315743237e-01
1.17400e+03 -2.3969562728e+01 9.9270920728e-02
1.17500e+03 -2.4044159390e+01 8.7229155668e-03
1.17600e+03 -2.4122809428e+01 6.3055303520e-03
1.17700e+03 -2.4196789590e+01 7.8709849959e-03
1.17800e+03 -2.4267738072e+01 7.0307197043e-03
1.17900e+03 -2.4331600337e+01 1.0734397341e-02
1.18000e+03 -2.4398623756e+01 1.1626619520e-02
1.18100e+03 -2.4463375314e+01 9.2286033492e-03
1.18200e+03 -2.4526535517e+01 1.4145858292e-02
1.18300e+03 -2.4587299572e+01 1.3106175358e-01
1.18400e+03 -2.4645519468e+01 1.0813761292e-01
1.18500e+03 -2.4705768430e+01 9.6291151818e-03
1.18600e+03 -2.4768225620e+01 8.4912908637e-03
1.18700e+03 -2.4821959416e+01 1.0128469091e-02
1.18800e+03 -2.4875724530e+01 5.1647032752e-03
1.18900e+03 -2.4929102501e+01 6.8709904587e-03
1.19000e+03 -2.4980620054e+01 1.4426775496e-02
1.19100e+03 -2.5029898239e+01 1.6232967652e-02
1.19200e+03 -2.5083002036e+01 1.0964009503e-01
1.19300e+03 -2.5135180482e+01 4.1582316789e-03
1.19400e+03 -2.5184325743e+01 1.1483971808e-02
1.19500e+03 -2.5234833896e+01 1.0666063633e-01
1.19600e+03 -2.5286401265e+01 1.2679779818e-02
1.19700e+03 -2.5329748475e+01 1.0386586578e-02
1.19800e+03 -2.5374096266e+01 2.2826461080e-03
1.19900e+03 -2.5418041910e+01 1.2188988790e-02
1.20000e+03 -2.5461639886e+01 2.4257038501e-03
1.20100e+03 -2.5504593004e+01 9.9252520225e-04
1.20200e+03 -2.5546097317e+01 1.0063057253e-02
1.20300e+03 -2.5579555549e+01 9.8889774457e-03
1.20400e+03 -2.5612625726e+01 6.9690074421e-02
1.20500e+03 -2.5646863444e+01 7.0399870653e-02
1.20600e+03 -2.5680734778e+01 8.3268485624e-03
1.20700e+03 -2.5721072718e+01 8.4910734906e-02
1.20800e+03 -2.5762166146e+01 2.5045478569e-03
1.20900e+03 -2.5804243112e+01 6.7837425414e-02
1.21000e+03 -2.5848223107e+01 7.2912440330e-02
1.21100e+03 -2.5900782130e+01 1.2221083327e-02
1.21200e+03 -2.5950478275e+01 7.6372304116e-02
1.21300e+03 -2.6000380268e+01 2.9455634326e-02
1.21400e+03 -2.6055438019e+01 1.1077756854e-02
1.21500e+03 -2.6119686273e+01 1.1689230540e-02
1.21600e+03 -2.6178738287e+01 2.7891807581e-02
1.21700e+03 -2.6236977782e+01 5.2333828071e-03
1.21800e+03 -2.6296064719e+01 5.2630731944e-03
1.21900e+03 -2.6354811003e+01 5.0678778535e-04
1.22000e+03 -2.6414545341e+01 1.1536818305e-03
1.22100e+03 -2.6473637604e+01 9.1902701184e-03
1.22200e+03 -2.6540688216e+01 1.1992859720e-02
1.22300e+03 -2.6617645002e+01 1.2708532578e-02
1.22400e+03 -2.6687250890e+01 9.8715494704e-03
1.22500e+03 -2.6755280156e+01 8.9370036585e-03
1.22600e+03 -2.6821519830e+01 1.1393184037e-01
1.22700e+03 -2.6888691910e+01 8.4257966065e-03
1.22800e+03 -2.6964175412e+01 9.6782967918e-02
1.22900e+03 -2.7038098408e+01 9.3652394422e-02
1.23000e+03 -2.7108950519e+01 9.6635943133e-03
1.23100e+03 -2.7178582638e+01 7.5859319726e-02
1.23200e+03 -2.7254268966e+01 8.6357164359e-03
1.23300e+03 -2.7339770397e+01 1.1578435225e-02
1.23400e+03 -2.7418426283e+01 7.8037742467e-03
1.23500e+03 -2.7495868002e+01 1.6436679881e-02
1.23600e+03 -2.7582557084e+01 1.1002754350e-02
1.23700e+03 -2.7672284255e+01 1.7931388030e-01
1.23800e+03 -2.7758710634e+01 1.6346716887e-01
1.23900e+03 -2.7854225869e+01 1.0013803302e-02
1.24000e+03 -2.7943267968e+01 1.0386214398e-02
1.24100e+03 -2.8030751177e+01 4.0975850156e-02
1.24200e+03 -2.8127516059e+01 2.0342292654e-02
1.24300e+03 -2.8234454199e+01 1.1422905583e-02
1.24400e+03 -2.8332198721e+01 8.7024215953e-03
1.24500e+03 -2.8427268367e+01 1.2458375152e-01
1.24600e+03 -2.8531029478e+01 2.0741217536e-01
1.24700e+03 -2.8630569741e+01 2.9755701878e-02
1.24800e+03 -2.8724702898e+01 1.6077002185e-01
1.24900e+03 -2.8812301585e+01 1.6072473009e-01
1.25000e+03 -2.8907043925e+01 9.3889403092e-03
1.25100e+03 -2.9012230116e+01 6.9267331715e-02
1.25200e+03 -2.9113409567e+01 2.7144286648e-02
1.25300e+03 -2.9214263135e+01 4.3326233954e-03
1.25400e+03 -2.9312984531e+01 2.4580550544e-03
1.25500e+03 -2.9411970009e+01 1.8680889194e-03
1.25600e+03 -2.9509466159e+01 1.2252460344e-03
1.25700e+03 -2.9607365852e+01 1.0857859477e-03
1.25800e+03 -2.9709612291e+01 1.2896108540e-01
1.25900e+03 -2.9809378799e+01 2.0454826586e-01
1.26000e+03 -2.9908612161e+01 1.7372127106e-03
1.26100e+03 -3.0005715143e+01 1.5817197058e-01
1.26200e+03 -3.0104531002e+01 1.8877370207e-01
1.26300e+03 -3.0196359763e+01 1.6683417557e-02
1.26400e+03 -3.0290487105e+01 6.1303854214e-02
1.26500e+03 -3.0392433524e+01 1.3287884996e-01
1.26600e+03 -3.0489728136e+01 1.9580590816e-01
1.26700e+03 -3.0585080029e+01 2.8111744005e-02
1.26800e+03 -3.0685070894e+01 1.5877130103e-01
1.26900e+03 -3.0784342708e+01 1.8846428351e-01
1.27000e+03 -3.0882328522e+01 6.9120170842e-04
1.27100e+03 -3.0982796942e+01 6.9882209095e-02
1.27200e+03 -3.1088291817e+01 1.3117784841e-01
1.27300e+03 -3.1201028968e+01 1.3465336217e-02
1.27400e+03 -3.1309530879e+01 8.5110468991e-03
1.27500e+03 -3.1416643448e+01 1.9859451505e-01
1.27600e+03 -3.1521763905e+01 1.9802150235e-01
1.27700e+03 -3.1631285563e+01 1.9462324469e-03
1.27800e+03 -3.1738152073e+01 1.9676051803e-01
1.27900e+03 -3.1844483102e+01 7.8153934370e-04
1.28000e+03 -3.1949644369e+01 7.3994860300e-04
1.28100e+03 -3.2058148227e+01 1.0177992443e-03
1.28200e+03 -3.2167092275e+01 4.2627848626e-02
1.28300e+03 -3.2274079658e+01 2.1799496509e-01
1.28400e+03 -3.2382619240e+01 8.9231519467e-04
1.28500e+03 -3.2488916184e+01 3.4085963212e-05
1.28600e+03 -3.2596179178e+01 9.4926196973e-02
1.28700e+03 -3.2696460379e+01 2.0953308659e-01
1.28800e+03 -3.2799734828e+01 1.9208692087e-03
1.28900e+03 -3.2910917480e+01 4.5264014235e-02
1.29000e+03 -3.3016859402e+01 2.1477484488e-01
1.29100e+03 -3.3120615644e+01 1.5497962877e-01
1.29200e+03 -3.3229450713e+01 2.6143578090e-04
1.29300e+03 -3.3334896550e+01 9.3980163756e-02
1.29400e+03 -3.3438201083e+01 6.3258574621e-02
1.29500e+03 -3.3546646425e+01 1.5573463448e-01
1.29600e+03 -3.3653639749e+01 3.0740697714e-02
1.29700e+03 -3.3762736366e+01 8.8154161124e-03
1.29800e+03 -3.3877259570e+01 4.1876364331e-02
1.29900e+03 -3.3993880250e+01 1.1174843058e-02
1.30000e+03 -3.4102773105e+01 2.1976001528e-01
1.30100e+03 -3.4208207486e+01 1.9393136447e-03
1.30200e+03 -3.4312217641e+01 5.8234316355e-03
1.30300e+03 -3.4414521636e+01 3.1303852984e-03
1.30400e+03 -3.4524710589e+01 1.0640373465e-01
1.30500e+03 -3.4633526830e+01 9.2986589683e-02
1.30600e+03 -3.4739221655e+01 1.6846693431e-03
1.30700e+03 -3.4846361419e+01 2.1758340281e-01
1.30800e+03 -3.4949772942e+01 1.0965753969e-01
1.30900e+03 -3.5051178217e+01 9.3399955103e-02
1.31000e+03 -3.5152788336e+01 2.0436072112e-01
1.31100e+03 -3.5253683815e+01 4.2630481460e-03
1.31200e+03 -3.5367240417e+01 1.0197065047e-02
1.31300e+03 -3.5490789755e+01 2.8414738090e-02
1.31400e+03 -3.5603703458e+01 1.1303584812e-02
1.31500e+03 -3.5715335824e+01 2.0923754493e-02
1.31600e+03 -3.5839297215e+01 1.0404789690e-02
1.31700e+03 -3.5966238261e+01 2.5242311084e-01
1.31800e+03 -3.6088724859e+01 2.3356267220e-01
1.31900e+03 -3.6220875279e+01 8.6010815403e-03
1.32000e+03 -3.6345400189e+01 1.1611206536e-02
1.32100e+03 -3.6468066278e+01 1.0841350149e-01
1.32200e+03 -3.6587096503e+01 1.0892525682e-01
1.32300e+03 -3.6702620133e+01 1.0167387188e-01
1.32400e+03 -3.6835646989e+01 1.9132738457e-02
1.32500e+03 -3.6981328032e+01 1.3530622616e-02
1.32600e+03 -3.7120639981e+01 2.8129368399e-01
1.32700e+03 -3.7256014325e+01 2.0423502272e-01
1.32800e+03 -3.7385048827e+01 1.0004277284e-02
1.32900e+03 -3.7505553784e+01 1.4975599999e-02
1.33000e+03 -3.7622746588e+01 1.1841697515e-02
1.33100e+03 -3.7742746862e+01 2.4564323546e-01
1.33200e+03 -3.7862746780e+01 2.4087260081e-01
1.33300e+03 -3.7978595422e+01 1.6486171051e-02
1.33400e+03 -3.8109705228e+01 1.1600041631e-02
1.33500e+03 -3.8252683609e+01 2.7830972800e-01
1.33600e+03 -3.8383468585e+01 6.7987068235e-04
1.33700e+03 -3.8510183028e+01 7.2676978528e-02
1.33800e+03 -3.8636745768e+01 4.2222375330e-03
1.33900e+03 -3.8761776584e+01 1.6836268661e-03
1.34000e+03 -3.8887672045e+01 6.6727804535e-04
1.34100e+03 -3.9014199026e+01 1.0678339101e-02
1.34200e+03 -3.9158441560e+01 2.1218716599e-01
1.34300e+03 -3.9313131072e+01 1.1711132092e-02
1.34400e+03 -3.9460943155e+01 2.1253092147e-01
1.34500e+03 -3.9608528097e+01 1.6200053177e-01
1.34600e+03 -3.9752449616e+01 3.8905642003e-03
1.34700e+03 -3.9896768820e+01 7.1092778262e-03
1.34800e+03 -4.0039686882e+01 2.7032558163e-01
1.34900e+03 -4.0171941440e+01 2.7578283262e-01
1.35000e+03 -4.0299604596e+01 5.6464720302e-02
1.35100e+03 -4.0428121117e+01 1.7259080740e-01
1.35200e+03 -4.0566236119e+01 1.2956518875e-03
1.35300e+03 -4.0696578769e+01 2.6806343962e-01
1.35400e+03 -4.0823113145e+01 2.3480677444e-01
1.35500e+03 -4.0951323819e+01 4.2291541244e-02
1.35600e+03 -4.1076453927e+01 1.6988516811e-01
1.35700e+03 -4.1199610101e+01 5.3603470506e-03
1.35800e+03 -4.1325809402e+01 2.3349706252e-01
1.35900e+03 -4.1444206077e+01 1.5990128356e-01
1.36000e+03 -4.1560669860e+01 1.4021310435e-02
1.36100e+03 -4.1674820982e+01 9.0050527259e-03
1.36200e+03 -4.1790406095e+01 1.0614187331e-02
1.36300e+03 -4.1898190919e+01 2.4619140105e-02
1.36400e+03 -4.2003394998e+01 2.1330296566e-02
1.36500e+03 -4.2109816421e+01 1.3634012053e-03
1.36600e+03 -4.2216411528e+01 1.8864724277e-02
1.36700e+03 -4.2322054822e+01 8.5078272446e-03
1.36800e+03 -4.2427817982e+01 9.8219532961e-03
1.36900e+03 -4.2525359988e+01 2.7725276048e-02
1.37000e+03 -4.2623152134e+01 1.7302281018e-02
1.37100e+03 -4.2719499549e+01 9.2958789317e-03
1.37200e+03 -4.2815031719e+01 1.0230990197e-02
1.37300e+03 -4.2907912065e+01 5.4704596359e-02
1.37400e+03 -4.3002729513e+01 1.9159055405e-01
1.37500e+03 -4.3096470408e+01 1.3747174849e-01
1.37600e+03 -4.3185916570e+01 1.7632566259e-02
1.37700e+03 -4.3276032204e+01 1.8516718156e-01
1.37800e+03 -4.3370729544e+01 5.5484721292e-02
1.37900e+03 -4.3457908367e+01 4.5263095107e-02
1.38000e+03 -4.3543558770e+01 1.8118625458e-01
1.38100e+03 -4.3627808226e+01 9.4463045818e-03
1.38200e+03 -4.3710650259e+01 1.6356974136e-01
1.38300e+03 -4.3790635535e+01 3.5506709598e-02
1.38400e+03 -4.3875937206e+01 7.4552300770e-02
1.38500e+03 -4.3963550564e+01 7.1659514983e-03
1.38600e+03 -4.4044560666e+01 1.4077157708e-02
1.38700e+03 -4.4122169048e+01 7.6854642567e-02
1.38800e+03 -4.4206592564e+01 8.7815521804e-04
1.38900e+03 -4.4302661843e+01 1.9100777039e-01
1.39000e+03 -4.4393335282e+01 8.1799154632e-03
1.39100e+03 -4.4481756725e+01 4.1719869051e-03
1.39200e+03 -4.4570378143e+01 2.0520214216e-03
1.39300e+03 -4.4657814543e+01 8.9507410742e-03
1.39400e+03 -4.4754970489e+01 1.8572483975e-01
1.39500e+03 -4.4854779701e+01 1.8673832802e-01
1.39600e+03 -4.4944407459e+01 1.5481248957e-03
1.39700e+03 -4.5034205291e+01 1.3763890372e-03
1.39800e+03 -4.5130050996e+01 1.9196512671e-01
1.39900e+03 -4.5224135686e+01 1.5478000406e-01
1.40000e+03 -4.5316101370e+01 1.2286056914e-02
1.40100e+03 -4.5406560405e+01 1.7998896269e-01
1.40200e+03 -4.5493662411e+01 1.0086606334e-02
1.40300e+03 -4.5578390418e+01 2.8417583564e-03
1.40400e+03 -4.5674138782e+01 1.7104199608e-01
1.40500e+03 -4.5781644969e+01 2.5695267877e-02
1.40600e+03 -4.5880989443e+01 1.9991148339e-02
1.40700e+03 -4.5977378027e+01 1.3164310160e-02
1.40800e+03 -4.6071451106e+01 6.9710723784e-03
1.40900e+03 -4.6163197728e+01 2.3221402983e-03
1.41000e+03 -4.6270025986e+01 2.5181905686e-02
1.41100e+03 -4.6380484607e+01 2.9236606876e-02
1.41200e+03 -4.6477778160e+01 3.2204735554e-03
1.41300e+03 -4.6576238983e+01 1.9767251252e-01
1.41400e+03 -4.6682818706e+01 1.9102881535e-01
1.41500e+03 -4.6780842146e+01 9.2179283929e-03
1.41600e+03 -4.6873301016e+01 1.8067181433e-01
1.41700e+03 -4.6964877642e+01 6.8841975706e-03
1.41800e+03 -4.7059877836e+01 1.1579529156e-02
1.41900e+03 -4.7152987248e+01 5.5743822654e-03
1.42000e+03 -4.7245409900e+01 1.7858467403e-01
1.42100e+03 -4.7336119980e+01 1.8267185304e-01
1.42200e+03 -4.7431010957e+01 5.1990871603e-03
1.42300e+03 -4.7535669176e+01 1.8995489609e-01
1.42400e+03 -4.7637183120e+01 1.4944849408e-02
1.42500e+03 -4.7738679108e+01 3.1622309600e-03
1.42600e+03 -4.7840286098e+01 1.4275368976e-02
1.42700e+03 -4.7942185231e+01 1.1189052818e-02
1.42800e+03 -4.8039941111e+01 1.0388039902e-02
1.42900e+03 -4.8136554577e+01 1.9770402271e-01
1.43000e+03 -4.8233524314e+01 1.8393876113e-01
1.43100e+03 -4.8329066659e+01 2.6885488565e-03
1.43200e+03 -4.8436582283e+01 1.5486938186e-02
1.43300e+03 -4.8554573430e+01 3.5052451595e-02
1.43400e+03 -4.8662750662e+01 1.3893354454e-02
1.43500e+03 -4.8767904080e+01 1.2836151745e-02
1.43600e+03 -4.8882325236e+01 1.2907211226e-02
1.43700e+03 -4.8992405745e+01 2.0292586427e-01
1.43800e+03 -4.9099361699e+01 2.0216326858e-01
1.43900e+03 -4.9213263285e+01 8.8047423853e-03
1.44000e+03 -4.9323702829e+01 2.2623128333e-03
1.44100e+03 -4.9434025717e+01 1.6112857606e-02
1.44200e+03 -4.9551857253e+01 1.0875582433e-02
1.44300e+03 -4.9678789611e+01 1.3030772135e-02
1.44400e+03 -4.9797138484e+01 2.4006073430e-02
1.44500e+03 -4.9912496514e+01 2.3098915500e-02
1.44600e+03 -5.0027518735e+01 3.3266513012e-03
1.44700e+03 -5.0144194298e+01 6.3526753557e-03
1.44800e+03 -5.0274799747e+01 1.2773912761e-02
1.44900e+03 -5.0414901611e+01 1.3169505406e-02
1.45000e+03 -5.0548999768e+01 2.2239994038e-01
1.45100e+03 -5.0680764788e+01 2.1684510500e-02
1.45200e+03 -5.0809168019e+01 1.9460608492e-02
1.45300e+03 -5.0938582628e+01 2.3504116917e-03
1.45400e+03 -5.1063923739e+01 2.4129017362e-01
1.45500e+03 -5.1184955479e+01 2.0903628454e-01
1.45600e+03 -5.1309678198e+01 9.9393260431e-03
1.45700e+03 -5.1432303162e+01 1.8588567420e-01
1.45800e+03 -5.1552902136e+01 1.1923075677e-02
1.45900e+03 -5.1673668477e+01 2.4513966140e-01
1.46000e+03 -5.1800231441e+01 4.1883282363e-03
1.46100e+03 -5.1935329384e+01 2.4384132111e-02
1.46200e+03 -5.2065924045e+01 5.8719425109e-03
1.46300e+03 -5.2194731279e+01 2.4044150879e-01
1.46400e+03 -5.2321698882e+01 2.3015424852e-01
1.46500e+03 -5.2440509044e+01 1.1978032452e-02
1.46600e+03 -5.2565287364e+01 2.3841642256e-01
1.46700e+03 -5.2692554957e+01 2.2838445342e-01
1.46800e+03 -5.2811976321e+01 7.5462386670e-03
1.46900e+03 -5.2930771650e+01 9.6747414205e-03
1.47000e+03 -5.3054907561e+01 2.3529407863e-01
1.47100e+03 -5.3176713926e+01 1.3291578339e-02
1.47200e+03 -5.3296265559e+01 2.3714548189e-01
1.47300e+03 -5.3415213619e+01 2.0858908845e-01
1.47400e+03 -5.3540087301e+01 1.1631163062e-02
1.47500e+03 -5.3667391372e+01 7.5022139062e-03
1.47600e+03 -5.3786189419e+01 9.0417491990e-03
1.47700e+03 -5.3903402258e+01 2.3532584629e-01
1.47800e+03 -5.4026595525e+01 1.4220930585e-02
1.47900e+03 -5.4147787771e+01 2.3629421737e-01
1.48000e+03 -5.4266452406e+01 2.2616125393e-01
1.48100e+03 -5.4384775197e+01 8.4074386747e-03
1.48200e+03 -5.4509306383e+01 2.3204538706e-01
1.48300e+03 -5.4642864274e+01 1.9008654355e-02
1.48400e+03 -5.4768638900e+01 1.5152260117e-02
1.48500e+03 -5.4894088695e+01 7.1270032197e-03
1.48600e+03 -5.5016370245e+01 2.3857402340e-01
1.48700e+03 -5.5137816191e+01 1.0876117172e-02
1.48800e+03 -5.5271679731e+01 2.4305815459e-01
1.48900e+03 -5.5399009077e+01 2.4739343150e-01
1.49000e+03 -5.5519139341e+01 5.3253534332e-03
1.49100e+03 -5.5632812096e+01 2.2911087840e-01
1.49200e+03 -5.5755217526e+01 2.0533929980e-02
1.49300e+03 -5.5889251389e+01 2.3490516330e-01
1.49400e+03 -5.6014905330e+01 1.0744555586e-02
1.49500e+03 -5.6137016939e+01 2.4348075835e-01
1.49600e+03 -5.6267829402e+01 2.4409496285e-01
1.49700e+03 -5.6394376654e+01 4.5379335459e-03
1.49800e+03 -5.6515898151e+01 2.3027299986e-01
1.49900e+03 -5.6632831408e+01 2.8304456539e-03
1.50000e+03 -5.6754052671e+01 5.0578051351e-03
1.50100e+03 -5.6873440725e+01 3.9119975522e-03
1.50200e+03 -5.6990015208e+01 4.6467806475e-03
1.50300e+03 -5.7104628220e+01 5.8115972456e-03
1.50400e+03 -5.7221657046e+01 4.4926708885e-03
1.50500e+03 -5.7332631594e+01 5.9587091859e-03
1.50600e+03 -5.7442972830e+01 4.4908221771e-03
1.50700e+03 -5.7546893081e+01 1.0692761091e-02
1.50800e+03 -5.7651996096e+01 1.1925810972e-02
1.50900e+03 -5.7753960073e+01 9.0105712334e-03
1.51000e+03 -5.7855109577e+01 1.5810438356e-02
1.51100e+03 -5.7953783546e+01 2.0714085338e-02
1.51200e+03 -5.8054347966e+01 2.0036583020e-01
1.51300e+03 -5.8154698194e+01 7.1908694173e-03
1.51400e+03 -5.8256824019e+01 1.8978919539e-01
1.51500e+03 -5.8366984622e+01 2.1165209909e-01
1.51600e+03 -5.8473949847e+01 5.8157203157e-03
1.51700e+03 -5.8578339546e+01 1.9006885411e-01
1.51800e+03 -5.8683239293e+01 2.4108184590e-04
1.51900e+03 -5.8783133633e+01 1.9809582758e-01
1.52000e+03 -5.8880783750e+01 4.3071890900e-03
1.52100e+03 -5.8977131741e+01 1.8559716934e-01
1.52200e+03 -5.9080069402e+01 2.0476528530e-01
1.52300e+03 -5.9185121342e+01 6.7168204944e-03
1.52400e+03 -5.9282822115e+01 1.8543409149e-01
1.52500e+03 -5.9380104560e+01 1.6909867062e-03
1.52600e+03 -5.9476506498e+01 1.8416339381e-01
1.52700e+03 -5.9570013659e+01 1.8846240658e-01
1.52800e+03 -5.9672926659e+01 6.6854425791e-03
1.52900e+03 -5.9786386652e+01 2.0470951628e-02
1.53000e+03 -5.9892171264e+01 1.6336636854e-02
1.53100e+03 -5.9995803341e+01 1.0124916309e-02
1.53200e+03 -6.0109647436e+01 1.0931095660e-02
1.53300e+03 -6.0233806439e+01 1.0699009375e-02
1.53400e+03 -6.0353444238e+01 2.0926146328e-01
1.53500e+03 -6.0469889238e+01 1.9664171764e-01
1.53600e+03 -6.0582401105e+01 2.1765056055e-02
1.53700e+03 -6.0689872292e+01 2.1048827271e-01
1.53800e+03 -6.0795434816e+01 1.9121268447e-01
1.53900e+03 -6.0899034662e+01 2.1711060482e-02
1.54000e+03 -6.1000425619e+01 1.9915687436e-01
1.54100e+03 -6.1099491712e+01 4.5791595715e-03
1.54200e+03 -6.1198040432e+01 2.8422367500e-03
1.54300e+03 -6.1300740557e+01 1.6850288588e-02
1.54400e+03 -6.1415097054e+01 2.6634383803e-02
1.54500e+03 -6.1527033535e+01 2.2343742939e-01
1.54600e+03 -6.1633732360e+01 2.7400231236e-02
1.54700e+03 -6.1737415453e+01 2.7590717920e-02
1.54800e+03 -6.1847170647e+01 1.5992808605e-01
1.54900e+03 -6.1952109604e+01 1.9350161899e-02
1.55000e+03 -6.2054343125e+01 2.0416531332e-01
1.55100e+03 -6.2163693275e+01 1.5718182668e-01
1.55200e+03 -6.2271344779e+01 9.5267937131e-04
1.55300e+03 -6.2378729564e+01 1.9532410210e-01
1.55400e+03 -6.2482273876e+01 4.9392157127e-02
1.55500e+03 -6.2582864042e+01 1.0161118830e-02
1.55600e+03 -6.2695833892e+01 1.0736329663e-02
1.55700e+03 -6.2811844332e+01 2.2575822324e-01
1.55800e+03 -6.2916731019e+01 1.3423750420e-03
1.55900e+03 -6.3022009297e+01 1.6136334383e-01
1.56000e+03 -6.3134249435e+01 2.1819419032e-01
1.56100e+03 -6.3238444198e+01 1.1815676265e-02
1.56200e+03 -6.3338152764e+01 1.5602386011e-01
1.56300e+03 -6.3436565422e+01 4.4831495036e-03
1.56400e+03 -6.3533496505e+01 1.9193587297e-01
1.56500e+03 -6.3626951556e+01 3.5904786450e-03
1.56600e+03 -6.3728720759e+01 1.8517778678e-01
1.56700e+03 -6.3841349475e+01 2.0637127456e-01
1.56800e+03 -6.3946739668e+01 8.4591092119e-03
1.56900e+03 -6.4049616666e+01 1.8829225012e-01
1.57000e+03 -6.4162448419e+01 2.8412719362e-02
1.57100e+03 -6.4278304559e+01 1.9053167978e-01
1.57200e+03 -6.4383237383e+01 9.7029229477e-03
1.57300e+03 -6.4487927827e+01 2.0647237464e-01
1.57400e+03 -6.4599797604e+01 2.0579454261e-01
1.57500e+03 -6.4709953738e+01 5.9780678909e-03
1.57600e+03 -6.4816908092e+01 1.9587844911e-01
1.57700e+03 -6.4921062752e+01 1.9514678628e-01
1.57800e+03 -6.5024330617e+01 3.6864888111e-03
1.57900e+03 -6.5128004279e+01 1.0489882981e-02
1.58000e+03 -6.5241918320e+01 1.9142343658e-01
1.58100e+03 -6.5365563149e+01 2.0548846379e-01
1.58200e+03 -6.5479971976e+01 2.1620354589e-02
1.58300e+03 -6.5592898275e+01 9.2526369725e-03
1.58400e+03 -6.5703013871e+01 2.1921983840e-01
1.58500e+03 -6.5810088983e+01 2.1019421979e-01
1.58600e+03 -6.5933969980e+01 9.9669561920e-03
1.58700e+03 -6.6070405744e+01 3.2812552417e-02
1.58800e+03 -6.6201064090e+01 2.0314983693e-02
1.58900e+03 -6.6327500941e+01 2.3927454893e-01
1.59000e+03 -6.6450506436e+01 2.3815977204e-01
1.59100e+03 -6.6580922156e+01 4.4429273579e-03
1.59200e+03 -6.6707879169e+01 2.0897204758e-01
1.59300e+03 -6.6833543350e+01 2.1544281261e-02
1.59400e+03 -6.6967517716e+01 1.0003502599e-02
1.59500e+03 -6.7111035097e+01 3.1819212808e-02
1.59600e+03 -6.7249690434e+01 2.4703226563e-01
1.59700e+03 -6.7388405544e+01 1.8524325310e-01
1.59800e+03 -6.7525370613e+01 1.0008055914e-02
1.59900e+03 -6.7663498994e+01 1.2464199515e-02
1.60000e+03 -6.7809089986e+01 1.2581994935e-02
1.60100e+03 -6.7962755365e+01 2.4948315666e-02
1.60200e+03 -6.8106574797e+01 6.8543629895e-03
1.60300e+03 -6.8250752391e+01 6.0492131606e-03
1.60400e+03 -6.8391120720e+01 2.1743320948e-01
1.60500e+03 -6.8527238667e+01 2.0915612926e-01
1.60600e+03 -6.8683238593e+01 1.0408933930e-02
1.60700e+03 -6.8842603881e+01 2.5014421323e-01
1.60800e+03 -6.8996121679e+01 2.3832127382e-01
1.60900e+03 -6.9161140804e+01 1.8201255890e-02
1.61000e+03 -6.9316593185e+01 1.1632948968e-02
1.61100e+03 -6.9468602060e+01 1.5890927882e-02
1.61200e+03 -6.9634143720e+01 2.1114529280e-02
1.61300e+03 -6.9810674815e+01 2.3133284653e-02
1.61400e+03 -6.9974140261e+01 8.0130655781e-03
1.61500e+03 -7.0135491495e+01 9.3423590547e-03
1.61600e+03 -7.0312860493e+01 1.1827337960e-02
1.61700e+03 -7.0501052131e+01 1.9665596311e-02
1.61800e+03 -7.0674448808e+01 9.9312297141e-03
1.61900e+03 -7.0842333134e+01 3.3680189702e-01
1.62000e+03 -7.1024498436e+01 2.9340403403e-01
1.62100e+03 -7.1204447441e+01 2.0583716483e-02
1.62200e+03 -7.1379336545e+01 1.8083238746e-02
1.62300e+03 -7.1560860924e+01 3.2540392131e-03
1.62400e+03 -7.1736204883e+01 2.9892349449e-01
1.62500e+03 -7.1911787694e+01 1.4231577785e-02
1.62600e+03 -7.2098368376e+01 1.1691577544e-02
1.62700e+03 -7.2293762417e+01 3.1249423312e-01
1.62800e+03 -7.2476506830e+01 2.1617800433e-02
1.62900e+03 -7.2659372491e+01 7.2828491029e-03
1.63000e+03 -7.2857810762e+01 1.1857589647e-02
1.63100e+03 -7.3065814685e+01 1.7442427003e-02
1.63200e+03 -7.3258555380e+01 1.7271847773e-02
1.63300e+03 -7.3450789194e+01 9.3681535522e-03
1.63400e+03 -7.3660612274e+01 1.1384808965e-02
1.63500e+03 -7.3880508559e+01 1.1892362058e-02
1.63600e+03 -7.4083665134e+01 1.9774665899e-02
1.63700e+03 -7.4285717118e+01 9.8181701145e-03
1.63800e+03 -7.4506568035e+01 1.1027836057e-02
1.63900e+03 -7.4737844612e+01 1.1380293055e-02
1.64000e+03 -7.4951402552e+01 1.9038549841e-02
1.64100e+03 -7.5158247947e+01 3.4241818491e-01
1.64200e+03 -7.5363435859e+01 7.1988611795e-03
1.64300e+03 -7.5572704592e+01 7.2167487467e-03
1.64400e+03 -7.5778645392e+01 4.1041826414e-01
1.64500e+03 -7.5981154309e+01 4.3364771319e-03
1.64600e+03 -7.6208572300e+01 6.5815821379e-02
1.64700e+03 -7.6433320407e+01 5.9072482634e-02
1.64800e+03 -7.6642739443e+01 1.1440656533e-02
1.64900e+03 -7.6853438838e+01 3.9707259557e-01
1.65000e+03 -7.7058424716e+01 3.2840800550e-01
1.65100e+03 -7.7259245637e+01 6.4062009322e-02
1.65200e+03 -7.7481799367e+01 4.8642607402e-03
1.65300e+03 -7.7702314399e+01 8.9434186370e-03
1.65400e+03 -7.7915479095e+01 9.3890337270e-03
1.65500e+03 -7.8130581461e+01 4.3079529571e-01
1.65600e+03 -7.8342623687e+01 7.1054294808e-02
1.65700e+03 -7.8542372340e+01 1.5311308763e-02
1.65800e+03 -7.8747805031e+01 4.2263249513e-01
1.65900e+03 -7.8951150545e+01 1.0299580566e-03
1.66000e+03 -7.9149838078e+01 3.6733337302e-01
1.66100e+03 -7.9343857149e+01 3.8675566137e-01
1.66200e+03 -7.9545358254e+01 3.9315849613e-03
1.66300e+03 -7.9746645600e+01 3.6490787057e-01
1.66400e+03 -7.9943076460e+01 5.0702453234e-03
1.66500e+03 -8.0143871483e+01 1.4307343312e-02
1.66600e+03 -8.0342303260e+01 3.9365232559e-01
1.66700e+03 -8.0542789614e+01 8.0099180135e-04
1.66800e+03 -8.0744472216e+01 2.1605715679e-02
1.66900e+03 -8.0950012195e+01 3.8809925741e-01
1.67000e+03 -8.1160747722e+01 1.2303749435e-02
1.67100e+03 -8.1377105271e+01 3.6602985134e-02
1.67200e+03 -8.1583872765e+01 3.7284315234e-01
1.67300e+03 -8.1794029382e+01 1.6908084111e-02
1.67400e+03 -8.2017342110e+01 1.2577200052e-02
1.67500e+03 -8.2248057069e+01 1.4357411103e-02
1.67600e+03 -8.2464693441e+01 9.8688768275e-03
1.67700e+03 -8.2683320399e+01 1.6348972393e-02
1.67800e+03 -8.2918622265e+01 1.1989138601e-02
1.67900e+03 -8.3156158274e+01 4.5016973564e-01
1.68000e+03 -8.3386620792e+01 4.3018363159e-01
1.68100e+03 -8.3627788524e+01 1.0452772285e-02
1.68200e+03 -8.3861630042e+01 4.6858291947e-01
1.68300e+03 -8.4095043657e+01 4.1223941575e-03
1.68400e+03 -8.4324537944e+01 9.4740878867e-03
1.68500e+03 -8.4559731924e+01 3.7720788532e-01
1.68600e+03 -8.4790014351e+01 3.4230944392e-03
1.68700e+03 -8.5021427188e+01 2.0007772780e-03
1.68800e+03 -8.5257879905e+01 3.9548339942e-01
1.68900e+03 -8.5481895312e+01 4.3390976289e-01
1.69000e+03 -8.5705717366e+01 8.4591488300e-03
1.69100e+03 -8.5926048572e+01 1.4862774979e-02
1.69200e+03 -8.6141430505e+01 8.4401219953e-03
1.69300e+03 -8.6357136977e+01 4.6247326138e-03
1.69400e+03 -8.6578810568e+01 5.8213917350e-02
1.69500e+03 -8.6806023181e+01 4.0367356988e-01
1.69600e+03 -8.7035198969e+01 2.1812791445e-03
1.69700e+03 -8.7264783688e+01 3.9325979764e-01
1.69800e+03 -8.7487063494e+01 4.1930294313e-01
1.69900e+03 -8.7700399841e+01 4.4737923229e-02
1.70000e+03 -8.7925505220e+01 3.5515502892e-01
1.70100e+03 -8.8162504187e+01 7.9448197822e-02
1.70200e+03 -8.8391595815e+01 4.0657623262e-01
1.70300e+03 -8.8618921297e+01 4.1115482662e-01
1.70400e+03 -8.8845006234e+01 3.8051297343e-03
1.70500e+03 -8.9059355679e+01 3.5581297269e-01
1.70600e+03 -8.9267441901e+01 1.7998713888e-02
1.70700e+03 -8.9478981359e+01 4.5679754971e-02
1.70800e+03 -8.9703967517e+01 4.1622179389e-02
1.70900e+03 -8.9919798864e+01 2.0203948742e-02
1.71000e+03 -9.0129496596e+01 6.3961101745e-02
1.71100e+03 -9.0348918623e+01 1.7576939589e-02
1.71200e+03 -9.0565686627e+01 4.2102764349e-01
1.71300e+03 -9.0776209793e+01 4.1959032345e-01
1.71400e+03 -9.0993551706e+01 2.5203607302e-02
1.71500e+03 -9.1209890897e+01 4.1752377997e-01
1.71600e+03 -9.1422608103e+01 3.7343621230e-01
1.71700e+03 -9.1639503316e+01 6.1640451143e-03
1.71800e+03 -9.1849123254e+01 4.1849692032e-01
1.71900e+03 -9.2052841845e+01 5.9430331360e-02
1.72000e+03 -9.2277062650e+01 3.5935535036e-01
1.72100e+03 -9.2503900726e+01 4.2908515252e-01
1.72200e+03 -9.2723779960e+01 5.0373045295e-02
1.72300e+03 -9.2946946843e+01 3.6711922624e-03
1.72400e+03 -9.3161112006e+01 5.2386828623e-02
1.72500e+03 -9.3374453063e+01 1.1258038265e-02
1.72600e+03 -9.3595739574e+01 4.2105085367e-01
1.72700e+03 -9.3813715718e+01 3.7469972911e-01
1.72800e+03 -9.4026237744e+01 3.6150944520e-01
1.72900e+03 -9.4238145765e+01 4.1075578673e-02
1.73000e+03 -9.4451432417e+01 1.0368270137e-02
1.73100e+03 -9.4656669308e+01 3.5651846221e-01
1.73200e+03 -9.4864180156e+01 9.6007742220e-04
1.73300e+03 -9.5065190980e+01 5.3929524115e-04
1.73400e+03 -9.5261781695e+01 3.5103651013e-01
1.73500e+03 -9.5466349869e+01 1.3407970366e-02
1.73600e+03 -9.5667445951e+01 1.9809329258e-02
1.73700e+03 -9.5866988361e+01 1.4684130539e-03
1.73800e+03 -9.6064389832e+01 1.2583805942e-02
1.73900e+03 -9.6267520937e+01 1.4370691369e-03
1.74000e+03 -9.6468001618e+01 2.0510335268e-03
1.74100e+03 -9.6667874077e+01 3.3004834490e-04
1.74200e+03 -9.6876783954e+01 4.0942585535e-03
1.74300e+03 -9.7074064078e+01 3.9763518238e-01
1.74400e+03 -9.7271900172e+01 1.0010093879e-03
1.74500e+03 -9.7470836817e+01 5.0259782458e-03
1.74600e+03 -9.7665242051e+01 3.4137478321e-01
1.74700e+03 -9.7860806106e+01 9.6728348553e-03
1.74800e+03 -9.8060136773e+01 1.1500135344e-03
1.74900e+03 -9.8250246933e+01 3.3220692303e-01
1.75000e+03 -9.8435673925e+01 1.2409101616e-02
1.75100e+03 -9.8622550858e+01 1.4304065239e-02
1.75200e+03 -9.8807029692e+01 9.4815781748e-04
1.75300e+03 -9.9002599949e+01 7.5608486558e-03
1.75400e+03 -9.9200529482e+01 3.8464161176e-01
1.75500e+03 -9.9392616532e+01 3.8077996496e-01
1.75600e+03 -9.9587390731e+01 1.2109755858e-02
1.75700e+03 -9.9778301024e+01 3.0861501244e-03
1.75800e+03 -9.9968550912e+01 3.7202774548e-02
1.75900e+03 -1.0014990530e+02 3.1308962571e-01
1.76000e+03 -1.0033672111e+02 5.2163102931e-03
1.76100e+03 -1.0052547386e+02 7.3686401246e-03
1.76200e+03 -1.0070976598e+02 2.5236889052e-03
1.76300e+03 -1.0089682918e+02 4.2107137639e-03
1.76400e+03 -1.0108097656e+02 3.0667402385e-01
1.76500e+03 -1.0126702162e+02 9.1879789506e-03
1.76600e+03 -1.0144839272e+02 3.4723938557e-01
1.76700e+03 -1.0162565304e+02 8.7847419242e-03
1.76800e+03 -1.0181388895e+02 6.5382909575e-03
1.76900e+03 -1.0199533002e+02 5.6221275486e-03
1.77000e+03 -1.0217144954e+02 8.1725997304e-03
1.77100e+03 -1.0235637105e+02 3.6393048244e-01
1.77200e+03 -1.0253792137e+02 3.4946810434e-01
1.77300e+03 -1.0271908654e+02 3.4536228806e-01
1.77400e+03 -1.0290482809e+02 3.0170734591e-03
1.77500e+03 -1.0309139557e+02 1.0683597671e-02
1.77600e+03 -1.0328060486e+02 3.6924345283e-01
1.77700e+03 -1.0347699191e+02 1.5221889467e-02
1.77800e+03 -1.0366697281e+02 5.0801889534e-03
1.77900e+03 -1.0385259599e+02 3.5094974375e-01
1.78000e+03 -1.0404669393e+02 1.2547620989e-02
1.78100e+03 -1.0423921425e+02 3.7178903456e-01
1.78200e+03 -1.0442733481e+02 6.6997289326e-03
1.78300e+03 -1.0460612376e+02 3.5697609164e-01
1.78400e+03 -1.0479322584e+02 3.6552925476e-01
1.78500e+03 -1.0499113475e+02 6.9120509736e-03
1.78600e+03 -1.0518067998e+02 3.5618345269e-01
1.78700e+03 -1.0536501756e+02 1.1249475771e-02
1.78800e+03 -1.0554740351e+02 7.1592905288e-03
1.78900e+03 -1.0573273486e+02 6.5424029216e-03
1.79000e+03 -1.0593539491e+02 1.9338761024e-02
1.79100e+03 -1.0614691672e+02 2.0757782030e-02
1.79200e+03 -1.0635057387e+02 3.8097644577e-01
1.79300e+03 -1.0655321919e+02 6.0054225189e-03
1.79400e+03 -1.0675079518e+02 3.7261040426e-01
1.79500e+03 -1.0693743540e+02 3.7354666906e-01
1.79600e+03 -1.0711906300e+02 7.9468179168e-03
1.79700e+03 -1.0730382451e+02 3.4195419685e-01
1.79800e+03 -1.0750248059e+02 9.9835229817e-04
1.79900e+03 -1.0769278424e+02 3.5195724709e-01
1.80000e+03 -1.0787728019e+02 5.6972650400e-03
1.80100e+03 -1.0807162947e+02 3.2435772965e-01
1.80200e+03 -1.0826275677e+02 3.6489104167e-01
1.80300e+03 -1.0844828656e+02 4.0830825772e-02
1.80400e+03 -1.0864102401e+02 3.3597670218e-01
1.80500e+03 -1.0883104657e+02 2.8109269114e-04
1.80600e+03 -1.0901723618e+02 3.6973356788e-01
1.80700e+03 -1.0919428517e+02 1.2465263470e-02
1.80800e+03 -1.0936644909e+02 1.5728988159e-03
1.80900e+03 -1.0954206491e+02 3.1454963893e-01
1.81000e+03 -1.0973000457e+02 4.7977937424e-03
1.81100e+03 -1.0990936160e+02 1.9329846113e-02
1.81200e+03 -1.1008324824e+02 3.1342406294e-01
1.81300e+03 -1.1026675829e+02 3.5368691845e-01
1.81400e+03 -1.1044794508e+02 2.6071588183e-02
1.81500e+03 -1.1062634677e+02 3.1446334357e-01
1.81600e+03 -1.1081248278e+02 4.0989043954e-02
1.81700e+03 -1.1100841826e+02 1.8809569783e-02
1.81800e+03 -1.1119571890e+02 3.2026272426e-01
1.81900e+03 -1.1137815825e+02 1.3207656393e-02
1.82000e+03 -1.1157114821e+02 3.3789968124e-02
1.82100e+03 -1.1176187379e+02 3.4916568343e-01
1.82200e+03 -1.1194630068e+02 3.2641185327e-01
1.82300e+03 -1.1212153342e+02 3.7779107986e-02
1.82400e+03 -1.1230655077e+02 3.4226565691e-01
1.82500e+03 -1.1250325213e+02 3.4522062401e-02
1.82600e+03 -1.1269405990e+02 3.4663432461e-01
1.82700e+03 -1.1288205367e+02 3.2335363276e-01
1.82800e+03 -1.1306801857e+02 1.9596562165e-02
1.82900e+03 -1.1324436362e+02 3.3051315411e-01
1.83000e+03 -1.1342822667e+02 3.3333242403e-02
1.83100e+03 -1.1362424045e+02 3.0516008802e-01
1.83200e+03 -1.1381484809e+02 3.2283014346e-01
1.83300e+03 -1.1400204245e+02 1.8777558246e-02
1.83400e+03 -1.1418817624e+02 1.6888808843e-04
1.83500e+03 -1.1436935371e+02 3.3834196578e-01
1.83600e+03 -1.1455352834e+02 4.4469896998e-03
1.83700e+03 -1.1473053720e+02 1.0016782702e-02
1.83800e+03 -1.1490355400e+02 2.9188069455e-01
1.83900e+03 -1.1507798132e+02 2.5815444681e-03
1.84000e+03 -1.1525330696e+02 3.2719547420e-01
1.84100e+03 -1.1542793338e+02 6.5510476067e-03
1.84200e+03 -1.1560406224e+02 1.2752715246e-02
1.84300e+03 -1.1577688972e+02 2.3186307787e-02
1.84400e+03 -1.1594609146e+02 2.5383286219e-02
1.84500e+03 -1.1611506725e+02 3.8516936094e-03
1.84600e+03 -1.1628224001e+02 5.8768277654e-03
1.84700e+03 -1.1644976731e+02 1.4484827135e-03
1.84800e+03 -1.1662528934e+02 3.3773906653e-01
1.84900e+03 -1.1679664084e+02 3.2014614655e-01
1.85000e+03 -1.1696670389e+02 1.4432586127e-03
1.85100e+03 -1.1713605621e+02 3.2179327569e-01
1.85200e+03 -1.1730788681e+02 8.3667590286e-03
1.85300e+03 -1.1747181068e+02 5.9858197474e-03
1.85400e+03 -1.1763601301e+02 5.8607261000e-03
1.85500e+03 -1.1779754867e+02 3.1301637283e-01
1.85600e+03 -1.1795965412e+02 4.9897151918e-03
1.85700e+03 -1.1812386012e+02 3.2325634974e-01
1.85800e+03 -1.1829131392e+02 2.8081034170e-01
1.85900e+03 -1.1846487058e+02 1.2020997347e-02
1.86000e+03 -1.1863347883e+02 3.2911826080e-01
1.86100e+03 -1.1880185245e+02 7.3796958877e-03
1.86200e+03 -1.1897144189e+02 2.9319870805e-01
1.86300e+03 -1.1913201172e+02 2.7890922888e-01
1.86400e+03 -1.1929723513e+02 9.7785936403e-03
1.86500e+03 -1.1947187081e+02 2.4457054328e-02
1.86600e+03 -1.1964166391e+02 2.5617441768e-02
1.86700e+03 -1.1981106226e+02 5.2373243089e-03
1.86800e+03 -1.1998269345e+02 3.0496561502e-01
1.86900e+03 -1.2015006937e+02 3.2563587235e-01
1.87000e+03 -1.2032070901e+02 4.3855403051e-03
1.87100e+03 -1.2049039686e+02 2.9362845384e-01
1.87200e+03 -1.2065947028e+02 3.0560751418e-01
1.87300e+03 -1.2082089454e+02 5.9516541333e-03
1.87400e+03 -1.2097839261e+02 2.9199040998e-01
1.87500e+03 -1.2113358527e+02 1.5729521215e-02
1.87600e+03 -1.2129805914e+02 6.1657745036e-03
1.87700e+03 -1.2145870457e+02 9.0424154336e-03
1.87800e+03 -1.2161607378e+02 1.1704203561e-02
1.87900e+03 -1.2176802071e+02 9.4053430866e-03
1.88000e+03 -1.2191661436e+02 8.9044073089e-03
1.88100e+03 -1.2206286704e+02 5.6942469257e-03
1.88200e+03 -1.2221851496e+02 8.8259500019e-03
1.88300e+03 -1.2236971276e+02 9.4476430800e-03
1.88400e+03 -1.2251712600e+02 9.9559715516e-03
1.88500e+03 -1.2265728262e+02 1.0644389072e-02
1.88600e+03 -1.2280358496e+02 2.7943629317e-04
1.88700e+03 -1.2295179558e+02 2.7080162228e-03
1.88800e+03 -1.2309618147e+02 1.9164477565e-03
1.88900e+03 -1.2325122913e+02 2.9729435368e-01
1.89000e+03 -1.2340372857e+02 6.7279645365e-03
1.89100e+03 -1.2355316881e+02 7.6482422386e-03
1.89200e+03 -1.2369787550e+02 5.6996971415e-03
1.89300e+03 -1.2384358552e+02 9.3597835630e-03
1.89400e+03 -1.2398917459e+02 7.3022368601e-04
1.89500e+03 -1.2413244333e+02 2.4412747433e-03
1.89600e+03 -1.2428959125e+02 2.8233995292e-01
1.89700e+03 -1.2444123061e+02 1.5142168943e-03
1.89800e+03 -1.2458798206e+02 2.8471821536e-01
1.89900e+03 -1.2473604205e+02 2.7661667945e-01
1.90000e+03 -1.2488072533e+02 2.3418524793e-05
1.90100e+03 -1.2502421162e+02 2.7004432917e-01
1.90200e+03 -1.2517144774e+02 6.2453020198e-03
1.90300e+03 -1.2531612866e+02 2.5946004068e-01
1.90400e+03 -1.2545906157e+02 2.6561586978e-03
1.90500e+03 -1.2560111340e+02 2.7278425251e-01
1.90600e+03 -1.2574834705e+02 2.7432717797e-01
1.90700e+03 -1.2590411941e+02 8.4379330647e-03
1.90800e+03 -1.2605549474e+02 2.6583487866e-01
1.90900e+03 -1.2620693449e+02 4.3326071047e-03
1.91000e+03 -1.2635912522e+02 2.8176929288e-01
1.91100e+03 -1.2651283004e+02 1.1652991598e-02
1.91200e+03 -1.2666069408e+02 2.7802924084e-01
1.91300e+03 -1.2680430058e+02 2.6765288898e-01
1.91400e+03 -1.2696263936e+02 1.3600216917e-02
1.91500e+03 -1.2713173288e+02 2.9914128845e-01
1.91600e+03 -1.2729002665e+02 8.4400516135e-03
1.91700e+03 -1.2744599307e+02 1.2359918245e-02
1.91800e+03 -1.2759822935e+02 4.3722414972e-03
1.91900e+03 -1.2775041182e+02 2.9273510851e-01
1.92000e+03 -1.2791836246e+02 1.6575301930e-02
1.92100e+03 -1.2808433242e+02 5.3080566217e-03
1.92200e+03 -1.2824531094e+02 6.9721106631e-03
1.92300e+03 -1.2840552976e+02 2.9425451681e-01
1.92400e+03 -1.2856398887e+02 2.9525995242e-01
1.92500e+03 -1.2871528315e+02 2.3385036067e-03
1.92600e+03 -1.2886297799e+02 2.7843819345e-01
1.92700e+03 -1.2900930148e+02 4.5061720482e-03
1.92800e+03 -1.2916745812e+02 2.9377811722e-01
1.92900e+03 -1.2933491104e+02 7.8498483188e-03
1.93000e+03 -1.2949238692e+02 1.4282704819e-02
1.93100e+03 -1.2964562738e+02 8.3130702041e-03
1.93200e+03 -1.2979803866e+02 5.0646032560e-03
1.93300e+03 -1.2995258694e+02 2.9340825675e-01
1.93400e+03 -1.3012374010e+02 1.2996524361e-02
1.93500e+03 -1.3030396383e+02 1.2770805010e-02
1.93600e+03 -1.3047721789e+02 3.0623580325e-01
1.93700e+03 -1.3065052830e+02 2.7408843139e-01
1.93800e+03 -1.3082031508e+02 2.6920005915e-02
1.93900e+03 -1.3099143915e+02 1.6575787430e-02
1.94000e+03 -1.3115650036e+02 2.0648274630e-02
1.94100e+03 -1.3131793258e+02 3.1412132605e-01
1.94200e+03 -1.3149417222e+02 2.9855747659e-03
1.94300e+03 -1.3166539673e+02 3.2659800933e-01
1.94400e+03 -1.3182782621e+02 2.9749782463e-01
1.94500e+03 -1.3198220582e+02 4.5399326594e-03
1.94600e+03 -1.3214773097e+02 3.0057713421e-01
1.94700e+03 -1.3232505360e+02 3.0905310072e-02
1.94800e+03 -1.3249669311e+02 3.2167128729e-01
1.94900e+03 -1.3266807176e+02 5.9439841279e-03
1.95000e+03 -1.3283656432e+02 3.1469508028e-03
1.95100e+03 -1.3300580859e+02 2.9522008319e-01
1.95200e+03 -1.3317699636e+02 1.3293681869e-02
1.95300e+03 -1.3333747981e+02 3.0638039536e-01
1.95400e+03 -1.3349241729e+02 7.1080296992e-03
1.95500e+03 -1.3364412873e+02 8.7720063360e-03
1.95600e+03 -1.3379389730e+02 5.1689149024e-03
1.95700e+03 -1.3394168836e+02 6.6376640548e-03
1.95800e+03 -1.3410818521e+02 2.5908063347e-02
1.95900e+03 -1.3427771265e+02 1.2988949147e-03
1.96000e+03 -1.3443215312e+02 4.6719024721e-03
1.96100e+03 -1.3458124175e+02 5.9647963372e-03
1.96200e+03 -1.3474515557e+02 2.5830260777e-03
1.96300e+03 -1.3492457829e+02 8.0440768388e-03
1.96400e+03 -1.3509816568e+02 1.8000958792e-02
1.96500e+03 -1.3526610664e+02 3.0807455696e-03
1.96600e+03 -1.3542901530e+02 8.4681915545e-03
1.96700e+03 -1.3558913078e+02 6.4853330850e-04
1.96800e+03 -1.3575454315e+02 8.1750182738e-03
1.96900e+03 -1.3591192431e+02 2.1000745814e-03
1.97000e+03 -1.3606523960e+02 2.5625045510e-03
1.97100e+03 -1.3622795533e+02 1.6706995705e-02
1.97200e+03 -1.3639006256e+02 3.0677554077e-01
1.97300e+03 -1.3654922377e+02 1.8532312802e-02
1.97400e+03 -1.3671468805e+02 4.5412893571e-03
1.97500e+03 -1.3688245954e+02 1.0390326532e-02
1.97600e+03 -1.3704111951e+02 3.6008132297e-03
1.97700e+03 -1.3719951293e+02 3.0474670552e-01
1.97800e+03 -1.3736515906e+02 1.6456526529e-02
1.97900e+03 -1.3752287566e+02 1.3652099654e-02
1.98000e+03 -1.3767565292e+02 2.9855924879e-01
1.98100e+03 -1.3782698629e+02 7.0600448098e-03
1.98200e+03 -1.3798283904e+02 9.7933885269e-03
1.98300e+03 -1.3813077957e+02 3.8350281312e-04
1.98400e+03 -1.3827577069e+02 1.4839117395e-02
1.98500e+03 -1.3841951635e+02 1.1240901945e-02
1.98600e+03 -1.3856614527e+02 9.2238254091e-03
1.98700e+03 -1.3871002885e+02 2.7476883070e-01
1.98800e+03 -1.3885075893e+02 2.6859522526e-01
1.98900e+03 -1.3898911177e+02 9.5876927941e-03
1.99000e+03 -1.3912522136e+02 2.4513936831e-01
1.99100e+03 -1.3926708180e+02 1.0844643753e-02
1.99200e+03 -1.3941205719e+02 2.6902747419e-01
1.99300e+03 -1.3955356983e+02 2.5687901977e-01
1.99400e+03 -1.3969628850e+02 1.2822381303e-02
1.99500e+03 -1.3983791259e+02 2.6803205767e-01
1.99600e+03 -1.3998017946e+02 1.6494389056e-02
1.99700e+03 -1.4011998663e+02 1.1104083344e-02
1.99800e+03 -1.4026243443e+02 2.1678491289e-03
1.99900e+03 -1.4040306455e+02 2.4717150174e-01
2.00000e+03 -1.4054380707e+02 3.7246538390e-03
