0.00000e+00 0.0000000000e+00 0.0000000000e+00
1.00000e+00 8.7583874367e-01 8.7583874367e-01
2.00000e+00 1.7588789370e+00 8.8304019328e-01
3.00000e+00 2.7146797556e+00 9.5580081863e-01
4.00000e+00 3.7187392315e+00 1.8790223809e+00
5.00000e+00 4.6938888625e+00 2.8522929895e+00
6.00000e+00 5.6575765088e+00 1.9341059619e+00
7.00000e+00 6.6170917572e+00 1.9165374734e+00
8.00000e+00 7.5790144931e+00 1.9167677537e+00
9.00000e+00 8.5330731672e+00 3.8075730698e+00
1.00000e+01 9.4817880329e+00 3.7905576265e+00
1.10000e+01 1.0368566318e+01 1.7689354380e+00
1.20000e+01 1.1228134497e+01 5.6236298121e+00
1.30000e+01 1.2072228566e+01 5.5862615073e+00
1.40000e+01 1.2888514600e+01 4.6918563552e+00
1.50000e+01 1.3821476999e+01 1.8712065648e+00
1.60000e+01 1.4816727895e+01 3.6377607049e+00
1.70000e+01 1.5777600043e+01 1.1677807875e-01
1.80000e+01 1.6722065186e+01 1.8931347828e+00
1.90000e+01 1.7655949792e+01 1.8642541057e+00
2.00000e+01 1.8587138030e+01 1.8491129464e+00
2.10000e+01 1.9514845524e+01 1.8410867224e+00
2.20000e+01 2.0440501031e+01 1.8337129045e+00
2.30000e+01 2.1364429146e+01 1.8280998122e+00
2.40000e+01 2.2264793107e+01 1.9534132860e+00
2.50000e+01 2.3142192014e+01 1.0296854324e+01
2.60000e+01 2.4003699558e+01 5.3869216819e+00
2.70000e+01 2.4867843205e+01 1.7006701695e+00
2.80000e+01 2.5800058151e+01 1.8328311519e+00
2.90000e+01 2.6723179433e+01 1.8301914883e+00
3.00000e+01 2.7600349048e+01 1.7146315696e+00
3.10000e+01 2.8463646117e+01 1.7120703608e+00
3.20000e+01 2.9387141411e+01 1.8196416442e+00
3.30000e+01 3.0381580873e+01 3.6690471575e+00
3.40000e+01 3.1337439698e+01 7.4335377251e+00
3.50000e+01 3.2281724260e+01 7.3759492871e+00
3.60000e+01 3.3211061066e+01 1.0685063188e+01
3.70000e+01 3.4134994093e+01 1.0665348753e+01
3.80000e+01 3.5060041935e+01 1.8152885510e+00
3.90000e+01 3.5915054438e+01 2.1369338995e-01
4.00000e+01 3.6707766810e+01 3.4454785631e+00
4.10000e+01 3.7487098887e+01 3.1443747026e+00
4.20000e+01 3.8318679945e+01 1.7775308974e+00
4.30000e+01 3.9200619856e+01 3.2575824445e+00
4.40000e+01 4.0048952382e+01 5.0162436960e+00
4.50000e+01 4.0893122565e+01 4.9589260329e+00
4.60000e+01 4.1721110502e+01 1.5704080734e+00
4.70000e+01 4.2646194552e+01 3.5059246422e+00
4.80000e+01 4.3575643101e+01 3.5068194250e+00
4.90000e+01 4.4493975947e+01 1.8052610442e+00
5.00000e+01 4.5421268034e+01 1.8012993210e+00
5.10000e+01 4.6270086010e+01 1.6383235643e+00
5.20000e+01 4.7062289683e+01 3.7349577293e+00
5.30000e+01 4.7980605834e+01 1.7994813263e+00
5.40000e+01 4.8906869493e+01 1.7966534174e+00
5.50000e+01 4.9740087603e+01 3.7156229051e+00
5.60000e+01 5.0579007879e+01 3.2616640799e+00
5.70000e+01 5.1456630658e+01 7.0933502602e+00
5.80000e+01 5.2304590609e+01 7.0858843343e+00
5.90000e+01 5.3152059740e+01 5.3033593843e+00
6.00000e+01 5.3984549139e+01 1.8379675707e+00
6.10000e+01 5.4778857607e+01 1.7972199617e+00
6.20000e+01 5.5552580138e+01 1.5168245596e+00
6.30000e+01 5.6475672226e+01 3.4720641163e+00
6.40000e+01 5.7469144210e+01 1.4551203348e-01
6.50000e+01 5.8420876249e+01 3.4557002459e+00
6.60000e+01 5.9343316993e+01 2.0417188373e+00
6.70000e+01 6.0229453716e+01 3.6468131086e+00
6.80000e+01 6.1094235682e+01 1.6925068927e+00
6.90000e+01 6.1958895137e+01 1.6693371174e+00
7.00000e+01 6.2888068539e+01 8.6707508080e+00
7.10000e+01 6.3884226503e+01 1.9363331221e+00
7.20000e+01 6.4802137310e+01 6.8780726508e+00
7.30000e+01 6.5634922403e+01 3.1874361431e-02
7.40000e+01 6.6411274497e+01 1.5473954210e+00
7.50000e+01 6.7178911776e+01 1.4807002109e+00
7.60000e+01 6.7936758534e+01 1.4607141757e+00
7.70000e+01 6.8851431931e+01 5.1903444720e+00
7.80000e+01 6.9841240113e+01 1.9307329871e+00
7.90000e+01 7.0787109970e+01 6.7297308099e+00
8.00000e+01 7.1714624816e+01 6.7213425230e+00
8.10000e+01 7.2633258664e+01 1.7764751153e+00
8.20000e+01 7.3529882918e+01 4.5872114828e-01
8.30000e+01 7.4559087839e+01 1.1453152474e-01
8.40000e+01 7.5590383028e+01 1.9951220515e+00
8.50000e+01 7.6514921462e+01 3.4198657423e+00
8.60000e+01 7.7442313964e+01 1.7745762961e+00
8.70000e+01 7.8356125082e+01 1.7679789894e+00
8.80000e+01 7.9263322085e+01 1.7460155119e+00
8.90000e+01 8.0170457962e+01 1.7375942557e+00
9.00000e+01 8.1050718780e+01 3.0801387885e+00
9.10000e+01 8.1911538660e+01 3.4533526613e+00
9.20000e+01 8.2826691986e+01 1.7438129834e+00
9.30000e+01 8.3736119642e+01 1.7443609503e+00
9.40000e+01 8.4604623793e+01 3.4381426409e+00
9.50000e+01 8.5459274467e+01 1.7358999637e+00
9.60000e+01 8.6372847547e+01 1.7410363442e+00
9.70000e+01 8.7358283184e+01 7.0358012443e+00
9.80000e+01 8.8268433607e+01 8.0450038375e+00
9.90000e+01 8.9092939870e+01 1.7091508970e+00
1.00000e+02 8.9910481776e+01 9.6031173882e-02
1.01000e+02 9.0771255474e+01 7.9122968932e+00
1.02000e+02 9.1573565736e+01 1.5996015859e+00
1.03000e+02 9.2374418069e+01 1.1399735159e+01
1.04000e+02 9.3184572926e+01 1.5225896691e+00
1.05000e+02 9.3993704214e+01 1.5293460344e+00
1.06000e+02 9.4847317003e+01 1.4796954646e+01
1.07000e+02 9.5688768435e+01 3.0997467984e+00
1.08000e+02 9.6526161255e+01 3.0804270817e+00
1.09000e+02 9.7384145901e+01 1.5919171548e+00
1.10000e+02 9.8238406390e+01 6.4699239111e+00
1.11000e+02 9.9172220957e+01 1.7104384113e+00
1.12000e+02 1.0010655053e+02 3.3607193766e+00
1.13000e+02 1.0102898416e+02 1.7602225840e+00
1.14000e+02 1.0195862420e+02 1.7537728297e+00
1.15000e+02 1.0288213460e+02 1.7530958363e+00
1.16000e+02 1.0381160940e+02 1.7511774961e+00
1.17000e+02 1.0466802306e+02 4.6632401388e+00
1.18000e+02 1.0546512103e+02 5.1613705588e+00
1.19000e+02 1.0624870625e+02 5.0833807469e+00
1.20000e+02 1.0701959542e+02 1.4495706247e+00
1.21000e+02 1.0779169382e+02 1.4366342409e+00
1.22000e+02 1.0855642074e+02 1.4290353517e+00
1.23000e+02 1.0932520602e+02 1.4242931996e+00
1.24000e+02 1.1016276448e+02 4.7475856729e+00
1.25000e+02 1.1099290528e+02 1.2731360606e+01
1.26000e+02 1.1181384383e+02 9.5647654492e+00
1.27000e+02 1.1263661720e+02 1.5314668953e+00
1.28000e+02 1.1342644085e+02 1.4479656356e+00
1.29000e+02 1.1435231556e+02 1.7517906276e+00
1.30000e+02 1.1534603311e+02 1.1267645515e+01
1.31000e+02 1.1630954092e+02 1.2964189377e+01
1.32000e+02 1.1726113714e+02 1.7977830738e+00
1.33000e+02 1.1820812683e+02 1.7794671728e+00
1.34000e+02 1.1915208805e+02 4.3483323594e+00
1.35000e+02 1.2003773137e+02 1.6556923590e+00
1.36000e+02 1.2087935657e+02 5.1682141919e+00
1.37000e+02 1.2174747032e+02 7.8875940414e-02
1.38000e+02 1.2258897442e+02 1.5887985239e+00
1.39000e+02 1.2342629913e+02 1.5564206879e+00
1.40000e+02 1.2426084076e+02 1.5479017966e+00
1.41000e+02 1.2511916056e+02 5.1985924026e+00
1.42000e+02 1.2596681382e+02 1.5818297545e+00
1.43000e+02 1.2680137851e+02 1.5564928153e+00
1.44000e+02 1.2762441145e+02 1.6872459632e+00
1.45000e+02 1.2841801916e+02 6.6512582879e+00
1.46000e+02 1.2919340456e+02 6.5969594903e+00
1.47000e+02 1.2996928767e+02 1.4225860927e+00
1.48000e+02 1.3080754915e+02 1.5455445498e+00
1.49000e+02 1.3163861655e+02 1.5405017119e+00
1.50000e+02 1.3246160989e+02 1.5236930690e+00
1.51000e+02 1.3328605270e+02 1.5155447876e+00
1.52000e+02 1.3407926150e+02 1.4389869054e+00
1.53000e+02 1.3485579332e+02 1.6265064077e+00
1.54000e+02 1.3568729893e+02 1.5225415083e+00
1.55000e+02 1.3657928393e+02 1.6010141868e+00
1.56000e+02 1.3739795725e+02 1.1219399211e+01
1.57000e+02 1.3821181985e+02 1.5440151717e+01
1.58000e+02 1.3907406103e+02 4.7353608255e+00
1.59000e+02 1.3992330168e+02 4.6878811119e+00
1.60000e+02 1.4076765181e+02 1.5570540756e+00
1.61000e+02 1.4161173539e+02 1.5503399450e+00
1.62000e+02 1.4245697381e+02 1.5227824650e+00
1.63000e+02 1.4325102163e+02 1.5385349530e+00
1.64000e+02 1.4396984450e+02 3.0874903931e+00
1.65000e+02 1.4467102279e+02 1.2822046400e+00
1.66000e+02 1.4541654279e+02 3.0377491279e+00
1.67000e+02 1.4615675890e+02 4.4715036523e+00
1.68000e+02 1.4685969622e+02 1.2650368726e+00
1.69000e+02 1.4768603402e+02 1.6593117356e+00
1.70000e+02 1.4857951773e+02 2.9412205974e+00
1.71000e+02 1.4944650234e+02 2.9611804196e+00
1.72000e+02 1.5028795564e+02 1.6538672943e+00
1.73000e+02 1.5112440618e+02 2.9483921180e+00
1.74000e+02 1.5199234970e+02 1.5893816370e+00
1.75000e+02 1.5285662277e+02 1.2405694900e-01
1.76000e+02 1.5371089705e+02 3.0669735177e+00
1.77000e+02 1.5459235050e+02 1.6022610905e+00
1.78000e+02 1.5543121070e+02 2.9428506320e+00
1.79000e+02 1.5626397340e+02 1.5841044060e+00
1.80000e+02 1.5709980404e+02 1.5794907429e+00
1.81000e+02 1.5786827429e+02 4.7908357151e+00
1.82000e+02 1.5858008165e+02 4.8727850027e+00
1.83000e+02 1.5927992599e+02 1.3395143961e+00
1.84000e+02 1.5996815518e+02 1.2367266393e+00
1.85000e+02 1.6065805975e+02 1.2255501365e+00
1.86000e+02 1.6134154556e+02 1.2195811999e+00
1.87000e+02 1.6217326698e+02 1.5173427078e+00
1.88000e+02 1.6301310818e+02 2.4886399446e+00
1.89000e+02 1.6384147187e+02 2.4827935820e+00
1.90000e+02 1.6472756860e+02 1.6188120408e+00
1.91000e+02 1.6559577309e+02 3.9912863220e+00
1.92000e+02 1.6645557830e+02 3.9610035100e+00
1.93000e+02 1.6731319804e+02 1.5591157064e+00
1.94000e+02 1.6816696412e+02 1.5515174601e+00
1.95000e+02 1.6902091484e+02 1.5462969148e+00
1.96000e+02 1.6988013509e+02 1.5308858202e+00
1.97000e+02 1.7069064949e+02 1.3389714410e+00
1.98000e+02 1.7145320938e+02 8.5985466886e+00
1.99000e+02 1.7220298686e+02 1.1539359104e+01
2.00000e+02 1.7292858664e+02 1.5536207314e+00
2.01000e+02 1.7376276069e+02 3.1254767429e+00
2.02000e+02 1.7460312217e+02 3.1034924905e+00
2.03000e+02 1.7543335488e+02 1.5061362104e+00
2.04000e+02 1.7627257250e+02 1.5034862140e+00
2.05000e+02 1.7710692138e+02 1.5060988853e+00
2.06000e+02 1.7798635405e+02 2.9169869532e+00
2.07000e+02 1.7885061350e+02 3.0223690037e+00
2.08000e+02 1.7970226496e+02 1.5170266238e+00
2.09000e+02 1.8054878380e+02 1.5276795661e+00
2.10000e+02 1.8139393729e+02 1.5196539158e+00
2.11000e+02 1.8223527786e+02 1.5129559894e+00
2.12000e+02 1.8311095649e+02 1.6690228481e+00
2.13000e+02 1.8398310295e+02 1.2236897864e-01
2.14000e+02 1.8484565035e+02 9.3061166680e+00
2.15000e+02 1.8566469788e+02 1.0857410799e+01
2.16000e+02 1.8651630898e+02 3.1083978494e+00
2.17000e+02 1.8741556978e+02 3.0686452033e+00
2.18000e+02 1.8824814465e+02 3.0023744633e+00
2.19000e+02 1.8907514915e+02 2.9850360176e+00
2.20000e+02 1.8990879320e+02 1.4796101220e+00
2.21000e+02 1.9073940673e+02 1.4817395399e+00
2.22000e+02 1.9157650830e+02 1.4837153129e+00
2.23000e+02 1.9234467039e+02 5.0885438453e-02
2.24000e+02 1.9310235520e+02 2.9716502581e+00
2.25000e+02 1.9384984875e+02 5.9962684276e+00
2.26000e+02 1.9459472344e+02 1.3613552066e+00
2.27000e+02 1.9533926089e+02 1.3100844700e+00
2.28000e+02 1.9605705686e+02 4.3175573494e+00
2.29000e+02 1.9675702723e+02 4.2450480683e+00
2.30000e+02 1.9744557665e+02 1.2019231982e+00
2.31000e+02 1.9828056127e+02 1.4866026827e+00
2.32000e+02 1.9912380716e+02 1.4912604020e+00
2.33000e+02 1.9987100871e+02 1.2479524623e+00
2.34000e+02 2.0062907952e+02 1.3219704926e+00
2.35000e+02 2.0142341776e+02 7.3445807849e+00
2.36000e+02 2.0215293005e+02 8.7902455877e-01
2.37000e+02 2.0281652349e+02 8.3608107037e-02
2.38000e+02 2.0347370689e+02 4.5534090944e+00
2.39000e+02 2.0415681928e+02 7.6691968069e-01
2.40000e+02 2.0481623130e+02 1.0952698925e+01
2.41000e+02 2.0548646433e+02 5.7951997867e+00
2.42000e+02 2.0614612721e+02 1.1342934564e+00
2.43000e+02 2.0688757279e+02 3.4241926640e+00
2.44000e+02 2.0763585933e+02 2.4467845581e+00
2.45000e+02 2.0830177986e+02 1.6709107932e+00
2.46000e+02 2.0892464153e+02 2.4747336024e+00
2.47000e+02 2.0954068776e+02 1.8869600134e+00
2.48000e+02 2.1021065974e+02 1.1478966681e+00
2.49000e+02 2.1091865466e+02 2.4692203083e+00
2.50000e+02 2.1159518756e+02 2.4838719679e+00
2.51000e+02 2.1227488606e+02 1.9462997926e+00
2.52000e+02 2.1295025631e+02 2.1031940379e+00
2.53000e+02 2.1361941883e+02 1.3004693147e+00
2.54000e+02 2.1426711111e+02 1.0676087370e+00
2.55000e+02 2.1489382232e+02 1.3216702723e+00
2.56000e+02 2.1550810295e+02 1.2869369631e+00
2.57000e+02 2.1612432460e+02 1.0306963042e+00
2.58000e+02 2.1680240572e+02 1.1484374445e+00
2.59000e+02 2.1752177711e+02 1.1982438005e+00
2.60000e+02 2.1820718477e+02 1.2059203095e+00
2.61000e+02 2.1889265392e+02 1.1635956349e+00
2.62000e+02 2.1956105136e+02 1.0837824094e+00
2.63000e+02 2.2031699694e+02 3.7006024792e+00
2.64000e+02 2.2107898586e+02 3.7106042585e+00
2.65000e+02 2.2175467410e+02 1.1421652252e+00
2.66000e+02 2.2238629115e+02 1.1042426680e+00
2.67000e+02 2.2301070879e+02 1.0518678225e+00
2.68000e+02 2.2368953471e+02 1.1631768358e+00
2.69000e+02 2.2436414531e+02 2.0688753581e+00
2.70000e+02 2.2503419985e+02 2.0580351067e+00
2.71000e+02 2.2574630831e+02 2.5127633891e+00
2.72000e+02 2.2639472530e+02 1.7741575493e+00
2.73000e+02 2.2704214255e+02 2.9791669847e+00
2.74000e+02 2.2769757511e+02 1.0954739066e+00
2.75000e+02 2.2828646200e+02 1.1027260739e+00
2.76000e+02 2.2886998634e+02 8.6530205628e-02
2.77000e+02 2.2945112412e+02 9.5834033325e-01
2.78000e+02 2.3003398273e+02 9.5671626292e-01
2.79000e+02 2.3061781291e+02 9.5845193534e-01
2.80000e+02 2.3120408733e+02 9.6090929293e-01
2.81000e+02 2.3181696475e+02 2.7675307936e+00
2.82000e+02 2.3240556075e+02 5.1782022310e+00
2.83000e+02 2.3299156246e+02 9.6407455244e-01
2.84000e+02 2.3357313560e+02 9.5608762104e-01
2.85000e+02 2.3418234626e+02 9.8532887082e-01
2.86000e+02 2.3478987683e+02 2.1283528220e+00
2.87000e+02 2.3535962463e+02 1.8101251671e+00
2.88000e+02 2.3596118551e+02 1.1606158082e+00
2.89000e+02 2.3655958387e+02 1.1486428887e+00
2.90000e+02 2.3715616785e+02 9.8153153871e-01
2.91000e+02 2.3775272652e+02 9.7871032222e-01
2.92000e+02 2.3835012791e+02 9.7854902925e-01
2.93000e+02 2.3894745709e+02 9.7834098357e-01
2.94000e+02 2.3951313286e+02 1.7664602421e+00
2.95000e+02 2.4006357708e+02 3.0982720985e+00
2.96000e+02 2.4066693447e+02 9.8331863699e-01
2.97000e+02 2.4130195892e+02 1.0041542785e+00
2.98000e+02 2.4190552068e+02 2.9635913050e+00
2.99000e+02 2.4251566073e+02 9.9514619347e-01
3.00000e+02 2.4312435457e+02 9.9948749939e-01
3.01000e+02 2.4374542965e+02 2.9466783431e+00
3.02000e+02 2.4431650182e+02 4.8322934915e+00
3.03000e+02 2.4483422335e+02 1.9481006357e+00
3.04000e+02 2.4530483549e+02 4.9462627261e+00
3.05000e+02 2.4587036602e+02 5.9192012407e+00
3.06000e+02 2.4644769174e+02 1.9524060886e+00
3.07000e+02 2.4695041695e+02 7.5131830668e-01
3.08000e+02 2.4746043684e+02 8.7545897955e-02
3.09000e+02 2.4798734619e+02 1.7770396278e+00
3.10000e+02 2.4845466004e+02 6.4055511179e-01
3.11000e+02 2.4887250668e+02 8.4878564642e-02
3.12000e+02 2.4925173076e+02 5.7438524819e-01
3.13000e+02 2.4962605815e+02 5.3029160360e-01
3.14000e+02 2.4999494811e+02 5.1942719993e-01
3.15000e+02 2.5036730820e+02 5.1694047681e-01
3.16000e+02 2.5079723289e+02 1.6951673884e+00
3.17000e+02 2.5122830040e+02 2.6784487298e+00
3.18000e+02 2.5161560363e+02 5.3483679966e-01
3.19000e+02 2.5199560353e+02 5.4194178248e-01
3.20000e+02 2.5237171552e+02 5.3020860237e-01
3.21000e+02 2.5275169552e+02 5.2965848559e-01
3.22000e+02 2.5312961560e+02 5.3093691854e-01
3.23000e+02 2.5351183454e+02 5.3264491757e-01
3.24000e+02 2.5389190487e+02 5.3426251766e-01
3.25000e+02 2.5438709213e+02 2.4407766485e+00
3.26000e+02 2.5495338563e+02 3.6326530699e+00
3.27000e+02 2.5549894191e+02 2.2426033713e+00
3.28000e+02 2.5602289609e+02 1.4388384562e-01
3.29000e+02 2.5663115650e+02 1.2309736481e+00
3.30000e+02 2.5729654804e+02 2.3394588119e+00
3.31000e+02 2.5794019937e+02 2.4183501228e-01
3.32000e+02 2.5858044155e+02 3.5816510646e+00
3.33000e+02 2.5923782241e+02 4.2254059243e+00
3.34000e+02 2.5984177339e+02 2.7006692335e+00
3.35000e+02 2.6044320712e+02 2.3302926763e+00
3.36000e+02 2.6107812448e+02 1.0609659258e+00
3.37000e+02 2.6170242690e+02 1.0268265154e+00
3.38000e+02 2.6232122704e+02 1.0096824688e+00
3.39000e+02 2.6296621396e+02 1.0545310510e+00
3.40000e+02 2.6361082144e+02 1.8525707790e+00
3.41000e+02 2.6421359798e+02 2.7487440311e+00
3.42000e+02 2.6479375000e+02 9.4962235037e-01
3.43000e+02 2.6549291340e+02 2.1663074131e+00
3.44000e+02 2.6625451225e+02 1.4279870657e-01
3.45000e+02 2.6698992917e+02 1.2624431992e+00
3.46000e+02 2.6769721187e+02 3.9993902970e+00
3.47000e+02 2.6834791444e+02 9.9659875441e-01
3.48000e+02 2.6893661750e+02 1.1586143345e+00
3.49000e+02 2.6962496057e+02 1.1589415368e+00
3.50000e+02 2.7032078883e+02 1.1463281522e+00
3.51000e+02 2.7093582189e+02 1.1217862067e+00
3.52000e+02 2.7155476707e+02 3.1155303901e+00
3.53000e+02 2.7219597713e+02 2.0780809179e+00
3.54000e+02 2.7277557743e+02 1.1622795461e-01
3.55000e+02 2.7335626145e+02 9.2141104869e-01
3.56000e+02 2.7394432203e+02 9.2894990663e-01
3.57000e+02 2.7453160971e+02 9.3462461650e-01
3.58000e+02 2.7515601536e+02 3.1999904002e+00
3.59000e+02 2.7578107471e+02 3.0924872889e+00
3.60000e+02 2.7640942873e+02 2.0854116690e+00
3.61000e+02 2.7703108900e+02 2.0799271807e+00
3.62000e+02 2.7763287943e+02 3.0250495844e+00
3.63000e+02 2.7821195500e+02 2.9860670509e+00
3.64000e+02 2.7883575977e+02 1.0033391235e+00
3.65000e+02 2.7945587863e+02 1.0007943616e+00
3.66000e+02 2.8007243088e+02 9.9254104640e-01
3.67000e+02 2.8072000970e+02 1.0308713888e+00
3.68000e+02 2.8130401642e+02 1.8669581872e+00
3.69000e+02 2.8188776584e+02 1.8615529635e+00
3.70000e+02 2.8247882110e+02 9.2941790193e-01
3.71000e+02 2.8300647978e+02 1.2125327855e+00
3.72000e+02 2.8349145043e+02 2.0318225311e+00
3.73000e+02 2.8396934068e+02 7.1607260222e-01
3.74000e+02 2.8443916389e+02 7.0020908464e-01
3.75000e+02 2.8491146525e+02 6.9391998670e-01
3.76000e+02 2.8537962373e+02 6.9156134360e-01
3.77000e+02 2.8597009156e+02 9.3520690339e-01
3.78000e+02 2.8657102638e+02 1.7074130368e+00
3.79000e+02 2.8716374523e+02 1.7079566454e+00
3.80000e+02 2.8776546437e+02 9.4377122083e-01
3.81000e+02 2.8829615897e+02 7.4926302555e-01
3.82000e+02 2.8878535236e+02 9.6402180393e-01
3.83000e+02 2.8926777817e+02 9.1478898887e-01
3.84000e+02 2.8974197589e+02 7.0440539135e-01
3.85000e+02 2.9021857220e+02 6.9787149151e-01
3.86000e+02 2.9069067448e+02 6.9507818389e-01
3.87000e+02 2.9116659772e+02 6.9371002740e-01
3.88000e+02 2.9170428553e+02 7.8864446833e-02
3.89000e+02 2.9227052226e+02 5.1481773043e+00
3.90000e+02 2.9280419904e+02 6.0821407645e+00
3.91000e+02 2.9333271598e+02 8.0881944606e-01
3.92000e+02 2.9385403567e+02 7.9565353653e-01
3.93000e+02 2.9440089989e+02 5.4356554385e+00
3.94000e+02 2.9494889844e+02 5.4405305263e+00
3.95000e+02 2.9548886825e+02 8.3204843875e-01
3.96000e+02 2.9600775438e+02 7.3980016414e-01
3.97000e+02 2.9661158753e+02 2.5953388633e+00
3.98000e+02 2.9722332304e+02 2.6027598923e+00
3.99000e+02 2.9782685009e+02 9.5845391936e-01
4.00000e+02 2.9843772170e+02 9.5663157405e-01
4.01000e+02 2.9904428565e+02 9.5871182984e-01
4.02000e+02 2.9968884716e+02 1.4114796622e+00
4.03000e+02 3.0033053059e+02 1.0171361509e-01
4.04000e+02 3.0096647269e+02 2.5154570836e+00
4.05000e+02 3.0167967725e+02 1.0664061768e-01
4.06000e+02 3.0244380798e+02 2.2118110857e-01
4.07000e+02 3.0318524568e+02 2.5128134210e+00
4.08000e+02 3.0391955786e+02 3.6294425243e+00
4.09000e+02 3.0467606257e+02 2.9372806090e+00
4.10000e+02 3.0538182944e+02 1.1591823479e+00
4.11000e+02 3.0602528514e+02 4.6322883990e+00
4.12000e+02 3.0665112319e+02 1.0847412577e-01
4.13000e+02 3.0729365051e+02 1.0440457728e+00
4.14000e+02 3.0791094853e+02 2.4406626216e+00
4.15000e+02 3.0854255590e+02 9.9455795318e-01
4.16000e+02 3.0916475936e+02 2.2155163542e+00
4.17000e+02 3.0975340914e+02 9.4574097186e-01
4.18000e+02 3.1032435613e+02 8.9353876979e-01
4.19000e+02 3.1089420585e+02 8.7384516631e-01
4.20000e+02 3.1145694579e+02 8.6476427217e-01
4.21000e+02 3.1215065532e+02 2.1353200746e+00
4.22000e+02 3.1291440575e+02 1.0628210879e+00
4.23000e+02 3.1365142827e+02 2.1530454159e+00
4.24000e+02 3.1437525274e+02 1.1945977363e+00
4.25000e+02 3.1511417925e+02 2.9727764218e+00
4.26000e+02 3.1584398896e+02 4.0673386981e+00
4.27000e+02 3.1656193276e+02 1.1768313649e+00
4.28000e+02 3.1727930879e+02 1.1632208551e+00
4.29000e+02 3.1799215826e+02 1.1569633111e+00
4.30000e+02 3.1870407360e+02 1.1503456581e+00
4.31000e+02 3.1945067954e+02 1.2029865567e+00
4.32000e+02 3.2013975558e+02 3.9237967510e+00
4.33000e+02 3.2076478164e+02 4.4281428759e+00
4.34000e+02 3.2133865062e+02 4.4348437596e+00
4.35000e+02 3.2201779271e+02 2.9085135761e+00
4.36000e+02 3.2276079828e+02 4.0859219357e+00
4.37000e+02 3.2348235375e+02 4.0567855372e+00
4.38000e+02 3.2417906297e+02 4.4313479170e+00
4.39000e+02 3.2487301110e+02 4.4417226134e+00
4.40000e+02 3.2556787929e+02 1.1100273598e+00
4.41000e+02 3.2625999209e+02 1.1070819978e+00
4.42000e+02 3.2698494157e+02 1.1697153953e+00
4.43000e+02 3.2769812358e+02 2.1135440424e+00
4.44000e+02 3.2840158716e+02 1.1145703085e+00
4.45000e+02 3.2910176431e+02 1.1215200848e+00
4.46000e+02 3.2980003494e+02 1.1152056122e+00
4.47000e+02 3.3049517565e+02 1.1090539719e+00
4.48000e+02 3.3119248807e+02 1.1069867162e+00
4.49000e+02 3.3182686697e+02 9.3069472759e-01
4.50000e+02 3.3240983061e+02 4.4552814608e+00
4.51000e+02 3.3298182000e+02 4.3884366827e+00
4.52000e+02 3.3354271523e+02 8.4555706884e-01
4.53000e+02 3.3410473890e+02 8.3474578858e-01
4.54000e+02 3.3472557326e+02 3.2081209992e+00
4.55000e+02 3.3534256322e+02 7.2702153817e+00
4.56000e+02 3.3591538625e+02 8.4583885529e-01
4.57000e+02 3.3660119333e+02 1.0965461009e+00
4.58000e+02 3.3735532175e+02 6.1043526154e+00
4.59000e+02 3.3808108954e+02 9.5377084918e-01
4.60000e+02 3.3879917992e+02 5.0138162836e+00
4.61000e+02 3.3951034759e+02 1.1372426178e+00
4.62000e+02 3.4019649485e+02 1.1332423333e-01
4.63000e+02 3.4099087101e+02 1.9200196474e+00
4.64000e+02 3.4184624188e+02 2.1901648985e+00
4.65000e+02 3.4266856967e+02 1.1116013126e-01
4.66000e+02 3.4347934410e+02 1.3398383976e+00
4.67000e+02 3.4428088177e+02 1.3177084302e+00
4.68000e+02 3.4505959541e+02 1.4045790262e+00
4.69000e+02 3.4595324236e+02 2.2872455254e+00
4.70000e+02 3.4684938894e+02 5.4973416176e+00
4.71000e+02 3.4764767749e+02 3.5715991953e+00
4.72000e+02 3.4839677059e+02 2.2553377461e+00
4.73000e+02 3.4913660741e+02 1.2206747292e+00
4.74000e+02 3.4986540089e+02 1.1702110869e+00
4.75000e+02 3.5059595706e+02 1.1597602288e+00
4.76000e+02 3.5139190071e+02 1.3015599345e+00
4.77000e+02 3.5223998343e+02 8.9601708612e+00
4.78000e+02 3.5300929215e+02 2.2222733241e+00
4.79000e+02 3.5370309012e+02 3.6758202076e-02
4.80000e+02 3.5439339792e+02 1.3654695147e+00
4.81000e+02 3.5511404471e+02 2.0926151172e+00
4.82000e+02 3.5580887426e+02 4.8285262482e+00
4.83000e+02 3.5651057523e+02 2.5645257262e+00
4.84000e+02 3.5720003238e+02 1.0825426917e+00
4.85000e+02 3.5797449166e+02 4.7045100578e+00
4.86000e+02 3.5880562818e+02 1.3630696087e-01
4.87000e+02 3.5961377662e+02 1.3349000144e+00
4.88000e+02 3.6040033057e+02 2.3679395931e+00
4.89000e+02 3.6118227021e+02 1.2618243054e+00
4.90000e+02 3.6196438599e+02 1.2561243101e+00
4.91000e+02 3.6268147847e+02 1.1047546598e+00
4.92000e+02 3.6334232897e+02 3.6193716419e+00
4.93000e+02 3.6399090028e+02 3.5472310978e+00
4.94000e+02 3.6462759037e+02 9.7519507616e-01
4.95000e+02 3.6526549148e+02 9.6354969077e-01
4.96000e+02 3.6596406835e+02 3.4323566867e+00
4.97000e+02 3.6665770106e+02 5.4471689505e+00
4.98000e+02 3.6734532262e+02 3.0975346999e+00
4.99000e+02 3.6807734590e+02 2.2969163114e+00
5.00000e+02 3.6874475739e+02 1.8472373417e+00
5.01000e+02 3.6941054477e+02 2.9841060310e+00
5.02000e+02 3.7012025080e+02 4.3206246264e+00
5.03000e+02 3.7081943906e+02 1.9104275020e+00
5.04000e+02 3.7150494371e+02 1.0372734582e+00
5.05000e+02 3.7213962318e+02 1.0649026295e+00
5.06000e+02 3.7271264135e+02 1.9627519531e+00
5.07000e+02 3.7338324853e+02 1.0410559807e+00
5.08000e+02 3.7406277171e+02 1.0340334562e+00
5.09000e+02 3.7473602390e+02 1.0356444317e+00
5.10000e+02 3.7541797086e+02 1.0370325652e+00
5.11000e+02 3.7609676927e+02 1.0415417602e+00
5.12000e+02 3.7678182942e+02 1.0436134012e+00
5.13000e+02 3.7740000524e+02 8.7616127849e-01
5.14000e+02 3.7797060567e+02 3.0680487578e+00
5.15000e+02 3.7864603729e+02 1.0392029954e+00
5.16000e+02 3.7933057158e+02 1.0376379365e+00
5.17000e+02 3.7993475034e+02 3.0509836394e+00
5.18000e+02 3.8054517526e+02 1.0174498217e+00
5.19000e+02 3.8117887665e+02 5.0210419404e+00
5.20000e+02 3.8178640856e+02 6.0084932500e+00
5.21000e+02 3.8239123398e+02 8.8707998537e-01
5.22000e+02 3.8297834016e+02 9.7428114987e-02
5.23000e+02 3.8352046221e+02 6.2056705185e-02
5.24000e+02 3.8403875605e+02 5.8100827282e+00
5.25000e+02 3.8455453332e+02 7.7109738628e+00
5.26000e+02 3.8504348615e+02 9.5651618318e-01
5.27000e+02 3.8551802211e+02 2.7954732947e+00
5.28000e+02 3.8604171871e+02 7.1180538154e-01
5.29000e+02 3.8656494095e+02 7.1853853772e-01
5.30000e+02 3.8708715942e+02 7.1634186532e-01
5.31000e+02 3.8761047723e+02 7.1572110113e-01
5.32000e+02 3.8809886470e+02 2.5447052996e+00
5.33000e+02 3.8868532065e+02 1.8635805740e+00
5.34000e+02 3.8928330744e+02 2.5561512613e+00
5.35000e+02 3.8987414323e+02 1.5446883260e+00
5.36000e+02 3.9047409021e+02 8.6155016628e-01
5.37000e+02 3.9100464231e+02 1.4827352474e+00
5.38000e+02 3.9149395350e+02 1.4821762267e+00
5.39000e+02 3.9208465647e+02 8.6055578868e-01
5.40000e+02 3.9268555268e+02 8.6064447600e-01
5.41000e+02 3.9327978881e+02 8.6331698837e-01
5.42000e+02 3.9388256353e+02 8.6433217513e-01
5.43000e+02 3.9441669441e+02 6.9221460192e-01
5.44000e+02 3.9494784435e+02 7.2393685118e-01
5.45000e+02 3.9549505596e+02 4.0666349423e+00
5.46000e+02 3.9601808754e+02 4.8642608813e+00
5.47000e+02 3.9653964213e+02 7.0949084896e-01
5.48000e+02 3.9705653746e+02 7.0264510759e-01
5.49000e+02 3.9760357528e+02 7.4693291921e-01
5.50000e+02 3.9815285213e+02 2.6502485787e+00
5.51000e+02 3.9869378001e+02 2.6414883891e+00
5.52000e+02 3.9921543045e+02 1.1328256245e+00
5.53000e+02 3.9971474489e+02 2.6473589811e+00
5.54000e+02 4.0025760079e+02 7.4649025596e-01
5.55000e+02 4.0082079319e+02 7.4358027081e-01
5.56000e+02 4.0135415845e+02 7.6938114657e-01
5.57000e+02 4.0190031930e+02 7.5097674102e-01
5.58000e+02 4.0243340558e+02 2.2471834765e+00
5.59000e+02 4.0303860561e+02 3.0801338345e+00
5.60000e+02 4.0370023522e+02 8.7849011172e-01
5.61000e+02 4.0434156826e+02 1.7243640220e+00
5.62000e+02 4.0495809436e+02 3.0908050808e+00
5.63000e+02 4.0557181951e+02 8.9053731014e-01
5.64000e+02 4.0618573871e+02 8.8703987968e-01
5.65000e+02 4.0673928437e+02 7.9997496962e-01
5.66000e+02 4.0724413925e+02 1.7027214412e+00
5.67000e+02 4.0784449788e+02 8.7278631972e-01
5.68000e+02 4.0845351305e+02 8.6700949747e-01
5.69000e+02 4.0905578281e+02 8.6805361794e-01
5.70000e+02 4.0966585467e+02 8.6824225931e-01
5.71000e+02 4.1027227064e+02 8.7152021408e-01
5.72000e+02 4.1091658394e+02 9.4502306147e-01
5.73000e+02 4.1154918316e+02 2.6153360959e+00
5.74000e+02 4.1216789731e+02 8.7929098841e-01
5.75000e+02 4.1273835181e+02 1.6666374794e+00
5.76000e+02 4.1324899357e+02 2.6155346655e+00
5.77000e+02 4.1374641291e+02 2.5398839711e+00
5.78000e+02 4.1428614321e+02 4.3221603031e+00
5.79000e+02 4.1482416505e+02 4.3096991283e+00
5.80000e+02 4.1532361783e+02 6.4960031682e-01
5.81000e+02 4.1592334132e+02 8.7171923330e-01
5.82000e+02 4.1653346027e+02 8.6225230296e-01
5.83000e+02 4.1713586714e+02 8.6407342833e-01
5.84000e+02 4.1774682114e+02 8.6404440298e-01
5.85000e+02 4.1835384923e+02 8.6780157238e-01
5.86000e+02 4.1900097854e+02 3.3458660737e+00
5.87000e+02 4.1963596583e+02 2.6053701838e+00
5.88000e+02 4.2025576576e+02 8.7577970602e-01
5.89000e+02 4.2087289913e+02 8.8500920093e-01
5.90000e+02 4.2148905803e+02 8.8048316613e-01
5.91000e+02 4.2204579729e+02 7.0827063287e-01
5.92000e+02 4.2255295522e+02 2.8320306924e+00
5.93000e+02 4.2304984610e+02 2.7693502859e+00
5.94000e+02 4.2359118852e+02 2.6043769226e+00
5.95000e+02 4.2413084163e+02 3.4245902757e+00
5.96000e+02 4.2463136701e+02 6.4318520778e-01
5.97000e+02 4.2512077116e+02 6.3505528904e-01
5.98000e+02 4.2560294440e+02 6.1606809412e-01
5.99000e+02 4.2608804067e+02 6.1114415708e-01
6.00000e+02 4.2663410764e+02 1.5534547266e+00
6.01000e+02 4.2717764920e+02 1.2618824884e+00
6.02000e+02 4.2767502210e+02 6.2573267722e-01
6.03000e+02 4.2827935773e+02 8.6680495435e-01
6.04000e+02 4.2895295516e+02 4.7082544049e+00
6.05000e+02 4.2960185845e+02 7.3046868103e-01
6.06000e+02 4.3022884132e+02 1.2960996981e-01
6.07000e+02 4.3082726771e+02 8.6791741575e-01
6.08000e+02 4.3140920584e+02 8.2200475059e-01
6.09000e+02 4.3199065667e+02 8.0420719271e-01
6.10000e+02 4.3256461157e+02 7.9541976091e-01
6.11000e+02 4.3314119038e+02 7.8975231257e-01
6.12000e+02 4.3371201131e+02 7.8582858757e-01
6.13000e+02 4.3442114966e+02 2.1133884757e+00
6.14000e+02 4.3513760048e+02 4.4544779680e+00
6.15000e+02 4.3576038337e+02 8.3124684460e-01
6.16000e+02 4.3634339610e+02 8.4260740527e-01
6.17000e+02 4.3704521636e+02 2.4341196346e+00
6.18000e+02 4.3781435433e+02 8.2527876147e-01
6.19000e+02 4.3855833071e+02 6.3135191861e+00
6.20000e+02 4.3927254058e+02 1.0524717477e+00
6.21000e+02 4.3992788913e+02 8.7433044881e-01
6.22000e+02 4.4052177443e+02 8.8432868267e-01
6.23000e+02 4.4110259758e+02 8.0891896105e-01
6.24000e+02 4.4173023676e+02 4.8400477093e+00
6.25000e+02 4.4238977327e+02 9.6697939866e-01
6.26000e+02 4.4297914841e+02 1.3324343317e+00
6.27000e+02 4.4356879082e+02 2.2703433310e+00
6.28000e+02 4.4420198332e+02 3.5981836115e+00
6.29000e+02 4.4482579001e+02 1.2953720899e+00
6.30000e+02 4.4544488500e+02 1.2799792129e+00
6.31000e+02 4.4606509533e+02 8.7018286948e-01
6.32000e+02 4.4668250616e+02 8.6762853008e-01
6.33000e+02 4.4730230519e+02 8.6634960971e-01
6.34000e+02 4.4792265313e+02 8.4177673038e-01
6.35000e+02 4.4850204760e+02 1.4286899414e-03
6.36000e+02 4.4904214312e+02 3.9073414232e+00
6.37000e+02 4.4957712378e+02 7.4723329400e+00
6.38000e+02 4.5011432555e+02 6.9896510062e-01
6.39000e+02 4.5066386706e+02 7.0257524537e-02
6.40000e+02 4.5115896986e+02 1.2524514002e-01
6.41000e+02 4.5165684683e+02 1.6487746983e+00
6.42000e+02 4.5219160566e+02 1.4846901088e+00
6.43000e+02 4.5271936056e+02 1.4614188084e+00
6.44000e+02 4.5323473325e+02 1.6673958108e+00
6.45000e+02 4.5370754315e+02 3.9223977909e+00
6.46000e+02 4.5415492210e+02 5.9808845110e-01
6.47000e+02 4.5460401788e+02 7.8659120372e-02
6.48000e+02 4.5500204415e+02 1.3417718606e+00
6.49000e+02 4.5535964219e+02 4.8227849581e-01
6.50000e+02 4.5567946652e+02 4.9328934185e+00
6.51000e+02 4.5607920221e+02 1.8832921470e+00
6.52000e+02 4.5653934778e+02 5.3471755107e-01
6.53000e+02 4.5698604617e+02 5.3178544792e-01
6.54000e+02 4.5742524652e+02 5.1030844279e-01
6.55000e+02 4.5786611205e+02 5.0396526668e-01
6.56000e+02 4.5829557008e+02 5.1322798410e-01
6.57000e+02 4.5868800463e+02 3.3632432223e-01
6.58000e+02 4.5905417038e+02 8.7492130471e-01
6.59000e+02 4.5942185233e+02 2.0025041672e+00
6.60000e+02 4.5979506836e+02 3.6350616509e-01
6.61000e+02 4.6016388037e+02 7.2053516398e-02
6.62000e+02 4.6051167118e+02 7.6850765306e-01
6.63000e+02 4.6086116075e+02 7.4841670880e-01
6.64000e+02 4.6120555825e+02 3.1583762761e-01
6.65000e+02 4.6158757762e+02 3.7748008042e-01
6.66000e+02 4.6197109386e+02 3.9967990853e-01
6.67000e+02 4.6232413745e+02 8.9631027113e-01
6.68000e+02 4.6270886881e+02 3.8861793247e-01
6.69000e+02 4.6309490700e+02 3.5207041051e-01
6.70000e+02 4.6345490037e+02 3.6731420967e-01
6.71000e+02 4.6383984670e+02 3.9115627606e-01
6.72000e+02 4.6423214011e+02 3.9832716623e-01
6.73000e+02 4.6461249724e+02 3.6126583511e-01
6.74000e+02 4.6494074787e+02 1.1301945512e+00
6.75000e+02 4.6527481960e+02 1.9302968293e+00
6.76000e+02 4.6564172807e+02 3.6781967911e-01
6.77000e+02 4.6600385947e+02 3.4922612705e-01
6.78000e+02 4.6635100043e+02 6.5634925701e-01
6.79000e+02 4.6666118566e+02 7.4329979949e-01
6.80000e+02 4.6695030418e+02 5.0968813428e-01
6.81000e+02 4.6723039354e+02 8.2042040309e-02
6.82000e+02 4.6749169101e+02 1.6130590052e-01
6.83000e+02 4.6778754342e+02 8.1801336062e-01
6.84000e+02 4.6809626137e+02 2.2393175719e-01
6.85000e+02 4.6838416190e+02 1.6895575920e-01
6.86000e+02 4.6865355487e+02 2.9438781646e-01
6.87000e+02 4.6895812182e+02 2.3242236769e-01
6.88000e+02 4.6927464735e+02 2.3999752018e-01
6.89000e+02 4.6958679249e+02 2.4733571636e-01
6.90000e+02 4.6987241653e+02 1.5400782633e+00
6.91000e+02 4.7014161314e+02 9.3165517208e-01
6.92000e+02 4.7045636417e+02 2.4531388176e-01
6.93000e+02 4.7077104824e+02 2.4760749674e-01
6.94000e+02 4.7104311588e+02 9.1716712171e-01
6.95000e+02 4.7138805472e+02 8.3355699368e-01
6.96000e+02 4.7174709314e+02 1.0477185485e+00
6.97000e+02 4.7210231003e+02 5.3577022770e-01
6.98000e+02 4.7246508575e+02 3.3587410123e-01
6.99000e+02 4.7282563371e+02 3.4086930029e-01
7.00000e+02 4.7321938254e+02 8.5099406189e-01
7.01000e+02 4.7360463679e+02 1.2524775484e+00
7.02000e+02 4.7397318558e+02 3.4630150802e-01
7.03000e+02 4.7430055073e+02 3.0323710800e-01
7.04000e+02 4.7458095232e+02 6.8099919158e-01
7.05000e+02 4.7485215146e+02 5.3864880435e-01
7.06000e+02 4.7511464711e+02 1.5047283426e-01
7.07000e+02 4.7537805635e+02 1.4253246443e-01
7.08000e+02 4.7569205301e+02 6.5368686072e-01
7.09000e+02 4.7600796838e+02 7.4636848131e-01
7.10000e+02 4.7632460824e+02 3.4118396451e-01
7.11000e+02 4.7663614453e+02 2.7223725080e-01
7.12000e+02 4.7692377101e+02 6.3949977390e-01
7.13000e+02 4.7721172983e+02 2.5844026380e-01
7.14000e+02 4.7747147535e+02 2.0196545017e-01
7.15000e+02 4.7769804941e+02 2.1190359439e-01
7.16000e+02 4.7788570339e+02 2.7923995735e-01
7.17000e+02 4.7806697115e+02 1.5084359402e-02
7.18000e+02 4.7828839645e+02 9.6391510235e-02
7.19000e+02 4.7851514331e+02 2.5586538365e-01
7.20000e+02 4.7870271678e+02 1.5149779106e-02
7.21000e+02 4.7888348806e+02 6.5576695991e-02
7.22000e+02 4.7911605333e+02 7.5143430465e-02
7.23000e+02 4.7935123603e+02 8.3504122656e-02
7.24000e+02 4.7958847655e+02 8.8095860910e-02
7.25000e+02 4.7980959006e+02 6.6845306241e-02
7.26000e+02 4.7996300505e+02 1.5580300707e-01
7.27000e+02 4.8008461185e+02 1.0391156905e-01
7.28000e+02 4.8021448051e+02 1.0737185188e-01
7.29000e+02 4.8035359792e+02 1.1532200070e-01
7.30000e+02 4.8050170250e+02 9.6970764216e-02
7.31000e+02 4.8062157353e+02 2.5849531488e-02
7.32000e+02 4.8072276479e+02 3.7388228490e-02
7.33000e+02 4.8086443629e+02 9.4319707041e-02
7.34000e+02 4.8099894312e+02 1.1625213015e-01
7.35000e+02 4.8117450952e+02 5.1838433318e-01
7.36000e+02 4.8140828988e+02 3.8363715150e-02
7.37000e+02 4.8165113866e+02 1.7716757529e-01
7.38000e+02 4.8188812937e+02 1.0248387724e-01
7.39000e+02 4.8217743746e+02 1.1402492792e-01
7.40000e+02 4.8252143082e+02 2.8720341482e-01
7.41000e+02 4.8286548911e+02 2.0359089332e-01
7.42000e+02 4.8321998168e+02 4.9254031548e-01
7.43000e+02 4.8356150252e+02 5.0884926593e-01
7.44000e+02 4.8384610601e+02 2.3499615031e-01
7.45000e+02 4.8409186127e+02 4.1205796789e-01
7.46000e+02 4.8430169644e+02 3.8449037523e-01
7.47000e+02 4.8457882270e+02 2.7473438642e-01
7.48000e+02 4.8486785045e+02 4.1607017454e-01
7.49000e+02 4.8515419433e+02 3.7243341433e-01
7.50000e+02 4.8544680990e+02 1.9352948163e-01
7.51000e+02 4.8568137081e+02 5.9235448752e-02
7.52000e+02 4.8588603739e+02 1.8477307492e-01
7.53000e+02 4.8608720965e+02 1.5119964331e-01
7.54000e+02 4.8628237901e+02 1.0785768869e-02
7.55000e+02 4.8656188708e+02 1.8650015186e-01
7.56000e+02 4.8690413012e+02 2.9900552925e-01
7.57000e+02 4.8724270701e+02 5.7398777720e-01
7.58000e+02 4.8759149244e+02 5.6770665566e-01
7.59000e+02 4.8793732525e+02 3.0860179069e-01
7.60000e+02 4.8828610914e+02 3.0829163715e-01
7.61000e+02 4.8863172989e+02 3.0777128002e-01
7.62000e+02 4.8894117672e+02 2.8030813262e-01
7.63000e+02 4.8923676981e+02 7.1452503209e-01
7.64000e+02 4.8952554216e+02 5.2710537313e-01
7.65000e+02 4.8981447100e+02 1.9061262585e-01
7.66000e+02 4.9015924944e+02 3.0345805271e-01
7.67000e+02 4.9050588518e+02 5.6166666189e-01
7.68000e+02 4.9082233248e+02 1.0660061894e+00
7.69000e+02 4.9113642497e+02 7.7455169096e-01
7.70000e+02 4.9141966887e+02 9.1514385372e-01
7.71000e+02 4.9170727548e+02 9.2232724244e-01
7.72000e+02 4.9201952307e+02 2.3888049839e-01
7.73000e+02 4.9232707716e+02 2.3210322474e-01
7.74000e+02 4.9262036793e+02 1.9324991888e-01
7.75000e+02 4.9291597603e+02 2.0105815490e-01
7.76000e+02 4.9321084121e+02 2.0243150234e-01
7.77000e+02 4.9350489086e+02 2.0067063285e-01
7.78000e+02 4.9381855122e+02 2.3328389652e-01
7.79000e+02 4.9412638930e+02 2.6406186531e-01
7.80000e+02 4.9443113597e+02 2.5488410832e-01
7.81000e+02 4.9473830825e+02 2.2323616007e-01
7.82000e+02 4.9503795038e+02 2.0524691434e-01
7.83000e+02 4.9530480100e+02 8.3799497870e-02
7.84000e+02 4.9554411948e+02 8.5630210191e-01
7.85000e+02 4.9578840054e+02 1.0572607185e+00
7.86000e+02 4.9604032114e+02 1.0704352416e-01
7.87000e+02 4.9629138526e+02 1.1371953193e-01
7.88000e+02 4.9654722791e+02 1.1752786006e-01
7.89000e+02 4.9678229640e+02 7.2103794909e-02
7.90000e+02 4.9695530409e+02 1.2663444149e-01
7.91000e+02 4.9713826104e+02 1.1280924841e-01
7.92000e+02 4.9735684154e+02 3.4489397057e-01
7.93000e+02 4.9759455766e+02 1.0406233312e-01
7.94000e+02 4.9783852580e+02 8.4284435324e-01
7.95000e+02 4.9806086586e+02 1.0352820518e+00
7.96000e+02 4.9827220146e+02 3.8810336774e-01
7.97000e+02 4.9856168657e+02 4.5107724061e-01
7.98000e+02 4.9891289445e+02 2.3658565556e-01
7.99000e+02 4.9924753579e+02 6.8047099256e-01
8.00000e+02 4.9954903147e+02 6.9181059480e-01
8.01000e+02 4.9981025180e+02 8.2926720699e-02
8.02000e+02 5.0005749687e+02 3.9111403324e-01
8.03000e+02 5.0029360236e+02 9.8535836121e-02
8.04000e+02 5.0047336016e+02 6.8784342050e-02
8.05000e+02 5.0066230198e+02 1.3580577667e-01
8.06000e+02 5.0085785082e+02 9.8507474503e-02
8.07000e+02 5.0100517228e+02 2.3277760351e-01
8.08000e+02 5.0112619150e+02 2.2507223750e-01
8.09000e+02 5.0124488066e+02 2.8632305772e-02
8.10000e+02 5.0135915138e+02 3.5352162417e-02
8.11000e+02 5.0147572495e+02 2.1155867782e-03
8.12000e+02 5.0164099980e+02 1.8040751053e-01
8.13000e+02 5.0181135825e+02 1.6621912228e-01
8.14000e+02 5.0193808461e+02 1.0342170312e-02
8.15000e+02 5.0212735192e+02 3.2548975375e-04
8.16000e+02 5.0233298049e+02 1.2919097747e-01
8.17000e+02 5.0253701826e+02 1.3837819816e-01
8.18000e+02 5.0274823827e+02 2.5045175647e-02
8.19000e+02 5.0295818509e+02 3.0929182983e-02
8.20000e+02 5.0317233166e+02 3.3824806447e-02
8.21000e+02 5.0332966010e+02 1.0605942008e-01
8.22000e+02 5.0348413022e+02 1.0804729778e-02
8.23000e+02 5.0363131114e+02 9.3494265141e-02
8.24000e+02 5.0372322856e+02 1.2222914112e-01
8.25000e+02 5.0382576791e+02 1.9572340527e-01
8.26000e+02 5.0395934171e+02 7.3082733543e-02
8.27000e+02 5.0411311471e+02 6.2536086758e-03
8.28000e+02 5.0429374811e+02 1.1956403913e-01
8.29000e+02 5.0444896255e+02 1.0137566922e-01
8.30000e+02 5.0455182325e+02 1.4536206741e-01
8.31000e+02 5.0462706761e+02 6.8463366788e-03
8.32000e+02 5.0467540207e+02 1.9118476314e-01
8.33000e+02 5.0472002085e+02 3.0625588188e-02
8.34000e+02 5.0476082219e+02 3.8128075436e-02
8.35000e+02 5.0486469825e+02 1.4034426212e-02
8.36000e+02 5.0498378122e+02 8.9796761204e-03
8.37000e+02 5.0504917023e+02 2.0770235861e-02
8.38000e+02 5.0512720617e+02 2.0387174847e-01
8.39000e+02 5.0519001267e+02 9.2407943690e-02
8.40000e+02 5.0523363838e+02 2.2085936313e-01
8.41000e+02 5.0531670857e+02 1.9913295074e-01
8.42000e+02 5.0539455437e+02 5.7793928842e-02
8.43000e+02 5.0545625234e+02 2.0735892493e-01
8.44000e+02 5.0551116967e+02 3.1445437055e-02
8.45000e+02 5.0556537482e+02 7.4928151086e-03
8.46000e+02 5.0566741810e+02 6.8308190895e-02
8.47000e+02 5.0574666168e+02 1.5044804012e-01
8.48000e+02 5.0575351980e+02 1.1222484326e-01
8.49000e+02 5.0577298877e+02 3.0504559820e-01
8.50000e+02 5.0582891885e+02 1.8662944174e-01
8.51000e+02 5.0590733667e+02 7.2892260811e-02
8.52000e+02 5.0601517014e+02 1.4450739682e-01
8.53000e+02 5.0609075425e+02 1.1577208765e-01
8.54000e+02 5.0614796783e+02 7.1535867203e-02
8.55000e+02 5.0624656648e+02 1.4089466795e-02
8.56000e+02 5.0634155800e+02 1.6604573529e-01
8.57000e+02 5.0647077110e+02 5.1384904042e-02
8.58000e+02 5.0665414731e+02 1.4023801294e-01
8.59000e+02 5.0682640704e+02 9.6675625955e-02
8.60000e+02 5.0696709146e+02 7.2293634219e-02
8.61000e+02 5.0707460886e+02 1.5929052882e-01
8.62000e+02 5.0714758325e+02 6.9304238444e-02
8.63000e+02 5.0721436230e+02 4.0738343798e-02
8.64000e+02 5.0731720029e+02 2.4072850624e-02
8.65000e+02 5.0742631253e+02 1.5180670914e-01
8.66000e+02 5.0749531474e+02 3.9721751920e-03
8.67000e+02 5.0761642547e+02 6.7552509228e-02
8.68000e+02 5.0775402701e+02 1.1785494760e-01
8.69000e+02 5.0783802203e+02 6.8328075444e-03
8.70000e+02 5.0793536763e+02 5.4923927363e-03
8.71000e+02 5.0801583557e+02 1.5124192577e-01
8.72000e+02 5.0807593849e+02 2.4873968889e-01
8.73000e+02 5.0813950484e+02 1.4740989032e-01
8.74000e+02 5.0817180287e+02 1.0530350485e-01
8.75000e+02 5.0821239582e+02 3.1622428038e-01
8.76000e+02 5.0825540710e+02 8.1169504239e-02
8.77000e+02 5.0830017269e+02 8.6118040210e-03
8.78000e+02 5.0836264503e+02 2.3819100190e-02
8.79000e+02 5.0842334919e+02 1.4464012154e-01
8.80000e+02 5.0847036139e+02 4.0009185805e-03
8.81000e+02 5.0852240411e+02 1.6518152844e-02
8.82000e+02 5.0857415884e+02 4.7425257085e-03
8.83000e+02 5.0857923333e+02 8.4407432354e-02
8.84000e+02 5.0856082515e+02 3.3110112556e-01
8.85000e+02 5.0854138348e+02 2.4516163659e-02
8.86000e+02 5.0851763286e+02 2.9834091187e-02
8.87000e+02 5.0849596170e+02 2.2294845731e-03
8.88000e+02 5.0847309970e+02 1.3386348192e-03
8.89000e+02 5.0850932860e+02 1.5813824923e-02
8.90000e+02 5.0856062476e+02 1.1150048882e-01
8.91000e+02 5.0855969985e+02 2.0746246307e-02
8.92000e+02 5.0857146288e+02 2.6286176054e-01
8.93000e+02 5.0859692409e+02 3.5173683125e-01
8.94000e+02 5.0858846157e+02 3.5124977212e-02
8.95000e+02 5.0862494506e+02 2.5459912078e-04
8.96000e+02 5.0867875356e+02 2.3237833494e-02
8.97000e+02 5.0873271082e+02 1.7473756767e-02
8.98000e+02 5.0882024489e+02 2.4050771104e-01
8.99000e+02 5.0892301453e+02 7.7308437142e-02
9.00000e+02 5.0905349863e+02 1.4684839057e-01
9.01000e+02 5.0918437786e+02 1.0738886152e-01
9.02000e+02 5.0932177918e+02 6.9172309703e-03
9.03000e+02 5.0945572958e+02 3.0711661431e-03
9.04000e+02 5.0955043554e+02 1.0316847492e-01
9.05000e+02 5.0969255689e+02 3.5784193115e-02
9.06000e+02 5.0989945396e+02 1.1936299536e-01
9.07000e+02 5.1009300679e+02 1.1825102396e-02
9.08000e+02 5.1024987132e+02 1.0305602693e-01
9.09000e+02 5.1037232598e+02 1.7165246545e-01
9.10000e+02 5.1046000394e+02 1.7850880569e-01
9.11000e+02 5.1054112305e+02 1.4869364341e-01
9.12000e+02 5.1061577813e+02 3.4191554821e-02
9.13000e+02 5.1069072426e+02 6.1729757440e-03
9.14000e+02 5.1081261771e+02 3.6945971394e-03
9.15000e+02 5.1093857353e+02 1.5978259711e-02
9.16000e+02 5.1101937621e+02 6.1475901558e-03
9.17000e+02 5.1109394360e+02 4.0696462096e-03
9.18000e+02 5.1116688789e+02 7.8583782409e-03
9.19000e+02 5.1124057478e+02 8.8050058363e-04
9.20000e+02 5.1131302807e+02 4.9100942553e-04
9.21000e+02 5.1145474168e+02 1.0254522915e-01
9.22000e+02 5.1161012340e+02 9.1689606842e-02
9.23000e+02 5.1176266932e+02 8.0765611805e-02
9.24000e+02 5.1192106085e+02 7.7675040212e-02
9.25000e+02 5.1202297640e+02 2.8228665380e-02
9.26000e+02 5.1210073962e+02 2.7067763138e-02
9.27000e+02 5.1224376532e+02 1.7950547701e-02
9.28000e+02 5.1239862500e+02 2.1464449202e-02
9.29000e+02 5.1249498146e+02 5.5590951941e-03
9.30000e+02 5.1257016046e+02 2.0516801211e-02
9.31000e+02 5.1264430664e+02 2.2210281048e-02
9.32000e+02 5.1271427704e+02 5.2086093856e-03
9.33000e+02 5.1278616017e+02 2.2630478971e-03
9.34000e+02 5.1285606817e+02 6.2394431154e-05
9.35000e+02 5.1292808665e+02 1.3534755504e-04
9.36000e+02 5.1299866781e+02 6.7315336796e-04
9.37000e+02 5.1314158078e+02 1.1273065167e-04
9.38000e+02 5.1329786196e+02 1.3088849407e-03
9.39000e+02 5.1339400844e+02 2.4128002985e-02
9.40000e+02 5.1350344883e+02 1.2453061650e-02
9.41000e+02 5.1362282333e+02 1.9021922567e-02
9.42000e+02 5.1370639311e+02 1.2876002147e-02
9.43000e+02 5.1378253534e+02 3.2444855690e-02
9.44000e+02 5.1385615915e+02 9.9459664873e-03
9.45000e+02 5.1393057619e+02 1.7251964221e-03
9.46000e+02 5.1400361387e+02 5.8612683429e-04
9.47000e+02 5.1414724214e+02 7.1529527622e-04
9.48000e+02 5.1430452782e+02 1.7190730208e-03
9.49000e+02 5.1445895277e+02 1.0796683169e-02
9.50000e+02 5.1461927344e+02 1.3820883319e-02
9.51000e+02 5.1477761301e+02 3.9146232907e-03
9.52000e+02 5.1496200810e+02 1.0688703263e-02
9.53000e+02 5.1514030585e+02 2.5933101359e-02
9.54000e+02 5.1531362213e+02 3.6985977956e-02
9.55000e+02 5.1552138232e+02 8.8385691096e-02
9.56000e+02 5.1574710426e+02 9.0374379232e-02
9.57000e+02 5.1596858955e+02 1.0400909803e-01
9.58000e+02 5.1619572144e+02 5.9943165038e-02
9.59000e+02 5.1639431128e+02 1.6656901190e-02
9.60000e+02 5.1653219979e+02 1.8521452001e-02
9.61000e+02 5.1664051918e+02 1.8406958246e-01
9.62000e+02 5.1672110923e+02 3.7538233903e-02
9.63000e+02 5.1685716329e+02 6.9912515859e-02
9.64000e+02 5.1700686989e+02 2.6392779927e-02
9.65000e+02 5.1710309304e+02 1.2096244242e-02
9.66000e+02 5.1720839993e+02 1.2182499568e-01
9.67000e+02 5.1729877744e+02 1.0821233569e-01
9.68000e+02 5.1736967804e+02 4.3882457722e-02
9.69000e+02 5.1747966850e+02 1.7331478942e-01
9.70000e+02 5.1758479743e+02 1.2454741544e-02
9.71000e+02 5.1772841171e+02 1.0727343518e-02
9.72000e+02 5.1792745417e+02 4.4999625441e-02
9.73000e+02 5.1811540169e+02 7.9282454493e-02
9.74000e+02 5.1829316288e+02 4.7785795621e-02
9.75000e+02 5.1850653724e+02 1.0338391507e-01
9.76000e+02 5.1872089669e+02 1.0923051009e-01
9.77000e+02 5.1890933166e+02 1.4203920042e-02
9.78000e+02 5.1908451768e+02 2.4983709341e-02
9.79000e+02 5.1933082250e+02 1.0269054266e-01
9.80000e+02 5.1963647664e+02 1.6210641442e-01
9.81000e+02 5.1994234948e+02 1.1123501990e-01
9.82000e+02 5.2025870890e+02 2.5231536592e-01
9.83000e+02 5.2057089151e+02 2.3963627743e-01
9.84000e+02 5.2085093977e+02 1.1021060415e-01
9.85000e+02 5.2119445313e+02 2.3638521491e-01
9.86000e+02 5.2154762024e+02 4.4706327647e-01
9.87000e+02 5.2183444437e+02 3.0675694232e-01
9.88000e+02 5.2212965624e+02 2.1824909742e-01
9.89000e+02 5.2242036959e+02 5.4938204553e-01
9.90000e+02 5.2268639084e+02 4.7498631580e-01
9.91000e+02 5.2295186846e+02 1.4183605661e-01
9.92000e+02 5.2320938132e+02 1.3318582785e-01
9.93000e+02 5.2346971282e+02 1.2790652978e-01
9.94000e+02 5.2371327599e+02 4.4650950689e-02
9.95000e+02 5.2396027183e+02 5.1104644836e-01
9.96000e+02 5.2422223668e+02 1.3223061417e-01
9.97000e+02 5.2448021367e+02 1.2974387344e-01
9.98000e+02 5.2473453514e+02 1.2197074990e-01
9.99000e+02 5.2502781148e+02 1.9912457157e-01
1.00000e+03 5.2533575350e+02 5.7591589463e-01
1.00100e+03 5.2561595349e+02 1.4407177441e-01
1.00200e+03 5.2587586676e+02 1.4951950110e-01
1.00300e+03 5.2613662310e+02 1.2992633893e-01
1.00400e+03 5.2639046521e+02 1.2372525155e-01
1.00500e+03 5.2664749523e+02 1.1987520092e-01
1.00600e+03 5.2689953032e+02 1.1794831275e-01
1.00700e+03 5.2715529919e+02 1.1656920791e-01
1.00800e+03 5.2740153883e+02 4.4825889451e-01
1.00900e+03 5.2765053796e+02 6.4675232560e-01
1.01000e+03 5.2789627739e+02 6.4560535459e-01
1.01100e+03 5.2809616384e+02 7.0643314226e-01
1.01200e+03 5.2828222224e+02 3.8804845757e-01
1.01300e+03 5.2847706573e+02 8.6456754237e-01
1.01400e+03 5.2868075306e+02 1.7628933770e-02
1.01500e+03 5.2888383463e+02 2.5849380623e-02
1.01600e+03 5.2909193561e+02 1.9747780407e-02
1.01700e+03 5.2927243838e+02 2.8024517514e-02
1.01800e+03 5.2938984329e+02 1.2833452331e-01
1.01900e+03 5.2948104651e+02 3.1631652864e-01
1.02000e+03 5.2954801913e+02 1.1797141662e+00
1.02100e+03 5.2961192609e+02 2.7296271655e-02
1.02200e+03 5.2971812457e+02 8.9240140531e-02
1.02300e+03 5.2980209496e+02 1.9982298334e-01
1.02400e+03 5.2986437631e+02 5.7966985249e-02
1.02500e+03 5.2993093907e+02 4.2323207480e-02
1.02600e+03 5.2999026474e+02 2.9556784234e-03
1.02700e+03 5.3005533974e+02 1.4877631390e-03
1.02800e+03 5.3011563640e+02 9.7098793606e-04
1.02900e+03 5.3018186408e+02 1.1526822713e-03
1.03000e+03 5.3023115499e+02 6.8113999597e-02
1.03100e+03 5.3028740816e+02 2.5263768176e-01
1.03200e+03 5.3034329190e+02 9.0637209429e-02
1.03300e+03 5.3040047745e+02 9.3237832087e-04
1.03400e+03 5.3045905091e+02 2.6897290477e-03
1.03500e+03 5.3051779642e+02 1.5599531786e-03
1.03600e+03 5.3057833103e+02 1.9611498746e-03
1.03700e+03 5.3063865682e+02 1.5802823170e-03
1.03800e+03 5.3071278646e+02 1.3832983084e-02
1.03900e+03 5.3080493033e+02 1.8036056153e-01
1.04000e+03 5.3093115607e+02 1.7281530975e-01
1.04100e+03 5.3105973570e+02 3.7475573318e-02
1.04200e+03 5.3116335752e+02 6.0580838406e-02
1.04300e+03 5.3125365596e+02 1.9719100835e-01
1.04400e+03 5.3133835144e+02 1.7001280247e-01
1.04500e+03 5.3148660141e+02 1.0174333218e-01
1.04600e+03 5.3169700326e+02 8.1346083283e-02
1.04700e+03 5.3191319512e+02 1.1118931740e-02
1.04800e+03 5.3214406385e+02 5.6097077045e-02
1.04900e+03 5.3237205585e+02 6.7841121081e-02
1.05000e+03 5.3256630411e+02 2.1119436048e-01
1.05100e+03 5.3281608417e+02 2.0265361087e-02
1.05200e+03 5.3307737364e+02 1.7155507599e-01
1.05300e+03 5.3327784632e+02 1.5131461796e-01
1.05400e+03 5.3345285867e+02 1.0091914567e-03
1.05500e+03 5.3369866553e+02 1.1588582846e-01
1.05600e+03 5.3395510627e+02 1.1092120951e-01
1.05700e+03 5.3420737809e+02 1.1727524287e-01
1.05800e+03 5.3449534031e+02 1.3422582945e-01
1.05900e+03 5.3479055536e+02 9.1541529680e-02
1.06000e+03 5.3508748004e+02 3.5484023881e-01
1.06100e+03 5.3543973600e+02 9.9984148742e-02
1.06200e+03 5.3579852930e+02 3.1939469344e-01
1.06300e+03 5.3615042217e+02 3.1871219244e-01
1.06400e+03 5.3653615475e+02 1.8922035633e-01
1.06500e+03 5.3692559132e+02 4.4870691787e-01
1.06600e+03 5.3731467891e+02 5.1044055466e-01
1.06700e+03 5.3776323446e+02 9.6662693660e-02
1.06800e+03 5.3826067773e+02 5.5996889493e-01
1.06900e+03 5.3873822219e+02 1.1914267018e+00
1.07000e+03 5.3918798505e+02 5.0592907478e-01
1.07100e+03 5.3959118722e+02 1.0681531826e+00
1.07200e+03 5.3997189514e+02 1.3392241583e+00
1.07300e+03 5.4035145514e+02 9.4920448322e-01
1.07400e+03 5.4073385732e+02 3.6804605272e-01
1.07500e+03 5.4111095959e+02 7.2193913337e-02
1.07600e+03 5.4146388653e+02 8.0373895318e-01
1.07700e+03 5.4184298248e+02 3.6721394956e-01
1.07800e+03 5.4221305288e+02 3.8023154834e-01
1.07900e+03 5.4263748592e+02 1.1115997559e+00
1.08000e+03 5.4306984626e+02 1.0930856340e+00
1.08100e+03 5.4343562740e+02 7.7940791580e-01
1.08200e+03 5.4376841892e+02 7.7052657420e-01
1.08300e+03 5.4409531797e+02 2.9389633302e-01
1.08400e+03 5.4441487857e+02 2.5119456924e-01
1.08500e+03 5.4483084769e+02 4.5322950066e-01
1.08600e+03 5.4525719672e+02 4.4676495920e-01
1.08700e+03 5.4561145889e+02 2.7830649439e-01
1.08800e+03 5.4593581358e+02 2.8282228012e-01
1.08900e+03 5.4634873454e+02 4.4327003517e-01
1.09000e+03 5.4677199390e+02 4.3973710503e-01
1.09100e+03 5.4718934067e+02 4.4372317049e-01
1.09200e+03 5.4761319947e+02 4.4387888170e-01
1.09300e+03 5.4797309654e+02 2.8817435718e-01
1.09400e+03 5.4829749338e+02 7.9647095086e-01
1.09500e+03 5.4870733723e+02 4.3593209016e-01
1.09600e+03 5.4917510496e+02 4.8168752141e-01
1.09700e+03 5.4962578132e+02 2.4946172052e+00
1.09800e+03 5.5004759051e+02 4.3344654781e-01
1.09900e+03 5.5046890744e+02 4.4448617408e-01
1.10000e+03 5.5089039647e+02 4.4372152823e-01
1.10100e+03 5.5125544284e+02 8.0082378226e-01
1.10200e+03 5.5160949660e+02 2.1695440876e+00
1.10300e+03 5.5196689007e+02 2.1456720787e+00
1.10400e+03 5.5229579484e+02 8.8404577741e-01
1.10500e+03 5.5261192006e+02 8.3424057506e-01
1.10600e+03 5.5292102101e+02 2.2554500542e-01
1.10700e+03 5.5323111416e+02 2.1928739507e-01
1.10800e+03 5.5359650279e+02 3.2381550940e-01
1.10900e+03 5.5396739578e+02 7.9650752550e-01
1.11000e+03 5.5430869438e+02 2.5002876680e+00
1.11100e+03 5.5464788341e+02 2.8025435991e-01
1.11200e+03 5.5497889976e+02 2.6969185193e-01
1.11300e+03 5.5531259387e+02 2.6392724280e-01
1.11400e+03 5.5564136943e+02 2.6142252767e-01
1.11500e+03 5.5600925035e+02 6.1352982422e-01
1.11600e+03 5.5638660596e+02 1.0388347849e+00
1.11700e+03 5.5674251651e+02 2.8337753837e-01
1.11800e+03 5.5705078301e+02 3.5119440289e-01
1.11900e+03 5.5732385385e+02 7.2122295371e-01
1.12000e+03 5.5755859077e+02 8.6520581547e-01
1.12100e+03 5.5778595217e+02 6.0385906943e-02
1.12200e+03 5.5800658533e+02 4.6221746877e-02
1.12300e+03 5.5830972810e+02 1.1676452366e+00
1.12400e+03 5.5867643056e+02 3.2102106519e-01
1.12500e+03 5.5902748592e+02 3.1584485303e-01
1.12600e+03 5.5934617838e+02 7.9125321439e-01
1.12700e+03 5.5962452989e+02 9.7165627808e-02
1.12800e+03 5.5988900409e+02 4.8574176471e-01
1.12900e+03 5.6014407274e+02 9.5986710824e-02
1.13000e+03 5.6037882907e+02 8.7692150052e-02
1.13100e+03 5.6061630980e+02 7.0016544207e-02
1.13200e+03 5.6083003846e+02 7.8953361810e-03
1.13300e+03 5.6104988515e+02 3.2500841126e-01
1.13400e+03 5.6129064473e+02 7.5949777224e-02
1.13500e+03 5.6155217022e+02 1.1371458574e+00
1.13600e+03 5.6183576723e+02 1.4255683130e-01
1.13700e+03 5.6209872497e+02 1.0135084158e-01
1.13800e+03 5.6231225974e+02 1.4865445072e-01
1.13900e+03 5.6249400332e+02 3.7879150249e-01
1.14000e+03 5.6264291021e+02 4.0375491227e-01
1.14100e+03 5.6278614501e+02 3.8508785420e-02
1.14200e+03 5.6292404424e+02 4.9477928361e-02
1.14300e+03 5.6306329212e+02 3.9869199984e-03
1.14400e+03 5.6320077199e+02 4.4022976514e-03
1.14500e+03 5.6341507391e+02 7.0329064794e-02
1.14600e+03 5.6364314358e+02 2.0164605861e-01
1.14700e+03 5.6386862033e+02 1.6782285218e-01
1.14800e+03 5.6410103817e+02 5.5150777594e-02
1.14900e+03 5.6433197544e+02 6.0556152821e-02
1.15000e+03 5.6459159821e+02 1.6824141626e-01
1.15100e+03 5.6486114190e+02 1.5043246822e-01
1.15200e+03 5.6515186160e+02 1.5740473167e-01
1.15300e+03 5.6544124906e+02 1.7709110144e-01
1.15400e+03 5.6570473670e+02 2.3730597322e-01
1.15500e+03 5.6595191078e+02 2.6517352678e-01
1.15600e+03 5.6624258050e+02 1.7686402543e-01
1.15700e+03 5.6652670125e+02 2.3290666646e-01
1.15800e+03 5.6678318196e+02 3.2405397987e-01
1.15900e+03 5.6703876828e+02 2.5152501210e-01
1.16000e+03 5.6726431711e+02 2.0723673235e-01
1.16100e+03 5.6749486367e+02 2.7966873800e-01
1.16200e+03 5.6772709481e+02 1.3246122616e-01
1.16300e+03 5.6795954866e+02 6.1206109544e-02
1.16400e+03 5.6819457700e+02 6.3942108750e-02
1.16500e+03 5.6837603528e+02 1.1097136411e-01
1.16600e+03 5.6852784278e+02 2.2885383089e-01
1.16700e+03 5.6867640894e+02 2.7007570601e-02
1.16800e+03 5.6881929591e+02 8.9205316293e-03
1.16900e+03 5.6903961623e+02 5.1744624442e-02
1.17000e+03 5.6932062305e+02 1.3314858985e-01
1.17100e+03 5.6958752223e+02 1.4432829160e-01
1.17200e+03 5.6984396382e+02 1.1961872980e-01
1.17300e+03 5.7013161170e+02 1.7494757679e-01
1.17400e+03 5.7041821721e+02 1.9541141997e-01
1.17500e+03 5.7067777583e+02 2.9729685641e-01
1.17600e+03 5.7096898659e+02 2.5334746821e-01
1.17700e+03 5.7125331136e+02 1.3692471001e-01
1.17800e+03 5.7146972082e+02 1.7533668728e-01
1.17900e+03 5.7164936283e+02 1.9011438880e-02
1.18000e+03 5.7183212896e+02 2.8343158491e-02
1.18100e+03 5.7202151373e+02 1.8314583133e-01
1.18200e+03 5.7217826570e+02 6.5832820192e-03
1.18300e+03 5.7232609768e+02 3.4952035584e-03
1.18400e+03 5.7247083851e+02 1.5502845480e-02
1.18500e+03 5.7261675378e+02 1.9167142736e-03
1.18600e+03 5.7276144324e+02 1.9661669476e-03
1.18700e+03 5.7298429071e+02 1.7768849873e-01
1.18800e+03 5.7322062295e+02 5.5170909870e-02
1.18900e+03 5.7345380158e+02 6.5446908374e-02
1.19000e+03 5.7369376733e+02 6.9014963749e-02
1.19100e+03 5.7387533206e+02 3.5649460679e-02
1.19200e+03 5.7405866996e+02 5.7176498072e-04
1.19300e+03 5.7423526224e+02 6.2152985273e-02
1.19400e+03 5.7435338880e+02 1.2183919680e-01
1.19500e+03 5.7448140749e+02 1.5793134955e-01
1.19600e+03 5.7464198322e+02 1.0301275452e-01
1.19700e+03 5.7482150278e+02 9.2940200723e-03
1.19800e+03 5.7502614929e+02 8.3399453679e-02
1.19900e+03 5.7523090880e+02 1.0855600722e-01
1.20000e+03 5.7544250089e+02 1.2158562446e-02
1.20100e+03 5.7562753037e+02 5.8538543184e-02
1.20200e+03 5.7575137895e+02 8.3692678092e-02
1.20300e+03 5.7584676776e+02 9.8577377798e-03
1.20400e+03 5.7591644783e+02 2.9547705384e-02
1.20500e+03 5.7604174236e+02 5.2017472592e-02
1.20600e+03 5.7618170497e+02 2.5961902233e-02
1.20700e+03 5.7632170181e+02 1.4702306364e-02
1.20800e+03 5.7646828210e+02 6.6176899914e-03
1.20900e+03 5.7656165696e+02 2.0139568175e-03
1.21000e+03 5.7663201756e+02 1.3314106606e-03
1.21100e+03 5.7676640173e+02 5.6126728099e-03
1.21200e+03 5.7695399893e+02 3.2234467387e-02
1.21300e+03 5.7713138379e+02 2.4557615670e-02
1.21400e+03 5.7727988597e+02 9.0059000115e-05
1.21500e+03 5.7743234308e+02 5.0275180615e-02
1.21600e+03 5.7760434442e+02 1.5595873018e-02
1.21700e+03 5.7777318934e+02 2.4120214489e-02
1.21800e+03 5.7793837899e+02 6.8116782406e-03
1.21900e+03 5.7814131589e+02 1.0323787681e-02
1.22000e+03 5.7836292735e+02 2.0332834126e-02
1.22100e+03 5.7858049045e+02 3.4938705438e-02
1.22200e+03 5.7877291857e+02 1.5714378523e-01
1.22300e+03 5.7901489428e+02 6.7133451493e-02
1.22400e+03 5.7931499649e+02 1.8012977908e-01
1.22500e+03 5.7959991996e+02 2.8922333670e-01
1.22600e+03 5.7985270646e+02 2.0642689702e-01
1.22700e+03 5.8010694251e+02 1.9220999271e-01
1.22800e+03 5.8036092634e+02 1.9321510701e-01
1.22900e+03 5.8056398727e+02 1.2999857336e-01
1.23000e+03 5.8075844311e+02 1.8820900338e-01
1.23100e+03 5.8094204100e+02 2.2564670597e-03
1.23200e+03 5.8107069311e+02 1.2533171496e-01
1.23300e+03 5.8117013033e+02 8.4397083891e-02
1.23400e+03 5.8127000657e+02 9.2325396845e-02
1.23500e+03 5.8134918202e+02 2.0800448367e-01
1.23600e+03 5.8141105675e+02 2.3822747717e-01
1.23700e+03 5.8151552980e+02 1.7302326516e-02
1.23800e+03 5.8161659674e+02 1.6772291626e-01
1.23900e+03 5.8170040239e+02 1.0786463853e-01
1.24000e+03 5.8182140897e+02 1.7886974946e-01
1.24100e+03 5.8191803417e+02 4.1745861592e-03
1.24200e+03 5.8194721131e+02 9.9474961712e-02
1.24300e+03 5.8195278280e+02 1.0992268331e-01
1.24400e+03 5.8193853498e+02 1.1531476477e-01
1.24500e+03 5.8192275024e+02 1.3655568379e-01
1.24600e+03 5.8190513802e+02 3.3643927168e-03
1.24700e+03 5.8188965866e+02 3.0556410229e-03
1.24800e+03 5.8192207097e+02 8.8594267326e-02
1.24900e+03 5.8192628627e+02 1.9178538258e-01
1.25000e+03 5.8185927894e+02 9.6184476155e-02
1.25100e+03 5.8177274108e+02 7.1058501416e-02
1.25200e+03 5.8167171507e+02 8.3413802352e-02
1.25300e+03 5.8157104259e+02 9.7465002335e-02
1.25400e+03 5.8151133100e+02 9.2123900806e-02
1.25500e+03 5.8141671635e+02 1.9491824435e-01
1.25600e+03 5.8130307765e+02 1.9279844790e-01
1.25700e+03 5.8123903838e+02 4.0209171000e-01
1.25800e+03 5.8120008246e+02 3.7752805008e-01
1.25900e+03 5.8116222567e+02 2.6182486996e-02
1.26000e+03 5.8108743339e+02 2.6233738634e-02
1.26100e+03 5.8104248422e+02 5.1627333726e-01
1.26200e+03 5.8106343860e+02 2.4094023226e-01
1.26300e+03 5.8110560611e+02 1.0623179803e-01
1.26400e+03 5.8117109477e+02 2.3332056195e-01
1.26500e+03 5.8123594052e+02 2.2678243751e-02
1.26600e+03 5.8126447589e+02 4.1242941805e-01
1.26700e+03 5.8133122971e+02 1.1170299788e-01
1.26800e+03 5.8141326700e+02 2.5512115504e-01
1.26900e+03 5.8144566668e+02 1.3664007293e-01
1.27000e+03 5.8149044910e+02 1.9493301605e-03
1.27100e+03 5.8154557070e+02 3.0369649720e-01
1.27200e+03 5.8160883220e+02 1.3305248298e-01
1.27300e+03 5.8167069949e+02 1.1129894597e-01
1.27400e+03 5.8173732473e+02 3.3637451282e-03
1.27500e+03 5.8180106955e+02 1.8775238417e-03
1.27600e+03 5.8182034011e+02 1.0232649453e-01
1.27700e+03 5.8188054159e+02 2.6141838292e-01
1.27800e+03 5.8200934611e+02 8.5099728312e-02
1.27900e+03 5.8215249820e+02 1.8163143601e-01
1.28000e+03 5.8231353683e+02 9.4413396067e-02
1.28100e+03 5.8247198992e+02 1.5300997849e-02
1.28200e+03 5.8263447652e+02 1.4479680598e-03
1.28300e+03 5.8279241593e+02 5.1367376261e-04
1.28400e+03 5.8295293420e+02 1.9683303278e-03
1.28500e+03 5.8307704007e+02 3.6145516748e-02
1.28600e+03 5.8313363194e+02 2.8660237826e-01
1.28700e+03 5.8316624282e+02 1.3661894298e-02
1.28800e+03 5.8317665184e+02 2.7001850683e-01
1.28900e+03 5.8323557765e+02 1.1560107778e-01
1.29000e+03 5.8335196864e+02 4.8522917348e-02
1.29100e+03 5.8345955197e+02 1.7932235427e-01
1.29200e+03 5.8355785239e+02 4.6932101775e-02
1.29300e+03 5.8369485779e+02 4.0873442968e-02
1.29400e+03 5.8385138375e+02 1.0977579641e-01
1.29500e+03 5.8400440393e+02 9.3651241918e-02
1.29600e+03 5.8416322712e+02 9.1260357597e-02
1.29700e+03 5.8428425233e+02 3.3443295530e-02
1.29800e+03 5.8438350612e+02 1.3343679398e-01
1.29900e+03 5.8452419880e+02 1.0349660056e-01
1.30000e+03 5.8468101049e+02 5.1332673917e-02
1.30100e+03 5.8483378631e+02 3.6890797412e-02
1.30200e+03 5.8495381698e+02 1.9417394004e-02
1.30300e+03 5.8511674512e+02 6.7988040728e-02
1.30400e+03 5.8534221225e+02 7.6892162334e-02
1.30500e+03 5.8557725283e+02 1.0166274201e-01
1.30600e+03 5.8580260457e+02 1.0532106579e-01
1.30700e+03 5.8607615125e+02 1.3076125175e-01
1.30800e+03 5.8635794737e+02 1.7242921496e-01
1.30900e+03 5.8657874929e+02 4.3056274586e-02
1.31000e+03 5.8677169181e+02 1.0604000210e-02
1.31100e+03 5.8703503769e+02 1.4191328284e-01
1.31200e+03 5.8735476604e+02 1.0489646603e-01
1.31300e+03 5.8767431396e+02 2.0031648004e-01
1.31400e+03 5.8798418978e+02 2.5312066768e-01
1.31500e+03 5.8835227064e+02 1.0473497870e-01
1.31600e+03 5.8872683313e+02 3.3916797565e-01
1.31700e+03 5.8903385023e+02 3.4967612875e-01
1.31800e+03 5.8934505797e+02 3.6514745447e-01
1.31900e+03 5.8965325559e+02 6.2162721732e-01
1.32000e+03 5.8989828097e+02 2.1028269027e-02
1.32100e+03 5.9010517462e+02 1.0012345548e-01
1.32200e+03 5.9028035581e+02 2.1578879054e-02
1.32300e+03 5.9045042335e+02 5.8383402369e-02
1.32400e+03 5.9066335740e+02 3.1198048503e-01
1.32500e+03 5.9086609623e+02 1.2646602713e-01
1.32600e+03 5.9104412340e+02 3.4232960165e-01
1.32700e+03 5.9122377744e+02 2.3084800545e-02
1.32800e+03 5.9139556307e+02 2.9303253936e-02
1.32900e+03 5.9157165431e+02 3.5627920999e-03
1.33000e+03 5.9174252926e+02 4.4699130265e-03
1.33100e+03 5.9191820173e+02 4.1876664625e-04
1.33200e+03 5.9207925239e+02 1.9248355859e-01
1.33300e+03 5.9224508152e+02 5.8673633014e-02
1.33400e+03 5.9242346739e+02 7.0925703938e-03
1.33500e+03 5.9262597850e+02 4.2189948141e-01
1.33600e+03 5.9284307839e+02 9.2048153363e-02
1.33700e+03 5.9303617611e+02 3.3065621598e-01
1.33800e+03 5.9325884810e+02 2.0961339209e-02
1.33900e+03 5.9346669778e+02 1.7633512850e-02
1.34000e+03 5.9360859647e+02 2.6133407588e-01
1.34100e+03 5.9375918536e+02 1.1043763052e-01
1.34200e+03 5.9391633545e+02 1.5251406326e-02
1.34300e+03 5.9407460749e+02 2.2919310261e-02
1.34400e+03 5.9425789525e+02 1.6950414932e-01
1.34500e+03 5.9445716601e+02 1.7700020710e-02
1.34600e+03 5.9466810165e+02 2.1570683519e-01
1.34700e+03 5.9492668281e+02 1.3581521650e-01
1.34800e+03 5.9523474347e+02 1.4245522730e-01
1.34900e+03 5.9554517038e+02 1.1115615142e-01
1.35000e+03 5.9585023603e+02 1.4116190818e-01
1.35100e+03 5.9621099377e+02 2.4448935902e-01
1.35200e+03 5.9657831373e+02 5.0144663113e-01
1.35300e+03 5.9693858818e+02 3.2264301435e-01
1.35400e+03 5.9730234005e+02 3.1875228088e-01
1.35500e+03 5.9760483501e+02 2.5023917217e-01
1.35600e+03 5.9790321303e+02 2.0443335740e-01
1.35700e+03 5.9819873226e+02 1.0408768040e+00
1.35800e+03 5.9847127449e+02 8.0441703814e-01
1.35900e+03 5.9874406031e+02 1.3931937234e-01
1.36000e+03 5.9899200339e+02 1.1580879870e-01
1.36100e+03 5.9920794185e+02 2.2291305838e-03
1.36200e+03 5.9940778367e+02 7.6953432430e-01
1.36300e+03 5.9959128115e+02 8.9288341923e-02
1.36400e+03 5.9975594664e+02 5.7895744325e-02
1.36500e+03 5.9992470883e+02 7.2573133601e-02
1.36600e+03 6.0008762665e+02 7.4248237452e-02
1.36700e+03 6.0025588677e+02 7.4676054640e-02
1.36800e+03 6.0041991958e+02 7.3486387607e-02
1.36900e+03 6.0062973610e+02 8.7238332798e-01
1.37000e+03 6.0085701462e+02 3.0877112674e-02
1.37100e+03 6.0107918828e+02 4.3203377689e-02
1.37200e+03 6.0130735831e+02 4.4051687878e-02
1.37300e+03 6.0153102521e+02 4.5500871037e-02
1.37400e+03 6.0175825480e+02 4.4514930597e-02
1.37500e+03 6.0198167509e+02 4.4223802670e-02
1.37600e+03 6.0220838367e+02 4.3658565527e-02
1.37700e+03 6.0240657776e+02 4.3478932234e-02
1.37800e+03 6.0258258788e+02 3.8451385219e-01
1.37900e+03 6.0276090210e+02 3.6424945803e-01
1.38000e+03 6.0293126207e+02 5.6501573403e-03
1.38100e+03 6.0314543662e+02 3.4369176985e-02
1.38200e+03 6.0336067217e+02 4.7673513886e-01
1.38300e+03 6.0355003697e+02 9.0513032198e-01
1.38400e+03 6.0372697863e+02 5.0009619898e-01
1.38500e+03 6.0397307000e+02 5.3936332304e-01
1.38600e+03 6.0423075903e+02 5.4856991631e-01
1.38700e+03 6.0442887490e+02 8.7510719337e-03
1.38800e+03 6.0463722710e+02 1.5978429624e-02
1.38900e+03 6.0483532843e+02 1.1135808939e-01
1.39000e+03 6.0501108860e+02 6.4560161540e-02
1.39100e+03 6.0518871847e+02 2.0471467253e-02
1.39200e+03 6.0535888166e+02 2.6047979258e-02
1.39300e+03 6.0557068992e+02 1.3596156791e-02
1.39400e+03 6.0579834363e+02 3.2884068677e-02
1.39500e+03 6.0599349885e+02 1.7525359143e-02
1.39600e+03 6.0616933376e+02 2.3179548736e-02
1.39700e+03 6.0634786671e+02 1.6622267052e-02
1.39800e+03 6.0651933295e+02 1.2668089729e-02
1.39900e+03 6.0673519703e+02 3.6906999385e-02
1.40000e+03 6.0696693871e+02 4.0958069488e-02
1.40100e+03 6.0716341213e+02 1.7940466310e-02
1.40200e+03 6.0730909354e+02 1.0369917378e-01
1.40300e+03 6.0746299695e+02 4.3213340585e-02
1.40400e+03 6.0762098856e+02 1.2310199122e-02
1.40500e+03 6.0777992594e+02 5.0339744271e-03
1.40600e+03 6.0796080591e+02 4.6283822434e-02
1.40700e+03 6.0815987507e+02 2.4122198138e-02
1.40800e+03 6.0838522627e+02 1.7707586584e-02
1.40900e+03 6.0860980858e+02 4.3203028417e-02
1.41000e+03 6.0884095429e+02 4.8954341766e-02
1.41100e+03 6.0904479991e+02 5.3688690088e-03
1.41200e+03 6.0922659211e+02 6.8170132734e-02
1.41300e+03 6.0940995509e+02 4.7619324919e-02
1.41400e+03 6.0958534226e+02 6.4050240053e-03
1.41500e+03 6.0976456624e+02 1.0537623491e-02
1.41600e+03 6.0993829815e+02 1.6552581982e-03
1.41700e+03 6.1015776880e+02 4.3793723040e-02
1.41800e+03 6.1039336997e+02 4.8205382554e-02
1.41900e+03 6.1062309028e+02 5.8406837460e-02
1.42000e+03 6.1082732516e+02 3.6035541110e-02
1.42100e+03 6.1107819680e+02 1.9822153463e-01
1.42200e+03 6.1138762251e+02 2.3779215807e-01
1.42300e+03 6.1168204988e+02 3.5110415136e-01
1.42400e+03 6.1194422490e+02 2.5575710100e-01
1.42500e+03 6.1217030793e+02 2.3245034317e-01
1.42600e+03 6.1238179795e+02 2.3078840115e-01
1.42700e+03 6.1257597632e+02 1.0024898939e-01
1.42800e+03 6.1274984480e+02 3.9154864123e-02
1.42900e+03 6.1292660261e+02 5.6536266670e-02
1.43000e+03 6.1307785163e+02 3.0281800815e-02
1.43100e+03 6.1320311917e+02 1.2974213894e-01
1.43200e+03 6.1329299771e+02 2.4747394444e-01
1.43300e+03 6.1343544512e+02 9.0014427221e-02
1.43400e+03 6.1359059581e+02 1.3351407714e-01
1.43500e+03 6.1374543345e+02 2.3237959383e-02
1.43600e+03 6.1390614018e+02 5.5560308650e-03
1.43700e+03 6.1401443919e+02 1.6968541498e-02
1.43800e+03 6.1412220747e+02 2.6035020613e-01
1.43900e+03 6.1421755994e+02 6.5007139231e-02
1.44000e+03 6.1425774730e+02 1.3747094045e-01
1.44100e+03 6.1430966003e+02 1.1377263537e-01
1.44200e+03 6.1439185994e+02 1.8807094121e-01
1.44300e+03 6.1447313875e+02 1.5140713210e-01
1.44400e+03 6.1453596067e+02 2.2634565610e-02
1.44500e+03 6.1456974159e+02 2.6650975922e-01
1.44600e+03 6.1457297672e+02 2.9741973954e-01
1.44700e+03 6.1462525784e+02 9.7954951601e-02
1.44800e+03 6.1472754154e+02 2.0083788976e-02
1.44900e+03 6.1484471421e+02 1.4207987860e-01
1.45000e+03 6.1496432095e+02 4.3953114714e-02
1.45100e+03 6.1506782541e+02 1.6253534951e-03
1.45200e+03 6.1516287446e+02 2.2933954785e-02
1.45300e+03 6.1525677455e+02 9.6043613279e-03
1.45400e+03 6.1534726865e+02 1.4149706883e-02
1.45500e+03 6.1550761466e+02 1.0806489129e-01
1.45600e+03 6.1573084392e+02 2.0992242719e-02
1.45700e+03 6.1593958795e+02 1.5007715396e-01
1.45800e+03 6.1613591758e+02 8.8690039631e-02
1.45900e+03 6.1636469635e+02 1.1160609275e-01
1.46000e+03 6.1660677534e+02 6.8039932802e-02
1.46100e+03 6.1682018296e+02 4.6635816288e-03
1.46200e+03 6.1701236469e+02 5.1101944089e-04
1.46300e+03 6.1724053558e+02 6.7364017668e-02
1.46400e+03 6.1746353542e+02 2.2299507947e-01
1.46500e+03 6.1772701607e+02 1.0313463906e-01
1.46600e+03 6.1804240033e+02 1.8174508975e-01
1.46700e+03 6.1834302642e+02 2.6742659315e-01
1.46800e+03 6.1861366161e+02 1.2711984474e-01
1.46900e+03 6.1884653215e+02 2.0694233696e-01
1.47000e+03 6.1906292344e+02 2.4613037288e-01
1.47100e+03 6.1928381005e+02 2.3859996307e-01
1.47200e+03 6.1951089858e+02 4.0442000199e-02
1.47300e+03 6.1971447111e+02 9.7053555560e-02
1.47400e+03 6.1989631456e+02 1.0482054785e-01
1.47500e+03 6.2011435792e+02 3.7558307831e-02
1.47600e+03 6.2034578229e+02 4.1856586860e-02
1.47700e+03 6.2054700858e+02 1.0236949110e-01
1.47800e+03 6.2072831925e+02 3.6987970239e-02
1.47900e+03 6.2094833028e+02 4.3782397383e-02
1.48000e+03 6.2116302103e+02 1.0793696266e-01
1.48100e+03 6.2135405159e+02 2.8626054765e-01
1.48200e+03 6.2153402429e+02 2.5125624759e-01
1.48300e+03 6.2171149519e+02 1.3559661685e-02
1.48400e+03 6.2188470257e+02 2.0311429700e-02
1.48500e+03 6.2213512954e+02 3.0882115507e-01
1.48600e+03 6.2239763611e+02 3.0038370222e-01
1.48700e+03 6.2265584755e+02 1.1298568315e-01
1.48800e+03 6.2292007758e+02 1.1459616124e-01
1.48900e+03 6.2312597885e+02 2.8430372557e-02
1.49000e+03 6.2333257464e+02 1.8910035698e-02
1.49100e+03 6.2354729591e+02 1.3601369341e-02
1.49200e+03 6.2373075888e+02 1.4599788980e-01
1.49300e+03 6.2390423354e+02 5.6506289504e-02
1.49400e+03 6.2412497199e+02 2.7730438294e-02
1.49500e+03 6.2433388755e+02 2.6432302682e-01
1.49600e+03 6.2447082624e+02 1.2729134945e-01
1.49700e+03 6.2457521927e+02 6.9081614866e-02
1.49800e+03 6.2468773921e+02 3.6558910646e-02
1.49900e+03 6.2480916758e+02 2.3251120091e-02
1.50000e+03 6.2493924735e+02 1.7559839626e-02
1.50100e+03 6.2506939604e+02 2.0445868364e-02
1.50200e+03 6.2520519080e+02 5.7149925808e-03
1.50300e+03 6.2533954304e+02 9.9128389458e-03
1.50400e+03 6.2547862047e+02 3.2826586837e-03
1.50500e+03 6.2561567620e+02 5.9828695265e-03
1.50600e+03 6.2575702067e+02 2.2670470020e-03
1.50700e+03 6.2586249861e+02 2.3060168020e-01
1.50800e+03 6.2590111308e+02 9.8324218947e-02
1.50900e+03 6.2595312433e+02 3.1140140039e-01
1.51000e+03 6.2604198164e+02 2.2049609690e-02
1.51100e+03 6.2615502259e+02 2.1750008698e-02
1.51200e+03 6.2629635487e+02 1.5344051187e-01
1.51300e+03 6.2640528032e+02 9.4778392485e-02
1.51400e+03 6.2645988950e+02 1.0390838680e-01
1.51500e+03 6.2652481799e+02 9.1103228647e-03
1.51600e+03 6.2661819210e+02 1.7211458370e-02
1.51700e+03 6.2670953127e+02 5.1100906050e-02
1.51800e+03 6.2679693499e+02 5.9703836176e-03
1.51900e+03 6.2692593526e+02 7.0196731237e-03
1.52000e+03 6.2707734778e+02 3.0675759926e-03
1.52100e+03 6.2722576371e+02 1.9415663984e-02
1.52200e+03 6.2738109980e+02 2.3319820228e-02
1.52300e+03 6.2749770917e+02 1.9305784362e-02
1.52400e+03 6.2759339540e+02 2.0666103715e-02
1.52500e+03 6.2773141513e+02 1.0396206093e-02
1.52600e+03 6.2786330539e+02 1.7147581883e-01
1.52700e+03 6.2802954062e+02 9.8793519704e-02
1.52800e+03 6.2825058583e+02 1.1497315731e-01
1.52900e+03 6.2848225408e+02 1.0298538160e-02
1.53000e+03 6.2870812775e+02 9.3983409924e-02
1.53100e+03 6.2898154344e+02 2.2203863483e-01
1.53200e+03 6.2926299638e+02 3.4706698226e-01
1.53300e+03 6.2953888441e+02 1.4936319628e-01
1.53400e+03 6.2984834002e+02 7.8122173671e-02
1.53500e+03 6.3014766627e+02 4.6511136421e-01
1.53600e+03 6.3043916300e+02 2.5158813653e-01
1.53700e+03 6.3073076311e+02 1.7476359252e-01
1.53800e+03 6.3101615069e+02 1.6847967921e-01
1.53900e+03 6.3130353074e+02 1.6409114259e-01
1.54000e+03 6.3158042903e+02 1.4465918151e-01
1.54100e+03 6.3185857507e+02 3.5305896134e-01
1.54200e+03 6.3213262121e+02 3.4985374780e-01
1.54300e+03 6.3240473606e+02 1.3718628426e-01
1.54400e+03 6.3269250660e+02 1.6631000372e-01
1.54500e+03 6.3299560262e+02 9.7959907224e-02
1.54600e+03 6.3331052771e+02 8.4824347665e-01
1.54700e+03 6.3367488289e+02 1.1516654090e-01
1.54800e+03 6.3408533989e+02 1.2268646791e-01
1.54900e+03 6.3449391254e+02 9.5287187016e-01
1.55000e+03 6.3491063226e+02 1.2904905224e+00
1.55100e+03 6.3532138510e+02 4.1745283837e-01
1.55200e+03 6.3570462207e+02 1.8336325020e-01
1.55300e+03 6.3606793122e+02 1.4441690775e+00
1.55400e+03 6.3647459848e+02 4.0698292543e-01
1.55500e+03 6.3688400034e+02 4.1072929029e-01
1.55600e+03 6.3726267854e+02 8.2697463308e-01
1.55700e+03 6.3766224090e+02 3.9538545780e-01
1.55800e+03 6.3806640669e+02 3.9248860875e-01
1.55900e+03 6.3845770094e+02 8.0804004972e-01
1.56000e+03 6.3882638168e+02 3.8499261010e-01
1.56100e+03 6.3919408775e+02 3.6101943943e-01
1.56200e+03 6.3954004102e+02 8.9248908721e-01
1.56300e+03 6.3988827635e+02 1.3171992083e+00
1.56400e+03 6.4025623761e+02 3.2374599858e-01
1.56500e+03 6.4064153486e+02 3.7783101309e-01
1.56600e+03 6.4103341922e+02 1.3245294003e+00
1.56700e+03 6.4147821181e+02 4.1997952046e-01
1.56800e+03 6.4197090005e+02 1.7771467297e-01
1.56900e+03 6.4245824947e+02 3.9449222174e-01
1.57000e+03 6.4295014020e+02 8.5927585622e-01
1.57100e+03 6.4343916295e+02 6.2227588068e-01
1.57200e+03 6.4387450583e+02 1.2563496756e+00
1.57300e+03 6.4431011244e+02 4.5783641660e-01
1.57400e+03 6.4474843198e+02 4.6035524175e-01
1.57500e+03 6.4518449425e+02 4.6035054521e-01
1.57600e+03 6.4564866109e+02 5.4014451293e-01
1.57700e+03 6.4610385527e+02 7.1555176498e-01
1.57800e+03 6.4655359828e+02 7.0041238524e-01
1.57900e+03 6.4703519547e+02 5.6022429287e-01
1.58000e+03 6.4752194168e+02 8.8425986834e-01
1.58100e+03 6.4799580514e+02 5.0860529044e-01
1.58200e+03 6.4844742060e+02 5.0996914287e-01
1.58300e+03 6.4889727626e+02 4.8545136974e-01
1.58400e+03 6.4934070532e+02 4.7677951024e-01
1.58500e+03 6.4982129289e+02 8.8236600074e-01
1.58600e+03 6.5030379407e+02 1.4274451331e+00
1.58700e+03 6.5074851489e+02 2.6218759187e+00
1.58800e+03 6.5122064393e+02 9.7844542862e-01
1.58900e+03 6.5169821589e+02 5.0401904094e-01
1.59000e+03 6.5210978387e+02 9.6816383422e-01
1.59100e+03 6.5247583495e+02 8.9879724336e-01
1.59200e+03 6.5280373529e+02 1.2783228020e+00
1.59300e+03 6.5312491343e+02 2.3137010027e-01
1.59400e+03 6.5343951037e+02 2.1783533925e-01
1.59500e+03 6.5384868238e+02 1.4488076566e+00
1.59600e+03 6.5432374394e+02 5.3514752429e-01
1.59700e+03 6.5478055619e+02 5.1385266782e-01
1.59800e+03 6.5522572372e+02 4.8344477347e-01
1.59900e+03 6.5569709235e+02 1.4621085915e+00
1.60000e+03 6.5617165910e+02 1.0217649057e+00
1.60100e+03 6.5663817161e+02 5.2202646623e-01
1.60200e+03 6.5708102070e+02 1.2825214714e-01
1.60300e+03 6.5759798836e+02 1.1253693576e+00
1.60400e+03 6.5817341247e+02 6.5423437572e-01
1.60500e+03 6.5873602006e+02 9.6095081115e-02
1.60600e+03 6.5929838691e+02 7.0530352529e-01
1.60700e+03 6.5985358425e+02 6.9718797775e-01
1.60800e+03 6.6038169629e+02 9.9280340233e-01
1.60900e+03 6.6099623112e+02 7.5114731305e-01
1.61000e+03 6.6167005603e+02 8.9089058902e-01
1.61100e+03 6.6232357613e+02 9.8322746514e-02
1.61200e+03 6.6295750336e+02 8.5621136137e-01
1.61300e+03 6.6355933806e+02 2.4735637123e+00
1.61400e+03 6.6419938896e+02 8.7239926046e-01
1.61500e+03 6.6483333607e+02 8.5195388512e-01
1.61600e+03 6.6542565733e+02 7.7154754803e-01
1.61700e+03 6.6612634333e+02 9.7615086694e-01
1.61800e+03 6.6689120078e+02 1.0403588881e+00
1.61900e+03 6.6762880314e+02 3.3466498070e+00
1.62000e+03 6.6833608467e+02 4.0578620711e+00
1.62100e+03 6.6903786346e+02 1.0404113196e+00
1.62200e+03 6.6973873352e+02 1.0329594278e+00
1.62300e+03 6.7043485742e+02 9.7110146267e-01
1.62400e+03 6.7116261639e+02 1.0404107600e+00
1.62500e+03 6.7188906985e+02 7.3556430576e-01
1.62600e+03 6.7260890224e+02 2.2990335995e+00
1.62700e+03 6.7328917729e+02 3.1459509169e+00
1.62800e+03 6.7400141190e+02 2.0007948694e+00
1.62900e+03 6.7474653663e+02 1.0468927150e+00
1.63000e+03 6.7542346055e+02 1.9174667408e+00
1.63100e+03 6.7603617332e+02 6.7562289045e-02
1.63200e+03 6.7664056023e+02 9.3799813006e-01
1.63300e+03 6.7726230111e+02 1.7295514257e+00
1.63400e+03 6.7782579741e+02 1.8092234643e-01
1.63500e+03 6.7833659103e+02 1.0191914731e-01
1.63600e+03 6.7884136891e+02 1.6282128391e+00
1.63700e+03 6.7934509692e+02 3.6966554221e+00
1.63800e+03 6.7981870538e+02 5.5574661878e-01
1.63900e+03 6.8027943816e+02 1.5725854612e+00
1.64000e+03 6.8073294282e+02 1.5509090712e+00
1.64100e+03 6.8130108765e+02 1.6068287881e+00
1.64200e+03 6.8188068217e+02 1.4852938549e+00
1.64300e+03 6.8238081889e+02 5.2130667430e-01
1.64400e+03 6.8284709130e+02 5.3355312485e-01
1.64500e+03 6.8341712570e+02 1.4856981241e+00
1.64600e+03 6.8405300268e+02 3.2583962844e+00
1.64700e+03 6.8466799277e+02 1.3954518181e+00
1.64800e+03 6.8525371517e+02 7.2257884308e-01
1.64900e+03 6.8578766975e+02 5.6683743130e-01
1.65000e+03 6.8630094887e+02 1.4025576122e+00
1.65100e+03 6.8682241219e+02 5.2919402719e-01
1.65200e+03 6.8728796705e+02 2.5043746145e-01
1.65300e+03 6.8770684209e+02 2.7115321024e-01
1.65400e+03 6.8811997857e+02 4.2852219100e-01
1.65500e+03 6.8853712377e+02 1.4586890844e-01
1.65600e+03 6.8889825721e+02 1.6646063910e-01
1.65700e+03 6.8921949230e+02 3.3045371367e-01
1.65800e+03 6.8953980289e+02 5.2897147777e-02
1.65900e+03 6.8986504416e+02 1.7036062337e+00
1.66000e+03 6.9019710202e+02 2.2181624010e-01
1.66100e+03 6.9052326663e+02 7.5313590120e-02
1.66200e+03 6.9082955808e+02 1.3723170869e+00
1.66300e+03 6.9116589956e+02 2.3269463874e-01
1.66400e+03 6.9149454595e+02 1.0296498832e+00
1.66500e+03 6.9180007229e+02 2.5872993015e-01
1.66600e+03 6.9209507364e+02 2.2482616963e-01
1.66700e+03 6.9247891902e+02 1.2838912162e+00
1.66800e+03 6.9292840364e+02 3.7565512537e-01
1.66900e+03 6.9337086153e+02 2.7057288601e-01
1.67000e+03 6.9381864580e+02 6.1849066068e-01
1.67100e+03 6.9426564644e+02 8.2785827193e-01
1.67200e+03 6.9465646141e+02 6.7080180202e-01
1.67300e+03 6.9505014445e+02 3.8511712663e-01
1.67400e+03 6.9544877649e+02 3.9254907546e-01
1.67500e+03 6.9584671931e+02 3.5952507521e-01
1.67600e+03 6.9627449694e+02 4.3803077555e-01
1.67700e+03 6.9669463635e+02 4.1073151188e-01
1.67800e+03 6.9711058467e+02 3.9849147513e-01
1.67900e+03 6.9755835200e+02 4.5872512742e-01
1.68000e+03 6.9800995217e+02 9.5302218643e-01
1.68100e+03 6.9842696717e+02 1.2280143134e+00
1.68200e+03 6.9882570211e+02 3.7749769899e-01
1.68300e+03 6.9922112218e+02 3.5552526236e-01
1.68400e+03 6.9966644371e+02 5.9729351572e-01
1.68500e+03 7.0012332833e+02 4.3483819427e-01
1.68600e+03 7.0050745001e+02 1.1301878550e+00
1.68700e+03 7.0084348135e+02 5.9388726631e-02
1.68800e+03 7.0114473908e+02 1.9836319240e-01
1.68900e+03 7.0144115235e+02 1.5854675247e-01
1.69000e+03 7.0178503026e+02 3.3295973847e-01
1.69100e+03 7.0213343167e+02 5.4015401056e-01
1.69200e+03 7.0241241302e+02 6.0814674823e-03
1.69300e+03 7.0269923472e+02 1.0118611617e+00
1.69400e+03 7.0299507093e+02 1.4311263285e-01
1.69500e+03 7.0329258233e+02 1.5365921303e-01
1.69600e+03 7.0362186971e+02 8.8735626845e-01
1.69700e+03 7.0394567921e+02 2.1323978141e-01
1.69800e+03 7.0426643403e+02 2.0449399421e-01
1.69900e+03 7.0459006132e+02 2.0410728572e-01
1.70000e+03 7.0490419797e+02 1.7180599118e-01
1.70100e+03 7.0518479721e+02 1.5814023872e-02
1.70200e+03 7.0541838753e+02 3.7048411750e-01
1.70300e+03 7.0571711114e+02 3.0643926295e-01
1.70400e+03 7.0602652189e+02 3.0140693010e-01
1.70500e+03 7.0633373483e+02 1.7600198233e-01
1.70600e+03 7.0667530309e+02 2.2471661371e-01
1.70700e+03 7.0702486796e+02 1.3458496834e+00
1.70800e+03 7.0739103701e+02 9.7883471107e-01
1.70900e+03 7.0774751655e+02 2.5734415019e-01
1.71000e+03 7.0808319415e+02 2.5119614607e-01
1.71100e+03 7.0841867719e+02 2.2994844760e-01
1.71200e+03 7.0874789853e+02 2.2326223350e-01
1.71300e+03 7.0908002951e+02 2.1968691899e-01
1.71400e+03 7.0940063892e+02 1.8702463600e-01
1.71500e+03 7.0972367779e+02 5.4678910462e-01
1.71600e+03 7.1004469454e+02 5.4664965085e-01
1.71700e+03 7.1031687663e+02 8.2482321491e-01
1.71800e+03 7.1055201779e+02 1.0297519495e+00
1.71900e+03 7.1078088813e+02 5.2228372626e-01
1.72000e+03 7.1100214565e+02 8.1135428960e-03
1.72100e+03 7.1130723676e+02 1.8402968526e-01
1.72200e+03 7.1162442493e+02 1.8001707774e-01
1.72300e+03 7.1193798788e+02 1.8830889701e-01
1.72400e+03 7.1225842593e+02 1.9137046492e-01
1.72500e+03 7.1257694303e+02 1.9613324552e-01
1.72600e+03 7.1292570875e+02 2.3901162209e-01
1.72700e+03 7.1326679689e+02 5.8195075294e-01
1.72800e+03 7.1359203407e+02 2.0073624493e-01
1.72900e+03 7.1387730423e+02 6.4505247801e-02
1.73000e+03 7.1414136323e+02 1.1855312827e+00
1.73100e+03 7.1439679514e+02 1.1487928622e-01
1.73200e+03 7.1459932384e+02 1.2270848231e-01
1.73300e+03 7.1481079154e+02 2.9099662440e-02
1.73400e+03 7.1505350431e+02 5.9008025259e-01
1.73500e+03 7.1529328270e+02 3.9080146770e-02
1.73600e+03 7.1551702625e+02 7.8557073055e-03
1.73700e+03 7.1574479437e+02 1.9361986394e-01
1.73800e+03 7.1598984727e+02 4.1381191788e-02
1.73900e+03 7.1623193884e+02 4.3652996757e-02
1.74000e+03 7.1647155032e+02 3.8167931089e-02
1.74100e+03 7.1674907405e+02 1.5754313469e+00
1.74200e+03 7.1703532801e+02 7.7525828694e-01
1.74300e+03 7.1729267345e+02 7.4655831095e-01
1.74400e+03 7.1753501480e+02 5.6078038460e-02
1.74500e+03 7.1777441415e+02 3.8075861678e-02
1.74600e+03 7.1800814224e+02 2.9424537752e-02
1.74700e+03 7.1824253787e+02 2.4391386881e-02
1.74800e+03 7.1847339501e+02 2.1496047546e-02
1.74900e+03 7.1879311455e+02 1.7142099099e-01
1.75000e+03 7.1912415872e+02 4.7197643087e-01
1.75100e+03 7.1938731336e+02 5.0233567967e-02
1.75200e+03 7.1962437210e+02 5.6384922186e-02
1.75300e+03 7.1994279175e+02 2.0556769613e-01
1.75400e+03 7.2032156762e+02 1.3916438886e-01
1.75500e+03 7.2069498999e+02 4.2295697318e-01
1.75600e+03 7.2105675254e+02 2.8873674816e-01
1.75700e+03 7.2139589813e+02 4.2076749768e-01
1.75800e+03 7.2177317233e+02 6.3403085848e-01
1.75900e+03 7.2215556593e+02 3.8529937064e-01
1.76000e+03 7.2250884396e+02 3.5941623134e-01
1.76100e+03 7.2285927454e+02 2.5925144311e-01
1.76200e+03 7.2320132232e+02 2.4776193323e-01
1.76300e+03 7.2357700275e+02 3.0859655496e-01
1.76400e+03 7.2396057577e+02 3.2680424726e-01
1.76500e+03 7.2432605544e+02 2.6256326101e-01
1.76600e+03 7.2467056483e+02 2.6476231561e-01
1.76700e+03 7.2501512657e+02 2.4357961588e-01
1.76800e+03 7.2534018308e+02 4.5568825936e-01
1.76900e+03 7.2563209288e+02 2.9713213739e-01
1.77000e+03 7.2590282719e+02 3.9279803276e-01
1.77100e+03 7.2617701698e+02 6.1739202681e-01
1.77200e+03 7.2645769556e+02 1.0886469824e-01
1.77300e+03 7.2672122582e+02 8.1031477794e-02
1.77400e+03 7.2696371310e+02 2.4023435676e-01
1.77500e+03 7.2720856043e+02 2.2131118671e-01
1.77600e+03 7.2742815152e+02 1.9136959378e-01
1.77700e+03 7.2761891866e+02 4.0001840965e-01
1.77800e+03 7.2777193493e+02 7.4402090829e-01
1.77900e+03 7.2798396662e+02 9.3683235053e-01
1.78000e+03 7.2820890191e+02 4.0496258233e-01
1.78100e+03 7.2843315200e+02 1.9966504350e-02
1.78200e+03 7.2869149423e+02 5.7073943188e-02
1.78300e+03 7.2894372774e+02 6.4403059137e-02
1.78400e+03 7.2919139698e+02 5.3665670071e-02
1.78500e+03 7.2944170718e+02 5.1688691948e-02
1.78600e+03 7.2968805560e+02 5.0316189377e-02
1.78700e+03 7.2993832495e+02 5.0225022910e-02
1.78800e+03 7.3018481398e+02 5.0315396132e-02
1.78900e+03 7.3047493090e+02 1.2468297799e-01
1.79000e+03 7.3077870415e+02 2.3046411956e-01
1.79100e+03 7.3107562573e+02 2.3703830407e-01
1.79200e+03 7.3137743547e+02 1.5202660085e-01
1.79300e+03 7.3165597094e+02 7.8531200825e-02
1.79400e+03 7.3187688227e+02 9.4909783243e-04
1.79500e+03 7.3210499677e+02 2.0727612739e-01
1.79600e+03 7.3233858691e+02 2.1974766844e-01
1.79700e+03 7.3252411610e+02 3.7687028375e-01
1.79800e+03 7.3268100298e+02 3.8036402695e-01
1.79900e+03 7.3283403529e+02 3.2496890344e-02
1.80000e+03 7.3302645249e+02 1.0939254667e-01
1.80100e+03 7.3322441464e+02 5.1461516109e-02
1.80200e+03 7.3338318107e+02 3.0584850013e-02
1.80300e+03 7.3360413928e+02 8.0117648280e-03
1.80400e+03 7.3384070201e+02 1.3685789501e-01
1.80500e+03 7.3407526131e+02 1.5032212858e-01
1.80600e+03 7.3434913069e+02 1.2996040448e-01
1.80700e+03 7.3463200808e+02 8.0008749961e-02
1.80800e+03 7.3491631313e+02 1.4982888829e-01
1.80900e+03 7.3525568227e+02 1.0480982946e-01
1.81000e+03 7.3564679842e+02 1.9717551746e-01
1.81100e+03 7.3603491896e+02 2.2927442471e-01
1.81200e+03 7.3643165848e+02 4.6188615668e-01
1.81300e+03 7.3682331731e+02 3.4093128587e-01
1.81400e+03 7.3721686670e+02 3.3740022616e-01
1.81500e+03 7.3760364347e+02 4.3505008437e-01
1.81600e+03 7.3796491067e+02 5.3978655709e-01
1.81700e+03 7.3835098185e+02 3.3147517161e-01
1.81800e+03 7.3872739604e+02 1.9681415838e-01
1.81900e+03 7.3915774976e+02 8.0515105290e-01
1.82000e+03 7.3959535104e+02 1.1343797252e+00
1.82100e+03 7.3996568055e+02 9.0650115285e-01
1.82200e+03 7.4030252309e+02 7.6477424844e-01
1.82300e+03 7.4072377915e+02 4.0998121455e-01
1.82400e+03 7.4120416442e+02 4.5026176636e-01
1.82500e+03 7.4166608097e+02 1.0641980560e+00
1.82600e+03 7.4211659125e+02 4.6303857053e-01
1.82700e+03 7.4259317639e+02 3.7668495981e-01
1.82800e+03 7.4307260313e+02 9.0993461233e-01
1.82900e+03 7.4354203833e+02 4.7009419144e-01
1.83000e+03 7.4396202513e+02 3.9195674790e-01
1.83100e+03 7.4438330904e+02 4.9333601537e-01
1.83200e+03 7.4483318651e+02 4.6899128864e-01
1.83300e+03 7.4529426901e+02 6.0735104675e-01
1.83400e+03 7.4575680773e+02 1.0281100883e+00
1.83500e+03 7.4618843442e+02 1.3745501568e+00
1.83600e+03 7.4665215828e+02 4.7443551623e-01
1.83700e+03 7.4711349650e+02 4.7421679787e-01
1.83800e+03 7.4757319549e+02 4.6971772295e-01
1.83900e+03 7.4803119868e+02 4.6591297605e-01
1.84000e+03 7.4845306063e+02 4.0233839849e-01
1.84100e+03 7.4886069563e+02 5.1498909384e-01
1.84200e+03 7.4931924766e+02 4.6430009189e-01
1.84300e+03 7.4977581526e+02 4.6240020268e-01
1.84400e+03 7.5018782608e+02 5.0462298331e-01
1.84500e+03 7.5058922767e+02 4.5760237701e-01
1.84600e+03 7.5104474525e+02 4.5890335778e-01
1.84700e+03 7.5149874354e+02 4.5587514442e-01
1.84800e+03 7.5195013928e+02 4.5129742242e-01
1.84900e+03 7.5241237149e+02 4.6131930836e-01
1.85000e+03 7.5284792445e+02 1.8627365090e+00
1.85100e+03 7.5328072810e+02 1.8314451990e+00
1.85200e+03 7.5370611521e+02 4.0324487204e-01
1.85300e+03 7.5416362222e+02 4.5435484308e-01
1.85400e+03 7.5462615081e+02 4.6503335389e-01
1.85500e+03 7.5508093531e+02 4.6184580510e-01
1.85600e+03 7.5553877885e+02 4.5669890687e-01
1.85700e+03 7.5599240550e+02 4.5508435886e-01
1.85800e+03 7.5641551174e+02 4.6824018562e-01
1.85900e+03 7.5682138663e+02 1.8345744123e+00
1.86000e+03 7.5721817173e+02 1.8064187075e+00
1.86100e+03 7.5761510541e+02 3.3657975419e-01
1.86200e+03 7.5800744187e+02 3.3179452371e-01
1.86300e+03 7.5840171805e+02 3.2880522817e-01
1.86400e+03 7.5885555507e+02 4.5062274869e-01
1.86500e+03 7.5930697495e+02 6.7477692991e-01
1.86600e+03 7.5975477002e+02 6.6806020259e-01
1.86700e+03 7.6021386907e+02 4.2913703440e-01
1.86800e+03 7.6064588745e+02 1.6372364297e+00
1.86900e+03 7.6107508776e+02 1.6057004429e+00
1.87000e+03 7.6149678736e+02 3.9187870198e-01
1.87100e+03 7.6195043137e+02 4.4280470257e-01
1.87200e+03 7.6240155491e+02 3.8726351134e-01
1.87300e+03 7.6281951727e+02 4.6426675717e-01
1.87400e+03 7.6322040111e+02 4.1356278161e-01
1.87500e+03 7.6372013887e+02 4.8377775672e+00
1.87600e+03 7.6422919531e+02 5.4148521152e+00
1.87700e+03 7.6473071408e+02 5.5015118746e-01
1.87800e+03 7.6523922071e+02 5.4905122184e-01
1.87900e+03 7.6574353026e+02 5.5129295278e-01
1.88000e+03 7.6625230619e+02 5.5101097016e-01
1.88100e+03 7.6675726487e+02 5.5110908182e-01
1.88200e+03 7.6726575512e+02 5.5027229138e-01
1.88300e+03 7.6777053317e+02 5.4954139513e-01
1.88400e+03 7.6830494346e+02 1.5287509853e-01
1.88500e+03 7.6882901790e+02 2.6834152902e+00
1.88600e+03 7.6934072431e+02 5.5220801348e-01
1.88700e+03 7.6980736533e+02 4.0812354372e-01
1.88800e+03 7.7021854315e+02 2.6672303284e+00
1.88900e+03 7.7071039432e+02 5.3872893009e-01
1.89000e+03 7.7121083507e+02 5.2692453131e-01
1.89100e+03 7.7170571365e+02 5.2942501047e-01
1.89200e+03 7.7220715415e+02 5.2989534478e-01
1.89300e+03 7.7270534726e+02 5.3267997809e-01
1.89400e+03 7.7320797721e+02 5.3333674300e-01
1.89500e+03 7.7364820663e+02 2.6381515138e+00
1.89600e+03 7.7404784768e+02 1.5876963085e+00
1.89700e+03 7.7453675259e+02 5.2351520827e-01
1.89800e+03 7.7508329809e+02 2.6527026723e+00
1.89900e+03 7.7561178749e+02 2.1446372324e+00
1.90000e+03 7.7611403891e+02 5.2261316889e-01
1.90100e+03 7.7661501319e+02 5.3415992287e-01
1.90200e+03 7.7711635755e+02 5.3271870081e-01
1.90300e+03 7.7756023205e+02 1.5897536872e+00
1.90400e+03 7.7799176356e+02 5.2091583890e+00
1.90500e+03 7.7842856835e+02 9.6259192614e-01
1.90600e+03 7.7881012041e+02 1.1979229205e-01
1.90700e+03 7.7914937864e+02 4.8921635142e-01
1.90800e+03 7.7948424476e+02 8.6496394612e-01
1.90900e+03 7.7982272928e+02 5.9528887241e+00
1.91000e+03 7.8013144655e+02 9.6569368398e-01
1.91100e+03 7.8042944556e+02 8.2283975787e-01
1.91200e+03 7.8077689752e+02 2.1483229668e-01
1.91300e+03 7.8112668559e+02 2.0668922734e-01
1.91400e+03 7.8145029714e+02 3.0834344328e+00
1.91500e+03 7.8177388637e+02 5.8504371516e-01
1.91600e+03 7.8206978389e+02 5.4369533877e-01
1.91700e+03 7.8233194980e+02 1.7878437325e-01
1.91800e+03 7.8258135237e+02 7.7680294610e-02
1.91900e+03 7.8282003697e+02 8.4904628473e-02
1.92000e+03 7.8304033125e+02 1.2407311491e-02
1.92100e+03 7.8329660799e+02 2.1001230661e-01
1.92200e+03 7.8356719967e+02 5.5261706680e-02
1.92300e+03 7.8383550875e+02 6.7238773561e-02
1.92400e+03 7.8407626465e+02 7.3999410789e-01
1.92500e+03 7.8430284262e+02 9.7221112858e-02
1.92600e+03 7.8452351918e+02 7.7044553189e-02
1.92700e+03 7.8482524530e+02 8.1211296621e-01
1.92800e+03 7.8519362063e+02 3.3414491994e-01
1.92900e+03 7.8555948050e+02 9.7550786499e-02
1.93000e+03 7.8593359969e+02 2.6815228473e-01
1.93100e+03 7.8629884723e+02 4.4797881494e-01
1.93200e+03 7.8664083201e+02 2.3507642511e-01
1.93300e+03 7.8700964297e+02 2.7083522612e-01
1.93400e+03 7.8738586128e+02 2.7266351463e-01
1.93500e+03 7.8775603775e+02 2.7375636261e-01
1.93600e+03 7.8812955689e+02 2.7078343082e-01
1.93700e+03 7.8849910928e+02 2.6988856697e-01
1.93800e+03 7.8883497909e+02 1.1519324006e-01
1.93900e+03 7.8915569423e+02 9.0492480612e-01
1.94000e+03 7.8946918521e+02 8.8164105303e-01
1.94100e+03 7.8978270169e+02 1.5344264659e-01
1.94200e+03 7.9015241550e+02 2.6581335486e-01
1.94300e+03 7.9052072170e+02 2.6430135026e-01
1.94400e+03 7.9084209783e+02 1.6117435277e-01
1.94500e+03 7.9115454209e+02 1.5994096641e-01
1.94600e+03 7.9146248263e+02 1.4634543064e-01
1.94700e+03 7.9177213189e+02 1.4340408072e-01
1.94800e+03 7.9213999487e+02 2.6218621758e-01
1.94900e+03 7.9250699386e+02 2.6061682550e-01
1.95000e+03 7.9282595973e+02 1.5428600842e-01
1.95100e+03 7.9313666553e+02 1.5518826079e-01
1.95200e+03 7.9350248871e+02 2.5831640620e-01
1.95300e+03 7.9386806000e+02 2.5663038491e-01
1.95400e+03 7.9423245817e+02 2.5494874529e-01
1.95500e+03 7.9459724534e+02 2.3438097978e-01
1.95600e+03 7.9489330602e+02 1.7912765042e+00
1.95700e+03 7.9514684602e+02 3.6107235902e-01
1.95800e+03 7.9540480158e+02 1.0644261620e-01
1.95900e+03 7.9566796519e+02 4.5949953988e-02
1.96000e+03 7.9589836726e+02 4.2718055953e-01
1.96100e+03 7.9611976398e+02 2.3628062898e-02
1.96200e+03 7.9633766671e+02 3.6103762140e-02
1.96300e+03 7.9664176011e+02 1.7361565063e+00
1.96400e+03 7.9701395765e+02 1.5065357013e+00
1.96500e+03 7.9738181988e+02 1.8348234263e-01
1.96600e+03 7.9773524040e+02 1.3551778337e-01
1.96700e+03 7.9815494303e+02 4.5550129791e-01
1.96800e+03 7.9858274571e+02 7.1204576814e-01
1.96900e+03 7.9900373375e+02 3.7272707496e-01
1.97000e+03 7.9946321040e+02 2.7057797516e-01
1.97100e+03 7.9992354107e+02 2.2785069660e-01
1.97200e+03 8.0038053683e+02 7.1912651487e-01
1.97300e+03 8.0090352507e+02 1.0200018816e-01
1.97400e+03 8.0143138517e+02 5.7430996016e-01
1.97500e+03 8.0188391498e+02 1.0488550778e+00
1.97600e+03 8.0233770441e+02 6.5265958529e-01
1.97700e+03 8.0279998640e+02 2.5477012935e+00
1.97800e+03 8.0320037564e+02 2.0288590474e-01
1.97900e+03 8.0355385748e+02 9.9047961345e-02
1.98000e+03 8.0386912180e+02 1.9157459112e-01
1.98100e+03 8.0426508140e+02 6.4939003951e-01
1.98200e+03 8.0472135045e+02 1.1164707740e+00
1.98300e+03 8.0516201469e+02 4.1886663856e-01
1.98400e+03 8.0559313636e+02 3.9330039662e-01
1.98500e+03 8.0605151338e+02 9.0783676019e-01
1.98600e+03 8.0650702961e+02 5.5758471605e-01
1.98700e+03 8.0701917874e+02 7.4689799486e-01
1.98800e+03 8.0758050227e+02 1.3020185922e-01
1.98900e+03 8.0812261804e+02 6.2443028282e-01
1.99000e+03 8.0865410751e+02 5.9397179740e-01
1.99100e+03 8.0918373500e+02 5.8088954690e-01
1.99200e+03 8.0970741497e+02 5.7249914706e-01
1.99300e+03 8.1023186883e+02 5.6675302023e-01
1.99400e+03 8.1075227327e+02 1.1845501819e+00
1.99500e+03 8.1123463948e+02 8.7729451391e-01
1.99600e+03 8.1168012140e+02 3.0724965715e+00
1.99700e+03 8.1212240722e+02 2.5813834100e+00
1.99800e+03 8.1256755964e+02 4.0459736731e-01
1.99900e+03 8.1301063435e+02 4.0498164999e-01
2.00000e+03 8.1345605284e+02 4.0484273865e-01
