0.00000e+00 0.0000000000e+00 0.0000000000e+00
1.00000e+00 1.3986593006e+01 1.3986593006e+01
2.00000e+00 2.6198606281e+01 1.2212013276e+01
3.00000e+00 3.8134292846e+01 2.4135487826e+01
4.00000e+00 5.1851546716e+01 2.7689860284e+01
5.00000e+00 6.6119379864e+01 1.4267833148e+01
6.00000e+00 8.0276896065e+01 2.8411081515e+01
7.00000e+00 9.4189021717e+01 2.7587703070e+01
8.00000e+00 1.0635634185e+02 2.4066659197e+01
9.00000e+00 1.1865963772e+02 4.0685966299e+01
1.00000e+01 1.3187524316e+02 2.6337245707e+01
1.10000e+01 1.4487138477e+02 7.6642393322e+00
1.20000e+01 1.5771408739e+02 3.4342139214e+01
1.30000e+01 1.7072981074e+02 2.5747155439e+01
1.40000e+01 1.8359742125e+02 2.5746316171e+01
1.50000e+01 1.9663473321e+02 2.5742158460e+01
1.60000e+01 2.0951910381e+02 2.5733176396e+01
1.70000e+01 2.2294111767e+02 5.3847759605e+01
1.80000e+01 2.3561764871e+02 5.3321811374e+01
1.90000e+01 2.4805249939e+02 2.6442463268e+01
2.00000e+01 2.6134734375e+02 5.9173638601e+01
2.10000e+01 2.7441285338e+02 2.5735640891e+01
2.20000e+01 2.8731263897e+02 2.5725320240e+01
2.30000e+01 3.0074342374e+02 5.9123235868e+01
2.40000e+01 3.1343449590e+02 2.6430561933e+01
2.50000e+01 3.2553163712e+02 1.2705922888e+02
2.60000e+01 3.3936094970e+02 1.7040900694e+00
2.70000e+01 3.5372535189e+02 9.3361743305e-01
2.80000e+01 3.6722999651e+02 8.4795793295e+01
2.90000e+01 3.8046372319e+02 1.1048891555e+02
3.00000e+01 3.9462763803e+02 2.8286222629e+01
3.10000e+01 4.0856177118e+02 2.8270604421e+01
3.20000e+01 4.2074870709e+02 1.5334799120e+02
3.30000e+01 4.3308665690e+02 8.9577686063e-01
3.40000e+01 4.4635030399e+02 2.5634819155e+01
3.50000e+01 4.5939468515e+02 4.7747323550e+01
3.60000e+01 4.7078796875e+02 1.6885333804e+00
3.70000e+01 4.8198189658e+02 4.7749403287e+01
3.80000e+01 4.9330663743e+02 2.2131786432e+01
3.90000e+01 5.0453547194e+02 2.2144561319e+01
4.00000e+01 5.1590003751e+02 2.2162241476e+01
4.10000e+01 5.2716177712e+02 2.2172984343e+01
4.20000e+01 5.4020604412e+02 7.4382301382e+01
4.30000e+01 5.5377763921e+02 5.3074313633e+01
4.40000e+01 5.6723881812e+02 4.7897108055e+01
4.50000e+01 5.8044368608e+02 4.2723375831e+01
4.60000e+01 5.9344592159e+02 4.2638620961e+01
4.70000e+01 6.0696186715e+02 4.7793561422e+01
4.80000e+01 6.1972442797e+02 9.1232798203e+01
4.90000e+01 6.3223537279e+02 9.1314560406e+01
5.00000e+01 6.4560384752e+02 4.2587948277e+01
5.10000e+01 6.5873877179e+02 2.5633993159e+01
5.20000e+01 6.7020538670e+02 4.7002549237e+01
5.30000e+01 6.8183961086e+02 1.6678313805e+00
5.40000e+01 6.9432660030e+02 2.4726873874e+01
5.50000e+01 7.0688140612e+02 6.6286367580e+01
5.60000e+01 7.1884124343e+02 2.5613128590e+01
5.70000e+01 7.3023416759e+02 4.7086731235e+01
5.80000e+01 7.4329066778e+02 5.0126037471e+01
5.90000e+01 7.5687687265e+02 1.0313990553e+00
6.00000e+01 7.7035427253e+02 2.6484191726e+01
6.10000e+01 7.8357482966e+02 5.0161544295e+01
6.20000e+01 7.9510547194e+02 2.2353983335e+01
6.30000e+01 8.0678212698e+02 5.1202285404e+01
6.40000e+01 8.1930000815e+02 2.3658082759e+01
6.50000e+01 8.3158734690e+02 9.3321838091e-01
6.60000e+01 8.4372646669e+02 2.3798303568e+01
6.70000e+01 8.5603119610e+02 2.3791895928e+01
6.80000e+01 8.6819179794e+02 2.3789586069e+01
6.90000e+01 8.8088225511e+02 4.9196384514e+01
7.00000e+01 8.9350119888e+02 2.4630649261e+01
7.10000e+01 9.0615471984e+02 2.4569082394e+01
7.20000e+01 9.1819604696e+02 5.1232572925e+01
7.30000e+01 9.2964528578e+02 7.6420918010e+01
7.40000e+01 9.4112564280e+02 7.6294211828e+01
7.50000e+01 9.5247620594e+02 2.2086267943e+01
7.60000e+01 9.6559017053e+02 2.7191643861e+01
7.70000e+01 9.7922747590e+02 9.8378441105e-01
7.80000e+01 9.9274894701e+02 2.6429841277e+01
7.90000e+01 1.0060103021e+03 5.1886874409e+01
8.00000e+01 1.0175735256e+03 2.2147048095e+01
8.10000e+01 1.0292803018e+03 7.4673975895e+01
8.20000e+01 1.0410815382e+03 7.4359211180e+01
8.30000e+01 1.0527957619e+03 2.2712894053e+01
8.40000e+01 1.0653606184e+03 2.3657291192e+01
8.50000e+01 1.0779872574e+03 4.9026378967e+01
8.60000e+01 1.0900078155e+03 2.2909502832e+01
8.70000e+01 1.1014544163e+03 2.2220938757e+01
8.80000e+01 1.1145655975e+03 4.9957369801e+01
8.90000e+01 1.1278403409e+03 4.9920800740e+01
9.00000e+01 1.1394058287e+03 2.9410359358e+01
9.10000e+01 1.1507490476e+03 3.2658637983e+01
9.20000e+01 1.1622068551e+03 2.5308921861e+01
9.30000e+01 1.1735530191e+03 2.1905487155e+01
9.40000e+01 1.1866792930e+03 2.5522525897e+01
9.50000e+01 1.2003311755e+03 2.2983649365e+01
9.60000e+01 1.2131827133e+03 4.8131163607e+01
9.70000e+01 1.2254244425e+03 4.4900264995e+00
9.80000e+01 1.2394079164e+03 8.5720001999e-01
9.90000e+01 1.2539144781e+03 4.8937711667e+01
1.00000e+02 1.2675411498e+03 5.2606703963e+00
1.01000e+02 1.2805339176e+03 1.6073814111e+00
1.02000e+02 1.2935568421e+03 2.9540009237e+01
1.03000e+02 1.3068067003e+03 7.7760669924e+01
1.04000e+02 1.3210689528e+03 9.7910282384e+01
1.05000e+02 1.3350958458e+03 5.2165160832e+01
1.06000e+02 1.3473579533e+03 2.3530597848e+01
1.07000e+02 1.3593906311e+03 4.7606642342e+01
1.08000e+02 1.3732575631e+03 5.1996453671e+01
1.09000e+02 1.3876741611e+03 2.7680970120e+01
1.10000e+02 1.4012277641e+03 4.9091740970e+01
1.11000e+02 1.4141617455e+03 4.2790285413e+00
1.12000e+02 1.4271355484e+03 2.8254065673e+01
1.13000e+02 1.4403429149e+03 4.9000157547e+01
1.14000e+02 1.4545665490e+03 2.7614670835e+01
1.15000e+02 1.4688468682e+03 2.7450777319e+01
1.16000e+02 1.4823626172e+03 2.5645682567e+01
1.17000e+02 1.4956200313e+03 2.5670084526e+01
1.18000e+02 1.5098155695e+03 2.7395230582e+01
1.19000e+02 1.5240747216e+03 2.7346668264e+01
1.20000e+02 1.5383008666e+03 2.7349928455e+01
1.21000e+02 1.5523018906e+03 5.1707009729e+01
1.22000e+02 1.5645502719e+03 4.6327779988e+01
1.23000e+02 1.5769338377e+03 2.9256459636e+01
1.24000e+02 1.5902369369e+03 9.2304586813e-01
1.25000e+02 1.6033207401e+03 4.5364231522e+01
1.26000e+02 1.6147519577e+03 2.8410039515e+01
1.27000e+02 1.6263617204e+03 1.6959259858e+00
1.28000e+02 1.6380857761e+03 5.1385694317e+01
1.29000e+02 1.6497367569e+03 2.2167341584e+01
1.30000e+02 1.6614978461e+03 2.2182207700e+01
1.31000e+02 1.6731800218e+03 2.2191220426e+01
1.32000e+02 1.6857168538e+03 1.9582954724e+01
1.33000e+02 1.6983185870e+03 6.9029185856e+01
1.34000e+02 1.7109134621e+03 4.8668977835e+01
1.35000e+02 1.7232760378e+03 2.7660401954e+01
1.36000e+02 1.7354616853e+03 1.4390382035e+02
1.37000e+02 1.7481637261e+03 2.3997839160e+01
1.38000e+02 1.7601942669e+03 2.2438480816e+01
1.39000e+02 1.7716422282e+03 1.4227389650e+02
1.40000e+02 1.7831293246e+03 6.5907096628e+01
1.41000e+02 1.7944891192e+03 2.1504274492e+01
1.42000e+02 1.8076170208e+03 2.4916095421e+01
1.43000e+02 1.8209063401e+03 7.0066671132e+01
1.44000e+02 1.8324769166e+03 2.1566250374e+01
1.45000e+02 1.8442075806e+03 2.3946019854e+01
1.46000e+02 1.8560363947e+03 4.4512288039e+01
1.47000e+02 1.8674195474e+03 2.1568042262e+01
1.48000e+02 1.8788961195e+03 2.1452469840e+01
1.49000e+02 1.8902595213e+03 2.1411266461e+01
1.50000e+02 1.9017487794e+03 2.1402541115e+01
1.51000e+02 1.9131239796e+03 2.1392937016e+01
1.52000e+02 1.9262867447e+03 2.5079433367e+01
1.53000e+02 1.9399704704e+03 4.3967971387e+01
1.54000e+02 1.9528484439e+03 6.5357032847e+01
1.55000e+02 1.9654678007e+03 1.0916665522e+02
1.56000e+02 1.9789512610e+03 6.8786429990e+01
1.57000e+02 1.9921942881e+03 6.1011809777e+01
1.58000e+02 2.0037487882e+03 4.5394460296e+01
1.59000e+02 2.0150852098e+03 4.5310287278e+01
1.60000e+02 2.0281779891e+03 6.0880812133e+01
1.61000e+02 2.0418119565e+03 6.5241917568e+01
1.62000e+02 2.0546561072e+03 4.5231154157e+01
1.63000e+02 2.0672480768e+03 4.5158535730e+01
1.64000e+02 2.0798880968e+03 2.3601943832e+01
1.65000e+02 2.0924102406e+03 2.3508516048e+01
1.66000e+02 2.1050245556e+03 2.3459302483e+01
1.67000e+02 2.1171766771e+03 8.1569986773e-01
1.68000e+02 2.1311409723e+03 2.3976827183e+01
1.69000e+02 2.1456373958e+03 9.3062564089e+01
1.70000e+02 2.1600077602e+03 1.5903308124e+02
1.71000e+02 2.1741236980e+03 4.9641944317e+01
1.72000e+02 2.1864596336e+03 6.9379820228e+01
1.73000e+02 2.1989216357e+03 5.0489322902e+01
1.74000e+02 2.2114796812e+03 5.0382564083e+01
1.75000e+02 2.2235842689e+03 6.9262906523e+01
1.76000e+02 2.2375021861e+03 9.2923123568e+01
1.77000e+02 2.2519599934e+03 5.0293565337e+01
1.78000e+02 2.2655488671e+03 1.0308281720e+00
1.79000e+02 2.2785138363e+03 2.7800109267e+01
1.80000e+02 2.2915158925e+03 5.1155875628e+01
1.81000e+02 2.3047501745e+03 2.5020637339e+01
1.82000e+02 2.3180877659e+03 2.4744334418e+01
1.83000e+02 2.3309540160e+03 2.4066272997e+01
1.84000e+02 2.3457150780e+03 5.1086416502e+01
1.85000e+02 2.3610136297e+03 2.6590131818e+01
1.86000e+02 2.3761731564e+03 7.7595975791e+01
1.87000e+02 2.3910844996e+03 1.4466093597e+02
1.88000e+02 2.4041410465e+03 2.4999185938e+01
1.89000e+02 2.4169271658e+03 2.6790207157e+01
1.90000e+02 2.4316083859e+03 2.7710651048e+01
1.91000e+02 2.4468433284e+03 2.8486823079e+01
1.92000e+02 2.4611389586e+03 2.6818967126e+01
1.93000e+02 2.4747974895e+03 2.8555352082e+01
1.94000e+02 2.4903479792e+03 2.8100654685e+01
1.95000e+02 2.5064395952e+03 8.5667338727e-01
1.96000e+02 2.5215059095e+03 2.9297480955e+01
1.97000e+02 2.5359105632e+03 2.8818676782e+01
1.98000e+02 2.5522785799e+03 1.6733436851e+00
1.99000e+02 2.5691904655e+03 2.8330169051e+01
2.00000e+02 2.5859370125e+03 5.9203012148e+01
2.01000e+02 2.6024432540e+03 5.9022063015e+01
2.02000e+02 2.6169478538e+03 8.4625636150e+01
2.03000e+02 2.6311474361e+03 2.6684293382e+01
2.04000e+02 2.6473893469e+03 3.0749733221e+01
2.05000e+02 2.6642001161e+03 3.1532793369e+01
2.06000e+02 2.6808611092e+03 3.1415706767e+01
2.07000e+02 2.6975660144e+03 3.1278426956e+01
2.08000e+02 2.7132904617e+03 5.6105600193e+01
2.09000e+02 2.7286878180e+03 1.4596119681e+02
2.10000e+02 2.7452331238e+03 3.1131461187e+01
2.11000e+02 2.7618561988e+03 3.1018499583e+01
2.12000e+02 2.7784206081e+03 3.1006584632e+01
2.13000e+02 2.7947809876e+03 3.0573121401e+01
2.14000e+02 2.8109077256e+03 9.1046717151e+01
2.15000e+02 2.8272044345e+03 9.0891999906e+01
2.16000e+02 2.8415682596e+03 6.2496877689e+01
2.17000e+02 2.8560392535e+03 6.1149545422e+01
2.18000e+02 2.8706230133e+03 9.5927751574e+01
2.19000e+02 2.8847400307e+03 9.6374394708e+01
2.20000e+02 2.9008994776e+03 3.0214475151e+01
2.21000e+02 2.9172558003e+03 3.0243874442e+01
2.22000e+02 2.9333968378e+03 3.0195221253e+01
2.23000e+02 2.9500899573e+03 5.7832832401e+01
2.24000e+02 2.9666507410e+03 6.0391771200e+01
2.25000e+02 2.9829866666e+03 3.0144628998e+01
2.26000e+02 2.9990889390e+03 3.0075719237e+01
2.27000e+02 3.0157381401e+03 3.3500251129e+01
2.28000e+02 3.0313502244e+03 1.0283246104e+00
2.29000e+02 3.0463017962e+03 9.1229484549e+01
2.30000e+02 3.0613060122e+03 1.5207662290e+02
2.31000e+02 3.0765288753e+03 6.1083248684e+01
2.32000e+02 3.0918756905e+03 9.0082566982e+01
2.33000e+02 3.1067387178e+03 2.7418492842e+01
2.34000e+02 3.1237229586e+03 1.6138375852e+00
2.35000e+02 3.1412730424e+03 5.8376493871e+01
2.36000e+02 3.1576640216e+03 2.8435238440e+01
2.37000e+02 3.1737258402e+03 8.6721369723e+01
2.38000e+02 3.1910233610e+03 8.9901208031e+01
2.39000e+02 3.2081235041e+03 5.8316898370e+01
2.40000e+02 3.2249989632e+03 5.8209335682e+01
2.41000e+02 3.2420575191e+03 3.2214725454e+01
2.42000e+02 3.2571080242e+03 5.7355266800e+01
2.43000e+02 3.2722551696e+03 3.0142193519e+00
2.44000e+02 3.2886226247e+03 3.0461039915e+01
2.45000e+02 3.3048007565e+03 2.4161174762e+01
2.46000e+02 3.3190383332e+03 2.1982766834e+00
2.47000e+02 3.3334013008e+03 2.9646401141e+01
2.48000e+02 3.3478923790e+03 6.0645962026e+01
2.49000e+02 3.3622814801e+03 2.6251978111e+01
2.50000e+02 3.3778360892e+03 2.3324167607e+01
2.51000e+02 3.3932016939e+03 1.3835512886e+00
2.52000e+02 3.4066970662e+03 5.5100276556e+01
2.53000e+02 3.4203341501e+03 7.5201722450e-01
2.54000e+02 3.4340983702e+03 2.4747602803e+01
2.55000e+02 3.4477694334e+03 2.4756834602e+01
2.56000e+02 3.4615703967e+03 2.4768820960e+01
2.57000e+02 3.4752737132e+03 2.4776305433e+01
2.58000e+02 3.4891018602e+03 2.4778712874e+01
2.59000e+02 3.5024728544e+03 1.1304713306e+02
2.60000e+02 3.5178097660e+03 5.5371739511e+01
2.61000e+02 3.5333365084e+03 5.5206313929e+01
2.62000e+02 3.5469467981e+03 4.8847259015e+01
2.63000e+02 3.5606839768e+03 2.4787796320e+01
2.64000e+02 3.5754964057e+03 5.5791095125e+01
2.65000e+02 3.5901012585e+03 4.7876522285e+01
2.66000e+02 3.6029050927e+03 2.3956552985e+01
2.67000e+02 3.6158619240e+03 7.8034741751e-01
2.68000e+02 3.6298246868e+03 4.6978979724e+01
2.69000e+02 3.6435834472e+03 2.3086503963e+01
2.70000e+02 3.6556285010e+03 1.5383474287e+00
2.71000e+02 3.6678464593e+03 2.4782588969e+01
2.72000e+02 3.6809984189e+03 2.2252614214e+01
2.73000e+02 3.6939417651e+03 2.3522232454e+00
2.74000e+02 3.7052500455e+03 2.4021032954e+01
2.75000e+02 3.7167473435e+03 2.1509701364e+01
2.76000e+02 3.7283653360e+03 6.8019285027e+01
2.77000e+02 3.7395608508e+03 9.3015731692e+01
2.78000e+02 3.7524919431e+03 1.2128748043e+02
2.79000e+02 3.7659659355e+03 2.2708813518e+02
2.80000e+02 3.7786689467e+03 1.0850185977e+00
2.81000e+02 3.7911295242e+03 2.2246655216e+01
2.82000e+02 3.8044519520e+03 4.4078057524e+01
2.83000e+02 3.8178315427e+03 2.3740135597e+01
2.84000e+02 3.8311881460e+03 2.3750570853e+01
2.85000e+02 3.8443143190e+03 2.4179838688e+01
2.86000e+02 3.8557701944e+03 4.3860195207e+01
2.87000e+02 3.8670012453e+03 4.3851871169e+01
2.88000e+02 3.8799707323e+03 7.0012250458e+01
2.89000e+02 3.8934855617e+03 2.3862058942e+01
2.90000e+02 3.9062256637e+03 4.1968541655e+01
2.91000e+02 3.9183674701e+03 2.6045154886e+01
2.92000e+02 3.9322469695e+03 2.4748209283e+01
2.93000e+02 3.9466562850e+03 8.9448607939e-01
2.94000e+02 3.9609406440e+03 2.5659544264e+01
2.95000e+02 3.9749705319e+03 9.4577910365e+01
2.96000e+02 3.9887842843e+03 2.4761191704e+01
2.97000e+02 4.0031168123e+03 2.5557097258e+01
2.98000e+02 4.0166204185e+03 2.6782613923e+01
2.99000e+02 4.0298550849e+03 7.2885397677e+01
3.00000e+02 4.0431408563e+03 2.6868525595e+01
3.01000e+02 4.0563031044e+03 2.3340334386e+01
3.02000e+02 4.0704570467e+03 2.5401123414e+01
3.03000e+02 4.0843915474e+03 2.4641043295e+01
3.04000e+02 4.0981464082e+03 2.4557510641e+01
3.05000e+02 4.1120694041e+03 2.4521448396e+01
3.06000e+02 4.1242661196e+03 9.6870346460e+01
3.07000e+02 4.1366181406e+03 1.1527424640e+00
3.08000e+02 4.1498973880e+03 4.6640441209e+01
3.09000e+02 4.1629566431e+03 8.6374076313e-01
3.10000e+02 4.1743645154e+03 3.6274649621e-01
3.11000e+02 4.1855737754e+03 7.3060298266e+01
3.12000e+02 4.1985396590e+03 2.2845072714e+01
3.13000e+02 4.2120560313e+03 7.1153367395e+01
3.14000e+02 4.2254762303e+03 2.3708029497e+01
3.15000e+02 4.2386484688e+03 2.2935211040e+01
3.16000e+02 4.2501402632e+03 2.1516215976e+01
3.17000e+02 4.2614053564e+03 2.2878060821e+01
3.18000e+02 4.2727881494e+03 2.2746181343e+01
3.19000e+02 4.2844480042e+03 6.9585956083e+01
3.20000e+02 4.2962205713e+03 9.2471749546e+01
3.21000e+02 4.3079098021e+03 2.0167561981e+01
3.22000e+02 4.3197026983e+03 2.0167723491e+01
3.23000e+02 4.3314101788e+03 2.0165805427e+01
3.24000e+02 4.3439699422e+03 8.6043553533e-01
3.25000e+02 4.3565904110e+03 6.3074159726e+01
3.26000e+02 4.3686042818e+03 2.0366614248e+01
3.27000e+02 4.3803970772e+03 2.0431562546e+01
3.28000e+02 4.3929782128e+03 6.3032457739e+01
3.29000e+02 4.4056149453e+03 2.1840372042e+01
3.30000e+02 4.4176455384e+03 2.0427853333e+01
3.31000e+02 4.4290984920e+03 1.9592383493e+01
3.32000e+02 4.4405893093e+03 8.6041082855e+01
3.33000e+02 4.4519531837e+03 8.5865962477e+01
3.34000e+02 4.4650865886e+03 1.0942709347e+02
3.35000e+02 4.4787432826e+03 1.9949526277e+01
3.36000e+02 4.4916000608e+03 2.0246014133e+01
3.37000e+02 4.5038460319e+03 4.8401983675e+00
3.38000e+02 4.5178328793e+03 2.0783019186e+01
3.39000e+02 4.5323426274e+03 2.1078822212e+01
3.40000e+02 4.5459724564e+03 5.6084089554e+00
3.41000e+02 4.5593209085e+03 4.7791650805e+01
3.42000e+02 4.5727121417e+03 2.3250076104e+01
3.43000e+02 4.5859707171e+03 2.3136949426e+01
3.44000e+02 4.5993217000e+03 2.3073562142e+01
3.45000e+02 4.6125553953e+03 2.3025608477e+01
3.46000e+02 4.6267912977e+03 6.4460618613e+01
3.47000e+02 4.6408051438e+03 1.3092151007e+02
3.48000e+02 4.6530591467e+03 9.4623440050e+01
3.49000e+02 4.6654662561e+03 8.2658591198e-01
3.50000e+02 4.6779830972e+03 2.1342681774e+01
3.51000e+02 4.6900545781e+03 9.0396224769e+01
3.52000e+02 4.7022284595e+03 2.0620639883e+01
3.53000e+02 4.7146686767e+03 2.1354446859e+01
3.54000e+02 4.7280637905e+03 2.6151834555e+00
3.55000e+02 4.7412280869e+03 8.9558948486e+01
3.56000e+02 4.7527138317e+03 6.8813672426e-01
3.57000e+02 4.7643741640e+03 7.7988493233e-01
3.58000e+02 4.7768983645e+03 8.8598476333e+01
3.59000e+02 4.7891989655e+03 1.5511440726e+00
3.60000e+02 4.7999165841e+03 7.6812610958e-01
3.61000e+02 4.8104518111e+03 1.7608958817e+01
3.62000e+02 4.8226739477e+03 1.1066880132e+02
3.63000e+02 4.8350770337e+03 2.0939568009e+01
3.64000e+02 4.8473129202e+03 2.0932378360e+01
3.65000e+02 4.8600692619e+03 1.1460986497e+02
3.66000e+02 4.8727480120e+03 2.1724442921e+01
3.67000e+02 4.8851710171e+03 2.0931365111e+01
3.68000e+02 4.8974108581e+03 2.0914388295e+01
3.69000e+02 4.9097993250e+03 2.0858935691e+01
3.70000e+02 4.9206014249e+03 1.7675831144e+01
3.71000e+02 4.9315824742e+03 6.4185252569e+01
3.72000e+02 4.9426614015e+03 8.3237140913e+01
3.73000e+02 4.9536661017e+03 1.8313019076e+01
3.74000e+02 4.9654498578e+03 3.8652658684e+01
3.75000e+02 4.9769993438e+03 8.3898092306e-01
3.76000e+02 4.9870301476e+03 6.3080594207e+01
3.77000e+02 4.9972657081e+03 1.9555498145e+01
3.78000e+02 5.0082152487e+03 1.6723574922e+00
3.79000e+02 5.0192252054e+03 5.6899654341e+01
3.80000e+02 5.0297812333e+03 3.7307749255e+01
3.81000e+02 5.0398006633e+03 8.0159871929e+01
3.82000e+02 5.0513409952e+03 3.7433669735e+01
3.83000e+02 5.0630377896e+03 3.7543544520e+01
3.84000e+02 5.0745625927e+03 1.9357228025e+01
3.85000e+02 5.0865913077e+03 1.9635247090e+01
3.86000e+02 5.0985451700e+03 3.8753177713e+01
3.87000e+02 5.1105206364e+03 2.0044687115e+01
3.88000e+02 5.1219397703e+03 8.6310601608e-01
3.89000e+02 5.1327731776e+03 4.0281776119e+01
3.90000e+02 5.1436302987e+03 5.7295633416e+01
3.91000e+02 5.1547416049e+03 3.7919485045e+01
3.92000e+02 5.1666383433e+03 1.9967518481e+01
3.93000e+02 5.1782823408e+03 3.7055612812e+01
3.94000e+02 5.1883894112e+03 1.9814134335e-01
3.95000e+02 5.1983159653e+03 1.7061628921e+01
3.96000e+02 5.2098532150e+03 3.7031003895e+01
3.97000e+02 5.2215575908e+03 1.9283812293e+01
3.98000e+02 5.2316994108e+03 1.6131124804e+01
3.99000e+02 5.2420351213e+03 1.9171955346e+01
4.00000e+02 5.2530835329e+03 3.5167261433e+01
4.01000e+02 5.2641818590e+03 5.4202504882e+01
4.02000e+02 5.2748118247e+03 5.6245180758e+01
4.03000e+02 5.2852507034e+03 3.5235262375e+01
4.04000e+02 5.2963346601e+03 1.8168259200e+01
4.05000e+02 5.3071675260e+03 8.7151001389e-01
4.06000e+02 5.3165474352e+03 3.7494524503e+01
4.07000e+02 5.3257624103e+03 5.2860444716e+01
4.08000e+02 5.3350897334e+03 1.4498562872e+01
4.09000e+02 5.3443382136e+03 1.4517569399e+01
4.10000e+02 5.3537016837e+03 1.4539198878e+01
4.11000e+02 5.3633599439e+03 1.7369472432e+01
4.12000e+02 5.3731144556e+03 6.3378773963e+01
4.13000e+02 5.3824443868e+03 1.4606110658e+01
4.14000e+02 5.3932895785e+03 3.6705184505e+01
4.15000e+02 5.4046383092e+03 4.5439397418e+01
4.16000e+02 5.4154046847e+03 1.5603368319e+01
4.17000e+02 5.4256025273e+03 8.6791140225e-01
4.18000e+02 5.4373235241e+03 4.6269763093e+01
4.19000e+02 5.4491837808e+03 8.3919363519e+01
4.20000e+02 5.4608548636e+03 1.9388219601e+01
4.21000e+02 5.4730193522e+03 1.6403522836e+01
4.22000e+02 5.4845398355e+03 1.6211513803e+00
4.23000e+02 5.4954728480e+03 3.9440716943e+01
4.24000e+02 5.5064300858e+03 5.6453591970e+01
4.25000e+02 5.5176363971e+03 4.5794248151e+01
4.26000e+02 5.5296330779e+03 6.5744815659e+01
4.27000e+02 5.5413718960e+03 3.6938984096e+01
4.28000e+02 5.5529508774e+03 3.6809943713e+01
4.29000e+02 5.5650394987e+03 2.2976536652e+01
4.30000e+02 5.5765064282e+03 3.9347722398e+01
4.31000e+02 5.5873976465e+03 3.6731339631e+01
4.32000e+02 5.5998864697e+03 9.0984183798e-01
4.33000e+02 5.6128888003e+03 1.8789210151e+01
4.34000e+02 5.6257800346e+03 3.9567520366e+01
4.35000e+02 5.6384000422e+03 2.0871663944e+01
4.36000e+02 5.6493798141e+03 3.6717142372e+01
4.37000e+02 5.6601316300e+03 1.7459480304e+01
4.38000e+02 5.6725567345e+03 2.0787073624e+01
4.39000e+02 5.6855104254e+03 2.1603812308e+01
4.40000e+02 5.6977350401e+03 5.4894314296e+01
4.41000e+02 5.7093627741e+03 4.9522538954e+00
4.42000e+02 5.7226634496e+03 3.3779088627e+00
4.43000e+02 5.7361166360e+03 2.4973996280e+01
4.44000e+02 5.7478363322e+03 2.3129246740e+01
4.45000e+02 5.7597043415e+03 9.4809492713e+01
4.46000e+02 5.7724304399e+03 4.3863756897e+01
4.47000e+02 5.7852099973e+03 4.3645759689e+01
4.48000e+02 5.7979720984e+03 2.1191432332e+01
4.49000e+02 5.8104950483e+03 1.4725014199e+01
4.50000e+02 5.8228328714e+03 4.2639261499e+01
4.51000e+02 5.8356831788e+03 2.1240990851e+01
4.52000e+02 5.8478451442e+03 1.9701936608e+01
4.53000e+02 5.8594168642e+03 4.5915139270e+01
4.54000e+02 5.8726568949e+03 2.2121957414e+01
4.55000e+02 5.8864210094e+03 9.1380716033e-01
4.56000e+02 5.9000665337e+03 2.3016066404e+01
4.57000e+02 5.9134499617e+03 4.9901685077e+01
4.58000e+02 5.9251253080e+03 4.5824874286e+01
4.59000e+02 5.9369390554e+03 5.4741954317e+01
4.60000e+02 5.9496027065e+03 2.0292126649e+01
4.61000e+02 5.9623271384e+03 4.2225202208e+01
4.62000e+02 5.9744379974e+03 5.4636105862e+01
4.63000e+02 5.9859727253e+03 2.2062843323e+01
4.64000e+02 5.9991791164e+03 4.3062230823e+01
4.65000e+02 6.0125493536e+03 4.3005977831e+01
4.66000e+02 6.0242026399e+03 2.3613212458e+01
4.67000e+02 6.0360116826e+03 2.0267129920e+01
4.68000e+02 6.0479172027e+03 2.0041523912e+01
4.69000e+02 6.0593755850e+03 4.2942823015e+01
4.70000e+02 6.0709269388e+03 4.1203455657e+01
4.71000e+02 6.0823635148e+03 1.8448719021e+01
4.72000e+02 6.0955901730e+03 2.2074261703e+01
4.73000e+02 6.1093404428e+03 2.0242973877e+01
4.74000e+02 6.1222804414e+03 4.0523274227e+01
4.75000e+02 6.1346073918e+03 4.4720365498e+00
4.76000e+02 6.1469668708e+03 2.3705960020e+01
4.77000e+02 6.1595627314e+03 6.0486704802e+01
4.78000e+02 6.1731043350e+03 4.3840924298e+01
4.79000e+02 6.1864047130e+03 4.2082920144e+01
4.80000e+02 6.1980083212e+03 1.5713987052e+01
4.81000e+02 6.2093971155e+03 3.4860708880e+01
4.82000e+02 6.2225523621e+03 4.1969425576e+01
4.83000e+02 6.2362497048e+03 4.0429823874e+01
4.84000e+02 6.2491510999e+03 3.9254809261e+01
4.85000e+02 6.2614464235e+03 7.0351204009e+00
4.86000e+02 6.2754918237e+03 8.9015371160e-01
4.87000e+02 6.2900640269e+03 4.0090414874e+01
4.88000e+02 6.3045047016e+03 7.9507525851e+01
4.89000e+02 6.3186877007e+03 2.3598748963e+01
4.90000e+02 6.3326484509e+03 3.6482967439e+01
4.91000e+02 6.3471256681e+03 2.4214674408e+01
4.92000e+02 6.3614974431e+03 2.4121559999e+01
4.93000e+02 6.3759025848e+03 2.4025362916e+01
4.94000e+02 6.3895363438e+03 7.7604491827e+00
4.95000e+02 6.4025366470e+03 3.8040727598e+01
4.96000e+02 6.4155674016e+03 6.4813908910e+01
4.97000e+02 6.4288294653e+03 8.8288856291e+01
4.98000e+02 6.4431096591e+03 2.3909756432e+01
4.99000e+02 6.4574483799e+03 2.3819425703e+01
5.00000e+02 6.4717511250e+03 2.3818157550e+01
5.01000e+02 6.4858285210e+03 5.7625637170e+01
5.02000e+02 6.4997000361e+03 7.1898168493e+01
5.03000e+02 6.5140975187e+03 2.3853101258e+01
5.04000e+02 6.5276649249e+03 6.2750138983e+01
5.05000e+02 6.5406137706e+03 7.1774812859e+01
5.06000e+02 6.5553776171e+03 2.4721579611e+01
5.07000e+02 6.5703137885e+03 7.6097147896e+01
5.08000e+02 6.5833906753e+03 7.1749170257e+01
5.09000e+02 6.5965949035e+03 4.7622350560e+01
5.10000e+02 6.6108040472e+03 4.8515589979e+01
5.11000e+02 6.6247930145e+03 9.4720405965e-01
5.12000e+02 6.6386077068e+03 2.2884532167e+01
5.13000e+02 6.6529634952e+03 4.8425380157e+01
5.14000e+02 6.6664933654e+03 4.7537192245e+01
5.15000e+02 6.6794116039e+03 4.7527898547e+01
5.16000e+02 6.6941492329e+03 2.5466205033e+01
5.17000e+02 6.7094294823e+03 9.2446106089e-01
5.18000e+02 6.7237647403e+03 4.7600263283e+01
5.19000e+02 6.7374583861e+03 2.6216146088e+01
5.20000e+02 6.7511911682e+03 7.4326195782e+01
5.21000e+02 6.7651475861e+03 7.0147300583e+01
5.22000e+02 6.7801994626e+03 2.5363280912e+01
5.23000e+02 6.7953132345e+03 2.5171440064e+01
5.24000e+02 6.8103807990e+03 2.5161956662e+01
5.25000e+02 6.8252299730e+03 7.1551124770e+01
5.26000e+02 6.8382444971e+03 7.1825784597e-01
5.27000e+02 6.8509976334e+03 2.0730482547e+01
5.28000e+02 6.8638743478e+03 2.0571942233e+01
5.29000e+02 6.8770115293e+03 2.8727439503e+01
5.30000e+02 6.8911798843e+03 1.9967290441e+01
5.31000e+02 6.9051284549e+03 1.8933227359e+01
5.32000e+02 6.9173311261e+03 4.4072647432e+00
5.33000e+02 6.9296958846e+03 1.9174900065e+01
5.34000e+02 6.9430016577e+03 1.8051712307e+01
5.35000e+02 6.9560936076e+03 3.5462367009e+00
5.36000e+02 6.9675318523e+03 1.8391298618e+01
5.37000e+02 6.9791523634e+03 1.7289413318e+01
5.38000e+02 6.9916399117e+03 2.7244655978e+00
5.39000e+02 7.0039096217e+03 1.7550667499e+01
5.40000e+02 7.0160409616e+03 8.4320117585e+01
5.41000e+02 7.0283458206e+03 1.9272819357e+01
5.42000e+02 7.0405128315e+03 1.9289217568e+01
5.43000e+02 7.0528477827e+03 1.9300020466e+01
5.44000e+02 7.0636041788e+03 1.6590275258e+01
5.45000e+02 7.0745489546e+03 2.0460057497e+00
5.46000e+02 7.0862785605e+03 5.5309441489e+01
5.47000e+02 7.0977757375e+03 8.3777421695e-01
5.48000e+02 7.1077690288e+03 1.2808549943e+00
5.49000e+02 7.1179727488e+03 5.4513076253e+01
5.50000e+02 7.1288932577e+03 1.6460334424e+00
5.51000e+02 7.1395799147e+03 8.1051991469e-01
5.52000e+02 7.1501479016e+03 1.6035050572e+01
5.53000e+02 7.1612376607e+03 1.1542525151e+02
5.54000e+02 7.1718082188e+03 1.4114666195e+02
5.55000e+02 7.1818368236e+03 9.5129217771e+01
5.56000e+02 7.1919045625e+03 5.4533010682e+01
5.57000e+02 7.2018664546e+03 1.7738409984e+01
5.58000e+02 7.2134468433e+03 1.8578005478e+01
5.59000e+02 7.2255372623e+03 1.8147029710e+01
5.60000e+02 7.2369744537e+03 1.5609713530e+01
5.61000e+02 7.2481859578e+03 3.2103870418e+01
5.62000e+02 7.2601137495e+03 3.5892059672e+01
5.63000e+02 7.2717876509e+03 3.5565687378e+01
5.64000e+02 7.2819219169e+03 3.2138293720e+01
5.65000e+02 7.2922473782e+03 2.2296510750e+00
5.66000e+02 7.3032838994e+03 8.9127040045e-01
5.67000e+02 7.3140770292e+03 3.0471078921e+01
5.68000e+02 7.3247408091e+03 4.7488517045e+01
5.69000e+02 7.3359196517e+03 1.6907842296e+01
5.70000e+02 7.3465674855e+03 1.8766750091e+01
5.71000e+02 7.3566657803e+03 4.8331735993e+01
5.72000e+02 7.3667986028e+03 3.0953274520e+01
5.73000e+02 7.3768204694e+03 1.4756715166e+01
5.74000e+02 7.3884627265e+03 9.7847722142e-01
5.75000e+02 7.4006121110e+03 1.7493210335e+01
5.76000e+02 7.4121011147e+03 4.4310425046e+01
5.77000e+02 7.4230063466e+03 8.8336521733e-01
5.78000e+02 7.4355083268e+03 4.9501314905e+00
5.79000e+02 7.4485166804e+03 4.5125083745e+01
5.80000e+02 7.4607832866e+03 1.6600842802e+00
5.81000e+02 7.4724422769e+03 7.5375846221e-01
5.82000e+02 7.4841248044e+03 1.7927149945e+01
5.83000e+02 7.4956632105e+03 1.7788638543e+01
5.84000e+02 7.5073099504e+03 1.7735062370e+01
5.85000e+02 7.5192113265e+03 6.3132743019e+01
5.86000e+02 7.5319906751e+03 8.1189437584e+01
5.87000e+02 7.5448114033e+03 2.0131839602e+01
5.88000e+02 7.5576066195e+03 2.0127575420e+01
5.89000e+02 7.5701583570e+03 6.8307479032e+01
5.90000e+02 7.5810842403e+03 5.2683778514e-01
5.91000e+02 7.5921692550e+03 3.7952127263e+01
5.92000e+02 7.6040334389e+03 9.3103235350e-01
5.93000e+02 7.6159556921e+03 1.8278871486e+01
5.94000e+02 7.6273389722e+03 5.5748722400e+01
5.95000e+02 7.6385148790e+03 1.7015377172e+01
5.96000e+02 7.6504128195e+03 1.8294349135e+01
5.97000e+02 7.6620683013e+03 1.4225665978e+00
5.98000e+02 7.6721946296e+03 5.4112981936e+01
5.99000e+02 7.6821402533e+03 6.9657102862e+01
6.00000e+02 7.6936977205e+03 8.2507746132e+01
6.01000e+02 7.7054245865e+03 5.4130253056e+01
6.02000e+02 7.7155891194e+03 1.4519094578e+01
6.03000e+02 7.7259482401e+03 3.9531766248e-01
6.04000e+02 7.7370232759e+03 3.2528578259e+01
6.05000e+02 7.7478512662e+03 1.3605699911e+01
6.06000e+02 7.7585475294e+03 4.6082372997e+01
6.07000e+02 7.7697581006e+03 5.0060422567e+01
6.08000e+02 7.7809209803e+03 1.6746723127e+01
6.09000e+02 7.7918205861e+03 1.5958997642e+01
6.10000e+02 7.8012572084e+03 7.2791052433e-01
6.11000e+02 7.8108887563e+03 4.8498453254e+01
6.12000e+02 7.8206119053e+03 6.3393263165e+01
6.13000e+02 7.8299173759e+03 2.9751804657e+01
6.14000e+02 7.8393054624e+03 3.3525606522e+01
6.15000e+02 7.8489862731e+03 1.3731638216e+01
6.16000e+02 7.8587630076e+03 1.3771492035e+01
6.17000e+02 7.8681149029e+03 1.6923940811e+01
6.18000e+02 7.8789834580e+03 1.6115330544e+01
6.19000e+02 7.8900016956e+03 1.6996147971e+01
6.20000e+02 7.8995082035e+03 1.3836328024e+01
6.21000e+02 7.9088375876e+03 1.3799980447e+01
6.22000e+02 7.9197060948e+03 1.6979103922e+01
6.23000e+02 7.9310847731e+03 4.4338179415e+01
6.24000e+02 7.9418779328e+03 1.4139626404e+01
6.25000e+02 7.9524580461e+03 2.8782509912e+01
6.26000e+02 7.9636850014e+03 4.4357916882e+01
6.27000e+02 7.9746486284e+03 1.6129213286e+01
6.28000e+02 7.9841375839e+03 2.8736174980e+01
6.29000e+02 7.9938287723e+03 1.8590513541e+00
6.30000e+02 8.0041600947e+03 7.7901536859e-01
6.31000e+02 8.0142387291e+03 2.5461113939e+01
6.32000e+02 8.0229378951e+03 1.0674027823e+00
6.33000e+02 8.0314916494e+03 2.8998144424e+01
6.34000e+02 8.0415125435e+03 4.0701123860e+01
6.35000e+02 8.0520481693e+03 1.6808646801e+01
6.36000e+02 8.0620841818e+03 2.8211999191e+01
6.37000e+02 8.0715745823e+03 1.4184626953e+01
6.38000e+02 8.0825184856e+03 9.2300923082e-01
6.39000e+02 8.0936013378e+03 1.6240620257e+01
6.40000e+02 8.1045069696e+03 1.6186108086e+01
6.41000e+02 8.1155409050e+03 1.6121005124e+01
6.42000e+02 8.1250886502e+03 2.6500449332e+01
6.43000e+02 8.1344553514e+03 1.6968308978e+01
6.44000e+02 8.1453563928e+03 1.6100293739e+01
6.45000e+02 8.1567692529e+03 2.5534808927e+01
6.46000e+02 8.1680969579e+03 5.8761299200e+01
6.47000e+02 8.1791446244e+03 1.6097924578e+01
6.48000e+02 8.1900140730e+03 1.6050233873e+01
6.49000e+02 8.2013742402e+03 3.3992270397e+01
6.50000e+02 8.2121769716e+03 3.1888501819e+01
6.51000e+02 8.2227668050e+03 6.0379419242e+01
6.52000e+02 8.2333910422e+03 1.7537334824e+01
6.53000e+02 8.2439186041e+03 1.5269175978e+01
6.54000e+02 8.2551419436e+03 1.6715460017e+01
6.55000e+02 8.2661114095e+03 1.5955983048e+01
6.56000e+02 8.2756082729e+03 4.9870194683e+01
6.57000e+02 8.2849343210e+03 4.5913631252e+01
6.58000e+02 8.2943698518e+03 1.2836649205e+01
6.59000e+02 8.3037215740e+03 1.2849486624e+01
6.60000e+02 8.3146341494e+03 1.5983153889e+01
6.61000e+02 8.3260510027e+03 1.6755430612e+01
6.62000e+02 8.3373815038e+03 1.6845836777e+01
6.63000e+02 8.3484325877e+03 2.6741337863e+01
6.64000e+02 8.3579885346e+03 1.2957053175e+01
6.65000e+02 8.3677287418e+03 1.7408933302e+01
6.66000e+02 8.3775538978e+03 4.0189444569e+01
6.67000e+02 8.3869535964e+03 1.2992072514e+01
6.68000e+02 8.3964308238e+03 1.2900360995e+01
6.69000e+02 8.4058159448e+03 1.2872883062e+01
6.70000e+02 8.4167605848e+03 2.6746661050e+01
6.71000e+02 8.4282047696e+03 3.8809289622e+01
6.72000e+02 8.4390534803e+03 2.6862645302e+01
6.73000e+02 8.4493302074e+03 8.9160616003e-01
6.74000e+02 8.4596282477e+03 1.4571537549e+01
6.75000e+02 8.4701819559e+03 4.9602250828e+01
6.76000e+02 8.4808181193e+03 1.5157916135e+01
6.77000e+02 8.4913653762e+03 1.5136306809e+01
6.78000e+02 8.5026200138e+03 3.8694616827e+01
6.79000e+02 8.5136193400e+03 4.0336765014e+01
6.80000e+02 8.5231377053e+03 2.8821244482e+01
6.81000e+02 8.5328614668e+03 8.2349534902e-01
6.82000e+02 8.5432319290e+03 2.5819721998e+01
6.83000e+02 8.5533505176e+03 2.7911685696e+01
6.84000e+02 8.5633459049e+03 6.7230949595e+01
6.85000e+02 8.5738482530e+03 4.1555020604e+01
6.86000e+02 8.5843106634e+03 2.7975722316e+01
6.87000e+02 8.5947954580e+03 2.7930193093e+01
6.88000e+02 8.6048614096e+03 1.3728286908e+01
6.89000e+02 8.6143734101e+03 5.6594800474e+01
6.90000e+02 8.6253265420e+03 1.5785801654e+01
6.91000e+02 8.6364218492e+03 3.0756872331e+01
6.92000e+02 8.6460046635e+03 2.7001735257e+01
6.93000e+02 8.6557808354e+03 2.8518473512e+01
6.94000e+02 8.6656414672e+03 2.8284635149e+01
6.95000e+02 8.6750730831e+03 1.5689631297e+01
6.96000e+02 8.6860218640e+03 1.5893707440e+01
6.97000e+02 8.6974756330e+03 1.4473820417e+01
6.98000e+02 8.7088419492e+03 3.1630021285e+01
6.99000e+02 8.7199273439e+03 1.5867901198e+01
7.00000e+02 8.7295140078e+03 1.5677791322e+01
7.01000e+02 8.7392825233e+03 3.1590734834e+01
7.02000e+02 8.7496844761e+03 1.4887669811e+01
7.03000e+02 8.7601291267e+03 3.1957209098e+01
7.04000e+02 8.7701650755e+03 3.1734461035e+01
7.05000e+02 8.7796649004e+03 1.5946022789e+01
7.06000e+02 8.7906184179e+03 3.0491276560e+01
7.07000e+02 8.8020736593e+03 1.0105907731e+00
7.08000e+02 8.8129383812e+03 8.2877322250e-01
7.09000e+02 8.8235836105e+03 1.5749495945e+01
7.10000e+02 8.8348759848e+03 1.6534508391e+01
7.11000e+02 8.8461986404e+03 1.6385388124e+01
7.12000e+02 8.8570256884e+03 1.5696072425e+01
7.13000e+02 8.8672888349e+03 3.1224106833e+01
7.14000e+02 8.8790762465e+03 1.8212477123e+01
7.15000e+02 8.8910080687e+03 4.9501477436e+01
7.16000e+02 8.9027534326e+03 1.7396838561e+01
7.17000e+02 8.9149948996e+03 9.1881136860e-01
7.18000e+02 8.9271496512e+03 3.4670266363e+01
7.19000e+02 8.9390304946e+03 1.7328462926e+01
7.20000e+02 8.9507231682e+03 1.7258444163e+01
7.21000e+02 8.9629137865e+03 3.4584747317e+01
7.22000e+02 8.9744713585e+03 1.5504537856e+01
7.23000e+02 8.9854442672e+03 5.3524654276e+01
7.24000e+02 8.9964447443e+03 1.0200790226e+02
7.25000e+02 9.0076959188e+03 5.1759515230e+01
7.26000e+02 9.0197448242e+03 1.7923322667e+01
7.27000e+02 9.0318323653e+03 1.7802322217e+01
7.28000e+02 9.0433536462e+03 5.3434838440e+01
7.29000e+02 9.0543025626e+03 1.5585104217e+01
7.30000e+02 9.0652819935e+03 1.5548472920e+01
7.31000e+02 9.0761347714e+03 1.5436785945e+01
7.32000e+02 9.0886937026e+03 1.9368811848e+01
7.33000e+02 9.1017647188e+03 1.6039662726e+01
7.34000e+02 9.1140869516e+03 3.1791820168e+01
7.35000e+02 9.1258047245e+03 8.6499502466e-01
7.36000e+02 9.1392009770e+03 1.6860944361e+01
7.37000e+02 9.1531093982e+03 3.2597433333e+01
7.38000e+02 9.1661913770e+03 1.6238760721e+00
7.39000e+02 9.1786463583e+03 5.7887138087e+00
7.40000e+02 9.1928503760e+03 3.3372601186e+01
7.41000e+02 9.2075722174e+03 2.4356722978e+00
7.42000e+02 9.2221517791e+03 7.1336871784e+01
7.43000e+02 9.2367463327e+03 2.2699779044e+01
7.44000e+02 9.2512672324e+03 2.2618417262e+01
7.45000e+02 9.2658154112e+03 2.2549424103e+01
7.46000e+02 9.2795783284e+03 6.4638634819e+00
7.47000e+02 9.2926961948e+03 3.4002113765e+01
7.48000e+02 9.3076187505e+03 4.8355728476e+01
7.49000e+02 9.3227058423e+03 1.3828756189e+02
7.50000e+02 9.3359155845e+03 5.8266827234e+01
7.51000e+02 9.3492425450e+03 1.1384251911e+02
7.52000e+02 9.3626657441e+03 5.9213647437e+01
7.53000e+02 9.3756204186e+03 4.8144180873e+01
7.54000e+02 9.3886737467e+03 4.7939622550e+01
7.55000e+02 9.4019771273e+03 2.0165387854e+01
7.56000e+02 9.4163197012e+03 4.5769619454e+01
7.57000e+02 9.4307222810e+03 4.5578250741e+01
7.58000e+02 9.4443493760e+03 2.2714678715e+01
7.59000e+02 9.4573659365e+03 1.9464022417e+01
7.60000e+02 9.4704249555e+03 1.9450249353e+01
7.61000e+02 9.4837207687e+03 2.5527314607e+01
7.62000e+02 9.4980445357e+03 2.2092795027e+01
7.63000e+02 9.5121404627e+03 3.7841770885e+01
7.64000e+02 9.5244693248e+03 2.9615116715e+00
7.65000e+02 9.5365715742e+03 2.1475038243e+01
7.66000e+02 9.5505195686e+03 6.0250438363e+01
7.67000e+02 9.5646532744e+03 2.1395030997e+01
7.68000e+02 9.5785955755e+03 2.1367942661e+01
7.69000e+02 9.5930702041e+03 2.2142751057e+01
7.70000e+02 9.6066939364e+03 4.0894758954e+01
7.71000e+02 9.6196968037e+03 4.0645894702e+01
7.72000e+02 9.6327408997e+03 5.9082377310e+01
7.73000e+02 9.6456361270e+03 1.9170378135e+01
7.74000e+02 9.6604666621e+03 8.8823403001e-01
7.75000e+02 9.6754667898e+03 4.1491014723e+01
7.76000e+02 9.6885892470e+03 1.9229568991e+01
7.77000e+02 9.7018395307e+03 3.7965416725e+01
7.78000e+02 9.7151917395e+03 5.9484933033e+01
7.79000e+02 9.7280802950e+03 1.9203667556e+01
7.80000e+02 9.7410708247e+03 1.9052536421e+01
7.81000e+02 9.7539310277e+03 1.9005131391e+01
7.82000e+02 9.7687406657e+03 4.1428626558e+01
7.83000e+02 9.7837225283e+03 3.8225558270e+01
7.84000e+02 9.7984900840e+03 3.8145250417e+01
7.85000e+02 9.8137875482e+03 7.6188527650e+01
7.86000e+02 9.8289624478e+03 1.1755395205e+02
7.87000e+02 9.8441738724e+03 4.1984666490e+01
7.88000e+02 9.8593186306e+03 2.3442668422e+01
7.89000e+02 9.8745067551e+03 2.3395925628e+01
7.90000e+02 9.8888587867e+03 3.9170412883e+01
7.91000e+02 9.9025616778e+03 2.3702495624e+01
7.92000e+02 9.9162975962e+03 4.3410308102e+01
7.93000e+02 9.9302574672e+03 1.2562496718e+02
7.94000e+02 9.9443278914e+03 4.7456244793e+01
7.95000e+02 9.9579221182e+03 2.0398426005e+01
7.96000e+02 9.9716194101e+03 2.4020432452e+01
7.97000e+02 9.9855603647e+03 2.1031182887e+01
7.98000e+02 9.9996213057e+03 2.1000668491e+01
7.99000e+02 1.0013565267e+04 2.0982674006e+01
8.00000e+02 1.0027624451e+04 2.0959934968e+01
8.01000e+02 1.0041211774e+04 2.3989508308e+01
8.02000e+02 1.0056777689e+04 4.7643698968e+01
8.03000e+02 1.0072893011e+04 6.3895939524e+01
8.04000e+02 1.0087981264e+04 1.0290684414e+00
8.05000e+02 1.0102412912e+04 3.9368775993e+00
8.06000e+02 1.0118818691e+04 6.4671907320e+01
8.07000e+02 1.0135770226e+04 1.8642518903e+00
8.08000e+02 1.0151615836e+04 7.5735744611e-01
8.09000e+02 1.0167133282e+04 2.4297099175e+01
8.10000e+02 1.0182705627e+04 2.3999537197e+01
8.11000e+02 1.0198121360e+04 2.3873825090e+01
8.12000e+02 1.0214768485e+04 9.0569327538e+01
8.13000e+02 1.0231213870e+04 1.3652662084e+02
8.14000e+02 1.0247442101e+04 2.5535163006e+01
8.15000e+02 1.0264224081e+04 2.6312422212e+01
8.16000e+02 1.0279954011e+04 2.4007536088e+01
8.17000e+02 1.0295021975e+04 9.0753179407e+01
8.18000e+02 1.0310141697e+04 1.1630228461e+02
8.19000e+02 1.0325477199e+04 2.3903297256e+01
8.20000e+02 1.0342065460e+04 2.6227245922e+01
8.21000e+02 1.0358448713e+04 4.8424061464e+01
8.22000e+02 1.0372853191e+04 7.1524392139e-01
8.23000e+02 1.0386988494e+04 2.1329375883e+01
8.24000e+02 1.0403190696e+04 4.8349608679e+01
8.25000e+02 1.0419597128e+04 2.5347872311e+01
8.26000e+02 1.0434016890e+04 2.1323330429e+01
8.27000e+02 1.0448164755e+04 2.6051784293e+01
8.28000e+02 1.0464376898e+04 2.5332465246e+01
8.29000e+02 1.0481163047e+04 2.6205187702e+01
8.30000e+02 1.0497804306e+04 7.1315374319e+01
8.31000e+02 1.0514493986e+04 7.1147590184e+01
8.32000e+02 1.0531105939e+04 2.5963742131e+01
8.33000e+02 1.0547503498e+04 2.5298259943e+01
8.34000e+02 1.0561927159e+04 2.6029631319e+01
8.35000e+02 1.0576437849e+04 1.0032435490e+02
8.36000e+02 1.0592089865e+04 9.5993610869e-01
8.37000e+02 1.0607832391e+04 2.4031647513e+01
8.38000e+02 1.0623541511e+04 2.4064719366e+01
8.39000e+02 1.0639051084e+04 8.8798602346e-01
8.40000e+02 1.0652678389e+04 5.1188031816e+01
8.41000e+02 1.0666420037e+04 2.2312636244e+01
8.42000e+02 1.0681233221e+04 8.9593556304e-01
8.43000e+02 1.0695849254e+04 4.6202557436e+01
8.44000e+02 1.0710297116e+04 6.8777937846e+01
8.45000e+02 1.0725302150e+04 2.2408123440e+01
8.46000e+02 1.0739428286e+04 1.4478995423e+02
8.47000e+02 1.0752938616e+04 9.3378757183e+01
8.48000e+02 1.0766504578e+04 4.1239648202e+01
8.49000e+02 1.0780310522e+04 2.0478614763e+01
8.50000e+02 1.0795212128e+04 2.2474137034e+01
8.51000e+02 1.0810186304e+04 2.2420805570e+01
8.52000e+02 1.0825125391e+04 2.2435865821e+01
8.53000e+02 1.0839853600e+04 4.1310584612e+01
8.54000e+02 1.0854374962e+04 4.1342774500e+01
8.55000e+02 1.0869433840e+04 2.2498131376e+01
8.56000e+02 1.0883605069e+04 2.0503228770e+01
8.57000e+02 1.0897150366e+04 4.1336399155e+01
8.58000e+02 1.0912580213e+04 6.3573903071e+00
8.59000e+02 1.0928563154e+04 9.2406294191e-01
8.60000e+02 1.0943537609e+04 4.0650819511e+01
8.61000e+02 1.0957860691e+04 7.1288177582e+00
8.62000e+02 1.0972228576e+04 4.9218674133e+01
8.63000e+02 1.0986816213e+04 6.1874588589e+01
8.64000e+02 1.1002573158e+04 2.4216629843e+01
8.65000e+02 1.1018115785e+04 4.9983873382e+01
8.66000e+02 1.1031757585e+04 1.4117346862e+01
8.67000e+02 1.1045145787e+04 3.4270686790e+01
8.68000e+02 1.1060519733e+04 4.4429083112e+01
8.69000e+02 1.1076463949e+04 3.7498434966e+01
8.70000e+02 1.1092277997e+04 4.3618947932e+01
8.71000e+02 1.1107861794e+04 2.3323487452e+01
8.72000e+02 1.1123218701e+04 2.3283124083e+01
8.73000e+02 1.1138740593e+04 2.3197935609e+01
8.74000e+02 1.1152395153e+04 1.9405743943e+01
8.75000e+02 1.1166171704e+04 2.9419495252e+01
8.76000e+02 1.1180058909e+04 5.0267945651e+01
8.77000e+02 1.1193840637e+04 1.9992273521e+01
8.78000e+02 1.1208709966e+04 4.5530181828e+01
8.79000e+02 1.1223378197e+04 8.5366111066e-01
8.80000e+02 1.1236238371e+04 2.9174986254e+01
8.81000e+02 1.1249248551e+04 2.4726007946e+01
8.82000e+02 1.1263269852e+04 1.7008351952e+00
8.83000e+02 1.1277377196e+04 7.2179227125e+01
8.84000e+02 1.1290751731e+04 4.4160893917e+01
8.85000e+02 1.1303535742e+04 4.7927959503e+01
8.86000e+02 1.1318137344e+04 4.1950671232e+01
8.87000e+02 1.1333287915e+04 2.1361538535e+01
8.88000e+02 1.1347510717e+04 8.4826677839e-01
8.89000e+02 1.1361451818e+04 2.0397515626e+01
8.90000e+02 1.1376404588e+04 4.2655692284e+01
8.91000e+02 1.1391139717e+04 4.1975618371e+01
8.92000e+02 1.1405683221e+04 2.1491499100e+01
8.93000e+02 1.1420768777e+04 2.2229710436e+01
8.94000e+02 1.1435753639e+04 2.2239572660e+01
8.95000e+02 1.1450787000e+04 2.2165139027e+01
8.96000e+02 1.1464997921e+04 2.0365236674e+01
8.97000e+02 1.1478571314e+04 4.8074888440e+01
8.98000e+02 1.1492184105e+04 6.6690089674e+01
8.99000e+02 1.1506027439e+04 4.3566872517e+01
9.00000e+02 1.1519984882e+04 4.3269828367e+01
9.01000e+02 1.1533826810e+04 1.9905385071e+01
9.02000e+02 1.1547784364e+04 1.9885590232e+01
9.03000e+02 1.1561273750e+04 1.9253885420e+01
9.04000e+02 1.1576731765e+04 4.5055545705e+01
9.05000e+02 1.1592741371e+04 4.0748738565e+01
9.06000e+02 1.1607735590e+04 1.0366659460e+00
9.07000e+02 1.1622078032e+04 2.6525652960e+01
9.08000e+02 1.1638387266e+04 4.1559208453e+01
9.09000e+02 1.1655243701e+04 1.8824589177e+00
9.10000e+02 1.1671004228e+04 3.9503534289e+00
9.11000e+02 1.1686089619e+04 4.2260598753e+01
9.12000e+02 1.1703211478e+04 2.6932025265e+00
9.13000e+02 1.1720511683e+04 1.1325373189e+02
9.14000e+02 1.1737568397e+04 2.6345730981e+01
9.15000e+02 1.1754789840e+04 2.6240624724e+01
9.16000e+02 1.1769970804e+04 8.9520270370e+01
9.17000e+02 1.1785234818e+04 2.6269822469e+01
9.18000e+02 1.1801718940e+04 1.1885606125e+02
9.19000e+02 1.1818290822e+04 7.7644528373e+01
9.20000e+02 1.1834813069e+04 2.4979747345e+01
9.21000e+02 1.1851408434e+04 2.4978250392e+01
9.22000e+02 1.1867047371e+04 4.2096747937e+01
9.23000e+02 1.1882370441e+04 9.8996501237e+01
9.24000e+02 1.1897756097e+04 7.9485392654e+01
9.25000e+02 1.1912645494e+04 2.8813900218e+01
9.26000e+02 1.1927642738e+04 7.9554952587e+01
9.27000e+02 1.1942872394e+04 2.2429700015e+01
9.28000e+02 1.1959358245e+04 2.4916876185e+01
9.29000e+02 1.1975924400e+04 2.4862749146e+01
9.30000e+02 1.1992437040e+04 2.4864675647e+01
9.31000e+02 1.2009020682e+04 2.4857297985e+01
9.32000e+02 1.2024646906e+04 2.2647837217e+01
9.33000e+02 1.2039609336e+04 7.2779041036e+01
9.34000e+02 1.2056594174e+04 1.2570773010e+02
9.35000e+02 1.2073770660e+04 1.2553706410e+02
9.36000e+02 1.2088887700e+04 2.2527066090e+01
9.37000e+02 1.2103709024e+04 5.2734908969e+01
9.38000e+02 1.2120657452e+04 2.5809895706e+01
9.39000e+02 1.2138184438e+04 9.4334378170e-01
9.40000e+02 1.2154558178e+04 5.2775095981e+01
9.41000e+02 1.2170606573e+04 7.6166248630e+01
9.42000e+02 1.2187893607e+04 5.1453139537e+01
9.43000e+02 1.2204985594e+04 2.5699587172e+01
9.44000e+02 1.2221855859e+04 2.5595724540e+01
9.45000e+02 1.2238911251e+04 2.5533534078e+01
9.46000e+02 1.2255770143e+04 2.5496627482e+01
9.47000e+02 1.2273200834e+04 5.1305391479e+01
9.48000e+02 1.2289516558e+04 2.4004486914e+01
9.49000e+02 1.2305160857e+04 7.7648320514e+01
9.50000e+02 1.2322912297e+04 8.9254776819e-01
9.51000e+02 1.2341238875e+04 2.1613535639e+01
9.52000e+02 1.2358339503e+04 5.4293073629e+01
9.53000e+02 1.2374744769e+04 1.6526212382e+00
9.54000e+02 1.2391204037e+04 1.3259144895e+02
9.55000e+02 1.2407474240e+04 2.4235317618e+01
9.56000e+02 1.2423898667e+04 2.4176240910e+01
9.57000e+02 1.2440539222e+04 7.8811423287e+01
9.58000e+02 1.2458589971e+04 5.1945603537e+01
9.59000e+02 1.2476727641e+04 5.4049873009e+01
9.60000e+02 1.2493751269e+04 2.5785050848e+01
9.61000e+02 1.2510447231e+04 2.5814671598e+01
9.62000e+02 1.2528456756e+04 5.0714814437e+01
9.63000e+02 1.2546286266e+04 7.5659349327e+01
9.64000e+02 1.2562010028e+04 2.4450584048e+01
9.65000e+02 1.2577821743e+04 9.5781533308e-01
9.66000e+02 1.2593762155e+04 2.5024890599e+01
9.67000e+02 1.2609227828e+04 4.7773667717e+01
9.68000e+02 1.2626891493e+04 7.5495914950e+01
9.69000e+02 1.2645140990e+04 5.0870959168e+01
9.70000e+02 1.2662173242e+04 2.2709627015e+01
9.71000e+02 1.2678520347e+04 3.3532725483e+00
9.72000e+02 1.2697055773e+04 2.6864197975e+01
9.73000e+02 1.2716167871e+04 2.3549517630e+01
9.74000e+02 1.2733978225e+04 4.1280214974e+00
9.75000e+02 1.2751076720e+04 2.7588724503e+01
9.76000e+02 1.2768230471e+04 5.4915688665e+01
9.77000e+02 1.2785186227e+04 2.5408860226e+01
9.78000e+02 1.2804529013e+04 2.4333327872e+01
9.79000e+02 1.2824074074e+04 8.1002456718e+01
9.80000e+02 1.2841327535e+04 2.5483161195e+01
9.81000e+02 1.2858240724e+04 2.5415111243e+01
9.82000e+02 1.2877508799e+04 3.1328338175e+01
9.83000e+02 1.2897377367e+04 4.8803636167e+00
9.84000e+02 1.2917059538e+04 1.0742175152e+02
9.85000e+02 1.2936540851e+04 2.9990658515e+01
9.86000e+02 1.2953752269e+04 2.5347653767e+01
9.87000e+02 1.2970995536e+04 1.0874588225e+02
9.88000e+02 1.2989671445e+04 2.8954405843e+01
9.89000e+02 1.3008460404e+04 8.5191557855e+01
9.90000e+02 1.3026093000e+04 8.3491671018e+01
9.91000e+02 1.3043046650e+04 2.5362766640e+01
9.92000e+02 1.3060070517e+04 2.5149852632e+01
9.93000e+02 1.3077300023e+04 2.8911690686e+01
9.94000e+02 1.3096002640e+04 2.8644840221e+01
9.95000e+02 1.3114530931e+04 4.4897258514e+01
9.96000e+02 1.3132829610e+04 7.3843633941e+01
9.97000e+02 1.3151712965e+04 2.8710590759e+01
9.98000e+02 1.3169355422e+04 2.8892640254e+01
9.99000e+02 1.3186306023e+04 5.3041162398e+01
1.00000e+03 1.3205510289e+04 1.3353238127e+01
1.00100e+03 1.3225308491e+04 9.1484716505e-01
1.00200e+03 1.3243746400e+04 4.4903051823e+01
1.00300e+03 1.3261466192e+04 1.4109076198e+01
1.00400e+03 1.3279249400e+04 6.7842429178e+01
1.00500e+03 1.3297221401e+04 7.1601404128e+01
1.00600e+03 1.3316738695e+04 3.0410490297e+01
1.00700e+03 1.3336082658e+04 6.8590258281e+01
1.00800e+03 1.3355181524e+04 5.5968616458e+01
1.00900e+03 1.3374868107e+04 4.2131095560e+01
1.01000e+03 1.3393237072e+04 2.7353258754e+01
1.01100e+03 1.3411243943e+04 2.7360775035e+01
1.01200e+03 1.3430706228e+04 5.5105075376e+01
1.01300e+03 1.3450278637e+04 4.3073162057e+01
1.01400e+03 1.3469772614e+04 2.9990660121e+01
1.01500e+03 1.3489358997e+04 2.9974643315e+01
1.01600e+03 1.3507723818e+04 2.7329270559e+01
1.01700e+03 1.3525371550e+04 5.5840587656e+01
1.01800e+03 1.3543079774e+04 5.5709763153e+01
1.01900e+03 1.3560592970e+04 2.6122061759e+01
1.02000e+03 1.3580562391e+04 6.0774192928e+01
1.02100e+03 1.3601130683e+04 9.8190866178e-01
1.02200e+03 1.3620260149e+04 4.1984681733e+01
1.02300e+03 1.3639006409e+04 6.9984027231e+01
1.02400e+03 1.3659282315e+04 3.1707524845e+01
1.02500e+03 1.3679396402e+04 9.0880998912e+01
1.02600e+03 1.3699253923e+04 3.0774580026e+01
1.02700e+03 1.3719703916e+04 3.1557517905e+01
1.02800e+03 1.3738768139e+04 2.8628763635e+01
1.02900e+03 1.3757107550e+04 6.6026841106e+01
1.03000e+03 1.3775519761e+04 9.2760741648e+01
1.03100e+03 1.3794120997e+04 2.8455110954e+01
1.03200e+03 1.3814342191e+04 3.1471248758e+01
1.03300e+03 1.3834402361e+04 5.8157242827e+01
1.03400e+03 1.3852146244e+04 6.6832826355e-01
1.03500e+03 1.3869943952e+04 1.0289394500e+01
1.03600e+03 1.3889263674e+04 5.5577206385e+01
1.03700e+03 1.3908709806e+04 8.5957545891e+01
1.03800e+03 1.3926941566e+04 3.7873297733e+01
1.03900e+03 1.3944489912e+04 2.6008630507e+01
1.04000e+03 1.3964366788e+04 8.7511349465e+01
1.04100e+03 1.3984849213e+04 1.0362935377e+00
1.04200e+03 1.4003912201e+04 2.5374896796e+01
1.04300e+03 1.4022249572e+04 6.1413167855e+01
1.04400e+03 1.4040657571e+04 8.7998492883e+01
1.04500e+03 1.4058861364e+04 2.7152773323e+01
1.04600e+03 1.4077241186e+04 2.7097443043e+01
1.04700e+03 1.4095824181e+04 5.6306916480e+01
1.04800e+03 1.4114564003e+04 8.8154209032e+01
1.04900e+03 1.4132790372e+04 2.7092921630e+01
1.05000e+03 1.4151161504e+04 2.7057138239e+01
1.05100e+03 1.4169737776e+04 8.4629726735e+01
1.05200e+03 1.4189949161e+04 3.1319830309e+01
1.05300e+03 1.4209998551e+04 1.4133248020e+02
1.05400e+03 1.4227725867e+04 6.5018812598e-02
1.05500e+03 1.4245508089e+04 7.9405001738e-01
1.05600e+03 1.4264812550e+04 1.0985605621e+02
1.05700e+03 1.4284242625e+04 1.3998236024e+02
1.05800e+03 1.4302458614e+04 2.6541996303e+01
1.05900e+03 1.4320336518e+04 5.6493942340e+01
1.06000e+03 1.4339671018e+04 2.9109435777e+01
1.06100e+03 1.4358851270e+04 8.0418313011e-01
1.06200e+03 1.4375808882e+04 5.4874488344e+01
1.06300e+03 1.4392836405e+04 2.8229945004e+01
1.06400e+03 1.4411305471e+04 8.6543284264e-01
1.06500e+03 1.4429898964e+04 2.7379177131e+01
1.06600e+03 1.4447358128e+04 8.3797915741e+01
1.06700e+03 1.4464151601e+04 8.0481752650e+01
1.06800e+03 1.4481022189e+04 2.8114690518e+01
1.06900e+03 1.4498106128e+04 2.4807400863e+01
1.07000e+03 1.4516656584e+04 2.7433187562e+01
1.07100e+03 1.4535037029e+04 8.2106382938e+01
1.07200e+03 1.4551261877e+04 2.4136853087e+01
1.07300e+03 1.4567574683e+04 1.0190701408e+00
1.07400e+03 1.4585257994e+04 2.3922557481e+01
1.07500e+03 1.4603059271e+04 5.0512173205e+01
1.07600e+03 1.4619796359e+04 2.5078568584e+01
1.07700e+03 1.4635881879e+04 5.1491339273e+01
1.07800e+03 1.4652041937e+04 2.2438994386e+01
1.07900e+03 1.4668422268e+04 2.3966159259e+01
1.08000e+03 1.4686192363e+04 2.5758742491e+01
1.08100e+03 1.4704062486e+04 2.5801829768e+01
1.08200e+03 1.4720851676e+04 2.3994295258e+01
1.08300e+03 1.4737327144e+04 2.5828120978e+01
1.08400e+03 1.4755105788e+04 2.5784576623e+01
1.08500e+03 1.4772711288e+04 4.5754326222e+01
1.08600e+03 1.4788238571e+04 2.7625977968e+01
1.08700e+03 1.4803863474e+04 2.4908226646e+01
1.08800e+03 1.4819622026e+04 4.9654973107e+01
1.08900e+03 1.4835266475e+04 2.1468042729e+01
1.09000e+03 1.4852219284e+04 8.2583558246e-01
1.09100e+03 1.4869000423e+04 2.6773991453e+01
1.09200e+03 1.4883780628e+04 4.5582815304e+01
1.09300e+03 1.4898679779e+04 7.4529814652e-01
1.09400e+03 1.4914800734e+04 2.0175950392e+01
1.09500e+03 1.4931029067e+04 4.5565498239e+01
1.09600e+03 1.4946336226e+04 2.0250628520e+01
1.09700e+03 1.4961021043e+04 9.4151437347e+01
1.09800e+03 1.4975773772e+04 1.9441163355e+01
1.09900e+03 1.4990375500e+04 1.9338633374e+01
1.10000e+03 1.5007122887e+04 2.8685756578e+02
1.10100e+03 1.5024068953e+04 6.5123880851e+01
1.10200e+03 1.5040793587e+04 4.0523875383e+01
1.10300e+03 1.5057697652e+04 2.3567559116e+01
1.10400e+03 1.5072597921e+04 1.9466835407e+01
1.10500e+03 1.5087213450e+04 2.3623360343e+01
1.10600e+03 1.5103940761e+04 2.3546667834e+01
1.10700e+03 1.5121253126e+04 2.1314410203e+01
1.10800e+03 1.5137435736e+04 6.4007676350e+01
1.10900e+03 1.5152953341e+04 2.4425196840e+01
1.11000e+03 1.5170572948e+04 8.9229656558e-01
1.11100e+03 1.5188762794e+04 6.4821149366e+01
1.11200e+03 1.5206784090e+04 1.1246189416e+02
1.11300e+03 1.5224588311e+04 2.5314681683e+01
1.11400e+03 1.5240277984e+04 4.8789912687e+01
1.11500e+03 1.5256030725e+04 1.1108529033e+02
1.11600e+03 1.5271898472e+04 4.7527117349e+01
1.11700e+03 1.5287285469e+04 2.0925201961e+01
1.11800e+03 1.5304854661e+04 2.5238951817e+01
1.11900e+03 1.5322632229e+04 2.5187060110e+01
1.12000e+03 1.5338293456e+04 2.3412762531e+01
1.12100e+03 1.5353656516e+04 2.3365413027e+01
1.12200e+03 1.5371215631e+04 2.5151796561e+01
1.12300e+03 1.5389363684e+04 4.7437797040e+01
1.12400e+03 1.5407352016e+04 4.7357395014e+01
1.12500e+03 1.5425129474e+04 2.5126534816e+01
1.12600e+03 1.5440798100e+04 2.0812514181e+01
1.12700e+03 1.5456533867e+04 4.7293063982e+01
1.12800e+03 1.5473548088e+04 5.2293734098e+00
1.12900e+03 1.5490382796e+04 1.3062349781e+01
1.13000e+03 1.5505218053e+04 2.5607286400e+01
1.13100e+03 1.5520168084e+04 4.4384084369e+00
1.13200e+03 1.5535250904e+04 5.0894813196e+01
1.13300e+03 1.5549873352e+04 4.5632769577e+01
1.13400e+03 1.5566607107e+04 3.7325335291e+01
1.13500e+03 1.5583921776e+04 5.0010534793e+01
1.13600e+03 1.5600108040e+04 1.5815955859e+01
1.13700e+03 1.5615630916e+04 9.0042678433e-01
1.13800e+03 1.5633257996e+04 3.1601078037e+01
1.13900e+03 1.5651455209e+04 1.6682684112e+01
1.14000e+03 1.5668436538e+04 1.6945908451e+00
1.14100e+03 1.5684725417e+04 3.0036712256e+01
1.14200e+03 1.5701068479e+04 5.1560487979e+01
1.14300e+03 1.5717612323e+04 3.8818522001e+01
1.14400e+03 1.5734286553e+04 2.9699577381e+01
1.14500e+03 1.5750460437e+04 2.2123223499e+01
1.14600e+03 1.5768901158e+04 1.7479641671e+01
1.14700e+03 1.5787921259e+04 3.2185662222e+01
1.14800e+03 1.5806762060e+04 9.4403097391e+01
1.14900e+03 1.5825392831e+04 7.8886669560e+01
1.15000e+03 1.5843751516e+04 3.2071441326e+01
1.15100e+03 1.5862671594e+04 2.7314084015e+01
1.15200e+03 1.5880343304e+04 2.3098579795e+01
1.15300e+03 1.5897309822e+04 2.8055946118e+01
1.15400e+03 1.5916518319e+04 2.8136581532e+01
1.15500e+03 1.5936315005e+04 8.7660817321e-01
1.15600e+03 1.5954749470e+04 2.8790645632e+01
1.15700e+03 1.5972809442e+04 8.3023341449e+01
1.15800e+03 1.5992317100e+04 2.8829358747e+01
1.15900e+03 1.6011651748e+04 5.6075634538e+01
1.16000e+03 1.6030736730e+04 2.7889826473e+01
1.16100e+03 1.6050020552e+04 2.7811109597e+01
1.16200e+03 1.6067099706e+04 7.6837401048e+01
1.16300e+03 1.6084235801e+04 3.4534236124e+00
1.16400e+03 1.6102804290e+04 5.3981740263e+01
1.16500e+03 1.6121208960e+04 8.7915160218e-01
1.16600e+03 1.6137469021e+04 2.6308774296e+00
1.16700e+03 1.6153431701e+04 5.4966544320e+01
1.16800e+03 1.6171667033e+04 2.6055375307e+01
1.16900e+03 1.6190513031e+04 8.1777599965e+01
1.17000e+03 1.6208093592e+04 5.4057673330e+01
1.17100e+03 1.6224986303e+04 2.6959350468e+01
1.17200e+03 1.6244132106e+04 2.8563658293e+01
1.17300e+03 1.6263488655e+04 5.5516294054e+01
1.17400e+03 1.6280585991e+04 5.3258955651e+01
1.17500e+03 1.6297737934e+04 5.3943606480e+01
1.17600e+03 1.6315016235e+04 2.8098113437e+01
1.17700e+03 1.6331798282e+04 2.8424431366e+01
1.17800e+03 1.6350919618e+04 2.7783123074e+01
1.17900e+03 1.6370260338e+04 2.7739510495e+01
1.18000e+03 1.6389355609e+04 2.7685706896e+01
1.18100e+03 1.6408644578e+04 2.7606270815e+01
1.18200e+03 1.6427707094e+04 2.7545909282e+01
1.18300e+03 1.6447359519e+04 2.4574998503e+01
1.18400e+03 1.6466847850e+04 1.1079278272e+02
1.18500e+03 1.6486408364e+04 8.6821506463e+01
1.18600e+03 1.6504742899e+04 2.7984259126e+01
1.18700e+03 1.6522357203e+04 8.3763981718e+01
1.18800e+03 1.6540030144e+04 1.1265182937e+02
1.18900e+03 1.6557506920e+04 2.4266322701e+01
1.19000e+03 1.6577434048e+04 2.9051693470e+01
1.19100e+03 1.6597958584e+04 9.6402368444e-01
1.19200e+03 1.6617047745e+04 1.0867689902e+02
1.19300e+03 1.6635406448e+04 5.5007179005e+00
1.19400e+03 1.6656164541e+04 1.7940249291e+00
1.19500e+03 1.6677136379e+04 6.0016104758e+01
1.19600e+03 1.6697836812e+04 3.0748287074e+01
1.19700e+03 1.6718732262e+04 3.0641150368e+01
1.19800e+03 1.6739380075e+04 3.0557889747e+01
1.19900e+03 1.6760628738e+04 5.0335205368e+01
1.20000e+03 1.6780406754e+04 6.1840731751e+00
1.20100e+03 1.6799437459e+04 6.3709102884e+01
1.20200e+03 1.6818538637e+04 9.4810904619e+01
1.20300e+03 1.6837818681e+04 1.6859905955e+02
1.20400e+03 1.6858789702e+04 9.2049287073e+01
1.20500e+03 1.6879604616e+04 5.7506997451e+01
1.20600e+03 1.6900159536e+04 5.7356597720e+01
1.20700e+03 1.6921318045e+04 4.2256004398e+01
1.20800e+03 1.6942306342e+04 5.7466766503e+01
1.20900e+03 1.6963382837e+04 5.7327286084e+01
1.21000e+03 1.6983102068e+04 6.3586608025e+01
1.21100e+03 1.7002076720e+04 5.7243188819e+01
1.21200e+03 1.7023500797e+04 3.1771786472e+01
1.21300e+03 1.7045541443e+04 9.6415161815e-01
1.21400e+03 1.7066017653e+04 5.7942924547e+01
1.21500e+03 1.7086081117e+04 1.2219142286e+02
1.21600e+03 1.7107813245e+04 3.2609648375e+01
1.21700e+03 1.7129400754e+04 6.2751650179e+01
1.21800e+03 1.7150715851e+04 3.1677288616e+01
1.21900e+03 1.7172639655e+04 3.2460195528e+01
1.22000e+03 1.7193043466e+04 2.9250437910e+01
1.22100e+03 1.7212696819e+04 6.4064327200e+01
1.22200e+03 1.7234888181e+04 2.4809190751e+00
1.22300e+03 1.7257316554e+04 3.4964912633e+01
1.22400e+03 1.7279469138e+04 3.3286515417e+01
1.22500e+03 1.7302233280e+04 2.5314921718e+01
1.22600e+03 1.7323385761e+04 3.5426095903e+01
1.22700e+03 1.7344109649e+04 6.5272281514e+01
1.22800e+03 1.7366573537e+04 6.6484789038e+01
1.22900e+03 1.7388903955e+04 3.3155273871e+01
1.23000e+03 1.7408715022e+04 1.5242567977e+02
1.23100e+03 1.7428534148e+04 5.6482903033e+00
1.23200e+03 1.7448504792e+04 3.4990387367e+01
1.23300e+03 1.7468312665e+04 2.8391091850e+01
1.23400e+03 1.7489888302e+04 3.2233867915e+01
1.23500e+03 1.7511605760e+04 7.3098670661e+01
1.23600e+03 1.7531900094e+04 2.8686391270e+01
1.23700e+03 1.7551469277e+04 5.8564418792e+01
1.23800e+03 1.7573581432e+04 6.4949456277e+01
1.23900e+03 1.7596321550e+04 2.5881076683e+01
1.24000e+03 1.7617433250e+04 8.1736589901e-01
1.24100e+03 1.7638123700e+04 3.0356830226e+01
1.24200e+03 1.7660556978e+04 5.8580602982e+01
1.24300e+03 1.7682856407e+04 6.4853518318e+01
1.24400e+03 1.7702635897e+04 6.4300239141e+01
1.24500e+03 1.7722424685e+04 3.1945396156e+01
1.24600e+03 1.7743943540e+04 6.1512789816e+00
1.24700e+03 1.7765607166e+04 3.8732242258e+01
1.24800e+03 1.7785858346e+04 6.1379404522e+01
1.24900e+03 1.7805388748e+04 6.4197157548e+01
1.25000e+03 1.7827459169e+04 6.4506971719e+01
1.25100e+03 1.7849773820e+04 6.4457686621e+01
1.25200e+03 1.7869570715e+04 3.1930856045e+01
1.25300e+03 1.7889376598e+04 2.8488061313e+01
1.25400e+03 1.7910907759e+04 6.4405535786e+01
1.25500e+03 1.7932306611e+04 9.1579959322e-01
1.25600e+03 1.7951280991e+04 2.7637058682e+01
1.25700e+03 1.7969904147e+04 5.8601101124e+01
1.25800e+03 1.7988709399e+04 2.5777762986e+01
1.25900e+03 1.8007734394e+04 4.1234403292e+01
1.26000e+03 1.8028461057e+04 1.7193826054e+00
1.26100e+03 1.8049318271e+04 6.1817054648e+01
1.26200e+03 1.8068827023e+04 6.8910314968e+01
1.26300e+03 1.8087972949e+04 2.6947043933e+01
1.26400e+03 1.8107226357e+04 2.6664752062e+01
1.26500e+03 1.8125960209e+04 2.5862681005e+01
1.26600e+03 1.8147243154e+04 6.0967762298e+01
1.26700e+03 1.8169148123e+04 5.6229618698e+01
1.26800e+03 1.8190851602e+04 8.7054906025e+01
1.26900e+03 1.8212382708e+04 6.1039049313e+01
1.27000e+03 1.8233616549e+04 5.6124284860e+01
1.27100e+03 1.8255054755e+04 5.5975260067e+01
1.27200e+03 1.8274101198e+04 4.2407565438e+01
1.27300e+03 1.8292776220e+04 7.3829904141e+01
1.27400e+03 1.8311617654e+04 5.7221509645e+01
1.27500e+03 1.8330278949e+04 2.5626984870e+01
1.27600e+03 1.8351547293e+04 3.0853707810e+01
1.27700e+03 1.8373054148e+04 3.0891503724e+01
1.27800e+03 1.8392106454e+04 2.5812229618e+01
1.27900e+03 1.8410796060e+04 2.5814728486e+01
1.28000e+03 1.8432047616e+04 3.0843824757e+01
1.28100e+03 1.8453544519e+04 3.0803028340e+01
1.28200e+03 1.8472595075e+04 2.5787164320e+01
1.28300e+03 1.8491282997e+04 2.5759692826e+01
1.28400e+03 1.8510141002e+04 2.5541382005e+01
1.28500e+03 1.8529208847e+04 5.8345994258e+01
1.28600e+03 1.8548446843e+04 1.3453531104e+02
1.28700e+03 1.8567176814e+04 2.5557889236e+01
1.28800e+03 1.8586062705e+04 2.5560217484e+01
1.28900e+03 1.8605155623e+04 1.0263986152e+02
1.29000e+03 1.8625950650e+04 9.1543591193e+01
1.29100e+03 1.8646865682e+04 1.3341083924e+02
1.29200e+03 1.8666420170e+04 2.6590638271e+01
1.29300e+03 1.8685260533e+04 2.5645049767e+01
1.29400e+03 1.8704182034e+04 2.5655014923e+01
1.29500e+03 1.8723292619e+04 2.6581714241e+01
1.29600e+03 1.8744089779e+04 4.0827517753e+01
1.29700e+03 1.8764736768e+04 9.1382615341e+01
1.29800e+03 1.8783013970e+04 1.0332442603e+00
1.29900e+03 1.8801338203e+04 2.2735489590e+00
1.30000e+03 1.8821246513e+04 4.9576998599e+01
1.30100e+03 1.8841289051e+04 7.8278876079e+01
1.30200e+03 1.8860064934e+04 2.8047804011e+01
1.30300e+03 1.8878494337e+04 4.9632592374e+01
1.30400e+03 1.8897026604e+04 4.9339342738e+01
1.30500e+03 1.8915048254e+04 2.5842857972e+01
1.30600e+03 1.8935540585e+04 1.4903898318e+02
1.30700e+03 1.8956647276e+04 2.5786590080e+01
1.30800e+03 1.8977562388e+04 5.4502354707e+01
1.30900e+03 1.8998298177e+04 5.6746214975e+01
1.31000e+03 1.9016653658e+04 5.1932512578e+01
1.31100e+03 1.9034636648e+04 5.5586544127e+01
1.31200e+03 1.9055087787e+04 2.8913526546e+01
1.31300e+03 1.9076166928e+04 2.9697865728e+01
1.31400e+03 1.9095772450e+04 2.8889450941e+01
1.31500e+03 1.9114647394e+04 2.9776566649e+01
1.31600e+03 1.9135985341e+04 2.7361060750e+01
1.31700e+03 1.9157935810e+04 8.7132793848e-01
1.31800e+03 1.9179676584e+04 3.1364286119e+01
1.31900e+03 1.9201238316e+04 5.7044254959e+01
1.32000e+03 1.9222497856e+04 3.0434551685e+01
1.32100e+03 1.9244350680e+04 3.1235277108e+01
1.32200e+03 1.9264689683e+04 3.0480269688e+01
1.32300e+03 1.9284619477e+04 8.7281165608e+01
1.32400e+03 1.9304645195e+04 2.9317615782e+01
1.32500e+03 1.9324133297e+04 5.8350974703e+01
1.32600e+03 1.9343765437e+04 1.1713226832e+02
1.32700e+03 1.9363589385e+04 2.7434464690e+01
1.32800e+03 1.9385183698e+04 3.1057581128e+01
1.32900e+03 1.9406633642e+04 5.6940412116e+01
1.33000e+03 1.9425636592e+04 6.2919028953e-01
1.33100e+03 1.9444671199e+04 2.6968719858e+00
1.33200e+03 1.9465364309e+04 5.4420727688e+01
1.33300e+03 1.9486196605e+04 8.4372302359e+01
1.33400e+03 1.9505690508e+04 2.9569390320e+01
1.33500e+03 1.9524822081e+04 5.4463272578e+01
1.33600e+03 1.9545548617e+04 2.8999425368e+01
1.33700e+03 1.9566406412e+04 2.8995924271e+01
1.33800e+03 1.9587182991e+04 2.9016971051e+01
1.33900e+03 1.9608068825e+04 2.9015994174e+01
1.34000e+03 1.9627621475e+04 5.4467556030e+01
1.34100e+03 1.9646439699e+04 2.5349642651e+01
1.34200e+03 1.9667698257e+04 1.4380239504e+02
1.34300e+03 1.9689576179e+04 9.9208683961e-01
1.34400e+03 1.9711252137e+04 3.0877452334e+01
1.34500e+03 1.9732754037e+04 1.1706246650e+02
1.34600e+03 1.9751808667e+04 5.5899970850e+01
1.34700e+03 1.9770863458e+04 8.8728172702e+01
1.34800e+03 1.9791551977e+04 2.8046964700e+01
1.34900e+03 1.9812104171e+04 9.4970605088e-01
1.35000e+03 1.9830316961e+04 8.7797604937e+01
1.35100e+03 1.9848195031e+04 1.4261372422e+02
1.35200e+03 1.9866251343e+04 2.3151190619e+01
1.35300e+03 1.9884534643e+04 2.7247426220e+01
1.35400e+03 1.9904437523e+04 1.7343947991e+00
1.35500e+03 1.9924192807e+04 4.8245935865e+01
1.35600e+03 1.9943716981e+04 7.5540047918e+01
1.35700e+03 1.9963847618e+04 5.5385548101e+01
1.35800e+03 1.9983831709e+04 4.8278900238e+01
1.35900e+03 2.0003644131e+04 2.6478800116e+01
1.36000e+03 2.0021182005e+04 3.3940723776e+00
1.36100e+03 2.0038760034e+04 4.5792689658e+01
1.36200e+03 2.0057826379e+04 2.5534575813e+01
1.36300e+03 2.0077023005e+04 7.2805651984e+01
1.36400e+03 2.0096164677e+04 2.5402676480e+01
1.36500e+03 2.0115152394e+04 8.2470579970e-01
1.36600e+03 2.0133895298e+04 5.0998400921e+01
1.36700e+03 2.0153226752e+04 2.5512101824e+01
1.36800e+03 2.0172420086e+04 2.5538251560e+01
1.36900e+03 2.0191433202e+04 5.0972802316e+01
1.37000e+03 2.0208249715e+04 4.5025535358e+01
1.37100e+03 2.0224735464e+04 9.9104783365e+01
1.37200e+03 2.0241378293e+04 4.9172586988e+01
1.37300e+03 2.0258256252e+04 7.5698959340e+01
1.37400e+03 2.0275293937e+04 2.3471481589e+02
1.37500e+03 2.0291851159e+04 2.0197010920e+01
1.37600e+03 2.0310737968e+04 2.5630494468e+01
1.37700e+03 2.0329847967e+04 2.5701747442e+01
1.37800e+03 2.0348721686e+04 2.4946964787e+01
1.37900e+03 2.0367793806e+04 2.4884137824e+01
1.38000e+03 2.0386647526e+04 2.4839255393e+01
1.38100e+03 2.0405704166e+04 2.4798936038e+01
1.38200e+03 2.0424547327e+04 2.4763577888e+01
1.38300e+03 2.0443986505e+04 4.6480066176e+01
1.38400e+03 2.0463270934e+04 7.4684540617e+01
1.38500e+03 2.0482364837e+04 2.4776077710e+01
1.38600e+03 2.0499247202e+04 2.6516526247e+01
1.38700e+03 2.0515792164e+04 7.9942313558e+01
1.38800e+03 2.0534648886e+04 2.4764863058e+01
1.38900e+03 2.0554120647e+04 5.3782809489e+01
1.39000e+03 2.0573427496e+04 2.5591587122e+01
1.39100e+03 2.0592809506e+04 2.5476244802e+01
1.39200e+03 2.0612098672e+04 2.5433085305e+01
1.39300e+03 2.0631209576e+04 2.4757100011e+01
1.39400e+03 2.0650057435e+04 2.6259770240e+01
1.39500e+03 2.0669482989e+04 2.5451195531e+01
1.39600e+03 2.0688759858e+04 2.5413447935e+01
1.39700e+03 2.0708116039e+04 2.5318662026e+01
1.39800e+03 2.0727384050e+04 2.5284485463e+01
1.39900e+03 2.0746475929e+04 2.6214485370e+01
1.40000e+03 2.0763359630e+04 7.3763530778e+01
1.40100e+03 2.0780287189e+04 1.7628033949e+02
1.40200e+03 2.0798622544e+04 9.3265595292e-01
1.40300e+03 2.0816800786e+04 9.1363781313e-01
1.40400e+03 2.0832864207e+04 1.0152158348e+02
1.40500e+03 2.0848639125e+04 1.2087522124e+02
1.40600e+03 2.0866669839e+04 4.9901943367e+01
1.40700e+03 2.0885313914e+04 2.3615370999e+01
1.40800e+03 2.0902714410e+04 1.9487935346e+02
1.40900e+03 2.0919782977e+04 3.9454371261e+01
1.41000e+03 2.0938219412e+04 2.3692835747e+01
1.41100e+03 2.0956761970e+04 4.0143571158e+01
1.41200e+03 2.0975239603e+04 4.0144625392e+01
1.41300e+03 2.0993544515e+04 7.0798326714e+01
1.41400e+03 2.1009707220e+04 3.9514201374e+01
1.41500e+03 2.1025933732e+04 2.2686481195e+01
1.41600e+03 2.1043500717e+04 9.1064760067e-01
1.41700e+03 2.1060902815e+04 3.8571872695e+01
1.41800e+03 2.1076259602e+04 2.1857876069e+01
1.41900e+03 2.1091726372e+04 1.6694778160e+00
1.42000e+03 2.1108477144e+04 1.7769599929e+01
1.42100e+03 2.1125061126e+04 2.1017902217e+01
1.42200e+03 2.1139677606e+04 2.4081149953e+00
1.42300e+03 2.1154422327e+04 1.7029781077e+01
1.42400e+03 2.1169307193e+04 5.6495540193e+01
1.42500e+03 2.1183742420e+04 5.7565308098e+01
1.42600e+03 2.1200276104e+04 1.0178085041e+02
1.42700e+03 2.1217394308e+04 5.5014691113e+01
1.42800e+03 2.1233405116e+04 1.1259428766e+00
1.42900e+03 2.1249110196e+04 1.8153590638e+01
1.43000e+03 2.1264892630e+04 1.7907063133e+01
1.43100e+03 2.1280181854e+04 2.2808453383e+01
1.43200e+03 2.1295587123e+04 3.9083755695e+01
1.43300e+03 2.1311225687e+04 1.7822640318e+01
1.43400e+03 2.1327002213e+04 1.7798909962e+01
1.43500e+03 2.1342651952e+04 1.7792286228e+01
1.43600e+03 2.1359600287e+04 3.6571426128e+01
1.43700e+03 2.1376365473e+04 3.6820168937e+01
1.43800e+03 2.1391120018e+04 3.1781808678e+01
1.43900e+03 2.1405604905e+04 4.8035905427e+01
1.44000e+03 2.1422204366e+04 3.6849126017e+01
1.44100e+03 2.1439392151e+04 3.6864665173e+01
1.44200e+03 2.1455465002e+04 3.3626154958e+01
1.44300e+03 2.1471228139e+04 3.3705926481e+01
1.44400e+03 2.1487066391e+04 1.7882285893e+01
1.44500e+03 2.1502761223e+04 1.7796098299e+01
1.44600e+03 2.1519740407e+04 3.6858649425e+01
1.44700e+03 2.1536813313e+04 5.1342053257e+01
1.44800e+03 2.1552877241e+04 1.8003977370e+01
1.44900e+03 2.1568290049e+04 9.2792023303e-01
1.45000e+03 2.1583763115e+04 5.2169044693e+01
1.45100e+03 2.1599456133e+04 1.7984159376e+01
1.45200e+03 2.1616452703e+04 5.1308097466e+01
1.45300e+03 2.1633536549e+04 2.0303943047e+01
1.45400e+03 2.1650565549e+04 2.0316068136e+01
1.45500e+03 2.1667404551e+04 8.3940719522e+01
1.45600e+03 2.1682230771e+04 1.7319328612e+01
1.45700e+03 2.1697146598e+04 2.1825591061e+01
1.45800e+03 2.1713260534e+04 9.1506295496e-01
1.45900e+03 2.1729190648e+04 1.6393120821e+01
1.46000e+03 2.1743207969e+04 2.0994866030e+01
1.46100e+03 2.1757358953e+04 1.6789903320e+00
1.46200e+03 2.1772649675e+04 1.2414511256e+01
1.46300e+03 2.1787755345e+04 2.0149426582e+01
1.46400e+03 2.1802692559e+04 1.1870053759e+02
1.46500e+03 2.1818196940e+04 3.0204235848e+01
1.46600e+03 2.1833612888e+04 2.0254503125e+01
1.46700e+03 2.1848815178e+04 1.6257735191e+01
1.46800e+03 2.1862167760e+04 2.3420490308e+00
1.46900e+03 2.1875263562e+04 1.0423686507e+02
1.47000e+03 2.1890306048e+04 1.6346748780e+01
1.47100e+03 2.1905924255e+04 2.0348074960e+01
1.47200e+03 2.1921424758e+04 1.7219310145e+01
1.47300e+03 2.1936976505e+04 1.7135630815e+01
1.47400e+03 2.1951656410e+04 6.7780411064e+01
1.47500e+03 2.1965694102e+04 1.7272293596e+01
1.47600e+03 2.1981660288e+04 1.8935472686e+01
1.47700e+03 2.1998183874e+04 9.7183870897e-01
1.47800e+03 2.2013651284e+04 1.8042527039e+01
1.47900e+03 2.2028809099e+04 6.5055311857e+01
1.48000e+03 2.2044030224e+04 1.6417144467e+01
1.48100e+03 2.2058753706e+04 1.9602326256e+01
1.48200e+03 2.2075564965e+04 1.8159404549e+00
1.48300e+03 2.2092567798e+04 3.8861607653e+01
1.48400e+03 2.2107518199e+04 6.9507368754e+01
1.48500e+03 2.2122564186e+04 1.6288898991e+01
1.48600e+03 2.2137724156e+04 1.6211455009e+01
1.48700e+03 2.2152407222e+04 1.5649684308e+01
1.48800e+03 2.2169195100e+04 1.9816725257e+01
1.48900e+03 2.2186553049e+04 4.7640378889e+01
1.49000e+03 2.2202772395e+04 3.3400947084e+00
1.49100e+03 2.2218319409e+04 6.7848802354e+00
1.49200e+03 2.2233919353e+04 2.3061673158e+01
1.49300e+03 2.2249341702e+04 1.6993014420e+01
1.49400e+03 2.2264912532e+04 1.6946906470e+01
1.49500e+03 2.2280709421e+04 2.0282901467e+01
1.49600e+03 2.2297825150e+04 6.7297326759e+01
1.49700e+03 2.2315021627e+04 2.0262541738e+01
1.49800e+03 2.2331189094e+04 2.3702237401e+01
1.49900e+03 2.2346699441e+04 1.7017957651e+01
1.50000e+03 2.2362267598e+04 1.6998266933e+01
1.50100e+03 2.2378051540e+04 2.3665587366e+01
1.50200e+03 2.2395144595e+04 2.0219605940e+01
1.50300e+03 2.2412322153e+04 2.0180466587e+01
1.50400e+03 2.2428476181e+04 1.7856266850e+01
1.50500e+03 2.2444323469e+04 1.7901756042e+01
1.50600e+03 2.2460245326e+04 1.7651683655e+01
1.50700e+03 2.2476022836e+04 1.7564254440e+01
1.50800e+03 2.2493091498e+04 2.0135892316e+01
1.50900e+03 2.2509975846e+04 7.0707329386e+01
1.51000e+03 2.2524840350e+04 3.5595658218e+01
1.51100e+03 2.2539813331e+04 8.0452898473e-01
1.51200e+03 2.2554914571e+04 1.5922347896e+01
1.51300e+03 2.2569550318e+04 5.1666730233e+01
1.51400e+03 2.2586295417e+04 7.0593843418e+01
1.51500e+03 2.2603245889e+04 3.5626186046e+01
1.51600e+03 2.2619977883e+04 3.5577454692e+01
1.51700e+03 2.2637270425e+04 3.7885742068e+01
1.51800e+03 2.2653453526e+04 1.7201338907e+01
1.51900e+03 2.2668966679e+04 2.0353565069e+01
1.52000e+03 2.2686575806e+04 8.7713181912e-01
1.52100e+03 2.2704756615e+04 1.8072405537e+01
1.52200e+03 2.2721723641e+04 2.1117136436e+01
1.52300e+03 2.2737997662e+04 1.6371222098e+00
1.52400e+03 2.2756442673e+04 1.8666089244e+01
1.52500e+03 2.2775459739e+04 2.1932276305e+01
1.52600e+03 2.2793182589e+04 2.3913093691e+00
1.52700e+03 2.2810192706e+04 1.9383518518e+01
1.52800e+03 2.2827255767e+04 5.8847141637e+01
1.52900e+03 2.2844508980e+04 5.8855732674e+01
1.53000e+03 2.2863220596e+04 7.9455487355e+01
1.53100e+03 2.2882022213e+04 2.3225423753e+01
1.53200e+03 2.2900743714e+04 2.3212083952e+01
1.53300e+03 2.2919283735e+04 6.0377844061e+01
1.53400e+03 2.2935648722e+04 6.4649320336e-01
1.53500e+03 2.2951682057e+04 1.9457524338e+01
1.53600e+03 2.2969969214e+04 4.4954689001e+01
1.53700e+03 2.2988478208e+04 2.5090247751e+01
1.53800e+03 2.3004815078e+04 1.8065382612e+01
1.53900e+03 2.3020841347e+04 2.4468362484e+01
1.54000e+03 2.3039135038e+04 2.2446410196e+01
1.54100e+03 2.3058028094e+04 2.3280310451e+01
1.54200e+03 2.3076753562e+04 2.3260997124e+01
1.54300e+03 2.3095276248e+04 2.2437657143e+01
1.54400e+03 2.3111622813e+04 2.4453588314e+01
1.54500e+03 2.3127638125e+04 2.2413007118e+01
1.54600e+03 2.3145905834e+04 2.2389236480e+01
1.54700e+03 2.3164395226e+04 2.2333553420e+01
1.54800e+03 2.3180714410e+04 2.2363212902e+01
1.54900e+03 2.3196723868e+04 2.2360992783e+01
1.55000e+03 2.3214999661e+04 2.2319304910e+01
1.55100e+03 2.3233494684e+04 2.2302615658e+01
1.55200e+03 2.3249814765e+04 2.2339529979e+01
1.55300e+03 2.3265825100e+04 2.2297861986e+01
1.55400e+03 2.3284103018e+04 2.2282437781e+01
1.55500e+03 2.3302980118e+04 2.3221781417e+01
1.55600e+03 2.3320581447e+04 1.3012936447e+02
1.55700e+03 2.3337487657e+04 2.3156031255e+01
1.55800e+03 2.3356642897e+04 8.7732166655e-01
1.55900e+03 2.3376004255e+04 2.4002935319e+01
1.56000e+03 2.3395112508e+04 2.3931945471e+01
1.56100e+03 2.3414796920e+04 6.3327983043e+01
1.56200e+03 2.3433148804e+04 2.3883430539e+01
1.56300e+03 2.3450780988e+04 2.5510431768e+01
1.56400e+03 2.3470728581e+04 8.3933996129e-01
1.56500e+03 2.3491269406e+04 2.4715960449e+01
1.56600e+03 2.3510377783e+04 2.6241414194e+01
1.56700e+03 2.3529096484e+04 1.8153944334e+02
1.56800e+03 2.3549333535e+04 1.1266604161e+02
1.56900e+03 2.3569405079e+04 2.5456700585e+01
1.57000e+03 2.3589218045e+04 2.5296617014e+01
1.57100e+03 2.3609621065e+04 2.6077367083e+01
1.57200e+03 2.3628641818e+04 2.3110300124e+01
1.57300e+03 2.3646936760e+04 2.6772579008e+01
1.57400e+03 2.3665302685e+04 9.9685010253e+01
1.57500e+03 2.3683856462e+04 2.2922266032e+01
1.57600e+03 2.3704022499e+04 2.5980275726e+01
1.57700e+03 2.3724025880e+04 4.7205314058e+01
1.57800e+03 2.3743779928e+04 4.7099190853e+01
1.57900e+03 2.3763743665e+04 2.5010290718e+01
1.58000e+03 2.3783488529e+04 2.4976096503e+01
1.58100e+03 2.3803838435e+04 2.5859165151e+01
1.58200e+03 2.3822807416e+04 2.2847572156e+01
1.58300e+03 2.3841054152e+04 7.1955005834e+01
1.58400e+03 2.3859375083e+04 7.1838056777e+01
1.58500e+03 2.3877887385e+04 2.2783248872e+01
1.58600e+03 2.3898012331e+04 5.0496324574e+01
1.58700e+03 2.3918249054e+04 5.0332646222e+01
1.58800e+03 2.3937188684e+04 5.2502237546e+01
1.58900e+03 2.3955766825e+04 5.2515574952e+01
1.59000e+03 2.3975867911e+04 2.5554344111e+01
1.59100e+03 2.3995817748e+04 4.6702384415e+01
1.59200e+03 2.4015521938e+04 4.6615008266e+01
1.59300e+03 2.4035824160e+04 2.5594288571e+01
1.59400e+03 2.4054757695e+04 2.2685841009e+01
1.59500e+03 2.4072974065e+04 4.6538026385e+01
1.59600e+03 2.4093579413e+04 5.3923748009e+00
1.59700e+03 2.4114795070e+04 2.0051342775e+01
1.59800e+03 2.4134521269e+04 2.4592216720e+01
1.59900e+03 2.4153505263e+04 6.1546071850e+00
1.60000e+03 2.4174954278e+04 2.0874958451e+01
1.60100e+03 2.4197011991e+04 2.5409679891e+01
1.60200e+03 2.4218853870e+04 7.2725049835e+01
1.60300e+03 2.4240512983e+04 5.2753570194e+01
1.60400e+03 2.4259702317e+04 5.3508344257e+01
1.60500e+03 2.4278494967e+04 2.3073280792e+01
1.60600e+03 2.4299833046e+04 2.8067372368e+01
1.60700e+03 2.4321414961e+04 2.7962107508e+01
1.60800e+03 2.4340546632e+04 2.2992544963e+01
1.60900e+03 2.4359700848e+04 7.6753646739e+01
1.61000e+03 2.4380509098e+04 2.9694553380e+01
1.61100e+03 2.4401447686e+04 5.7492526758e+01
1.61200e+03 2.4421034484e+04 5.2737939718e+01
1.61300e+03 2.4439908088e+04 2.5709717211e+01
1.61400e+03 2.4461247756e+04 5.4642585413e+01
1.61500e+03 2.4482822132e+04 5.4580403399e+01
1.61600e+03 2.4501943151e+04 2.5673355229e+01
1.61700e+03 2.4520693348e+04 5.4464536371e+01
1.61800e+03 2.4542003701e+04 2.7789657420e+01
1.61900e+03 2.4563946493e+04 1.0042033589e+00
1.62000e+03 2.4584330439e+04 5.7212547436e+01
1.62100e+03 2.4603965625e+04 2.8646856407e+01
1.62200e+03 2.4623679806e+04 8.3621443955e+01
1.62300e+03 2.4643177213e+04 2.4038703346e+01
1.62400e+03 2.4665356309e+04 8.6874207853e-01
1.62500e+03 2.4687767233e+04 5.2774898336e+01
1.62600e+03 2.4707631264e+04 2.4164514564e+01
1.62700e+03 2.4727107614e+04 2.4119292960e+01
1.62800e+03 2.4749223526e+04 5.2658939550e+01
1.62900e+03 2.4771975283e+04 5.2037850719e+01
1.63000e+03 2.4793090602e+04 7.7459421278e+01
1.63100e+03 2.4813439740e+04 6.0301097594e+00
1.63200e+03 2.4833869797e+04 3.0685278167e+01
1.63300e+03 2.4854073107e+04 2.5351444196e+01
1.63400e+03 2.4877035907e+04 8.4688845013e-01
1.63500e+03 2.4900624807e+04 7.8219103838e+01
1.63600e+03 2.4923977973e+04 1.6038166502e+02
1.63700e+03 2.4947164287e+04 5.5570332822e+01
1.63800e+03 2.4970025408e+04 5.5413082737e+01
1.63900e+03 2.4993491331e+04 3.1487460118e+01
1.64000e+03 2.5016749809e+04 3.1361284627e+01
1.64100e+03 2.5039849704e+04 3.0620020414e+01
1.64200e+03 2.5060366292e+04 2.5412625038e+01
1.64300e+03 2.5080463236e+04 3.0600072627e+01
1.64400e+03 2.5103249184e+04 3.0514227792e+01
1.64500e+03 2.5126689773e+04 3.1304589931e+01
1.64600e+03 2.5148441403e+04 6.2555955129e+01
1.64700e+03 2.5169763761e+04 2.2338420783e+02
1.64800e+03 2.5192902569e+04 3.1153614105e+01
1.64900e+03 2.5215918357e+04 3.0399607592e+01
1.65000e+03 2.5236351548e+04 5.8583806094e+01
1.65100e+03 2.5256783973e+04 3.0232527265e+01
1.65200e+03 2.5279016852e+04 2.2493832726e+00
1.65300e+03 2.5301133268e+04 2.1822908505e+01
1.65400e+03 2.5320764221e+04 2.9400056745e+01
1.65500e+03 2.5340422042e+04 1.4725300183e+00
1.65600e+03 2.5361811232e+04 2.0957396098e+01
1.65700e+03 2.5383082177e+04 2.8525186402e+01
1.65800e+03 2.5404114617e+04 7.8913447183e+01
1.65900e+03 2.5425775478e+04 5.2526304100e+01
1.66000e+03 2.5445948776e+04 5.8192751707e+01
1.66100e+03 2.5465392705e+04 1.0866523298e+02
1.66200e+03 2.5487368316e+04 9.4317119764e-01
1.66300e+03 2.5509589639e+04 2.8634200843e+01
1.66400e+03 2.5531546849e+04 2.8587165148e+01
1.66500e+03 2.5554121617e+04 4.2954732057e+00
1.66600e+03 2.5576500423e+04 5.8091843794e+01
1.66700e+03 2.5598716068e+04 2.8552901193e+01
1.66800e+03 2.5618429825e+04 5.0339345962e+01
1.66900e+03 2.5638133346e+04 7.9015890090e+01
1.67000e+03 2.5657979979e+04 7.8610209513e+01
1.67100e+03 2.5677316481e+04 2.9393378566e+01
1.67200e+03 2.5696816219e+04 2.9937371271e+01
1.67300e+03 2.5716521901e+04 2.3881573445e+01
1.67400e+03 2.5736405667e+04 2.3894824675e+01
1.67500e+03 2.5755778597e+04 2.3990466936e+01
1.67600e+03 2.5777793151e+04 2.8581692631e+01
1.67700e+03 2.5800050798e+04 2.8595112328e+01
1.67800e+03 2.5822037527e+04 2.8538692219e+01
1.67900e+03 2.5844637661e+04 1.0242789480e+02
1.68000e+03 2.5865640092e+04 1.1186651793e+00
1.68100e+03 2.5885877049e+04 3.3973252015e+01
1.68200e+03 2.5908717517e+04 2.0794670377e+01
1.68300e+03 2.5932188346e+04 1.9882415939e+00
1.68400e+03 2.5955431878e+04 7.9882777559e+01
1.68500e+03 2.5978511598e+04 5.0106102029e+01
1.68600e+03 2.5998994449e+04 5.8101463284e+01
1.68700e+03 2.6019446926e+04 5.6670277616e+01
1.68800e+03 2.6041678052e+04 2.7116404308e+01
1.68900e+03 2.6064054698e+04 5.6930110621e+01
1.69000e+03 2.6086339519e+04 2.8798064683e+01
1.69100e+03 2.6108746497e+04 2.8799598119e+01
1.69200e+03 2.6129686435e+04 5.6551113852e+01
1.69300e+03 2.6149865962e+04 2.4876707167e+01
1.69400e+03 2.6172632077e+04 8.7555879191e+01
1.69500e+03 2.6196033803e+04 9.9474876049e-01
1.69600e+03 2.6217749919e+04 2.2750600473e+00
1.69700e+03 2.6239032341e+04 5.6688499588e+01
1.69800e+03 2.6262121481e+04 3.0568871786e+01
1.69900e+03 2.6285085800e+04 8.7352921993e+01
1.70000e+03 2.6305471481e+04 7.9887589379e+01
1.70100e+03 2.6325466881e+04 8.3123936394e+01
1.70200e+03 2.6348165962e+04 2.9683366726e+01
1.70300e+03 2.6371521063e+04 3.0491677668e+01
1.70400e+03 2.6393193952e+04 8.2997585431e+01
1.70500e+03 2.6414098394e+04 3.0562724384e+01
1.70600e+03 2.6437685853e+04 2.5929177023e+00
1.70700e+03 2.6461911178e+04 2.5220296630e+01
1.70800e+03 2.6484367173e+04 3.1315267051e+01
1.70900e+03 2.6506027518e+04 3.3462281394e+00
1.71000e+03 2.6530441009e+04 2.6021108756e+01
1.71100e+03 2.6555100432e+04 5.9934199931e+01
1.71200e+03 2.6577019090e+04 6.3315903454e+01
1.71300e+03 2.6598898582e+04 8.6769397083e+01
1.71400e+03 2.6622714139e+04 8.9357329907e+01
1.71500e+03 2.6646414783e+04 5.5435179832e-01
1.71600e+03 2.6667474141e+04 2.4040401022e+01
1.71700e+03 2.6688526488e+04 3.2806803719e+01
1.71800e+03 2.6711452879e+04 3.3536898510e-01
1.71900e+03 2.6734272623e+04 2.3135460553e+01
1.72000e+03 2.6754543448e+04 3.1985465156e+01
1.72100e+03 2.6774830647e+04 1.1001826512e+00
1.72200e+03 2.6796919564e+04 2.2274851375e+01
1.72300e+03 2.6819167394e+04 8.4857947739e+01
1.72400e+03 2.6839954488e+04 5.8248596393e+01
1.72500e+03 2.6860017426e+04 8.1880652276e+01
1.72600e+03 2.6882686605e+04 8.3028777066e+01
1.72700e+03 2.6905609904e+04 5.7519812229e+01
1.72800e+03 2.6925964897e+04 2.4209240927e+01
1.72900e+03 2.6946322563e+04 2.4961900630e+01
1.73000e+03 2.6968470630e+04 5.7521441981e+01
1.73100e+03 2.6990496971e+04 8.9695809549e-01
1.73200e+03 2.7012268049e+04 2.7535813390e+01
1.73300e+03 2.7034668933e+04 5.7616974239e+01
1.73400e+03 2.7056897656e+04 2.8310038272e+01
1.73500e+03 2.7079233819e+04 2.8217007076e+01
1.73600e+03 2.7100106515e+04 2.5309759080e+01
1.73700e+03 2.7120562421e+04 8.3205032426e+01
1.73800e+03 2.7142733700e+04 2.8131345780e+01
1.73900e+03 2.7164782784e+04 2.7531020770e+01
1.74000e+03 2.7184349437e+04 8.2046269513e+01
1.74100e+03 2.7203549151e+04 1.0528603058e+02
1.74200e+03 2.7225371440e+04 5.7365443889e+01
1.74300e+03 2.7247845706e+04 2.8241317674e+01
1.74400e+03 2.7270124815e+04 2.8320906398e+01
1.74500e+03 2.7292502642e+04 2.8196147193e+01
1.74600e+03 2.7314763996e+04 2.8150195286e+01
1.74700e+03 2.7337131158e+04 2.8111379340e+01
1.74800e+03 2.7359383743e+04 2.8074500388e+01
1.74900e+03 2.7381492615e+04 5.7367866232e+01
1.75000e+03 2.7401115650e+04 2.2402517208e+01
1.75100e+03 2.7420728707e+04 1.1172142183e+02
1.75200e+03 2.7440485448e+04 1.9332835427e+02
1.75300e+03 2.7459734832e+04 2.2429784472e+01
1.75400e+03 2.7481602988e+04 8.4510162960e+01
1.75500e+03 2.7504109642e+04 5.0934329636e+01
1.75600e+03 2.7525010533e+04 1.1441513034e+00
1.75700e+03 2.7545159627e+04 6.7075126624e+01
1.75800e+03 2.7565396032e+04 9.0028774943e+01
1.75900e+03 2.7585806620e+04 2.4688950687e+01
1.76000e+03 2.7606386050e+04 2.4342800282e+01
1.76100e+03 2.7626438466e+04 2.3666650806e+01
1.76200e+03 2.7646653169e+04 2.4490720524e+01
1.76300e+03 2.7667060015e+04 2.4314715551e+01
1.76400e+03 2.7689310555e+04 5.0881349143e+01
1.76500e+03 2.7711425307e+04 1.3266109235e+02
1.76600e+03 2.7733268636e+04 7.5539063909e+01
1.76700e+03 2.7755339626e+04 2.7190203687e+01
1.76800e+03 2.7774959037e+04 2.3695108757e+01
1.76900e+03 2.7794594660e+04 1.8493667703e+00
1.77000e+03 2.7815941995e+04 5.0940305212e+01
1.77100e+03 2.7837434000e+04 7.7956771874e+01
1.77200e+03 2.7858846640e+04 2.6100610677e+01
1.77300e+03 2.7880125833e+04 7.9179749256e-01
1.77400e+03 2.7898995266e+04 1.0975390959e+00
1.77500e+03 2.7917881696e+04 7.6214683246e+01
1.77600e+03 2.7938399758e+04 8.9457878185e-01
1.77700e+03 2.7958789483e+04 8.8946719895e-01
1.77800e+03 2.7976861536e+04 7.5341088629e+01
1.77900e+03 2.7994607960e+04 1.2219384054e+02
1.78000e+03 2.8012537397e+04 1.8783207553e+01
1.78100e+03 2.8030699532e+04 1.6179803289e+00
1.78200e+03 2.8050474762e+04 7.4283146329e-01
1.78300e+03 2.8070105482e+04 9.0805055839e+01
1.78400e+03 2.8089510352e+04 1.1375922206e+02
1.78500e+03 2.8109523598e+04 2.2959978705e+01
1.78600e+03 2.8128197660e+04 1.1929684115e+02
1.78700e+03 2.8146171040e+04 4.1072781989e+01
1.78800e+03 2.8164228655e+04 4.1159886748e+01
1.78900e+03 2.8182099481e+04 1.8934771006e+01
1.79000e+03 2.8200155674e+04 1.8914414227e+01
1.79100e+03 2.8218428315e+04 4.0597268885e+01
1.79200e+03 2.8238312148e+04 6.3107964901e+01
1.79300e+03 2.8258310688e+04 6.3030150686e+01
1.79400e+03 2.8278231899e+04 2.2942154929e+01
1.79500e+03 2.8297997737e+04 6.0149344798e+01
1.79600e+03 2.8315483445e+04 5.7048476338e-01
1.79700e+03 2.8333009713e+04 4.3988845104e+01
1.79800e+03 2.8350673176e+04 6.2948744720e+01
1.79900e+03 2.8367850637e+04 1.7632221451e+01
1.80000e+03 2.8387421917e+04 6.0255604511e+01
1.80100e+03 2.8407226737e+04 2.2301506017e+01
1.80200e+03 2.8426792885e+04 2.2274072445e+01
1.80300e+03 2.8446564466e+04 2.2218559018e+01
1.80400e+03 2.8466113940e+04 2.2179666395e+01
1.80500e+03 2.8486265018e+04 4.1222328299e+01
1.80600e+03 2.8505051371e+04 1.4725681387e+01
1.80700e+03 2.8523120647e+04 6.8133537765e+01
1.80800e+03 2.8543563286e+04 8.9316521475e-01
1.80900e+03 2.8564231421e+04 2.3946312788e+01
1.81000e+03 2.8582528622e+04 8.6491485817e+01
1.81100e+03 2.8600860598e+04 3.3667241863e+01
1.81200e+03 2.8620756524e+04 1.0555704501e+02
1.81300e+03 2.8640500981e+04 1.7347320709e+01
1.81400e+03 2.8660012408e+04 4.0321128627e+01
1.81500e+03 2.8680127633e+04 8.7265057046e+01
1.81600e+03 2.8698892499e+04 6.8043917776e+01
1.81700e+03 2.8717294889e+04 7.2660368589e+01
1.81800e+03 2.8735794243e+04 2.4287573890e+01
1.81900e+03 2.8753777412e+04 4.1086972524e+01
1.82000e+03 2.8771900077e+04 4.0871349450e+01
1.82100e+03 2.8789843951e+04 1.8781374605e+01
1.82200e+03 2.8807975434e+04 1.8771412011e+01
1.82300e+03 2.8826320037e+04 1.9591418626e+01
1.82400e+03 2.8846281674e+04 2.2842279353e+01
1.82500e+03 2.8866082767e+04 5.9639754895e+01
1.82600e+03 2.8883588713e+04 6.2553727412e-01
1.82700e+03 2.8901157040e+04 2.3939553522e+00
1.82800e+03 2.8920229934e+04 5.3244777061e+01
1.82900e+03 2.8939153972e+04 1.5019666232e+00
1.83000e+03 2.8955886048e+04 7.7386995592e-01
1.83100e+03 2.8972317344e+04 1.5842055195e+01
1.83200e+03 2.8991080330e+04 5.7331208657e+01
1.83300e+03 2.9010463834e+04 7.5279248839e+01
1.83400e+03 2.9029688806e+04 2.1222527591e+01
1.83500e+03 2.9048992682e+04 2.1121677050e+01
1.83600e+03 2.9067092335e+04 5.0681903805e+01
1.83700e+03 2.9084829573e+04 7.4561748716e+01
1.83800e+03 2.9103986645e+04 2.1032654869e+01
1.83900e+03 2.9122983455e+04 2.0398251700e+01
1.84000e+03 2.9141748467e+04 4.3673495924e+01
1.84100e+03 2.9161104709e+04 2.1063988527e+01
1.84200e+03 2.9179180559e+04 4.5345168130e+01
1.84300e+03 2.9196559467e+04 6.5676008137e+01
1.84400e+03 2.9214012294e+04 8.2157296462e+01
1.84500e+03 2.9231668105e+04 2.0930195430e+01
1.84600e+03 2.9249473201e+04 2.0638511019e+01
1.84700e+03 2.9267130528e+04 1.7975741747e+01
1.84800e+03 2.9284942132e+04 1.7964273494e+01
1.84900e+03 2.9302256864e+04 1.7282567385e+01
1.85000e+03 2.9319711570e+04 1.8627547754e+01
1.85100e+03 2.9337383428e+04 1.7960840132e+01
1.85200e+03 2.9356595314e+04 2.1097739285e+01
1.85300e+03 2.9375913331e+04 3.5882309531e+01
1.85400e+03 2.9395156909e+04 3.5878118804e+01
1.85500e+03 2.9414234312e+04 7.9666077498e+01
1.85600e+03 2.9431091691e+04 1.7345552264e+01
1.85700e+03 2.9447614389e+04 3.5145092713e+01
1.85800e+03 2.9464291684e+04 1.5626600009e+01
1.85900e+03 2.9481200790e+04 2.0235594881e+01
1.86000e+03 2.9498266651e+04 3.7412496110e+01
1.86100e+03 2.9515200035e+04 1.6401014541e+01
1.86200e+03 2.9533584070e+04 8.5954281759e-01
1.86300e+03 2.9551806536e+04 3.2084243003e+01
1.86400e+03 2.9567888102e+04 2.0197559732e+01
1.86500e+03 2.9584061005e+04 7.6048107400e-01
1.86600e+03 2.9601591017e+04 3.0601578553e+01
1.86700e+03 2.9618958110e+04 1.9321989592e+01
1.86800e+03 2.9634279307e+04 1.5200894928e+00
1.86900e+03 2.9649330344e+04 3.2798104882e+01
1.87000e+03 2.9664544651e+04 1.2624848199e+01
1.87100e+03 2.9679629328e+04 1.2645863482e+01
1.87200e+03 2.9696934735e+04 1.0618801700e+02
1.87300e+03 2.9714827242e+04 4.9285131150e+01
1.87400e+03 2.9731534102e+04 4.0630847968e+01
1.87500e+03 2.9747569801e+04 6.8669917159e+00
1.87600e+03 2.9765770688e+04 8.9547989977e-01
1.87700e+03 2.9784550430e+04 2.8141894940e+01
1.87800e+03 2.9803157711e+04 4.6971266045e+01
1.87900e+03 2.9821822900e+04 1.9555081878e+01
1.88000e+03 2.9839334231e+04 7.6645961530e+00
1.88100e+03 2.9856137904e+04 1.6625585879e+00
1.88200e+03 2.9875156552e+04 4.6944617048e+01
1.88300e+03 2.9894381710e+04 6.6659945944e+01
1.88400e+03 2.9913357516e+04 2.0423587347e+01
1.88500e+03 2.9932909563e+04 8.8685790249e-01
1.88600e+03 2.9951143411e+04 2.3834125471e+00
1.88700e+03 2.9968661339e+04 6.8015091661e+01
1.88800e+03 2.9988483424e+04 8.4627903486e-01
1.88900e+03 3.0008899254e+04 8.6378255718e-01
1.89000e+03 3.0027895191e+04 6.8709166098e+01
1.89100e+03 3.0046157460e+04 1.5897734419e+00
1.89200e+03 3.0066802476e+04 8.2293124289e-01
1.89300e+03 3.0088043310e+04 5.9833787411e+01
1.89400e+03 3.0107784784e+04 2.3337192812e+00
1.89500e+03 3.0126774810e+04 1.5498665385e+00
1.89600e+03 3.0148221957e+04 4.1858544871e+01
1.89700e+03 3.0169884917e+04 6.6325192715e+01
1.89800e+03 3.0191266726e+04 2.5137115036e+01
1.89900e+03 3.0213243182e+04 3.0670073015e+00
1.90000e+03 3.0235015143e+04 1.0942550473e+02
1.90100e+03 3.0256603987e+04 2.5037862075e+01
1.90200e+03 3.0275738909e+04 9.6158430085e+01
1.90300e+03 3.0294866840e+04 1.7253095984e+02
1.90400e+03 3.0315626526e+04 2.4000547981e+01
1.90500e+03 3.0336244783e+04 9.7058660031e-01
1.90600e+03 3.0354514748e+04 6.6523918872e+01
1.90700e+03 3.0372444559e+04 8.5680518510e+01
1.90800e+03 3.0392857675e+04 2.3074515646e+01
1.90900e+03 3.0413905081e+04 7.1023408525e+01
1.91000e+03 3.0433483772e+04 8.6980372231e+01
1.91100e+03 3.0452335894e+04 4.1616818765e+00
1.91200e+03 3.0473651500e+04 2.5673153360e+01
1.91300e+03 3.0495580993e+04 1.5823021309e+01
1.91400e+03 3.0517301944e+04 4.0569510622e+01
1.91500e+03 3.0539101188e+04 2.5457758027e+01
1.91600e+03 3.0560775624e+04 2.5385786184e+01
1.91700e+03 3.0582287602e+04 4.9592642050e+01
1.91800e+03 3.0601356804e+04 2.3162719417e+01
1.91900e+03 3.0620033027e+04 2.5471581151e+01
1.92000e+03 3.0641242342e+04 4.1133207925e+01
1.92100e+03 3.0662699683e+04 4.1037437742e+01
1.92200e+03 3.0683903241e+04 2.4523530454e+01
1.92300e+03 3.0705718972e+04 2.5376887138e+01
1.92400e+03 3.0726013533e+04 3.0319499374e+01
1.92500e+03 3.0745903651e+04 9.0628075791e+01
1.92600e+03 3.0767451262e+04 2.5224684888e+01
1.92700e+03 3.0788859736e+04 2.4450140222e+01
1.92800e+03 3.0810005002e+04 2.4367398008e+01
1.92900e+03 3.0831370799e+04 2.4300352966e+01
1.93000e+03 3.0852508057e+04 2.4268044658e+01
1.93100e+03 3.0873868993e+04 2.4238915388e+01
1.93200e+03 3.0895000162e+04 2.4208588253e+01
1.93300e+03 3.0916754252e+04 2.5137818634e+01
1.93400e+03 3.0937000218e+04 4.2679261324e+01
1.93500e+03 3.0956501351e+04 1.3918717875e+02
1.93600e+03 3.0978526870e+04 8.9434924739e-01
1.93700e+03 3.1001179437e+04 8.9847786226e-01
1.93800e+03 3.1023619165e+04 7.2986313369e+01
1.93900e+03 3.1045890359e+04 2.5988092932e+01
1.94000e+03 3.1065642305e+04 1.6517684585e+02
1.94100e+03 3.1085379091e+04 9.7959454865e+01
1.94200e+03 3.1106820179e+04 2.4963464912e+01
1.94300e+03 3.1128402100e+04 9.6781181857e+01
1.94400e+03 3.1148579780e+04 9.7793209774e+01
1.94500e+03 3.1168036390e+04 2.0857582302e+01
1.94600e+03 3.1190022931e+04 5.0561487041e+01
1.94700e+03 3.1212638648e+04 1.0337965090e+00
1.94800e+03 3.1235045839e+04 2.6637225148e+01
1.94900e+03 3.1257287542e+04 5.0481434075e+01
1.95000e+03 3.1279224244e+04 2.5742753963e+01
1.95100e+03 3.1301764477e+04 2.6535103303e+01
1.95200e+03 3.1322730825e+04 2.0084032590e+01
1.95300e+03 3.1343277263e+04 5.2358741690e+01
1.95400e+03 3.1365550029e+04 2.6374143707e+01
1.95500e+03 3.1387693876e+04 2.5619155144e+01
1.95600e+03 3.1409567426e+04 2.5530384343e+01
1.95700e+03 3.1432061576e+04 2.6301686675e+01
1.95800e+03 3.1452987768e+04 3.2970861936e+01
1.95900e+03 3.1473502445e+04 2.6316008351e+01
1.96000e+03 3.1495748011e+04 2.6248184856e+01
1.96100e+03 3.1517867336e+04 2.5480331887e+01
1.96200e+03 3.1539718859e+04 2.5432823554e+01
1.96300e+03 3.1562192482e+04 2.6201409963e+01
1.96400e+03 3.1583100588e+04 2.6271606923e+01
1.96500e+03 3.1603598782e+04 2.6205452958e+01
1.96600e+03 3.1625828004e+04 2.6158864944e+01
1.96700e+03 3.1648196605e+04 2.6027684261e+01
1.96800e+03 3.1669088143e+04 2.6162678707e+01
1.96900e+03 3.1689580089e+04 2.6126458569e+01
1.97000e+03 3.1711802961e+04 2.5995306064e+01
1.97100e+03 3.1734166187e+04 2.5963935485e+01
1.97200e+03 3.1756432376e+04 2.5981289139e+01
1.97300e+03 3.1778566518e+04 2.5422207609e+01
1.97400e+03 3.1800408215e+04 5.5080746443e+01
1.97500e+03 3.1822860661e+04 2.6044527957e+01
1.97600e+03 3.1843753167e+04 2.6101300149e+01
1.97700e+03 3.1863889247e+04 1.6283666633e+02
1.97800e+03 3.1884112538e+04 1.8398189884e+02
1.97900e+03 3.1904512762e+04 5.1832897295e+01
1.98000e+03 3.1925084007e+04 5.1459803018e+01
1.98100e+03 3.1945479735e+04 2.2246599988e+01
1.98200e+03 3.1967707039e+04 2.5979597798e+01
1.98300e+03 3.1989810646e+04 7.6635852245e+01
1.98400e+03 3.2011645703e+04 4.6858789160e+01
1.98500e+03 3.2034102332e+04 2.5957801796e+01
1.98600e+03 3.2054991801e+04 2.2542577425e+01
1.98700e+03 3.2075472935e+04 2.2605440727e+01
1.98800e+03 3.2097685268e+04 2.5916873076e+01
1.98900e+03 3.2119771883e+04 2.5154217227e+01
1.99000e+03 3.2139367667e+04 4.4867206162e+01
1.99100e+03 3.2158982185e+04 6.2068274580e+00
1.99200e+03 3.2178752840e+04 2.7664642241e+01
1.99300e+03 3.2198019567e+04 6.5593707119e+01
1.99400e+03 3.2219913795e+04 2.5188234204e+01
1.99500e+03 3.2242445568e+04 4.6529633517e+01
1.99600e+03 3.2264775054e+04 4.6600257598e+01
1.99700e+03 3.2286943547e+04 2.5244923816e+01
1.99800e+03 3.2308811219e+04 2.6412383034e+01
1.99900e+03 3.2330891221e+04 2.6297479771e+01
2.00000e+03 3.2350525053e+04 2.0071448672e+01
