remeshing time
0.00000e+00
2.00000e-01
5.00000e-01
8.00000e-01
9.00000e-01
1.00000e+00
1.20000e+00
1.30000e+00
1.40000e+00
1.50000e+00
1.70000e+00
1.80000e+00
2.00000e+00
2.10000e+00
2.40000e+00
2.60000e+00
2.70000e+00
2.80000e+00
2.90000e+00
3.00000e+00
3.30000e+00
3.50000e+00
3.70000e+00
3.80000e+00
4.00000e+00
4.20000e+00
4.50000e+00
4.60000e+00
4.90000e+00
5.20000e+00
5.40000e+00
5.50000e+00
5.70000e+00
6.00000e+00
6.20000e+00
6.30000e+00
6.40000e+00
6.60000e+00
6.80000e+00
6.90000e+00
7.20000e+00
7.30000e+00
7.50000e+00
7.70000e+00
7.80000e+00
8.30000e+00
8.50000e+00
8.70000e+00
8.80000e+00
8.90000e+00
9.00000e+00
9.20000e+00
9.30000e+00
9.50000e+00
9.70000e+00
9.80000e+00
1.01000e+01
1.03000e+01
1.04000e+01
1.05000e+01
1.08000e+01
1.09000e+01
1.10000e+01
1.12000e+01
1.13000e+01
1.15000e+01
1.17000e+01
1.18000e+01
1.19000e+01
1.23000e+01
1.24000e+01
1.25000e+01
1.27000e+01
1.29000e+01
1.30000e+01
1.32000e+01
1.33000e+01
1.36000e+01
1.37000e+01
1.38000e+01
1.40000e+01
1.41000e+01
1.43000e+01
1.45000e+01
1.47000e+01
1.50000e+01
1.52000e+01
1.54000e+01
1.55000e+01
1.57000e+01
1.60000e+01
1.61000e+01
1.62000e+01
1.63000e+01
1.65000e+01
1.66000e+01
1.67000e+01
1.68000e+01
1.69000e+01
1.70000e+01
1.72000e+01
1.74000e+01
1.75000e+01
1.77000e+01
1.80000e+01
1.81000e+01
1.82000e+01
1.83000e+01
1.85000e+01
1.86000e+01
1.87000e+01
1.88000e+01
1.89000e+01
1.90000e+01
1.92000e+01
1.93000e+01
1.96000e+01
1.97000e+01
2.00000e+01
2.01000e+01
2.03000e+01
2.05000e+01
2.08000e+01
2.10000e+01
2.12000e+01
2.13000e+01
2.15000e+01
2.17000e+01
2.18000e+01
2.22000e+01
2.24000e+01
2.26000e+01
2.27000e+01
2.28000e+01
2.29000e+01
2.30000e+01
2.32000e+01
2.33000e+01
2.35000e+01
2.37000e+01
2.38000e+01
2.40000e+01
2.42000e+01
2.43000e+01
2.46000e+01
2.48000e+01
2.49000e+01
2.53000e+01
2.55000e+01
2.57000e+01
2.58000e+01
2.60000e+01
2.62000e+01
2.65000e+01
2.68000e+01
2.71000e+01
2.73000e+01
2.76000e+01
2.78000e+01
2.80000e+01
2.81000e+01
2.82000e+01
2.83000e+01
2.84000e+01
2.85000e+01
2.87000e+01
2.88000e+01
2.90000e+01
2.92000e+01
2.94000e+01
2.97000e+01
2.98000e+01
2.99000e+01
3.02000e+01
3.03000e+01
3.04000e+01
3.06000e+01
3.07000e+01
3.09000e+01
3.10000e+01
3.11000e+01
3.14000e+01
3.15000e+01
3.18000e+01
3.19000e+01
3.23000e+01
3.24000e+01
3.26000e+01
3.27000e+01
3.29000e+01
3.30000e+01
3.31000e+01
3.34000e+01
3.35000e+01
3.38000e+01
3.39000e+01
3.42000e+01
3.43000e+01
3.44000e+01
3.46000e+01
3.48000e+01
3.50000e+01
3.51000e+01
3.52000e+01
3.54000e+01
3.56000e+01
3.59000e+01
3.64000e+01
3.67000e+01
3.69000e+01
3.70000e+01
3.71000e+01
3.73000e+01
3.76000e+01
3.79000e+01
3.83000e+01
3.85000e+01
3.87000e+01
3.89000e+01
3.91000e+01
3.92000e+01
3.93000e+01
3.95000e+01
3.97000e+01
3.98000e+01
3.99000e+01
4.00000e+01
4.01000e+01
4.03000e+01
4.06000e+01
4.09000e+01
4.13000e+01
4.15000e+01
4.18000e+01
4.19000e+01
4.20000e+01
4.22000e+01
4.25000e+01
4.28000e+01
4.32000e+01
4.33000e+01
4.36000e+01
4.37000e+01
4.39000e+01
4.43000e+01
4.45000e+01
4.47000e+01
4.49000e+01
4.52000e+01
4.54000e+01
4.57000e+01
4.58000e+01
4.65000e+01
4.67000e+01
4.69000e+01
4.72000e+01
4.74000e+01
4.77000e+01
4.78000e+01
4.82000e+01
4.84000e+01
4.87000e+01
4.89000e+01
4.93000e+01
4.96000e+01
4.97000e+01
4.99000e+01
5.03000e+01
5.04000e+01
5.05000e+01
5.07000e+01
5.09000e+01
5.11000e+01
5.14000e+01
5.17000e+01
5.18000e+01
5.19000e+01
5.20000e+01
5.21000e+01
5.24000e+01
5.26000e+01
5.28000e+01
5.29000e+01
5.33000e+01
5.35000e+01
5.36000e+01
5.39000e+01
5.40000e+01
5.41000e+01
5.43000e+01
5.44000e+01
5.46000e+01
5.49000e+01
5.52000e+01
5.53000e+01
5.55000e+01
5.58000e+01
5.64000e+01
5.65000e+01
5.67000e+01
5.68000e+01
5.69000e+01
5.70000e+01
5.71000e+01
5.74000e+01
5.77000e+01
5.78000e+01
5.79000e+01
5.80000e+01
5.81000e+01
5.82000e+01
5.84000e+01
5.85000e+01
5.88000e+01
5.89000e+01
5.90000e+01
5.92000e+01
5.94000e+01
5.95000e+01
5.96000e+01
5.97000e+01
6.00000e+01
6.03000e+01
6.05000e+01
6.06000e+01
6.08000e+01
6.09000e+01
6.10000e+01
6.12000e+01
6.15000e+01
6.17000e+01
6.19000e+01
6.20000e+01
6.22000e+01
6.24000e+01
6.25000e+01
6.28000e+01
6.31000e+01
6.33000e+01
6.34000e+01
6.35000e+01
6.37000e+01
6.40000e+01
6.41000e+01
6.42000e+01
6.45000e+01
6.48000e+01
6.50000e+01
6.53000e+01
6.55000e+01
6.56000e+01
6.58000e+01
6.60000e+01
6.62000e+01
6.63000e+01
6.64000e+01
6.66000e+01
6.68000e+01
6.70000e+01
6.72000e+01
6.75000e+01
6.78000e+01
6.83000e+01
6.86000e+01
6.89000e+01
6.91000e+01
6.92000e+01
6.94000e+01
6.95000e+01
6.98000e+01
6.99000e+01
7.02000e+01
7.04000e+01
7.06000e+01
7.08000e+01
7.14000e+01
7.15000e+01
7.17000e+01
7.19000e+01
7.20000e+01
7.22000e+01
7.24000e+01
7.26000e+01
7.28000e+01
7.32000e+01
7.34000e+01
7.36000e+01
7.39000e+01
7.42000e+01
7.44000e+01
7.46000e+01
7.47000e+01
7.49000e+01
7.53000e+01
7.56000e+01
7.57000e+01
7.59000e+01
7.62000e+01
7.65000e+01
7.67000e+01
7.69000e+01
7.71000e+01
7.74000e+01
7.75000e+01
7.78000e+01
7.80000e+01
7.81000e+01
7.82000e+01
7.84000e+01
7.86000e+01
7.87000e+01
7.89000e+01
7.94000e+01
7.95000e+01
7.98000e+01
8.00000e+01
8.01000e+01
8.03000e+01
8.04000e+01
8.06000e+01
8.09000e+01
8.11000e+01
8.12000e+01
8.15000e+01
8.18000e+01
8.20000e+01
8.21000e+01
8.24000e+01
8.27000e+01
8.29000e+01
8.30000e+01
8.32000e+01
8.33000e+01
8.34000e+01
8.35000e+01
8.37000e+01
8.38000e+01
8.40000e+01
8.41000e+01
8.42000e+01
8.43000e+01
8.46000e+01
8.48000e+01
8.51000e+01
8.53000e+01
8.55000e+01
8.57000e+01
8.59000e+01
8.61000e+01
8.63000e+01
8.65000e+01
8.67000e+01
8.68000e+01
8.69000e+01
8.70000e+01
8.72000e+01
8.74000e+01
8.75000e+01
8.76000e+01
8.77000e+01
8.78000e+01
8.80000e+01
8.82000e+01
8.84000e+01
8.85000e+01
8.87000e+01
8.88000e+01
8.94000e+01
8.95000e+01
8.96000e+01
8.97000e+01
8.98000e+01
9.00000e+01
9.01000e+01
9.03000e+01
9.04000e+01
9.06000e+01
9.08000e+01
9.09000e+01
9.14000e+01
9.16000e+01
9.18000e+01
9.20000e+01
9.22000e+01
9.25000e+01
9.27000e+01
9.28000e+01
9.30000e+01
9.31000e+01
9.32000e+01
9.33000e+01
9.34000e+01
9.37000e+01
9.39000e+01
9.42000e+01
9.44000e+01
9.46000e+01
9.47000e+01
9.48000e+01
9.50000e+01
9.52000e+01
9.53000e+01
9.56000e+01
9.59000e+01
9.60000e+01
9.62000e+01
9.64000e+01
9.67000e+01
9.69000e+01
9.72000e+01
9.74000e+01
9.77000e+01
9.80000e+01
9.81000e+01
9.82000e+01
9.83000e+01
9.86000e+01
9.88000e+01
9.91000e+01
9.92000e+01
9.93000e+01
9.96000e+01
9.98000e+01
1.00000e+02
1.00100e+02
1.00300e+02
1.00500e+02
1.00700e+02
1.00900e+02
1.01000e+02
1.01200e+02
1.01300e+02
1.01400e+02
1.01500e+02
1.01600e+02
1.01700e+02
1.01800e+02
1.02000e+02
1.02100e+02
1.02300e+02
1.02400e+02
1.02600e+02
1.02800e+02
1.02900e+02
1.03200e+02
1.03300e+02
1.03600e+02
1.03700e+02
1.04000e+02
1.04200e+02
1.04400e+02
1.04700e+02
1.04900e+02
1.05100e+02
1.05300e+02
1.05400e+02
1.05700e+02
1.05800e+02
1.05900e+02
1.06200e+02
1.06300e+02
1.06500e+02
1.06600e+02
1.06900e+02
1.07200e+02
1.07300e+02
1.07600e+02
1.07900e+02
1.08000e+02
1.08200e+02
1.08400e+02
1.08500e+02
1.08600e+02
1.08700e+02
1.08800e+02
1.08900e+02
1.09000e+02
1.09300e+02
1.09500e+02
1.09700e+02
1.09900e+02
1.10000e+02
1.10200e+02
1.10300e+02
1.10500e+02
1.10600e+02
1.10800e+02
1.10900e+02
1.11200e+02
1.11400e+02
1.11500e+02
1.11800e+02
1.12100e+02
1.12300e+02
1.12500e+02
1.12800e+02
1.12900e+02
1.13300e+02
1.13400e+02
1.13600e+02
1.13800e+02
1.14200e+02
1.14400e+02
1.14600e+02
1.14700e+02
1.14800e+02
1.15000e+02
1.15200e+02
1.15400e+02
1.15700e+02
1.15900e+02
1.16200e+02
1.16400e+02
1.16700e+02
1.17100e+02
1.17300e+02
1.17400e+02
1.17700e+02
1.17900e+02
1.18000e+02
1.18300e+02
1.18500e+02
1.18700e+02
1.18800e+02
1.18900e+02
1.19000e+02
1.19100e+02
1.19300e+02
1.19600e+02
1.19700e+02
1.19900e+02
1.20000e+02
1.20200e+02
1.20300e+02
1.20500e+02
1.20600e+02
1.20900e+02
1.21200e+02
1.21300e+02
1.21600e+02
1.21900e+02
1.22000e+02
1.22300e+02
1.22500e+02
1.22700e+02
1.22800e+02
1.22900e+02
1.23000e+02
1.23100e+02
1.23300e+02
1.23600e+02
1.23700e+02
1.23900e+02
1.24000e+02
1.24200e+02
1.24400e+02
1.24600e+02
1.24900e+02
1.25100e+02
1.25200e+02
1.25500e+02
1.25700e+02
1.26000e+02
1.26200e+02
1.26400e+02
1.26700e+02
1.26900e+02
1.27100e+02
1.27200e+02
1.27400e+02
1.27500e+02
1.27600e+02
1.27900e+02
1.28200e+02
1.28300e+02
1.28500e+02
1.28600e+02
1.28900e+02
1.29300e+02
1.29600e+02
1.29700e+02
1.29900e+02
1.30000e+02
1.30200e+02
1.30300e+02
1.30500e+02
1.30600e+02
1.30700e+02
1.30800e+02
1.31200e+02
1.31500e+02
1.31600e+02
1.31700e+02
1.32000e+02
1.32200e+02
1.32400e+02
1.32600e+02
1.32700e+02
1.32800e+02
1.32900e+02
1.33200e+02
1.33400e+02
1.33600e+02
1.33800e+02
1.34000e+02
1.34200e+02
1.34500e+02
1.34600e+02
1.34900e+02
1.35400e+02
1.35600e+02
1.35700e+02
1.35800e+02
1.36000e+02
1.36100e+02
1.36300e+02
1.36500e+02
1.36900e+02
1.37200e+02
1.37500e+02
1.37800e+02
1.38400e+02
1.38500e+02
1.38700e+02
1.38800e+02
1.38900e+02
1.39000e+02
1.39100e+02
1.39300e+02
1.39600e+02
1.39800e+02
1.39900e+02
1.40400e+02
1.40600e+02
1.40700e+02
1.40800e+02
1.40900e+02
1.41200e+02
1.41400e+02
1.41600e+02
1.41800e+02
1.42000e+02
1.42200e+02
1.42500e+02
1.42600e+02
1.42900e+02
1.43200e+02
1.43300e+02
1.43500e+02
1.43600e+02
1.43800e+02
1.44000e+02
1.44200e+02
1.44500e+02
1.44700e+02
1.44800e+02
1.44900e+02
1.45200e+02
1.45400e+02
1.45600e+02
1.45700e+02
1.45800e+02
1.46000e+02
1.46100e+02
1.46300e+02
1.46500e+02
1.46600e+02
1.46800e+02
1.47000e+02
1.47200e+02
1.47500e+02
1.47700e+02
1.48000e+02
1.48200e+02
1.48300e+02
1.48600e+02
1.48800e+02
1.49000e+02
1.49100e+02
1.49200e+02
1.49400e+02
1.49600e+02
1.49900e+02
1.50400e+02
1.50600e+02
1.50700e+02
1.50800e+02
1.50900e+02
1.51000e+02
1.51300e+02
1.51400e+02
1.51600e+02
1.51800e+02
1.52000e+02
1.52200e+02
1.52500e+02
1.52700e+02
1.52900e+02
1.53100e+02
1.53300e+02
1.53400e+02
1.53500e+02
1.53600e+02
1.53800e+02
1.54000e+02
1.54200e+02
1.54400e+02
1.54700e+02
1.54800e+02
1.54900e+02
1.55000e+02
1.55200e+02
1.55400e+02
1.55500e+02
1.55600e+02
1.55700e+02
1.55800e+02
1.56000e+02
1.56100e+02
1.56300e+02
1.56500e+02
1.56600e+02
1.56800e+02
1.57000e+02
1.57200e+02
1.57500e+02
1.57800e+02
1.58400e+02
1.58600e+02
1.58700e+02
1.58800e+02
1.58900e+02
1.59000e+02
1.59200e+02
1.59500e+02
1.59800e+02
1.60100e+02
1.60400e+02
1.60600e+02
1.60800e+02
1.61000e+02
1.61200e+02
1.61300e+02
1.61400e+02
1.61600e+02
1.61900e+02
1.62300e+02
1.62500e+02
1.62600e+02
1.62900e+02
1.63000e+02
1.63200e+02
1.63300e+02
1.63400e+02
1.63600e+02
1.63900e+02
1.64200e+02
1.64300e+02
1.64500e+02
1.64600e+02
1.64900e+02
1.65200e+02
1.65400e+02
1.65700e+02
1.66000e+02
1.66100e+02
1.66400e+02
1.66600e+02
1.66700e+02
1.66900e+02
1.67200e+02
1.67300e+02
1.67600e+02
1.67900e+02
1.68000e+02
1.68200e+02
1.68500e+02
1.68800e+02
1.68900e+02
1.69100e+02
1.69300e+02
1.69500e+02
1.69700e+02
1.70000e+02
1.70200e+02
1.70400e+02
1.70600e+02
1.70700e+02
1.70900e+02
1.71300e+02
1.71500e+02
1.71700e+02
1.71900e+02
1.72200e+02
1.72300e+02
1.72500e+02
1.72600e+02
1.72700e+02
1.72800e+02
1.72900e+02
1.73000e+02
1.73300e+02
1.73400e+02
1.73700e+02
1.73900e+02
1.74000e+02
1.74100e+02
1.74400e+02
1.74600e+02
1.74900e+02
1.75000e+02
1.75200e+02
1.75300e+02
1.75500e+02
1.75600e+02
1.75900e+02
1.76200e+02
1.76300e+02
1.76500e+02
1.76600e+02
1.76700e+02
1.76900e+02
1.77200e+02
1.77500e+02
1.77600e+02
1.77900e+02
1.78300e+02
1.78500e+02
1.78600e+02
1.78700e+02
1.78800e+02
1.78900e+02
1.79000e+02
1.79300e+02
1.79400e+02
1.79700e+02
1.79900e+02
1.80000e+02
1.80200e+02
1.80300e+02
1.80500e+02
1.80600e+02
1.80700e+02
1.80900e+02
1.81200e+02
1.81400e+02
1.81600e+02
1.81900e+02
1.82300e+02
1.82500e+02
1.82600e+02
1.82700e+02
1.82900e+02
1.83000e+02
1.83300e+02
1.83500e+02
1.83700e+02
1.83900e+02
1.84000e+02
1.84100e+02
1.84400e+02
1.84700e+02
1.84800e+02
1.85000e+02
1.85200e+02
1.85300e+02
1.85500e+02
1.85700e+02
1.85900e+02
1.86200e+02
1.86300e+02
1.86500e+02
1.86600e+02
1.86700e+02
1.86800e+02
1.87000e+02
1.87300e+02
1.87500e+02
1.87700e+02
1.87900e+02
1.88000e+02
1.88100e+02
1.88400e+02
1.88700e+02
1.88800e+02
1.89000e+02
1.89100e+02
1.89300e+02
1.89500e+02
1.89800e+02
1.90000e+02
1.90300e+02
1.90400e+02
1.90600e+02
1.90700e+02
1.90900e+02
1.91100e+02
1.91400e+02
1.91700e+02
1.91900e+02
1.92200e+02
1.92300e+02
1.92500e+02
1.92600e+02
1.92800e+02
1.93100e+02
1.93300e+02
1.93400e+02
1.93600e+02
1.93900e+02
1.94400e+02
1.94700e+02
1.94800e+02
1.94900e+02
1.95000e+02
1.95300e+02
1.95600e+02
1.95800e+02
1.95900e+02
1.96000e+02
1.96100e+02
1.96300e+02
1.96500e+02
1.96600e+02
1.96900e+02
1.97200e+02
1.97400e+02
1.97500e+02
1.97800e+02
1.98000e+02
1.98100e+02
1.98400e+02
1.98600e+02
1.98700e+02
1.98900e+02
1.99200e+02
1.99300e+02
1.99500e+02
1.99600e+02
1.99900e+02
2.00000e+02
2.00200e+02
2.00500e+02
2.00700e+02
2.01000e+02
2.01200e+02
2.01400e+02
2.01600e+02
2.01700e+02
2.01800e+02
2.02000e+02
2.02200e+02
2.02500e+02
2.02700e+02
2.02900e+02
2.03000e+02
2.03300e+02
2.03600e+02
2.03800e+02
2.03900e+02
2.04000e+02
2.04200e+02
2.04300e+02
2.04500e+02
2.04800e+02
2.05000e+02
2.05100e+02
2.05300e+02
2.05500e+02
2.05700e+02
2.05800e+02
2.06000e+02
2.06200e+02
2.06400e+02
2.06700e+02
2.06800e+02
2.06900e+02
2.07000e+02
2.07200e+02
2.07400e+02
2.07600e+02
2.07700e+02
2.07800e+02
2.08000e+02
2.08100e+02
2.08300e+02
2.08500e+02
2.08600e+02
2.08800e+02
2.08900e+02
2.09000e+02
2.09100e+02
2.09500e+02
2.09600e+02
2.09800e+02
2.10000e+02
2.10100e+02
2.10300e+02
2.10500e+02
2.10600e+02
2.10800e+02
2.10900e+02
2.11100e+02
2.11300e+02
2.11600e+02
2.11900e+02
2.12000e+02
2.12100e+02
2.12400e+02
2.12600e+02
2.12700e+02
2.12900e+02
2.13100e+02
2.13400e+02
2.13700e+02
2.13900e+02
2.14200e+02
2.14300e+02
2.14500e+02
2.14600e+02
2.14900e+02
2.15000e+02
2.15200e+02
2.15400e+02
2.15700e+02
2.15900e+02
2.16000e+02
2.16100e+02
2.16300e+02
2.16500e+02
2.16700e+02
2.17000e+02
2.17200e+02
2.17400e+02
2.17500e+02
2.17600e+02
2.17900e+02
2.18400e+02
2.18500e+02
2.18700e+02
2.18800e+02
2.18900e+02
2.19000e+02
2.19100e+02
2.19400e+02
2.19600e+02
2.19900e+02
2.20000e+02
2.20200e+02
2.20400e+02
2.20500e+02
2.20700e+02
2.20800e+02
2.20900e+02
2.21000e+02
2.21100e+02
2.21400e+02
2.21600e+02
2.21700e+02
2.21800e+02
2.22000e+02
2.22100e+02
2.22300e+02
2.22500e+02
2.22800e+02
2.23100e+02
2.23200e+02
2.23300e+02
2.23600e+02
2.23900e+02
2.24400e+02
2.24500e+02
2.24700e+02
2.24800e+02
2.24900e+02
2.25000e+02
2.25100e+02
2.25300e+02
2.25500e+02
2.25600e+02
2.25900e+02
2.26000e+02
2.26200e+02
2.26300e+02
2.26500e+02
2.26800e+02
2.27000e+02
2.27200e+02
2.27300e+02
2.27500e+02
2.27800e+02
2.28000e+02
2.28100e+02
2.28200e+02
2.28500e+02
2.28600e+02
2.28700e+02
2.28800e+02
2.28900e+02
2.29200e+02
2.29300e+02
2.29400e+02
2.29700e+02
2.29800e+02
2.29900e+02
2.30000e+02
2.30100e+02
2.30400e+02
2.30600e+02
2.30700e+02
2.30900e+02
2.31100e+02
2.31400e+02
2.31700e+02
2.31800e+02
2.32000e+02
2.32100e+02
2.32400e+02
2.32600e+02
2.32700e+02
2.32800e+02
2.32900e+02
2.33300e+02
2.33400e+02
2.33500e+02
2.33800e+02
2.33900e+02
2.34200e+02
2.34500e+02
2.34600e+02
2.34800e+02
2.35000e+02
2.35300e+02
2.35600e+02
2.35800e+02
2.36000e+02
2.36200e+02
2.36300e+02
2.36600e+02
2.36900e+02
2.37100e+02
2.37200e+02
2.37300e+02
2.37400e+02
2.37700e+02
2.37800e+02
2.37900e+02
2.38000e+02
2.38300e+02
2.38400e+02
2.38700e+02
2.38800e+02
2.38900e+02
2.39000e+02
2.39200e+02
2.39400e+02
2.39700e+02
2.39800e+02
2.40000e+02
2.40100e+02
2.40400e+02
2.40600e+02
2.40700e+02
2.40800e+02
2.40900e+02
2.41000e+02
2.41100e+02
2.41200e+02
2.41300e+02
2.41400e+02
2.41700e+02
2.41900e+02
2.42200e+02
2.42300e+02
2.42400e+02
2.42700e+02
2.42800e+02
2.42900e+02
2.43000e+02
2.43300e+02
2.43500e+02
2.43600e+02
2.43700e+02
2.43800e+02
2.44000e+02
2.44100e+02
2.44200e+02
2.44300e+02
2.44400e+02
2.44500e+02
2.44700e+02
2.44800e+02
2.44900e+02
2.45200e+02
2.45300e+02
2.45400e+02
2.45500e+02
2.45700e+02
2.45800e+02
2.45900e+02
2.46000e+02
2.46100e+02
2.46200e+02
2.46300e+02
2.46400e+02
2.46500e+02
2.46700e+02
2.46800e+02
2.46900e+02
2.47100e+02
2.47300e+02
2.47500e+02
2.47700e+02
2.47800e+02
2.48000e+02
2.48100e+02
2.48200e+02
2.48500e+02
2.48800e+02
2.49000e+02
2.49400e+02
2.49700e+02
2.49800e+02
2.49900e+02
2.50000e+02
2.50200e+02
2.50400e+02
2.50700e+02
2.51500e+02
2.51700e+02
2.51800e+02
2.52000e+02
2.52200e+02
2.52400e+02
2.52500e+02
2.52800e+02
2.53000e+02
2.53300e+02
2.53500e+02
2.53600e+02
2.53900e+02
2.54000e+02
2.54200e+02
2.54400e+02
2.54700e+02
2.55000e+02
2.55100e+02
2.55200e+02
2.55300e+02
2.55500e+02
2.55800e+02
2.56400e+02
2.56600e+02
2.56700e+02
2.56900e+02
2.57100e+02
2.57400e+02
2.57500e+02
2.57700e+02
2.57800e+02
2.58000e+02
2.58100e+02
2.58300e+02
2.58500e+02
2.58800e+02
2.59000e+02
2.59400e+02
2.59700e+02
2.59800e+02
2.59900e+02
2.60000e+02
2.60100e+02
2.60300e+02
2.60500e+02
2.60800e+02
2.61000e+02
2.61200e+02
2.61500e+02
2.61700e+02
2.62000e+02
2.62100e+02
2.62300e+02
2.62600e+02
2.62700e+02
2.62800e+02
2.63000e+02
2.63400e+02
2.63700e+02
2.63800e+02
2.63900e+02
2.64000e+02
2.64200e+02
2.64400e+02
2.64700e+02
2.65000e+02
2.65300e+02
2.65400e+02
2.65500e+02
2.65700e+02
2.65800e+02
2.66000e+02
2.66200e+02
2.66400e+02
2.66700e+02
2.67000e+02
2.67100e+02
2.67200e+02
2.67400e+02
2.67600e+02
2.67700e+02
2.67900e+02
2.68400e+02
2.68500e+02
2.68600e+02
2.68700e+02
2.68900e+02
2.69100e+02
2.69400e+02
2.69500e+02
2.69700e+02
2.69800e+02
2.70000e+02
2.70200e+02
2.70400e+02
2.70700e+02
2.71000e+02
2.71300e+02
2.71400e+02
2.71500e+02
2.71700e+02
2.71800e+02
2.72000e+02
2.72100e+02
2.72300e+02
2.72500e+02
2.72800e+02
2.73000e+02
2.73400e+02
2.73700e+02
2.73800e+02
2.73900e+02
2.74000e+02
2.74200e+02
2.74400e+02
2.74700e+02
2.75000e+02
2.75100e+02
2.75300e+02
2.75500e+02
2.75800e+02
2.76300e+02
2.76500e+02
2.76700e+02
2.76800e+02
2.76900e+02
2.77300e+02
2.77500e+02
2.77700e+02
2.77800e+02
2.78000e+02
2.78100e+02
2.78300e+02
2.78400e+02
2.78600e+02
2.78900e+02
2.79200e+02
2.79300e+02
2.79400e+02
2.79500e+02
2.79700e+02
2.79900e+02
2.80300e+02
2.80500e+02
2.80800e+02
2.80900e+02
2.81000e+02
2.81200e+02
2.81400e+02
2.81700e+02
2.81800e+02
2.82300e+02
2.82500e+02
2.82600e+02
2.82700e+02
2.82900e+02
2.83200e+02
2.83300e+02
2.83600e+02
2.83700e+02
2.83900e+02
2.84000e+02
2.84200e+02
2.84500e+02
2.84800e+02
2.84900e+02
2.85000e+02
2.85200e+02
2.85400e+02
2.85600e+02
2.85800e+02
2.86000e+02
2.86200e+02
2.86400e+02
2.86500e+02
2.86600e+02
2.86800e+02
2.86900e+02
2.87300e+02
2.87500e+02
2.87600e+02
2.87800e+02
2.88000e+02
2.88100e+02
2.88200e+02
2.88300e+02
2.88400e+02
2.88700e+02
2.89000e+02
2.89200e+02
2.89300e+02
2.89500e+02
2.89600e+02
2.89900e+02
2.90100e+02
2.90400e+02
2.90500e+02
2.90700e+02
2.90800e+02
2.90900e+02
2.91000e+02
2.91300e+02
2.91400e+02
2.91700e+02
2.91900e+02
2.92000e+02
2.92200e+02
2.92400e+02
2.92600e+02
2.92800e+02
2.93200e+02
2.93300e+02
2.93400e+02
2.93600e+02
2.93800e+02
2.94000e+02
2.94400e+02
2.94500e+02
2.94800e+02
2.94900e+02
2.95000e+02
2.95200e+02
2.95300e+02
2.95400e+02
2.95600e+02
2.95800e+02
2.96000e+02
2.96200e+02
2.96300e+02
2.96600e+02
2.96700e+02
2.96900e+02
2.97200e+02
2.97300e+02
2.97600e+02
2.97700e+02
2.97900e+02
2.98000e+02
2.98100e+02
2.98200e+02
2.98400e+02
2.98600e+02
2.98900e+02
2.99200e+02
2.99300e+02
2.99500e+02
2.99800e+02
3.00000e+02
3.00100e+02
3.00200e+02
3.00400e+02
3.00600e+02
3.00900e+02
3.01200e+02
3.01300e+02
3.01500e+02
3.01800e+02
3.02000e+02
3.02200e+02
3.02300e+02
3.02600e+02
3.02700e+02
3.02900e+02
3.03400e+02
3.03600e+02
3.03800e+02
3.04000e+02
3.04200e+02
3.04300e+02
3.04400e+02
3.04600e+02
3.04700e+02
3.04900e+02
3.05400e+02
3.05600e+02
3.05800e+02
3.06000e+02
3.06100e+02
3.06200e+02
3.06300e+02
3.06500e+02
3.06800e+02
3.07300e+02
3.07500e+02
3.07700e+02
3.08000e+02
3.08200e+02
3.08300e+02
3.08500e+02
3.08900e+02
3.09400e+02
3.09600e+02
3.09700e+02
3.09900e+02
3.10000e+02
3.10200e+02
3.10300e+02
3.10600e+02
3.10700e+02
3.10900e+02
3.11200e+02
3.11400e+02
3.11600e+02
3.11700e+02
3.12000e+02
3.12100e+02
3.12300e+02
3.12400e+02
3.12500e+02
3.12700e+02
3.13000e+02
3.13200e+02
3.13300e+02
3.13600e+02
3.13800e+02
3.14000e+02
3.14100e+02
3.14400e+02
3.14500e+02
3.14700e+02
3.14900e+02
3.15000e+02
3.15300e+02
3.15600e+02
3.15700e+02
3.15900e+02
3.16000e+02
3.16100e+02
3.16200e+02
3.16400e+02
3.16600e+02
3.16900e+02
3.17000e+02
3.17100e+02
3.17200e+02
3.17300e+02
3.17500e+02
3.17700e+02
3.18000e+02
3.18100e+02
3.18200e+02
3.18400e+02
3.18600e+02
3.18900e+02
3.19000e+02
3.19100e+02
3.19300e+02
3.19400e+02
3.19600e+02
3.19700e+02
3.20000e+02
3.20300e+02
3.20500e+02
3.20700e+02
3.20800e+02
3.21000e+02
3.21300e+02
3.21500e+02
3.21700e+02
3.21900e+02
3.22000e+02
3.22100e+02
3.22200e+02
3.22400e+02
3.22700e+02
3.22900e+02
3.23200e+02
3.23400e+02
3.23700e+02
3.24000e+02
3.24300e+02
3.24500e+02
3.24700e+02
3.24800e+02
3.24900e+02
3.25000e+02
3.25200e+02
3.25300e+02
3.25500e+02
3.25800e+02
3.26200e+02
3.26500e+02
3.26800e+02
3.27100e+02
3.27300e+02
3.27500e+02
3.27600e+02
3.27700e+02
3.27900e+02
3.28300e+02
3.28500e+02
3.28600e+02
3.28800e+02
3.28900e+02
3.29000e+02
3.29200e+02
3.29400e+02
3.29700e+02
3.30000e+02
3.30200e+02
3.30500e+02
3.30700e+02
3.30900e+02
3.31100e+02
3.31300e+02
3.31500e+02
3.31700e+02
3.31800e+02
3.31900e+02
3.32000e+02
3.32200e+02
3.32500e+02
3.32800e+02
3.33100e+02
3.33300e+02
3.33500e+02
3.33600e+02
3.33700e+02
3.34000e+02
3.34300e+02
3.34500e+02
3.34600e+02
3.34800e+02
3.34900e+02
3.35000e+02
3.35200e+02
3.35300e+02
3.35500e+02
3.35800e+02
3.36000e+02
3.36100e+02
3.36200e+02
3.36400e+02
3.36600e+02
3.36700e+02
3.36800e+02
3.37100e+02
3.37300e+02
3.37400e+02
3.37600e+02
3.37700e+02
3.38000e+02
3.38200e+02
3.38500e+02
3.38600e+02
3.38700e+02
3.38800e+02
3.39000e+02
3.39100e+02
3.39300e+02
3.39400e+02
3.39600e+02
3.39800e+02
3.40000e+02
3.40300e+02
3.40500e+02
3.40600e+02
3.40700e+02
3.40800e+02
3.41000e+02
3.41200e+02
3.41400e+02
3.41700e+02
3.41900e+02
3.42000e+02
3.42100e+02
3.42200e+02
3.42400e+02
3.42600e+02
3.42900e+02
3.43000e+02
3.43200e+02
3.43600e+02
3.43700e+02
3.43900e+02
3.44000e+02
3.44100e+02
3.44300e+02
3.44400e+02
3.44600e+02
3.44700e+02
3.44800e+02
3.45100e+02
3.45200e+02
3.45300e+02
3.45400e+02
3.45600e+02
3.45800e+02
3.46500e+02
3.46800e+02
3.46900e+02
3.47100e+02
3.47300e+02
3.47500e+02
3.47600e+02
3.47800e+02
3.48000e+02
3.48100e+02
3.48300e+02
3.48400e+02
3.48600e+02
3.48700e+02
3.48800e+02
3.49400e+02
3.49600e+02
3.49800e+02
3.50000e+02
3.50100e+02
3.50300e+02
3.50400e+02
3.50600e+02
3.50700e+02
3.50800e+02
3.51400e+02
3.51600e+02
3.51800e+02
3.52000e+02
3.52100e+02
3.52200e+02
3.52400e+02
3.52600e+02
3.52700e+02
3.52900e+02
3.53300e+02
3.53400e+02
3.53500e+02
3.53600e+02
3.53700e+02
3.53800e+02
3.54000e+02
3.54100e+02
3.54200e+02
3.54400e+02
3.54500e+02
3.54600e+02
3.54700e+02
3.54900e+02
3.55300e+02
3.55400e+02
3.55500e+02
3.55600e+02
3.55700e+02
3.56000e+02
3.56100e+02
3.56300e+02
3.56400e+02
3.56600e+02
3.56700e+02
3.56800e+02
3.57100e+02
3.57200e+02
3.57300e+02
3.57400e+02
3.57600e+02
3.57800e+02
3.57900e+02
3.58000e+02
3.58100e+02
3.58200e+02
3.58400e+02
3.58500e+02
3.58700e+02
3.59000e+02
3.59300e+02
3.59500e+02
3.59600e+02
3.59900e+02
3.60000e+02
3.60100e+02
3.60300e+02
3.60500e+02
3.60600e+02
3.60800e+02
3.61000e+02
3.61200e+02
3.61400e+02
3.61500e+02
3.61800e+02
3.62300e+02
3.62500e+02
3.62700e+02
3.62800e+02
3.63000e+02
3.63200e+02
3.63400e+02
3.63700e+02
3.63900e+02
3.64200e+02
3.64300e+02
3.64500e+02
3.64600e+02
3.64900e+02
3.65100e+02
3.65300e+02
3.65400e+02
3.65600e+02
3.65900e+02
3.66100e+02
3.66200e+02
3.66500e+02
3.66600e+02
3.66800e+02
3.66900e+02
3.67300e+02
3.67400e+02
3.67500e+02
3.67800e+02
3.68000e+02
3.68300e+02
3.68400e+02
3.68600e+02
3.68700e+02
3.68800e+02
3.68900e+02
3.69300e+02
3.69400e+02
3.69500e+02
3.69800e+02
3.70000e+02
3.70300e+02
3.70500e+02
3.70600e+02
3.70800e+02
3.70900e+02
3.71000e+02
3.71200e+02
3.71500e+02
3.71600e+02
3.71900e+02
3.72100e+02
3.72200e+02
3.72500e+02
3.72600e+02
3.72800e+02
3.72900e+02
3.73300e+02
3.73400e+02
3.73500e+02
3.73800e+02
3.74000e+02
3.74300e+02
3.74500e+02
3.74600e+02
3.74800e+02
3.74900e+02
3.75000e+02
3.75200e+02
3.75500e+02
3.75600e+02
3.75900e+02
3.76300e+02
3.76500e+02
3.76600e+02
3.76800e+02
3.76900e+02
3.77000e+02
3.77200e+02
3.77600e+02
3.77700e+02
3.77800e+02
3.77900e+02
3.78000e+02
3.78100e+02
3.78300e+02
3.78400e+02
3.78600e+02
3.78700e+02
3.79000e+02
3.79100e+02
3.79300e+02
3.79500e+02
3.79600e+02
3.79800e+02
3.80000e+02
3.80100e+02
3.80200e+02
3.80300e+02
3.80400e+02
3.80500e+02
3.80600e+02
3.80900e+02
3.81300e+02
3.81400e+02
3.81700e+02
3.81900e+02
3.82000e+02
3.82100e+02
3.82300e+02
3.82400e+02
3.82600e+02
3.82700e+02
3.83000e+02
3.83100e+02
3.83300e+02
3.83500e+02
3.83600e+02
3.83800e+02
3.84000e+02
3.84100e+02
3.84200e+02
3.84300e+02
3.84400e+02
3.84500e+02
3.84600e+02
3.84900e+02
3.85100e+02
3.85300e+02
3.85400e+02
3.85600e+02
3.85900e+02
3.86200e+02
3.86500e+02
3.86800e+02
3.86900e+02
3.87100e+02
3.87300e+02
3.87500e+02
3.87700e+02
3.87800e+02
3.87900e+02
3.88000e+02
3.88100e+02
3.88200e+02
3.88400e+02
3.88600e+02
3.88800e+02
3.89300e+02
3.89500e+02
3.89700e+02
3.89800e+02
3.89900e+02
3.90000e+02
3.90100e+02
3.90200e+02
3.90400e+02
3.90600e+02
3.90800e+02
3.91100e+02
3.91300e+02
3.91400e+02
3.91700e+02
3.91900e+02
3.92200e+02
3.92300e+02
3.92500e+02
3.92600e+02
3.92800e+02
3.92900e+02
3.93000e+02
3.93200e+02
3.93300e+02
3.93600e+02
3.93700e+02
3.93900e+02
3.94000e+02
3.94100e+02
3.94300e+02
3.94400e+02
3.94600e+02
3.94700e+02
3.94900e+02
3.95100e+02
3.95200e+02
3.95400e+02
3.95500e+02
3.95600e+02
3.95800e+02
3.95900e+02
3.96300e+02
3.96400e+02
3.96600e+02
3.96800e+02
3.96900e+02
3.97000e+02
3.97300e+02
3.97500e+02
3.97700e+02
3.97900e+02
3.98000e+02
3.98100e+02
3.98200e+02
3.98500e+02
3.98800e+02
3.98900e+02
3.99100e+02
3.99200e+02
3.99400e+02
3.99700e+02
3.99800e+02
4.00000e+02
4.00200e+02
4.00400e+02
4.00600e+02
4.00700e+02
4.00900e+02
4.01200e+02
4.01400e+02
4.01500e+02
4.01600e+02
4.01800e+02
4.02000e+02
4.02200e+02
4.02400e+02
4.02500e+02
4.02700e+02
4.03000e+02
4.03200e+02
4.03300e+02
4.03400e+02
4.03700e+02
4.03900e+02
4.04300e+02
4.04600e+02
4.04800e+02
4.04900e+02
4.05000e+02
4.05200e+02
4.05300e+02
4.05400e+02
4.05700e+02
4.05900e+02
4.06200e+02
4.06300e+02
4.06500e+02
4.06700e+02
4.06800e+02
4.06900e+02
4.07000e+02
4.07200e+02
4.07400e+02
4.07600e+02
4.07700e+02
4.08000e+02
4.08200e+02
4.08300e+02
4.08500e+02
4.08700e+02
4.08800e+02
4.08900e+02
4.09000e+02
4.09200e+02
4.09400e+02
4.09500e+02
4.09800e+02
4.09900e+02
4.10100e+02
4.10300e+02
4.10500e+02
4.10800e+02
4.11100e+02
4.11200e+02
4.11300e+02
4.11600e+02
4.11800e+02
4.11900e+02
4.12000e+02
4.12200e+02
4.12400e+02
4.12500e+02
4.12600e+02
4.12700e+02
4.12900e+02
4.13000e+02
4.13400e+02
4.13600e+02
4.13800e+02
4.13900e+02
4.14000e+02
4.14100e+02
4.14300e+02
4.14400e+02
4.14500e+02
4.14600e+02
4.14800e+02
4.14900e+02
4.15000e+02
4.15200e+02
4.15400e+02
4.15600e+02
4.15800e+02
4.16300e+02
4.16500e+02
4.16600e+02
4.16800e+02
4.16900e+02
4.17000e+02
4.17200e+02
4.17300e+02
4.17400e+02
4.17600e+02
4.17800e+02
4.17900e+02
4.18200e+02
4.18400e+02
4.18600e+02
4.18800e+02
4.19000e+02
4.19100e+02
4.19300e+02
4.19400e+02
4.19700e+02
4.20000e+02
4.20300e+02
4.20600e+02
4.20800e+02
4.20900e+02
4.21000e+02
4.21200e+02
4.21400e+02
4.21700e+02
4.21900e+02
4.22300e+02
4.22600e+02
4.22800e+02
4.23100e+02
4.23200e+02
4.23400e+02
4.23600e+02
4.23700e+02
4.23800e+02
4.24000e+02
4.24100e+02
4.24400e+02
4.24600e+02
4.24800e+02
4.24900e+02
4.25000e+02
4.25200e+02
4.25400e+02
4.25600e+02
4.25700e+02
4.25800e+02
4.26000e+02
4.26300e+02
4.26600e+02
4.26800e+02
4.26900e+02
4.27000e+02
4.27300e+02
4.27400e+02
4.27500e+02
4.27600e+02
4.27800e+02
4.28000e+02
4.28200e+02
4.28400e+02
4.28500e+02
4.28700e+02
4.28800e+02
4.29000e+02
4.29100e+02
4.29200e+02
4.29300e+02
4.29400e+02
4.29700e+02
4.29900e+02
4.30000e+02
4.30200e+02
4.30300e+02
4.30500e+02
4.30700e+02
4.30800e+02
4.30900e+02
4.31000e+02
4.31200e+02
4.31400e+02
4.31600e+02
4.31800e+02
4.32300e+02
4.32500e+02
4.32700e+02
4.32800e+02
4.32900e+02
4.33000e+02
4.33200e+02
4.33400e+02
4.33600e+02
4.33700e+02
4.33800e+02
4.33900e+02
4.34000e+02
4.34200e+02
4.34300e+02
4.34500e+02
4.34800e+02
4.35100e+02
4.35200e+02
4.35300e+02
4.35600e+02
4.35800e+02
4.35900e+02
4.36000e+02
4.36200e+02
4.36300e+02
4.36400e+02
4.36500e+02
4.36600e+02
4.36800e+02
4.36900e+02
4.37000e+02
4.37400e+02
4.37600e+02
4.37800e+02
4.37900e+02
4.38000e+02
4.38100e+02
4.38300e+02
4.38400e+02
4.38600e+02
4.38800e+02
4.39400e+02
4.39600e+02
4.39700e+02
4.39800e+02
4.39900e+02
4.40100e+02
4.40300e+02
4.40500e+02
4.40800e+02
4.41400e+02
4.41600e+02
4.41800e+02
4.41900e+02
4.42000e+02
4.42100e+02
4.42300e+02
4.42500e+02
4.42800e+02
4.43400e+02
4.43600e+02
4.43800e+02
4.43900e+02
4.44000e+02
4.44100e+02
4.44300e+02
4.44500e+02
4.44800e+02
4.45400e+02
4.45600e+02
4.45800e+02
4.45900e+02
4.46000e+02
4.46200e+02
4.46300e+02
4.46500e+02
4.46800e+02
4.47100e+02
4.47200e+02
4.47300e+02
4.47600e+02
4.47800e+02
4.47900e+02
4.48000e+02
4.48200e+02
4.48300e+02
4.48400e+02
4.48500e+02
4.48600e+02
4.48800e+02
4.48900e+02
4.49000e+02
4.49400e+02
4.49600e+02
4.49800e+02
4.49900e+02
4.50000e+02
4.50100e+02
4.50300e+02
4.50500e+02
4.50800e+02
4.51100e+02
4.51300e+02
4.51600e+02
4.51800e+02
4.51900e+02
4.52100e+02
4.52400e+02
4.52600e+02
4.52800e+02
4.52900e+02
4.53100e+02
4.53300e+02
4.53600e+02
4.53800e+02
4.53900e+02
4.54100e+02
4.54300e+02
4.54400e+02
4.54500e+02
4.54600e+02
4.54800e+02
4.55100e+02
4.55200e+02
4.55300e+02
4.55400e+02
4.55500e+02
4.55600e+02
4.55700e+02
4.55900e+02
4.56000e+02
4.56200e+02
4.56400e+02
4.56600e+02
4.56700e+02
4.56900e+02
4.57000e+02
4.57200e+02
4.57300e+02
4.57500e+02
4.57600e+02
4.57900e+02
4.58200e+02
4.58500e+02
4.58600e+02
4.58700e+02
4.58900e+02
4.59000e+02
4.59300e+02
4.59500e+02
4.59600e+02
4.59700e+02
4.59800e+02
4.60100e+02
4.60300e+02
4.60400e+02
4.60600e+02
4.60900e+02
4.61300e+02
4.61600e+02
4.61800e+02
4.61900e+02
4.62100e+02
4.62300e+02
4.62400e+02
4.62500e+02
4.62600e+02
4.62800e+02
4.63100e+02
4.63200e+02
4.63300e+02
4.63400e+02
4.63500e+02
4.63600e+02
4.63700e+02
4.63900e+02
4.64300e+02
4.64500e+02
4.64700e+02
4.64900e+02
4.65000e+02
4.65300e+02
4.65400e+02
4.65500e+02
4.65700e+02
4.66000e+02
4.66100e+02
4.66300e+02
4.66600e+02
4.66800e+02
4.67000e+02
4.67300e+02
4.67400e+02
4.67500e+02
4.67700e+02
4.68000e+02
4.68200e+02
4.68400e+02
4.68700e+02
4.68800e+02
4.69600e+02
4.69800e+02
4.69900e+02
4.70300e+02
4.70500e+02
4.70800e+02
4.71100e+02
4.71200e+02
4.71400e+02
4.71500e+02
4.71700e+02
4.71900e+02
4.72500e+02
4.72700e+02
4.72800e+02
4.73000e+02
4.73200e+02
4.73600e+02
4.73800e+02
4.73900e+02
4.74200e+02
4.74400e+02
4.74600e+02
4.74800e+02
4.74900e+02
4.75200e+02
4.75300e+02
4.75400e+02
4.75700e+02
4.75800e+02
4.76000e+02
4.76200e+02
4.76500e+02
4.76600e+02
4.76700e+02
4.76900e+02
4.77000e+02
4.77300e+02
4.77500e+02
4.77600e+02
4.77700e+02
4.77800e+02
4.77900e+02
4.78200e+02
4.78300e+02
4.78400e+02
4.78600e+02
4.78900e+02
4.79300e+02
4.79600e+02
4.79800e+02
4.79900e+02
4.80100e+02
4.80300e+02
4.80400e+02
4.80600e+02
4.80800e+02
4.80900e+02
4.81000e+02
4.81200e+02
4.81400e+02
4.81500e+02
4.81600e+02
4.81700e+02
4.82200e+02
4.82400e+02
4.82600e+02
4.82700e+02
4.82900e+02
4.83000e+02
4.83100e+02
4.83300e+02
4.83400e+02
4.83500e+02
4.83700e+02
4.84000e+02
4.84100e+02
4.84200e+02
4.84400e+02
4.84600e+02
4.84800e+02
4.85000e+02
4.85100e+02
4.85300e+02
4.85500e+02
4.85700e+02
4.85900e+02
4.86000e+02
4.86100e+02
4.86200e+02
4.86400e+02
4.86600e+02
4.86700e+02
4.87000e+02
4.87400e+02
4.87500e+02
4.87600e+02
4.87700e+02
4.87900e+02
4.88000e+02
4.88200e+02
4.88400e+02
4.88700e+02
4.88800e+02
4.89500e+02
4.89800e+02
4.89900e+02
4.90300e+02
4.90500e+02
4.90800e+02
4.91500e+02
4.91800e+02
4.91900e+02
4.92100e+02
4.92200e+02
4.92300e+02
4.92400e+02
4.92500e+02
4.92600e+02
4.92900e+02
4.93200e+02
4.93300e+02
4.93400e+02
4.93700e+02
4.93900e+02
4.94000e+02
4.94100e+02
4.94300e+02
4.94500e+02
4.94600e+02
4.94700e+02
4.94900e+02
4.95000e+02
4.95100e+02
4.95200e+02
4.95300e+02
4.95500e+02
4.95600e+02
4.95700e+02
4.96200e+02
4.96400e+02
4.96600e+02
4.96700e+02
4.96800e+02
4.96900e+02
4.97000e+02
4.97200e+02
4.97300e+02
4.97400e+02
4.97700e+02
4.97800e+02
4.97900e+02
4.98000e+02
4.98200e+02
4.98400e+02
4.98600e+02
4.98700e+02
4.98800e+02
4.98900e+02
4.99000e+02
4.99400e+02
4.99500e+02
4.99600e+02
4.99700e+02
4.99900e+02
5.00000e+02
5.00200e+02
5.00300e+02
5.00400e+02
5.00700e+02
5.00900e+02
5.01300e+02
5.01400e+02
5.01500e+02
5.01600e+02
5.01700e+02
5.01900e+02
5.02000e+02
5.02200e+02
5.02400e+02
5.02700e+02
5.02800e+02
5.03000e+02
5.03100e+02
5.03200e+02
5.03400e+02
5.03500e+02
5.03800e+02
5.04300e+02
5.04500e+02
5.04600e+02
5.04800e+02
5.04900e+02
5.05200e+02
5.05300e+02
5.05500e+02
5.05600e+02
5.05700e+02
5.06000e+02
5.06300e+02
5.06500e+02
5.06600e+02
5.06800e+02
5.06900e+02
5.07200e+02
5.07300e+02
5.07400e+02
5.07700e+02
5.07900e+02
5.08200e+02
5.08300e+02
5.08400e+02
5.08500e+02
5.08800e+02
5.09000e+02
5.09200e+02
5.09300e+02
5.09400e+02
5.09700e+02
5.09900e+02
5.10200e+02
5.10300e+02
5.10500e+02
5.10800e+02
5.11000e+02
5.11200e+02
5.11300e+02
5.11400e+02
5.11700e+02
5.11800e+02
5.12000e+02
5.12200e+02
5.12300e+02
5.12500e+02
5.12600e+02
5.12800e+02
5.13000e+02
5.13200e+02
5.13300e+02
5.13400e+02
5.13700e+02
5.13800e+02
5.14000e+02
5.14100e+02
5.14300e+02
5.14400e+02
5.14500e+02
5.14600e+02
5.14900e+02
5.15100e+02
5.15200e+02
5.15300e+02
5.15500e+02
5.15600e+02
5.15800e+02
5.16500e+02
5.16800e+02
5.16900e+02
5.17000e+02
5.17300e+02
5.17600e+02
5.17800e+02
5.17900e+02
5.18000e+02
5.18100e+02
5.18300e+02
5.18600e+02
5.18900e+02
5.19100e+02
5.19200e+02
5.19300e+02
5.19500e+02
5.19600e+02
5.19700e+02
5.19900e+02
5.20000e+02
5.20200e+02
5.20300e+02
5.20600e+02
5.20700e+02
5.20900e+02
5.21000e+02
5.21100e+02
5.21400e+02
5.21600e+02
5.21900e+02
5.22000e+02
5.22100e+02
5.22300e+02
5.22400e+02
5.22600e+02
5.22700e+02
5.22800e+02
5.23000e+02
5.23200e+02
5.23400e+02
5.23600e+02
5.23900e+02
5.24000e+02
5.24100e+02
5.24200e+02
5.24300e+02
5.24500e+02
5.24700e+02
5.25000e+02
5.25200e+02
5.25300e+02
5.25400e+02
5.25600e+02
5.25800e+02
5.26400e+02
5.26700e+02
5.26800e+02
5.26900e+02
5.27200e+02
5.27400e+02
5.27600e+02
5.27700e+02
5.27800e+02
5.27900e+02
5.28000e+02
5.28100e+02
5.28300e+02
5.28400e+02
5.28600e+02
5.28700e+02
5.28800e+02
5.29000e+02
5.29200e+02
5.29400e+02
5.29600e+02
5.29900e+02
5.30000e+02
5.30100e+02
5.30200e+02
5.30300e+02
5.30400e+02
5.30600e+02
5.30900e+02
5.31200e+02
5.31300e+02
5.31400e+02
5.31600e+02
5.31800e+02
5.32200e+02
5.32500e+02
5.32800e+02
5.32900e+02
5.33300e+02
5.33600e+02
5.33700e+02
5.34000e+02
5.34200e+02
5.34400e+02
5.34600e+02
5.34700e+02
5.35100e+02
5.35300e+02
5.35400e+02
5.35600e+02
5.35700e+02
5.35800e+02
5.36400e+02
5.36500e+02
5.36600e+02
5.36700e+02
5.36800e+02
5.37000e+02
5.37200e+02
5.37500e+02
5.37600e+02
5.37800e+02
5.37900e+02
5.38000e+02
5.38100e+02
5.38300e+02
5.38400e+02
5.38700e+02
5.38800e+02
5.39000e+02
5.39200e+02
5.39400e+02
5.39700e+02
5.39800e+02
5.40200e+02
5.40400e+02
5.40600e+02
5.40700e+02
5.40800e+02
5.41000e+02
5.41200e+02
5.41500e+02
5.41600e+02
5.41700e+02
5.41800e+02
5.41900e+02
5.42000e+02
5.42200e+02
5.42300e+02
5.42400e+02
5.42600e+02
5.42700e+02
5.42800e+02
5.43000e+02
5.43200e+02
5.43500e+02
5.43600e+02
5.43800e+02
5.43900e+02
5.44000e+02
5.44100e+02
5.44400e+02
5.44600e+02
5.44900e+02
5.45000e+02
5.45100e+02
5.45400e+02
5.45700e+02
5.46000e+02
5.46400e+02
5.46600e+02
5.46800e+02
5.47300e+02
5.47500e+02
5.47700e+02
5.48000e+02
5.48300e+02
5.48500e+02
5.48600e+02
5.48700e+02
5.48900e+02
5.49000e+02
5.49100e+02
5.49400e+02
5.49700e+02
5.50000e+02
5.50400e+02
5.50600e+02
5.50800e+02
5.51300e+02
5.51500e+02
5.51600e+02
5.51800e+02
5.52500e+02
5.52600e+02
5.52800e+02
5.53300e+02
5.53500e+02
5.53600e+02
5.53800e+02
5.54300e+02
5.54500e+02
5.54600e+02
5.54700e+02
5.54800e+02
5.54900e+02
5.55000e+02
5.55100e+02
5.55300e+02
5.55400e+02
5.55700e+02
5.56000e+02
5.56400e+02
5.56600e+02
5.56700e+02
5.56900e+02
5.57200e+02
5.57400e+02
5.57500e+02
5.57600e+02
5.57800e+02
5.58300e+02
5.58500e+02
5.58600e+02
5.58700e+02
5.58800e+02
5.58900e+02
5.59000e+02
5.59200e+02
5.59400e+02
5.59600e+02
5.59800e+02
5.60000e+02
5.60100e+02
5.60300e+02
5.60400e+02
5.60700e+02
5.60800e+02
5.61000e+02
5.61200e+02
5.61500e+02
5.61800e+02
5.62300e+02
5.62500e+02
5.62700e+02
5.62800e+02
5.63000e+02
5.63200e+02
5.63500e+02
5.63700e+02
5.63800e+02
5.64000e+02
5.64100e+02
5.64200e+02
5.64300e+02
5.64500e+02
5.64700e+02
5.64800e+02
5.65000e+02
5.65100e+02
5.65300e+02
5.65600e+02
5.65700e+02
5.65800e+02
5.66000e+02
5.66100e+02
5.66200e+02
5.66400e+02
5.66500e+02
5.66800e+02
5.67100e+02
5.67300e+02
5.67400e+02
5.67600e+02
5.67800e+02
5.68000e+02
5.68100e+02
5.68300e+02
5.68400e+02
5.68500e+02
5.68600e+02
5.68700e+02
5.68800e+02
5.69000e+02
5.69200e+02
5.69500e+02
5.69600e+02
5.69800e+02
5.69900e+02
5.70000e+02
5.70100e+02
5.70200e+02
5.70300e+02
5.70400e+02
5.70700e+02
5.70800e+02
5.71000e+02
5.71200e+02
5.71500e+02
5.71800e+02
5.72200e+02
5.72300e+02
5.72500e+02
5.72600e+02
5.72700e+02
5.72800e+02
5.73000e+02
5.73100e+02
5.73300e+02
5.73600e+02
5.73700e+02
5.73800e+02
5.74000e+02
5.74200e+02
5.74300e+02
5.74400e+02
5.74500e+02
5.74600e+02
5.74800e+02
5.75000e+02
5.75200e+02
5.75300e+02
5.75500e+02
5.75800e+02
5.76500e+02
5.76600e+02
5.76900e+02
5.77400e+02
5.77600e+02
5.77700e+02
5.77900e+02
5.78000e+02
5.78100e+02
5.78200e+02
5.78400e+02
5.78500e+02
5.78800e+02
5.79200e+02
5.79400e+02
5.79600e+02
5.79800e+02
5.80000e+02
5.80200e+02
5.80400e+02
5.80600e+02
5.80700e+02
5.80800e+02
5.80900e+02
5.81200e+02
5.81500e+02
5.81600e+02
5.81800e+02
5.81900e+02
5.82200e+02
5.82300e+02
5.82400e+02
5.82700e+02
5.82800e+02
5.83000e+02
5.83200e+02
5.83400e+02
5.83700e+02
5.83800e+02
5.84400e+02
5.84600e+02
5.84700e+02
5.84800e+02
5.84900e+02
5.85200e+02
5.85500e+02
5.85600e+02
5.85800e+02
5.85900e+02
5.86100e+02
5.86300e+02
5.86500e+02
5.86800e+02
5.87100e+02
5.87300e+02
5.87500e+02
5.87700e+02
5.88000e+02
5.88100e+02
5.88200e+02
5.88500e+02
5.88600e+02
5.88700e+02
5.89000e+02
5.89100e+02
5.89300e+02
5.89500e+02
5.89800e+02
5.90300e+02
5.90500e+02
5.90700e+02
5.90800e+02
5.90900e+02
5.91200e+02
5.91300e+02
5.91500e+02
5.91700e+02
5.91800e+02
5.92200e+02
5.92500e+02
5.92600e+02
5.92800e+02
5.92900e+02
5.93200e+02
5.93500e+02
5.93600e+02
5.93700e+02
5.93800e+02
5.94000e+02
5.94100e+02
5.94200e+02
5.94400e+02
5.94700e+02
5.95000e+02
5.95100e+02
5.95300e+02
5.95500e+02
5.95600e+02
5.95800e+02
5.96500e+02
5.96700e+02
5.97000e+02
5.97100e+02
5.97200e+02
5.97500e+02
5.97600e+02
5.97800e+02
5.98000e+02
5.98100e+02
5.98200e+02
5.98300e+02
5.98500e+02
5.98800e+02
5.99000e+02
5.99200e+02
5.99500e+02
5.99700e+02
5.99900e+02
6.00000e+02
6.00100e+02
6.00200e+02
6.00400e+02
6.00700e+02
6.01000e+02
6.01100e+02
6.01200e+02
6.01500e+02
6.01600e+02
6.01800e+02
6.02000e+02
6.02100e+02
6.02200e+02
6.02300e+02
6.02500e+02
6.02800e+02
6.03000e+02
6.03200e+02
6.03400e+02
6.03600e+02
6.03800e+02
6.04000e+02
6.04200e+02
6.04300e+02
6.04600e+02
6.04800e+02
6.05000e+02
6.05200e+02
6.05500e+02
6.05600e+02
6.05800e+02
6.06000e+02
6.06200e+02
6.06400e+02
6.06600e+02
6.06700e+02
6.06800e+02
6.06900e+02
6.07000e+02
6.07100e+02
6.07200e+02
6.07500e+02
6.07600e+02
6.07700e+02
6.08000e+02
6.08200e+02
6.08400e+02
6.08600e+02
6.08700e+02
6.08800e+02
6.08900e+02
6.09000e+02
6.09300e+02
6.09500e+02
6.09600e+02
6.09700e+02
6.09800e+02
6.09900e+02
6.10000e+02
6.10100e+02
6.10300e+02
6.10400e+02
6.10500e+02
6.10800e+02
6.10900e+02
6.11000e+02
6.11200e+02
6.11400e+02
6.11600e+02
6.11800e+02
6.12000e+02
6.12100e+02
6.12300e+02
6.12500e+02
6.12600e+02
6.12900e+02
6.13000e+02
6.13100e+02
6.13300e+02
6.13500e+02
6.13600e+02
6.13800e+02
6.14200e+02
6.14400e+02
6.14600e+02
6.14800e+02
6.14900e+02
6.15000e+02
6.15200e+02
6.15300e+02
6.15600e+02
6.15700e+02
6.15800e+02
6.15900e+02
6.16000e+02
6.16200e+02
6.16300e+02
6.16400e+02
6.16600e+02
6.16900e+02
6.17100e+02
6.17200e+02
6.17500e+02
6.17600e+02
6.17700e+02
6.18000e+02
6.18100e+02
6.18200e+02
6.18400e+02
6.18600e+02
6.18700e+02
6.18800e+02
6.18900e+02
6.19000e+02
6.19300e+02
6.19500e+02
6.19700e+02
6.19800e+02
6.19900e+02
6.20000e+02
6.20200e+02
6.20300e+02
6.20400e+02
6.20500e+02
6.20800e+02
6.21100e+02
6.21300e+02
6.21500e+02
6.21700e+02
6.21800e+02
6.22000e+02
6.22200e+02
6.22400e+02
6.22700e+02
6.22800e+02
6.22900e+02
6.23000e+02
6.23200e+02
6.23300e+02
6.23600e+02
6.23700e+02
6.23800e+02
6.23900e+02
6.24000e+02
6.24200e+02
6.24300e+02
6.24600e+02
6.24900e+02
6.25100e+02
6.25200e+02
6.25400e+02
6.25500e+02
6.25600e+02
6.25700e+02
6.26000e+02
6.26100e+02
6.26400e+02
6.26500e+02
6.26600e+02
6.26900e+02
6.27000e+02
6.27200e+02
6.27500e+02
6.27600e+02
6.27700e+02
6.27800e+02
6.27900e+02
6.28000e+02
6.28300e+02
6.28500e+02
6.28600e+02
6.28900e+02
6.29000e+02
6.29200e+02
6.29400e+02
6.29600e+02
6.29800e+02
6.30100e+02
6.30400e+02
6.30500e+02
6.30700e+02
6.30800e+02
6.31000e+02
6.31100e+02
6.31300e+02
6.31600e+02
6.31700e+02
6.31800e+02
6.31900e+02
6.32000e+02
6.32200e+02
6.32300e+02
6.32400e+02
6.32700e+02
6.32900e+02
6.33100e+02
6.33300e+02
6.33600e+02
6.33700e+02
6.33900e+02
6.34200e+02
6.34400e+02
6.34600e+02
6.34700e+02
6.34800e+02
6.35000e+02
6.35100e+02
6.35400e+02
6.35600e+02
6.35700e+02
6.35900e+02
6.36000e+02
6.36100e+02
6.36300e+02
6.36400e+02
6.36500e+02
6.36800e+02
6.36900e+02
6.37000e+02
6.37100e+02
6.37200e+02
6.37300e+02
6.37400e+02
6.37500e+02
6.37800e+02
6.38000e+02
6.38200e+02
6.38400e+02
6.38600e+02
6.38900e+02
6.39200e+02
6.39300e+02
6.39400e+02
6.39700e+02
6.40000e+02
6.40100e+02
6.40300e+02
6.40500e+02
6.40600e+02
6.40700e+02
6.40800e+02
6.40900e+02
6.41200e+02
6.41400e+02
6.41600e+02
6.41800e+02
6.41900e+02
6.42000e+02
6.42100e+02
6.42200e+02
6.42300e+02
6.42500e+02
6.42900e+02
6.43100e+02
6.43300e+02
6.43500e+02
6.43700e+02
6.44000e+02
6.44200e+02
6.44500e+02
6.44700e+02
6.44900e+02
6.45200e+02
6.45500e+02
6.45600e+02
6.45700e+02
6.45800e+02
6.46000e+02
6.46100e+02
6.46300e+02
6.46600e+02
6.46800e+02
6.47000e+02
6.47200e+02
6.47400e+02
6.47600e+02
6.47800e+02
6.48000e+02
6.48200e+02
6.48400e+02
6.48500e+02
6.48600e+02
6.48700e+02
6.48800e+02
6.48900e+02
6.49000e+02
6.49200e+02
6.49300e+02
6.49400e+02
6.49600e+02
6.49800e+02
6.49900e+02
6.50100e+02
6.50200e+02
6.50300e+02
6.50400e+02
6.50500e+02
6.50800e+02
6.51100e+02
6.51200e+02
6.51300e+02
6.51400e+02
6.51600e+02
6.51700e+02
6.51800e+02
6.51900e+02
6.52000e+02
6.52100e+02
6.52300e+02
6.52500e+02
6.52700e+02
6.52800e+02
6.53000e+02
6.53200e+02
6.53400e+02
6.53600e+02
6.53700e+02
6.53800e+02
6.54000e+02
6.54100e+02
6.54300e+02
6.54500e+02
6.54600e+02
6.54800e+02
6.55000e+02
6.55200e+02
6.55400e+02
6.55500e+02
6.55600e+02
6.55800e+02
6.56200e+02
6.56400e+02
6.56700e+02
6.56900e+02
6.57000e+02
6.57100e+02
6.57200e+02
6.57300e+02
6.57600e+02
6.57700e+02
6.57800e+02
6.57900e+02
6.58000e+02
6.58100e+02
6.58300e+02
6.58500e+02
6.58700e+02
6.58900e+02
6.59200e+02
6.59400e+02
6.59600e+02
6.59700e+02
6.59800e+02
6.60000e+02
6.60200e+02
6.60400e+02
6.60500e+02
6.60800e+02
6.60900e+02
6.61100e+02
6.61300e+02
6.61500e+02
6.61800e+02
6.62000e+02
6.62200e+02
6.62400e+02
6.62600e+02
6.62900e+02
6.63300e+02
6.63600e+02
6.63800e+02
6.64100e+02
6.64200e+02
6.64400e+02
6.64500e+02
6.64600e+02
6.64700e+02
6.64900e+02
6.65300e+02
6.65500e+02
6.65700e+02
6.65800e+02
6.65900e+02
6.66300e+02
6.66400e+02
6.66600e+02
6.66900e+02
6.67100e+02
6.67300e+02
6.67500e+02
6.67800e+02
6.68000e+02
6.68300e+02
6.68600e+02
6.68700e+02
6.68900e+02
6.69300e+02
6.69500e+02
6.69800e+02
6.70000e+02
6.70200e+02
6.70400e+02
6.70500e+02
6.70700e+02
6.70800e+02
6.71000e+02
6.71200e+02
6.71500e+02
6.71800e+02
6.71900e+02
6.72000e+02
6.72100e+02
6.72200e+02
6.72300e+02
6.72600e+02
6.72700e+02
6.73000e+02
6.73200e+02
6.73300e+02
6.73500e+02
6.73700e+02
6.73800e+02
6.73900e+02
6.74000e+02
6.74200e+02
6.74300e+02
6.74500e+02
6.74600e+02
6.74800e+02
6.74900e+02
6.75200e+02
6.75300e+02
6.75600e+02
6.75700e+02
6.76000e+02
6.76100e+02
6.76300e+02
6.76400e+02
6.76600e+02
6.76700e+02
6.76900e+02
6.77100e+02
6.77200e+02
6.77500e+02
6.77700e+02
6.77800e+02
6.77900e+02
6.78000e+02
6.78200e+02
6.78300e+02
6.78400e+02
6.78500e+02
6.78700e+02
6.79000e+02
6.79200e+02
6.79500e+02
6.79800e+02
6.79900e+02
6.80000e+02
6.80100e+02
6.80200e+02
6.80300e+02
6.80600e+02
6.80700e+02
6.81000e+02
6.81200e+02
6.81300e+02
6.81400e+02
6.81600e+02
6.81700e+02
6.81800e+02
6.81900e+02
6.82300e+02
6.82500e+02
6.82600e+02
6.82800e+02
6.82900e+02
6.83200e+02
6.83300e+02
6.83600e+02
6.83700e+02
6.84000e+02
6.84200e+02
6.84300e+02
6.84500e+02
6.84600e+02
6.84800e+02
6.84900e+02
6.85300e+02
6.85400e+02
6.85500e+02
6.85600e+02
6.85700e+02
6.85900e+02
6.86000e+02
6.86100e+02
6.86200e+02
6.86300e+02
6.86500e+02
6.86600e+02
6.86700e+02
6.86900e+02
6.87000e+02
6.87100e+02
6.87200e+02
6.87300e+02
6.87400e+02
6.87700e+02
6.88000e+02
6.88200e+02
6.88300e+02
6.88500e+02
6.88600e+02
6.88800e+02
6.88900e+02
6.89300e+02
6.89400e+02
6.89500e+02
6.89600e+02
6.89700e+02
6.89800e+02
6.90000e+02
6.90100e+02
6.90200e+02
6.90300e+02
6.90500e+02
6.90600e+02
6.90900e+02
6.91100e+02
6.91200e+02
6.91300e+02
6.91600e+02
6.91800e+02
6.92200e+02
6.92500e+02
6.92700e+02
6.92800e+02
6.92900e+02
6.93200e+02
6.93300e+02
6.93400e+02
6.93700e+02
6.94000e+02
6.94300e+02
6.94600e+02
6.94800e+02
6.94900e+02
6.95000e+02
6.95300e+02
6.95600e+02
6.95800e+02
6.95900e+02
6.96200e+02
6.96300e+02
6.96500e+02
6.96600e+02
6.96900e+02
6.97100e+02
6.97200e+02
6.97300e+02
6.97600e+02
6.97800e+02
6.98200e+02
6.98500e+02
6.98700e+02
6.98800e+02
6.98900e+02
6.99000e+02
6.99200e+02
6.99300e+02
6.99400e+02
6.99700e+02
7.00000e+02
7.00300e+02
7.00500e+02
7.00700e+02
7.01000e+02
7.01200e+02
7.01300e+02
7.01600e+02
7.01800e+02
7.02200e+02
7.02300e+02
7.02400e+02
7.02500e+02
7.02700e+02
7.02800e+02
7.02900e+02
7.03000e+02
7.03200e+02
7.03400e+02
7.03600e+02
7.03800e+02
7.03900e+02
7.04000e+02
7.04100e+02
7.04300e+02
7.04600e+02
7.04800e+02
7.05100e+02
7.05300e+02
7.05500e+02
7.05600e+02
7.05800e+02
7.05900e+02
7.06300e+02
7.06400e+02
7.06700e+02
7.06800e+02
7.06900e+02
7.07000e+02
7.07100e+02
7.07300e+02
7.07500e+02
7.07600e+02
7.07900e+02
7.08300e+02
7.08400e+02
7.08700e+02
7.08800e+02
7.08900e+02
7.09000e+02
7.09200e+02
7.09400e+02
7.09600e+02
7.09800e+02
7.10000e+02
7.10200e+02
7.10400e+02
7.10500e+02
7.10800e+02
7.11200e+02
7.11300e+02
7.11400e+02
7.11500e+02
7.11700e+02
7.11800e+02
7.12000e+02
7.12200e+02
7.12400e+02
7.12500e+02
7.12700e+02
7.12800e+02
7.13000e+02
7.13300e+02
7.13500e+02
7.13600e+02
7.13800e+02
7.13900e+02
7.14300e+02
7.14500e+02
7.14600e+02
7.14700e+02
7.14900e+02
7.15000e+02
7.15300e+02
7.15500e+02
7.15600e+02
7.15800e+02
7.15900e+02
7.16100e+02
7.16200e+02
7.16300e+02
7.16400e+02
7.16700e+02
7.17000e+02
7.17100e+02
7.17300e+02
7.17400e+02
7.17600e+02
7.17900e+02
7.18200e+02
7.18300e+02
7.18500e+02
7.18600e+02
7.18800e+02
7.19000e+02
7.19200e+02
7.19400e+02
7.19600e+02
7.19800e+02
7.19900e+02
7.20000e+02
7.20200e+02
7.20300e+02
7.20500e+02
7.20600e+02
7.20700e+02
7.20900e+02
7.21000e+02
7.21300e+02
7.21500e+02
7.21600e+02
7.21800e+02
7.21900e+02
7.22300e+02
7.22500e+02
7.22600e+02
7.22700e+02
7.22900e+02
7.23000e+02
7.23300e+02
7.23500e+02
7.23600e+02
7.23800e+02
7.23900e+02
7.24100e+02
7.24200e+02
7.24300e+02
7.24400e+02
7.24700e+02
7.25000e+02
7.25100e+02
7.25300e+02
7.25400e+02
7.25600e+02
7.25700e+02
7.25800e+02
7.25900e+02
7.26400e+02
7.26600e+02
7.26700e+02
7.26800e+02
7.27000e+02
7.27100e+02
7.27300e+02
7.27500e+02
7.27600e+02
7.27700e+02
7.27800e+02
7.27900e+02
7.28000e+02
7.28200e+02
7.28400e+02
7.28600e+02
7.28900e+02
7.29200e+02
7.29300e+02
7.29500e+02
7.29700e+02
7.29800e+02
7.30400e+02
7.30600e+02
7.30800e+02
7.30900e+02
7.31000e+02
7.31200e+02
7.31400e+02
7.31500e+02
7.31600e+02
7.31900e+02
7.32000e+02
7.32100e+02
7.32300e+02
7.32500e+02
7.32800e+02
7.32900e+02
7.33100e+02
7.33300e+02
7.33600e+02
7.33800e+02
7.34300e+02
7.34500e+02
7.34800e+02
7.34900e+02
7.35000e+02
7.35300e+02
7.35400e+02
7.35500e+02
7.35700e+02
7.35800e+02
7.35900e+02
7.36000e+02
7.36200e+02
7.36400e+02
7.36500e+02
7.36800e+02
7.37000e+02
7.37200e+02
7.37400e+02
7.37600e+02
7.37800e+02
7.38400e+02
7.38500e+02
7.38800e+02
7.38900e+02
7.39000e+02
7.39300e+02
7.39400e+02
7.39500e+02
7.39700e+02
7.39800e+02
7.39900e+02
7.40000e+02
7.40100e+02
7.40400e+02
7.40700e+02
7.40800e+02
7.41100e+02
7.41300e+02
7.41400e+02
7.41700e+02
7.41800e+02
7.41900e+02
7.42300e+02
7.42500e+02
7.42600e+02
7.42700e+02
7.42800e+02
7.42900e+02
7.43000e+02
7.43100e+02
7.43200e+02
7.43400e+02
7.43500e+02
7.43600e+02
7.43700e+02
7.43800e+02
7.44000e+02
7.44200e+02
7.44400e+02
7.44500e+02
7.44600e+02
7.44700e+02
7.44900e+02
7.45200e+02
7.45400e+02
7.45500e+02
7.45600e+02
7.45700e+02
7.45800e+02
7.46000e+02
7.46200e+02
7.46500e+02
7.46600e+02
7.46900e+02
7.47000e+02
7.47200e+02
7.47400e+02
7.47600e+02
7.47700e+02
7.47900e+02
7.48000e+02
7.48200e+02
7.48400e+02
7.48500e+02
7.48600e+02
7.48700e+02
7.48900e+02
7.49000e+02
7.49100e+02
7.49200e+02
7.49400e+02
7.49500e+02
7.49600e+02
7.49700e+02
7.49800e+02
7.50000e+02
7.50200e+02
7.50400e+02
7.50500e+02
7.50600e+02
7.50900e+02
7.51200e+02
7.51300e+02
7.51500e+02
7.51600e+02
7.51900e+02
7.52000e+02
7.52200e+02
7.52300e+02
7.52500e+02
7.52600e+02
7.52800e+02
7.53000e+02
7.53200e+02
7.53400e+02
7.53600e+02
7.53700e+02
7.53900e+02
7.54000e+02
7.54200e+02
7.54300e+02
7.54400e+02
7.54500e+02
7.54700e+02
7.54900e+02
7.55200e+02
7.55400e+02
7.55500e+02
7.55600e+02
7.55700e+02
7.55800e+02
7.55900e+02
7.56000e+02
7.56100e+02
7.56200e+02
7.56400e+02
7.56500e+02
7.56600e+02
7.56900e+02
7.57200e+02
7.57400e+02
7.57600e+02
7.57700e+02
7.57900e+02
7.58000e+02
7.58100e+02
7.58200e+02
7.58400e+02
7.58500e+02
7.58600e+02
7.58900e+02
7.59200e+02
7.59400e+02
7.59600e+02
7.59700e+02
7.59900e+02
7.60000e+02
7.60100e+02
7.60200e+02
7.60400e+02
7.60500e+02
7.60600e+02
7.60900e+02
7.61100e+02
7.61200e+02
7.61300e+02
7.61500e+02
7.61600e+02
7.61900e+02
7.62000e+02
7.62200e+02
7.62400e+02
7.62700e+02
7.62800e+02
7.62900e+02
7.63000e+02
7.63200e+02
7.63400e+02
7.63600e+02
7.63700e+02
7.63900e+02
7.64000e+02
7.64100e+02
7.64200e+02
7.64400e+02
7.64500e+02
7.64600e+02
7.64900e+02
7.65100e+02
7.65200e+02
7.65400e+02
7.65600e+02
7.65900e+02
7.66000e+02
7.66200e+02
7.66400e+02
7.66700e+02
7.66800e+02
7.66900e+02
7.67000e+02
7.67200e+02
7.67300e+02
7.67400e+02
7.67600e+02
7.67900e+02
7.68300e+02
7.68400e+02
7.68700e+02
7.68800e+02
7.68900e+02
7.69000e+02
7.69200e+02
7.69400e+02
7.69600e+02
7.69700e+02
7.69900e+02
7.70000e+02
7.70100e+02
7.70300e+02
7.70400e+02
7.70500e+02
7.70700e+02
7.70900e+02
7.71200e+02
7.71400e+02
7.71500e+02
7.71800e+02
7.72400e+02
7.72700e+02
7.72900e+02
7.73000e+02
7.73100e+02
7.73200e+02
7.73400e+02
7.73500e+02
7.73800e+02
7.74200e+02
7.74400e+02
7.74700e+02
7.74900e+02
7.75300e+02
7.75400e+02
7.75700e+02
7.75800e+02
7.75900e+02
7.76300e+02
7.76500e+02
7.76600e+02
7.76700e+02
7.76900e+02
7.77000e+02
7.77100e+02
7.77200e+02
7.77400e+02
7.77500e+02
7.77600e+02
7.77700e+02
7.77800e+02
7.77900e+02
7.78000e+02
7.78100e+02
7.78200e+02
7.78500e+02
7.78600e+02
7.78700e+02
7.78800e+02
7.79000e+02
7.79200e+02
7.79400e+02
7.79600e+02
7.79700e+02
7.79900e+02
7.80000e+02
7.80100e+02
7.80300e+02
7.80400e+02
7.80500e+02
7.80700e+02
7.80900e+02
7.81200e+02
7.81400e+02
7.81500e+02
7.81600e+02
7.81900e+02
7.82100e+02
7.82300e+02
7.82500e+02
7.82600e+02
7.82800e+02
7.82900e+02
7.83300e+02
7.83400e+02
7.83600e+02
7.83800e+02
7.83900e+02
7.84300e+02
7.84500e+02
7.84600e+02
7.84700e+02
7.84900e+02
7.85000e+02
7.85100e+02
7.85200e+02
7.85400e+02
7.85500e+02
7.85600e+02
7.85700e+02
7.85800e+02
7.85900e+02
7.86000e+02
7.86100e+02
7.86200e+02
7.86400e+02
7.86500e+02
7.86600e+02
7.86700e+02
7.87000e+02
7.87200e+02
7.87400e+02
7.87600e+02
7.87900e+02
7.88200e+02
7.88400e+02
7.88500e+02
7.88700e+02
7.88800e+02
7.88900e+02
7.89300e+02
7.89400e+02
7.89500e+02
7.89800e+02
7.90400e+02
7.90500e+02
7.90700e+02
7.90800e+02
7.90900e+02
7.91100e+02
7.91300e+02
7.91500e+02
7.91600e+02
7.91700e+02
7.91800e+02
7.91900e+02
7.92000e+02
7.92200e+02
7.92300e+02
7.92400e+02
7.92700e+02
7.93000e+02
7.93100e+02
7.93200e+02
7.93400e+02
7.93700e+02
7.94000e+02
7.94200e+02
7.94300e+02
7.94500e+02
7.94600e+02
7.94800e+02
7.95000e+02
7.95100e+02
7.95200e+02
7.95400e+02
7.95500e+02
7.95600e+02
7.95800e+02
7.95900e+02
7.96000e+02
7.96200e+02
7.96300e+02
7.96400e+02
7.96500e+02
7.96700e+02
7.96900e+02
7.97000e+02
7.97100e+02
7.97200e+02
7.97300e+02
7.97500e+02
7.97600e+02
7.97700e+02
7.97800e+02
7.97900e+02
7.98000e+02
7.98100e+02
7.98200e+02
7.98300e+02
7.98400e+02
7.98700e+02
7.99000e+02
7.99100e+02
7.99200e+02
7.99400e+02
7.99600e+02
7.99700e+02
7.99900e+02
8.00300e+02
8.00500e+02
8.00600e+02
8.00800e+02
8.01000e+02
8.01100e+02
8.01200e+02
8.01400e+02
8.01600e+02
8.01700e+02
8.01900e+02
8.02300e+02
8.02500e+02
8.02600e+02
8.02800e+02
8.03000e+02
8.03100e+02
8.03200e+02
8.03300e+02
8.03400e+02
8.03600e+02
8.03800e+02
8.04000e+02
8.04100e+02
8.04400e+02
8.04600e+02
8.04800e+02
8.04900e+02
8.05000e+02
8.05300e+02
8.05400e+02
8.05600e+02
8.05800e+02
8.06000e+02
8.06200e+02
8.06300e+02
8.06500e+02
8.06600e+02
8.06900e+02
8.07000e+02
8.07100e+02
8.07200e+02
8.07300e+02
8.07400e+02
8.07600e+02
8.07700e+02
8.07800e+02
8.07900e+02
8.08000e+02
8.08200e+02
8.08300e+02
8.08500e+02
8.08600e+02
8.08900e+02
8.09000e+02
8.09100e+02
8.09200e+02
8.09300e+02
8.09400e+02
8.09700e+02
8.09900e+02
8.10400e+02
8.10600e+02
8.10800e+02
8.10900e+02
8.11000e+02
8.11300e+02
8.11400e+02
8.11600e+02
8.11800e+02
8.12000e+02
8.12200e+02
8.12400e+02
8.12500e+02
8.12600e+02
8.12900e+02
8.13000e+02
8.13100e+02
8.13200e+02
8.13300e+02
8.13400e+02
8.13700e+02
8.13800e+02
8.13900e+02
8.14000e+02
8.14200e+02
8.14300e+02
8.14500e+02
8.14600e+02
8.14900e+02
8.15000e+02
8.15300e+02
8.15400e+02
8.15600e+02
8.15800e+02
8.16000e+02
8.16200e+02
8.16300e+02
8.16500e+02
8.16600e+02
8.16900e+02
8.17000e+02
8.17100e+02
8.17200e+02
8.17300e+02
8.17400e+02
8.17700e+02
8.17900e+02
8.18400e+02
8.18600e+02
8.18800e+02
8.18900e+02
8.19000e+02
8.19300e+02
8.19400e+02
8.19600e+02
8.19800e+02
8.20000e+02
8.20200e+02
8.20300e+02
8.20500e+02
8.20600e+02
8.20900e+02
8.21000e+02
8.21300e+02
8.21400e+02
8.21600e+02
8.21800e+02
8.22000e+02
8.22200e+02
8.22400e+02
8.22500e+02
8.22600e+02
8.22900e+02
8.23000e+02
8.23100e+02
8.23200e+02
8.23300e+02
8.23400e+02
8.23600e+02
8.23700e+02
8.23800e+02
8.23900e+02
8.24000e+02
8.24200e+02
8.24300e+02
8.24500e+02
8.24600e+02
8.24900e+02
8.25000e+02
8.25100e+02
8.25200e+02
8.25300e+02
8.25400e+02
8.25700e+02
8.25900e+02
8.26400e+02
8.26600e+02
8.26800e+02
8.26900e+02
8.27000e+02
8.27300e+02
8.27400e+02
8.27600e+02
8.27800e+02
8.28000e+02
8.28200e+02
8.28300e+02
8.28500e+02
8.28600e+02
8.28900e+02
8.29000e+02
8.29300e+02
8.29400e+02
8.29600e+02
8.29800e+02
8.30000e+02
8.30200e+02
8.30400e+02
8.30500e+02
8.30600e+02
8.30900e+02
8.31000e+02
8.31100e+02
8.31200e+02
8.31500e+02
8.31800e+02
8.31900e+02
8.32000e+02
8.32300e+02
8.32400e+02
8.32600e+02
8.32800e+02
8.32900e+02
8.33000e+02
8.33100e+02
8.33200e+02
8.33300e+02
8.33400e+02
8.33600e+02
8.33700e+02
8.33900e+02
8.34000e+02
8.34200e+02
8.34300e+02
8.34500e+02
8.34600e+02
8.34900e+02
8.35000e+02
8.35100e+02
8.35200e+02
8.35300e+02
8.35400e+02
8.35700e+02
8.35900e+02
8.36200e+02
8.36300e+02
8.36500e+02
8.36600e+02
8.36800e+02
8.36900e+02
8.37000e+02
8.37100e+02
8.37200e+02
8.37400e+02
8.37500e+02
8.37600e+02
8.37800e+02
8.37900e+02
8.38000e+02
8.38200e+02
8.38300e+02
8.38400e+02
8.38700e+02
8.38800e+02
8.39100e+02
8.39200e+02
8.39300e+02
8.39400e+02
8.39600e+02
8.39800e+02
8.39900e+02
8.40000e+02
8.40100e+02
8.40200e+02
8.40400e+02
8.40600e+02
8.40800e+02
8.40900e+02
8.41000e+02
8.41100e+02
8.41200e+02
8.41300e+02
8.41400e+02
8.41700e+02
8.41900e+02
8.42200e+02
8.42300e+02
8.42500e+02
8.42600e+02
8.42800e+02
8.42900e+02
8.43000e+02
8.43100e+02
8.43200e+02
8.43400e+02
8.43500e+02
8.43600e+02
8.43800e+02
8.43900e+02
8.44000e+02
8.44200e+02
8.44300e+02
8.44400e+02
8.44500e+02
8.44800e+02
8.44900e+02
8.45000e+02
8.45100e+02
8.45200e+02
8.45300e+02
8.45400e+02
8.45500e+02
8.45700e+02
8.45800e+02
8.45900e+02
8.46000e+02
8.46100e+02
8.46300e+02
8.46400e+02
8.46500e+02
8.46800e+02
8.47000e+02
8.47100e+02
8.47400e+02
8.47500e+02
8.47800e+02
8.48200e+02
8.48400e+02
8.48700e+02
8.48800e+02
8.49000e+02
8.49100e+02
8.49200e+02
8.49400e+02
8.49600e+02
8.49900e+02
8.50000e+02
8.50200e+02
8.50500e+02
8.50700e+02
8.50800e+02
8.50900e+02
8.51000e+02
8.51100e+02
8.51300e+02
8.51400e+02
8.51500e+02
8.51700e+02
8.51800e+02
8.51900e+02
8.52000e+02
8.52200e+02
8.52300e+02
8.52400e+02
8.52500e+02
8.52700e+02
8.52800e+02
8.53000e+02
8.53100e+02
8.53200e+02
8.53300e+02
8.53400e+02
8.53500e+02
8.53800e+02
8.54200e+02
8.54400e+02
8.54700e+02
8.54800e+02
8.55000e+02
8.55200e+02
8.55400e+02
8.55600e+02
8.55700e+02
8.55900e+02
8.56000e+02
8.56200e+02
8.56400e+02
8.56500e+02
8.56700e+02
8.56900e+02
8.57200e+02
8.57400e+02
8.57500e+02
8.57600e+02
8.57700e+02
8.57800e+02
8.58000e+02
8.58200e+02
8.58500e+02
8.58600e+02
8.58700e+02
8.58800e+02
8.59000e+02
8.59200e+02
8.59400e+02
8.59600e+02
8.59700e+02
8.59900e+02
8.60000e+02
8.60200e+02
8.60400e+02
8.60500e+02
8.60700e+02
8.60900e+02
8.61200e+02
8.61400e+02
8.61500e+02
8.61800e+02
8.62200e+02
8.62300e+02
8.62500e+02
8.62600e+02
8.62700e+02
8.62900e+02
8.63100e+02
8.63300e+02
8.63500e+02
8.63600e+02
8.63700e+02
8.63800e+02
8.63900e+02
8.64000e+02
8.64100e+02
8.64300e+02
8.64500e+02
8.64700e+02
8.64800e+02
8.65200e+02
8.65300e+02
8.65400e+02
8.65600e+02
8.65800e+02
8.66300e+02
8.66500e+02
8.66600e+02
8.66800e+02
8.66900e+02
8.67000e+02
8.67200e+02
8.67300e+02
8.67400e+02
8.67600e+02
8.67800e+02
8.68200e+02
8.68500e+02
8.68600e+02
8.68800e+02
8.68900e+02
8.69000e+02
8.69200e+02
8.69400e+02
8.69500e+02
8.69600e+02
8.69700e+02
8.69800e+02
8.69900e+02
8.70000e+02
8.70200e+02
8.70300e+02
8.70500e+02
8.70600e+02
8.70800e+02
8.70900e+02
8.71500e+02
8.71700e+02
8.71800e+02
8.71900e+02
8.72000e+02
8.72100e+02
8.72200e+02
8.72500e+02
8.72600e+02
8.72700e+02
8.72900e+02
8.73200e+02
8.73400e+02
8.73500e+02
8.73600e+02
8.73700e+02
8.73800e+02
8.73900e+02
8.74000e+02
8.74200e+02
8.74300e+02
8.74500e+02
8.74800e+02
8.74900e+02
8.75200e+02
8.75300e+02
8.75500e+02
8.75600e+02
8.75900e+02
8.76200e+02
8.76300e+02
8.76500e+02
8.76600e+02
8.76700e+02
8.76800e+02
8.77000e+02
8.77300e+02
8.77400e+02
8.77500e+02
8.77700e+02
8.77800e+02
8.77900e+02
8.78300e+02
8.78500e+02
8.78800e+02
8.78900e+02
8.79500e+02
8.79700e+02
8.79800e+02
8.79900e+02
8.80000e+02
8.80100e+02
8.80200e+02
8.80500e+02
8.80600e+02
8.80700e+02
8.80900e+02
8.81200e+02
8.81400e+02
8.81500e+02
8.81700e+02
8.81800e+02
8.81900e+02
8.82000e+02
8.82200e+02
8.82300e+02
8.82500e+02
8.82800e+02
8.82900e+02
8.83200e+02
8.83300e+02
8.83500e+02
8.83600e+02
8.83900e+02
8.84400e+02
8.84600e+02
8.84700e+02
8.84800e+02
8.85000e+02
8.85200e+02
8.85300e+02
8.85500e+02
8.85600e+02
8.85900e+02
8.86300e+02
8.86500e+02
8.86600e+02
8.86800e+02
8.86900e+02
8.87000e+02
8.87400e+02
8.87500e+02
8.87600e+02
8.87700e+02
8.87800e+02
8.87900e+02
8.88100e+02
8.88200e+02
8.88400e+02
8.88500e+02
8.88600e+02
8.88800e+02
8.88900e+02
8.89000e+02
8.89100e+02
8.89200e+02
8.89500e+02
8.89800e+02
8.90000e+02
8.90300e+02
8.90600e+02
8.90800e+02
8.91000e+02
8.91200e+02
8.91300e+02
8.91400e+02
8.91700e+02
8.91800e+02
8.91900e+02
8.92000e+02
8.92200e+02
8.92300e+02
8.92400e+02
8.92600e+02
8.92900e+02
8.93200e+02
8.93300e+02
8.93600e+02
8.93700e+02
8.93800e+02
8.93900e+02
8.94300e+02
8.94500e+02
8.94600e+02
8.94800e+02
8.95000e+02
8.95100e+02
8.95200e+02
8.95500e+02
8.95800e+02
8.96000e+02
8.96300e+02
8.96600e+02
8.96800e+02
8.97000e+02
8.97200e+02
8.97400e+02
8.97600e+02
8.97900e+02
8.98400e+02
8.98700e+02
8.98900e+02
8.99000e+02
8.99100e+02
8.99200e+02
8.99500e+02
8.99600e+02
8.99900e+02
9.00000e+02
9.00300e+02
9.00600e+02
9.00900e+02
9.01100e+02
9.01200e+02
9.01300e+02
9.01400e+02
9.01700e+02
9.01800e+02
9.01900e+02
9.02000e+02
9.02200e+02
9.02300e+02
9.02400e+02
9.02600e+02
9.02900e+02
9.03200e+02
9.03400e+02
9.03600e+02
9.03900e+02
9.04400e+02
9.04700e+02
9.04900e+02
9.05000e+02
9.05100e+02
9.05200e+02
9.05300e+02
9.05400e+02
9.05600e+02
9.05700e+02
9.06000e+02
9.06100e+02
9.06300e+02
9.06500e+02
9.06800e+02
9.07000e+02
9.07200e+02
9.07400e+02
9.07700e+02
9.08000e+02
9.08300e+02
9.08500e+02
9.08600e+02
9.08900e+02
9.09000e+02
9.09200e+02
9.09300e+02
9.09500e+02
9.09600e+02
9.09900e+02
9.10300e+02
9.10400e+02
9.10600e+02
9.10700e+02
9.10800e+02
9.11000e+02
9.11300e+02
9.11500e+02
9.11700e+02
9.11800e+02
9.11900e+02
9.12000e+02
9.12200e+02
9.12300e+02
9.12500e+02
9.12900e+02
9.13000e+02
9.13200e+02
9.13300e+02
9.13500e+02
9.13600e+02
9.13900e+02
9.14000e+02
9.14300e+02
9.14500e+02
9.14600e+02
9.14900e+02
9.15000e+02
9.15200e+02
9.15400e+02
9.15700e+02
9.16000e+02
9.16300e+02
9.16400e+02
9.16600e+02
9.16700e+02
9.16800e+02
9.17000e+02
9.17200e+02
9.17300e+02
9.17500e+02
9.17600e+02
9.17900e+02
9.18100e+02
9.18300e+02
9.18500e+02
9.18600e+02
9.18900e+02
9.19000e+02
9.19300e+02
9.19500e+02
9.19600e+02
9.19800e+02
9.19900e+02
9.20100e+02
9.20200e+02
9.20400e+02
9.20500e+02
9.20600e+02
9.20800e+02
9.21000e+02
9.21100e+02
9.21200e+02
9.21300e+02
9.21400e+02
9.21600e+02
9.21700e+02
9.22000e+02
9.22200e+02
9.22300e+02
9.22500e+02
9.22800e+02
9.23000e+02
9.23300e+02
9.23500e+02
9.23600e+02
9.23800e+02
9.23900e+02
9.24100e+02
9.24200e+02
9.24400e+02
9.24500e+02
9.24600e+02
9.24800e+02
9.25000e+02
9.25100e+02
9.25200e+02
9.25500e+02
9.25800e+02
9.25900e+02
9.26000e+02
9.26200e+02
9.26300e+02
9.26500e+02
9.26700e+02
9.26800e+02
9.27000e+02
9.27100e+02
9.27200e+02
9.27500e+02
9.27800e+02
9.27900e+02
9.28000e+02
9.28300e+02
9.28600e+02
9.28700e+02
9.28800e+02
9.29000e+02
9.29200e+02
9.29300e+02
9.29400e+02
9.29700e+02
9.29800e+02
9.29900e+02
9.30000e+02
9.30200e+02
9.30300e+02
9.30400e+02
9.30600e+02
9.30900e+02
9.31200e+02
9.31300e+02
9.31600e+02
9.31700e+02
9.31800e+02
9.31900e+02
9.32000e+02
9.32300e+02
9.32600e+02
9.32700e+02
9.32800e+02
9.33000e+02
9.33200e+02
9.33300e+02
9.33400e+02
9.33700e+02
9.33800e+02
9.33900e+02
9.34000e+02
9.34200e+02
9.34400e+02
9.34500e+02
9.34600e+02
9.34700e+02
9.35100e+02
9.35200e+02
9.35400e+02
9.35600e+02
9.35800e+02
9.36400e+02
9.36600e+02
9.36700e+02
9.36800e+02
9.37000e+02
9.37100e+02
9.37200e+02
9.37300e+02
9.37600e+02
9.37800e+02
9.37900e+02
9.38100e+02
9.38200e+02
9.38300e+02
9.38400e+02
9.38600e+02
9.38900e+02
9.39000e+02
9.39200e+02
9.39300e+02
9.39500e+02
9.39700e+02
9.39800e+02
9.39900e+02
9.40000e+02
9.40300e+02
9.40600e+02
9.40700e+02
9.40800e+02
9.40900e+02
9.41100e+02
9.41200e+02
9.41300e+02
9.41400e+02
9.41700e+02
9.41800e+02
9.41900e+02
9.42000e+02
9.42100e+02
9.42200e+02
9.42300e+02
9.42400e+02
9.42600e+02
9.42900e+02
9.43000e+02
9.43200e+02
9.43300e+02
9.43400e+02
9.43600e+02
9.43700e+02
9.43800e+02
9.43900e+02
9.44000e+02
9.44200e+02
9.44300e+02
9.44500e+02
9.44700e+02
9.44800e+02
9.45000e+02
9.45100e+02
9.45200e+02
9.45400e+02
9.45700e+02
9.45900e+02
9.46000e+02
9.46300e+02
9.46600e+02
9.46700e+02
9.46800e+02
9.46900e+02
9.47300e+02
9.47400e+02
9.47600e+02
9.47700e+02
9.47800e+02
9.47900e+02
9.48000e+02
9.48300e+02
9.48600e+02
9.48800e+02
9.48900e+02
9.49300e+02
9.49400e+02
9.49600e+02
9.49700e+02
9.49800e+02
9.49900e+02
9.50000e+02
9.50200e+02
9.50300e+02
9.50500e+02
9.50700e+02
9.50800e+02
9.51000e+02
9.51100e+02
9.51200e+02
9.51400e+02
9.51700e+02
9.51900e+02
9.52000e+02
9.52300e+02
9.52600e+02
9.52800e+02
9.52900e+02
9.53200e+02
9.53300e+02
9.53400e+02
9.53500e+02
9.53600e+02
9.53700e+02
9.53800e+02
9.53900e+02
9.54000e+02
9.54100e+02
9.54200e+02
9.54300e+02
9.54400e+02
9.54500e+02
9.54800e+02
9.54900e+02
9.55000e+02
9.55200e+02
9.55300e+02
9.55400e+02
9.55600e+02
9.55700e+02
9.55800e+02
9.55900e+02
9.56000e+02
9.56300e+02
9.56600e+02
9.56800e+02
9.56900e+02
9.57200e+02
9.57300e+02
9.57400e+02
9.57500e+02
9.57600e+02
9.57700e+02
9.57800e+02
9.57900e+02
9.58000e+02
9.58100e+02
9.58400e+02
9.58500e+02
9.58700e+02
9.58800e+02
9.58900e+02
9.59000e+02
9.59100e+02
9.59200e+02
9.59300e+02
9.59400e+02
9.59500e+02
9.59700e+02
9.59800e+02
9.59900e+02
9.60200e+02
9.60300e+02
9.60400e+02
9.60600e+02
9.60700e+02
9.60800e+02
9.60900e+02
9.61000e+02
9.61200e+02
9.61300e+02
9.61500e+02
9.61700e+02
9.61800e+02
9.61900e+02
9.62000e+02
9.62300e+02
9.62600e+02
9.62800e+02
9.62900e+02
9.63000e+02
9.63200e+02
9.63300e+02
9.63500e+02
9.63700e+02
9.63800e+02
9.63900e+02
9.64000e+02
9.64200e+02
9.64400e+02
9.64700e+02
9.64900e+02
9.65000e+02
9.65100e+02
9.65200e+02
9.65300e+02
9.65400e+02
9.65600e+02
9.65700e+02
9.65900e+02
9.66000e+02
9.66200e+02
9.66300e+02
9.66400e+02
9.66600e+02
9.66900e+02
9.67200e+02
9.67400e+02
9.67500e+02
9.67600e+02
9.67800e+02
9.67900e+02
9.68100e+02
9.68200e+02
9.68400e+02
9.68500e+02
9.68600e+02
9.68800e+02
9.69000e+02
9.69100e+02
9.69200e+02
9.69300e+02
9.69600e+02
9.69900e+02
9.70000e+02
9.70300e+02
9.70400e+02
9.70500e+02
9.70700e+02
9.70900e+02
9.71200e+02
9.71300e+02
9.71400e+02
9.71700e+02
9.71800e+02
9.71900e+02
9.72000e+02
9.72100e+02
9.72300e+02
9.72400e+02
9.72500e+02
9.72700e+02
9.73000e+02
9.73300e+02
9.73600e+02
9.73800e+02
9.73900e+02
9.74300e+02
9.74400e+02
9.74500e+02
9.74700e+02
9.75100e+02
9.75200e+02
9.75400e+02
9.75500e+02
9.75800e+02
9.76100e+02
9.76300e+02
9.76500e+02
9.76700e+02
9.76900e+02
9.77000e+02
9.77200e+02
9.77300e+02
9.77500e+02
9.77600e+02
9.77800e+02
9.77900e+02
9.78000e+02
9.78200e+02
9.78500e+02
9.78600e+02
9.78700e+02
9.78800e+02
9.78900e+02
9.79300e+02
9.79500e+02
9.79600e+02
9.79700e+02
9.79800e+02
9.79900e+02
9.80200e+02
9.80500e+02
9.80600e+02
9.80700e+02
9.80800e+02
9.80900e+02
9.81200e+02
9.81500e+02
9.81700e+02
9.81800e+02
9.82100e+02
9.82300e+02
9.82500e+02
9.82700e+02
9.82800e+02
9.83000e+02
9.83100e+02
9.83300e+02
9.83500e+02
9.83700e+02
9.83900e+02
9.84000e+02
9.84200e+02
9.84400e+02
9.84500e+02
9.84800e+02
9.85500e+02
9.85700e+02
9.85900e+02
9.86000e+02
9.86100e+02
9.86300e+02
9.86500e+02
9.86600e+02
9.86800e+02
9.87000e+02
9.87200e+02
9.87400e+02
9.87700e+02
9.88000e+02
9.88100e+02
9.88300e+02
9.88500e+02
9.88700e+02
9.88800e+02
9.89000e+02
9.89200e+02
9.89300e+02
9.89400e+02
9.89600e+02
9.89800e+02
9.90000e+02
9.90300e+02
9.90400e+02
9.90600e+02
9.90800e+02
9.90900e+02
9.91200e+02
9.91400e+02
9.91700e+02
9.92000e+02
9.92100e+02
9.92300e+02
9.92500e+02
9.92700e+02
9.92900e+02
9.93000e+02
9.93200e+02
9.93500e+02
9.93800e+02
9.93900e+02
9.94000e+02
9.94100e+02
9.94300e+02
9.94400e+02
9.94600e+02
9.94800e+02
9.95000e+02
9.95100e+02
9.95200e+02
9.95300e+02
9.95500e+02
9.95600e+02
9.95700e+02
9.96000e+02
9.96100e+02
9.96200e+02
9.96300e+02
9.96500e+02
9.96600e+02
9.96800e+02
9.96900e+02
9.97000e+02
9.97200e+02
9.97300e+02
9.97600e+02
9.97800e+02
9.97900e+02
9.98000e+02
9.98100e+02
9.98300e+02
9.98400e+02
9.98700e+02
9.99000e+02
9.99100e+02
9.99300e+02
9.99500e+02
9.99700e+02
9.99800e+02
1.00010e+03
1.00020e+03
1.00040e+03
1.00070e+03
1.00100e+03
1.00120e+03
1.00130e+03
1.00150e+03
1.00180e+03
1.00200e+03
1.00230e+03
1.00250e+03
1.00280e+03
1.00300e+03
1.00310e+03
1.00330e+03
1.00350e+03
1.00370e+03
1.00400e+03
1.00430e+03
1.00440e+03
1.00470e+03
1.00500e+03
1.00530e+03
1.00550e+03
1.00570e+03
1.00580e+03
1.00590e+03
1.00600e+03
1.00620e+03
1.00630e+03
1.00640e+03
1.00650e+03
1.00680e+03
1.00710e+03
1.00740e+03
1.00750e+03
1.00780e+03
1.00800e+03
1.00810e+03
1.00820e+03
1.00840e+03
1.00870e+03
1.00900e+03
1.00940e+03
1.00960e+03
1.00970e+03
1.00980e+03
1.00990e+03
1.01000e+03
1.01020e+03
1.01040e+03
1.01060e+03
1.01070e+03
1.01090e+03
1.01100e+03
1.01110e+03
1.01130e+03
1.01160e+03
1.01180e+03
1.01190e+03
1.01200e+03
1.01210e+03
1.01220e+03
1.01250e+03
1.01270e+03
1.01290e+03
1.01300e+03
1.01320e+03
1.01340e+03
1.01360e+03
1.01370e+03
1.01390e+03
1.01400e+03
1.01420e+03
1.01430e+03
1.01440e+03
1.01460e+03
1.01470e+03
1.01490e+03
1.01500e+03
1.01530e+03
1.01550e+03
1.01580e+03
1.01600e+03
1.01620e+03
1.01640e+03
1.01650e+03
1.01660e+03
1.01690e+03
1.01720e+03
1.01740e+03
1.01760e+03
1.01770e+03
1.01780e+03
1.01790e+03
1.01800e+03
1.01820e+03
1.01830e+03
1.01850e+03
1.01860e+03
1.01880e+03
1.01900e+03
1.01910e+03
1.01940e+03
1.01960e+03
1.01980e+03
1.01990e+03
1.02000e+03
1.02020e+03
1.02030e+03
1.02040e+03
1.02060e+03
1.02090e+03
1.02130e+03
1.02140e+03
1.02160e+03
1.02170e+03
1.02180e+03
1.02190e+03
1.02200e+03
1.02220e+03
1.02240e+03
1.02260e+03
1.02270e+03
1.02290e+03
1.02340e+03
1.02360e+03
1.02380e+03
1.02390e+03
1.02400e+03
1.02410e+03
1.02430e+03
1.02440e+03
1.02460e+03
1.02490e+03
1.02510e+03
1.02520e+03
1.02530e+03
1.02540e+03
1.02560e+03
1.02580e+03
1.02600e+03
1.02610e+03
1.02620e+03
1.02630e+03
1.02640e+03
1.02670e+03
1.02690e+03
1.02700e+03
1.02740e+03
1.02760e+03
1.02770e+03
1.02780e+03
1.02790e+03
1.02800e+03
1.02810e+03
1.02820e+03
1.02840e+03
1.02860e+03
1.02870e+03
1.02890e+03
1.02910e+03
1.02940e+03
1.02970e+03
1.02990e+03
1.03050e+03
1.03060e+03
1.03070e+03
1.03080e+03
1.03100e+03
1.03120e+03
1.03140e+03
1.03170e+03
1.03190e+03
1.03250e+03
1.03260e+03
1.03280e+03
1.03300e+03
1.03310e+03
1.03340e+03
1.03360e+03
1.03370e+03
1.03390e+03
1.03400e+03
1.03420e+03
1.03440e+03
1.03460e+03
1.03470e+03
1.03490e+03
1.03510e+03
1.03540e+03
1.03570e+03
1.03590e+03
1.03650e+03
1.03660e+03
1.03670e+03
1.03680e+03
1.03700e+03
1.03730e+03
1.03750e+03
1.03780e+03
1.03790e+03
1.03800e+03
1.03810e+03
1.03830e+03
1.03840e+03
1.03850e+03
1.03880e+03
1.03900e+03
1.03910e+03
1.03930e+03
1.03960e+03
1.03980e+03
1.03990e+03
1.04000e+03
1.04010e+03
1.04020e+03
1.04040e+03
1.04050e+03
1.04080e+03
1.04100e+03
1.04120e+03
1.04140e+03
1.04170e+03
1.04190e+03
1.04200e+03
1.04220e+03
1.04240e+03
1.04260e+03
1.04270e+03
1.04290e+03
1.04310e+03
1.04330e+03
1.04340e+03
1.04370e+03
1.04380e+03
1.04400e+03
1.04420e+03
1.04430e+03
1.04440e+03
1.04450e+03
1.04470e+03
1.04490e+03
1.04500e+03
1.04520e+03
1.04550e+03
1.04560e+03
1.04570e+03
1.04580e+03
1.04590e+03
1.04600e+03
1.04610e+03
1.04620e+03
1.04630e+03
1.04650e+03
1.04680e+03
1.04700e+03
1.04720e+03
1.04740e+03
1.04770e+03
1.04780e+03
1.04800e+03
1.04820e+03
1.04840e+03
1.04850e+03
1.04860e+03
1.04870e+03
1.04880e+03
1.04900e+03
1.04910e+03
1.04930e+03
1.04950e+03
1.04970e+03
1.04980e+03
1.05000e+03
1.05020e+03
1.05040e+03
1.05060e+03
1.05080e+03
1.05100e+03
1.05110e+03
1.05150e+03
1.05170e+03
1.05200e+03
1.05220e+03
1.05240e+03
1.05260e+03
1.05270e+03
1.05280e+03
1.05300e+03
1.05310e+03
1.05320e+03
1.05340e+03
1.05360e+03
1.05370e+03
1.05380e+03
1.05400e+03
1.05420e+03
1.05440e+03
1.05450e+03
1.05480e+03
1.05500e+03
1.05510e+03
1.05550e+03
1.05570e+03
1.05600e+03
1.05620e+03
1.05640e+03
1.05660e+03
1.05670e+03
1.05690e+03
1.05700e+03
1.05710e+03
1.05750e+03
1.05770e+03
1.05800e+03
1.05820e+03
1.05840e+03
1.05850e+03
1.05870e+03
1.05880e+03
1.05900e+03
1.05920e+03
1.05940e+03
1.05950e+03
1.05990e+03
1.06010e+03
1.06020e+03
1.06030e+03
1.06040e+03
1.06060e+03
1.06070e+03
1.06090e+03
1.06100e+03
1.06110e+03
1.06130e+03
1.06140e+03
1.06160e+03
1.06190e+03
1.06200e+03
1.06220e+03
1.06240e+03
1.06260e+03
1.06270e+03
1.06290e+03
1.06300e+03
1.06310e+03
1.06350e+03
1.06370e+03
1.06400e+03
1.06420e+03
1.06440e+03
1.06450e+03
1.06460e+03
1.06490e+03
1.06540e+03
1.06560e+03
1.06570e+03
1.06580e+03
1.06590e+03
1.06600e+03
1.06620e+03
1.06640e+03
1.06650e+03
1.06660e+03
1.06690e+03
1.06700e+03
1.06720e+03
1.06730e+03
1.06760e+03
1.06770e+03
1.06780e+03
1.06790e+03
1.06800e+03
1.06820e+03
1.06840e+03
1.06860e+03
1.06880e+03
1.06890e+03
1.06900e+03
1.06910e+03
1.06950e+03
1.06970e+03
1.06980e+03
1.06990e+03
1.07000e+03
1.07020e+03
1.07040e+03
1.07050e+03
1.07060e+03
1.07070e+03
1.07100e+03
1.07120e+03
1.07130e+03
1.07160e+03
1.07170e+03
1.07180e+03
1.07190e+03
1.07200e+03
1.07220e+03
1.07240e+03
1.07250e+03
1.07260e+03
1.07270e+03
1.07300e+03
1.07310e+03
1.07340e+03
1.07360e+03
1.07380e+03
1.07400e+03
1.07410e+03
1.07430e+03
1.07440e+03
1.07470e+03
1.07480e+03
1.07490e+03
1.07530e+03
1.07550e+03
1.07570e+03
1.07590e+03
1.07610e+03
1.07630e+03
1.07660e+03
1.07680e+03
1.07710e+03
1.07720e+03
1.07750e+03
1.07780e+03
1.07800e+03
1.07830e+03
1.07840e+03
1.07860e+03
1.07870e+03
1.07890e+03
1.07900e+03
1.07910e+03
1.07930e+03
1.07940e+03
1.07950e+03
1.07960e+03
1.07970e+03
1.07990e+03
1.08000e+03
1.08020e+03
1.08040e+03
1.08050e+03
1.08080e+03
1.08150e+03
1.08160e+03
1.08170e+03
1.08190e+03
1.08200e+03
1.08220e+03
1.08240e+03
1.08250e+03
1.08280e+03
1.08350e+03
1.08360e+03
1.08370e+03
1.08380e+03
1.08400e+03
1.08420e+03
1.08440e+03
1.08450e+03
1.08480e+03
1.08510e+03
1.08520e+03
1.08550e+03
1.08580e+03
1.08600e+03
1.08620e+03
1.08630e+03
1.08640e+03
1.08670e+03
1.08680e+03
1.08690e+03
1.08730e+03
1.08750e+03
1.08770e+03
1.08780e+03
1.08790e+03
1.08810e+03
1.08840e+03
1.08850e+03
1.08870e+03
1.08890e+03
1.08900e+03
1.08920e+03
1.08950e+03
1.08970e+03
1.08990e+03
1.09040e+03
1.09060e+03
1.09070e+03
1.09090e+03
1.09100e+03
1.09110e+03
1.09130e+03
1.09140e+03
1.09150e+03
1.09160e+03
1.09170e+03
1.09180e+03
1.09200e+03
1.09210e+03
1.09230e+03
1.09260e+03
1.09280e+03
1.09290e+03
1.09300e+03
1.09310e+03
1.09320e+03
1.09340e+03
1.09370e+03
1.09390e+03
1.09420e+03
1.09430e+03
1.09460e+03
1.09470e+03
1.09500e+03
1.09510e+03
1.09530e+03
1.09540e+03
1.09560e+03
1.09590e+03
1.09600e+03
1.09620e+03
1.09650e+03
1.09660e+03
1.09670e+03
1.09680e+03
1.09690e+03
1.09730e+03
1.09750e+03
1.09780e+03
1.09800e+03
1.09820e+03
1.09850e+03
1.09880e+03
1.09910e+03
1.09930e+03
1.09950e+03
1.09970e+03
1.09980e+03
1.09990e+03
1.10020e+03
1.10030e+03
1.10060e+03
1.10070e+03
1.10080e+03
1.10090e+03
1.10130e+03
1.10150e+03
1.10170e+03
1.10180e+03
1.10190e+03
1.10210e+03
1.10240e+03
1.10270e+03
1.10280e+03
1.10290e+03
1.10300e+03
1.10310e+03
1.10330e+03
1.10340e+03
1.10350e+03
1.10360e+03
1.10370e+03
1.10380e+03
1.10400e+03
1.10420e+03
1.10450e+03
1.10480e+03
1.10510e+03
1.10530e+03
1.10550e+03
1.10560e+03
1.10580e+03
1.10590e+03
1.10640e+03
1.10670e+03
1.10680e+03
1.10690e+03
1.10700e+03
1.10710e+03
1.10720e+03
1.10750e+03
1.10760e+03
1.10770e+03
1.10780e+03
1.10800e+03
1.10810e+03
1.10830e+03
1.10860e+03
1.10880e+03
1.10900e+03
1.10910e+03
1.10930e+03
1.10950e+03
1.10970e+03
1.10990e+03
1.11000e+03
1.11020e+03
1.11030e+03
1.11060e+03
1.11070e+03
1.11090e+03
1.11100e+03
1.11120e+03
1.11140e+03
1.11160e+03
1.11190e+03
1.11240e+03
1.11250e+03
1.11270e+03
1.11280e+03
1.11290e+03
1.11330e+03
1.11350e+03
1.11380e+03
1.11400e+03
1.11420e+03
1.11450e+03
1.11480e+03
1.11510e+03
1.11520e+03
1.11540e+03
1.11550e+03
1.11570e+03
1.11580e+03
1.11590e+03
1.11620e+03
1.11650e+03
1.11670e+03
1.11680e+03
1.11690e+03
1.11700e+03
1.11720e+03
1.11740e+03
1.11750e+03
1.11770e+03
1.11780e+03
1.11800e+03
1.11820e+03
1.11840e+03
1.11870e+03
1.11890e+03
1.11900e+03
1.11920e+03
1.11930e+03
1.11940e+03
1.11950e+03
1.11960e+03
1.11970e+03
1.12000e+03
1.12020e+03
1.12050e+03
1.12080e+03
1.12100e+03
1.12120e+03
1.12130e+03
1.12160e+03
1.12180e+03
1.12200e+03
1.12220e+03
1.12250e+03
1.12270e+03
1.12280e+03
1.12340e+03
1.12360e+03
1.12370e+03
1.12380e+03
1.12390e+03
1.12400e+03
1.12420e+03
1.12430e+03
1.12450e+03
1.12470e+03
1.12480e+03
1.12490e+03
1.12500e+03
1.12520e+03
1.12540e+03
1.12550e+03
1.12580e+03
1.12590e+03
1.12640e+03
1.12650e+03
1.12670e+03
1.12690e+03
1.12700e+03
1.12730e+03
1.12750e+03
1.12760e+03
1.12770e+03
1.12790e+03
1.12800e+03
1.12820e+03
1.12830e+03
1.12840e+03
1.12850e+03
1.12870e+03
1.12890e+03
1.12900e+03
1.12920e+03
1.12940e+03
1.12950e+03
1.12960e+03
1.12980e+03
1.13000e+03
1.13020e+03
1.13040e+03
1.13070e+03
1.13090e+03
1.13100e+03
1.13120e+03
1.13130e+03
1.13140e+03
1.13160e+03
1.13180e+03
1.13200e+03
1.13220e+03
1.13240e+03
1.13250e+03
1.13270e+03
1.13280e+03
1.13300e+03
1.13330e+03
1.13350e+03
1.13360e+03
1.13370e+03
1.13390e+03
1.13400e+03
1.13420e+03
1.13430e+03
1.13440e+03
1.13450e+03
1.13470e+03
1.13490e+03
1.13500e+03
1.13520e+03
1.13540e+03
1.13550e+03
1.13570e+03
1.13580e+03
1.13600e+03
1.13610e+03
1.13630e+03
1.13640e+03
1.13660e+03
1.13680e+03
1.13700e+03
1.13710e+03
1.13730e+03
1.13740e+03
1.13750e+03
1.13760e+03
1.13770e+03
1.13780e+03
1.13790e+03
1.13800e+03
1.13820e+03
1.13840e+03
1.13850e+03
1.13880e+03
1.13910e+03
1.13920e+03
1.13950e+03
1.13960e+03
1.13980e+03
1.13990e+03
1.14020e+03
1.14050e+03
1.14070e+03
1.14080e+03
1.14090e+03
1.14130e+03
1.14150e+03
1.14170e+03
1.14180e+03
1.14200e+03
1.14210e+03
1.14230e+03
1.14240e+03
1.14270e+03
1.14280e+03
1.14290e+03
1.14320e+03
1.14340e+03
1.14350e+03
1.14370e+03
1.14380e+03
1.14400e+03
1.14420e+03
1.14440e+03
1.14470e+03
1.14490e+03
1.14500e+03
1.14520e+03
1.14530e+03
1.14540e+03
1.14560e+03
1.14580e+03
1.14600e+03
1.14610e+03
1.14620e+03
1.14640e+03
1.14650e+03
1.14660e+03
1.14680e+03
1.14700e+03
1.14730e+03
1.14750e+03
1.14760e+03
1.14770e+03
1.14790e+03
1.14800e+03
1.14820e+03
1.14840e+03
1.14870e+03
1.14890e+03
1.14900e+03
1.14920e+03
1.14930e+03
1.14940e+03
1.14960e+03
1.14980e+03
1.15000e+03
1.15010e+03
1.15020e+03
1.15050e+03
1.15070e+03
1.15080e+03
1.15090e+03
1.15120e+03
1.15130e+03
1.15160e+03
1.15170e+03
1.15180e+03
1.15200e+03
1.15220e+03
1.15230e+03
1.15250e+03
1.15270e+03
1.15280e+03
1.15290e+03
1.15300e+03
1.15320e+03
1.15330e+03
1.15360e+03
1.15380e+03
1.15390e+03
1.15400e+03
1.15410e+03
1.15440e+03
1.15450e+03
1.15470e+03
1.15480e+03
1.15500e+03
1.15530e+03
1.15550e+03
1.15560e+03
1.15580e+03
1.15590e+03
1.15600e+03
1.15620e+03
1.15640e+03
1.15650e+03
1.15660e+03
1.15670e+03
1.15680e+03
1.15740e+03
1.15750e+03
1.15770e+03
1.15780e+03
1.15790e+03
1.15800e+03
1.15820e+03
1.15830e+03
1.15840e+03
1.15850e+03
1.15860e+03
1.15870e+03
1.15890e+03
1.15900e+03
1.15910e+03
1.15920e+03
1.15940e+03
1.15950e+03
1.15970e+03
1.15980e+03
1.16000e+03
1.16010e+03
1.16030e+03
1.16050e+03
1.16070e+03
1.16090e+03
1.16100e+03
1.16110e+03
1.16120e+03
1.16150e+03
1.16160e+03
1.16170e+03
1.16180e+03
1.16190e+03
1.16200e+03
1.16220e+03
1.16240e+03
1.16250e+03
1.16280e+03
1.16310e+03
1.16320e+03
1.16340e+03
1.16360e+03
1.16390e+03
1.16430e+03
1.16450e+03
1.16470e+03
1.16490e+03
1.16500e+03
1.16510e+03
1.16520e+03
1.16550e+03
1.16560e+03
1.16570e+03
1.16580e+03
1.16590e+03
1.16600e+03
1.16610e+03
1.16630e+03
1.16660e+03
1.16680e+03
1.16700e+03
1.16710e+03
1.16730e+03
1.16750e+03
1.16770e+03
1.16790e+03
1.16800e+03
1.16810e+03
1.16820e+03
1.16830e+03
1.16840e+03
1.16860e+03
1.16880e+03
1.16900e+03
1.16910e+03
1.16940e+03
1.16960e+03
1.16970e+03
1.16990e+03
1.17000e+03
1.17010e+03
1.17030e+03
1.17040e+03
1.17050e+03
1.17070e+03
1.17080e+03
1.17090e+03
1.17130e+03
1.17150e+03
1.17180e+03
1.17200e+03
1.17210e+03
1.17230e+03
1.17240e+03
1.17250e+03
1.17260e+03
1.17270e+03
1.17350e+03
1.17360e+03
1.17380e+03
1.17400e+03
1.17410e+03
1.17430e+03
1.17440e+03
1.17450e+03
1.17460e+03
1.17480e+03
1.17500e+03
1.17520e+03
1.17540e+03
1.17550e+03
1.17570e+03
1.17590e+03
1.17600e+03
1.17620e+03
1.17630e+03
1.17650e+03
1.17660e+03
1.17680e+03
1.17700e+03
1.17710e+03
1.17720e+03
1.17750e+03
1.17770e+03
1.17780e+03
1.17790e+03
1.17800e+03
1.17810e+03
1.17820e+03
1.17830e+03
1.17850e+03
1.17870e+03
1.17890e+03
1.17930e+03
1.17950e+03
1.17970e+03
1.17990e+03
1.18000e+03
1.18010e+03
1.18020e+03
1.18030e+03
1.18050e+03
1.18070e+03
1.18090e+03
1.18130e+03
1.18150e+03
1.18170e+03
1.18190e+03
1.18200e+03
1.18210e+03
1.18230e+03
1.18250e+03
1.18270e+03
1.18280e+03
1.18300e+03
1.18310e+03
1.18320e+03
1.18350e+03
1.18370e+03
1.18380e+03
1.18390e+03
1.18400e+03
1.18410e+03
1.18420e+03
1.18430e+03
1.18450e+03
1.18470e+03
1.18490e+03
1.18520e+03
1.18540e+03
1.18570e+03
1.18580e+03
1.18600e+03
1.18620e+03
1.18640e+03
1.18650e+03
1.18670e+03
1.18680e+03
1.18700e+03
1.18710e+03
1.18730e+03
1.18750e+03
1.18770e+03
1.18790e+03
1.18800e+03
1.18810e+03
1.18820e+03
1.18830e+03
1.18850e+03
1.18870e+03
1.18890e+03
1.18920e+03
1.18940e+03
1.18970e+03
1.18980e+03
1.19000e+03
1.19020e+03
1.19030e+03
1.19040e+03
1.19050e+03
1.19070e+03
1.19080e+03
1.19100e+03
1.19110e+03
1.19130e+03
1.19140e+03
1.19170e+03
1.19180e+03
1.19190e+03
1.19210e+03
1.19220e+03
1.19240e+03
1.19250e+03
1.19270e+03
1.19290e+03
1.19300e+03
1.19310e+03
1.19320e+03
1.19330e+03
1.19340e+03
1.19360e+03
1.19370e+03
1.19390e+03
1.19420e+03
1.19440e+03
1.19450e+03
1.19470e+03
1.19490e+03
1.19500e+03
1.19510e+03
1.19520e+03
1.19530e+03
1.19540e+03
1.19560e+03
1.19570e+03
1.19590e+03
1.19620e+03
1.19640e+03
1.19670e+03
1.19690e+03
1.19700e+03
1.19720e+03
1.19740e+03
1.19750e+03
1.19770e+03
1.19780e+03
1.19790e+03
1.19820e+03
1.19840e+03
1.19870e+03
1.19880e+03
1.19890e+03
1.19900e+03
1.19930e+03
1.19940e+03
1.19950e+03
1.19980e+03
1.19990e+03
1.20000e+03
1.20010e+03
1.20020e+03
1.20050e+03
1.20080e+03
1.20090e+03
1.20100e+03
1.20120e+03
1.20140e+03
1.20170e+03
1.20200e+03
1.20210e+03
1.20240e+03
1.20260e+03
1.20270e+03
1.20280e+03
1.20300e+03
1.20320e+03
1.20340e+03
1.20360e+03
1.20380e+03
1.20400e+03
1.20410e+03
1.20440e+03
1.20460e+03
1.20470e+03
1.20480e+03
1.20500e+03
1.20530e+03
1.20550e+03
1.20570e+03
1.20580e+03
1.20590e+03
1.20600e+03
1.20610e+03
1.20620e+03
1.20640e+03
1.20660e+03
1.20690e+03
1.20720e+03
1.20740e+03
1.20750e+03
1.20770e+03
1.20790e+03
1.20840e+03
1.20850e+03
1.20870e+03
1.20890e+03
1.20920e+03
1.20940e+03
1.20950e+03
1.20960e+03
1.20970e+03
1.20980e+03
1.21000e+03
1.21020e+03
1.21030e+03
1.21060e+03
1.21090e+03
1.21110e+03
1.21120e+03
1.21150e+03
1.21170e+03
1.21180e+03
1.21200e+03
1.21210e+03
1.21220e+03
1.21240e+03
1.21260e+03
1.21290e+03
1.21300e+03
1.21330e+03
1.21340e+03
1.21350e+03
1.21380e+03
1.21390e+03
1.21400e+03
1.21410e+03
1.21420e+03
1.21440e+03
1.21470e+03
1.21480e+03
1.21500e+03
1.21520e+03
1.21540e+03
1.21570e+03
1.21600e+03
1.21610e+03
1.21640e+03
1.21660e+03
1.21670e+03
1.21690e+03
1.21700e+03
1.21720e+03
1.21730e+03
1.21740e+03
1.21760e+03
1.21780e+03
1.21790e+03
1.21800e+03
1.21810e+03
1.21820e+03
1.21840e+03
1.21860e+03
1.21880e+03
1.21900e+03
1.21930e+03
1.21940e+03
1.21970e+03
1.21990e+03
1.22040e+03
1.22050e+03
1.22060e+03
1.22070e+03
1.22090e+03
1.22120e+03
1.22140e+03
1.22150e+03
1.22160e+03
1.22170e+03
1.22180e+03
1.22200e+03
1.22210e+03
1.22220e+03
1.22240e+03
1.22260e+03
1.22280e+03
1.22300e+03
1.22320e+03
1.22330e+03
1.22340e+03
1.22370e+03
1.22390e+03
1.22440e+03
1.22450e+03
1.22460e+03
1.22470e+03
1.22490e+03
1.22530e+03
1.22540e+03
1.22570e+03
1.22590e+03
1.22640e+03
1.22660e+03
1.22680e+03
1.22690e+03
1.22700e+03
1.22720e+03
1.22730e+03
1.22750e+03
1.22760e+03
1.22780e+03
1.22790e+03
1.22800e+03
1.22820e+03
1.22840e+03
1.22850e+03
1.22870e+03
1.22890e+03
1.22920e+03
1.22940e+03
1.22950e+03
1.22960e+03
1.22970e+03
1.22980e+03
1.22990e+03
1.23000e+03
1.23010e+03
1.23020e+03
1.23040e+03
1.23060e+03
1.23070e+03
1.23090e+03
1.23120e+03
1.23130e+03
1.23140e+03
1.23170e+03
1.23190e+03
1.23200e+03
1.23230e+03
1.23240e+03
1.23260e+03
1.23280e+03
1.23290e+03
1.23300e+03
1.23310e+03
1.23320e+03
1.23350e+03
1.23360e+03
1.23370e+03
1.23380e+03
1.23390e+03
1.23400e+03
1.23410e+03
1.23420e+03
1.23430e+03
1.23440e+03
1.23470e+03
1.23490e+03
1.23520e+03
1.23530e+03
1.23560e+03
1.23590e+03
1.23620e+03
1.23640e+03
1.23660e+03
1.23680e+03
1.23690e+03
1.23700e+03
1.23730e+03
1.23740e+03
1.23750e+03
1.23760e+03
1.23770e+03
1.23790e+03
1.23800e+03
1.23820e+03
1.23830e+03
1.23850e+03
1.23860e+03
1.23880e+03
1.23900e+03
1.23920e+03
1.23940e+03
1.23960e+03
1.23990e+03
1.24020e+03
1.24040e+03
1.24060e+03
1.24080e+03
1.24090e+03
1.24100e+03
1.24120e+03
1.24130e+03
1.24140e+03
1.24150e+03
1.24180e+03
1.24200e+03
1.24220e+03
1.24240e+03
1.24260e+03
1.24280e+03
1.24290e+03
1.24300e+03
1.24320e+03
1.24330e+03
1.24340e+03
1.24360e+03
1.24390e+03
1.24420e+03
1.24440e+03
1.24450e+03
1.24480e+03
1.24490e+03
1.24500e+03
1.24530e+03
1.24540e+03
1.24550e+03
1.24560e+03
1.24570e+03
1.24590e+03
1.24600e+03
1.24620e+03
1.24630e+03
1.24650e+03
1.24660e+03
1.24680e+03
1.24700e+03
1.24720e+03
1.24740e+03
1.24750e+03
1.24780e+03
1.24820e+03
1.24840e+03
1.24860e+03
1.24880e+03
1.24890e+03
1.24900e+03
1.24940e+03
1.24960e+03
1.24980e+03
1.25000e+03
1.25020e+03
1.25040e+03
1.25050e+03
1.25060e+03
1.25090e+03
1.25120e+03
1.25130e+03
1.25150e+03
1.25160e+03
1.25180e+03
1.25190e+03
1.25200e+03
1.25210e+03
1.25220e+03
1.25230e+03
1.25240e+03
1.25260e+03
1.25270e+03
1.25290e+03
1.25300e+03
1.25310e+03
1.25330e+03
1.25360e+03
1.25380e+03
1.25390e+03
1.25400e+03
1.25420e+03
1.25430e+03
1.25440e+03
1.25460e+03
1.25480e+03
1.25490e+03
1.25520e+03
1.25530e+03
1.25540e+03
1.25560e+03
1.25590e+03
1.25610e+03
1.25630e+03
1.25640e+03
1.25650e+03
1.25680e+03
1.25690e+03
1.25700e+03
1.25730e+03
1.25740e+03
1.25750e+03
1.25760e+03
1.25770e+03
1.25790e+03
1.25800e+03
1.25810e+03
1.25830e+03
1.25860e+03
1.25880e+03
1.25900e+03
1.25910e+03
1.25920e+03
1.25940e+03
1.25950e+03
1.25960e+03
1.26000e+03
1.26010e+03
1.26030e+03
1.26060e+03
1.26070e+03
1.26090e+03
1.26100e+03
1.26120e+03
1.26150e+03
1.26170e+03
1.26180e+03
1.26200e+03
1.26220e+03
1.26230e+03
1.26250e+03
1.26280e+03
1.26300e+03
1.26320e+03
1.26340e+03
1.26360e+03
1.26380e+03
1.26440e+03
1.26450e+03
1.26470e+03
1.26490e+03
1.26520e+03
1.26550e+03
1.26570e+03
1.26590e+03
1.26600e+03
1.26610e+03
1.26630e+03
1.26650e+03
1.26680e+03
1.26700e+03
1.26720e+03
1.26750e+03
1.26760e+03
1.26800e+03
1.26820e+03
1.26830e+03
1.26860e+03
1.26880e+03
1.26900e+03
1.26920e+03
1.26960e+03
1.26970e+03
1.26980e+03
1.27000e+03
1.27010e+03
1.27030e+03
1.27050e+03
1.27060e+03
1.27080e+03
1.27100e+03
1.27120e+03
1.27140e+03
1.27160e+03
1.27180e+03
1.27220e+03
1.27240e+03
1.27260e+03
1.27280e+03
1.27290e+03
1.27300e+03
1.27320e+03
1.27350e+03
1.27360e+03
1.27380e+03
1.27400e+03
1.27420e+03
1.27440e+03
1.27450e+03
1.27460e+03
1.27490e+03
1.27520e+03
1.27530e+03
1.27550e+03
1.27570e+03
1.27580e+03
1.27590e+03
1.27600e+03
1.27620e+03
1.27630e+03
1.27640e+03
1.27670e+03
1.27690e+03
1.27700e+03
1.27720e+03
1.27750e+03
1.27760e+03
1.27780e+03
1.27790e+03
1.27800e+03
1.27820e+03
1.27840e+03
1.27850e+03
1.27860e+03
1.27870e+03
1.27900e+03
1.27920e+03
1.27930e+03
1.27950e+03
1.27970e+03
1.27980e+03
1.27990e+03
1.28000e+03
1.28020e+03
1.28030e+03
1.28050e+03
1.28070e+03
1.28080e+03
1.28100e+03
1.28120e+03
1.28150e+03
1.28180e+03
1.28190e+03
1.28200e+03
1.28220e+03
1.28230e+03
1.28240e+03
1.28270e+03
1.28290e+03
1.28300e+03
1.28320e+03
1.28330e+03
1.28350e+03
1.28370e+03
1.28380e+03
1.28390e+03
1.28400e+03
1.28420e+03
1.28430e+03
1.28440e+03
1.28470e+03
1.28490e+03
1.28500e+03
1.28520e+03
1.28550e+03
1.28560e+03
1.28580e+03
1.28590e+03
1.28600e+03
1.28610e+03
1.28630e+03
1.28640e+03
1.28650e+03
1.28670e+03
1.28680e+03
1.28690e+03
1.28720e+03
1.28740e+03
1.28760e+03
1.28780e+03
1.28800e+03
1.28820e+03
1.28840e+03
1.28850e+03
1.28870e+03
1.28890e+03
1.28930e+03
1.28950e+03
1.28980e+03
1.29040e+03
1.29050e+03
1.29070e+03
1.29090e+03
1.29120e+03
1.29150e+03
1.29160e+03
1.29180e+03
1.29200e+03
1.29210e+03
1.29220e+03
1.29230e+03
1.29250e+03
1.29260e+03
1.29270e+03
1.29300e+03
1.29340e+03
1.29350e+03
1.29360e+03
1.29380e+03
1.29400e+03
1.29410e+03
1.29420e+03
1.29430e+03
1.29440e+03
1.29470e+03
1.29490e+03
1.29500e+03
1.29520e+03
1.29550e+03
1.29570e+03
1.29580e+03
1.29610e+03
1.29630e+03
1.29650e+03
1.29680e+03
1.29690e+03
1.29730e+03
1.29740e+03
1.29760e+03
1.29780e+03
1.29790e+03
1.29800e+03
1.29820e+03
1.29850e+03
1.29870e+03
1.29890e+03
1.29930e+03
1.29960e+03
1.29970e+03
1.29980e+03
1.30000e+03
1.30010e+03
1.30020e+03
1.30030e+03
1.30050e+03
1.30060e+03
1.30070e+03
1.30100e+03
1.30110e+03
1.30130e+03
1.30160e+03
1.30180e+03
1.30220e+03
1.30240e+03
1.30260e+03
1.30280e+03
1.30290e+03
1.30300e+03
1.30320e+03
1.30340e+03
1.30360e+03
1.30380e+03
1.30400e+03
1.30410e+03
1.30430e+03
1.30450e+03
1.30470e+03
1.30490e+03
1.30520e+03
1.30550e+03
1.30560e+03
1.30580e+03
1.30600e+03
1.30610e+03
1.30630e+03
1.30640e+03
1.30670e+03
1.30690e+03
1.30700e+03
1.30720e+03
1.30750e+03
1.30770e+03
1.30780e+03
1.30790e+03
1.30800e+03
1.30810e+03
1.30820e+03
1.30840e+03
1.30870e+03
1.30900e+03
1.30910e+03
1.30930e+03
1.30950e+03
1.30970e+03
1.30980e+03
1.31040e+03
1.31050e+03
1.31060e+03
1.31080e+03
1.31090e+03
1.31100e+03
1.31110e+03
1.31120e+03
1.31150e+03
1.31160e+03
1.31170e+03
1.31190e+03
1.31200e+03
1.31210e+03
1.31220e+03
1.31230e+03
1.31240e+03
1.31270e+03
1.31290e+03
1.31300e+03
1.31310e+03
1.31320e+03
1.31350e+03
1.31380e+03
1.31450e+03
1.31470e+03
1.31490e+03
1.31500e+03
1.31510e+03
1.31530e+03
1.31560e+03
1.31570e+03
1.31580e+03
1.31590e+03
1.31600e+03
1.31610e+03
1.31620e+03
1.31630e+03
1.31640e+03
1.31670e+03
1.31680e+03
1.31700e+03
1.31710e+03
1.31730e+03
1.31740e+03
1.31760e+03
1.31770e+03
1.31780e+03
1.31790e+03
1.31800e+03
1.31810e+03
1.31820e+03
1.31830e+03
1.31840e+03
1.31870e+03
1.31880e+03
1.31900e+03
1.31910e+03
1.31930e+03
1.31960e+03
1.31970e+03
1.32000e+03
1.32010e+03
1.32030e+03
1.32050e+03
1.32070e+03
1.32090e+03
