0.00000e+00 0.0000000000e+00 0.0000000000e+00
1.00000e+00 5.2789369618e+00 5.2789369618e+00
2.00000e+00 1.0553974782e+01 1.0548695845e+01
3.00000e+00 1.5800190888e+01 1.0505426293e+01
4.00000e+00 2.1254622809e+01 5.4544319212e+00
5.00000e+00 2.6264688756e+01 5.0100659471e+00
6.00000e+00 3.0447154121e+01 1.9951044257e+01
7.00000e+00 3.4984462199e+01 7.0890802763e-01
8.00000e+00 3.9660590289e+01 4.2267520503e+00
9.00000e+00 4.4368672425e+01 1.5246229285e+01
1.00000e+01 4.9064005154e+01 1.0245131813e+01
1.10000e+01 5.3308615294e+01 1.9165637405e+01
1.20000e+01 5.6806685132e+01 1.3925946468e+00
1.30000e+01 6.0357019052e+01 2.2090225080e+01
1.40000e+01 6.4686818589e+01 2.8481327187e+01
1.50000e+01 6.8982477716e+01 8.5728016344e+00
1.60000e+01 7.3273883152e+01 8.5258347306e+00
1.70000e+01 7.8028064389e+01 9.4143414214e+00
1.80000e+01 8.2754393436e+01 1.7515769744e+01
1.90000e+01 8.7021872680e+01 8.4891290124e+00
2.00000e+01 9.0535968461e+01 7.0237810265e+00
2.10000e+01 9.4099153577e+01 1.8443114791e+01
2.20000e+01 9.7670819582e+01 1.8482241900e+01
2.30000e+01 1.0125813215e+02 7.0743807645e+00
2.40000e+01 1.0484472168e+02 7.0822299046e+00
2.50000e+01 1.0874786180e+02 2.6232328334e+01
2.60000e+01 1.1270545463e+02 7.7119036725e+00
2.70000e+01 1.1669005696e+02 2.4432866830e+01
2.80000e+01 1.2066078375e+02 7.8610816854e+00
2.90000e+01 1.2464546773e+02 7.8533022625e+00
3.00000e+01 1.2856947225e+02 4.0935421592e+01
3.10000e+01 1.3246091894e+02 1.5545718944e+01
3.20000e+01 1.3641585771e+02 7.8296609415e+00
3.30000e+01 1.3993304501e+02 1.3375109044e+01
3.40000e+01 1.4346681629e+02 2.3416402418e+01
3.50000e+01 1.4747188576e+02 7.8422167642e+00
3.60000e+01 1.5140808484e+02 9.2487306426e+00
3.70000e+01 1.5500352252e+02 1.6350857820e+01
3.80000e+01 1.5860277606e+02 1.6347170981e+01
3.90000e+01 1.6251827214e+02 7.8458806672e+00
4.00000e+01 1.6644129701e+02 7.8248605761e+00
4.10000e+01 1.7034345079e+02 7.6919215600e+00
4.20000e+01 1.7430897651e+02 7.8449614999e+00
4.30000e+01 1.7830327999e+02 7.8263505452e+00
4.40000e+01 1.8228394592e+02 7.8336644009e+00
4.50000e+01 1.8581077332e+02 1.6340463912e+01
4.60000e+01 1.8935231975e+02 1.5660673888e+01
4.70000e+01 1.9289655717e+02 8.5991844556e+00
4.80000e+01 1.9575684669e+02 7.6853295260e+00
4.90000e+01 1.9896919979e+02 7.2678827343e+00
5.00000e+01 2.0219926546e+02 1.4251885296e+01
5.10000e+01 2.0511116122e+02 1.4961471290e+01
5.20000e+01 2.0872988544e+02 7.0073250153e+00
5.30000e+01 2.1278036916e+02 1.4161960974e+01
5.40000e+01 2.1674620051e+02 7.3576567627e-01
5.50000e+01 2.2067005299e+02 7.7264792802e+00
5.60000e+01 2.2460565116e+02 7.6885196229e+00
5.70000e+01 2.2821514025e+02 7.6979110187e+00
5.80000e+01 2.3182872088e+02 1.5732658761e+01
5.90000e+01 2.3575752039e+02 7.6857781410e+00
6.00000e+01 2.3969296059e+02 7.6779343851e+00
6.10000e+01 2.4330153001e+02 7.8115585081e+00
6.20000e+01 2.4768854287e+02 7.9859404352e+00
6.30000e+01 2.5203383705e+02 1.5779328942e+01
6.40000e+01 2.5636864999e+02 8.4936978937e+00
6.50000e+01 2.6069421097e+02 8.4654709969e+00
6.60000e+01 2.6425032836e+02 7.6206291197e+00
6.70000e+01 2.6815412239e+02 7.6452509633e+00
6.80000e+01 2.7207388024e+02 7.6219233757e+00
6.90000e+01 2.7567170353e+02 8.6399343779e+00
7.00000e+01 2.7927641561e+02 8.0386054565e+00
7.10000e+01 2.8319882658e+02 7.6329183906e+00
7.20000e+01 2.8717756922e+02 3.1148779070e+01
7.30000e+01 2.9118266398e+02 2.4792291341e+01
7.40000e+01 2.9512469388e+02 7.6475575165e+00
7.50000e+01 2.9903310597e+02 7.6259110808e+00
7.60000e+01 3.0300580574e+02 7.7585528326e+00
7.70000e+01 3.0700763625e+02 7.7475300256e+00
7.80000e+01 3.1099604027e+02 7.7554867511e+00
7.90000e+01 3.1499832510e+02 7.7481855856e+00
8.00000e+01 3.1893785343e+02 7.6157835964e+00
8.10000e+01 3.2284479604e+02 8.9944074920e+00
8.20000e+01 3.2676874374e+02 8.9698324583e+00
8.30000e+01 3.3067581614e+02 7.5732832625e+00
8.40000e+01 3.3460113643e+02 7.5670825717e+00
8.50000e+01 3.3820401816e+02 6.9979532669e+00
8.60000e+01 3.4258723508e+02 3.1750225105e+01
8.70000e+01 3.4693035915e+02 3.1736037966e+01
8.80000e+01 3.5126419576e+02 8.4101060287e+00
8.90000e+01 3.5558969795e+02 8.3840740433e+00
9.00000e+01 3.5914634655e+02 3.1394225178e+01
9.10000e+01 3.6305119963e+02 7.5572961653e+00
9.20000e+01 3.6702032023e+02 2.4556330268e+01
9.30000e+01 3.7101988664e+02 2.4529055520e+01
9.40000e+01 3.7495891309e+02 7.5634450281e+00
9.50000e+01 3.7886587727e+02 9.4012160838e+00
9.60000e+01 3.8283834213e+02 7.6726944290e+00
9.70000e+01 3.8684065361e+02 7.6677668023e+00
9.80000e+01 3.9083009196e+02 7.6770725280e+00
9.90000e+01 3.9483383122e+02 7.6708232363e+00
1.00000e+02 3.9877494626e+02 9.3939034614e+00
1.01000e+02 4.0268362703e+02 1.5336133781e+01
1.02000e+02 4.0660970473e+02 1.5305760293e+01
1.03000e+02 4.1051860128e+02 7.4975392786e+00
1.04000e+02 4.1449373801e+02 7.6488508012e+00
1.05000e+02 4.1849864609e+02 7.6423707648e+00
1.06000e+02 4.2249051887e+02 7.6514644351e+00
1.07000e+02 4.2649651785e+02 7.6449038798e+00
1.08000e+02 4.3043964839e+02 7.5070945911e+00
1.09000e+02 4.3404518277e+02 3.3129928627e+01
1.10000e+02 4.3765614176e+02 3.9806703514e+01
1.11000e+02 4.4158442677e+02 7.8070798795e+00
1.12000e+02 4.4552094519e+02 7.7926606779e+00
1.13000e+02 4.4913181312e+02 3.8007785332e+01
1.14000e+02 4.5352231484e+02 4.6696944066e+01
1.15000e+02 4.5833953543e+02 8.3079857033e+00
1.16000e+02 4.6311717588e+02 1.6722704362e+01
1.17000e+02 4.6742961496e+02 4.6637184012e+01
1.18000e+02 4.7098042007e+02 7.7391189181e+00
1.19000e+02 4.7457752373e+02 8.6340310802e+00
1.20000e+02 4.7895420590e+02 8.3121382805e+00
1.21000e+02 4.8329274881e+02 8.3299299775e+00
1.22000e+02 4.8762374254e+02 8.2759116092e+00
1.23000e+02 4.9194741377e+02 8.2527640136e+00
1.24000e+02 4.9550325205e+02 7.6940071833e+00
1.25000e+02 4.9940805327e+02 1.6682497873e+01
1.26000e+02 5.0332988740e+02 1.6651131083e+01
1.27000e+02 5.0723600496e+02 7.4265787268e+00
1.28000e+02 5.1116136665e+02 7.4226797074e+00
1.29000e+02 5.1507030238e+02 7.4180751893e+00
1.30000e+02 5.1904598119e+02 1.5790429781e+01
1.31000e+02 5.2258390643e+02 7.8574599268e-01
1.32000e+02 5.2544579893e+02 2.3112704853e+01
1.33000e+02 5.2835881685e+02 2.9175404035e+01
1.34000e+02 5.3128015619e+02 5.3990248438e+00
1.35000e+02 5.3421866846e+02 5.4191201734e+00
1.36000e+02 5.3785665148e+02 6.7665402989e+00
1.37000e+02 5.4145530596e+02 1.8742383000e+01
1.38000e+02 5.4435215866e+02 5.3892144173e+00
1.39000e+02 5.4728975483e+02 5.3829091021e+00
1.40000e+02 5.5022979884e+02 5.4207174997e+00
1.41000e+02 5.5318272214e+02 5.4306239132e+00
1.42000e+02 5.5683363152e+02 1.8736566970e+01
1.43000e+02 5.6091123322e+02 2.4244238025e+01
1.44000e+02 5.6495171293e+02 1.8003481269e+01
1.45000e+02 5.6852643125e+02 1.0775185828e+01
1.46000e+02 5.7141373273e+02 5.3724507632e+00
1.47000e+02 5.7434693052e+02 5.3473528022e+00
1.48000e+02 5.7728506071e+02 5.3928341536e+00
1.49000e+02 5.8054306608e+02 1.8268667366e+01
1.50000e+02 5.8378549710e+02 9.9663619560e+00
1.51000e+02 5.8658903756e+02 9.9833417763e+00
1.52000e+02 5.8878984503e+02 7.3732271611e-01
1.53000e+02 5.9134669609e+02 9.2552412803e+00
1.54000e+02 5.9392174416e+02 3.3556728238e+01
1.55000e+02 5.9648603204e+02 4.6546150119e+00
1.56000e+02 5.9906942559e+02 4.6583058746e+00
1.57000e+02 6.0133500218e+02 3.9832347290e+00
1.58000e+02 6.0423575763e+02 1.9987615149e+01
1.59000e+02 6.0756921148e+02 3.6498551292e+01
1.60000e+02 6.1089003929e+02 7.3743425183e-01
1.61000e+02 6.1386297724e+02 6.6538830660e+00
1.62000e+02 6.1753807760e+02 6.1875505723e+00
1.63000e+02 6.2163817042e+02 1.5033357892e+00
1.64000e+02 6.2564437775e+02 6.0635190587e+00
1.65000e+02 6.2929984941e+02 6.8638967367e+00
1.66000e+02 6.3295278630e+02 1.8935642936e+01
1.67000e+02 6.3691714647e+02 1.2847872216e+01
1.68000e+02 6.4088556936e+02 7.4191003690e+00
1.69000e+02 6.4452477030e+02 6.7725518376e+00
1.70000e+02 6.4894364552e+02 2.2456073117e+00
1.71000e+02 6.5331893678e+02 1.9751872701e+01
1.72000e+02 6.5768225430e+02 1.2761525018e+01
1.73000e+02 6.6203504072e+02 8.1807977911e+00
1.74000e+02 6.6561475411e+02 6.6925557857e+00
1.75000e+02 6.6954119662e+02 7.3737636133e+00
1.76000e+02 6.7348311450e+02 7.3398848454e+00
1.77000e+02 6.7740775988e+02 7.3307478293e+00
1.78000e+02 6.8140010206e+02 3.8628007412e+01
1.79000e+02 6.8542179298e+02 2.8473454925e+01
1.80000e+02 6.8937989146e+02 7.3395976814e+00
1.81000e+02 6.9330511307e+02 7.7507512800e+00
1.82000e+02 6.9729687518e+02 7.4547016984e+00
1.83000e+02 7.0131771601e+02 7.4463969039e+00
1.84000e+02 7.0532499139e+02 7.4544637826e+00
1.85000e+02 7.0887839101e+02 7.9938680412e-01
1.86000e+02 7.1244628003e+02 2.2271420761e+01
1.87000e+02 7.1648452562e+02 7.4644140805e+00
1.88000e+02 7.2050104785e+02 7.4661965115e+00
1.89000e+02 7.2406001209e+02 2.2254713967e+01
1.90000e+02 7.2693767637e+02 1.5564831024e+01
1.91000e+02 7.3016933017e+02 2.1659418835e+01
1.92000e+02 7.3339463140e+02 7.9122100271e-01
1.93000e+02 7.3618702683e+02 7.6656881705e-01
1.94000e+02 7.3900104123e+02 6.7030750520e+00
1.95000e+02 7.4182052606e+02 6.7234613779e+00
1.96000e+02 7.4403039103e+02 2.0969960111e+01
1.97000e+02 7.4659370222e+02 1.4587723983e+00
1.98000e+02 7.4917429510e+02 2.6545940718e+01
1.99000e+02 7.5143833345e+02 4.1808956981e+01
2.00000e+02 7.5433836095e+02 5.1196386608e+00
2.01000e+02 7.5720417782e+02 6.0816276640e+00
2.02000e+02 7.6006824904e+02 6.0395897551e+00
2.03000e+02 7.6339241969e+02 1.0493146550e+01
2.04000e+02 7.6669077835e+02 1.1182229036e+01
2.05000e+02 7.6999500113e+02 6.6121779796e+00
2.06000e+02 7.7328147508e+02 5.9671628869e+00
2.07000e+02 7.7611081576e+02 5.0762973835e+00
2.08000e+02 7.7895434149e+02 5.9585021085e+00
2.09000e+02 7.8179877913e+02 5.9676405610e+00
2.10000e+02 7.8402825071e+02 3.8821150846e+00
2.11000e+02 7.8630312393e+02 1.1076152039e+01
2.12000e+02 7.8921066253e+02 5.1178592806e+00
2.13000e+02 7.9208328691e+02 5.1409281568e+00
2.14000e+02 7.9432878245e+02 1.1081099841e+01
2.15000e+02 7.9692040558e+02 1.7160554477e+01
2.16000e+02 7.9952461397e+02 1.7167009423e+01
2.17000e+02 8.0180875897e+02 5.1220132139e+00
2.18000e+02 8.0472835341e+02 5.1478430632e+00
2.19000e+02 8.0761161385e+02 5.1533312818e+00
2.20000e+02 8.1049131678e+02 5.1082864512e+00
2.21000e+02 8.1382971807e+02 1.0551895070e+01
2.22000e+02 8.1714103975e+02 1.5362659316e+01
2.23000e+02 8.1998994261e+02 5.0688205909e+00
2.24000e+02 8.2284967433e+02 5.0437805509e+00
2.25000e+02 8.2570818115e+02 5.0483407314e+00
2.26000e+02 8.2857334655e+02 5.0487260727e+00
2.27000e+02 8.3190174653e+02 1.0780774505e+01
2.28000e+02 8.3520594268e+02 1.0099918633e+01
2.29000e+02 8.3851676212e+02 1.0072238183e+01
2.30000e+02 8.4182995565e+02 5.0673804023e+00
2.31000e+02 8.4480228847e+02 2.1016475319e+01
2.32000e+02 8.4777643101e+02 2.6840997043e+01
2.33000e+02 8.5106679829e+02 2.6135859509e+01
2.34000e+02 8.5434186748e+02 5.8995201452e+00
2.35000e+02 8.5717552506e+02 1.0274889767e+01
2.36000e+02 8.5940166316e+02 7.8651024527e-03
2.37000e+02 8.6167665858e+02 4.5665814972e+00
2.38000e+02 8.6395706731e+02 3.8604160023e+00
2.39000e+02 8.6625435098e+02 3.8788438357e+00
2.40000e+02 8.6854847673e+02 3.8886820085e+00
2.41000e+02 8.7116073546e+02 5.2155120871e+00
2.42000e+02 8.7377874400e+02 2.8737253763e+01
2.43000e+02 8.7607324923e+02 3.8820148850e+00
2.44000e+02 8.7900242109e+02 1.0328621338e+01
2.45000e+02 8.8189396630e+02 7.8070937744e+00
2.46000e+02 8.8478100486e+02 7.7571533884e+00
2.47000e+02 8.8812613291e+02 1.2924543599e+01
2.48000e+02 8.9144363208e+02 1.2954049039e+01
2.49000e+02 8.9476556811e+02 5.9212885972e+00
2.50000e+02 8.9806844484e+02 5.9007448716e+00
2.51000e+02 9.0138035689e+02 5.8848201474e+00
2.52000e+02 9.0467594403e+02 5.8716457327e+00
2.53000e+02 9.0751497823e+02 5.0099101369e+00
2.54000e+02 9.1036832858e+02 1.2536979022e+01
2.55000e+02 9.1368970439e+02 5.8752378492e+00
2.56000e+02 9.1700859858e+02 4.5790185175e+00
2.57000e+02 9.1998444283e+02 1.8268202203e+01
2.58000e+02 9.2296115389e+02 2.2810652184e+01
2.59000e+02 9.2594771518e+02 5.2116953974e+00
2.60000e+02 9.2963306002e+02 6.7013570977e+00
2.61000e+02 9.3374281077e+02 7.8837494408e-01
2.62000e+02 9.3781340387e+02 7.4319551347e+00
2.63000e+02 9.4188432389e+02 7.3856924528e+00
2.64000e+02 9.4593179827e+02 7.3551880406e+00
2.65000e+02 9.4951965535e+02 1.9967920662e+01
2.66000e+02 9.5242134070e+02 5.1314579858e+00
2.67000e+02 9.5537012021e+02 5.0885447422e+00
2.68000e+02 9.5902669367e+02 8.1371219504e+00
2.69000e+02 9.6311461689e+02 7.3648360512e+00
2.70000e+02 9.6716798098e+02 7.3633609299e+00
2.71000e+02 9.7075712660e+02 8.1302733693e+00
2.72000e+02 9.7435422894e+02 7.2980000959e+00
2.73000e+02 9.7794967145e+02 7.2969989801e+00
2.74000e+02 9.8085315711e+02 5.0852565198e+00
2.75000e+02 9.8380138342e+02 1.1786484585e+01
2.76000e+02 9.8745605987e+02 6.4588777568e+00
2.77000e+02 9.9107340257e+02 6.4743190692e+00
2.78000e+02 9.9398771179e+02 1.1785521663e+01
2.79000e+02 9.9724774576e+02 4.7477842037e+01
2.80000e+02 1.0004988176e+03 1.2066856183e+01
2.81000e+02 1.0037807438e+03 1.8604789813e+01
2.82000e+02 1.0070519441e+03 5.7371651153e+00
2.83000e+02 1.0098698185e+03 7.9946831781e-01
2.84000e+02 1.0127046615e+03 1.1365047930e+01
2.85000e+02 1.0155419881e+03 1.1373135121e+01
2.86000e+02 1.0183890740e+03 4.8582993455e+00
2.87000e+02 1.0217021306e+03 5.7625584121e+00
2.88000e+02 1.0249928890e+03 5.7763539331e+00
2.89000e+02 1.0282916406e+03 5.7562725028e+00
2.90000e+02 1.0315949926e+03 4.1065875387e+01
2.91000e+02 1.0345583684e+03 2.2674692320e+01
2.92000e+02 1.0375242691e+03 2.2703609117e+01
2.93000e+02 1.0408068383e+03 2.3579330010e+01
2.94000e+02 1.0440953946e+03 2.3540954972e+01
2.95000e+02 1.0473638756e+03 5.7123276788e+00
2.96000e+02 1.0506473184e+03 5.7015017575e+00
2.97000e+02 1.0536078269e+03 5.0853650443e+00
2.98000e+02 1.0572765890e+03 7.4829318477e+00
2.99000e+02 1.0609056972e+03 1.3120671494e+01
3.00000e+02 1.0645273500e+03 6.3991859695e+00
3.01000e+02 1.0681396914e+03 6.3760199788e+00
3.02000e+02 1.0717519461e+03 6.3602458683e+00
3.03000e+02 1.0753579318e+03 6.3475299568e+00
3.04000e+02 1.0782683770e+03 7.3217384183e+00
3.05000e+02 1.0812217833e+03 1.5126786830e+01
3.06000e+02 1.0848810060e+03 6.3881503003e+00
3.07000e+02 1.0885019918e+03 6.3967622956e+00
3.08000e+02 1.0914189502e+03 1.2821259009e+01
3.09000e+02 1.0946816329e+03 5.6900018671e+00
3.10000e+02 1.0979353480e+03 3.1260960107e+01
3.11000e+02 1.1007521286e+03 8.0420525319e-01
3.12000e+02 1.1035875112e+03 4.7631244519e+00
3.13000e+02 1.1064258770e+03 4.7799466030e+00
3.14000e+02 1.1086511099e+03 6.9172559525e-01
3.15000e+02 1.1112279200e+03 1.9121610659e+01
3.16000e+02 1.1138206686e+03 2.4096106725e+01
3.17000e+02 1.1160955515e+03 1.0461600064e+01
3.18000e+02 1.1183772260e+03 1.2028496802e+01
3.19000e+02 1.1206745511e+03 5.1967184753e+00
3.20000e+02 1.1235984708e+03 4.8637037687e+00
3.21000e+02 1.1269508912e+03 3.5547895471e+01
3.22000e+02 1.1302868244e+03 4.4137897383e+00
3.23000e+02 1.1332736995e+03 6.8955009168e-01
3.24000e+02 1.1369632034e+03 6.7586789757e+00
3.25000e+02 1.1406086645e+03 1.2417855667e+01
3.26000e+02 1.1442436515e+03 6.3578260860e+00
3.27000e+02 1.1478672548e+03 6.3296104308e+00
3.28000e+02 1.1507906271e+03 5.0011634081e+00
3.29000e+02 1.1537549434e+03 1.2765393376e+01
3.30000e+02 1.1567210617e+03 1.2795374026e+01
3.31000e+02 1.1596992386e+03 5.0046493482e+00
3.32000e+02 1.1633769080e+03 6.3659632144e+00
3.33000e+02 1.1674800598e+03 5.1601074339e+00
3.34000e+02 1.1715448644e+03 2.3511573593e+01
3.35000e+02 1.1756105682e+03 1.4776710568e+01
3.36000e+02 1.1796532962e+03 7.1591808765e+00
3.37000e+02 1.1837042599e+03 7.1372815504e+00
3.38000e+02 1.1877364124e+03 7.1195687028e+00
3.39000e+02 1.1917792428e+03 7.1043158341e+00
3.40000e+02 1.1958049459e+03 7.0907622274e+00
3.41000e+02 1.1993750103e+03 6.3060582828e+00
3.42000e+02 1.2029579431e+03 2.1313876636e+01
3.43000e+02 1.2070098700e+03 7.0927679613e+00
3.44000e+02 1.2110389649e+03 7.0890668656e+00
3.45000e+02 1.2150771405e+03 7.0682265489e+00
3.46000e+02 1.2190462085e+03 1.9074268050e+01
3.47000e+02 1.2226757979e+03 2.3312783785e+01
3.48000e+02 1.2263093783e+03 2.8956577809e+01
3.49000e+02 1.2299534333e+03 6.2807154642e+00
3.50000e+02 1.2335929845e+03 6.2804055162e+00
3.51000e+02 1.2372402754e+03 6.2773609695e+00
3.52000e+02 1.2408818294e+03 6.2730864551e+00
3.53000e+02 1.2448358377e+03 5.3295380223e+01
3.54000e+02 1.2487951841e+03 3.5825267691e+01
3.55000e+02 1.2527318998e+03 1.1583064945e+01
3.56000e+02 1.2566837974e+03 6.8593902978e+00
3.57000e+02 1.2603109352e+03 6.2466603756e+00
3.58000e+02 1.2639432158e+03 6.8575655602e+00
3.59000e+02 1.2675861926e+03 6.8665469680e+00
3.60000e+02 1.2720016640e+03 1.4979372063e+01
3.61000e+02 1.2763726236e+03 4.7751354365e+01
3.62000e+02 1.2807317150e+03 1.8391528590e+01
3.63000e+02 1.2855483589e+03 1.9231356633e+01
3.64000e+02 1.2902065708e+03 6.9395694677e+00
3.65000e+02 1.2948236381e+03 1.4465512324e+01
3.66000e+02 1.2994537943e+03 8.1897359983e+00
3.67000e+02 1.3037562536e+03 8.3391158193e+00
3.68000e+02 1.3080633540e+03 1.5238851604e+01
3.69000e+02 1.3126839440e+03 8.1850691020e+00
3.70000e+02 1.3174354529e+03 2.6995697607e+01
3.71000e+02 1.3217421522e+03 1.5159352407e+01
3.72000e+02 1.3260588455e+03 1.5101794964e+01
3.73000e+02 1.3308441459e+03 1.5082832771e+01
3.74000e+02 1.3354800844e+03 8.1826663093e+00
3.75000e+02 1.3400790035e+03 8.1528126395e+00
3.76000e+02 1.3446937932e+03 8.1235110005e+00
3.77000e+02 1.3489830988e+03 1.5073539526e+01
3.78000e+02 1.3541271239e+03 1.5151052965e+00
3.79000e+02 1.3596965473e+03 1.7073994076e+01
3.80000e+02 1.3652235854e+03 3.2900199259e+01
3.81000e+02 1.3707524277e+03 9.9384842181e+00
3.82000e+02 1.3760582145e+03 6.9099711737e-01
3.83000e+02 1.3813270668e+03 1.8764385902e+01
3.84000e+02 1.3868089894e+03 9.8834303154e+00
3.85000e+02 1.3918477450e+03 9.7883603472e+00
3.86000e+02 1.3960565194e+03 3.4855854411e+01
3.87000e+02 1.4006196889e+03 9.1678640779e+00
3.88000e+02 1.4052043095e+03 2.7183151536e+01
3.89000e+02 1.4097739611e+03 8.0001445149e+00
3.90000e+02 1.4143649928e+03 7.9985555288e+00
3.91000e+02 1.4186341104e+03 2.7258096674e+01
3.92000e+02 1.4237587678e+03 2.6966098189e+01
3.93000e+02 1.4293110654e+03 2.5881221428e+01
3.94000e+02 1.4348228361e+03 2.5885188298e+01
3.95000e+02 1.4403378431e+03 9.8377932284e+00
3.96000e+02 1.4458276980e+03 9.8060395414e+00
3.97000e+02 1.4508609367e+03 2.6933615191e+01
3.98000e+02 1.4559024459e+03 3.5600147419e+01
3.99000e+02 1.4609459379e+03 3.5574800541e+01
4.00000e+02 1.4659923737e+03 8.8728709158e+00
4.01000e+02 1.4710382023e+03 8.8663347218e+00
4.02000e+02 1.4752470284e+03 1.7150892242e+01
4.03000e+02 1.4798072750e+03 2.7652469341e+01
4.04000e+02 1.4845073387e+03 1.6935621421e+01
4.05000e+02 1.4892382907e+03 2.5930864293e+01
4.06000e+02 1.4938358463e+03 2.7631340706e+01
4.07000e+02 1.4980977019e+03 4.5595720943e+01
4.08000e+02 1.5032131949e+03 1.7106046295e+01
4.09000e+02 1.5087567344e+03 8.1258749312e-01
4.10000e+02 1.5140638202e+03 8.8191221346e+00
4.11000e+02 1.5193284794e+03 1.7623098332e+01
4.12000e+02 1.5248029580e+03 9.7657105799e+00
4.13000e+02 1.5303003431e+03 9.7097905012e+00
4.14000e+02 1.5357765909e+03 9.7018500046e+00
4.15000e+02 1.5407981918e+03 1.7064712497e+01
4.16000e+02 1.5458294804e+03 1.0427651224e+01
4.17000e+02 1.5513314617e+03 9.6967443243e+00
4.18000e+02 1.5568076947e+03 9.6870327832e+00
4.19000e+02 1.5618276443e+03 1.0415572191e+01
4.20000e+02 1.5668566200e+03 9.6847347658e+00
4.21000e+02 1.5723560595e+03 9.6748038843e+00
4.22000e+02 1.5778298096e+03 9.6626462031e+00
4.23000e+02 1.5833144365e+03 9.6381710010e+00
4.24000e+02 1.5885856351e+03 9.4599960248e+00
4.25000e+02 1.5935189662e+03 3.7852689338e+01
4.26000e+02 1.5984603728e+03 7.4281826054e+01
4.27000e+02 1.6034111413e+03 8.5745262610e+00
4.28000e+02 1.6083602594e+03 8.5736631859e+00
4.29000e+02 1.6133154475e+03 8.5695091075e+00
4.30000e+02 1.6182673995e+03 8.5637735191e+00
4.31000e+02 1.6235299423e+03 3.8776305988e+01
4.32000e+02 1.6288000585e+03 4.5444762247e+01
4.33000e+02 1.6340458032e+03 1.5878642360e+01
4.34000e+02 1.6393089494e+03 9.1474788063e+00
4.35000e+02 1.6445507690e+03 9.1344061816e+00
4.36000e+02 1.6498113169e+03 9.1226735101e+00
4.37000e+02 1.6547458946e+03 8.5345992986e+00
4.38000e+02 1.6596882032e+03 1.8270077161e+01
4.39000e+02 1.6646393359e+03 1.8268362120e+01
4.40000e+02 1.6705081036e+03 2.0133453813e+01
4.41000e+02 1.6763303164e+03 5.4406508580e+01
4.42000e+02 1.6812233848e+03 8.4471976246e+00
4.43000e+02 1.6864610276e+03 9.1093740608e+00
4.44000e+02 1.6919089596e+03 4.3735535340e+01
4.45000e+02 1.6973834853e+03 4.3681698568e+01
4.46000e+02 1.7028397593e+03 9.5135381922e+00
4.47000e+02 1.7083106174e+03 9.5003571422e+00
4.48000e+02 1.7137634537e+03 9.4874191047e+00
4.49000e+02 1.7187642831e+03 7.6173669364e+00
4.50000e+02 1.7229416464e+03 1.1187832474e-01
4.51000e+02 1.7274758554e+03 2.7822999686e+01
4.52000e+02 1.7320334255e+03 3.6192463506e+01
4.53000e+02 1.7362727230e+03 7.6151488516e+00
4.54000e+02 1.7405233897e+03 2.7868480126e+01
4.55000e+02 1.7447878469e+03 2.7865771218e+01
4.56000e+02 1.7490521583e+03 7.0600804622e+00
4.57000e+02 1.7533258924e+03 7.0622973047e+00
4.58000e+02 1.7584431486e+03 5.2377362281e+01
4.59000e+02 1.7635159152e+03 3.4853802754e+01
4.60000e+02 1.7677360965e+03 7.0111048804e+00
4.61000e+02 1.7719963335e+03 6.9905966963e+00
4.62000e+02 1.7771066904e+03 2.3425746168e+01
4.63000e+02 1.7826440616e+03 1.7174282240e+01
4.64000e+02 1.7881408163e+03 2.3476563866e+01
4.65000e+02 1.7931736422e+03 8.6508738251e+00
4.66000e+02 1.7982108543e+03 8.5690780434e+00
4.67000e+02 1.8032479495e+03 8.5647783392e+00
4.68000e+02 1.8074488729e+03 6.9643481577e+00
4.69000e+02 1.8120007994e+03 2.3470804802e+01
4.70000e+02 1.8165726081e+03 2.3461572622e+01
4.71000e+02 1.8208236091e+03 1.0237993674e+01
4.72000e+02 1.8259290357e+03 8.6244281099e+00
4.73000e+02 1.8309947446e+03 8.6444172941e+00
4.74000e+02 1.8360501774e+03 8.5857791172e+00
4.75000e+02 1.8410987076e+03 8.5600146140e+00
4.76000e+02 1.8453066238e+03 1.0234748549e+01
4.77000e+02 1.8498639062e+03 7.6202171687e+00
4.78000e+02 1.8544399129e+03 7.8698965669e+00
4.79000e+02 1.8586942392e+03 1.7196322367e+01
4.80000e+02 1.8638027014e+03 8.6044838906e+00
4.81000e+02 1.8693391033e+03 3.1299168514e+01
4.82000e+02 1.8748353520e+03 3.4385157889e+01
4.83000e+02 1.8798679121e+03 8.5799094200e+00
4.84000e+02 1.8849050111e+03 8.4999663333e+00
4.85000e+02 1.8904097986e+03 1.8842270304e+01
4.86000e+02 1.8958867431e+03 9.4107917547e+00
4.87000e+02 1.9009059850e+03 8.4781481861e+00
4.88000e+02 1.9059332354e+03 8.4598213955e+00
4.89000e+02 1.9114302067e+03 9.3935648210e+00
4.90000e+02 1.9167070647e+03 1.7879977354e+01
4.91000e+02 1.9219480671e+03 3.6821012395e+01
4.92000e+02 1.9272070919e+03 1.9334130497e+01
4.93000e+02 1.9324454740e+03 8.8990077580e+00
4.94000e+02 1.9378962598e+03 9.3580125610e+00
4.95000e+02 1.9429057708e+03 8.4416305630e+00
4.96000e+02 1.9479258895e+03 8.4260573478e+00
4.97000e+02 1.9529494979e+03 8.4317286951e+00
4.98000e+02 1.9571404018e+03 4.5404186240e+01
4.99000e+02 1.9616841627e+03 2.4759468450e-01
5.00000e+02 1.9663670987e+03 1.4315368482e+01
5.01000e+02 1.9710818828e+03 2.2867520436e+01
5.02000e+02 1.9756655997e+03 7.9674538136e+00
5.03000e+02 1.9799143920e+03 3.5094918935e+01
5.04000e+02 1.9850163391e+03 1.6266559914e+01
5.05000e+02 1.9905467914e+03 8.1566820695e-01
5.06000e+02 1.9958424929e+03 7.7770832048e+00
5.07000e+02 2.0010961314e+03 1.5991643506e+01
5.08000e+02 2.0065587439e+03 9.3559636473e+00
5.09000e+02 2.0120446200e+03 9.3020314662e+00
5.10000e+02 2.0175097065e+03 9.2952035419e+00
5.11000e+02 2.0229875959e+03 9.2779216005e+00
5.12000e+02 2.0284460527e+03 9.2620138909e+00
5.13000e+02 2.0339185808e+03 9.2473906242e+00
5.14000e+02 2.0391804658e+03 8.8767366966e+00
5.15000e+02 2.0444103091e+03 2.6880759964e+01
5.16000e+02 2.0496603376e+03 2.6842022715e+01
5.17000e+02 2.0548912526e+03 8.7795571891e+00
5.18000e+02 2.0603349025e+03 9.2233363785e+00
5.19000e+02 2.0658055429e+03 9.2122253472e+00
5.20000e+02 2.0712580033e+03 9.2118235896e+00
5.21000e+02 2.0767250950e+03 9.1990630416e+00
5.22000e+02 2.0819825678e+03 8.7782219878e+00
5.23000e+02 2.0869033471e+03 1.5778166019e+01
5.24000e+02 2.0918330389e+03 5.2091749402e+01
5.25000e+02 2.0967728003e+03 3.6952460828e+01
5.26000e+02 2.1017114229e+03 8.1516169423e+00
5.27000e+02 2.1069621945e+03 9.6580958487e+00
5.28000e+02 2.1124147916e+03 9.1900007441e+00
5.29000e+02 2.1174224944e+03 6.1311331701e+01
5.30000e+02 2.1224392424e+03 5.3403386726e+01
5.31000e+02 2.1274587453e+03 8.2848395250e+00
5.32000e+02 2.1316455912e+03 7.5397490743e-01
5.33000e+02 2.1361851928e+03 8.4696407829e+00
5.34000e+02 2.1408634257e+03 1.3983530189e+01
5.35000e+02 2.1455735071e+03 2.2393347180e+01
5.36000e+02 2.1502709698e+03 7.6322891200e+00
5.37000e+02 2.1545180342e+03 7.7243850732e-01
5.38000e+02 2.1587802321e+03 1.5135063888e+01
5.39000e+02 2.1635149541e+03 7.6492974451e+00
5.40000e+02 2.1681083602e+03 1.7445542133e+01
5.41000e+02 2.1726674812e+03 2.1613722829e+01
5.42000e+02 2.1773636833e+03 7.6403876545e+00
5.43000e+02 2.1816208255e+03 1.5130006596e+01
5.44000e+02 2.1851292275e+03 2.9374836404e+01
5.45000e+02 2.1889944691e+03 6.9388678971e+00
5.46000e+02 2.1928816144e+03 2.7817777400e+01
5.47000e+02 2.1967565570e+03 5.9512002980e+00
5.48000e+02 2.2006983501e+03 7.5440903785e-01
5.49000e+02 2.2042053692e+03 5.9555912348e+00
5.50000e+02 2.2070415527e+03 1.2204959641e+01
5.51000e+02 2.2099306449e+03 4.8384233175e+01
5.52000e+02 2.2128294684e+03 3.9622789675e+00
5.53000e+02 2.2160521434e+03 6.5226764630e-01
5.54000e+02 2.2192861460e+03 9.1917453000e+00
5.55000e+02 2.2221992646e+03 3.9823431067e+00
5.56000e+02 2.2251194208e+03 3.9996934631e+00
5.57000e+02 2.2280542620e+03 4.0174164289e+00
5.58000e+02 2.2316862616e+03 1.2049588534e+01
5.59000e+02 2.2357459545e+03 2.2081770888e+01
5.60000e+02 2.2397694262e+03 2.2141367663e+01
5.61000e+02 2.2433279193e+03 2.0198239142e+01
5.62000e+02 2.2468944196e+03 2.0112541570e+01
5.63000e+02 2.2504595127e+03 5.2840885612e+00
5.64000e+02 2.2540296644e+03 5.2824558204e+00
5.65000e+02 2.2580646835e+03 6.2168451301e+00
5.66000e+02 2.2620746610e+03 8.4218007001e+00
5.67000e+02 2.2656250971e+03 5.2625163302e+00
5.68000e+02 2.2684938597e+03 3.9620053721e+00
5.69000e+02 2.2714108290e+03 1.0536789999e+01
5.70000e+02 2.2743342825e+03 1.0580944101e+01
5.71000e+02 2.2772736376e+03 3.9961304214e+00
5.72000e+02 2.2809113182e+03 5.3247827833e+00
5.73000e+02 2.2845088201e+03 5.3665238029e+00
5.74000e+02 2.2874040817e+03 3.9639423910e+00
5.75000e+02 2.2903397048e+03 3.9562464819e+00
5.76000e+02 2.2932774643e+03 3.9947880863e+00
5.77000e+02 2.2962282432e+03 4.0059490922e+00
5.78000e+02 2.2998764617e+03 5.3716951547e+00
5.79000e+02 2.3034829337e+03 6.6140285269e+00
5.80000e+02 2.3070815420e+03 6.5578042970e+00
5.81000e+02 2.3106709137e+03 5.2954112486e+00
5.82000e+02 2.3135651147e+03 3.9583847045e+00
5.83000e+02 2.3165014791e+03 5.2980970376e+00
5.84000e+02 2.3194408333e+03 5.3379520667e+00
5.85000e+02 2.3226989373e+03 2.3872880392e+01
5.86000e+02 2.3259646181e+03 3.5788857755e+01
5.87000e+02 2.3292117129e+03 2.1087161903e+01
5.88000e+02 2.3324747934e+03 4.6040480338e+00
5.89000e+02 2.3357212752e+03 4.5988309565e+00
5.90000e+02 2.3389602092e+03 2.1744897987e+01
5.91000e+02 2.3417624437e+03 3.1873915787e+00
5.92000e+02 2.3439627019e+03 8.4617846082e+00
5.93000e+02 2.3462134552e+03 1.1742240552e+01
5.94000e+02 2.3490976211e+03 7.7598776523e+00
5.95000e+02 2.3524165935e+03 3.3394947305e+01
5.96000e+02 2.3557052616e+03 8.6706783349e+00
5.97000e+02 2.3589983683e+03 4.6616798550e+00
5.98000e+02 2.3622733060e+03 4.6432878385e+00
5.99000e+02 2.3650910425e+03 8.4688248932e+00
6.00000e+02 2.3679231098e+03 1.0041659754e+01
6.01000e+02 2.3712234497e+03 4.6458776848e+00
6.02000e+02 2.3745236704e+03 7.1609902930e+00
6.03000e+02 2.3774814732e+03 6.0629336298e+00
6.04000e+02 2.3804405138e+03 9.3452708931e+00
6.05000e+02 2.3837154674e+03 9.3546619707e+00
6.06000e+02 2.3869734561e+03 4.6242828778e+00
6.07000e+02 2.3897903301e+03 9.3350630847e+00
6.08000e+02 2.3920016191e+03 1.1067090368e-02
6.09000e+02 2.3945675710e+03 3.9106569679e+00
6.10000e+02 2.3971506850e+03 1.0005328929e+01
6.11000e+02 2.3997222175e+03 3.2088846570e+00
6.12000e+02 2.4023121557e+03 3.2125000441e+00
6.13000e+02 2.4048891572e+03 3.2147566191e+00
6.14000e+02 2.4073869099e+03 2.2908578351e+00
6.15000e+02 2.4094508923e+03 7.4183548178e-01
6.16000e+02 2.4109883618e+03 9.6501445107e+00
6.17000e+02 2.4125771169e+03 1.2262544167e+01
6.18000e+02 2.4147263998e+03 6.2684476531e+00
6.19000e+02 2.4173124180e+03 1.0317928678e+01
6.20000e+02 2.4199633076e+03 4.4399921363e+00
6.21000e+02 2.4222676787e+03 7.1561613915e-01
6.22000e+02 2.4245700606e+03 2.6473117311e+00
6.23000e+02 2.4268826750e+03 2.6529076315e+00
6.24000e+02 2.4298194776e+03 8.7851302101e+00
6.25000e+02 2.4331819312e+03 5.2119875315e+00
6.26000e+02 2.4365076196e+03 1.3291228077e+01
6.27000e+02 2.4393660505e+03 1.3079607195e+01
6.28000e+02 2.4416078994e+03 2.5897218539e+00
6.29000e+02 2.4438940895e+03 2.5607078181e+00
6.30000e+02 2.4461828160e+03 2.6050246646e+00
6.31000e+02 2.4487914343e+03 9.1855288364e+00
6.32000e+02 2.4514065634e+03 7.9730838994e+00
6.33000e+02 2.4540044457e+03 3.2360149074e+00
6.34000e+02 2.4566172740e+03 3.2304781526e+00
6.35000e+02 2.4589090809e+03 2.6080363672e+00
6.36000e+02 2.4612051498e+03 5.3256633752e+00
6.37000e+02 2.4635147161e+03 5.3380971878e+00
6.38000e+02 2.4658186676e+03 2.6277490365e+00
6.39000e+02 2.4681330353e+03 2.6299227486e+00
6.40000e+02 2.4710724252e+03 5.2093627448e+00
6.41000e+02 2.4739699440e+03 1.3174098653e+01
6.42000e+02 2.4762337820e+03 2.5871794009e+00
6.43000e+02 2.4788409376e+03 3.2365209014e+00
6.44000e+02 2.4814586652e+03 5.2520586152e+00
6.45000e+02 2.4840599178e+03 5.2409035206e+00
6.46000e+02 2.4865819493e+03 1.2219409332e+01
6.47000e+02 2.4886681613e+03 1.7732854751e+00
6.48000e+02 2.4902241537e+03 2.5139419993e+00
6.49000e+02 2.4921349057e+03 2.0411563839e-01
6.50000e+02 2.4938927865e+03 1.0073614099e+00
6.51000e+02 2.4952201132e+03 1.7525428112e+00
6.52000e+02 2.4960967372e+03 8.8327995675e-01
6.53000e+02 2.4970255640e+03 2.8280826418e+00
6.54000e+02 2.4979592460e+03 5.7058088805e-02
6.55000e+02 2.4989137389e+03 8.2667115422e-02
6.56000e+02 2.4998644485e+03 1.7027624454e-02
6.57000e+02 2.5011370115e+03 3.6816504771e-01
6.58000e+02 2.5021746404e+03 1.0305383659e+00
6.59000e+02 2.5032449291e+03 1.6669246883e+01
6.60000e+02 2.5045496974e+03 2.0727137178e+00
6.61000e+02 2.5058213894e+03 1.0286368301e+00
6.62000e+02 2.5071039874e+03 1.0054378740e+00
6.63000e+02 2.5080679364e+03 2.6466696010e-02
6.64000e+02 2.5090342478e+03 1.4110068216e+00
6.65000e+02 2.5103223943e+03 5.6928120976e-01
6.66000e+02 2.5116145813e+03 5.7830087455e-01
6.67000e+02 2.5128915079e+03 5.6650267924e-01
6.68000e+02 2.5139426105e+03 1.2068266521e-01
6.69000e+02 2.5150276776e+03 1.1453276973e+00
6.70000e+02 2.5163456957e+03 5.9176736940e-01
6.71000e+02 2.5173250164e+03 1.4249675188e+00
6.72000e+02 2.5183032126e+03 1.1465329470e+00
6.73000e+02 2.5192960939e+03 1.1589470252e+00
6.74000e+02 2.5202807260e+03 6.4359031893e-03
6.75000e+02 2.5215834983e+03 6.1702122746e-01
6.76000e+02 2.5228884212e+03 6.0330890151e-01
6.77000e+02 2.5241765677e+03 5.8807989369e-01
6.78000e+02 2.5254764540e+03 5.8245529930e-01
6.79000e+02 2.5267623722e+03 5.7964442559e-01
6.80000e+02 2.5278236989e+03 1.1544065247e+00
6.81000e+02 2.5289188848e+03 1.7858728187e+00
6.82000e+02 2.5302457924e+03 6.0608606137e-01
6.83000e+02 2.5312337217e+03 1.4775023453e-03
6.84000e+02 2.5327087423e+03 1.8116477640e+01
6.85000e+02 2.5341474064e+03 3.9450888850e+00
6.86000e+02 2.5355855701e+03 8.6880867895e-01
6.87000e+02 2.5374810425e+03 1.4057663788e+00
6.88000e+02 2.5395111021e+03 7.0315207478e-01
6.89000e+02 2.5414979546e+03 2.0088632383e+00
6.90000e+02 2.5434911044e+03 1.9699444411e+00
6.91000e+02 2.5454648945e+03 1.9549121218e+00
6.92000e+02 2.5472865949e+03 3.9488213246e+00
6.93000e+02 2.5491387575e+03 2.6271137155e+00
6.94000e+02 2.5511439890e+03 1.9650389858e+00
6.95000e+02 2.5531136437e+03 1.9589384316e+00
6.96000e+02 2.5550939569e+03 1.9320612042e+00
6.97000e+02 2.5570578051e+03 1.9243227310e+00
6.98000e+02 2.5588707633e+03 2.6157443892e+00
6.99000e+02 2.5607158347e+03 3.8861118535e+00
7.00000e+02 2.5625537359e+03 3.9071687728e+00
7.01000e+02 2.5639360746e+03 8.1161441375e-01
7.02000e+02 2.5648559833e+03 9.5574268564e+00
7.03000e+02 2.5658237192e+03 9.5276760010e+00
7.04000e+02 2.5672801711e+03 7.0236955757e+00
7.05000e+02 2.5691721728e+03 1.7065973987e+00
7.06000e+02 2.5711971989e+03 1.9671112876e+00
7.07000e+02 2.5728739507e+03 1.1264831668e+00
7.08000e+02 2.5751085805e+03 2.4830687256e+00
7.09000e+02 2.5773021779e+03 1.0308516322e+01
7.10000e+02 2.5789321808e+03 1.7006054277e+00
7.11000e+02 2.5809039675e+03 1.9730826910e+00
7.12000e+02 2.5828839603e+03 1.9260763270e+00
7.13000e+02 2.5848477817e+03 1.9161849110e+00
7.14000e+02 2.5866609518e+03 4.0788718987e+00
7.15000e+02 2.5885063527e+03 4.0281922784e+00
7.16000e+02 2.5905067040e+03 1.9346271858e+00
7.17000e+02 2.5924723595e+03 1.9345266951e+00
7.18000e+02 2.5942853934e+03 1.6253156094e+00
7.19000e+02 2.5961300802e+03 1.6229761996e+00
7.20000e+02 2.5979675624e+03 1.6458015284e+00
7.21000e+02 2.5998170850e+03 1.6489914039e+00
7.22000e+02 2.6016565114e+03 1.6492866305e+00
7.23000e+02 2.6035070816e+03 1.6486849941e+00
7.24000e+02 2.6053472525e+03 1.6477808508e+00
7.25000e+02 2.6067309631e+03 8.0988681846e-01
7.26000e+02 2.6076518032e+03 4.1182964409e+00
7.27000e+02 2.6089252579e+03 5.7818887831e+00
7.28000e+02 2.6099737161e+03 7.9171277630e-01
7.29000e+02 2.6105914629e+03 2.1490662029e+00
7.30000e+02 2.6108298855e+03 5.0936894257e+00
7.31000e+02 2.6114245474e+03 1.4697138575e+00
7.32000e+02 2.6117211188e+03 7.5188683162e-01
7.33000e+02 2.6120580205e+03 1.4095913854e+00
7.34000e+02 2.6123976823e+03 1.3650913690e+00
7.35000e+02 2.6127524671e+03 1.3458431801e+00
7.36000e+02 2.6131040035e+03 1.3326226641e+00
7.37000e+02 2.6134678674e+03 1.3222110402e+00
7.38000e+02 2.6138266266e+03 1.3136659869e+00
7.39000e+02 2.6137293783e+03 4.3736006494e+00
7.40000e+02 2.6133189173e+03 2.1171277149e+00
7.41000e+02 2.6132611312e+03 5.4109516779e+00
7.42000e+02 2.6128304551e+03 2.4500161826e+00
7.43000e+02 2.6119721841e+03 2.8760333018e+00
7.44000e+02 2.6108837135e+03 6.0835502921e+00
7.45000e+02 2.6098465825e+03 2.3329722594e-01
7.46000e+02 2.6088092702e+03 5.1158258480e-02
7.47000e+02 2.6081010224e+03 1.7971044712e+00
7.48000e+02 2.6069417441e+03 3.6017595124e+00
7.49000e+02 2.6053537239e+03 6.6183644010e+00
7.50000e+02 2.6036082747e+03 1.0871704292e+00
7.51000e+02 2.6022186285e+03 4.0536293470e+00
7.52000e+02 2.6003099495e+03 1.1156949625e+00
7.53000e+02 2.5979773128e+03 2.0372230659e-01
7.54000e+02 2.5955644479e+03 4.7169913313e+00
7.55000e+02 2.5935081916e+03 6.6661020540e-01
7.56000e+02 2.5908593009e+03 7.4021169768e-01
7.57000e+02 2.5882560230e+03 5.2041589818e+00
7.58000e+02 2.5856659257e+03 5.1401613655e+00
7.59000e+02 2.5826230297e+03 1.6585981140e+00
7.60000e+02 2.5796140205e+03 5.5762657556e+00
7.61000e+02 2.5770716935e+03 6.0950984777e-02
7.62000e+02 2.5745243560e+03 1.0364978949e-01
7.63000e+02 2.5719818356e+03 1.9343213273e-04
7.64000e+02 2.5694375740e+03 2.8826018053e-03
7.65000e+02 2.5664324989e+03 3.7261145644e+00
7.66000e+02 2.5634554978e+03 9.2704949504e-02
7.67000e+02 2.5609410901e+03 2.8112698054e-02
7.68000e+02 2.5584184438e+03 4.9699913241e-02
7.69000e+02 2.5554310981e+03 1.7729462493e-02
7.70000e+02 2.5524692672e+03 4.3254714281e-02
7.71000e+02 2.5495013243e+03 1.9402779488e-02
7.72000e+02 2.5465529413e+03 1.3447868628e-02
7.73000e+02 2.5440620874e+03 2.3553782905e-02
7.74000e+02 2.5415596619e+03 4.3751112950e-02
7.75000e+02 2.5385903884e+03 1.3306073325e-03
7.76000e+02 2.5355899527e+03 1.2535145072e+00
7.77000e+02 2.5326307202e+03 6.9382979463e+00
7.78000e+02 2.5296607205e+03 3.0436082751e-02
7.79000e+02 2.5270170893e+03 5.8737486529e-01
7.80000e+02 2.5237035832e+03 8.1108066318e-01
7.81000e+02 2.5199618987e+03 1.9942663613e+00
7.82000e+02 2.5162593505e+03 7.3063496876e-01
7.83000e+02 2.5130229430e+03 7.4555353056e-01
7.84000e+02 2.5097819180e+03 6.7232693183e-01
7.85000e+02 2.5065436121e+03 1.8984019939e-03
7.86000e+02 2.5039633105e+03 7.2527381983e+00
7.87000e+02 2.5010371064e+03 6.3434131774e-02
7.88000e+02 2.4981568525e+03 7.5589793487e-02
7.89000e+02 2.4952441003e+03 8.2893231473e-01
7.90000e+02 2.4923426225e+03 2.1223761383e-02
7.91000e+02 2.4894269461e+03 2.9242301550e-03
7.92000e+02 2.4865250861e+03 3.8223469676e-04
7.93000e+02 2.4840768655e+03 6.4554002489e+00
7.94000e+02 2.4821974125e+03 7.0084864460e-01
7.95000e+02 2.4799659516e+03 6.9474316650e-01
7.96000e+02 2.4778532088e+03 5.6598276906e+00
7.97000e+02 2.4757034823e+03 7.6594997461e-01
7.98000e+02 2.4735598240e+03 4.6397575115e-01
7.99000e+02 2.4718672532e+03 1.4557975386e+00
8.00000e+02 2.4701555869e+03 3.4671408228e+00
8.01000e+02 2.4684402646e+03 2.2751431199e-02
8.02000e+02 2.4672254530e+03 6.6464147536e-01
8.03000e+02 2.4656613242e+03 6.6733200428e-01
8.04000e+02 2.4642916452e+03 1.7107011577e+00
8.05000e+02 2.4633518622e+03 1.4395161842e+00
8.06000e+02 2.4623868398e+03 2.1619918523e+00
8.07000e+02 2.4614166929e+03 3.0363930643e-02
8.08000e+02 2.4604326210e+03 4.9383129580e-02
8.09000e+02 2.4589820947e+03 6.9920018547e-01
8.10000e+02 2.4575504215e+03 1.3457488372e+00
8.11000e+02 2.4561113003e+03 1.1405046464e-02
8.12000e+02 2.4544816116e+03 7.5352352549e-01
8.13000e+02 2.4528899921e+03 7.2527929495e-01
8.14000e+02 2.4512880580e+03 2.7754539169e-02
8.15000e+02 2.4500087785e+03 4.5170090629e+00
8.16000e+02 2.4487274521e+03 4.5790069025e+00
8.17000e+02 2.4474331087e+03 3.9840201277e+00
8.18000e+02 2.4456268491e+03 8.2218765490e-01
8.19000e+02 2.4438582321e+03 5.3728980601e+00
8.20000e+02 2.4420938909e+03 1.5926518239e+00
8.21000e+02 2.4398716021e+03 2.6708684931e-03
8.22000e+02 2.4376764797e+03 2.4006876872e+00
8.23000e+02 2.4354776120e+03 2.3421206619e-02
8.24000e+02 2.4331672785e+03 5.9469669676e+00
8.25000e+02 2.4312022209e+03 1.2761859627e+00
8.26000e+02 2.4286465899e+03 7.7056027585e-01
8.27000e+02 2.4256627352e+03 6.7260070135e+00
8.28000e+02 2.4227160211e+03 4.4818783517e+00
8.29000e+02 2.4202361737e+03 7.1123039747e-01
8.30000e+02 2.4177501498e+03 4.3945964363e+00
8.31000e+02 2.4148005018e+03 3.4206597928e-02
8.32000e+02 2.4118196422e+03 6.7052605266e-01
8.33000e+02 2.4088813128e+03 7.9298586345e+00
8.34000e+02 2.4059927751e+03 6.5234275316e-01
8.35000e+02 2.4035437849e+03 3.0857228598e-02
8.36000e+02 2.4010805340e+03 5.3599380604e-02
8.37000e+02 2.3981491866e+03 6.5155484871e-01
8.38000e+02 2.3952407920e+03 1.0969416237e-02
8.39000e+02 2.3927913977e+03 4.0407707206e-04
8.40000e+02 2.3909139338e+03 5.8510833383e+00
8.41000e+02 2.3889915473e+03 5.8025611979e+00
8.42000e+02 2.3864768258e+03 5.1874262171e-02
