4.9728296004e+01 0.0000000000e+00 0.0000000000e+00 0.0000000000e+00 0.0000000000e+00 0.0000000000e+00 0.0000000000e+00 0.0000000000e+00 
4.9728296004e+01 0.0000000000e+00 0.0000000000e+00 0.0000000000e+00 0.0000000000e+00 5.8785574775e+01 0.0000000000e+00 0.0000000000e+00 
4.9728296004e+01 0.0000000000e+00 0.0000000000e+00 0.0000000000e+00 0.0000000000e+00 5.8785574775e+01 6.2944065737e+01 0.0000000000e+00 
4.9728296004e+01 0.0000000000e+00 1.2533306266e+02 0.0000000000e+00 0.0000000000e+00 5.8785574775e+01 6.2944065737e+01 0.0000000000e+00 
4.9728296004e+01 0.0000000000e+00 1.2533306266e+02 0.0000000000e+00 0.0000000000e+00 5.8785574775e+01 6.2944065737e+01 1.1650283276e+02 
4.9728296004e+01 0.0000000000e+00 1.2533306266e+02 0.0000000000e+00 9.8347724110e+01 5.8785574775e+01 6.2944065737e+01 1.1650283276e+02 
1.4737588649e+02 0.0000000000e+00 1.2533306266e+02 0.0000000000e+00 9.8347724110e+01 5.8785574775e+01 6.2944065737e+01 1.1650283276e+02 
1.4737588649e+02 0.0000000000e+00 1.2533306266e+02 0.0000000000e+00 9.8347724110e+01 1.7476819439e+02 6.2944065737e+01 1.1650283276e+02 
1.4737588649e+02 0.0000000000e+00 1.2533306266e+02 0.0000000000e+00 9.8347724110e+01 1.7476819439e+02 1.8786317133e+02 1.1650283276e+02 
1.4737588649e+02 0.0000000000e+00 1.2533306266e+02 2.0678873406e+02 9.8347724110e+01 1.7476819439e+02 1.8786317133e+02 1.1650283276e+02 
1.4737588649e+02 2.6571945053e+02 1.2533306266e+02 2.0678873406e+02 9.8347724110e+01 1.7476819439e+02 1.8786317133e+02 1.1650283276e+02 
1.4737588649e+02 2.6571945053e+02 2.4963211842e+02 2.0678873406e+02 9.8347724110e+01 1.7476819439e+02 1.8786317133e+02 1.1650283276e+02 
1.4737588649e+02 2.6571945053e+02 2.4963211842e+02 2.0678873406e+02 9.8347724110e+01 1.7476819439e+02 3.1155957148e+02 1.1650283276e+02 
1.4737588649e+02 2.6571945053e+02 3.7319120483e+02 2.0678873406e+02 9.8347724110e+01 1.7476819439e+02 3.1155957148e+02 1.1650283276e+02 
1.4737588649e+02 2.6571945053e+02 3.7319120483e+02 2.0678873406e+02 9.8347724110e+01 1.7476819439e+02 4.3489233169e+02 1.1650283276e+02 
1.4737588649e+02 2.6571945053e+02 4.9631860326e+02 2.0678873406e+02 9.8347724110e+01 1.7476819439e+02 4.3489233169e+02 1.1650283276e+02 
1.4737588649e+02 2.6571945053e+02 4.9631860326e+02 2.0678873406e+02 9.8347724110e+01 1.7476819439e+02 4.3489233169e+02 2.3192710804e+02 
1.4737588649e+02 2.6571945053e+02 4.9631860326e+02 2.0678873406e+02 3.1380818657e+02 1.7476819439e+02 4.3489233169e+02 2.3192710804e+02 
1.4737588649e+02 5.4774178631e+02 4.9631860326e+02 2.0678873406e+02 3.1380818657e+02 1.7476819439e+02 4.3489233169e+02 2.3192710804e+02 
1.4737588649e+02 5.4774178631e+02 4.9631860326e+02 5.9935632440e+02 3.1380818657e+02 1.7476819439e+02 4.3489233169e+02 2.3192710804e+02 
1.4737588649e+02 6.5077388455e+02 4.9631860326e+02 5.9935632440e+02 3.1380818657e+02 1.7476819439e+02 4.3489233169e+02 2.3192710804e+02 
1.4737588649e+02 6.5077388455e+02 4.8860725358e+02 5.9935632440e+02 3.1380818657e+02 1.7476819439e+02 4.3489233169e+02 2.3192710804e+02 
1.4737588649e+02 6.5077388455e+02 4.8860725358e+02 5.9935632440e+02 3.1380818657e+02 1.7476819439e+02 6.5320377086e+02 2.3192710804e+02 
1.4737588649e+02 6.5077388455e+02 7.0683792382e+02 5.9935632440e+02 3.1380818657e+02 1.7476819439e+02 6.5320377086e+02 2.3192710804e+02 
1.4737588649e+02 6.5077388455e+02 7.0683792382e+02 5.9935632440e+02 3.1380818657e+02 1.7476819439e+02 6.5320377086e+02 3.6327259661e+02 
1.4737588649e+02 6.5077388455e+02 7.0683792382e+02 5.9935632440e+02 3.1380818657e+02 7.0245776371e+02 6.5320377086e+02 3.6327259661e+02 
1.4737588649e+02 6.5077388455e+02 7.0683792382e+02 5.9935632440e+02 3.1380818657e+02 7.0245776371e+02 6.5320377086e+02 7.5171723031e+02 
1.4737588649e+02 6.5077388455e+02 7.0683792382e+02 5.9935632440e+02 6.9180127830e+02 7.0245776371e+02 6.5320377086e+02 7.5171723031e+02 
7.4392527214e+02 6.5077388455e+02 7.0683792382e+02 5.9935632440e+02 6.9180127830e+02 7.0245776371e+02 6.5320377086e+02 7.5171723031e+02 
7.4392527214e+02 6.5077388455e+02 7.0683792382e+02 5.9935632440e+02 6.9180127830e+02 8.0165398527e+02 6.5320377086e+02 7.5171723031e+02 
7.4392527214e+02 6.5077388455e+02 7.0683792382e+02 5.9935632440e+02 6.9180127830e+02 8.0165398527e+02 7.6113528163e+02 7.5171723031e+02 
7.4392527214e+02 6.5077388455e+02 8.1500876274e+02 5.9935632440e+02 6.9180127830e+02 8.0165398527e+02 7.6113528163e+02 7.5171723031e+02 
7.4392527214e+02 6.5077388455e+02 8.1500876274e+02 5.9935632440e+02 6.9180127830e+02 8.0165398527e+02 7.6113528163e+02 8.5087464571e+02 
7.4392527214e+02 6.5077388455e+02 8.1500876274e+02 5.9935632440e+02 7.8492207109e+02 8.0165398527e+02 7.6113528163e+02 8.5087464571e+02 
7.4392527214e+02 8.5947467863e+02 8.1500876274e+02 5.9935632440e+02 7.8492207109e+02 8.0165398527e+02 7.6113528163e+02 8.5087464571e+02 
7.4392527214e+02 8.5947467863e+02 8.9668465420e+02 5.9935632440e+02 7.8492207109e+02 8.0165398527e+02 7.6113528163e+02 8.5087464571e+02 
7.4392527214e+02 8.5947467863e+02 8.9668465420e+02 5.9935632440e+02 7.8492207109e+02 8.0165398527e+02 7.6113528163e+02 8.4316329921e+02 
7.4392527214e+02 8.5947467863e+02 8.9668465420e+02 5.9935632440e+02 7.8492207109e+02 8.8480118564e+02 7.6113528163e+02 8.4316329921e+02 
7.4392527214e+02 8.5947467863e+02 8.9668465420e+02 5.9935632440e+02 7.8492207109e+02 8.8480118564e+02 9.4300359632e+02 8.4316329921e+02 
7.4392527214e+02 8.5947467863e+02 9.8906451518e+02 5.9935632440e+02 7.8492207109e+02 8.8480118564e+02 9.4300359632e+02 8.4316329921e+02 
7.4392527214e+02 8.5947467863e+02 9.8906451518e+02 5.9935632440e+02 7.8492207109e+02 8.8480118564e+02 9.4300359632e+02 9.2637439490e+02 
7.4392527214e+02 8.5947467863e+02 9.8906451518e+02 5.9935632440e+02 8.9358813339e+02 8.8480118564e+02 9.4300359632e+02 9.2637439490e+02 
9.2818009426e+02 8.5947467863e+02 9.8906451518e+02 5.9935632440e+02 8.9358813339e+02 8.8480118564e+02 9.4300359632e+02 9.2637439490e+02 
9.2818009426e+02 8.5947467863e+02 9.8906451518e+02 5.9935632440e+02 8.9358813339e+02 9.8533103207e+02 9.4300359632e+02 9.2637439490e+02 
9.2818009426e+02 8.5947467863e+02 9.8906451518e+02 5.9935632440e+02 8.9358813339e+02 9.8533103207e+02 1.0356803334e+03 9.2637439490e+02 
9.2818009426e+02 8.5947467863e+02 9.8906451518e+02 9.7331251120e+02 8.9358813339e+02 9.8533103207e+02 1.0356803334e+03 9.2637439490e+02 
1.0269558577e+03 8.5947467863e+02 9.8906451518e+02 9.7331251120e+02 8.9358813339e+02 9.8533103207e+02 1.0356803334e+03 9.2637439490e+02 
1.0269558577e+03 8.5947467863e+02 9.8906451518e+02 9.7331251120e+02 8.9358813339e+02 1.0857342141e+03 1.0356803334e+03 9.2637439490e+02 
1.0269558577e+03 8.5947467863e+02 9.8906451518e+02 9.7331251120e+02 8.9358813339e+02 1.0857342141e+03 1.0434089958e+03 9.2637439490e+02 
1.0269558577e+03 8.5947467863e+02 1.0972739370e+03 9.7331251120e+02 8.9358813339e+02 1.0857342141e+03 1.0434089958e+03 9.2637439490e+02 
1.0269558577e+03 8.5947467863e+02 1.0972739370e+03 9.7331251120e+02 8.9358813339e+02 1.0857342141e+03 1.0434089958e+03 1.1349045214e+03 
1.0269558577e+03 8.5947467863e+02 1.0972739370e+03 9.7331251120e+02 1.0678524194e+03 1.0857342141e+03 1.0434089958e+03 1.1349045214e+03 
1.0269558577e+03 1.1416174217e+03 1.0972739370e+03 9.7331251120e+02 1.0678524194e+03 1.0857342141e+03 1.0434089958e+03 1.1349045214e+03 
1.0269558577e+03 1.1416174217e+03 1.1805870489e+03 9.7331251120e+02 1.0678524194e+03 1.0857342141e+03 1.0434089958e+03 1.1349045214e+03 
1.0269558577e+03 1.1416174217e+03 1.1805870489e+03 9.7331251120e+02 1.0678524194e+03 1.0857342141e+03 1.2265291858e+03 1.1349045214e+03 
1.0269558577e+03 1.1416174217e+03 1.2722869230e+03 9.7331251120e+02 1.0678524194e+03 1.0857342141e+03 1.2265291858e+03 1.1349045214e+03 
1.0269558577e+03 1.1416174217e+03 1.2722869230e+03 9.7331251120e+02 1.0678524194e+03 1.0857342141e+03 1.2265291858e+03 1.1271184887e+03 
1.0269558577e+03 1.1416174217e+03 1.2722869230e+03 9.7331251120e+02 1.1754729408e+03 1.0857342141e+03 1.2265291858e+03 1.1271184887e+03 
1.0269558577e+03 1.3095809937e+03 1.2722869230e+03 9.7331251120e+02 1.1754729408e+03 1.0857342141e+03 1.2265291858e+03 1.1271184887e+03 
1.0269558577e+03 1.3095809937e+03 1.2645227923e+03 9.7331251120e+02 1.1754729408e+03 1.0857342141e+03 1.2265291858e+03 1.1271184887e+03 
1.0269558577e+03 1.3095809937e+03 1.2645227923e+03 9.7331251120e+02 1.1754729408e+03 1.0857342141e+03 1.2265291858e+03 1.2091922476e+03 
1.0269558577e+03 1.3095809937e+03 1.2645227923e+03 9.7331251120e+02 1.1754729408e+03 1.2604041393e+03 1.2265291858e+03 1.2091922476e+03 
1.0269558577e+03 1.3095809937e+03 1.2645227923e+03 9.7331251120e+02 1.1754729408e+03 1.2604041393e+03 1.3031029209e+03 1.2091922476e+03 
1.0269558577e+03 1.3095809937e+03 1.2645227923e+03 1.3474684663e+03 1.1754729408e+03 1.2604041393e+03 1.3031029209e+03 1.2091922476e+03 
1.0269558577e+03 1.3849777179e+03 1.2645227923e+03 1.3474684663e+03 1.1754729408e+03 1.2604041393e+03 1.3031029209e+03 1.2091922476e+03 
1.0269558577e+03 1.3849777179e+03 1.2645227923e+03 1.4226185320e+03 1.1754729408e+03 1.2604041393e+03 1.3031029209e+03 1.2091922476e+03 
1.0269558577e+03 1.4600519703e+03 1.2645227923e+03 1.4226185320e+03 1.1754729408e+03 1.2604041393e+03 1.3031029209e+03 1.2091922476e+03 
1.0269558577e+03 1.4600519703e+03 1.3412968551e+03 1.4226185320e+03 1.1754729408e+03 1.2604041393e+03 1.3031029209e+03 1.2091922476e+03 
1.0269558577e+03 1.4600519703e+03 1.3412968551e+03 1.4226185320e+03 1.1754729408e+03 1.2604041393e+03 1.3031029209e+03 1.2942673192e+03 
1.0269558577e+03 1.4600519703e+03 1.3412968551e+03 1.4226185320e+03 1.4869845181e+03 1.2604041393e+03 1.3031029209e+03 1.2942673192e+03 
1.0269558577e+03 1.4531557354e+03 1.3412968551e+03 1.4226185320e+03 1.4869845181e+03 1.2604041393e+03 1.3031029209e+03 1.2942673192e+03 
1.0269558577e+03 1.4531557354e+03 1.3412968551e+03 1.4838650659e+03 1.4869845181e+03 1.2604041393e+03 1.3031029209e+03 1.2942673192e+03 
1.0269558577e+03 1.5144366288e+03 1.3412968551e+03 1.4838650659e+03 1.4869845181e+03 1.2604041393e+03 1.3031029209e+03 1.2942673192e+03 
1.0269558577e+03 1.5144366288e+03 1.3337834379e+03 1.4838650659e+03 1.4869845181e+03 1.2604041393e+03 1.3031029209e+03 1.2942673192e+03 
1.0269558577e+03 1.5144366288e+03 1.3337834379e+03 1.4838650659e+03 1.4869845181e+03 1.2604041393e+03 1.5147085901e+03 1.2942673192e+03 
1.0269558577e+03 1.5144366288e+03 1.5454412972e+03 1.4838650659e+03 1.4869845181e+03 1.2604041393e+03 1.5147085901e+03 1.2942673192e+03 
1.0269558577e+03 1.5144366288e+03 1.5454412972e+03 1.4838650659e+03 1.4869845181e+03 1.2604041393e+03 1.5147085901e+03 1.5132313206e+03 
1.0269558577e+03 1.5144366288e+03 1.5454412972e+03 1.4838650659e+03 1.5346687849e+03 1.2604041393e+03 1.5147085901e+03 1.5132313206e+03 
1.5553943427e+03 1.5144366288e+03 1.5454412972e+03 1.4838650659e+03 1.5346687849e+03 1.2604041393e+03 1.5147085901e+03 1.5132313206e+03 
1.5553943427e+03 1.5144366288e+03 1.5454412972e+03 1.4838650659e+03 1.5346687849e+03 1.5417720287e+03 1.5147085901e+03 1.5132313206e+03 
1.5553943427e+03 1.5144366288e+03 1.5454412972e+03 1.4838650659e+03 1.5346687849e+03 1.5417720287e+03 1.5768335908e+03 1.5132313206e+03 
1.5553943427e+03 1.5144366288e+03 1.5454412972e+03 1.5867152665e+03 1.5346687849e+03 1.5417720287e+03 1.5768335908e+03 1.5132313206e+03 
1.5696507240e+03 1.5144366288e+03 1.5454412972e+03 1.5867152665e+03 1.5346687849e+03 1.5417720287e+03 1.5768335908e+03 1.5132313206e+03 
1.5696507240e+03 1.5144366288e+03 1.5454412972e+03 1.5867152665e+03 1.5346687849e+03 1.6116843755e+03 1.5768335908e+03 1.5132313206e+03 
1.5696507240e+03 1.5144366288e+03 1.5454412972e+03 1.5867152665e+03 1.5346687849e+03 1.6116843755e+03 1.6258220743e+03 1.5132313206e+03 
1.5696507240e+03 1.5144366288e+03 1.5454412972e+03 1.6078781092e+03 1.5346687849e+03 1.6116843755e+03 1.6258220743e+03 1.5132313206e+03 
1.6463728668e+03 1.5144366288e+03 1.5454412972e+03 1.6078781092e+03 1.5346687849e+03 1.6116843755e+03 1.6258220743e+03 1.5132313206e+03 
1.6463728668e+03 1.5144366288e+03 1.5454412972e+03 1.6078781092e+03 1.5346687849e+03 1.6682337430e+03 1.6258220743e+03 1.5132313206e+03 
1.6463728668e+03 1.5144366288e+03 1.5454412972e+03 1.6078781092e+03 1.5346687849e+03 1.6682337430e+03 1.6258220743e+03 1.7101483506e+03 
1.6463728668e+03 1.5144366288e+03 1.5454412972e+03 1.6078781092e+03 1.6804848871e+03 1.6682337430e+03 1.6258220743e+03 1.7101483506e+03 
1.6463728668e+03 1.6454548737e+03 1.5454412972e+03 1.6078781092e+03 1.6804848871e+03 1.6682337430e+03 1.6258220743e+03 1.7101483506e+03 
1.6463728668e+03 1.6454548737e+03 1.7482372430e+03 1.6078781092e+03 1.6804848871e+03 1.6682337430e+03 1.6258220743e+03 1.7101483506e+03 
1.6463728668e+03 1.6454548737e+03 1.7482372430e+03 1.6078781092e+03 1.6804848871e+03 1.6682337430e+03 1.6258220743e+03 1.7142027218e+03 
1.6463728668e+03 1.6454548737e+03 1.7482372430e+03 1.6078781092e+03 1.6804848871e+03 1.7480340773e+03 1.6258220743e+03 1.7142027218e+03 
1.6463728668e+03 1.6454548737e+03 1.7482372430e+03 1.6078781092e+03 1.6804848871e+03 1.7480340773e+03 1.6258220743e+03 1.7818520346e+03 
1.6463728668e+03 1.6454548737e+03 1.7482372430e+03 1.6078781092e+03 1.6734331880e+03 1.7480340773e+03 1.6258220743e+03 1.7818520346e+03 
1.6463728668e+03 1.7787101923e+03 1.7482372430e+03 1.6078781092e+03 1.6734331880e+03 1.7480340773e+03 1.6258220743e+03 1.7818520346e+03 
1.6463728668e+03 1.7787101923e+03 1.8122000933e+03 1.6078781092e+03 1.6734331880e+03 1.7480340773e+03 1.6258220743e+03 1.7818520346e+03 
1.6463728668e+03 1.7787101923e+03 1.8122000933e+03 1.6078781092e+03 1.6734331880e+03 1.7480340773e+03 1.8428532710e+03 1.7818520346e+03 
1.6463728668e+03 1.7787101923e+03 1.8733899418e+03 1.6078781092e+03 1.6734331880e+03 1.7480340773e+03 1.8428532710e+03 1.7818520346e+03 
1.6463728668e+03 1.7787101923e+03 1.8733899418e+03 1.6078781092e+03 1.6734331880e+03 1.7480340773e+03 1.8428532710e+03 1.7741476659e+03 
1.6463728668e+03 1.7787101923e+03 1.8733899418e+03 1.6078781092e+03 1.7987889888e+03 1.7480340773e+03 1.8428532710e+03 1.7741476659e+03 
1.8193570171e+03 1.7787101923e+03 1.8733899418e+03 1.6078781092e+03 1.7987889888e+03 1.7480340773e+03 1.8428532710e+03 1.7741476659e+03 
1.8193570171e+03 1.7787101923e+03 1.8733899418e+03 1.6078781092e+03 1.7987889888e+03 1.8697014303e+03 1.8428532710e+03 1.7741476659e+03 
1.8193570171e+03 1.7787101923e+03 1.8733899418e+03 1.6078781092e+03 1.7987889888e+03 1.8697014303e+03 1.9045620492e+03 1.7741476659e+03 
1.8193570171e+03 1.7787101923e+03 1.8733899418e+03 1.8505067473e+03 1.7987889888e+03 1.8697014303e+03 1.9045620492e+03 1.7741476659e+03 
1.8193570171e+03 1.9040766562e+03 1.8733899418e+03 1.8505067473e+03 1.7987889888e+03 1.8697014303e+03 1.9045620492e+03 1.7741476659e+03 
1.8193570171e+03 1.9040766562e+03 1.9350920404e+03 1.8505067473e+03 1.7987889888e+03 1.8697014303e+03 1.9045620492e+03 1.7741476659e+03 
1.8193570171e+03 1.9040766562e+03 1.9350920404e+03 1.8505067473e+03 1.7987889888e+03 1.8697014303e+03 1.9658684666e+03 1.7741476659e+03 
1.8193570171e+03 1.9040766562e+03 1.9350920404e+03 1.9349881609e+03 1.7987889888e+03 1.8697014303e+03 1.9658684666e+03 1.7741476659e+03 
1.8193570171e+03 1.9656317335e+03 1.9350920404e+03 1.9349881609e+03 1.7987889888e+03 1.8697014303e+03 1.9658684666e+03 1.7741476659e+03 
1.8193570171e+03 1.9656317335e+03 1.9962810471e+03 1.9349881609e+03 1.7987889888e+03 1.8697014303e+03 1.9658684666e+03 1.7741476659e+03 
1.8193570171e+03 1.9656317335e+03 1.9962810471e+03 1.9349881609e+03 1.7987889888e+03 1.8697014303e+03 1.9658684666e+03 1.8958343678e+03 
1.8193570171e+03 1.9656317335e+03 1.9962810471e+03 1.9349881609e+03 1.9856464342e+03 1.8697014303e+03 1.9658684666e+03 1.8958343678e+03 
1.8193570171e+03 2.0198191678e+03 1.9962810471e+03 1.9349881609e+03 1.9856464342e+03 1.8697014303e+03 1.9658684666e+03 1.8958343678e+03 
1.8193570171e+03 2.0198191678e+03 1.9962810471e+03 2.0435114050e+03 1.9856464342e+03 1.8697014303e+03 1.9658684666e+03 1.8958343678e+03 
1.8193570171e+03 2.0670684164e+03 1.9962810471e+03 2.0435114050e+03 1.9856464342e+03 1.8697014303e+03 1.9658684666e+03 1.8958343678e+03 
1.8193570171e+03 2.0670684164e+03 1.9887083728e+03 2.0435114050e+03 1.9856464342e+03 1.8697014303e+03 1.9658684666e+03 1.8958343678e+03 
1.8193570171e+03 2.0670684164e+03 1.9887083728e+03 2.0435114050e+03 1.9856464342e+03 1.8697014303e+03 1.9658684666e+03 2.0041410529e+03 
1.8193570171e+03 2.0670684164e+03 1.9887083728e+03 2.0435114050e+03 1.9856464342e+03 2.0228507693e+03 1.9658684666e+03 2.0041410529e+03 
1.8193570171e+03 2.0670684164e+03 1.9887083728e+03 2.0435114050e+03 1.9856464342e+03 2.0228507693e+03 1.9658684666e+03 2.0415863408e+03 
1.8193570171e+03 2.0670684164e+03 1.9887083728e+03 2.0435114050e+03 2.0804020169e+03 2.0228507693e+03 1.9658684666e+03 2.0415863408e+03 
1.8193570171e+03 2.0603854677e+03 1.9887083728e+03 2.0435114050e+03 2.0804020169e+03 2.0228507693e+03 1.9658684666e+03 2.0415863408e+03 
1.8193570171e+03 2.0603854677e+03 2.0569017892e+03 2.0435114050e+03 2.0804020169e+03 2.0228507693e+03 1.9658684666e+03 2.0415863408e+03 
1.8193570171e+03 2.0603854677e+03 2.0569017892e+03 2.0435114050e+03 2.0804020169e+03 2.0228507693e+03 2.0725705734e+03 2.0415863408e+03 
1.8193570171e+03 2.0603854677e+03 2.0569017892e+03 2.0777106987e+03 2.0804020169e+03 2.0228507693e+03 2.0725705734e+03 2.0415863408e+03 
2.0943471924e+03 2.0603854677e+03 2.0569017892e+03 2.0777106987e+03 2.0804020169e+03 2.0228507693e+03 2.0725705734e+03 2.0415863408e+03 
2.0943471924e+03 2.0603854677e+03 2.0569017892e+03 2.0777106987e+03 2.0804020169e+03 2.0921060965e+03 2.0725705734e+03 2.0415863408e+03 
2.0943471924e+03 2.0603854677e+03 2.0569017892e+03 2.0777106987e+03 2.0804020169e+03 2.0921060965e+03 2.1015708247e+03 2.0415863408e+03 
2.0943471924e+03 2.0603854677e+03 2.0569017892e+03 2.1188073420e+03 2.0804020169e+03 2.0921060965e+03 2.1015708247e+03 2.0415863408e+03 
2.0943471924e+03 2.1428113217e+03 2.0569017892e+03 2.1188073420e+03 2.0804020169e+03 2.0921060965e+03 2.1015708247e+03 2.0415863408e+03 
2.0943471924e+03 2.1428113217e+03 2.1247328088e+03 2.1188073420e+03 2.0804020169e+03 2.0921060965e+03 2.1015708247e+03 2.0415863408e+03 
2.0943471924e+03 2.1428113217e+03 2.1247328088e+03 2.1188073420e+03 2.0804020169e+03 2.0921060965e+03 2.1015708247e+03 2.1108774866e+03 
2.0943471924e+03 2.1428113217e+03 2.1247328088e+03 2.1188073420e+03 2.1562060999e+03 2.0921060965e+03 2.1015708247e+03 2.1108774866e+03 
2.0943471924e+03 2.1416749899e+03 2.1247328088e+03 2.1188073420e+03 2.1562060999e+03 2.0921060965e+03 2.1015708247e+03 2.1108774866e+03 
2.0943471924e+03 2.1416749899e+03 2.1262867520e+03 2.1188073420e+03 2.1562060999e+03 2.0921060965e+03 2.1015708247e+03 2.1108774866e+03 
2.0943471924e+03 2.1416749899e+03 2.1262867520e+03 2.1188073420e+03 2.1562060999e+03 2.0921060965e+03 2.1015708247e+03 2.1672552283e+03 
2.0943471924e+03 2.1416749899e+03 2.1262867520e+03 2.1188073420e+03 2.1482322422e+03 2.0921060965e+03 2.1015708247e+03 2.1672552283e+03 
2.0943471924e+03 2.1364274182e+03 2.1262867520e+03 2.1188073420e+03 2.1482322422e+03 2.0921060965e+03 2.1015708247e+03 2.1672552283e+03 
2.0943471924e+03 2.1364274182e+03 2.1750838510e+03 2.1188073420e+03 2.1482322422e+03 2.0921060965e+03 2.1015708247e+03 2.1672552283e+03 
2.0943471924e+03 2.1364274182e+03 2.1750838510e+03 2.1188073420e+03 2.1482322422e+03 2.0921060965e+03 2.1832965960e+03 2.1672552283e+03 
2.0943471924e+03 2.1364274182e+03 2.1750838510e+03 2.1470910678e+03 2.1482322422e+03 2.0921060965e+03 2.1832965960e+03 2.1672552283e+03 
2.1555291360e+03 2.1364274182e+03 2.1750838510e+03 2.1470910678e+03 2.1482322422e+03 2.0921060965e+03 2.1832965960e+03 2.1672552283e+03 
2.1555291360e+03 2.1364274182e+03 2.1750838510e+03 2.1470910678e+03 2.1482322422e+03 2.1954124601e+03 2.1832965960e+03 2.1672552283e+03 
2.1555291360e+03 2.1364274182e+03 2.1750838510e+03 2.1470910678e+03 2.1482322422e+03 2.1954124601e+03 2.1915492119e+03 2.1672552283e+03 
2.1555291360e+03 2.1364274182e+03 2.1750838510e+03 2.1733665538e+03 2.1482322422e+03 2.1954124601e+03 2.1915492119e+03 2.1672552283e+03 
2.1555291360e+03 2.1924665000e+03 2.1750838510e+03 2.1733665538e+03 2.1482322422e+03 2.1954124601e+03 2.1915492119e+03 2.1672552283e+03 
2.1555291360e+03 2.1924665000e+03 2.1750838510e+03 2.2098979439e+03 2.1482322422e+03 2.1954124601e+03 2.1915492119e+03 2.1672552283e+03 
2.2095998596e+03 2.1924665000e+03 2.1750838510e+03 2.2098979439e+03 2.1482322422e+03 2.1954124601e+03 2.1915492119e+03 2.1672552283e+03 
2.2095998596e+03 2.1924665000e+03 2.1750838510e+03 2.2098979439e+03 2.1482322422e+03 2.2113408978e+03 2.1915492119e+03 2.1672552283e+03 
2.2095998596e+03 2.1924665000e+03 2.1750838510e+03 2.2098979439e+03 2.1482322422e+03 2.2113408978e+03 2.1915492119e+03 2.2307324162e+03 
2.2095998596e+03 2.1924665000e+03 2.1750838510e+03 2.2098979439e+03 2.2234060036e+03 2.2113408978e+03 2.1915492119e+03 2.2307324162e+03 
2.2095998596e+03 2.2271336882e+03 2.1750838510e+03 2.2098979439e+03 2.2234060036e+03 2.2113408978e+03 2.1915492119e+03 2.2307324162e+03 
2.2095998596e+03 2.2271336882e+03 2.2463726887e+03 2.2098979439e+03 2.2234060036e+03 2.2113408978e+03 2.1915492119e+03 2.2307324162e+03 
2.2095998596e+03 2.2271336882e+03 2.2463726887e+03 2.2098979439e+03 2.2234060036e+03 2.2113408978e+03 2.2623134778e+03 2.2307324162e+03 
2.2095998596e+03 2.2271336882e+03 2.2463726887e+03 2.2446709463e+03 2.2234060036e+03 2.2113408978e+03 2.2623134778e+03 2.2307324162e+03 
2.2375559811e+03 2.2271336882e+03 2.2463726887e+03 2.2446709463e+03 2.2234060036e+03 2.2113408978e+03 2.2623134778e+03 2.2307324162e+03 
2.2375559811e+03 2.2271336882e+03 2.2463726887e+03 2.2446709463e+03 2.2234060036e+03 2.2820160493e+03 2.2623134778e+03 2.2307324162e+03 
2.2375559811e+03 2.2271336882e+03 2.2463726887e+03 2.2446709463e+03 2.2234060036e+03 2.2820160493e+03 2.2703965853e+03 2.2307324162e+03 
2.2375559811e+03 2.2271336882e+03 2.2940764301e+03 2.2446709463e+03 2.2234060036e+03 2.2820160493e+03 2.2703965853e+03 2.2307324162e+03 
2.2375559811e+03 2.2271336882e+03 2.2940764301e+03 2.2446709463e+03 2.2234060036e+03 2.2820160493e+03 2.3177406394e+03 2.2307324162e+03 
2.2375559811e+03 2.2271336882e+03 2.3411919739e+03 2.2446709463e+03 2.2234060036e+03 2.2820160493e+03 2.3177406394e+03 2.2307324162e+03 
2.2375559811e+03 2.2271336882e+03 2.3411919739e+03 2.2446709463e+03 2.2234060036e+03 2.2820160493e+03 2.3177406394e+03 2.3009024547e+03 
2.2375559811e+03 2.2271336882e+03 2.3411919739e+03 2.2446709463e+03 2.2510986449e+03 2.2820160493e+03 2.3177406394e+03 2.3009024547e+03 
2.2959744207e+03 2.2271336882e+03 2.3411919739e+03 2.2446709463e+03 2.2510986449e+03 2.2820160493e+03 2.3177406394e+03 2.3009024547e+03 
2.2959744207e+03 2.2271336882e+03 2.3411919739e+03 2.2446709463e+03 2.2510986449e+03 2.3372646275e+03 2.3177406394e+03 2.3009024547e+03 
2.2959744207e+03 2.2271336882e+03 2.3411919739e+03 2.2446709463e+03 2.2510986449e+03 2.3372646275e+03 2.3177406394e+03 2.3564251752e+03 
2.2959744207e+03 2.2271336882e+03 2.3411919739e+03 2.2446709463e+03 2.3096261354e+03 2.3372646275e+03 2.3177406394e+03 2.3564251752e+03 
2.3512748823e+03 2.2271336882e+03 2.3411919739e+03 2.2446709463e+03 2.3096261354e+03 2.3372646275e+03 2.3177406394e+03 2.3564251752e+03 
2.3512748823e+03 2.2271336882e+03 2.3411919739e+03 2.2446709463e+03 2.3652614575e+03 2.3372646275e+03 2.3177406394e+03 2.3564251752e+03 
2.3512748823e+03 2.3583899282e+03 2.3411919739e+03 2.2446709463e+03 2.3652614575e+03 2.3372646275e+03 2.3177406394e+03 2.3564251752e+03 
2.3512748823e+03 2.3583899282e+03 2.3719949933e+03 2.2446709463e+03 2.3652614575e+03 2.3372646275e+03 2.3177406394e+03 2.3564251752e+03 
2.3512748823e+03 2.3583899282e+03 2.3719949933e+03 2.2446709463e+03 2.3652614575e+03 2.3372646275e+03 2.3177406394e+03 2.3764469293e+03 
2.3512748823e+03 2.3583899282e+03 2.3719949933e+03 2.2446709463e+03 2.3652614575e+03 2.3878392782e+03 2.3177406394e+03 2.3764469293e+03 
2.3512748823e+03 2.3583899282e+03 2.3719949933e+03 2.2446709463e+03 2.3652614575e+03 2.3878392782e+03 2.3177406394e+03 2.3992334547e+03 
2.3512748823e+03 2.3583899282e+03 2.3719949933e+03 2.2446709463e+03 2.3651348192e+03 2.3878392782e+03 2.3177406394e+03 2.3992334547e+03 
2.3512748823e+03 2.3822286468e+03 2.3719949933e+03 2.2446709463e+03 2.3651348192e+03 2.3878392782e+03 2.3177406394e+03 2.3992334547e+03 
2.3512748823e+03 2.3822286468e+03 2.4071607726e+03 2.2446709463e+03 2.3651348192e+03 2.3878392782e+03 2.3177406394e+03 2.3992334547e+03 
2.3512748823e+03 2.3822286468e+03 2.4071607726e+03 2.2446709463e+03 2.3651348192e+03 2.3878392782e+03 2.3177406394e+03 2.3914630085e+03 
2.3512748823e+03 2.3822286468e+03 2.4071607726e+03 2.2446709463e+03 2.3651348192e+03 2.3953605562e+03 2.3177406394e+03 2.3914630085e+03 
2.3512748823e+03 2.3822286468e+03 2.4071607726e+03 2.2446709463e+03 2.3651348192e+03 2.3953605562e+03 2.4157519188e+03 2.3914630085e+03 
2.3512748823e+03 2.3822286468e+03 2.4242038566e+03 2.2446709463e+03 2.3651348192e+03 2.3953605562e+03 2.4157519188e+03 2.3914630085e+03 
2.3512748823e+03 2.3822286468e+03 2.4242038566e+03 2.2446709463e+03 2.3651348192e+03 2.3953605562e+03 2.4327274295e+03 2.3914630085e+03 
2.3512748823e+03 2.3822286468e+03 2.4242038566e+03 2.3930589794e+03 2.3651348192e+03 2.3953605562e+03 2.4327274295e+03 2.3914630085e+03 
2.4027700081e+03 2.3822286468e+03 2.4242038566e+03 2.3930589794e+03 2.3651348192e+03 2.3953605562e+03 2.4327274295e+03 2.3914630085e+03 
2.4027700081e+03 2.3822286468e+03 2.4242038566e+03 2.3930589794e+03 2.3651348192e+03 2.4449504428e+03 2.4327274295e+03 2.3914630085e+03 
2.4027700081e+03 2.3822286468e+03 2.4242038566e+03 2.3930589794e+03 2.3651348192e+03 2.4449504428e+03 2.4407455495e+03 2.3914630085e+03 
2.4027700081e+03 2.3822286468e+03 2.4242038566e+03 2.4206315174e+03 2.3651348192e+03 2.4449504428e+03 2.4407455495e+03 2.3914630085e+03 
2.4592665649e+03 2.3822286468e+03 2.4242038566e+03 2.4206315174e+03 2.3651348192e+03 2.4449504428e+03 2.4407455495e+03 2.3914630085e+03 
2.4592665649e+03 2.3822286468e+03 2.4242038566e+03 2.4206315174e+03 2.4735053539e+03 2.4449504428e+03 2.4407455495e+03 2.3914630085e+03 
2.4592665649e+03 2.4416208547e+03 2.4242038566e+03 2.4206315174e+03 2.4735053539e+03 2.4449504428e+03 2.4407455495e+03 2.3914630085e+03 
2.4592665649e+03 2.4416208547e+03 2.4242038566e+03 2.4766585026e+03 2.4735053539e+03 2.4449504428e+03 2.4407455495e+03 2.3914630085e+03 
2.4592665649e+03 2.4938279088e+03 2.4242038566e+03 2.4766585026e+03 2.4735053539e+03 2.4449504428e+03 2.4407455495e+03 2.3914630085e+03 
2.4592665649e+03 2.4938279088e+03 2.4242038566e+03 2.5110923835e+03 2.4735053539e+03 2.4449504428e+03 2.4407455495e+03 2.3914630085e+03 
2.4875675415e+03 2.4938279088e+03 2.4242038566e+03 2.5110923835e+03 2.4735053539e+03 2.4449504428e+03 2.4407455495e+03 2.3914630085e+03 
2.4875675415e+03 2.4938279088e+03 2.4242038566e+03 2.5110923835e+03 2.4735053539e+03 2.4604683421e+03 2.4407455495e+03 2.3914630085e+03 
2.4875675415e+03 2.4938279088e+03 2.4242038566e+03 2.5110923835e+03 2.4735053539e+03 2.4604683421e+03 2.5350480825e+03 2.3914630085e+03 
2.4875675415e+03 2.4938279088e+03 2.4242038566e+03 2.5183410452e+03 2.4735053539e+03 2.4604683421e+03 2.5350480825e+03 2.3914630085e+03 
2.4875675415e+03 2.5423740649e+03 2.4242038566e+03 2.5183410452e+03 2.4735053539e+03 2.4604683421e+03 2.5350480825e+03 2.3914630085e+03 
2.4875675415e+03 2.5423740649e+03 2.5582283096e+03 2.5183410452e+03 2.4735053539e+03 2.4604683421e+03 2.5350480825e+03 2.3914630085e+03 
2.4875675415e+03 2.5423740649e+03 2.5582283096e+03 2.5183410452e+03 2.4735053539e+03 2.4604683421e+03 2.5350480825e+03 2.4923257620e+03 
2.4875675415e+03 2.5423740649e+03 2.5582283096e+03 2.5183410452e+03 2.5557405377e+03 2.4604683421e+03 2.5350480825e+03 2.4923257620e+03 
2.4875675415e+03 2.5751012619e+03 2.5582283096e+03 2.5183410452e+03 2.5557405377e+03 2.4604683421e+03 2.5350480825e+03 2.4923257620e+03 
2.4875675415e+03 2.5751012619e+03 2.5504221623e+03 2.5183410452e+03 2.5557405377e+03 2.4604683421e+03 2.5350480825e+03 2.4923257620e+03 
2.4875675415e+03 2.5751012619e+03 2.5504221623e+03 2.5183410452e+03 2.5557405377e+03 2.4604683421e+03 2.5350480825e+03 2.5667635714e+03 
2.4875675415e+03 2.5751012619e+03 2.5504221623e+03 2.5183410452e+03 2.5557405377e+03 2.5780186118e+03 2.5350480825e+03 2.5667635714e+03 
2.4875675415e+03 2.5751012619e+03 2.5504221623e+03 2.5183410452e+03 2.5557405377e+03 2.5780186118e+03 2.5350480825e+03 2.5892908310e+03 
2.4875675415e+03 2.5751012619e+03 2.5504221623e+03 2.5183410452e+03 2.5816995777e+03 2.5780186118e+03 2.5350480825e+03 2.5892908310e+03 
2.4875675415e+03 2.5605492074e+03 2.5504221623e+03 2.5183410452e+03 2.5816995777e+03 2.5780186118e+03 2.5350480825e+03 2.5892908310e+03 
2.4875675415e+03 2.5605492074e+03 2.5504221623e+03 2.5707892088e+03 2.5816995777e+03 2.5780186118e+03 2.5350480825e+03 2.5892908310e+03 
2.5887572500e+03 2.5605492074e+03 2.5504221623e+03 2.5707892088e+03 2.5816995777e+03 2.5780186118e+03 2.5350480825e+03 2.5892908310e+03 
2.5887572500e+03 2.5605492074e+03 2.5504221623e+03 2.5707892088e+03 2.5958491494e+03 2.5780186118e+03 2.5350480825e+03 2.5892908310e+03 
2.6031100065e+03 2.5605492074e+03 2.5504221623e+03 2.5707892088e+03 2.5958491494e+03 2.5780186118e+03 2.5350480825e+03 2.5892908310e+03 
2.6031100065e+03 2.5605492074e+03 2.5504221623e+03 2.5707892088e+03 2.5958491494e+03 2.6013738514e+03 2.5350480825e+03 2.5892908310e+03 
2.6031100065e+03 2.5605492074e+03 2.5504221623e+03 2.5707892088e+03 2.5958491494e+03 2.6013738514e+03 2.5872001524e+03 2.5892908310e+03 
2.6031100065e+03 2.5605492074e+03 2.5504221623e+03 2.6207897034e+03 2.5958491494e+03 2.6013738514e+03 2.5872001524e+03 2.5892908310e+03 
2.6155543032e+03 2.5605492074e+03 2.5504221623e+03 2.6207897034e+03 2.5958491494e+03 2.6013738514e+03 2.5872001524e+03 2.5892908310e+03 
2.6155543032e+03 2.5605492074e+03 2.5504221623e+03 2.6207897034e+03 2.5958491494e+03 2.6090509138e+03 2.5872001524e+03 2.5892908310e+03 
2.6155543032e+03 2.5605492074e+03 2.5504221623e+03 2.6207897034e+03 2.5958491494e+03 2.6090509138e+03 2.6447791062e+03 2.5892908310e+03 
2.6155543032e+03 2.5605492074e+03 2.5504221623e+03 2.6400516725e+03 2.5958491494e+03 2.6090509138e+03 2.6447791062e+03 2.5892908310e+03 
2.6300315472e+03 2.5605492074e+03 2.5504221623e+03 2.6400516725e+03 2.5958491494e+03 2.6090509138e+03 2.6447791062e+03 2.5892908310e+03 
2.6300315472e+03 2.5605492074e+03 2.5504221623e+03 2.6400516725e+03 2.5958491494e+03 2.6720249190e+03 2.6447791062e+03 2.5892908310e+03 
2.6300315472e+03 2.5605492074e+03 2.5504221623e+03 2.6400516725e+03 2.5958491494e+03 2.6720249190e+03 2.6447791062e+03 2.6987922075e+03 
2.6300315472e+03 2.5605492074e+03 2.5504221623e+03 2.6400516725e+03 2.6504293331e+03 2.6720249190e+03 2.6447791062e+03 2.6987922075e+03 
2.6300315472e+03 2.6638455341e+03 2.5504221623e+03 2.6400516725e+03 2.6504293331e+03 2.6720249190e+03 2.6447791062e+03 2.6987922075e+03 
2.6300315472e+03 2.6638455341e+03 2.5504221623e+03 2.6876996636e+03 2.6504293331e+03 2.6720249190e+03 2.6447791062e+03 2.6987922075e+03 
2.6926306625e+03 2.6638455341e+03 2.5504221623e+03 2.6876996636e+03 2.6504293331e+03 2.6720249190e+03 2.6447791062e+03 2.6987922075e+03 
2.6926306625e+03 2.6638455341e+03 2.5504221623e+03 2.6876996636e+03 2.6504293331e+03 2.7257376550e+03 2.6447791062e+03 2.6987922075e+03 
2.6926306625e+03 2.6638455341e+03 2.5504221623e+03 2.6876996636e+03 2.6504293331e+03 2.7257376550e+03 2.7189385872e+03 2.6987922075e+03 
2.6926306625e+03 2.6638455341e+03 2.5504221623e+03 2.7236463987e+03 2.6504293331e+03 2.7257376550e+03 2.7189385872e+03 2.6987922075e+03 
2.6926306625e+03 2.7541788384e+03 2.5504221623e+03 2.7236463987e+03 2.6504293331e+03 2.7257376550e+03 2.7189385872e+03 2.6987922075e+03 
2.6926306625e+03 2.7541788384e+03 2.5504221623e+03 2.7847571504e+03 2.6504293331e+03 2.7257376550e+03 2.7189385872e+03 2.6987922075e+03 
2.7530650283e+03 2.7541788384e+03 2.5504221623e+03 2.7847571504e+03 2.6504293331e+03 2.7257376550e+03 2.7189385872e+03 2.6987922075e+03 
2.7530650283e+03 2.7541788384e+03 2.5504221623e+03 2.7847571504e+03 2.7814875135e+03 2.7257376550e+03 2.7189385872e+03 2.6987922075e+03 
2.7530650283e+03 2.8151800571e+03 2.5504221623e+03 2.7847571504e+03 2.7814875135e+03 2.7257376550e+03 2.7189385872e+03 2.6987922075e+03 
2.7530650283e+03 2.8151800571e+03 2.5504221623e+03 2.8456121042e+03 2.7814875135e+03 2.7257376550e+03 2.7189385872e+03 2.6987922075e+03 
2.7530650283e+03 2.8757919473e+03 2.5504221623e+03 2.8456121042e+03 2.7814875135e+03 2.7257376550e+03 2.7189385872e+03 2.6987922075e+03 
2.7530650283e+03 2.8757919473e+03 2.7491906310e+03 2.8456121042e+03 2.7814875135e+03 2.7257376550e+03 2.7189385872e+03 2.6987922075e+03 
2.7530650283e+03 2.8757919473e+03 2.7491906310e+03 2.8456121042e+03 2.7814875135e+03 2.7257376550e+03 2.8760146841e+03 2.6987922075e+03 
2.7530650283e+03 2.8757919473e+03 2.7491906310e+03 2.9062099182e+03 2.7814875135e+03 2.7257376550e+03 2.8760146841e+03 2.6987922075e+03 
2.8085983637e+03 2.8757919473e+03 2.7491906310e+03 2.9062099182e+03 2.7814875135e+03 2.7257376550e+03 2.8760146841e+03 2.6987922075e+03 
2.8085983637e+03 2.8757919473e+03 2.7491906310e+03 2.9062099182e+03 2.7814875135e+03 2.9101144456e+03 2.8760146841e+03 2.6987922075e+03 
2.8085983637e+03 2.8757919473e+03 2.7491906310e+03 2.9062099182e+03 2.7814875135e+03 2.9101144456e+03 2.9445513982e+03 2.6987922075e+03 
2.8085983637e+03 2.8757919473e+03 2.7491906310e+03 2.9132104115e+03 2.7814875135e+03 2.9101144456e+03 2.9445513982e+03 2.6987922075e+03 
2.8085983637e+03 2.9501418675e+03 2.7491906310e+03 2.9132104115e+03 2.7814875135e+03 2.9101144456e+03 2.9445513982e+03 2.6987922075e+03 
2.8085983637e+03 2.9501418675e+03 2.9820972439e+03 2.9132104115e+03 2.7814875135e+03 2.9101144456e+03 2.9445513982e+03 2.6987922075e+03 
2.8085983637e+03 2.9501418675e+03 2.9820972439e+03 2.9132104115e+03 2.7814875135e+03 2.9101144456e+03 3.0198375041e+03 2.6987922075e+03 
2.8085983637e+03 2.9501418675e+03 2.9820972439e+03 2.9871876156e+03 2.7814875135e+03 2.9101144456e+03 3.0198375041e+03 2.6987922075e+03 
2.9437896010e+03 2.9501418675e+03 2.9820972439e+03 2.9871876156e+03 2.7814875135e+03 2.9101144456e+03 3.0198375041e+03 2.6987922075e+03 
2.9437896010e+03 2.9501418675e+03 2.9820972439e+03 2.9871876156e+03 2.9838036073e+03 2.9101144456e+03 3.0198375041e+03 2.6987922075e+03 
2.9437896010e+03 3.0239593560e+03 2.9820972439e+03 2.9871876156e+03 2.9838036073e+03 2.9101144456e+03 3.0198375041e+03 2.6987922075e+03 
2.9437896010e+03 3.0239593560e+03 3.0571737207e+03 2.9871876156e+03 2.9838036073e+03 2.9101144456e+03 3.0198375041e+03 2.6987922075e+03 
2.9437896010e+03 3.0239593560e+03 3.0571737207e+03 2.9871876156e+03 2.9838036073e+03 2.9101144456e+03 3.0198375041e+03 3.0167370619e+03 
2.9437896010e+03 3.0239593560e+03 3.0571737207e+03 2.9871876156e+03 3.0500037353e+03 2.9101144456e+03 3.0198375041e+03 3.0167370619e+03 
2.9437896010e+03 3.0867208628e+03 3.0571737207e+03 2.9871876156e+03 3.0500037353e+03 2.9101144456e+03 3.0198375041e+03 3.0167370619e+03 
2.9437896010e+03 3.0867208628e+03 3.0493789313e+03 2.9871876156e+03 3.0500037353e+03 2.9101144456e+03 3.0198375041e+03 3.0167370619e+03 
2.9437896010e+03 3.0867208628e+03 3.0493789313e+03 2.9871876156e+03 3.0500037353e+03 2.9101144456e+03 3.0198375041e+03 3.0751747685e+03 
2.9437896010e+03 3.0867208628e+03 3.0493789313e+03 2.9871876156e+03 3.1058332320e+03 2.9101144456e+03 3.0198375041e+03 3.0751747685e+03 
2.9437896010e+03 3.0720993508e+03 3.0493789313e+03 2.9871876156e+03 3.1058332320e+03 2.9101144456e+03 3.0198375041e+03 3.0751747685e+03 
2.9437896010e+03 3.0720993508e+03 3.0493789313e+03 3.0949866588e+03 3.1058332320e+03 2.9101144456e+03 3.0198375041e+03 3.0751747685e+03 
2.9437896010e+03 3.1177523950e+03 3.0493789313e+03 3.0949866588e+03 3.1058332320e+03 2.9101144456e+03 3.0198375041e+03 3.0751747685e+03 
2.9437896010e+03 3.1177523950e+03 3.0493789313e+03 3.1406911955e+03 3.1058332320e+03 2.9101144456e+03 3.0198375041e+03 3.0751747685e+03 
3.1256080650e+03 3.1177523950e+03 3.0493789313e+03 3.1406911955e+03 3.1058332320e+03 2.9101144456e+03 3.0198375041e+03 3.0751747685e+03 
3.1256080650e+03 3.1177523950e+03 3.0493789313e+03 3.1406911955e+03 3.1058332320e+03 3.1013579484e+03 3.0198375041e+03 3.0751747685e+03 
3.1256080650e+03 3.1177523950e+03 3.0493789313e+03 3.1406911955e+03 3.1058332320e+03 3.1013579484e+03 3.1711286846e+03 3.0751747685e+03 
3.1256080650e+03 3.1177523950e+03 3.0493789313e+03 3.1559080985e+03 3.1058332320e+03 3.1013579484e+03 3.1711286846e+03 3.0751747685e+03 
3.1326741753e+03 3.1177523950e+03 3.0493789313e+03 3.1559080985e+03 3.1058332320e+03 3.1013579484e+03 3.1711286846e+03 3.0751747685e+03 
3.1326741753e+03 3.1177523950e+03 3.0493789313e+03 3.1559080985e+03 3.1058332320e+03 3.2049478464e+03 3.1711286846e+03 3.0751747685e+03 
3.1326741753e+03 3.1177523950e+03 3.0493789313e+03 3.1559080985e+03 3.1058332320e+03 3.2049478464e+03 3.1939890188e+03 3.0751747685e+03 
3.1326741753e+03 3.1177523950e+03 3.2316366156e+03 3.1559080985e+03 3.1058332320e+03 3.2049478464e+03 3.1939890188e+03 3.0751747685e+03 
3.1326741753e+03 3.1177523950e+03 3.2316366156e+03 3.1559080985e+03 3.1058332320e+03 3.2049478464e+03 3.1939890188e+03 3.2379072805e+03 
3.1326741753e+03 3.1177523950e+03 3.2316366156e+03 3.1559080985e+03 3.1587742543e+03 3.2049478464e+03 3.1939890188e+03 3.2379072805e+03 
3.1326741753e+03 3.2611339644e+03 3.2316366156e+03 3.1559080985e+03 3.1587742543e+03 3.2049478464e+03 3.1939890188e+03 3.2379072805e+03 
3.1326741753e+03 3.2611339644e+03 3.2673413083e+03 3.1559080985e+03 3.1587742543e+03 3.2049478464e+03 3.1939890188e+03 3.2379072805e+03 
3.1326741753e+03 3.2611339644e+03 3.2673413083e+03 3.1559080985e+03 3.1587742543e+03 3.2049478464e+03 3.1939890188e+03 3.2300543986e+03 
3.1326741753e+03 3.2611339644e+03 3.2673413083e+03 3.1559080985e+03 3.2801397990e+03 3.2049478464e+03 3.1939890188e+03 3.2300543986e+03 
3.1326741753e+03 3.2898993784e+03 3.2673413083e+03 3.1559080985e+03 3.2801397990e+03 3.2049478464e+03 3.1939890188e+03 3.2300543986e+03 
3.1326741753e+03 3.2898993784e+03 3.2518750764e+03 3.1559080985e+03 3.2801397990e+03 3.2049478464e+03 3.1939890188e+03 3.2300543986e+03 
3.1326741753e+03 3.2898993784e+03 3.2518750764e+03 3.1559080985e+03 3.2801397990e+03 3.2049478464e+03 3.1939890188e+03 3.2975991027e+03 
3.1326741753e+03 3.2898993784e+03 3.2518750764e+03 3.1559080985e+03 3.2801397990e+03 3.3152849957e+03 3.1939890188e+03 3.2975991027e+03 
3.1326741753e+03 3.2898993784e+03 3.2518750764e+03 3.1559080985e+03 3.2801397990e+03 3.3152849957e+03 3.2743352802e+03 3.2975991027e+03 
3.1326741753e+03 3.2898993784e+03 3.3198573969e+03 3.1559080985e+03 3.2801397990e+03 3.3152849957e+03 3.2743352802e+03 3.2975991027e+03 
3.1326741753e+03 3.2898993784e+03 3.3198573969e+03 3.1559080985e+03 3.2801397990e+03 3.3152849957e+03 3.2743352802e+03 3.3329569502e+03 
3.1326741753e+03 3.2898993784e+03 3.3198573969e+03 3.1559080985e+03 3.2801397990e+03 3.3507821077e+03 3.2743352802e+03 3.3329569502e+03 
3.1326741753e+03 3.2898993784e+03 3.3198573969e+03 3.1559080985e+03 3.2801397990e+03 3.3507821077e+03 3.3423835766e+03 3.3329569502e+03 
3.1326741753e+03 3.2898993784e+03 3.3198573969e+03 3.3131790664e+03 3.2801397990e+03 3.3507821077e+03 3.3423835766e+03 3.3329569502e+03 
3.3705761491e+03 3.2898993784e+03 3.3198573969e+03 3.3131790664e+03 3.2801397990e+03 3.3507821077e+03 3.3423835766e+03 3.3329569502e+03 
3.3705761491e+03 3.2898993784e+03 3.3198573969e+03 3.3131790664e+03 3.2801397990e+03 3.3685114726e+03 3.3423835766e+03 3.3329569502e+03 
3.3705761491e+03 3.2898993784e+03 3.3198573969e+03 3.3131790664e+03 3.2801397990e+03 3.3685114726e+03 3.3423835766e+03 3.3942204150e+03 
3.3705761491e+03 3.2898993784e+03 3.3198573969e+03 3.3131790664e+03 3.2801397990e+03 3.4198476716e+03 3.3423835766e+03 3.3942204150e+03 
3.3705761491e+03 3.2898993784e+03 3.3198573969e+03 3.3131790664e+03 3.2801397990e+03 3.4198476716e+03 3.3423835766e+03 3.4453543729e+03 
3.3705761491e+03 3.2898993784e+03 3.3198573969e+03 3.3131790664e+03 3.2801397990e+03 3.4708512647e+03 3.3423835766e+03 3.4453543729e+03 
3.3705761491e+03 3.2898993784e+03 3.3198573969e+03 3.3131790664e+03 3.2801397990e+03 3.4708512647e+03 3.3500814643e+03 3.4453543729e+03 
3.3705761491e+03 3.2898993784e+03 3.3198573969e+03 3.4006496078e+03 3.2801397990e+03 3.4708512647e+03 3.3500814643e+03 3.4453543729e+03 
3.3705761491e+03 3.4302854839e+03 3.3198573969e+03 3.4006496078e+03 3.2801397990e+03 3.4708512647e+03 3.3500814643e+03 3.4453543729e+03 
3.3705761491e+03 3.4302854839e+03 3.4748638904e+03 3.4006496078e+03 3.2801397990e+03 3.4708512647e+03 3.3500814643e+03 3.4453543729e+03 
3.3705761491e+03 3.4302854839e+03 3.4748638904e+03 3.4006496078e+03 3.2801397990e+03 3.4708512647e+03 3.3500814643e+03 3.4959244529e+03 
3.3705761491e+03 3.4302854839e+03 3.4748638904e+03 3.4006496078e+03 3.4492990495e+03 3.4708512647e+03 3.3500814643e+03 3.4959244529e+03 
3.3705761491e+03 3.4973672670e+03 3.4748638904e+03 3.4006496078e+03 3.4492990495e+03 3.4708512647e+03 3.3500814643e+03 3.4959244529e+03 
3.3705761491e+03 3.4973672670e+03 3.5176279154e+03 3.4006496078e+03 3.4492990495e+03 3.4708512647e+03 3.3500814643e+03 3.4959244529e+03 
3.3705761491e+03 3.4973672670e+03 3.5176279154e+03 3.4006496078e+03 3.4492990495e+03 3.4708512647e+03 3.3500814643e+03 3.4882522676e+03 
3.3705761491e+03 3.4973672670e+03 3.5176279154e+03 3.4006496078e+03 3.5094602301e+03 3.4708512647e+03 3.3500814643e+03 3.4882522676e+03 
3.5220573021e+03 3.4973672670e+03 3.5176279154e+03 3.4006496078e+03 3.5094602301e+03 3.4708512647e+03 3.3500814643e+03 3.4882522676e+03 
3.5220573021e+03 3.4973672670e+03 3.5176279154e+03 3.4006496078e+03 3.5094602301e+03 3.5065017657e+03 3.3500814643e+03 3.4882522676e+03 
3.5220573021e+03 3.4973672670e+03 3.5176279154e+03 3.4006496078e+03 3.5094602301e+03 3.5065017657e+03 3.3500814643e+03 3.5273761219e+03 
3.5220573021e+03 3.4973672670e+03 3.5176279154e+03 3.4006496078e+03 3.5094602301e+03 3.5452959886e+03 3.3500814643e+03 3.5273761219e+03 
3.5220573021e+03 3.4973672670e+03 3.5176279154e+03 3.4006496078e+03 3.5094602301e+03 3.5452959886e+03 3.5401730903e+03 3.5273761219e+03 
3.5220573021e+03 3.4973672670e+03 3.5624684631e+03 3.4006496078e+03 3.5094602301e+03 3.5452959886e+03 3.5401730903e+03 3.5273761219e+03 
3.5220573021e+03 3.4973672670e+03 3.5624684631e+03 3.4006496078e+03 3.5094602301e+03 3.5452959886e+03 3.5847993069e+03 3.5273761219e+03 
3.5220573021e+03 3.4973672670e+03 3.5624684631e+03 3.5451733930e+03 3.5094602301e+03 3.5452959886e+03 3.5847993069e+03 3.5273761219e+03 
3.5649717530e+03 3.4973672670e+03 3.5624684631e+03 3.5451733930e+03 3.5094602301e+03 3.5452959886e+03 3.5847993069e+03 3.5273761219e+03 
3.5649717530e+03 3.4973672670e+03 3.5624684631e+03 3.5451733930e+03 3.5094602301e+03 3.6107703486e+03 3.5847993069e+03 3.5273761219e+03 
3.5649717530e+03 3.4973672670e+03 3.5624684631e+03 3.5451733930e+03 3.5094602301e+03 3.6107703486e+03 3.5927361377e+03 3.5273761219e+03 
3.5649717530e+03 3.4973672670e+03 3.6226155404e+03 3.5451733930e+03 3.5094602301e+03 3.6107703486e+03 3.5927361377e+03 3.5273761219e+03 
3.5649717530e+03 3.4973672670e+03 3.6226155404e+03 3.5451733930e+03 3.5094602301e+03 3.6107703486e+03 3.5927361377e+03 3.6359641508e+03 
3.5649717530e+03 3.4973672670e+03 3.6226155404e+03 3.5451733930e+03 3.5840253658e+03 3.6107703486e+03 3.5927361377e+03 3.6359641508e+03 
3.6302219620e+03 3.4973672670e+03 3.6226155404e+03 3.5451733930e+03 3.5840253658e+03 3.6107703486e+03 3.5927361377e+03 3.6359641508e+03 
3.6302219620e+03 3.4973672670e+03 3.6226155404e+03 3.5451733930e+03 3.5840253658e+03 3.6617371247e+03 3.5927361377e+03 3.6359641508e+03 
3.6302219620e+03 3.4973672670e+03 3.6226155404e+03 3.5451733930e+03 3.5840253658e+03 3.6617371247e+03 3.6527077530e+03 3.6359641508e+03 
3.6302219620e+03 3.4973672670e+03 3.6824353781e+03 3.5451733930e+03 3.5840253658e+03 3.6617371247e+03 3.6527077530e+03 3.6359641508e+03 
3.6302219620e+03 3.4973672670e+03 3.6824353781e+03 3.5451733930e+03 3.5840253658e+03 3.6617371247e+03 3.6527077530e+03 3.6868042046e+03 
3.6302219620e+03 3.4973672670e+03 3.6824353781e+03 3.5451733930e+03 3.5840253658e+03 3.7119382874e+03 3.6527077530e+03 3.6868042046e+03 
3.6302219620e+03 3.4973672670e+03 3.6824353781e+03 3.5451733930e+03 3.5840253658e+03 3.7119382874e+03 3.7122234836e+03 3.6868042046e+03 
3.6302219620e+03 3.4973672670e+03 3.6824353781e+03 3.6599924615e+03 3.5840253658e+03 3.7119382874e+03 3.7122234836e+03 3.6868042046e+03 
3.7381831852e+03 3.4973672670e+03 3.6824353781e+03 3.6599924615e+03 3.5840253658e+03 3.7119382874e+03 3.7122234836e+03 3.6868042046e+03 
3.7381831852e+03 3.4973672670e+03 3.6824353781e+03 3.6599924615e+03 3.7643996420e+03 3.7119382874e+03 3.7122234836e+03 3.6868042046e+03 
3.7381831852e+03 3.7118521236e+03 3.6824353781e+03 3.6599924615e+03 3.7643996420e+03 3.7119382874e+03 3.7122234836e+03 3.6868042046e+03 
3.7381831852e+03 3.7118521236e+03 3.6824353781e+03 3.7675890146e+03 3.7643996420e+03 3.7119382874e+03 3.7122234836e+03 3.6868042046e+03 
3.7905087745e+03 3.7118521236e+03 3.6824353781e+03 3.7675890146e+03 3.7643996420e+03 3.7119382874e+03 3.7122234836e+03 3.6868042046e+03 
3.7905087745e+03 3.7118521236e+03 3.6824353781e+03 3.7675890146e+03 3.8166167747e+03 3.7119382874e+03 3.7122234836e+03 3.6868042046e+03 
3.8428036273e+03 3.7118521236e+03 3.6824353781e+03 3.7675890146e+03 3.8166167747e+03 3.7119382874e+03 3.7122234836e+03 3.6868042046e+03 
3.8428036273e+03 3.7118521236e+03 3.6824353781e+03 3.7675890146e+03 3.8166167747e+03 3.7455185905e+03 3.7122234836e+03 3.6868042046e+03 
3.8428036273e+03 3.7118521236e+03 3.6824353781e+03 3.7675890146e+03 3.8166167747e+03 3.7455185905e+03 3.8050706435e+03 3.6868042046e+03 
3.8428036273e+03 3.7118521236e+03 3.6824353781e+03 3.8792449105e+03 3.8166167747e+03 3.7455185905e+03 3.8050706435e+03 3.6868042046e+03 
3.8495769282e+03 3.7118521236e+03 3.6824353781e+03 3.8792449105e+03 3.8166167747e+03 3.7455185905e+03 3.8050706435e+03 3.6868042046e+03 
3.8495769282e+03 3.7118521236e+03 3.6824353781e+03 3.8792449105e+03 3.8166167747e+03 3.8458213915e+03 3.8050706435e+03 3.6868042046e+03 
3.8495769282e+03 3.7118521236e+03 3.6824353781e+03 3.8792449105e+03 3.8166167747e+03 3.8458213915e+03 3.8050706435e+03 3.8860641879e+03 
3.8495769282e+03 3.7118521236e+03 3.6824353781e+03 3.8792449105e+03 3.8819313940e+03 3.8458213915e+03 3.8050706435e+03 3.8860641879e+03 
3.8495769282e+03 3.9149896531e+03 3.6824353781e+03 3.8792449105e+03 3.8819313940e+03 3.8458213915e+03 3.8050706435e+03 3.8860641879e+03 
3.8495769282e+03 3.9149896531e+03 3.6824353781e+03 3.9508222727e+03 3.8819313940e+03 3.8458213915e+03 3.8050706435e+03 3.8860641879e+03 
3.9145463332e+03 3.9149896531e+03 3.6824353781e+03 3.9508222727e+03 3.8819313940e+03 3.8458213915e+03 3.8050706435e+03 3.8860641879e+03 
3.9145463332e+03 3.9149896531e+03 3.6824353781e+03 3.9508222727e+03 3.8819313940e+03 3.9265081398e+03 3.8050706435e+03 3.8860641879e+03 
3.9145463332e+03 3.9149896531e+03 3.6824353781e+03 3.9508222727e+03 3.8819313940e+03 3.9265081398e+03 3.9954586408e+03 3.8860641879e+03 
3.9145463332e+03 3.9149896531e+03 3.6824353781e+03 3.9579646332e+03 3.8819313940e+03 3.9265081398e+03 3.9954586408e+03 3.8860641879e+03 
3.9659721628e+03 3.9149896531e+03 3.6824353781e+03 3.9579646332e+03 3.8819313940e+03 3.9265081398e+03 3.9954586408e+03 3.8860641879e+03 
3.9659721628e+03 3.9149896531e+03 3.6824353781e+03 3.9579646332e+03 3.8819313940e+03 4.0433724003e+03 3.9954586408e+03 3.8860641879e+03 
3.9659721628e+03 3.9149896531e+03 3.6824353781e+03 3.9579646332e+03 3.8819313940e+03 4.0433724003e+03 4.0101229856e+03 3.8860641879e+03 
3.9659721628e+03 3.9149896531e+03 3.6824353781e+03 4.0156396860e+03 3.8819313940e+03 4.0433724003e+03 4.0101229856e+03 3.8860641879e+03 
3.9659721628e+03 4.0647909638e+03 3.6824353781e+03 4.0156396860e+03 3.8819313940e+03 4.0433724003e+03 4.0101229856e+03 3.8860641879e+03 
3.9659721628e+03 4.0647909638e+03 4.0613963728e+03 4.0156396860e+03 3.8819313940e+03 4.0433724003e+03 4.0101229856e+03 3.8860641879e+03 
3.9659721628e+03 4.0647909638e+03 4.0613963728e+03 4.0156396860e+03 3.8819313940e+03 4.0433724003e+03 4.0101229856e+03 4.0901350052e+03 
3.9659721628e+03 4.0647909638e+03 4.0613963728e+03 4.0156396860e+03 3.8819313940e+03 4.1369035482e+03 4.0101229856e+03 4.0901350052e+03 
3.9659721628e+03 4.0647909638e+03 4.0613963728e+03 4.0156396860e+03 3.8819313940e+03 4.1369035482e+03 4.0101229856e+03 4.1836204723e+03 
3.9659721628e+03 4.0647909638e+03 4.0613963728e+03 4.0156396860e+03 4.1031612855e+03 4.1369035482e+03 4.0101229856e+03 4.1836204723e+03 
3.9659721628e+03 4.1032730919e+03 4.0613963728e+03 4.0156396860e+03 4.1031612855e+03 4.1369035482e+03 4.0101229856e+03 4.1836204723e+03 
3.9659721628e+03 4.1032730919e+03 4.2267958983e+03 4.0156396860e+03 4.1031612855e+03 4.1369035482e+03 4.0101229856e+03 4.1836204723e+03 
3.9659721628e+03 4.1032730919e+03 4.2267958983e+03 4.0156396860e+03 4.1031612855e+03 4.1369035482e+03 4.0101229856e+03 4.1757491779e+03 
3.9659721628e+03 4.1032730919e+03 4.2267958983e+03 4.0156396860e+03 4.1031612855e+03 4.2147010605e+03 4.0101229856e+03 4.1757491779e+03 
3.9659721628e+03 4.1032730919e+03 4.2267958983e+03 4.0156396860e+03 4.1031612855e+03 4.2147010605e+03 4.2704115280e+03 4.1757491779e+03 
3.9659721628e+03 4.1032730919e+03 4.2267958983e+03 4.1455387871e+03 4.1031612855e+03 4.2147010605e+03 4.2704115280e+03 4.1757491779e+03 
4.2534530920e+03 4.1032730919e+03 4.2267958983e+03 4.1455387871e+03 4.1031612855e+03 4.2147010605e+03 4.2704115280e+03 4.1757491779e+03 
4.2534530920e+03 4.1032730919e+03 4.2267958983e+03 4.1455387871e+03 4.1031612855e+03 4.3176524539e+03 4.2704115280e+03 4.1757491779e+03 
4.2534530920e+03 4.1032730919e+03 4.2267958983e+03 4.1455387871e+03 4.1031612855e+03 4.3176524539e+03 4.2783366931e+03 4.1757491779e+03 
4.2534530920e+03 4.1032730919e+03 4.2267958983e+03 4.3025533528e+03 4.1031612855e+03 4.3176524539e+03 4.2783366931e+03 4.1757491779e+03 
4.3632001280e+03 4.1032730919e+03 4.2267958983e+03 4.3025533528e+03 4.1031612855e+03 4.3176524539e+03 4.2783366931e+03 4.1757491779e+03 
4.3632001280e+03 4.1032730919e+03 4.2267958983e+03 4.3025533528e+03 4.1031612855e+03 4.3331753572e+03 4.2783366931e+03 4.1757491779e+03 
4.3632001280e+03 4.1032730919e+03 4.2267958983e+03 4.3025533528e+03 4.1031612855e+03 4.3331753572e+03 4.3615728324e+03 4.1757491779e+03 
4.3632001280e+03 4.1032730919e+03 4.4200596606e+03 4.3025533528e+03 4.1031612855e+03 4.3331753572e+03 4.3615728324e+03 4.1757491779e+03 
4.3632001280e+03 4.1032730919e+03 4.4200596606e+03 4.3025533528e+03 4.1031612855e+03 4.3331753572e+03 4.3615728324e+03 4.3870244546e+03 
4.3632001280e+03 4.1032730919e+03 4.4200596606e+03 4.3025533528e+03 4.1031612855e+03 4.4408125954e+03 4.3615728324e+03 4.3870244546e+03 
4.3632001280e+03 4.1032730919e+03 4.4200596606e+03 4.3025533528e+03 4.1031612855e+03 4.4408125954e+03 4.3615728324e+03 4.4945301973e+03 
4.3632001280e+03 4.1032730919e+03 4.4200596606e+03 4.3025533528e+03 4.1031612855e+03 4.5481708880e+03 4.3615728324e+03 4.4945301973e+03 
4.3632001280e+03 4.1032730919e+03 4.4200596606e+03 4.3025533528e+03 4.1031612855e+03 4.5481708880e+03 4.3615728324e+03 4.6017345875e+03 
4.3632001280e+03 4.1032730919e+03 4.4200596606e+03 4.3025533528e+03 4.4077951778e+03 4.5481708880e+03 4.3615728324e+03 4.6017345875e+03 
4.3632001280e+03 4.4680995406e+03 4.4200596606e+03 4.3025533528e+03 4.4077951778e+03 4.5481708880e+03 4.3615728324e+03 4.6017345875e+03 
4.3632001280e+03 4.4680995406e+03 4.6517453601e+03 4.3025533528e+03 4.4077951778e+03 4.5481708880e+03 4.3615728324e+03 4.6017345875e+03 
4.3632001280e+03 4.4680995406e+03 4.6517453601e+03 4.3025533528e+03 4.4077951778e+03 4.5481708880e+03 4.3615728324e+03 4.5938507120e+03 
4.3632001280e+03 4.4680995406e+03 4.6517453601e+03 4.3025533528e+03 4.5056078465e+03 4.5481708880e+03 4.3615728324e+03 4.5938507120e+03 
4.3632001280e+03 4.6926432287e+03 4.6517453601e+03 4.3025533528e+03 4.5056078465e+03 4.5481708880e+03 4.3615728324e+03 4.5938507120e+03 
4.3632001280e+03 4.6926432287e+03 4.6517453601e+03 4.7337352730e+03 4.5056078465e+03 4.5481708880e+03 4.3615728324e+03 4.5938507120e+03 
4.5862243774e+03 4.6926432287e+03 4.6517453601e+03 4.7337352730e+03 4.5056078465e+03 4.5481708880e+03 4.3615728324e+03 4.5938507120e+03 
4.5862243774e+03 4.6926432287e+03 4.6517453601e+03 4.7337352730e+03 4.5056078465e+03 4.6404329065e+03 4.3615728324e+03 4.5938507120e+03 
4.5862243774e+03 4.6926432287e+03 4.6517453601e+03 4.7337352730e+03 4.5056078465e+03 4.6404329065e+03 4.3615728324e+03 4.6865862146e+03 
4.5862243774e+03 4.6926432287e+03 4.6517453601e+03 4.7337352730e+03 4.5056078465e+03 4.7326009157e+03 4.3615728324e+03 4.6865862146e+03 
4.5862243774e+03 4.6926432287e+03 4.6517453601e+03 4.7337352730e+03 4.5056078465e+03 4.7326009157e+03 4.7843204935e+03 4.6865862146e+03 
4.5862243774e+03 4.6926432287e+03 4.6517453601e+03 4.7409936177e+03 4.5056078465e+03 4.7326009157e+03 4.7843204935e+03 4.6865862146e+03 
4.7774763565e+03 4.6926432287e+03 4.6517453601e+03 4.7409936177e+03 4.5056078465e+03 4.7326009157e+03 4.7843204935e+03 4.6865862146e+03 
4.7774763565e+03 4.6926432287e+03 4.6517453601e+03 4.7409936177e+03 4.8223552142e+03 4.7326009157e+03 4.7843204935e+03 4.6865862146e+03 
4.7774763565e+03 4.7890324614e+03 4.6517453601e+03 4.7409936177e+03 4.8223552142e+03 4.7326009157e+03 4.7843204935e+03 4.6865862146e+03 
4.7774763565e+03 4.7890324614e+03 4.8343610853e+03 4.7409936177e+03 4.8223552142e+03 4.7326009157e+03 4.7843204935e+03 4.6865862146e+03 
4.7774763565e+03 4.7890324614e+03 4.8343610853e+03 4.7409936177e+03 4.8223552142e+03 4.7326009157e+03 4.7843204935e+03 4.8679025259e+03 
4.7774763565e+03 4.7890324614e+03 4.8343610853e+03 4.7409936177e+03 4.8263090591e+03 4.7326009157e+03 4.7843204935e+03 4.8679025259e+03 
4.7774763565e+03 4.8751403804e+03 4.8343610853e+03 4.7409936177e+03 4.8263090591e+03 4.7326009157e+03 4.7843204935e+03 4.8679025259e+03 
4.7774763565e+03 4.8751403804e+03 4.9100653360e+03 4.7409936177e+03 4.8263090591e+03 4.7326009157e+03 4.7843204935e+03 4.8679025259e+03 
4.7774763565e+03 4.8751403804e+03 4.9100653360e+03 4.7409936177e+03 4.8263090591e+03 4.7326009157e+03 4.7843204935e+03 4.8641612013e+03 
4.7774763565e+03 4.8751403804e+03 4.9100653360e+03 4.7409936177e+03 4.8263090591e+03 4.9021419592e+03 4.7843204935e+03 4.8641612013e+03 
4.7774763565e+03 4.8751403804e+03 4.9100653360e+03 4.7409936177e+03 4.8263090591e+03 4.9021419592e+03 4.9527318122e+03 4.8641612013e+03 
4.7774763565e+03 4.8751403804e+03 4.9100653360e+03 4.9164081286e+03 4.8263090591e+03 4.9021419592e+03 4.9527318122e+03 4.8641612013e+03 
4.9399926758e+03 4.8751403804e+03 4.9100653360e+03 4.9164081286e+03 4.8263090591e+03 4.9021419592e+03 4.9527318122e+03 4.8641612013e+03 
4.9399926758e+03 4.8751403804e+03 4.9100653360e+03 4.9164081286e+03 4.9778708006e+03 4.9021419592e+03 4.9527318122e+03 4.8641612013e+03 
4.9399926758e+03 4.9574693915e+03 4.9100653360e+03 4.9164081286e+03 4.9778708006e+03 4.9021419592e+03 4.9527318122e+03 4.8641612013e+03 
4.9399926758e+03 4.9574693915e+03 4.9950681116e+03 4.9164081286e+03 4.9778708006e+03 4.9021419592e+03 4.9527318122e+03 4.8641612013e+03 
4.9399926758e+03 4.9574693915e+03 4.9950681116e+03 4.9164081286e+03 4.9778708006e+03 4.9021419592e+03 5.0376104456e+03 4.8641612013e+03 
4.9399926758e+03 4.9574693915e+03 4.9950681116e+03 4.9986612588e+03 4.9778708006e+03 4.9021419592e+03 5.0376104456e+03 4.8641612013e+03 
5.0156619718e+03 4.9574693915e+03 4.9950681116e+03 4.9986612588e+03 4.9778708006e+03 4.9021419592e+03 5.0376104456e+03 4.8641612013e+03 
5.0156619718e+03 4.9574693915e+03 4.9950681116e+03 4.9986612588e+03 4.9778708006e+03 5.0838777038e+03 5.0376104456e+03 4.8641612013e+03 
5.0156619718e+03 4.9574693915e+03 4.9950681116e+03 4.9986612588e+03 4.9778708006e+03 5.0838777038e+03 5.0492356416e+03 4.8641612013e+03 
5.0156619718e+03 4.9574693915e+03 4.9950681116e+03 5.0638327331e+03 4.9778708006e+03 5.0838777038e+03 5.0492356416e+03 4.8641612013e+03 
5.1284980386e+03 4.9574693915e+03 4.9950681116e+03 5.0638327331e+03 4.9778708006e+03 5.0838777038e+03 5.0492356416e+03 4.8641612013e+03 
5.1284980386e+03 4.9574693915e+03 4.9950681116e+03 5.0638327331e+03 5.1730959047e+03 5.0838777038e+03 5.0492356416e+03 4.8641612013e+03 
5.1284980386e+03 5.1115990419e+03 4.9950681116e+03 5.0638327331e+03 5.1730959047e+03 5.0838777038e+03 5.0492356416e+03 4.8641612013e+03 
5.1284980386e+03 5.1115990419e+03 5.0990515264e+03 5.0638327331e+03 5.1730959047e+03 5.0838777038e+03 5.0492356416e+03 4.8641612013e+03 
5.1284980386e+03 5.1115990419e+03 5.0990515264e+03 5.0638327331e+03 5.1730959047e+03 5.0838777038e+03 5.0492356416e+03 5.2183218206e+03 
5.1284980386e+03 5.1115990419e+03 5.0990515264e+03 5.0638327331e+03 5.1654541109e+03 5.0838777038e+03 5.0492356416e+03 5.2183218206e+03 
5.1284980386e+03 5.1395785456e+03 5.0990515264e+03 5.0638327331e+03 5.1654541109e+03 5.0838777038e+03 5.0492356416e+03 5.2183218206e+03 
5.1284980386e+03 5.1395785456e+03 5.2601421327e+03 5.0638327331e+03 5.1654541109e+03 5.0838777038e+03 5.0492356416e+03 5.2183218206e+03 
5.1284980386e+03 5.1395785456e+03 5.2601421327e+03 5.0638327331e+03 5.1654541109e+03 5.0838777038e+03 5.0492356416e+03 5.2029726713e+03 
5.1284980386e+03 5.1395785456e+03 5.2601421327e+03 5.0638327331e+03 5.1654541109e+03 5.2406171261e+03 5.0492356416e+03 5.2029726713e+03 
5.1284980386e+03 5.1395785456e+03 5.2601421327e+03 5.0638327331e+03 5.1654541109e+03 5.2406171261e+03 5.3024579207e+03 5.2029726713e+03 
5.1284980386e+03 5.1395785456e+03 5.2601421327e+03 5.1805789778e+03 5.1654541109e+03 5.2406171261e+03 5.3024579207e+03 5.2029726713e+03 
5.1284980386e+03 5.3006789949e+03 5.2601421327e+03 5.1805789778e+03 5.1654541109e+03 5.2406171261e+03 5.3024579207e+03 5.2029726713e+03 
5.1284980386e+03 5.3006789949e+03 5.3443437314e+03 5.1805789778e+03 5.1654541109e+03 5.2406171261e+03 5.3024579207e+03 5.2029726713e+03 
5.1284980386e+03 5.3006789949e+03 5.3443437314e+03 5.1805789778e+03 5.1654541109e+03 5.2406171261e+03 5.3864662366e+03 5.2029726713e+03 
5.1284980386e+03 5.3006789949e+03 5.3443437314e+03 5.3414766399e+03 5.1654541109e+03 5.2406171261e+03 5.3864662366e+03 5.2029726713e+03 
5.2781042922e+03 5.3006789949e+03 5.3443437314e+03 5.3414766399e+03 5.1654541109e+03 5.2406171261e+03 5.3864662366e+03 5.2029726713e+03 
5.2781042922e+03 5.3006789949e+03 5.3443437314e+03 5.3414766399e+03 5.3381797904e+03 5.2406171261e+03 5.3864662366e+03 5.2029726713e+03 
5.2781042922e+03 5.3849616900e+03 5.3443437314e+03 5.3414766399e+03 5.3381797904e+03 5.2406171261e+03 5.3864662366e+03 5.2029726713e+03 
5.2781042922e+03 5.3849616900e+03 5.4283525227e+03 5.3414766399e+03 5.3381797904e+03 5.2406171261e+03 5.3864662366e+03 5.2029726713e+03 
5.2781042922e+03 5.3849616900e+03 5.4283525227e+03 5.3414766399e+03 5.3381797904e+03 5.2406171261e+03 5.3864662366e+03 5.3756898416e+03 
5.2781042922e+03 5.3849616900e+03 5.4283525227e+03 5.3414766399e+03 5.4148937128e+03 5.2406171261e+03 5.3864662366e+03 5.3756898416e+03 
5.2781042922e+03 5.4618008610e+03 5.4283525227e+03 5.3414766399e+03 5.4148937128e+03 5.2406171261e+03 5.3864662366e+03 5.3756898416e+03 
5.2781042922e+03 5.4618008610e+03 5.4206332773e+03 5.3414766399e+03 5.4148937128e+03 5.2406171261e+03 5.3864662366e+03 5.3756898416e+03 
5.2781042922e+03 5.4618008610e+03 5.4206332773e+03 5.3414766399e+03 5.4148937128e+03 5.2406171261e+03 5.3864662366e+03 5.4446959022e+03 
5.2781042922e+03 5.4618008610e+03 5.4206332773e+03 5.3414766399e+03 5.4848410718e+03 5.2406171261e+03 5.3864662366e+03 5.4446959022e+03 
5.2781042922e+03 5.4473016826e+03 5.4206332773e+03 5.3414766399e+03 5.4848410718e+03 5.2406171261e+03 5.3864662366e+03 5.4446959022e+03 
5.2781042922e+03 5.4473016826e+03 5.4206332773e+03 5.4741606349e+03 5.4848410718e+03 5.2406171261e+03 5.3864662366e+03 5.4446959022e+03 
5.5085093104e+03 5.4473016826e+03 5.4206332773e+03 5.4741606349e+03 5.4848410718e+03 5.2406171261e+03 5.3864662366e+03 5.4446959022e+03 
5.5085093104e+03 5.4473016826e+03 5.4206332773e+03 5.4741606349e+03 5.5322550765e+03 5.2406171261e+03 5.3864662366e+03 5.4446959022e+03 
5.5085093104e+03 5.5011662615e+03 5.4206332773e+03 5.4741606349e+03 5.5322550765e+03 5.2406171261e+03 5.3864662366e+03 5.4446959022e+03 
5.5085093104e+03 5.5011662615e+03 5.4715835905e+03 5.4741606349e+03 5.5322550765e+03 5.2406171261e+03 5.3864662366e+03 5.4446959022e+03 
5.5085093104e+03 5.5011662615e+03 5.4715835905e+03 5.4741606349e+03 5.5322550765e+03 5.2406171261e+03 5.3864662366e+03 5.5546820031e+03 
5.5085093104e+03 5.5011662615e+03 5.4715835905e+03 5.4741606349e+03 5.5249529604e+03 5.2406171261e+03 5.3864662366e+03 5.5546820031e+03 
5.5085093104e+03 5.4942097120e+03 5.4715835905e+03 5.4741606349e+03 5.5249529604e+03 5.2406171261e+03 5.3864662366e+03 5.5546820031e+03 
5.5085093104e+03 5.4942097120e+03 5.5738555989e+03 5.4741606349e+03 5.5249529604e+03 5.2406171261e+03 5.3864662366e+03 5.5546820031e+03 
5.5085093104e+03 5.4942097120e+03 5.5738555989e+03 5.4741606349e+03 5.5249529604e+03 5.2406171261e+03 5.3864662366e+03 5.5398573888e+03 
5.5085093104e+03 5.4942097120e+03 5.5738555989e+03 5.4741606349e+03 5.5182154173e+03 5.2406171261e+03 5.3864662366e+03 5.5398573888e+03 
5.5284499313e+03 5.4942097120e+03 5.5738555989e+03 5.4741606349e+03 5.5182154173e+03 5.2406171261e+03 5.3864662366e+03 5.5398573888e+03 
5.5284499313e+03 5.4942097120e+03 5.5738555989e+03 5.4741606349e+03 5.5387510347e+03 5.2406171261e+03 5.3864662366e+03 5.5398573888e+03 
5.5284499313e+03 5.5873776917e+03 5.5738555989e+03 5.4741606349e+03 5.5387510347e+03 5.2406171261e+03 5.3864662366e+03 5.5398573888e+03 
5.5284499313e+03 5.5873776917e+03 5.5518103147e+03 5.4741606349e+03 5.5387510347e+03 5.2406171261e+03 5.3864662366e+03 5.5398573888e+03 
5.5284499313e+03 5.5873776917e+03 5.5518103147e+03 5.4741606349e+03 5.5387510347e+03 5.2406171261e+03 5.5640998107e+03 5.5398573888e+03 
5.5284499313e+03 5.5873776917e+03 5.5518103147e+03 5.6012727145e+03 5.5387510347e+03 5.2406171261e+03 5.5640998107e+03 5.5398573888e+03 
5.5493295067e+03 5.5873776917e+03 5.5518103147e+03 5.6012727145e+03 5.5387510347e+03 5.2406171261e+03 5.5640998107e+03 5.5398573888e+03 
5.5493295067e+03 5.5873776917e+03 5.5518103147e+03 5.6012727145e+03 5.5387510347e+03 5.5802459317e+03 5.5640998107e+03 5.5398573888e+03 
5.5493295067e+03 5.5873776917e+03 5.5518103147e+03 5.6012727145e+03 5.5387510347e+03 5.5802459317e+03 5.6217128044e+03 5.5398573888e+03 
5.5493295067e+03 5.5873776917e+03 5.5518103147e+03 5.6084393574e+03 5.5387510347e+03 5.5802459317e+03 5.6217128044e+03 5.5398573888e+03 
5.5978326671e+03 5.5873776917e+03 5.5518103147e+03 5.6084393574e+03 5.5387510347e+03 5.5802459317e+03 5.6217128044e+03 5.5398573888e+03 
5.5978326671e+03 5.5873776917e+03 5.5518103147e+03 5.6084393574e+03 5.5387510347e+03 5.6455511478e+03 5.6217128044e+03 5.5398573888e+03 
5.5978326671e+03 5.5873776917e+03 5.5518103147e+03 5.6084393574e+03 5.5387510347e+03 5.6455511478e+03 5.6217128044e+03 5.6689501138e+03 
5.5978326671e+03 5.5873776917e+03 5.5518103147e+03 5.6084393574e+03 5.5387510347e+03 5.6922538281e+03 5.6217128044e+03 5.6689501138e+03 
5.5978326671e+03 5.5873776917e+03 5.5518103147e+03 5.6084393574e+03 5.5387510347e+03 5.6922538281e+03 5.6217128044e+03 5.7154284560e+03 
5.5978326671e+03 5.5873776917e+03 5.5518103147e+03 5.6084393574e+03 5.5387510347e+03 5.7385877623e+03 5.6217128044e+03 5.7154284560e+03 
5.5978326671e+03 5.5873776917e+03 5.5518103147e+03 5.6084393574e+03 5.5387510347e+03 5.7385877623e+03 5.6363019786e+03 5.7154284560e+03 
5.5978326671e+03 5.5873776917e+03 5.5518103147e+03 5.6256098943e+03 5.5387510347e+03 5.7385877623e+03 5.6363019786e+03 5.7154284560e+03 
5.5978326671e+03 5.6529492369e+03 5.5518103147e+03 5.6256098943e+03 5.5387510347e+03 5.7385877623e+03 5.6363019786e+03 5.7154284560e+03 
5.5978326671e+03 5.6529492369e+03 5.5518103147e+03 5.6803641635e+03 5.5387510347e+03 5.7385877623e+03 5.6363019786e+03 5.7154284560e+03 
5.7626576762e+03 5.6529492369e+03 5.5518103147e+03 5.6803641635e+03 5.5387510347e+03 5.7385877623e+03 5.6363019786e+03 5.7154284560e+03 
5.7626576762e+03 5.6529492369e+03 5.5518103147e+03 5.6803641635e+03 5.5387510347e+03 5.7466017158e+03 5.6363019786e+03 5.7154284560e+03 
5.7626576762e+03 5.6529492369e+03 5.5518103147e+03 5.6803641635e+03 5.5387510347e+03 5.7466017158e+03 5.7158409526e+03 5.7154284560e+03 
5.7626576762e+03 5.6529492369e+03 5.5518103147e+03 5.7971056627e+03 5.5387510347e+03 5.7466017158e+03 5.7158409526e+03 5.7154284560e+03 
5.7775615103e+03 5.6529492369e+03 5.5518103147e+03 5.7971056627e+03 5.5387510347e+03 5.7466017158e+03 5.7158409526e+03 5.7154284560e+03 
5.7775615103e+03 5.6529492369e+03 5.5518103147e+03 5.7971056627e+03 5.8084667406e+03 5.7466017158e+03 5.7158409526e+03 5.7154284560e+03 
5.7775615103e+03 5.8311024500e+03 5.5518103147e+03 5.7971056627e+03 5.8084667406e+03 5.7466017158e+03 5.7158409526e+03 5.7154284560e+03 
5.7775615103e+03 5.8311024500e+03 5.7504953863e+03 5.7971056627e+03 5.8084667406e+03 5.7466017158e+03 5.7158409526e+03 5.7154284560e+03 
5.7775615103e+03 5.8311024500e+03 5.7504953863e+03 5.7971056627e+03 5.8084667406e+03 5.7466017158e+03 5.7158409526e+03 5.8385735911e+03 
5.7775615103e+03 5.8311024500e+03 5.7504953863e+03 5.7971056627e+03 5.8543275050e+03 5.7466017158e+03 5.7158409526e+03 5.8385735911e+03 
5.7775615103e+03 5.8238939825e+03 5.7504953863e+03 5.7971056627e+03 5.8543275050e+03 5.7466017158e+03 5.7158409526e+03 5.8385735911e+03 
5.7775615103e+03 5.8238939825e+03 5.7504953863e+03 5.8508285323e+03 5.8543275050e+03 5.7466017158e+03 5.7158409526e+03 5.8385735911e+03 
5.8780395253e+03 5.8238939825e+03 5.7504953863e+03 5.8508285323e+03 5.8543275050e+03 5.7466017158e+03 5.7158409526e+03 5.8385735911e+03 
5.8780395253e+03 5.8238939825e+03 5.7504953863e+03 5.8508285323e+03 5.9017991930e+03 5.7466017158e+03 5.7158409526e+03 5.8385735911e+03 
5.9256743969e+03 5.8238939825e+03 5.7504953863e+03 5.8508285323e+03 5.9017991930e+03 5.7466017158e+03 5.7158409526e+03 5.8385735911e+03 
5.9256743969e+03 5.8238939825e+03 5.7504953863e+03 5.8508285323e+03 5.9017991930e+03 5.8695194986e+03 5.7158409526e+03 5.8385735911e+03 
5.9256743969e+03 5.8238939825e+03 5.7504953863e+03 5.8508285323e+03 5.9017991930e+03 5.8695194986e+03 5.7158409526e+03 5.9322637737e+03 
5.9256743969e+03 5.8238939825e+03 5.7504953863e+03 5.8508285323e+03 5.9490408487e+03 5.8695194986e+03 5.7158409526e+03 5.9322637737e+03 
5.9256743969e+03 5.8777127487e+03 5.7504953863e+03 5.8508285323e+03 5.9490408487e+03 5.8695194986e+03 5.7158409526e+03 5.9322637737e+03 
5.9256743969e+03 5.8777127487e+03 5.9589791813e+03 5.8508285323e+03 5.9490408487e+03 5.8695194986e+03 5.7158409526e+03 5.9322637737e+03 
5.9256743969e+03 5.8777127487e+03 5.9589791813e+03 5.8508285323e+03 5.9490408487e+03 5.8695194986e+03 5.7158409526e+03 5.9713638796e+03 
5.9256743969e+03 5.8777127487e+03 5.9589791813e+03 5.8508285323e+03 5.9419728719e+03 5.8695194986e+03 5.7158409526e+03 5.9713638796e+03 
5.9256743969e+03 5.9788027627e+03 5.9589791813e+03 5.8508285323e+03 5.9419728719e+03 5.8695194986e+03 5.7158409526e+03 5.9713638796e+03 
5.9256743969e+03 5.9788027627e+03 5.9903950258e+03 5.8508285323e+03 5.9419728719e+03 5.8695194986e+03 5.7158409526e+03 5.9713638796e+03 
5.9256743969e+03 5.9788027627e+03 5.9903950258e+03 5.8508285323e+03 5.9419728719e+03 5.8695194986e+03 5.7158409526e+03 5.9567210377e+03 
5.9256743969e+03 5.9788027627e+03 5.9903950258e+03 5.8508285323e+03 5.9419728719e+03 5.9716986432e+03 5.7158409526e+03 5.9567210377e+03 
5.9256743969e+03 5.9788027627e+03 5.9903950258e+03 5.8508285323e+03 5.9419728719e+03 5.9716986432e+03 5.7158409526e+03 5.9867130960e+03 
5.9256743969e+03 5.9788027627e+03 5.9903950258e+03 5.8508285323e+03 5.9884349475e+03 5.9716986432e+03 5.7158409526e+03 5.9867130960e+03 
5.9256743969e+03 6.0035364452e+03 5.9903950258e+03 5.8508285323e+03 5.9884349475e+03 5.9716986432e+03 5.7158409526e+03 5.9867130960e+03 
5.9256743969e+03 6.0035364452e+03 5.9903950258e+03 6.0168189372e+03 5.9884349475e+03 5.9716986432e+03 5.7158409526e+03 5.9867130960e+03 
5.9985720811e+03 6.0035364452e+03 5.9903950258e+03 6.0168189372e+03 5.9884349475e+03 5.9716986432e+03 5.7158409526e+03 5.9867130960e+03 
5.9985720811e+03 6.0035364452e+03 5.9903950258e+03 6.0168189372e+03 5.9884349475e+03 6.0024910012e+03 5.7158409526e+03 5.9867130960e+03 
5.9985720811e+03 6.0035364452e+03 5.9903950258e+03 6.0168189372e+03 5.9884349475e+03 6.0024910012e+03 6.0369155998e+03 5.9867130960e+03 
5.9985720811e+03 6.0035364452e+03 6.0567063125e+03 6.0168189372e+03 5.9884349475e+03 6.0024910012e+03 6.0369155998e+03 5.9867130960e+03 
5.9985720811e+03 6.0035364452e+03 6.0567063125e+03 6.0168189372e+03 5.9884349475e+03 6.0024910012e+03 6.0765110811e+03 5.9867130960e+03 
5.9985720811e+03 6.0035364452e+03 6.0567063125e+03 6.0241327724e+03 5.9884349475e+03 6.0024910012e+03 6.0765110811e+03 5.9867130960e+03 
6.0196641755e+03 6.0035364452e+03 6.0567063125e+03 6.0241327724e+03 5.9884349475e+03 6.0024910012e+03 6.0765110811e+03 5.9867130960e+03 
6.0196641755e+03 6.0035364452e+03 6.0567063125e+03 6.0241327724e+03 5.9884349475e+03 6.0999366133e+03 6.0765110811e+03 5.9867130960e+03 
6.0196641755e+03 6.0035364452e+03 6.0567063125e+03 6.0241327724e+03 5.9884349475e+03 6.0999366133e+03 6.0765110811e+03 6.1229414085e+03 
6.0196641755e+03 6.0035364452e+03 6.0567063125e+03 6.0241327724e+03 5.9884349475e+03 6.1458623228e+03 6.0765110811e+03 6.1229414085e+03 
6.0196641755e+03 6.0035364452e+03 6.0567063125e+03 6.0241327724e+03 5.9884349475e+03 6.1458623228e+03 6.0765110811e+03 6.1686611113e+03 
6.0196641755e+03 6.0035364452e+03 6.0567063125e+03 6.0241327724e+03 6.0363276393e+03 6.1458623228e+03 6.0765110811e+03 6.1686611113e+03 
6.1628111719e+03 6.0035364452e+03 6.0567063125e+03 6.0241327724e+03 6.0363276393e+03 6.1458623228e+03 6.0765110811e+03 6.1686611113e+03 
6.1628111719e+03 6.0035364452e+03 6.0567063125e+03 6.0241327724e+03 6.0363276393e+03 6.1919173969e+03 6.0765110811e+03 6.1686611113e+03 
6.1628111719e+03 6.0035364452e+03 6.0567063125e+03 6.0241327724e+03 6.0363276393e+03 6.1919173969e+03 6.0765110811e+03 6.2147743259e+03 
6.1628111719e+03 6.0035364452e+03 6.0567063125e+03 6.0241327724e+03 6.1793742581e+03 6.1919173969e+03 6.0765110811e+03 6.2147743259e+03 
6.2088446172e+03 6.0035364452e+03 6.0567063125e+03 6.0241327724e+03 6.1793742581e+03 6.1919173969e+03 6.0765110811e+03 6.2147743259e+03 
6.2088446172e+03 6.0035364452e+03 6.0567063125e+03 6.0241327724e+03 6.1793742581e+03 6.2380031653e+03 6.0765110811e+03 6.2147743259e+03 
6.2088446172e+03 6.0035364452e+03 6.0567063125e+03 6.0241327724e+03 6.1793742581e+03 6.2380031653e+03 6.0843826360e+03 6.2147743259e+03 
6.2088446172e+03 6.0035364452e+03 6.0567063125e+03 6.2361827828e+03 6.1793742581e+03 6.2380031653e+03 6.0843826360e+03 6.2147743259e+03 
6.2618200251e+03 6.0035364452e+03 6.0567063125e+03 6.2361827828e+03 6.1793742581e+03 6.2380031653e+03 6.0843826360e+03 6.2147743259e+03 
6.2618200251e+03 6.0035364452e+03 6.0567063125e+03 6.2361827828e+03 6.2855847106e+03 6.2380031653e+03 6.0843826360e+03 6.2147743259e+03 
6.2618200251e+03 6.2630998793e+03 6.0567063125e+03 6.2361827828e+03 6.2855847106e+03 6.2380031653e+03 6.0843826360e+03 6.2147743259e+03 
6.2618200251e+03 6.2630998793e+03 6.2415616969e+03 6.2361827828e+03 6.2855847106e+03 6.2380031653e+03 6.0843826360e+03 6.2147743259e+03 
6.2618200251e+03 6.2630998793e+03 6.2415616969e+03 6.2361827828e+03 6.2855847106e+03 6.2380031653e+03 6.2685661670e+03 6.2147743259e+03 
6.2618200251e+03 6.2630998793e+03 6.2415616969e+03 6.2901141721e+03 6.2855847106e+03 6.2380031653e+03 6.2685661670e+03 6.2147743259e+03 
6.2618200251e+03 6.3167464230e+03 6.2415616969e+03 6.2901141721e+03 6.2855847106e+03 6.2380031653e+03 6.2685661670e+03 6.2147743259e+03 
6.2618200251e+03 6.3167464230e+03 6.2415616969e+03 6.3434862132e+03 6.2855847106e+03 6.2380031653e+03 6.2685661670e+03 6.2147743259e+03 
6.3091186794e+03 6.3167464230e+03 6.2415616969e+03 6.3434862132e+03 6.2855847106e+03 6.2380031653e+03 6.2685661670e+03 6.2147743259e+03 
6.3091186794e+03 6.3167464230e+03 6.2415616969e+03 6.3434862132e+03 6.2855847106e+03 6.2992146666e+03 6.2685661670e+03 6.2147743259e+03 
6.3091186794e+03 6.3167464230e+03 6.2415616969e+03 6.3434862132e+03 6.2855847106e+03 6.2992146666e+03 6.3783381309e+03 6.2147743259e+03 
6.3091186794e+03 6.3167464230e+03 6.4127791575e+03 6.3434862132e+03 6.2855847106e+03 6.2992146666e+03 6.3783381309e+03 6.2147743259e+03 
6.3091186794e+03 6.3167464230e+03 6.4127791575e+03 6.3434862132e+03 6.2855847106e+03 6.2992146666e+03 6.3783381309e+03 6.3290693730e+03 
6.3091186794e+03 6.3167464230e+03 6.4127791575e+03 6.3434862132e+03 6.2855847106e+03 6.4081751702e+03 6.3783381309e+03 6.3290693730e+03 
6.3091186794e+03 6.3167464230e+03 6.4127791575e+03 6.3434862132e+03 6.2855847106e+03 6.4081751702e+03 6.3783381309e+03 6.4379524317e+03 
6.3091186794e+03 6.3167464230e+03 6.4127791575e+03 6.3434862132e+03 6.3396623211e+03 6.4081751702e+03 6.3783381309e+03 6.4379524317e+03 
6.3091186794e+03 6.4390875871e+03 6.4127791575e+03 6.3434862132e+03 6.3396623211e+03 6.4081751702e+03 6.3783381309e+03 6.4379524317e+03 
6.3091186794e+03 6.4390875871e+03 6.4641771893e+03 6.3434862132e+03 6.3396623211e+03 6.4081751702e+03 6.3783381309e+03 6.4379524317e+03 
6.3091186794e+03 6.4390875871e+03 6.4641771893e+03 6.3434862132e+03 6.3396623211e+03 6.4081751702e+03 6.4906926613e+03 6.4379524317e+03 
6.3091186794e+03 6.4390875871e+03 6.5170774852e+03 6.3434862132e+03 6.3396623211e+03 6.4081751702e+03 6.4906926613e+03 6.4379524317e+03 
6.3091186794e+03 6.4390875871e+03 6.5170774852e+03 6.3434862132e+03 6.3396623211e+03 6.4081751702e+03 6.4906926613e+03 6.4301099703e+03 
6.3091186794e+03 6.4390875871e+03 6.5170774852e+03 6.3434862132e+03 6.4549277642e+03 6.4081751702e+03 6.4906926613e+03 6.4301099703e+03 
6.4712514162e+03 6.4390875871e+03 6.5170774852e+03 6.3434862132e+03 6.4549277642e+03 6.4081751702e+03 6.4906926613e+03 6.4301099703e+03 
6.4712514162e+03 6.4390875871e+03 6.5170774852e+03 6.3434862132e+03 6.4876228620e+03 6.4081751702e+03 6.4906926613e+03 6.4301099703e+03 
6.4712514162e+03 6.5366342841e+03 6.5170774852e+03 6.3434862132e+03 6.4876228620e+03 6.4081751702e+03 6.4906926613e+03 6.4301099703e+03 
6.4712514162e+03 6.5366342841e+03 6.5170774852e+03 6.5562587276e+03 6.4876228620e+03 6.4081751702e+03 6.4906926613e+03 6.4301099703e+03 
6.5040833937e+03 6.5366342841e+03 6.5170774852e+03 6.5562587276e+03 6.4876228620e+03 6.4081751702e+03 6.4906926613e+03 6.4301099703e+03 
6.5040833937e+03 6.5366342841e+03 6.5170774852e+03 6.5562587276e+03 6.4876228620e+03 6.5135139618e+03 6.4906926613e+03 6.4301099703e+03 
6.5040833937e+03 6.5366342841e+03 6.5170774852e+03 6.5562587276e+03 6.4876228620e+03 6.5135139618e+03 6.5833215199e+03 6.4301099703e+03 
6.5040833937e+03 6.5366342841e+03 6.6100235050e+03 6.5562587276e+03 6.4876228620e+03 6.5135139618e+03 6.5833215199e+03 6.4301099703e+03 
6.5040833937e+03 6.5366342841e+03 6.6100235050e+03 6.5562587276e+03 6.4876228620e+03 6.5135139618e+03 6.6367224669e+03 6.4301099703e+03 
6.5040833937e+03 6.5366342841e+03 6.6100235050e+03 6.5633902970e+03 6.4876228620e+03 6.5135139618e+03 6.6367224669e+03 6.4301099703e+03 
6.5368685385e+03 6.5366342841e+03 6.6100235050e+03 6.5633902970e+03 6.4876228620e+03 6.5135139618e+03 6.6367224669e+03 6.4301099703e+03 
6.5368685385e+03 6.5366342841e+03 6.6100235050e+03 6.5633902970e+03 6.4876228620e+03 6.6670182999e+03 6.6367224669e+03 6.4301099703e+03 
6.5368685385e+03 6.5366342841e+03 6.6100235050e+03 6.5633902970e+03 6.4876228620e+03 6.6670182999e+03 6.6367224669e+03 6.6968660058e+03 
6.5368685385e+03 6.5366342841e+03 6.6100235050e+03 6.5633902970e+03 6.5597511891e+03 6.6670182999e+03 6.6367224669e+03 6.6968660058e+03 
6.5368685385e+03 6.6362706684e+03 6.6100235050e+03 6.5633902970e+03 6.5597511891e+03 6.6670182999e+03 6.6367224669e+03 6.6968660058e+03 
6.5368685385e+03 6.6362706684e+03 6.6100235050e+03 6.6626124338e+03 6.5597511891e+03 6.6670182999e+03 6.6367224669e+03 6.6968660058e+03 
6.6900969093e+03 6.6362706684e+03 6.6100235050e+03 6.6626124338e+03 6.5597511891e+03 6.6670182999e+03 6.6367224669e+03 6.6968660058e+03 
6.6900969093e+03 6.6362706684e+03 6.6100235050e+03 6.6626124338e+03 6.5597511891e+03 6.7270116999e+03 6.6367224669e+03 6.6968660058e+03 
6.6900969093e+03 6.6362706684e+03 6.6100235050e+03 6.6626124338e+03 6.5597511891e+03 6.7270116999e+03 6.6970776214e+03 6.6968660058e+03 
6.6900969093e+03 6.6362706684e+03 6.6100235050e+03 6.7236022837e+03 6.5597511891e+03 6.7270116999e+03 6.6970776214e+03 6.6968660058e+03 
6.7569862213e+03 6.6362706684e+03 6.6100235050e+03 6.7236022837e+03 6.5597511891e+03 6.7270116999e+03 6.6970776214e+03 6.6968660058e+03 
6.7569862213e+03 6.6362706684e+03 6.6100235050e+03 6.7236022837e+03 6.5597511891e+03 6.7348635096e+03 6.6970776214e+03 6.6968660058e+03 
6.7569862213e+03 6.6362706684e+03 6.6100235050e+03 6.7236022837e+03 6.5597511891e+03 6.7348635096e+03 6.7655801791e+03 6.6968660058e+03 
6.7569862213e+03 6.6362706684e+03 6.6100235050e+03 6.7971996040e+03 6.5597511891e+03 6.7348635096e+03 6.7655801791e+03 6.6968660058e+03 
6.7715849114e+03 6.6362706684e+03 6.6100235050e+03 6.7971996040e+03 6.5597511891e+03 6.7348635096e+03 6.7655801791e+03 6.6968660058e+03 
6.7715849114e+03 6.6362706684e+03 6.6100235050e+03 6.7971996040e+03 6.5597511891e+03 6.8107865564e+03 6.7655801791e+03 6.6968660058e+03 
6.7715849114e+03 6.6362706684e+03 6.6100235050e+03 6.7971996040e+03 6.5597511891e+03 6.8107865564e+03 6.7655801791e+03 6.8554641071e+03 
6.7715849114e+03 6.6362706684e+03 6.6100235050e+03 6.7971996040e+03 6.5597511891e+03 6.8999233703e+03 6.7655801791e+03 6.8554641071e+03 
6.7715849114e+03 6.6362706684e+03 6.6100235050e+03 6.7971996040e+03 6.5597511891e+03 6.8999233703e+03 6.7655801791e+03 6.9442172914e+03 
6.7715849114e+03 6.6362706684e+03 6.6100235050e+03 6.7971996040e+03 6.8074911575e+03 6.8999233703e+03 6.7655801791e+03 6.9442172914e+03 
6.7715849114e+03 6.8365392380e+03 6.6100235050e+03 6.7971996040e+03 6.8074911575e+03 6.8999233703e+03 6.7655801791e+03 6.9442172914e+03 
6.7715849114e+03 6.8365392380e+03 6.9848175210e+03 6.7971996040e+03 6.8074911575e+03 6.8999233703e+03 6.7655801791e+03 6.9442172914e+03 
6.7715849114e+03 6.8365392380e+03 6.9848175210e+03 6.7971996040e+03 6.8074911575e+03 6.8999233703e+03 6.7655801791e+03 6.9361655588e+03 
6.7715849114e+03 6.8365392380e+03 6.9848175210e+03 6.7971996040e+03 6.8074911575e+03 6.9724956409e+03 6.7655801791e+03 6.9361655588e+03 
6.7715849114e+03 6.8365392380e+03 6.9848175210e+03 6.7971996040e+03 6.8074911575e+03 6.9724956409e+03 7.0257979516e+03 6.9361655588e+03 
6.7715849114e+03 6.8365392380e+03 6.9848175210e+03 6.8761707685e+03 6.8074911575e+03 6.9724956409e+03 7.0257979516e+03 6.9361655588e+03 
6.7715849114e+03 7.0239369254e+03 6.9848175210e+03 6.8761707685e+03 6.8074911575e+03 6.9724956409e+03 7.0257979516e+03 6.9361655588e+03 
6.7715849114e+03 7.0239369254e+03 6.9848175210e+03 7.0631797885e+03 6.8074911575e+03 6.9724956409e+03 7.0257979516e+03 6.9361655588e+03 
6.7715849114e+03 7.1021818329e+03 6.9848175210e+03 7.0631797885e+03 6.8074911575e+03 6.9724956409e+03 7.0257979516e+03 6.9361655588e+03 
6.7715849114e+03 7.1021818329e+03 7.0662544101e+03 7.0631797885e+03 6.8074911575e+03 6.9724956409e+03 7.0257979516e+03 6.9361655588e+03 
6.7715849114e+03 7.1021818329e+03 7.0662544101e+03 7.0631797885e+03 6.8074911575e+03 6.9724956409e+03 7.1069382660e+03 6.9361655588e+03 
6.7715849114e+03 7.1021818329e+03 7.0662544101e+03 7.1414230453e+03 6.8074911575e+03 6.9724956409e+03 7.1069382660e+03 6.9361655588e+03 
7.0084837387e+03 7.1021818329e+03 7.0662544101e+03 7.1414230453e+03 6.8074911575e+03 6.9724956409e+03 7.1069382660e+03 6.9361655588e+03 
7.0084837387e+03 7.1021818329e+03 7.0662544101e+03 7.1414230453e+03 6.8074911575e+03 7.1513436304e+03 7.1069382660e+03 6.9361655588e+03 
7.0084837387e+03 7.1021818329e+03 7.0662544101e+03 7.1414230453e+03 6.8074911575e+03 7.1513436304e+03 7.1900556002e+03 6.9361655588e+03 
7.0084837387e+03 7.1021818329e+03 7.2382213501e+03 7.1414230453e+03 6.8074911575e+03 7.1513436304e+03 7.1900556002e+03 6.9361655588e+03 
7.0084837387e+03 7.1021818329e+03 7.2382213501e+03 7.1414230453e+03 6.8074911575e+03 7.1513436304e+03 7.2863616344e+03 6.9361655588e+03 
7.0084837387e+03 7.1021818329e+03 7.2382213501e+03 7.1482214278e+03 6.8074911575e+03 7.1513436304e+03 7.2863616344e+03 6.9361655588e+03 
7.0084837387e+03 7.2837581497e+03 7.2382213501e+03 7.1482214278e+03 6.8074911575e+03 7.1513436304e+03 7.2863616344e+03 6.9361655588e+03 
7.0084837387e+03 7.2837581497e+03 7.3339935119e+03 7.1482214278e+03 6.8074911575e+03 7.1513436304e+03 7.2863616344e+03 6.9361655588e+03 
7.0084837387e+03 7.2837581497e+03 7.3339935119e+03 7.1482214278e+03 6.8074911575e+03 7.1513436304e+03 7.2863616344e+03 7.1946803739e+03 
7.0084837387e+03 7.2837581497e+03 7.3339935119e+03 7.1482214278e+03 7.3186535172e+03 7.1513436304e+03 7.2863616344e+03 7.1946803739e+03 
7.3540116706e+03 7.2837581497e+03 7.3339935119e+03 7.1482214278e+03 7.3186535172e+03 7.1513436304e+03 7.2863616344e+03 7.1946803739e+03 
7.3540116706e+03 7.2837581497e+03 7.3339935119e+03 7.1482214278e+03 7.3894353539e+03 7.1513436304e+03 7.2863616344e+03 7.1946803739e+03 
7.3540116706e+03 7.3726317211e+03 7.3339935119e+03 7.1482214278e+03 7.3894353539e+03 7.1513436304e+03 7.2863616344e+03 7.1946803739e+03 
7.3540116706e+03 7.3726317211e+03 7.3263835060e+03 7.1482214278e+03 7.3894353539e+03 7.1513436304e+03 7.2863616344e+03 7.1946803739e+03 
7.3540116706e+03 7.3726317211e+03 7.3263835060e+03 7.1482214278e+03 7.3894353539e+03 7.1513436304e+03 7.2863616344e+03 7.4249450220e+03 
7.3540116706e+03 7.3726317211e+03 7.3263835060e+03 7.1482214278e+03 7.4006312345e+03 7.1513436304e+03 7.2863616344e+03 7.4249450220e+03 
7.3540116706e+03 7.3579934693e+03 7.3263835060e+03 7.1482214278e+03 7.4006312345e+03 7.1513436304e+03 7.2863616344e+03 7.4249450220e+03 
7.3540116706e+03 7.3579934693e+03 7.4571448872e+03 7.1482214278e+03 7.4006312345e+03 7.1513436304e+03 7.2863616344e+03 7.4249450220e+03 
7.3540116706e+03 7.3579934693e+03 7.4571448872e+03 7.1482214278e+03 7.4006312345e+03 7.1513436304e+03 7.2863616344e+03 7.4285225940e+03 
7.3540116706e+03 7.3579934693e+03 7.4571448872e+03 7.1482214278e+03 7.3792071189e+03 7.1513436304e+03 7.2863616344e+03 7.4285225940e+03 
7.3540116706e+03 7.4818467502e+03 7.4571448872e+03 7.1482214278e+03 7.3792071189e+03 7.1513436304e+03 7.2863616344e+03 7.4285225940e+03 
7.3540116706e+03 7.4818467502e+03 7.4532074504e+03 7.1482214278e+03 7.3792071189e+03 7.1513436304e+03 7.2863616344e+03 7.4285225940e+03 
7.3540116706e+03 7.4818467502e+03 7.4532074504e+03 7.1482214278e+03 7.3792071189e+03 7.1513436304e+03 7.4782404571e+03 7.4285225940e+03 
7.3540116706e+03 7.4818467502e+03 7.4532074504e+03 7.5070404345e+03 7.3792071189e+03 7.1513436304e+03 7.4782404571e+03 7.4285225940e+03 
7.4011617279e+03 7.4818467502e+03 7.4532074504e+03 7.5070404345e+03 7.3792071189e+03 7.1513436304e+03 7.4782404571e+03 7.4285225940e+03 
7.4011617279e+03 7.4818467502e+03 7.4532074504e+03 7.5070404345e+03 7.5037669066e+03 7.1513436304e+03 7.4782404571e+03 7.4285225940e+03 
7.4011617279e+03 7.5321390048e+03 7.4532074504e+03 7.5070404345e+03 7.5037669066e+03 7.1513436304e+03 7.4782404571e+03 7.4285225940e+03 
7.4011617279e+03 7.5321390048e+03 7.4532074504e+03 7.5573011834e+03 7.5037669066e+03 7.1513436304e+03 7.4782404571e+03 7.4285225940e+03 
7.5257288960e+03 7.5321390048e+03 7.4532074504e+03 7.5573011834e+03 7.5037669066e+03 7.1513436304e+03 7.4782404571e+03 7.4285225940e+03 
7.5257288960e+03 7.5321390048e+03 7.4532074504e+03 7.5573011834e+03 7.5037669066e+03 7.5073056703e+03 7.4782404571e+03 7.4285225940e+03 
7.5257288960e+03 7.5321390048e+03 7.4532074504e+03 7.5573011834e+03 7.5037669066e+03 7.5073056703e+03 7.5905867229e+03 7.4285225940e+03 
7.5257288960e+03 7.5321390048e+03 7.6234836981e+03 7.5573011834e+03 7.5037669066e+03 7.5073056703e+03 7.5905867229e+03 7.4285225940e+03 
7.5257288960e+03 7.5321390048e+03 7.6234836981e+03 7.5573011834e+03 7.5037669066e+03 7.5073056703e+03 7.6563766066e+03 7.4285225940e+03 
7.5257288960e+03 7.5321390048e+03 7.6890243423e+03 7.5573011834e+03 7.5037669066e+03 7.5073056703e+03 7.6563766066e+03 7.4285225940e+03 
7.5257288960e+03 7.5321390048e+03 7.6890243423e+03 7.5573011834e+03 7.5037669066e+03 7.5073056703e+03 7.6563766066e+03 7.5355232053e+03 
7.5257288960e+03 7.5321390048e+03 7.6890243423e+03 7.5573011834e+03 7.5534990136e+03 7.5073056703e+03 7.6563766066e+03 7.5355232053e+03 
7.5257288960e+03 7.7137614096e+03 7.6890243423e+03 7.5573011834e+03 7.5534990136e+03 7.5073056703e+03 7.6563766066e+03 7.5355232053e+03 
7.5257288960e+03 7.7137614096e+03 7.6810879650e+03 7.5573011834e+03 7.5534990136e+03 7.5073056703e+03 7.6563766066e+03 7.5355232053e+03 
7.5257288960e+03 7.7137614096e+03 7.6810879650e+03 7.5573011834e+03 7.5534990136e+03 7.5073056703e+03 7.6563766066e+03 7.5739785954e+03 
7.5257288960e+03 7.7137614096e+03 7.6810879650e+03 7.5573011834e+03 7.7280827456e+03 7.5073056703e+03 7.6563766066e+03 7.5739785954e+03 
7.7429132822e+03 7.7137614096e+03 7.6810879650e+03 7.5573011834e+03 7.7280827456e+03 7.5073056703e+03 7.6563766066e+03 7.5739785954e+03 
7.7429132822e+03 7.7137614096e+03 7.6810879650e+03 7.5573011834e+03 7.7280827456e+03 7.6776341230e+03 7.6563766066e+03 7.5739785954e+03 
7.7429132822e+03 7.7137614096e+03 7.6810879650e+03 7.5573011834e+03 7.7280827456e+03 7.6776341230e+03 7.7066746353e+03 7.5739785954e+03 
7.7429132822e+03 7.7137614096e+03 7.6810879650e+03 7.7683420233e+03 7.7280827456e+03 7.6776341230e+03 7.7066746353e+03 7.5739785954e+03 
7.7500685890e+03 7.7137614096e+03 7.6810879650e+03 7.7683420233e+03 7.7280827456e+03 7.6776341230e+03 7.7066746353e+03 7.5739785954e+03 
7.7500685890e+03 7.7137614096e+03 7.6810879650e+03 7.7683420233e+03 7.7280827456e+03 7.7357192015e+03 7.7066746353e+03 7.5739785954e+03 
7.7500685890e+03 7.7137614096e+03 7.6810879650e+03 7.7683420233e+03 7.7280827456e+03 7.7357192015e+03 7.8015882639e+03 7.5739785954e+03 
7.7500685890e+03 7.7137614096e+03 7.6810879650e+03 7.7824026665e+03 7.7280827456e+03 7.7357192015e+03 7.8015882639e+03 7.5739785954e+03 
7.7500685890e+03 7.8142564900e+03 7.6810879650e+03 7.7824026665e+03 7.7280827456e+03 7.7357192015e+03 7.8015882639e+03 7.5739785954e+03 
7.7500685890e+03 7.8142564900e+03 7.8340511309e+03 7.7824026665e+03 7.7280827456e+03 7.7357192015e+03 7.8015882639e+03 7.5739785954e+03 
7.7500685890e+03 7.8142564900e+03 7.8340511309e+03 7.7824026665e+03 7.7280827456e+03 7.7357192015e+03 7.8015882639e+03 7.7638086562e+03 
7.7500685890e+03 7.8142564900e+03 7.8340511309e+03 7.7824026665e+03 7.7280827456e+03 7.8297292290e+03 7.8015882639e+03 7.7638086562e+03 
7.7500685890e+03 7.8142564900e+03 7.8340511309e+03 7.7824026665e+03 7.7280827456e+03 7.8297292290e+03 7.8668391462e+03 7.7638086562e+03 
7.7500685890e+03 7.8142564900e+03 7.8340511309e+03 7.8462937729e+03 7.7280827456e+03 7.8297292290e+03 7.8668391462e+03 7.7638086562e+03 
7.7500685890e+03 7.8779215698e+03 7.8340511309e+03 7.8462937729e+03 7.7280827456e+03 7.8297292290e+03 7.8668391462e+03 7.7638086562e+03 
7.7500685890e+03 7.8779215698e+03 7.8991038420e+03 7.8462937729e+03 7.7280827456e+03 7.8297292290e+03 7.8668391462e+03 7.7638086562e+03 
7.7500685890e+03 7.8779215698e+03 7.8991038420e+03 7.8462937729e+03 7.7280827456e+03 7.8297292290e+03 7.8668391462e+03 7.8576216382e+03 
7.7500685890e+03 7.8779215698e+03 7.8991038420e+03 7.8462937729e+03 7.8989506623e+03 7.8297292290e+03 7.8668391462e+03 7.8576216382e+03 
7.7500685890e+03 7.9236563875e+03 7.8991038420e+03 7.8462937729e+03 7.8989506623e+03 7.8297292290e+03 7.8668391462e+03 7.8576216382e+03 
7.7500685890e+03 7.9236563875e+03 7.8913728328e+03 7.8462937729e+03 7.8989506623e+03 7.8297292290e+03 7.8668391462e+03 7.8576216382e+03 
7.7500685890e+03 7.9236563875e+03 7.8913728328e+03 7.8462937729e+03 7.8989506623e+03 7.8297292290e+03 7.8668391462e+03 7.9191196534e+03 
7.7500685890e+03 7.9236563875e+03 7.8913728328e+03 7.8462937729e+03 7.9377999818e+03 7.8297292290e+03 7.8668391462e+03 7.9191196534e+03 
7.9524534563e+03 7.9236563875e+03 7.8913728328e+03 7.8462937729e+03 7.9377999818e+03 7.8297292290e+03 7.8668391462e+03 7.9191196534e+03 
7.9524534563e+03 7.9236563875e+03 7.8913728328e+03 7.8462937729e+03 7.9671721847e+03 7.8297292290e+03 7.8668391462e+03 7.9191196534e+03 
7.9524534563e+03 7.9093973137e+03 7.8913728328e+03 7.8462937729e+03 7.9671721847e+03 7.8297292290e+03 7.8668391462e+03 7.9191196534e+03 
7.9524534563e+03 7.9093973137e+03 7.9362547030e+03 7.8462937729e+03 7.9671721847e+03 7.8297292290e+03 7.8668391462e+03 7.9191196534e+03 
7.9524534563e+03 7.9093973137e+03 7.9362547030e+03 7.8462937729e+03 7.9671721847e+03 7.8297292290e+03 7.9536960885e+03 7.9191196534e+03 
7.9524534563e+03 7.9093973137e+03 7.9362547030e+03 7.9707514273e+03 7.9671721847e+03 7.8297292290e+03 7.9536960885e+03 7.9191196534e+03 
7.9820841500e+03 7.9093973137e+03 7.9362547030e+03 7.9707514273e+03 7.9671721847e+03 7.8297292290e+03 7.9536960885e+03 7.9191196534e+03 
7.9820841500e+03 7.9093973137e+03 7.9362547030e+03 7.9707514273e+03 7.9671721847e+03 7.9749586582e+03 7.9536960885e+03 7.9191196534e+03 
7.9820841500e+03 7.9093973137e+03 7.9362547030e+03 7.9707514273e+03 7.9671721847e+03 7.9749586582e+03 7.9963015737e+03 7.9191196534e+03 
7.9820841500e+03 7.9093973137e+03 8.0214935924e+03 7.9707514273e+03 7.9671721847e+03 7.9749586582e+03 7.9963015737e+03 7.9191196534e+03 
7.9820841500e+03 7.9093973137e+03 8.0214935924e+03 7.9707514273e+03 7.9671721847e+03 7.9749586582e+03 8.0466855828e+03 7.9191196534e+03 
7.9820841500e+03 7.9093973137e+03 8.0214935924e+03 8.0073100918e+03 7.9671721847e+03 7.9749586582e+03 8.0466855828e+03 7.9191196534e+03 
7.9967695671e+03 7.9093973137e+03 8.0214935924e+03 8.0073100918e+03 7.9671721847e+03 7.9749586582e+03 8.0466855828e+03 7.9191196534e+03 
