0.00000e+00 0.0000000000e+00 0.0000000000e+00
1.00000e+00 4.7345644923e+02 4.7345644923e+02
2.00000e+00 8.8212192568e+02 4.0866547644e+02
3.00000e+00 1.2974926945e+03 4.1537076887e+02
4.00000e+00 1.7142166140e+03 8.3167931751e+02
5.00000e+00 2.1311813628e+03 8.3244161822e+02
6.00000e+00 2.5489599322e+03 8.3266382659e+02
7.00000e+00 2.9666590234e+03 8.3256550501e+02
8.00000e+00 3.3849894979e+03 8.3228484464e+02
9.00000e+00 3.7986265127e+03 8.2189382577e+02
1.00000e+01 4.2785457853e+03 9.5290226539e+02
1.10000e+01 4.7644313071e+03 2.9800168825e+03
1.20000e+01 5.2485569501e+03 3.4611625086e+03
1.30000e+01 5.7327238145e+03 9.6185132801e+02
1.40000e+01 6.2159404005e+03 9.5998041968e+02
1.50000e+01 6.6995349155e+03 9.5844808983e+02
1.60000e+01 7.1823645051e+03 9.5710264541e+02
1.70000e+01 7.6578325835e+03 9.5396099228e+02
1.80000e+01 8.0679671488e+03 2.0797666030e+03
1.90000e+01 8.4844899830e+03 3.7090122703e+03
2.00000e+01 8.9021662399e+03 3.7046490404e+03
2.10000e+01 9.3154429486e+03 2.0773265303e+03
2.20000e+01 9.7951403825e+03 4.4222111526e+03
2.30000e+01 1.0280913290e+04 1.7805323597e+03
2.40000e+01 1.0764987840e+04 1.7799967876e+03
2.50000e+01 1.1241292362e+04 4.4186253842e+03
2.60000e+01 1.1651982169e+04 3.7058585001e+03
2.70000e+01 1.2064440539e+04 3.7013343027e+03
2.80000e+01 1.2477976353e+04 8.1319933872e+02
2.90000e+01 1.2896264680e+04 1.7799822836e+03
3.00000e+01 1.3372780944e+04 7.5582861104e+00
3.10000e+01 1.3848322956e+04 9.3822674348e+02
3.20000e+01 1.4265085437e+04 1.7772885257e+03
3.30000e+01 1.4678099365e+04 8.1294169709e+02
3.40000e+01 1.5157778493e+04 2.7160220381e+03
3.50000e+01 1.5643635188e+04 8.3736828115e+02
3.60000e+01 1.6068833303e+04 8.4356339075e+00
3.70000e+01 1.6494704446e+04 8.3551288416e+02
3.80000e+01 1.6980756759e+04 1.7833554791e+03
3.90000e+01 1.7458114258e+04 2.7143589931e+03
4.00000e+01 1.7934764066e+04 9.3735576954e+02
4.10000e+01 1.8419237208e+04 9.5313497209e+02
4.20000e+01 1.8902665365e+04 9.4955768104e+02
4.30000e+01 1.9386454160e+04 9.4792377564e+02
4.40000e+01 1.9810559054e+04 8.3358415050e+02
4.50000e+01 2.0235717890e+04 1.8939871434e+03
4.60000e+01 2.0721217943e+04 9.4904774769e+02
4.70000e+01 2.1198162841e+04 9.3600581426e+02
4.80000e+01 2.1609163805e+04 3.6920846468e+03
4.90000e+01 2.2026311324e+04 9.4008738272e+02
5.00000e+01 2.2444483330e+04 2.8253075633e+03
5.10000e+01 2.2862655210e+04 8.1345903412e+02
5.20000e+01 2.3281480668e+04 8.1329902606e+02
5.30000e+01 2.3695606277e+04 3.6895042436e+03
5.40000e+01 2.4176024613e+04 1.7990720409e+03
5.50000e+01 2.4662386442e+04 2.5755921331e+03
5.60000e+01 2.5087929426e+04 6.7175266297e+00
5.70000e+01 2.5509412372e+04 1.3521804998e+02
5.80000e+01 2.5931784548e+04 1.7631640821e+03
5.90000e+01 2.6358920226e+04 8.2816033339e+02
6.00000e+01 2.6845771351e+04 2.5743676132e+03
6.10000e+01 2.7331526668e+04 9.4626633538e+02
6.20000e+01 2.7815823548e+04 9.4276582356e+02
6.30000e+01 2.8292414499e+04 3.4304592264e+03
6.40000e+01 2.8703377594e+04 8.1592309186e+02
6.50000e+01 2.9116102451e+04 2.4398892853e+03
6.60000e+01 2.9529887578e+04 7.9955321449e+02
6.70000e+01 2.9943919955e+04 8.0006118130e+02
6.80000e+01 3.0358474595e+04 8.0003063326e+02
6.90000e+01 3.0773000178e+04 7.9972380781e+02
7.00000e+01 3.1187907384e+04 7.9927665055e+02
7.10000e+01 3.1602697636e+04 7.9874204269e+02
7.20000e+01 3.2017809929e+04 7.9814838724e+02
7.30000e+01 3.2432760152e+04 7.9751021042e+02
7.40000e+01 3.2913799169e+04 3.5189572908e+03
7.50000e+01 3.3392764769e+04 4.0112936946e+03
7.60000e+01 3.3805056343e+04 7.9389198128e+02
7.70000e+01 3.4218699822e+04 7.9179134503e+02
7.80000e+01 3.4698923092e+04 3.0549251066e+03
7.90000e+01 3.5185230317e+04 9.4237496497e+02
8.00000e+01 3.5610798885e+04 5.6079296991e+03
8.10000e+01 3.6037000974e+04 5.6013881801e+03
8.20000e+01 3.6464096311e+04 8.1674161873e+02
8.30000e+01 3.6886405410e+04 1.4041679507e+02
8.40000e+01 3.7309277722e+04 1.6167951428e+03
8.50000e+01 3.7732093849e+04 1.4839342012e+03
8.60000e+01 3.8155241431e+04 8.0778706432e+02
8.70000e+01 3.8582898963e+04 8.1738031987e+02
8.80000e+01 3.9010821343e+04 8.1738998315e+02
8.90000e+01 3.9433660988e+04 8.0700279504e+02
9.00000e+01 3.9924534791e+04 1.0650532687e+01
9.10000e+01 4.0421475962e+04 5.3634680902e+03
9.20000e+01 4.0916508864e+04 6.3102732342e+03
9.30000e+01 4.1403290752e+04 3.2230720018e+03
9.40000e+01 4.1889667112e+04 3.2392989156e+03
9.50000e+01 4.2384268944e+04 9.4878947826e+02
9.60000e+01 4.2817248685e+04 8.0220200848e+02
9.70000e+01 4.3251218156e+04 1.7740133497e+03
9.80000e+01 4.3686253116e+04 9.7714990753e+02
9.90000e+01 4.4121283229e+04 8.2750438863e+02
1.00000e+02 4.4556928129e+04 8.2728682450e+02
1.01000e+02 4.4987504237e+04 9.6402951222e+02
1.02000e+02 4.5488098806e+04 9.6205889745e+02
1.03000e+02 4.5986565755e+04 1.9290749489e+03
1.04000e+02 4.6414705337e+04 2.6129593657e+03
1.05000e+02 4.6844350302e+04 1.6531222132e+03
1.06000e+02 4.7344336089e+04 9.5474897500e+02
1.07000e+02 4.7850961216e+04 1.6649265803e+03
1.08000e+02 4.8293436733e+04 8.1959361633e+02
1.09000e+02 4.8731600044e+04 2.6935605461e+02
1.10000e+02 4.9242161123e+04 7.1847918868e+02
1.11000e+02 4.9759637575e+04 8.2962534710e+02
1.12000e+02 5.0275294683e+04 3.4605222706e+03
1.13000e+02 5.0782062197e+04 1.6798554998e+03
1.14000e+02 5.1288533470e+04 9.6618194133e+02
1.15000e+02 5.1803971360e+04 9.8334587949e+02
1.16000e+02 5.2254284333e+04 2.7692415488e+02
1.17000e+02 5.2705713972e+04 2.6470175276e+03
1.18000e+02 5.3158251101e+04 1.5647449684e+03
1.19000e+02 5.3610824519e+04 8.5558679204e+02
1.20000e+02 5.4064022103e+04 8.5539165944e+02
1.21000e+02 5.4517012457e+04 8.5495320445e+02
1.22000e+02 5.5034975693e+04 9.8466866112e+02
1.23000e+02 5.5542816983e+04 9.6628953594e+02
1.24000e+02 5.5978766447e+04 4.3610098483e+03
1.25000e+02 5.6421470888e+04 1.0285912938e+01
1.26000e+02 5.6927723100e+04 1.1272571426e+02
1.27000e+02 5.7433071514e+04 1.6988898040e+03
1.28000e+02 5.7874775204e+04 8.3232873115e+02
1.29000e+02 5.8312357064e+04 4.0952296794e+03
1.30000e+02 5.8822381598e+04 2.5416306830e+03
1.31000e+02 5.9339403651e+04 8.4317004292e+02
1.32000e+02 5.9854664171e+04 2.4240893570e+03
1.33000e+02 6.0369984772e+04 9.7578511164e+02
1.34000e+02 6.0820257773e+04 8.3862911924e+02
1.35000e+02 6.1271641863e+04 1.8176626162e+03
1.36000e+02 6.1788513797e+04 9.7642074019e+02
1.37000e+02 6.2304494009e+04 9.7610393165e+02
1.38000e+02 6.2819141982e+04 9.7290386717e+02
1.39000e+02 6.3334027694e+04 9.7083646203e+02
1.40000e+02 6.3848060463e+04 9.6925042216e+02
1.41000e+02 6.4353649238e+04 2.5368365372e+03
1.42000e+02 6.4859197878e+04 3.7576537591e+03
1.43000e+02 6.5373871975e+04 9.6806955747e+02
1.44000e+02 6.5887629991e+04 9.6682673385e+02
1.45000e+02 6.6392965982e+04 3.7536433218e+03
1.46000e+02 6.6898298951e+04 9.6688581628e+02
1.47000e+02 6.7403859765e+04 9.6614375374e+02
1.48000e+02 6.7838323311e+04 1.8040834086e+03
1.49000e+02 6.8279893207e+04 3.8717021679e+03
1.50000e+02 6.8722632393e+04 4.8460817953e+03
1.51000e+02 6.9160463415e+04 4.8463185876e+03
1.52000e+02 6.9670426918e+04 9.5201220726e+02
1.53000e+02 7.0178336535e+04 9.5340899752e+02
1.54000e+02 7.0614119762e+04 3.8691501469e+03
1.55000e+02 7.1051550976e+04 9.5066038781e+02
1.56000e+02 7.1561334936e+04 9.5227604533e+02
1.57000e+02 7.2078106202e+04 1.7879803529e+03
1.58000e+02 7.2593120491e+04 1.9010935341e+03
1.59000e+02 7.3099306718e+04 9.4960037891e+02
1.60000e+02 7.3534266716e+04 9.3674315706e+02
1.61000e+02 7.3976239304e+04 1.8995951327e+03
1.62000e+02 7.4419308548e+04 1.8980255952e+03
1.63000e+02 7.4857410877e+04 9.5199488436e+02
1.64000e+02 7.5367614071e+04 9.4907001252e+02
1.65000e+02 7.5884639881e+04 1.8963821134e+03
1.66000e+02 7.6399823594e+04 1.7810102670e+03
1.67000e+02 7.6915021164e+04 9.6044261138e+02
1.68000e+02 7.7429245412e+04 9.5852270358e+02
1.69000e+02 7.7943840143e+04 9.5696134169e+02
1.70000e+02 7.8393600791e+04 6.6914041416e+00
1.71000e+02 7.8844564213e+04 2.7457842716e+03
1.72000e+02 7.9296687028e+04 2.7454006543e+03
1.73000e+02 7.9743630588e+04 9.5696217248e+02
1.74000e+02 8.0191260663e+04 3.7158377165e+03
1.75000e+02 8.0644198726e+04 8.3147957475e+02
1.76000e+02 8.1161917616e+04 9.5949902272e+02
1.77000e+02 8.1669486357e+04 3.5684177387e+03
1.78000e+02 8.2105188288e+04 8.1871995099e+02
1.79000e+02 8.2547642847e+04 1.1855108586e+02
1.80000e+02 8.3053614969e+04 8.0542593905e+02
1.81000e+02 8.3550174993e+04 8.0689251369e+02
1.82000e+02 8.3977075364e+04 1.0963097507e+02
1.83000e+02 8.4405724280e+04 3.5280422131e+03
1.84000e+02 8.4835414013e+04 7.8210336296e+02
1.85000e+02 8.5270189658e+04 7.9694159879e+02
1.86000e+02 8.5705437200e+04 1.7283500148e+03
1.87000e+02 8.6135587250e+04 7.8282239396e+02
1.88000e+02 8.6635704018e+04 4.3608485162e+03
1.89000e+02 8.7142241453e+04 2.5480693029e+03
1.90000e+02 8.7584559854e+04 7.7227977519e+02
1.91000e+02 8.8027548223e+04 1.5726867820e+03
1.92000e+02 8.8471419686e+04 8.0745824114e+02
1.93000e+02 8.8910141938e+04 3.7401752256e+01
1.94000e+02 8.9420889614e+04 9.3289381346e+02
1.95000e+02 8.9938364803e+04 1.5890960332e+03
1.96000e+02 9.0453930055e+04 3.3254485930e+03
1.97000e+02 9.0969452299e+04 9.4904535818e+02
1.98000e+02 9.1483956833e+04 9.4703559551e+02
1.99000e+02 9.1998795257e+04 9.4540473984e+02
2.00000e+02 9.2512822947e+04 9.4398249070e+02
2.01000e+02 9.3018417696e+04 1.8606678003e+03
2.02000e+02 9.3453028335e+04 1.5928656565e+03
2.03000e+02 9.3889724894e+04 1.5604175472e+03
2.04000e+02 9.4398952937e+04 3.4785429518e+03
2.05000e+02 9.4906396630e+04 3.4769133523e+03
2.06000e+02 9.5341893317e+04 7.9120234963e+02
2.07000e+02 9.5779119314e+04 2.8451115267e+03
2.08000e+02 9.6217356383e+04 2.8450067971e+03
2.09000e+02 9.6660867968e+04 3.6472993706e+03
2.10000e+02 9.7167424928e+04 9.2244735242e+02
2.11000e+02 9.7672847296e+04 1.8551473567e+03
2.12000e+02 9.8114514302e+04 3.6414476138e+03
2.13000e+02 9.8557029897e+04 9.2052891460e+02
2.14000e+02 9.9063087773e+04 9.2287504355e+02
2.15000e+02 9.9559719573e+04 7.7717895565e+02
2.16000e+02 1.0005566946e+05 1.8400140562e+03
2.17000e+02 1.0056008505e+05 9.2094538993e+02
2.18000e+02 1.0106343145e+05 9.1731297096e+02
2.19000e+02 1.0156713442e+05 9.1568303024e+02
2.20000e+02 1.0200785478e+05 9.1866174401e+02
2.21000e+02 1.0244974147e+05 1.8377189232e+03
2.22000e+02 1.0295530161e+05 9.1698108208e+02
2.23000e+02 1.0346006696e+05 9.1712649520e+02
2.24000e+02 1.0390131168e+05 1.8364055534e+03
2.25000e+02 1.0433848206e+05 1.8381184312e+03
2.26000e+02 1.0477672378e+05 2.7665635909e+03
2.27000e+02 1.0522024777e+05 9.1770139644e+02
2.28000e+02 1.0572681590e+05 9.1721736055e+02
2.29000e+02 1.0623224739e+05 9.1696628302e+02
2.30000e+02 1.0667392865e+05 9.1722024319e+02
2.31000e+02 1.0711142051e+05 1.7139353026e+03
2.32000e+02 1.0762130363e+05 3.6809837089e+03
2.33000e+02 1.0813815606e+05 1.1420937788e+01
2.34000e+02 1.0865322300e+05 9.3595764506e+02
2.35000e+02 1.0915943994e+05 4.7370710515e+03
2.36000e+02 1.0966538792e+05 9.1437601366e+02
2.37000e+02 1.1018031655e+05 9.3309788246e+02
2.38000e+02 1.1069423299e+05 9.3101428410e+02
2.39000e+02 1.1120855790e+05 9.2947955939e+02
2.40000e+02 1.1165811059e+05 7.8714246480e+00
2.41000e+02 1.1210889409e+05 2.7886646170e+03
2.42000e+02 1.1256085088e+05 2.7882800488e+03
2.43000e+02 1.1300765028e+05 2.8864580731e+03
2.44000e+02 1.1352863520e+05 9.6885016728e+02
2.45000e+02 1.1404742116e+05 1.8939119831e+03
2.46000e+02 1.1456508193e+05 9.3488069088e+02
2.47000e+02 1.1509173230e+05 8.1463489500e+02
2.48000e+02 1.1555119702e+05 7.5079306269e+00
2.49000e+02 1.1600628627e+05 1.9101169786e+03
2.50000e+02 1.1653815646e+05 1.4209420760e+01
2.51000e+02 1.1706792827e+05 9.5912687094e+02
2.52000e+02 1.1752134360e+05 5.5888948252e+03
2.53000e+02 1.1798203917e+05 8.1972193127e+02
2.54000e+02 1.1850993803e+05 2.8389050786e+03
2.55000e+02 1.1903683513e+05 2.0340034691e+03
2.56000e+02 1.1956235243e+05 9.4703557936e+02
2.57000e+02 1.2008807607e+05 9.4491507657e+02
2.58000e+02 1.2061292952e+05 9.4330631978e+02
2.59000e+02 1.2112890999e+05 7.7634172358e+02
2.60000e+02 1.2157188431e+05 1.0441014028e+01
2.61000e+02 1.2201702247e+05 7.8394661439e+02
2.62000e+02 1.2246336668e+05 7.8653256706e+02
2.63000e+02 1.2291007317e+05 7.8731436165e+02
2.64000e+02 1.2335733416e+05 7.8744382158e+02
2.65000e+02 1.2380989213e+05 3.9065702700e+03
2.66000e+02 1.2426279232e+05 4.7150013850e+03
2.67000e+02 1.2471013610e+05 7.8729366302e+02
2.68000e+02 1.2515796412e+05 1.2813816586e+03
2.69000e+02 1.2561097629e+05 7.9603270919e+02
2.70000e+02 1.2612865251e+05 7.1772236259e+00
2.71000e+02 1.2664500702e+05 1.7285723951e+03
2.72000e+02 1.2709570097e+05 7.9303043682e+02
2.73000e+02 1.2754722818e+05 7.9075244325e+02
2.74000e+02 1.2806405496e+05 1.7259943773e+03
2.75000e+02 1.2857988358e+05 9.2099393079e+02
2.76000e+02 1.2903025184e+05 7.8963600122e+02
2.77000e+02 1.2948154541e+05 7.8861273002e+02
2.78000e+02 1.2993383922e+05 7.8974966824e+02
2.79000e+02 1.3038609919e+05 7.8992631686e+02
2.80000e+02 1.3090333323e+05 9.2048019466e+02
2.81000e+02 1.3141050970e+05 2.8332681058e+03
2.82000e+02 1.3184591165e+05 3.1497328173e+03
2.83000e+02 1.3228808581e+05 1.0085813974e+01
2.84000e+02 1.3279373963e+05 1.1580219469e+01
2.85000e+02 1.3329000461e+05 3.1356715969e+03
2.86000e+02 1.3378561277e+05 7.6604418647e+03
2.87000e+02 1.3428115320e+05 8.7326861706e+02
2.88000e+02 1.3477632862e+05 8.7196259843e+02
2.89000e+02 1.3528011352e+05 1.4364801508e+03
2.90000e+02 1.3572073828e+05 7.6739160504e+02
2.91000e+02 1.3615742704e+05 6.1611121418e+03
2.92000e+02 1.3659526200e+05 2.5009169019e+03
2.93000e+02 1.3703842457e+05 7.6761262202e+02
2.94000e+02 1.3754460583e+05 3.0711548751e+03
2.95000e+02 1.3804116219e+05 1.6254387516e+03
2.96000e+02 1.3853693863e+05 1.6244143389e+03
2.97000e+02 1.3904112010e+05 2.5279474973e+03
2.98000e+02 1.3948199729e+05 2.5088120612e+03
2.99000e+02 1.3992389961e+05 2.5050430045e+03
3.00000e+02 1.4042936617e+05 1.6230986026e+03
3.01000e+02 1.4092547720e+05 8.6901241536e+02
3.02000e+02 1.4135202910e+05 7.4954027273e+02
3.03000e+02 1.4178518564e+05 8.6735319367e+02
3.04000e+02 1.4228012403e+05 8.5761524531e+02
3.05000e+02 1.4276612291e+05 1.0112160128e+01
3.06000e+02 1.4325149772e+05 8.4763972008e+02
3.07000e+02 1.4374503039e+05 2.4675843388e+03
3.08000e+02 1.4417707919e+05 1.6184807939e+03
3.09000e+02 1.4461013751e+05 8.5665940805e+02
3.10000e+02 1.4504428789e+05 8.5790432842e+02
3.11000e+02 1.4547363441e+05 2.4622397667e+03
3.12000e+02 1.4597298867e+05 8.8707732252e+02
3.13000e+02 1.4647885548e+05 7.5338627499e+02
3.14000e+02 1.4698291886e+05 1.6247536941e+03
3.15000e+02 1.4748700385e+05 8.8029498672e+02
3.16000e+02 1.4792791713e+05 6.7628964610e+00
3.17000e+02 1.4836484844e+05 8.9377503930e+02
3.18000e+02 1.4887419227e+05 1.6420371486e+03
3.19000e+02 1.4939056587e+05 1.2288610462e+01
3.20000e+02 1.4990520747e+05 9.0226923986e+02
3.21000e+02 1.5041991135e+05 8.9969724320e+02
3.22000e+02 1.5086967568e+05 8.7839791272e+02
3.23000e+02 1.5131531587e+05 1.6491039820e+03
3.24000e+02 1.5176209330e+05 4.2595158598e+03
3.25000e+02 1.5221439971e+05 2.5437440015e+03
3.26000e+02 1.5266715140e+05 1.6746407600e+03
3.27000e+02 1.5311439655e+05 7.6281686436e+02
3.28000e+02 1.5363562688e+05 9.2296037437e+02
3.29000e+02 1.5415454428e+05 4.3283333760e+03
3.30000e+02 1.5467225447e+05 9.0426557969e+02
3.31000e+02 1.5518956989e+05 9.0175933132e+02
3.32000e+02 1.5563333820e+05 7.5904492944e+02
3.33000e+02 1.5608428329e+05 7.7243666874e+02
3.34000e+02 1.5653626063e+05 7.7088988014e+02
3.35000e+02 1.5698825656e+05 7.7116983759e+02
3.36000e+02 1.5744087639e+05 7.7104115846e+02
3.37000e+02 1.5788804213e+05 1.0641074113e+03
3.38000e+02 1.5840920871e+05 9.0431396826e+02
3.39000e+02 1.5892807498e+05 9.0496049614e+02
3.40000e+02 1.5937264870e+05 1.0638487199e+03
3.41000e+02 1.5982410591e+05 7.6973138761e+02
3.42000e+02 1.6034077323e+05 3.6135220923e+03
3.43000e+02 1.6085644454e+05 3.6108760047e+03
3.44000e+02 1.6130669067e+05 7.6658796140e+02
3.45000e+02 1.6175262491e+05 9.0217815495e+02
3.46000e+02 1.6227300381e+05 1.7978341520e+03
3.47000e+02 1.6280066163e+05 1.1986503026e+01
3.48000e+02 1.6326054929e+05 4.0079177423e+02
3.49000e+02 1.6371581242e+05 1.8053652089e+03
3.50000e+02 1.6417205329e+05 2.7165029668e+03
3.51000e+02 1.6462848456e+05 7.7239257291e+02
3.52000e+02 1.6508532738e+05 7.7222211715e+02
3.53000e+02 1.6554757965e+05 1.3065165396e+03
3.54000e+02 1.6601007511e+05 2.5777878237e+03
3.55000e+02 1.6647219785e+05 2.4455713830e+03
3.56000e+02 1.6700101851e+05 9.1869415916e+02
3.57000e+02 1.6752849147e+05 2.4455160661e+03
3.58000e+02 1.6798839435e+05 7.7941298476e+02
3.59000e+02 1.6844372153e+05 7.7034580332e+02
3.60000e+02 1.6897566459e+05 2.4666092222e+03
3.61000e+02 1.6950543067e+05 4.2710787463e+03
3.62000e+02 1.6995882374e+05 7.7855582893e+02
3.63000e+02 1.7041398627e+05 9.2130363523e+02
3.64000e+02 1.7087010557e+05 9.1067844682e+02
3.65000e+02 1.7132643171e+05 7.6724036394e+02
3.66000e+02 1.7185886234e+05 9.1768387308e+02
3.67000e+02 1.7238887662e+05 9.1701438974e+02
3.68000e+02 1.7291769143e+05 9.1248155924e+02
3.69000e+02 1.7345583458e+05 7.8930375970e+02
3.70000e+02 1.7399269663e+05 4.2844056173e+03
3.71000e+02 1.7452009972e+05 9.0895789217e+02
3.72000e+02 1.7497222635e+05 7.6248045171e+02
3.73000e+02 1.7543199260e+05 2.7498392712e+03
3.74000e+02 1.7589289446e+05 2.7480884078e+03
3.75000e+02 1.7634843834e+05 1.0614762581e+03
3.76000e+02 1.7680467803e+05 1.0767771494e+03
3.77000e+02 1.7726646574e+05 7.7379959363e+02
3.78000e+02 1.7779483366e+05 8.9955480208e+02
3.79000e+02 1.7832188562e+05 2.8611262397e+03
3.80000e+02 1.7878145609e+05 7.7169440706e+02
3.81000e+02 1.7924194133e+05 7.6962024422e+02
3.82000e+02 1.7970340326e+05 7.7074208699e+02
3.83000e+02 1.8016482390e+05 7.7090674455e+02
3.84000e+02 1.8069305097e+05 9.0529610765e+02
3.85000e+02 1.8121076606e+05 7.6547182263e+02
3.86000e+02 1.8165467238e+05 2.2996788801e+03
3.87000e+02 1.8210562298e+05 1.0470041024e+01
3.88000e+02 1.8262182663e+05 1.2023418475e+01
3.89000e+02 1.8312822141e+05 2.2860588945e+03
3.90000e+02 1.8363396548e+05 3.9334573722e+03
3.91000e+02 1.8414851925e+05 1.4015187599e+03
3.92000e+02 1.8466199395e+05 2.1403132791e+03
3.93000e+02 1.8517582844e+05 1.6158161525e+03
3.94000e+02 1.8562495653e+05 7.4734242770e+02
3.95000e+02 1.8607005626e+05 3.9190797617e+03
3.96000e+02 1.8658968086e+05 8.8515587966e+02
3.97000e+02 1.8710738833e+05 1.7525683010e+03
3.98000e+02 1.8755113831e+05 1.5907427921e+03
3.99000e+02 1.8799666043e+05 8.8469311617e+02
4.00000e+02 1.8844319613e+05 8.8659414301e+02
4.01000e+02 1.8889521528e+05 1.6176039808e+03
4.02000e+02 1.8941197849e+05 1.7541042417e+03
4.03000e+02 1.8992754462e+05 1.7540817744e+03
4.04000e+02 1.9037762167e+05 2.4861160816e+03
4.05000e+02 1.9082858441e+05 1.7512937332e+03
4.06000e+02 1.9134480661e+05 8.7224629525e+02
4.07000e+02 1.9185119732e+05 7.2228722309e+02
4.08000e+02 1.9228602878e+05 8.6865745277e+02
4.09000e+02 1.9272265996e+05 1.5925018446e+03
4.10000e+02 1.9316032754e+05 7.1338376298e+02
4.11000e+02 1.9360327472e+05 8.6335848529e+02
4.12000e+02 1.9410916917e+05 1.0327739253e+01
4.13000e+02 1.9460544315e+05 1.5703424466e+03
4.14000e+02 1.9503202597e+05 1.4086272597e+02
4.15000e+02 1.9546512779e+05 2.0162774491e+01
4.16000e+02 1.9589919664e+05 1.7067060089e+03
4.17000e+02 1.9633323863e+05 7.0622232044e+02
4.18000e+02 1.9676789746e+05 7.0610607098e+02
4.19000e+02 1.9719749760e+05 8.4636120076e+02
4.20000e+02 1.9769693417e+05 3.1496893929e+03
4.21000e+02 1.9820278656e+05 2.2620250151e+03
4.22000e+02 1.9870677185e+05 2.2578538181e+03
4.23000e+02 1.9920224043e+05 8.3167114885e+02
4.24000e+02 1.9962849068e+05 6.9323478947e+02
4.25000e+02 2.0006142147e+05 1.5492026108e+03
4.26000e+02 2.0055612668e+05 9.2800690542e+00
4.27000e+02 2.0104190962e+05 8.8987758622e+00
4.28000e+02 2.0152706819e+05 8.2793527059e+02
4.29000e+02 2.0201220939e+05 8.2567872469e+02
4.30000e+02 2.0243004202e+05 1.5310419063e+03
4.31000e+02 2.0285434918e+05 1.7894405868e+01
4.32000e+02 2.0327974214e+05 1.5205110305e+03
4.33000e+02 2.0370053551e+05 2.2132456425e+03
4.34000e+02 2.0418938538e+05 8.0828068325e+02
4.35000e+02 2.0468449007e+05 1.5082428137e+03
4.36000e+02 2.0511733994e+05 6.9690628041e+02
4.37000e+02 2.0554603625e+05 1.1218494586e+02
4.38000e+02 2.0597565595e+05 7.9543270030e+02
4.39000e+02 2.0641025627e+05 1.3898499841e+03
4.40000e+02 2.0684526135e+05 7.0116597583e+02
4.41000e+02 2.0727994563e+05 7.0054876797e+02
4.42000e+02 2.0771509196e+05 6.9998946072e+02
4.43000e+02 2.0814507018e+05 6.9163718045e+02
4.44000e+02 2.0857550055e+05 1.2875968854e+03
4.45000e+02 2.0901066030e+05 6.9976494139e+02
4.46000e+02 2.0950691545e+05 1.5082845080e+03
4.47000e+02 2.0999380365e+05 2.7858839604e+03
4.48000e+02 2.1041275179e+05 6.8758294734e+02
4.49000e+02 2.1083789187e+05 1.0019670669e+01
4.50000e+02 2.1126394545e+05 6.7996278739e+02
4.51000e+02 2.1168527571e+05 1.9645566903e+03
4.52000e+02 2.1217460511e+05 2.7835776018e+03
4.53000e+02 2.1266194757e+05 8.0458372849e+02
4.54000e+02 2.1308108934e+05 6.6787991202e+02
4.55000e+02 2.1350634046e+05 6.7939386389e+02
4.56000e+02 2.1399159369e+05 2.8737301070e+03
4.57000e+02 2.1447598875e+05 3.6835755230e+03
4.58000e+02 2.1495907707e+05 7.9299500654e+02
4.59000e+02 2.1544237548e+05 7.9110535601e+02
4.60000e+02 2.1592482591e+05 7.8967636316e+02
4.61000e+02 2.1639990228e+05 5.3771183802e+02
4.62000e+02 2.1687485110e+05 2.3748727296e+03
4.63000e+02 2.1735785576e+05 7.8859293581e+02
4.64000e+02 2.1778121824e+05 6.7602336659e+02
4.65000e+02 2.1820096639e+05 2.4881498489e+03
4.66000e+02 2.1868914836e+05 8.0103748950e+02
4.67000e+02 2.1917566021e+05 2.6341918625e+03
4.68000e+02 2.1966121996e+05 7.9283107429e+02
4.69000e+02 2.2015478276e+05 1.0558145523e+01
4.70000e+02 2.2058683039e+05 2.4933283084e+03
4.71000e+02 2.2101501741e+05 1.6007135581e+03
4.72000e+02 2.2144428035e+05 4.0948957212e+03
4.73000e+02 2.2187378745e+05 6.7732628090e+02
4.74000e+02 2.2230377964e+05 6.7737819842e+02
4.75000e+02 2.2273857600e+05 3.1757275680e+03
4.76000e+02 2.2323447850e+05 1.5967097073e+03
4.77000e+02 2.2372920748e+05 1.5962791690e+03
4.78000e+02 2.2422244097e+05 8.0710817030e+02
4.79000e+02 2.2471579166e+05 8.0492278101e+02
4.80000e+02 2.2514780523e+05 2.2757277360e+03
4.81000e+02 2.2558082880e+05 2.2716792170e+03
4.82000e+02 2.2607563205e+05 8.0568762251e+02
4.83000e+02 2.2656149935e+05 2.1441007079e+03
4.84000e+02 2.2697975260e+05 6.6981548092e+02
4.85000e+02 2.2740434111e+05 2.5835396386e+02
4.86000e+02 2.2788899588e+05 5.1791308666e+02
4.87000e+02 2.2836509208e+05 6.5937456571e+02
4.88000e+02 2.2884055088e+05 2.7905708494e+03
4.89000e+02 2.2931600352e+05 7.6528403538e+02
4.90000e+02 2.2972596726e+05 2.4980609654e+02
4.91000e+02 2.3014215136e+05 5.0899076698e+02
4.92000e+02 2.3061690134e+05 1.4133291494e+03
4.93000e+02 2.3108350305e+05 8.8509344105e+00
4.94000e+02 2.3148608571e+05 5.0110070153e+02
4.95000e+02 2.3189457266e+05 1.4042186644e+03
4.96000e+02 2.3236008643e+05 1.8078296101e+01
4.97000e+02 2.3282494428e+05 2.6876398711e+03
4.98000e+02 2.3323287151e+05 2.8268599153e+03
4.99000e+02 2.3364158266e+05 6.2815723452e+02
5.00000e+02 2.3410731737e+05 7.4271974794e+02
5.01000e+02 2.3456516346e+05 8.7556124702e+00
5.02000e+02 2.3502235676e+05 1.4799099678e+03
5.03000e+02 2.3548680083e+05 7.4156325081e+02
5.04000e+02 2.3595027650e+05 7.3856264923e+02
5.05000e+02 2.3640694144e+05 1.4772489054e+03
5.06000e+02 2.3680170886e+05 2.0225282778e+03
5.07000e+02 2.3720234761e+05 8.2573546029e+02
5.08000e+02 2.3760409656e+05 1.4462605273e+03
5.09000e+02 2.3800176115e+05 4.0846656182e+03
5.10000e+02 2.3846227266e+05 7.4413990550e+02
5.11000e+02 2.3892832369e+05 1.3504374511e+03
5.12000e+02 2.3939275753e+05 1.3500451745e+03
5.13000e+02 2.3985726677e+05 7.3614693720e+02
5.14000e+02 2.4032087796e+05 7.3458814826e+02
5.15000e+02 2.4077768886e+05 7.4354171610e+02
5.16000e+02 2.4117258875e+05 8.2504220294e+02
5.17000e+02 2.4157334535e+05 2.0826665441e+03
5.18000e+02 2.4202977956e+05 7.1769838963e+00
5.19000e+02 2.4248563722e+05 7.1803216787e+02
5.20000e+02 2.4288603436e+05 2.0792320581e+03
5.21000e+02 2.4328719982e+05 6.0601940831e+02
5.22000e+02 2.4368936520e+05 6.0718162582e+02
5.23000e+02 2.4409149185e+05 6.0753563300e+02
5.24000e+02 2.4454890029e+05 7.1828836760e+02
5.25000e+02 2.4499852623e+05 5.9994043396e+02
5.26000e+02 2.4544738479e+05 2.7901589951e+03
5.27000e+02 2.4590314768e+05 1.2192600136e+03
5.28000e+02 2.4630357362e+05 6.0518865879e+02
5.29000e+02 2.4670067673e+05 3.0038991438e+03
5.30000e+02 2.4716091720e+05 1.2294226525e+03
5.31000e+02 2.4761963665e+05 3.4175301946e+03
5.32000e+02 2.4807739439e+05 7.1762020873e+02
5.33000e+02 2.4854224080e+05 6.1366699960e+02
5.34000e+02 2.4900603621e+05 1.9445306623e+03
5.35000e+02 2.4946297945e+05 7.1512638064e+02
5.36000e+02 2.4991971298e+05 7.1338704828e+02
5.37000e+02 2.5038388250e+05 8.3554105272e+02
5.38000e+02 2.5079147094e+05 7.1625104473e+00
5.39000e+02 2.5119570205e+05 2.6648974681e+03
5.40000e+02 2.5166476597e+05 2.5575043844e+01
5.41000e+02 2.5213980233e+05 1.0866839887e+01
5.42000e+02 2.5261329440e+05 7.4820854396e+02
5.43000e+02 2.5307944307e+05 7.4742855174e+02
5.44000e+02 2.5354529375e+05 7.3022323612e+02
5.45000e+02 2.5401880151e+05 7.4593173766e+02
5.46000e+02 2.5449139994e+05 7.4429216291e+02
5.47000e+02 2.5495693957e+05 7.2888397502e+02
5.48000e+02 2.5542235644e+05 7.2772127461e+02
5.49000e+02 2.5588802747e+05 7.2712495450e+02
5.50000e+02 2.5629010882e+05 5.4475051668e+03
5.51000e+02 2.5669396567e+05 1.4816617734e+03
5.52000e+02 2.5716264673e+05 7.2966202642e+02
5.53000e+02 2.5762984351e+05 7.3045811220e+02
5.54000e+02 2.5809614549e+05 7.2734857619e+02
5.55000e+02 2.5856236093e+05 7.2563988055e+02
5.56000e+02 2.5902815245e+05 7.2440378261e+02
5.57000e+02 2.5950156035e+05 7.4344800634e+02
5.58000e+02 2.5991686241e+05 3.6352920762e+03
5.59000e+02 2.6032865458e+05 2.1871682996e+03
5.60000e+02 2.6080699183e+05 1.2545719074e+01
5.61000e+02 2.6128371995e+05 7.4672523879e+02
5.62000e+02 2.6175949624e+05 7.4341755819e+02
5.63000e+02 2.6223513311e+05 7.4158288898e+02
5.64000e+02 2.6271032640e+05 7.4025830641e+02
5.65000e+02 2.6319341846e+05 1.3212701389e+03
5.66000e+02 2.6361681200e+05 2.1930726144e+03
5.67000e+02 2.6403655063e+05 1.5026718202e+03
5.68000e+02 2.6445739129e+05 5.1850896959e+03
5.69000e+02 2.6487847851e+05 6.2930356148e+02
5.70000e+02 2.6536739987e+05 1.3728073199e+01
5.71000e+02 2.6586249005e+05 2.2028776592e+03
5.72000e+02 2.6629533053e+05 2.1392903427e+03
5.73000e+02 2.6672400344e+05 7.5856931169e+00
5.74000e+02 2.6715358762e+05 6.4499588961e+02
5.75000e+02 2.6758811114e+05 8.6038230568e+03
5.76000e+02 2.6802302120e+05 6.5488581602e+02
5.77000e+02 2.6845278597e+05 6.4544274702e+02
5.78000e+02 2.6888302156e+05 6.4588954678e+02
5.79000e+02 2.6931797127e+05 6.5465712232e+02
5.80000e+02 2.6975318735e+05 6.5430847776e+02
5.81000e+02 2.7018799054e+05 6.5350765775e+02
5.82000e+02 2.7062319337e+05 6.5284090498e+02
5.83000e+02 2.7105320088e+05 6.4548640199e+02
5.84000e+02 2.7155292254e+05 1.0800294063e+01
5.85000e+02 2.7205895205e+05 4.1081635520e+03
5.86000e+02 2.7256304067e+05 8.3988737866e+03
5.87000e+02 2.7305858408e+05 2.6769741063e+03
5.88000e+02 2.7348492109e+05 1.3029580326e+03
5.89000e+02 2.7391789261e+05 1.4411415646e+03
5.90000e+02 2.7441257287e+05 9.4083613251e+00
5.91000e+02 2.7490644603e+05 7.6922987713e+02
5.92000e+02 2.7539904124e+05 7.6637560231e+02
5.93000e+02 2.7588375962e+05 1.2908300513e+03
5.94000e+02 2.7630139228e+05 1.4309960589e+03
5.95000e+02 2.7672552646e+05 7.4737293903e+02
5.96000e+02 2.7715076289e+05 2.1763595910e+03
5.97000e+02 2.7757604568e+05 6.2833638357e+02
5.98000e+02 2.7806106179e+05 7.5790959268e+00
5.99000e+02 2.7853732465e+05 1.4211095404e+03
6.00000e+02 2.7894771812e+05 1.3670944298e+03
6.01000e+02 2.7935968928e+05 4.0789111156e+03
6.02000e+02 2.7977265022e+05 6.0090911756e+02
6.03000e+02 2.8018580829e+05 6.0149512555e+02
6.04000e+02 2.8059946193e+05 6.0158633004e+02
6.05000e+02 2.8101753762e+05 7.2070937655e+00
6.06000e+02 2.8149351277e+05 6.1204890616e+02
6.07000e+02 2.8196093524e+05 2.5581798914e+03
6.08000e+02 2.8236407292e+05 1.0515959216e+01
6.09000e+02 2.8276866730e+05 5.8191561061e+02
6.10000e+02 2.8317418912e+05 5.8371783267e+02
6.11000e+02 2.8357986024e+05 5.8421085951e+02
6.12000e+02 2.8404978889e+05 7.9093534848e+03
6.13000e+02 2.8451784935e+05 7.1079602357e+02
6.14000e+02 2.8492132511e+05 5.8158058466e+02
6.15000e+02 2.8532614738e+05 5.8015014761e+02
6.16000e+02 2.8579559185e+05 7.0960104826e+02
6.17000e+02 2.8626336588e+05 7.0860502433e+02
6.18000e+02 2.8666667508e+05 5.7940343944e+02
6.19000e+02 2.8707567208e+05 9.0786971784e+00
6.20000e+02 2.8754157605e+05 3.9635321781e+03
6.21000e+02 2.8799954474e+05 3.0359689632e+02
6.22000e+02 2.8839505814e+05 7.7958037297e+00
6.23000e+02 2.8879205552e+05 5.6321114499e+02
6.24000e+02 2.8925209905e+05 1.0017887780e+03
6.25000e+02 2.8971782341e+05 5.3008944056e+03
6.26000e+02 2.9018201250e+05 6.9918540191e+02
6.27000e+02 2.9063914706e+05 6.8655061903e+02
6.28000e+02 2.9103423650e+05 5.6222398032e+02
6.29000e+02 2.9143096302e+05 6.9490188712e+02
6.30000e+02 2.9182873841e+05 6.9689293203e+02
6.31000e+02 2.9223087214e+05 4.6278691578e+03
6.32000e+02 2.9263352813e+05 5.2120993975e+03
6.33000e+02 2.9303592332e+05 5.7241633185e+02
6.34000e+02 2.9343883868e+05 5.7210327198e+02
6.35000e+02 2.9383731038e+05 5.6443022519e+02
6.36000e+02 2.9429842386e+05 6.8693401498e+02
6.37000e+02 2.9475770056e+05 6.8838922080e+02
6.38000e+02 2.9521581764e+05 6.8470443681e+02
6.39000e+02 2.9568089005e+05 1.8415203083e+03
6.40000e+02 2.9608906921e+05 5.2638055833e+00
6.41000e+02 2.9649372533e+05 8.1376619590e+02
6.42000e+02 2.9696309795e+05 8.7497640875e+02
6.43000e+02 2.9743834331e+05 1.5431497076e+01
6.44000e+02 2.9785472209e+05 4.0682268187e+02
6.45000e+02 2.9827172410e+05 9.9781238932e+02
6.46000e+02 2.9868962008e+05 5.9970871764e+02
6.47000e+02 2.9910739567e+05 5.9988258617e+02
6.48000e+02 2.9952572867e+05 5.9971972899e+02
6.49000e+02 2.9993932045e+05 8.8303708366e+02
6.50000e+02 3.0041893461e+05 2.5657602856e+01
6.51000e+02 3.0090437932e+05 1.6148442314e+03
6.52000e+02 3.0132916528e+05 6.4529515493e+00
6.53000e+02 3.0175451120e+05 6.1313684246e+02
6.54000e+02 3.0218069969e+05 6.1392623656e+02
6.55000e+02 3.0260672992e+05 6.1399662048e+02
6.56000e+02 3.0303328684e+05 6.1375105235e+02
6.57000e+02 3.0345490762e+05 3.3660947029e+01
6.58000e+02 3.0387699104e+05 3.8245068007e+03
6.59000e+02 3.0430359231e+05 6.1370834724e+02
6.60000e+02 3.0473046803e+05 6.1341343731e+02
6.61000e+02 3.0515692621e+05 6.1265692356e+02
6.62000e+02 3.0564290619e+05 3.4901151336e+03
6.63000e+02 3.0612772345e+05 1.8450686770e+03
6.64000e+02 3.0661103783e+05 1.8405580048e+03
6.65000e+02 3.0708665973e+05 3.7134654503e+03
6.66000e+02 3.0749685945e+05 1.2132552093e+03
6.67000e+02 3.0790878254e+05 3.3157114069e+03
6.68000e+02 3.0832175971e+05 5.8243502235e+02
6.69000e+02 3.0873942006e+05 7.1725904572e+02
6.70000e+02 3.0921507487e+05 7.6595672961e+00
6.71000e+02 3.0968226679e+05 1.7854645521e+03
6.72000e+02 3.1008525731e+05 1.2689757647e+02
6.73000e+02 3.1049401556e+05 1.6554012579e+01
6.74000e+02 3.1095969166e+05 1.1478624235e+03
6.75000e+02 3.1142465119e+05 1.8452617933e+03
6.76000e+02 3.1188838634e+05 6.8363445092e+02
6.77000e+02 3.1234519415e+05 1.1638657143e+02
6.78000e+02 3.1280174455e+05 5.2768057732e+03
6.79000e+02 3.1325848776e+05 1.2374320058e+03
6.80000e+02 3.1365325305e+05 2.4762696274e+01
6.81000e+02 3.1405382623e+05 1.8214803098e+03
6.82000e+02 3.1450998761e+05 6.5931559707e+02
6.83000e+02 3.1496556694e+05 1.3322268953e+03
6.84000e+02 3.1536573506e+05 3.1049998340e+03
6.85000e+02 3.1576253559e+05 1.9309973050e+03
6.86000e+02 3.1616035035e+05 1.8227082996e+03
6.87000e+02 3.1655834161e+05 5.5984178366e+02
6.88000e+02 3.1695683661e+05 5.4902291295e+02
6.89000e+02 3.1735941093e+05 6.6065741483e+02
6.90000e+02 3.1781698446e+05 6.6541745033e+02
6.91000e+02 3.1827355807e+05 6.6574631227e+02
6.92000e+02 3.1872875439e+05 6.6270335292e+02
6.93000e+02 3.1918409089e+05 6.6080354891e+02
6.94000e+02 3.1958426830e+05 6.6000603714e+02
6.95000e+02 3.1998115752e+05 5.4737185618e+02
6.96000e+02 3.2037908273e+05 5.4625468655e+02
6.97000e+02 3.2078132755e+05 1.3264631903e+03
6.98000e+02 3.2123866808e+05 6.6228695125e+02
6.99000e+02 3.2169508905e+05 6.6270913253e+02
7.00000e+02 3.2215017891e+05 6.5979575293e+02
7.01000e+02 3.2260544141e+05 6.5797748419e+02
7.02000e+02 3.2300557493e+05 1.3250928465e+03
7.03000e+02 3.2340243466e+05 5.4567893416e+02
7.04000e+02 3.2386238425e+05 3.9788831040e+03
7.05000e+02 3.2432082654e+05 3.9766033019e+03
7.06000e+02 3.2471655432e+05 8.8776889696e+02
7.07000e+02 3.2511779516e+05 1.3197566434e+03
7.08000e+02 3.2557450789e+05 1.3229745374e+03
7.09000e+02 3.2602361935e+05 9.3308268672e+00
7.10000e+02 3.2647204979e+05 6.4319150019e+02
7.11000e+02 3.2692741233e+05 1.3217516090e+03
7.12000e+02 3.2732753293e+05 1.3184239645e+03
7.13000e+02 3.2772435299e+05 2.9645794850e+03
7.14000e+02 3.2818424115e+05 6.7717692526e+02
7.15000e+02 3.2864262467e+05 1.3283201101e+03
7.16000e+02 3.2910005392e+05 6.5881368739e+02
7.17000e+02 3.2956456011e+05 9.1436373081e+00
7.18000e+02 3.3002801497e+05 1.3244124276e+03
7.19000e+02 3.3048463675e+05 6.5639313355e+02
7.20000e+02 3.3094105263e+05 6.5472336380e+02
7.21000e+02 3.3140488664e+05 1.3224158445e+03
7.22000e+02 3.3181220375e+05 1.3055414524e+03
7.23000e+02 3.3221616583e+05 1.9958652817e+03
7.24000e+02 3.3262120763e+05 4.6199652744e+03
7.25000e+02 3.3302648269e+05 5.5019700462e+02
7.26000e+02 3.3349600136e+05 2.6321381540e+01
7.27000e+02 3.3397118849e+05 1.1353112458e+01
7.28000e+02 3.3444466723e+05 6.9032096979e+02
7.29000e+02 3.3491071532e+05 1.2123789678e+03
7.30000e+02 3.3537639650e+05 1.1941105163e+03
7.31000e+02 3.3584968562e+05 6.8773264484e+02
7.32000e+02 3.3632203248e+05 1.1854743441e+03
7.33000e+02 3.3679477251e+05 1.1837397890e+03
7.34000e+02 3.3720967316e+05 2.5510997584e+03
7.35000e+02 3.3762559174e+05 4.5333368307e+03
7.36000e+02 3.3804262430e+05 6.8907424332e+02
7.37000e+02 3.3845968166e+05 5.7148365799e+02
7.38000e+02 3.3887739660e+05 5.7159455055e+02
7.39000e+02 3.3929490217e+05 5.7147116802e+02
7.40000e+02 3.3977041675e+05 6.8616244362e+02
7.41000e+02 3.4023745656e+05 6.7131918153e+02
7.42000e+02 3.4064031178e+05 2.3762144231e+03
7.43000e+02 3.4104463619e+05 2.3728875592e+03
7.44000e+02 3.4151357304e+05 6.8625037761e+02
7.45000e+02 3.4198088982e+05 1.7037877315e+03
7.46000e+02 3.4244720857e+05 1.6871189852e+03
7.47000e+02 3.4291336761e+05 6.6632748387e+02
7.48000e+02 3.4337904247e+05 6.6501727292e+02
7.49000e+02 3.4384478291e+05 6.6393365238e+02
7.50000e+02 3.4431016591e+05 6.6297785842e+02
7.51000e+02 3.4477568781e+05 6.6209634564e+02
7.52000e+02 3.4524090150e+05 6.6126493357e+02
7.53000e+02 3.4570628743e+05 6.6046769421e+02
7.54000e+02 3.4610813294e+05 5.4075076870e+02
7.55000e+02 3.4651172386e+05 2.6540225417e+03
7.56000e+02 3.4691641506e+05 2.6542142079e+03
7.57000e+02 3.4732137782e+05 5.3838582204e+02
7.58000e+02 3.4772688875e+05 5.3866715965e+02
7.59000e+02 3.4813238891e+05 5.3866588803e+02
7.60000e+02 3.4853828445e+05 5.3851183359e+02
7.61000e+02 3.4894406924e+05 5.3825795757e+02
7.62000e+02 3.4935019066e+05 5.3794557529e+02
7.63000e+02 3.4975615821e+05 5.3759039589e+02
7.64000e+02 3.5022618643e+05 6.6462176093e+02
7.65000e+02 3.5070172515e+05 1.1441665057e+03
7.66000e+02 3.5111821325e+05 5.9135490163e+03
7.67000e+02 3.5153520962e+05 5.9071262663e+03
7.68000e+02 3.5201048672e+05 4.3396719613e+03
7.69000e+02 3.5248488108e+05 5.9064911102e+03
7.70000e+02 3.5295793420e+05 2.7014735438e+03
7.71000e+02 3.5343116431e+05 6.6941309321e+02
7.72000e+02 3.5384639154e+05 5.5608211358e+02
7.73000e+02 3.5425809602e+05 5.7369267742e+00
7.74000e+02 3.5473622447e+05 3.3805414232e+03
7.75000e+02 3.5522051655e+05 1.1061976186e+01
7.76000e+02 3.5570319471e+05 6.8941962897e+02
7.77000e+02 3.5617820284e+05 4.0507402321e+03
7.78000e+02 3.5665290172e+05 6.7081872252e+02
7.79000e+02 3.5713552073e+05 6.8705713415e+02
7.80000e+02 3.5755853910e+05 7.7911384446e+00
7.81000e+02 3.5797791015e+05 2.5684090683e+03
7.82000e+02 3.5839838023e+05 3.1229733230e+03
7.83000e+02 3.5881909320e+05 5.6044976189e+02
7.84000e+02 3.5930752022e+05 3.6900852229e+01
7.85000e+02 3.5979396137e+05 1.2406887561e+03
7.86000e+02 3.6027926429e+05 1.2131512621e+03
7.87000e+02 3.6077243577e+05 1.0552467296e+01
7.88000e+02 3.6126443824e+05 1.9119697644e+03
7.89000e+02 3.6174862615e+05 6.8744098111e+02
7.90000e+02 3.6216585517e+05 5.5664824652e+02
7.91000e+02 3.6258495655e+05 6.8808263115e+02
7.92000e+02 3.6307230010e+05 6.8879416921e+02
7.93000e+02 3.6356613068e+05 1.9107168957e+03
7.94000e+02 3.6399805346e+05 3.2704171314e+03
7.95000e+02 3.6442592079e+05 6.9687132916e+02
7.96000e+02 3.6485476203e+05 1.3951812272e+03
7.97000e+02 3.6528378260e+05 5.7323129406e+02
7.98000e+02 3.6578236782e+05 2.7560855142e+01
7.99000e+02 3.6628732172e+05 5.7221406480e+02
8.00000e+02 3.6679040906e+05 1.2857994475e+03
8.01000e+02 3.6728502668e+05 1.2706131316e+03
8.02000e+02 3.6777930272e+05 1.2487141517e+03
8.03000e+02 3.6827362773e+05 7.0262807411e+02
8.04000e+02 3.6876762763e+05 7.0164931331e+02
8.05000e+02 3.6926172387e+05 7.0071889587e+02
8.06000e+02 3.6968689991e+05 5.6899286285e+02
8.07000e+02 3.7011398925e+05 1.4019371098e+03
8.08000e+02 3.7061122224e+05 7.0325125936e+02
8.09000e+02 3.7111521456e+05 7.2246132638e+02
8.10000e+02 3.7161757644e+05 2.0825996364e+03
8.11000e+02 3.7212005798e+05 2.0790062539e+03
8.12000e+02 3.7262164168e+05 7.1456282859e+02
8.13000e+02 3.7312364350e+05 7.1336854794e+02
8.14000e+02 3.7356297379e+05 2.6767752035e+03
8.15000e+02 3.7399847032e+05 7.1095520136e+02
8.16000e+02 3.7450614039e+05 1.4384332730e+03
8.17000e+02 3.7502084051e+05 1.2698297345e+01
8.18000e+02 3.7547006867e+05 7.2014211568e+02
8.19000e+02 3.7591492436e+05 1.4463539908e+03
8.20000e+02 3.7636078104e+05 3.5763677003e+03
8.21000e+02 3.7681203587e+05 7.3825027547e+03
8.22000e+02 3.7732779890e+05 7.3952011097e+02
8.23000e+02 3.7783352798e+05 2.7489797050e+03
8.24000e+02 3.7826777402e+05 1.1610651045e+01
8.25000e+02 3.7870872985e+05 7.2848159471e+02
8.26000e+02 3.7921289280e+05 1.2939488593e+03
8.27000e+02 3.7971617731e+05 2.0200198938e+03
8.28000e+02 3.8015617770e+05 1.4525209334e+03
8.29000e+02 3.8059707252e+05 1.2925939003e+03
8.30000e+02 3.8110122213e+05 7.1243759220e+02
8.31000e+02 3.8159605136e+05 2.2498898376e+01
8.32000e+02 3.8202156359e+05 1.2994085723e+03
8.33000e+02 3.8244880299e+05 1.8666978419e+03
8.34000e+02 3.8294608273e+05 2.0202951423e+03
8.35000e+02 3.8345005694e+05 7.1241485773e+02
8.36000e+02 3.8395235267e+05 7.0984856348e+02
8.37000e+02 3.8444629667e+05 1.4311846479e+03
8.38000e+02 3.8487136280e+05 5.5624267017e+02
8.39000e+02 3.8530312284e+05 1.4117290891e+03
8.40000e+02 3.8573597009e+05 2.6944655247e+03
8.41000e+02 3.8616406379e+05 5.5654073190e+02
8.42000e+02 3.8666188506e+05 7.1224396913e+02
8.43000e+02 3.8716619670e+05 1.2757484482e+03
8.44000e+02 3.8760671919e+05 7.6752362505e+00
8.45000e+02 3.8804293764e+05 2.9793076234e+02
8.46000e+02 3.8855109921e+05 1.2848130073e+03
8.47000e+02 3.8906612092e+05 1.8377617041e+01
8.48000e+02 3.8957933850e+05 1.3037537934e+03
8.49000e+02 3.9009257733e+05 7.2672730357e+02
8.50000e+02 3.9060483234e+05 7.2503800680e+02
8.51000e+02 3.9110862588e+05 2.0049094592e+03
8.52000e+02 3.9161231554e+05 7.3988789798e+02
8.53000e+02 3.9211616195e+05 7.3920088424e+02
8.54000e+02 3.9261978377e+05 7.0558955724e+02
8.55000e+02 3.9313238771e+05 7.2367808177e+02
8.56000e+02 3.9364404644e+05 7.2235812558e+02
8.57000e+02 3.9415615557e+05 7.2114095398e+02
8.58000e+02 3.9460389685e+05 7.2187919544e+00
8.59000e+02 3.9505287436e+05 2.7656162463e+03
8.60000e+02 3.9556700967e+05 7.2289638670e+02
8.61000e+02 3.9607151168e+05 7.0553956959e+02
8.62000e+02 3.9657543893e+05 7.3802225210e+02
8.63000e+02 3.9708818988e+05 7.2281531438e+02
8.64000e+02 3.9759990879e+05 7.1967609616e+02
8.65000e+02 3.9810320589e+05 7.3607931875e+02
8.66000e+02 3.9860644510e+05 7.2140445124e+02
8.67000e+02 3.9911873858e+05 7.1849894978e+02
8.68000e+02 3.9956647717e+05 2.7628479418e+03
8.69000e+02 4.0001019482e+05 4.1930266510e+03
8.70000e+02 4.0045510777e+05 5.0622974715e+03
8.71000e+02 4.0090555823e+05 1.4426028552e+03
8.72000e+02 4.0142052774e+05 7.2103105557e+02
8.73000e+02 4.0192553240e+05 1.3042923168e+03
8.74000e+02 4.0235919032e+05 3.9337847674e+00
8.75000e+02 4.0279960146e+05 7.1027070999e+02
8.76000e+02 4.0330319306e+05 5.5419761866e+02
8.77000e+02 4.0379748960e+05 6.7782687426e+00
8.78000e+02 4.0422255971e+05 7.0097262733e+02
8.79000e+02 4.0464938568e+05 1.2692115472e+03
8.80000e+02 4.0507725566e+05 5.4599294605e+02
8.81000e+02 4.0550537029e+05 5.4673560044e+02
8.82000e+02 4.0600299860e+05 1.2709736012e+03
8.83000e+02 4.0650704616e+05 1.2657075181e+03
8.84000e+02 4.0694731302e+05 3.2326309093e+03
8.85000e+02 4.0738827547e+05 1.6613474016e+03
8.86000e+02 4.0783015347e+05 5.7191524192e+02
8.87000e+02 4.0826694099e+05 8.6728967743e+00
8.88000e+02 4.0877532269e+05 7.1639115512e+02
8.89000e+02 4.0929038358e+05 1.6895093390e+03
8.90000e+02 4.0980355187e+05 2.3962628014e+03
8.91000e+02 4.1030788224e+05 1.4095796615e+03
8.92000e+02 4.1081188242e+05 1.6834383014e+03
8.93000e+02 4.1131591652e+05 1.6814585926e+03
8.94000e+02 4.1174909639e+05 1.1218028694e+03
8.95000e+02 4.1218922836e+05 1.2858833883e+03
8.96000e+02 4.1269262153e+05 6.8471449325e+02
8.97000e+02 4.1318678815e+05 9.8674829832e+00
8.98000e+02 4.1361178529e+05 1.2764147732e+03
8.99000e+02 4.1404335797e+05 6.7547048771e+02
9.00000e+02 4.1453642653e+05 2.0182220897e+01
9.01000e+02 4.1502872770e+05 1.3564785584e+03
9.02000e+02 4.1545959319e+05 1.9483800103e+03
9.03000e+02 4.1588655851e+05 2.3859972237e+03
9.04000e+02 4.1631457654e+05 6.7781591413e+02
9.05000e+02 4.1674281411e+05 6.7841034553e+02
9.06000e+02 4.1724054304e+05 1.3488508457e+03
9.07000e+02 4.1774466211e+05 5.7901124400e+02
9.08000e+02 4.1818498133e+05 5.4976449244e+02
9.09000e+02 4.1862098986e+05 1.1789751029e+02
9.10000e+02 4.1905792408e+05 6.6700654313e+02
9.11000e+02 4.1949499506e+05 5.5727544069e+02
9.12000e+02 4.2000349641e+05 5.8920465070e+02
9.13000e+02 4.2051861829e+05 5.6021754425e+02
9.14000e+02 4.2096804720e+05 6.8360745877e+02
9.15000e+02 4.2141296456e+05 4.0248840333e+01
9.16000e+02 4.2185879361e+05 6.0582158569e+02
9.17000e+02 4.2230995232e+05 1.7987559310e+03
9.18000e+02 4.2282551772e+05 1.8310764669e+03
9.19000e+02 4.2333982770e+05 7.1202541982e+02
9.20000e+02 4.2378886317e+05 5.8175520712e+02
9.21000e+02 4.2423353361e+05 5.7256637796e+02
9.22000e+02 4.2467918179e+05 5.7181294944e+02
9.23000e+02 4.2513020044e+05 5.8103337859e+02
9.24000e+02 4.2564564668e+05 7.1119425309e+02
9.25000e+02 4.2615104062e+05 3.0913991913e+03
9.26000e+02 4.2665559981e+05 1.8354433206e+03
9.27000e+02 4.2716879309e+05 7.0936634343e+02
9.28000e+02 4.2761714815e+05 5.7977194657e+02
9.29000e+02 4.2806134137e+05 1.2603173562e+03
9.30000e+02 4.2850662930e+05 1.2586967837e+03
9.31000e+02 4.2895736472e+05 5.7890895381e+02
9.32000e+02 4.2940853210e+05 7.1147075096e+02
9.33000e+02 4.2985422372e+05 5.6938305953e+02
9.34000e+02 4.3030041853e+05 5.6972055183e+02
9.35000e+02 4.3074655232e+05 5.6959299983e+02
9.36000e+02 4.3126607871e+05 1.5520940469e+02
9.37000e+02 4.3179245194e+05 1.1439083500e+03
9.38000e+02 4.3231680894e+05 1.8603321640e+03
9.39000e+02 4.3283187099e+05 1.8362570362e+03
9.40000e+02 4.3334659123e+05 1.6893724265e+03
9.41000e+02 4.3387052705e+05 7.2530602701e+02
9.42000e+02 4.3439338933e+05 7.2308600373e+02
9.43000e+02 4.3490740984e+05 7.0466022414e+02
9.44000e+02 4.3542136374e+05 7.0318922319e+02
9.45000e+02 4.3594470760e+05 7.2177095632e+02
9.46000e+02 4.3640160233e+05 1.1435644401e+03
9.47000e+02 4.3685429420e+05 1.4147458813e+03
9.48000e+02 4.3738333159e+05 2.0534370555e+02
9.49000e+02 4.3792003832e+05 1.3362865041e+01
9.50000e+02 4.3838743604e+05 1.4238341335e+03
9.51000e+02 4.3885010779e+05 2.1511823809e+02
9.52000e+02 4.3931380042e+05 2.2147554888e+03
9.53000e+02 4.3977772933e+05 6.0047172290e+02
9.54000e+02 4.4031964589e+05 2.6228676936e+01
9.55000e+02 4.4086916978e+05 1.1275419754e+03
9.56000e+02 4.4134697891e+05 8.2518577635e+02
9.57000e+02 4.4181975288e+05 8.8450653288e+00
9.58000e+02 4.4237344939e+05 1.1381943851e+03
9.59000e+02 4.4293533209e+05 8.3671940466e+02
9.60000e+02 4.4349524262e+05 2.7337440568e+03
9.61000e+02 4.4405509553e+05 7.8989512720e+02
9.62000e+02 4.4461391457e+05 7.8801373909e+02
9.63000e+02 4.4516249393e+05 2.1054418881e+03
9.64000e+02 4.4563162605e+05 6.1414696566e+02
9.65000e+02 4.4610903203e+05 5.7057722261e+03
9.66000e+02 4.4665746150e+05 1.0389565937e+01
9.67000e+02 4.4719483364e+05 3.8281536093e+01
9.68000e+02 4.4773168133e+05 1.6081390887e+03
9.69000e+02 4.4826840611e+05 1.5563948335e+03
9.70000e+02 4.4872784601e+05 2.1852670229e+03
9.71000e+02 4.4918949282e+05 2.7854874059e+03
9.72000e+02 4.4972972903e+05 7.4479458614e+02
9.73000e+02 4.5026788385e+05 7.4547983411e+02
9.74000e+02 4.5080509788e+05 7.4171217106e+02
9.75000e+02 4.5134202560e+05 7.3974336304e+02
9.76000e+02 4.5187860139e+05 7.3836537969e+02
9.77000e+02 4.5241513787e+05 7.3723576458e+02
9.78000e+02 4.5287444899e+05 5.8761389180e+02
9.79000e+02 4.5334164263e+05 2.0591499855e+01
9.80000e+02 4.5380998065e+05 2.7820670205e+03
9.81000e+02 4.5427844497e+05 1.2117841742e+03
9.82000e+02 4.5474758040e+05 6.0305621474e+02
9.83000e+02 4.5521091910e+05 1.5982996093e+03
9.84000e+02 4.5575233583e+05 7.4133947346e+02
9.85000e+02 4.5630140809e+05 2.5790325468e+03
9.86000e+02 4.5677883556e+05 1.0027345506e+03
9.87000e+02 4.5725713489e+05 1.6140199789e+03
9.88000e+02 4.5773634692e+05 6.1974802225e+02
9.89000e+02 4.5820961392e+05 7.5052643081e+02
9.90000e+02 4.5876342529e+05 1.2394639801e+01
9.91000e+02 4.5932525141e+05 1.6336139509e+03
9.92000e+02 4.5988501575e+05 4.2197687145e+03
9.93000e+02 4.6043412084e+05 7.6554900071e+02
9.94000e+02 4.6090353471e+05 2.3565799608e+03
9.95000e+02 4.6138108853e+05 1.4001049677e+03
9.96000e+02 4.6185972657e+05 1.3981308575e+03
9.97000e+02 4.6233256878e+05 6.0361903033e+02
9.98000e+02 4.6288601926e+05 1.2464303961e+03
9.99000e+02 4.6343695590e+05 1.2470155105e+03
1.00000e+03 4.6390720911e+05 1.2677317510e+03
1.00100e+03 4.6438525218e+05 6.1549977643e+02
1.00200e+03 4.6493410269e+05 7.5284683389e+02
1.00300e+03 4.6547173227e+05 5.9963456007e+02
1.00400e+03 4.6593167473e+05 6.0457353038e+02
1.00500e+03 4.6639929104e+05 1.2665670155e+02
1.00600e+03 4.6686792926e+05 7.3141450876e+02
1.00700e+03 4.6733661630e+05 5.9467035275e+02
1.00800e+03 4.6787372406e+05 5.8729218679e+02
1.00900e+03 4.6839997199e+05 5.9258730487e+02
1.01000e+03 4.6892548406e+05 1.9268518917e+03
1.01100e+03 4.6946043714e+05 2.1005427800e+03
1.01200e+03 4.6999423421e+05 7.3233595149e+02
1.01300e+03 4.7051874135e+05 7.0627367774e+02
1.01400e+03 4.7096853963e+05 7.1046154479e+02
1.01500e+03 4.7142054956e+05 2.5593517791e+03
1.01600e+03 4.7194883962e+05 7.0834539234e+02
1.01700e+03 4.7248483138e+05 7.2574755297e+02
1.01800e+03 4.7295162649e+05 1.1496580009e+03
1.01900e+03 4.7341938607e+05 1.1475808833e+03
1.02000e+03 4.7395590158e+05 7.2774025662e+02
1.02100e+03 4.7448176482e+05 7.0899313144e+02
1.02200e+03 4.7493227428e+05 1.1471444928e+03
1.02300e+03 4.7539014565e+05 2.9332484033e+02
1.02400e+03 4.7584904662e+05 8.7414525099e+02
1.02500e+03 4.7630798663e+05 5.7112670972e+02
1.02600e+03 4.7683336774e+05 5.3404339102e+02
1.02700e+03 4.7735757795e+05 1.2852890300e+03
1.02800e+03 4.7781481752e+05 5.6889417971e+02
1.02900e+03 4.7827300789e+05 5.6757563647e+02
1.03000e+03 4.7879798709e+05 7.3842402979e+02
1.03100e+03 4.7931278462e+05 4.2903122944e+02
1.03200e+03 4.7975438534e+05 1.4216864102e+03
1.03300e+03 4.8019784942e+05 2.5577162192e+03
1.03400e+03 4.8071527017e+05 1.4362407632e+03
1.03500e+03 4.8123074369e+05 1.4209407056e+03
1.03600e+03 4.8174522365e+05 1.1063552458e+03
1.03700e+03 4.8226868446e+05 7.0038749538e+02
1.03800e+03 4.8279098929e+05 1.1066216574e+03
1.03900e+03 4.8331361944e+05 1.1046843683e+03
1.04000e+03 4.8383544495e+05 6.9349144649e+02
1.04100e+03 4.8434855316e+05 6.7732645805e+02
1.04200e+03 4.8486166668e+05 6.9260432749e+02
1.04300e+03 4.8538421220e+05 6.9271332933e+02
1.04400e+03 4.8584043977e+05 1.1015515292e+03
1.04500e+03 4.8629791585e+05 1.9304103060e+03
1.04600e+03 4.8675657141e+05 1.3953524258e+03
1.04700e+03 4.8720992134e+05 1.3814893390e+03
1.04800e+03 4.8766396428e+05 1.9409221131e+03
1.04900e+03 4.8811809272e+05 5.6815620663e+02
1.05000e+03 4.8864777318e+05 7.0858754927e+02
1.05100e+03 4.8918468445e+05 5.7764820079e+02
1.05200e+03 4.8965208172e+05 5.6351317862e+02
1.05300e+03 4.9012028322e+05 1.1369575391e+03
1.05400e+03 4.9058938499e+05 5.8275361193e+02
1.05500e+03 4.9105276519e+05 1.4975301488e+02
1.05600e+03 4.9159420347e+05 5.8882837501e+02
1.05700e+03 4.9214327086e+05 1.1572766419e+03
1.05800e+03 4.9262069065e+05 8.3180170246e+00
1.05900e+03 4.9309897342e+05 6.0056182807e+02
1.06000e+03 4.9357815602e+05 6.0172407613e+02
1.06100e+03 4.9405137258e+05 5.9807591450e+02
1.06200e+03 4.9452515441e+05 1.7555207453e+03
1.06300e+03 4.9499893640e+05 1.0255898422e+03
1.06400e+03 4.9547300079e+05 5.9091753642e+02
1.06500e+03 4.9594695614e+05 5.9049998485e+02
1.06600e+03 4.9650110174e+05 1.1688266771e+03
1.06700e+03 4.9706307233e+05 6.2233526199e+02
1.06800e+03 4.9755103888e+05 1.1893283970e+03
1.06900e+03 4.9803986204e+05 1.7998018163e+03
1.07000e+03 4.9860165724e+05 3.0868931473e+03
1.07100e+03 4.9915161642e+05 3.6402322453e+03
1.07200e+03 4.9962141238e+05 1.2030986007e+03
1.07300e+03 5.0009915478e+05 1.1080761511e+01
1.07400e+03 5.0057788555e+05 5.9715210612e+02
1.07500e+03 5.0105074495e+05 1.2007995487e+03
1.07600e+03 5.0160413530e+05 1.1933045981e+03
1.07700e+03 5.0215497488e+05 1.2027759040e+03
1.07800e+03 5.0270466051e+05 1.1978684078e+03
1.07900e+03 5.0325387256e+05 7.3756560664e+02
1.08000e+03 5.0372321343e+05 5.8168610338e+02
1.08100e+03 5.0419472578e+05 7.3784610090e+02
1.08200e+03 5.0474717176e+05 7.3958839199e+02
1.08300e+03 5.0530794208e+05 1.7834937439e+03
1.08400e+03 5.0586685184e+05 2.5078626523e+03
1.08500e+03 5.0642579329e+05 1.4848031193e+03
1.08600e+03 5.0698376281e+05 7.5334024200e+02
1.08700e+03 5.0753155054e+05 7.3742448289e+02
1.08800e+03 5.0807939055e+05 7.4967451160e+02
1.08900e+03 5.0862731032e+05 7.4905686826e+02
1.09000e+03 5.0917511075e+05 7.3067481343e+02
1.09100e+03 5.0972294856e+05 7.2986219057e+02
1.09200e+03 5.1027066514e+05 7.2904846892e+02
1.09300e+03 5.1081842813e+05 7.2824460469e+02
1.09400e+03 5.1136607897e+05 7.2745061719e+02
1.09500e+03 5.1192436580e+05 7.5193229245e+02
1.09600e+03 5.1241001970e+05 1.3372422612e+03
1.09700e+03 5.1289094779e+05 3.6821761017e+03
1.09800e+03 5.1345548686e+05 1.6888234228e+01
1.09900e+03 5.1402881737e+05 1.5043683341e+01
1.10000e+03 5.1452623152e+05 3.6902541694e+03
1.10100e+03 5.1502478576e+05 5.6398357236e+03
1.10200e+03 5.1559872490e+05 2.2033326989e+03
1.10300e+03 5.1617142162e+05 2.7826162314e+03
1.10400e+03 5.1674265994e+05 1.3559787121e+03
1.10500e+03 5.1730299563e+05 7.5616721048e+02
1.10600e+03 5.1786332829e+05 1.3544731275e+03
1.10700e+03 5.1842365351e+05 1.3531081750e+03
1.10800e+03 5.1890194537e+05 5.0499360133e+03
1.10900e+03 5.1938883703e+05 7.6083948059e+02
1.11000e+03 5.1994887516e+05 7.3728638497e+02
1.11100e+03 5.2049736075e+05 1.1839627703e+01
1.11200e+03 5.2096600414e+05 7.5043017376e+02
1.11300e+03 5.2143684094e+05 1.9536254364e+03
1.11400e+03 5.2198858879e+05 7.2807398153e+02
1.11500e+03 5.2254870483e+05 1.4964704907e+03
1.11600e+03 5.2310699880e+05 7.4474327646e+02
1.11700e+03 5.2366536237e+05 7.4224607013e+02
1.11800e+03 5.2422279450e+05 7.4064198977e+02
1.11900e+03 5.2477008752e+05 7.2615333314e+02
1.12000e+03 5.2523815601e+05 5.6563543239e+02
1.12100e+03 5.2570864230e+05 5.6471928735e+02
1.12200e+03 5.2626012793e+05 1.4995568420e+03
1.12300e+03 5.2680947519e+05 1.5001115253e+03
1.12400e+03 5.2727853300e+05 5.6514388556e+02
1.12500e+03 5.2774962479e+05 1.0672121696e+03
1.12600e+03 5.2830155952e+05 7.2466863039e+02
1.12700e+03 5.2886180267e+05 7.4178092508e+02
1.12800e+03 5.2942018645e+05 7.4199078686e+02
1.12900e+03 5.2996806692e+05 7.2247718039e+02
1.13000e+03 5.3043650191e+05 1.0655221329e+03
1.13100e+03 5.3091314568e+05 2.9514498998e+03
1.13200e+03 5.3146068443e+05 6.9409006473e+02
1.13300e+03 5.3200725263e+05 1.4209698255e+03
1.13400e+03 5.3248302523e+05 4.3123183775e+03
1.13500e+03 5.3295997699e+05 6.9370395628e+02
1.13600e+03 5.3350779527e+05 7.1489329696e+02
1.13700e+03 5.3405456938e+05 7.1438430779e+02
1.13800e+03 5.3453048263e+05 6.9315089975e+02
1.13900e+03 5.3500754487e+05 7.1428888384e+02
1.14000e+03 5.3555546421e+05 7.1377098560e+02
1.14100e+03 5.3610232367e+05 7.1314255827e+02
1.14200e+03 5.3657830412e+05 7.1364180373e+02
1.14300e+03 5.3705542179e+05 7.1311264420e+02
1.14400e+03 5.3753360008e+05 7.1459736943e+02
1.14500e+03 5.3801182822e+05 5.7355377897e+02
1.14600e+03 5.3856049453e+05 7.1317638089e+02
1.14700e+03 5.3909779455e+05 1.0580450765e+01
1.14800e+03 5.3955738759e+05 3.4351112478e+03
1.14900e+03 5.4001895200e+05 3.9845774431e+03
1.15000e+03 5.4048155848e+05 5.3965310404e+02
1.15100e+03 5.4095008799e+05 1.3032126983e+02
1.15200e+03 5.4148677405e+05 1.1980243638e+01
1.15300e+03 5.4201255721e+05 3.7977574478e+03
1.15400e+03 5.4253757820e+05 4.4782307764e+03
1.15500e+03 5.4307202587e+05 6.8808316095e+02
1.15600e+03 5.4360531672e+05 1.6392815091e+03
1.15700e+03 5.4413893351e+05 1.6368113426e+03
1.15800e+03 5.4467175058e+05 6.7941910894e+02
1.15900e+03 5.4520504812e+05 6.7842043045e+02
1.16000e+03 5.4567031484e+05 1.0967083249e+03
1.16100e+03 5.4613695263e+05 2.3025219346e+03
1.16200e+03 5.4660480745e+05 1.8963587921e+03
1.16300e+03 5.4707279466e+05 5.4698990707e+02
1.16400e+03 5.4754144993e+05 5.4724336799e+02
1.16500e+03 5.4800430822e+05 1.2048855667e+03
1.16600e+03 5.4846772938e+05 2.4410282917e+03
1.16700e+03 5.4893115569e+05 1.7746770427e+03
1.16800e+03 5.4947233883e+05 1.3737970577e+03
1.16900e+03 5.5002106259e+05 1.1077628519e+03
1.17000e+03 5.5049814567e+05 5.4479724795e+02
1.17100e+03 5.5097016230e+05 8.5903195997e+00
1.17200e+03 5.5152295499e+05 1.1182646343e+03
1.17300e+03 5.5208390304e+05 5.5647674335e+02
1.17400e+03 5.5257111169e+05 1.8707298646e+01
1.17500e+03 5.5305312587e+05 7.2545815060e+02
1.17600e+03 5.5361852378e+05 5.6852549499e+02
1.17700e+03 5.5419250170e+05 3.1718456563e+01
1.17800e+03 5.5469040292e+05 7.3542526033e+02
1.17900e+03 5.5518290136e+05 5.7844123470e+02
1.18000e+03 5.5567640091e+05 1.8776250497e+03
1.18100e+03 5.5617013720e+05 5.9356770528e+02
1.18200e+03 5.5666423430e+05 5.9357168368e+02
1.18300e+03 5.5715831651e+05 5.9332402682e+02
1.18400e+03 5.5765264029e+05 5.9295738817e+02
1.18500e+03 5.5814687834e+05 5.9252026863e+02
1.18600e+03 5.5872649314e+05 4.5903627515e+01
1.18700e+03 5.5931473653e+05 7.4895530371e+02
1.18800e+03 5.5982414422e+05 2.3670018598e+03
1.18900e+03 5.6033454371e+05 4.2513741459e+03
1.19000e+03 5.6092267262e+05 3.1755222850e+03
1.19100e+03 5.6150936191e+05 2.3630807699e+03
1.19200e+03 5.6209449510e+05 2.3577219682e+03
1.19300e+03 5.6266809691e+05 5.5474958827e+03
1.19400e+03 5.6324167523e+05 3.1028875593e+03
1.19500e+03 5.6381515537e+05 1.3678483228e+03
1.19600e+03 5.6430391811e+05 1.2083102290e+03
1.19700e+03 5.6479519054e+05 1.3650043883e+03
1.19800e+03 5.6528768073e+05 7.4542331059e+02
1.19900e+03 5.6578705050e+05 7.6207893297e+02
1.20000e+03 5.6636118242e+05 7.3660656941e+02
1.20100e+03 5.6693384617e+05 1.4949530629e+03
1.20200e+03 5.6750494601e+05 7.4281819580e+02
1.20300e+03 5.6806509471e+05 5.7047837046e+02
1.20400e+03 5.6854334577e+05 5.3818627510e+00
1.20500e+03 5.6903018183e+05 1.4654116297e+03
1.20600e+03 5.6959009558e+05 1.1186084838e+01
1.20700e+03 5.7013843379e+05 6.4340077998e+00
1.20800e+03 5.7068627379e+05 1.4677197850e+03
1.20900e+03 5.7124453725e+05 7.1650018750e+02
1.21000e+03 5.7180169407e+05 7.1302676036e+02
1.21100e+03 5.7234868643e+05 8.7571992026e+02
1.21200e+03 5.7289575801e+05 7.1501526800e+02
1.21300e+03 5.7344294977e+05 7.1449966273e+02
1.21400e+03 5.7399005776e+05 6.9051211978e+02
1.21500e+03 5.7453723269e+05 6.8980477348e+02
1.21600e+03 5.7508430794e+05 6.8908223218e+02
1.21700e+03 5.7564200714e+05 7.1174947369e+02
1.21800e+03 5.7612715814e+05 2.8229499079e+03
1.21900e+03 5.7660759412e+05 3.5479306181e+03
1.22000e+03 5.7717156087e+05 1.6891501858e+01
1.22100e+03 5.7773323276e+05 7.1976472205e+02
1.22200e+03 5.7829398470e+05 7.1583013692e+02
1.22300e+03 5.7886546966e+05 1.3785765700e+01
1.22400e+03 5.7943573861e+05 2.1117477700e+03
1.22500e+03 5.8000631448e+05 2.1087269300e+03
1.22600e+03 5.8050217619e+05 2.0715261772e+03
1.22700e+03 5.8099958735e+05 2.8213499578e+03
1.22800e+03 5.8149821323e+05 7.6047729977e+02
1.22900e+03 5.8199057396e+05 7.4391367634e+02
1.23000e+03 5.8248362980e+05 4.2972796075e+03
1.23100e+03 5.8297683110e+05 5.9225318447e+02
1.23200e+03 5.8355545421e+05 7.5066343976e+02
1.23300e+03 5.8414281352e+05 6.0425302859e+02
1.23400e+03 5.8472802856e+05 1.3513871241e+03
1.23500e+03 5.8530151012e+05 1.4768367499e+03
1.23600e+03 5.8587486141e+05 7.3729583886e+02
1.23700e+03 5.8645970916e+05 7.6005458497e+02
1.23800e+03 5.8696702768e+05 5.8581020358e+02
1.23900e+03 5.8747586251e+05 1.3614594068e+03
1.24000e+03 5.8806259507e+05 7.6081205082e+02
1.24100e+03 5.8864810630e+05 7.6071472535e+02
1.24200e+03 5.8923220998e+05 7.5732513005e+02
1.24300e+03 5.8981650598e+05 7.5535257212e+02
1.24400e+03 5.9039993883e+05 7.5392639634e+02
1.24500e+03 5.9098379756e+05 7.5273519196e+02
1.24600e+03 5.9156692790e+05 7.5167994315e+02
1.24700e+03 5.9213894027e+05 7.3508935455e+02
1.24800e+03 5.9262671459e+05 1.3548164347e+03
1.24900e+03 5.9312359863e+05 3.0087689836e+03
1.25000e+03 5.9362171698e+05 3.7795404311e+03
1.25100e+03 5.9411366245e+05 1.3522057946e+03
1.25200e+03 5.9469136777e+05 2.8912633676e+03
1.25300e+03 5.9527802035e+05 1.3314214693e+03
1.25400e+03 5.9586266408e+05 1.3316034392e+03
1.25500e+03 5.9644726964e+05 7.5052547056e+02
1.25600e+03 5.9703089420e+05 7.4875576915e+02
1.25700e+03 5.9760325460e+05 2.8887201371e+03
1.25800e+03 5.9809126160e+05 3.0059928923e+03
1.25900e+03 5.9858187981e+05 3.0016596352e+03
1.26000e+03 5.9915870706e+05 2.0789869265e+03
1.26100e+03 5.9974478798e+05 7.4948236498e+02
1.26200e+03 6.0032903698e+05 7.4935732938e+02
1.26300e+03 6.0090173072e+05 2.0772412728e+03
1.26400e+03 6.0147443187e+05 7.4460678128e+02
1.26500e+03 6.0205872469e+05 7.4681987632e+02
1.26600e+03 6.0264197903e+05 7.4507839484e+02
1.26700e+03 6.0322563261e+05 7.4369407680e+02
1.26800e+03 6.0380856295e+05 7.4262638708e+02
1.26900e+03 6.0438038777e+05 7.4299325301e+02
1.27000e+03 6.0486800230e+05 5.6037848625e+02
1.27100e+03 6.0536473015e+05 4.3129477148e+03
1.27200e+03 6.0586269857e+05 4.3084848390e+03
1.27300e+03 6.0636093101e+05 5.7027639691e+02
1.27400e+03 6.0693409475e+05 9.7666033791e+00
1.27500e+03 6.0749485449e+05 1.1065071593e+01
1.27600e+03 6.0797317551e+05 4.3082764108e+03
1.27700e+03 6.0845985879e+05 1.1549161767e+01
1.27800e+03 6.0894758478e+05 5.4792607854e+02
1.27900e+03 6.0942924938e+05 4.8548326413e+03
1.28000e+03 6.0999387061e+05 1.4809435097e+03
1.28100e+03 6.1055587906e+05 2.6172825550e+03
1.28200e+03 6.1111678419e+05 1.8329644914e+03
1.28300e+03 6.1168830408e+05 1.8459000300e+03
1.28400e+03 6.1218461233e+05 5.5252775253e+02
1.28500e+03 6.1267583624e+05 7.0411955321e+02
1.28600e+03 6.1316823181e+05 1.2498978739e+03
1.28700e+03 6.1366742486e+05 1.1118631471e+03
1.28800e+03 6.1416697746e+05 7.0665978461e+02
1.28900e+03 6.1465989203e+05 5.5577838417e+02
1.29000e+03 6.1515330829e+05 5.5624329052e+02
1.29100e+03 6.1565318031e+05 7.0663209972e+02
1.29200e+03 6.1615322545e+05 5.6980836373e+02
1.29300e+03 6.1665294356e+05 5.6908463807e+02
1.29400e+03 6.1715300792e+05 5.6853477381e+02
1.29500e+03 6.1764634654e+05 5.5611110444e+02
