0.00000e+00 0.0000000000e+00 0.0000000000e+00
1.00000e+00 4.1298782501e+01 4.1298782501e+01
2.00000e+00 7.7263250512e+01 3.5964468012e+01
3.00000e+00 1.1310550879e+02 7.1770761821e+01
4.00000e+00 1.5435011661e+02 8.2502091536e+01
5.00000e+00 1.9706499248e+02 4.2714875872e+01
6.00000e+00 2.3953207599e+02 8.5139244503e+01
7.00000e+00 2.8087155432e+02 8.2460285275e+01
8.00000e+00 3.1690618448e+02 7.1769153210e+01
9.00000e+00 3.5377837045e+02 1.2192629123e+02
1.00000e+01 3.9368828732e+02 7.8405981068e+01
1.10000e+01 4.3261299965e+02 2.2791532155e+01
1.20000e+01 4.7128226815e+02 1.0257122629e+02
1.30000e+01 5.1025376949e+02 7.7309145924e+01
1.40000e+01 5.4896546490e+02 7.7274263691e+01
1.50000e+01 5.8797162556e+02 7.7231648747e+01
1.60000e+01 6.2671160309e+02 7.7182699214e+01
1.70000e+01 6.6703348137e+02 1.6098868276e+02
1.80000e+01 7.0459446308e+02 1.5936534665e+02
1.90000e+01 7.4169505053e+02 7.8555976564e+01
2.00000e+01 7.8177126220e+02 1.7732128930e+02
2.10000e+01 8.2083388091e+02 7.7161974560e+01
2.20000e+01 8.5961958123e+02 7.7130535387e+01
2.30000e+01 8.9998410798e+02 1.7718661648e+02
2.40000e+01 9.3758377715e+02 7.8516108051e+01
2.50000e+01 9.7376782462e+02 3.8065744095e+02
2.60000e+01 1.0152966531e+03 5.3772973114e+00
2.70000e+01 1.0582565744e+03 2.5953945155e+00
2.80000e+01 1.0981247293e+03 2.5396247476e+02
2.90000e+01 1.1374638352e+03 3.3020892370e+02
3.00000e+01 1.1799901138e+03 8.4761847749e+01
3.10000e+01 1.2214874228e+03 8.4860015157e+01
3.20000e+01 1.2576553708e+03 4.5859482703e+02
3.30000e+01 1.2946584512e+03 2.3360255544e+00
3.40000e+01 1.3347053034e+03 7.7068760571e+01
3.50000e+01 1.3737578935e+03 1.4170132557e+02
3.60000e+01 1.4077521855e+03 4.5073454965e+00
3.70000e+01 1.4416672698e+03 1.4274616315e+02
3.80000e+01 1.4758591561e+03 6.6949975159e+01
3.90000e+01 1.5099350978e+03 6.7043882612e+01
4.00000e+01 1.5442468102e+03 6.7096664704e+01
4.10000e+01 1.5784116515e+03 6.7118467677e+01
4.20000e+01 1.6177385167e+03 2.2149864696e+02
4.30000e+01 1.6584710325e+03 1.5944137222e+02
4.40000e+01 1.6989305764e+03 1.4197231594e+02
4.50000e+01 1.7382236101e+03 1.2965019870e+02
4.60000e+01 1.7771948323e+03 1.2916490548e+02
4.70000e+01 1.8177215133e+03 1.4162450882e+02
4.80000e+01 1.8554532373e+03 2.7449517409e+02
4.90000e+01 1.8927067103e+03 2.7447107148e+02
5.00000e+01 1.9329368871e+03 1.2929118133e+02
5.10000e+01 1.9721425868e+03 7.6669755355e+01
5.20000e+01 2.0062575482e+03 1.4027062988e+02
5.30000e+01 2.0412332392e+03 5.3361134759e+00
5.40000e+01 2.0790286504e+03 7.4158320038e+01
5.50000e+01 2.1170777960e+03 2.0076851644e+02
5.60000e+01 2.1526422309e+03 7.6579519942e+01
5.70000e+01 2.1868170594e+03 1.4014034638e+02
5.80000e+01 2.2261171480e+03 1.5103306986e+02
5.90000e+01 2.2668421452e+03 2.6758516849e+00
6.00000e+01 2.3073059847e+03 7.9452721931e+01
6.10000e+01 2.3466107878e+03 1.5098114022e+02
6.20000e+01 2.3807970829e+03 6.6655508056e+01
6.30000e+01 2.4158254278e+03 1.5351008482e+02
6.40000e+01 2.4536673343e+03 7.1423932444e+01
6.50000e+01 2.4905024235e+03 2.4697139923e+00
6.60000e+01 2.5270888612e+03 7.1538146008e+01
6.70000e+01 2.5639604952e+03 7.1503152685e+01
6.80000e+01 2.6005791515e+03 7.1463868198e+01
6.90000e+01 2.6387666199e+03 1.4818824886e+02
7.00000e+01 2.6767868293e+03 7.4172498164e+01
7.10000e+01 2.7149373175e+03 7.4061345496e+01
7.20000e+01 2.7505728260e+03 1.5342764825e+02
7.30000e+01 2.7848046446e+03 2.3042476922e+02
7.40000e+01 2.8192263050e+03 2.3042970984e+02
7.50000e+01 2.8534919882e+03 6.6454218222e+01
7.60000e+01 2.8929210015e+03 8.1827431032e+01
7.70000e+01 2.9337527448e+03 2.6812551134e+00
7.80000e+01 2.9743070338e+03 7.9199937590e+01
7.90000e+01 3.0136917687e+03 1.5565110877e+02
8.00000e+01 3.0479424541e+03 6.6216788979e+01
8.10000e+01 3.0830290043e+03 2.2462977715e+02
8.20000e+01 3.1184527173e+03 2.2419335188e+02
8.30000e+01 3.1536302158e+03 6.8194369572e+01
8.40000e+01 3.1915948480e+03 7.1210152935e+01
8.50000e+01 3.2297900954e+03 1.4762318449e+02
8.60000e+01 3.2654723162e+03 6.8384683039e+01
8.70000e+01 3.2997498187e+03 6.6162391502e+01
8.80000e+01 3.3391533660e+03 1.5012866921e+02
8.90000e+01 3.3786861025e+03 1.5012654217e+02
9.00000e+01 3.4130240317e+03 8.8139635708e+01
9.10000e+01 3.4472287489e+03 9.9080432935e+01
9.20000e+01 3.4816754306e+03 7.7133942240e+01
9.30000e+01 3.5159748610e+03 6.6049799295e+01
9.40000e+01 3.5554466285e+03 7.6368884270e+01
9.50000e+01 3.5963209125e+03 6.7959813597e+01
9.60000e+01 3.6343014547e+03 1.4530726061e+02
9.70000e+01 3.6708074579e+03 1.2544002201e+01
9.80000e+01 3.7126541796e+03 2.3749540720e+00
9.90000e+01 3.7559033089e+03 1.4753679873e+02
1.00000e+02 3.7960127492e+03 1.4660356238e+01
1.01000e+02 3.8346187600e+03 4.4725867179e+00
1.02000e+02 3.8733997500e+03 8.7317630042e+01
1.03000e+02 3.9129195609e+03 2.3246626006e+02
1.04000e+02 3.9556734739e+03 2.9374614808e+02
1.05000e+02 3.9973815321e+03 1.5536072015e+02
1.06000e+02 4.0337247628e+03 6.9787523013e+01
1.07000e+02 4.0699374376e+03 1.4184470336e+02
1.08000e+02 4.1115779186e+03 1.5499911887e+02
1.09000e+02 4.1546647081e+03 8.2847331710e+01
1.10000e+02 4.1946522519e+03 1.4604907640e+02
1.11000e+02 4.2331590617e+03 1.2900215333e+01
1.12000e+02 4.2718565053e+03 8.4719104363e+01
1.13000e+02 4.3113039201e+03 1.4583063126e+02
1.14000e+02 4.3539895257e+03 8.2696176911e+01
1.15000e+02 4.3968913896e+03 8.2428555187e+01
1.16000e+02 4.4367915944e+03 7.6119885124e+01
1.17000e+02 4.4761836414e+03 7.5988397392e+01
1.18000e+02 4.5187843349e+03 8.2261214615e+01
1.19000e+02 4.5616201805e+03 8.2112935022e+01
1.20000e+02 4.6042766505e+03 8.2086598562e+01
1.21000e+02 4.6458187534e+03 1.5418616552e+02
1.22000e+02 4.6820391269e+03 1.3675524804e+02
1.23000e+02 4.7190954637e+03 9.0878418997e+01
1.24000e+02 4.7592057437e+03 2.5461900300e+00
1.25000e+02 4.7983268053e+03 1.3419745148e+02
1.26000e+02 4.8323865499e+03 8.8626911707e+01
1.27000e+02 4.8673242216e+03 4.6623089657e+00
1.28000e+02 4.9026252030e+03 1.5744307967e+02
1.29000e+02 4.9377006241e+03 6.6752900552e+01
1.30000e+02 4.9730981693e+03 6.6782711419e+01
1.31000e+02 5.0082471942e+03 6.6789532615e+01
1.32000e+02 5.0461810438e+03 5.5002277545e+01
1.33000e+02 5.0843474401e+03 2.0812249875e+02
1.34000e+02 5.1223826268e+03 1.5083700545e+02
1.35000e+02 5.1592933718e+03 8.6327968168e+01
1.36000e+02 5.1959364454e+03 4.3383349417e+02
1.37000e+02 5.2341481727e+03 7.2347694810e+01
1.38000e+02 5.2698103519e+03 6.6987377094e+01
1.39000e+02 5.3040758044e+03 4.2915830332e+02
1.40000e+02 5.3385322543e+03 1.9910599164e+02
1.41000e+02 5.3728315653e+03 6.4726166081e+01
1.42000e+02 5.4122979869e+03 7.5098695072e+01
1.43000e+02 5.4518786388e+03 2.1190808146e+02
1.44000e+02 5.4862496350e+03 6.4575986229e+01
1.45000e+02 5.5214390884e+03 7.2342792269e+01
1.46000e+02 5.5569523982e+03 1.3447061269e+02
1.47000e+02 5.5912532467e+03 6.4512947793e+01
1.48000e+02 5.6257659320e+03 6.4590123844e+01
1.49000e+02 5.6601194476e+03 6.4578200837e+01
1.50000e+02 5.6946822297e+03 6.4563719427e+01
1.51000e+02 5.7290733126e+03 6.4536723020e+01
1.52000e+02 5.7686321265e+03 7.5019190465e+01
1.53000e+02 5.8095823521e+03 1.3169266629e+02
1.54000e+02 5.8476246268e+03 1.9596320880e+02
1.55000e+02 5.8851392896e+03 3.2704662294e+02
1.56000e+02 5.9256212536e+03 2.0628309802e+02
1.57000e+02 5.9650540964e+03 1.8305700161e+02
1.58000e+02 5.9993555928e+03 1.3514720060e+02
1.59000e+02 6.0335463541e+03 1.3481173168e+02
1.60000e+02 6.0729379859e+03 1.8270676263e+02
1.61000e+02 6.1137664148e+03 1.9564544883e+02
1.62000e+02 6.1517231531e+03 1.3459138348e+02
1.63000e+02 6.1891724740e+03 1.3439145023e+02
1.64000e+02 6.2268879880e+03 7.0275214339e+01
1.65000e+02 6.2642998879e+03 7.0167518132e+01
1.66000e+02 6.3020077355e+03 7.0089684200e+01
1.67000e+02 6.3384633337e+03 2.2648369609e+00
1.68000e+02 6.3803075719e+03 7.1662640556e+01
1.69000e+02 6.4235634055e+03 2.7710873053e+02
1.70000e+02 6.4665173167e+03 4.7475337231e+02
1.71000e+02 6.5083045952e+03 1.4820883006e+02
1.72000e+02 6.5447125777e+03 2.0646089539e+02
1.73000e+02 6.5819319983e+03 1.5077980977e+02
1.74000e+02 6.6194981885e+03 1.5048737261e+02
1.75000e+02 6.6558465090e+03 2.0614715674e+02
1.76000e+02 6.6975947477e+03 2.7673562229e+02
1.77000e+02 6.7407707986e+03 1.5025710247e+02
1.78000e+02 6.7808292434e+03 2.4922545623e+00
1.79000e+02 6.8193976932e+03 8.3266922340e+01
1.80000e+02 6.8581513778e+03 1.5311915002e+02
1.81000e+02 6.8976522162e+03 7.4155370789e+01
1.82000e+02 6.9374573120e+03 7.3827866437e+01
1.83000e+02 6.9759844372e+03 7.1877913259e+01
1.84000e+02 7.0201276484e+03 1.5250181781e+02
1.85000e+02 7.0656847196e+03 7.8624821257e+01
1.86000e+02 7.1109142786e+03 2.3092868958e+02
1.87000e+02 7.1549838607e+03 4.3109050623e+02
1.88000e+02 7.1934436749e+03 7.3642927049e+01
1.89000e+02 7.2317387634e+03 8.0198041491e+01
1.90000e+02 7.2756887576e+03 8.2378318672e+01
1.91000e+02 7.3210912463e+03 8.4915186761e+01
1.92000e+02 7.3631611064e+03 8.0251845618e+01
1.93000e+02 7.4037292463e+03 8.4568991690e+01
1.94000e+02 7.4501050263e+03 8.3230718170e+01
1.95000e+02 7.4979078889e+03 2.4003739554e+00
1.96000e+02 7.5421175412e+03 8.6624214779e+01
1.97000e+02 7.5847885604e+03 8.5250366823e+01
1.98000e+02 7.6334921856e+03 4.7258187933e+00
1.99000e+02 7.6836228227e+03 8.3967189496e+01
2.00000e+02 7.7333859989e+03 1.7564508468e+02
2.01000e+02 7.7820047586e+03 1.7471369834e+02
2.02000e+02 7.8245582590e+03 2.5173030664e+02
2.03000e+02 7.8669070467e+03 7.8852123038e+01
2.04000e+02 7.9153680600e+03 9.1093466702e+01
2.05000e+02 7.9653006154e+03 9.3631942935e+01
2.06000e+02 8.0148995804e+03 9.3374099780e+01
2.07000e+02 8.0646319578e+03 9.3080547637e+01
2.08000e+02 8.1106761868e+03 1.6577296415e+02
2.09000e+02 8.1561502035e+03 4.3354715154e+02
2.10000e+02 8.2055206901e+03 9.2758988734e+01
2.11000e+02 8.2551545522e+03 9.2567714489e+01
2.12000e+02 8.3045588209e+03 9.2508928810e+01
2.13000e+02 8.3528797700e+03 9.0704562662e+01
2.14000e+02 8.4008408553e+03 2.7104814061e+02
2.15000e+02 8.4491212025e+03 2.7073649061e+02
2.16000e+02 8.4914210374e+03 1.8522331846e+02
2.17000e+02 8.5345103442e+03 1.8269793963e+02
2.18000e+02 8.5780065468e+03 2.8667092839e+02
2.19000e+02 8.6202617042e+03 2.8723257370e+02
2.20000e+02 8.6686024593e+03 8.9911213503e+01
2.21000e+02 8.7171160810e+03 9.0054576751e+01
2.22000e+02 8.7652068292e+03 8.9714515231e+01
2.23000e+02 8.8148751025e+03 1.7224887978e+02
2.24000e+02 8.8642605567e+03 1.7947725146e+02
2.25000e+02 8.9125519269e+03 8.9402549242e+01
2.26000e+02 8.9604778301e+03 8.9148301701e+01
2.27000e+02 9.0100163183e+03 9.9369940384e+01
2.28000e+02 9.0558723886e+03 2.3598675818e+00
2.29000e+02 9.1002339633e+03 2.7061167379e+02
2.30000e+02 9.1448526595e+03 4.5290155153e+02
2.31000e+02 9.1902020095e+03 1.8155781747e+02
2.32000e+02 9.2359138364e+03 2.6792320513e+02
2.33000e+02 9.2803229836e+03 8.1702857076e+01
2.34000e+02 9.3310281660e+03 5.3172679893e+00
2.35000e+02 9.3831856605e+03 1.7313207038e+02
2.36000e+02 9.4313183013e+03 8.4041968132e+01
2.37000e+02 9.4788353757e+03 2.5663871471e+02
2.38000e+02 9.5304578581e+03 2.6704710197e+02
2.39000e+02 9.5810860767e+03 1.7305128640e+02
2.40000e+02 9.6313221899e+03 1.7248986909e+02
2.41000e+02 9.6818750708e+03 9.5898707561e+01
2.42000e+02 9.7262096623e+03 1.6940678246e+02
2.43000e+02 9.7713087623e+03 9.8910900907e+00
2.44000e+02 9.8203716448e+03 9.0624517060e+01
2.45000e+02 9.8684821748e+03 7.0820979394e+01
2.46000e+02 9.9106288341e+03 7.6932667748e+00
2.47000e+02 9.9535795478e+03 8.8385506269e+01
2.48000e+02 9.9969465233e+03 1.8148238741e+02
2.49000e+02 1.0040033175e+04 7.8593886389e+01
2.50000e+02 1.0086824603e+04 6.8478703893e+01
2.51000e+02 1.0132643348e+04 5.3937884946e+00
2.52000e+02 1.0172721704e+04 1.6474410909e+02
2.53000e+02 1.0213621956e+04 2.1863993692e+00
2.54000e+02 1.0254924877e+04 7.4267024630e+01
2.55000e+02 1.0295960791e+04 7.4328418753e+01
2.56000e+02 1.0337361012e+04 7.4351390912e+01
2.57000e+02 1.0378472125e+04 7.4352238365e+01
2.58000e+02 1.0419933106e+04 7.4338646005e+01
2.59000e+02 1.0460139043e+04 3.3729910379e+02
2.60000e+02 1.0506182900e+04 1.6513041388e+02
2.61000e+02 1.0552382111e+04 1.6495983097e+02
2.62000e+02 1.0592719068e+04 1.4660636570e+02
2.63000e+02 1.0633827809e+04 7.4261935985e+01
2.64000e+02 1.0678422699e+04 1.6798672732e+02
2.65000e+02 1.0722029972e+04 1.4386782198e+02
2.66000e+02 1.0760114452e+04 7.1935196078e+01
2.67000e+02 1.0799034607e+04 2.1885861544e+00
2.68000e+02 1.0841230265e+04 1.4132472286e+02
2.69000e+02 1.0882453155e+04 6.9478877097e+01
2.70000e+02 1.0918408640e+04 4.3153923329e+00
2.71000e+02 1.0955231688e+04 7.4123205112e+01
2.72000e+02 1.0995106807e+04 6.7088858497e+01
2.73000e+02 1.1034007413e+04 6.6333611503e+00
2.74000e+02 1.1067879022e+04 7.1965206382e+01
2.75000e+02 1.1102641681e+04 6.4961380108e+01
2.76000e+02 1.1137776024e+04 2.0462013875e+02
2.77000e+02 1.1171742924e+04 2.7966614781e+02
2.78000e+02 1.1210872623e+04 3.6438733828e+02
2.79000e+02 1.1251442051e+04 6.8082038729e+02
2.80000e+02 1.1289172408e+04 2.5960143913e+00
2.81000e+02 1.1326406249e+04 6.6238037506e+01
2.82000e+02 1.1366603662e+04 1.3321096839e+02
2.83000e+02 1.1407025833e+04 7.1757063254e+01
2.84000e+02 1.1447288336e+04 7.1750395683e+01
2.85000e+02 1.1486430275e+04 7.2134574004e+01
2.86000e+02 1.1520493257e+04 1.3125959197e+02
2.87000e+02 1.1554461304e+04 1.3112947843e+02
2.88000e+02 1.1593620233e+04 2.1122993713e+02
2.89000e+02 1.1634230449e+04 7.1866690378e+01
2.90000e+02 1.1672001864e+04 1.2532980765e+02
2.91000e+02 1.1708327225e+04 7.9802470138e+01
2.92000e+02 1.1749994347e+04 7.4303016917e+01
2.93000e+02 1.1793079277e+04 2.4747140590e+00
2.94000e+02 1.1835871736e+04 7.6797018480e+01
2.95000e+02 1.1877505000e+04 2.8529352797e+02
2.96000e+02 1.1918796531e+04 7.3699551616e+01
2.97000e+02 1.1961652822e+04 7.6491582199e+01
2.98000e+02 1.2001480620e+04 8.1779050440e+01
2.99000e+02 1.2040810606e+04 2.1980591393e+02
3.00000e+02 1.2080436284e+04 8.0544369769e+01
3.01000e+02 1.2119757712e+04 6.9647248371e+01
3.02000e+02 1.2162313629e+04 7.6178549319e+01
3.03000e+02 1.2203851982e+04 7.3530940239e+01
3.04000e+02 1.2245080334e+04 7.3394230315e+01
3.05000e+02 1.2286595621e+04 7.3297770770e+01
3.06000e+02 1.2322793956e+04 2.9129906141e+02
3.07000e+02 1.2359834024e+04 4.1652031153e+00
3.08000e+02 1.2399927737e+04 1.3940749103e+02
3.09000e+02 1.2439030418e+04 2.4126054723e+00
3.10000e+02 1.2473072199e+04 2.0044841165e+00
3.11000e+02 1.2507037144e+04 2.1881498613e+02
3.12000e+02 1.2546205097e+04 6.8753880655e+01
3.13000e+02 1.2586829281e+04 2.1313834823e+02
3.14000e+02 1.2627215568e+04 7.1348088142e+01
3.15000e+02 1.2666459427e+04 6.8826304455e+01
3.16000e+02 1.2700601428e+04 6.4211261075e+01
3.17000e+02 1.2734639659e+04 6.8758414041e+01
3.18000e+02 1.2768943022e+04 6.8851017644e+01
3.19000e+02 1.2804077250e+04 2.0863898425e+02
3.20000e+02 1.2839526463e+04 2.7799251930e+02
3.21000e+02 1.2874713385e+04 6.0775833618e+01
3.22000e+02 1.2910200474e+04 6.0752934023e+01
3.23000e+02 1.2945421569e+04 6.0726352927e+01
3.24000e+02 1.2983421564e+04 2.3862910415e+00
3.25000e+02 1.3021644846e+04 1.9029115687e+02
3.26000e+02 1.3057348791e+04 6.0882483062e+01
3.27000e+02 1.3092597177e+04 6.0848892249e+01
3.28000e+02 1.3130598429e+04 1.9010212174e+02
3.29000e+02 1.3168825135e+04 6.6116219965e+01
3.30000e+02 1.3204534667e+04 6.0793630094e+01
3.31000e+02 1.3238837698e+04 5.8898572932e+01
3.32000e+02 1.3273328040e+04 2.5798535472e+02
3.33000e+02 1.3307659595e+04 2.5775589388e+02
3.34000e+02 1.3347160003e+04 3.2994913213e+02
3.35000e+02 1.3388061094e+04 5.8116026219e+01
3.36000e+02 1.3426065384e+04 6.0834194548e+01
3.37000e+02 1.3462594920e+04 1.5456020202e+01
3.38000e+02 1.3504467921e+04 6.0430503340e+01
3.39000e+02 1.3547743564e+04 6.3147913194e+01
3.40000e+02 1.3587877102e+04 1.7569812417e+01
3.41000e+02 1.3627460423e+04 1.4339337378e+02
3.42000e+02 1.3667308088e+04 6.8984106895e+01
3.43000e+02 1.3706825619e+04 6.8849332465e+01
3.44000e+02 1.3746643223e+04 6.8750421940e+01
3.45000e+02 1.3786140577e+04 6.8661495047e+01
3.46000e+02 1.3828874182e+04 1.9192513329e+02
3.47000e+02 1.3870576948e+04 3.9244816233e+02
3.48000e+02 1.3906922896e+04 2.8247890293e+02
3.49000e+02 1.3944099564e+04 2.3206859250e+00
3.50000e+02 1.3981632026e+04 6.3989326533e+01
3.51000e+02 1.4017953011e+04 2.6872983300e+02
3.52000e+02 1.4054507987e+04 6.2026835623e+01
3.53000e+02 1.4091855376e+04 6.4096058693e+01
3.54000e+02 1.4132225791e+04 7.6906486034e+00
3.55000e+02 1.4171561862e+04 2.6816642556e+02
3.56000e+02 1.4205784594e+04 2.3322443751e+00
3.57000e+02 1.4240865925e+04 2.2660581173e+00
3.58000e+02 1.4278776996e+04 2.6543891549e+02
3.59000e+02 1.4315685765e+04 4.7572144683e+00
3.60000e+02 1.4347751182e+04 2.1573145993e+00
3.61000e+02 1.4379758185e+04 5.3165757187e+01
3.62000e+02 1.4416745791e+04 3.3139901203e+02
3.63000e+02 1.4453892283e+04 6.3102127900e+01
3.64000e+02 1.4490721180e+04 6.2880316567e+01
3.65000e+02 1.4529089711e+04 3.4346752826e+02
3.66000e+02 1.4567270143e+04 6.5441323160e+01
3.67000e+02 1.4604310977e+04 6.2711778924e+01
3.68000e+02 1.4641071880e+04 6.2581072846e+01
3.69000e+02 1.4678102736e+04 6.2508513677e+01
3.70000e+02 1.4710266570e+04 5.3211007569e+01
3.71000e+02 1.4743309187e+04 1.9263743353e+02
3.72000e+02 1.4776687758e+04 2.5005907589e+02
3.73000e+02 1.4809843343e+04 5.5245836827e+01
3.74000e+02 1.4845567378e+04 1.1575328180e+02
3.75000e+02 1.4880264646e+04 2.3335882110e+00
3.76000e+02 1.4910330137e+04 1.9005645151e+02
3.77000e+02 1.4941303713e+04 5.8322651477e+01
3.78000e+02 1.4974653237e+04 4.7057658549e+00
3.79000e+02 1.5008245082e+04 1.7153566340e+02
3.80000e+02 1.5039801173e+04 1.1163243995e+02
3.81000e+02 1.5070009259e+04 2.4122527430e+02
3.82000e+02 1.5104898009e+04 1.1372830179e+02
3.83000e+02 1.5139907649e+04 1.1392694514e+02
3.84000e+02 1.5174596231e+04 5.8127146279e+01
3.85000e+02 1.5210800276e+04 5.8329408260e+01
3.86000e+02 1.5246821418e+04 1.1648463712e+02
3.87000e+02 1.5282942388e+04 6.0567869269e+01
3.88000e+02 1.5316737173e+04 2.2386927337e+00
3.89000e+02 1.5349131071e+04 1.2120070428e+02
3.90000e+02 1.5381691910e+04 1.7240410698e+02
3.91000e+02 1.5415058138e+04 1.1405974411e+02
3.92000e+02 1.5450987509e+04 6.0359293231e+01
3.93000e+02 1.5485860032e+04 1.1114871457e+02
3.94000e+02 1.5516064922e+04 5.4694762921e-02
3.95000e+02 1.5546207621e+04 5.0910971508e+01
3.96000e+02 1.5581101627e+04 1.1124298981e+02
3.97000e+02 1.5616131146e+04 5.8071930815e+01
3.98000e+02 1.5646427554e+04 4.8650324068e+01
3.99000e+02 1.5677595091e+04 5.8100242689e+01
4.00000e+02 1.5711130281e+04 1.0620617940e+02
4.01000e+02 1.5744887131e+04 1.6403478750e+02
4.02000e+02 1.5776578346e+04 1.6988425731e+02
4.03000e+02 1.5807858305e+04 1.0621239472e+02
4.04000e+02 1.5841448239e+04 5.5325137745e+01
4.05000e+02 1.5873991115e+04 2.4866439152e+00
4.06000e+02 1.5902114439e+04 1.1341643469e+02
4.07000e+02 1.5930203051e+04 1.5985060646e+02
4.08000e+02 1.5958518841e+04 4.4293703232e+01
4.09000e+02 1.5986751391e+04 4.4393346317e+01
4.10000e+02 1.6015173242e+04 4.4455013649e+01
4.11000e+02 1.6044442442e+04 5.3259054048e+01
4.12000e+02 1.6073971082e+04 1.9239379754e+02
4.13000e+02 1.6102313888e+04 4.4520814940e+01
4.14000e+02 1.6135137317e+04 1.1121367544e+02
4.15000e+02 1.6169340440e+04 1.3754865257e+02
4.16000e+02 1.6201321172e+04 4.6928385138e+01
4.17000e+02 1.6231884626e+04 2.2206487724e+00
4.18000e+02 1.6267116875e+04 1.3981992302e+02
4.19000e+02 1.6302432615e+04 2.5355543002e+02
4.20000e+02 1.6337393867e+04 5.7865223748e+01
4.21000e+02 1.6373848194e+04 4.9132660603e+01
4.22000e+02 1.6407885203e+04 4.2747059993e+00
4.23000e+02 1.6440501778e+04 1.1804795855e+02
4.24000e+02 1.6473268238e+04 1.6896924227e+02
4.25000e+02 1.6506822204e+04 1.3726922024e+02
4.26000e+02 1.6542943569e+04 1.9807875436e+02
4.27000e+02 1.6577995359e+04 1.1034884270e+02
4.28000e+02 1.6612771574e+04 1.1005345668e+02
4.29000e+02 1.6649084903e+04 6.9025653689e+01
4.30000e+02 1.6683021269e+04 1.1782926842e+02
4.31000e+02 1.6715558959e+04 1.0986451849e+02
4.32000e+02 1.6753010745e+04 2.6755713848e+00
4.33000e+02 1.6791859129e+04 5.5350272630e+01
4.34000e+02 1.6830444030e+04 1.1766239445e+02
4.35000e+02 1.6867845268e+04 6.2160312144e+01
4.36000e+02 1.6900306243e+04 1.0944916898e+02
4.37000e+02 1.6932657797e+04 5.2015615519e+01
4.38000e+02 1.6969989749e+04 6.1978317155e+01
4.39000e+02 1.7008743613e+04 6.4634995225e+01
4.40000e+02 1.7044829195e+04 1.6386746877e+02
4.41000e+02 1.7079468457e+04 1.4675192025e+01
4.42000e+02 1.7119242310e+04 9.8744736847e+00
4.43000e+02 1.7159122160e+04 7.4259550694e+01
4.44000e+02 1.7193756217e+04 6.8797198302e+01
4.45000e+02 1.7229195843e+04 2.8330070055e+02
4.46000e+02 1.7267461596e+04 1.3100393092e+02
4.47000e+02 1.7305951269e+04 1.3060873544e+02
4.48000e+02 1.7344296405e+04 6.3804790389e+01
4.49000e+02 1.7381508042e+04 4.3808104693e+01
4.50000e+02 1.7418439395e+04 1.2763562735e+02
4.51000e+02 1.7456931007e+04 6.3742924752e+01
4.52000e+02 1.7492837891e+04 5.8383371353e+01
4.53000e+02 1.7527337802e+04 1.3723323917e+02
4.54000e+02 1.7566982968e+04 6.6392995360e+01
4.55000e+02 1.7608041843e+04 2.5672624578e+00
4.56000e+02 1.7648825438e+04 6.8682335988e+01
4.57000e+02 1.7688441443e+04 1.4976264432e+02
4.58000e+02 1.7722900749e+04 1.3692125527e+02
4.59000e+02 1.7758191989e+04 1.6410509305e+02
4.60000e+02 1.7796318750e+04 6.0751059846e+01
4.61000e+02 1.7834688887e+04 1.2661522445e+02
4.62000e+02 1.7870534470e+04 1.6387968734e+02
4.63000e+02 1.7904978649e+04 6.6270870256e+01
4.64000e+02 1.7944569796e+04 1.2899928512e+02
4.65000e+02 1.7984291741e+04 1.2897622511e+02
4.66000e+02 1.8018800720e+04 7.0796207334e+01
4.67000e+02 1.8054129861e+04 6.0728210089e+01
4.68000e+02 1.8089785395e+04 6.0477432575e+01
4.69000e+02 1.8124229446e+04 1.2887015756e+02
4.70000e+02 1.8158886605e+04 1.2434753248e+02
4.71000e+02 1.8193383525e+04 5.5557237983e+01
4.72000e+02 1.8233066952e+04 6.5858812662e+01
4.73000e+02 1.8274147344e+04 6.0224217667e+01
4.74000e+02 1.8312309570e+04 1.2154024346e+02
4.75000e+02 1.8348991809e+04 1.2473904837e+01
4.76000e+02 1.8385841306e+04 7.0155449465e+01
4.77000e+02 1.8423445792e+04 1.8120801100e+02
4.78000e+02 1.8464073179e+04 1.3134787381e+02
4.79000e+02 1.8503648138e+04 1.2544267721e+02
4.80000e+02 1.8538073450e+04 4.7107635491e+01
4.81000e+02 1.8572387568e+04 1.0448911517e+02
4.82000e+02 1.8611916711e+04 1.2516295026e+02
4.83000e+02 1.8652882392e+04 1.2130399306e+02
4.84000e+02 1.8690962044e+04 1.1676348294e+02
4.85000e+02 1.8727580361e+04 2.0484749016e+01
4.86000e+02 1.8769561692e+04 2.4521883421e+00
4.87000e+02 1.8812952001e+04 1.1907134698e+02
4.88000e+02 1.8856037541e+04 2.3699057939e+02
4.89000e+02 1.8897955678e+04 7.0033992901e+01
4.90000e+02 1.8939521608e+04 1.0879978951e+02
4.91000e+02 1.8982646322e+04 7.2125133885e+01
4.92000e+02 1.9025543000e+04 7.1864146800e+01
4.93000e+02 1.9068570729e+04 7.1695298665e+01
4.94000e+02 1.9108587636e+04 2.2401518683e+01
4.95000e+02 1.9147146570e+04 1.1308134405e+02
4.96000e+02 1.9185913238e+04 1.9262668833e+02
4.97000e+02 1.9225442846e+04 2.6275485290e+02
4.98000e+02 1.9268230674e+04 7.1514752680e+01
4.99000e+02 1.9311242684e+04 7.1427519267e+01
5.00000e+02 1.9354066681e+04 7.1392261182e+01
5.01000e+02 1.9395772198e+04 1.7159115365e+02
5.02000e+02 1.9437161610e+04 2.1485618594e+02
5.03000e+02 1.9480131821e+04 7.1279069524e+01
5.04000e+02 1.9520071663e+04 1.8709796373e+02
5.05000e+02 1.9558569058e+04 2.1457979088e+02
5.06000e+02 1.9602666771e+04 7.3916091245e+01
5.07000e+02 1.9646909831e+04 2.2790826389e+02
5.08000e+02 1.9685486839e+04 2.1417555107e+02
5.09000e+02 1.9724846092e+04 1.4259375172e+02
5.10000e+02 1.9767486553e+04 1.4463244605e+02
5.11000e+02 1.9809124959e+04 2.6046543725e+00
5.12000e+02 1.9850463848e+04 6.8247318377e+01
5.13000e+02 1.9893390483e+04 1.4444423712e+02
5.14000e+02 1.9933292949e+04 1.4241378251e+02
5.15000e+02 1.9971755216e+04 1.4198611781e+02
5.16000e+02 2.0015817100e+04 7.6016645474e+01
5.17000e+02 2.0061316254e+04 2.5725192260e+00
5.18000e+02 2.0103466393e+04 1.4179909182e+02
5.19000e+02 2.0144109102e+04 7.8121070033e+01
5.20000e+02 2.0184952006e+04 2.2215297766e+02
5.21000e+02 2.0226527797e+04 2.0848806415e+02
5.22000e+02 2.0271580253e+04 7.5673542322e+01
5.23000e+02 2.0316856940e+04 7.5375401950e+01
5.24000e+02 2.0361920246e+04 7.5310876998e+01
5.25000e+02 2.0405870788e+04 2.1283361673e+02
5.26000e+02 2.0444252510e+04 2.4611831696e+00
5.27000e+02 2.0482491289e+04 6.1539128797e+01
5.28000e+02 2.0521020527e+04 6.1625105716e+01
5.29000e+02 2.0560348967e+04 8.6802372074e+01
5.30000e+02 2.0602943019e+04 5.8987905233e+01
5.31000e+02 2.0644524979e+04 5.6736176193e+01
5.32000e+02 2.0680777782e+04 1.3646752841e+01
5.33000e+02 2.0717876621e+04 5.6699316720e+01
5.34000e+02 2.0758040959e+04 5.4249725624e+01
5.35000e+02 2.0797218484e+04 1.1228670858e+01
5.36000e+02 2.0831329621e+04 5.4500951812e+01
5.37000e+02 2.0866320954e+04 5.2087969474e+01
5.38000e+02 2.0904152290e+04 8.8844404116e+00
5.39000e+02 2.0940995757e+04 5.2112393132e+01
5.40000e+02 2.0977605272e+04 2.5183192555e+02
5.41000e+02 2.1014512376e+04 5.8057635348e+01
5.42000e+02 2.1051176364e+04 5.8054051461e+01
5.43000e+02 2.1088127598e+04 5.8040126841e+01
5.44000e+02 2.1120227721e+04 5.0024867798e+01
5.45000e+02 2.1153217599e+04 6.8741007957e+00
5.46000e+02 2.1188813830e+04 1.6580683944e+02
5.47000e+02 2.1223407064e+04 2.3579993653e+00
5.48000e+02 2.1253396420e+04 4.7564590186e+00
5.49000e+02 2.1284306737e+04 1.6356147132e+02
5.50000e+02 2.1317598985e+04 4.6596235863e+00
5.51000e+02 2.1349885585e+04 2.3066340806e+00
5.52000e+02 2.1381975927e+04 4.8748471277e+01
5.53000e+02 2.1415633695e+04 3.4660266465e+02
5.54000e+02 2.1447206514e+04 4.2381004211e+02
5.55000e+02 2.1477432176e+04 2.8631963927e+02
5.56000e+02 2.1507828321e+04 1.6380469877e+02
5.57000e+02 2.1538103127e+04 5.3726865587e+01
5.58000e+02 2.1573096550e+04 5.6423126166e+01
5.59000e+02 2.1609477587e+04 5.4073760538e+01
5.60000e+02 2.1643420156e+04 4.7209384271e+01
5.61000e+02 2.1676884195e+04 9.6411424502e+01
5.62000e+02 2.1712866568e+04 1.0792552890e+02
5.63000e+02 2.1747787438e+04 1.0770069569e+02
5.64000e+02 2.1778034189e+04 9.6165619205e+01
5.65000e+02 2.1809168638e+04 6.9753475413e+00
5.66000e+02 2.1842679577e+04 2.4181702564e+00
5.67000e+02 2.1875164045e+04 9.0944069650e+01
5.68000e+02 2.1907432525e+04 1.4220113281e+02
5.69000e+02 2.1941254755e+04 5.1492552753e+01
5.70000e+02 2.1972965622e+04 5.6212049004e+01
5.71000e+02 2.2003317022e+04 1.4482450616e+02
5.72000e+02 2.2033830806e+04 9.3471337017e+01
5.73000e+02 2.2064214156e+04 4.4731356708e+01
5.74000e+02 2.2099320004e+04 2.8373677786e+00
5.75000e+02 2.2135807417e+04 5.1931835302e+01
5.76000e+02 2.2169840986e+04 1.3324525907e+02
5.77000e+02 2.2202437560e+04 2.2132236291e+00
5.78000e+02 2.2239931190e+04 1.4802356579e+01
5.79000e+02 2.2278805867e+04 1.3549927766e+02
5.80000e+02 2.2314978146e+04 4.3497198502e+00
5.81000e+02 2.2349683253e+04 2.1085329327e+00
5.82000e+02 2.2384537656e+04 5.3344679325e+01
5.83000e+02 2.2419197252e+04 5.3245823629e+01
5.84000e+02 2.2454045147e+04 5.3186069150e+01
5.85000e+02 2.2489659665e+04 1.8878835244e+02
5.86000e+02 2.2528067971e+04 2.4352884537e+02
5.87000e+02 2.2566666200e+04 6.0630202976e+01
5.88000e+02 2.2605096399e+04 6.0591465761e+01
5.89000e+02 2.2642377243e+04 2.0459845883e+02
5.90000e+02 2.2674749013e+04 2.3091295486e+00
5.91000e+02 2.2707981812e+04 1.1471043538e+02
5.92000e+02 2.2743825011e+04 2.5870001287e+00
5.93000e+02 2.2779907437e+04 5.5430658477e+01
5.94000e+02 2.2813697696e+04 1.6767970137e+02
5.95000e+02 2.2847059557e+04 5.0548929254e+01
5.96000e+02 2.2882967784e+04 5.5440256506e+01
5.97000e+02 2.2917840400e+04 4.7150482756e+00
5.98000e+02 2.2948060110e+04 1.6294204539e+02
5.99000e+02 2.2978225779e+04 2.0911123895e+02
6.00000e+02 2.3013152214e+04 2.4874138458e+02
6.01000e+02 2.3048219900e+04 1.6297417328e+02
6.02000e+02 2.3078554608e+04 4.3756025046e+01
6.03000e+02 2.3109763253e+04 2.2732119397e-01
6.04000e+02 2.3143346899e+04 9.6446990593e+01
6.05000e+02 2.3175897160e+04 4.1194844269e+01
6.06000e+02 2.3208226185e+04 1.3732781185e+02
6.07000e+02 2.3242106174e+04 1.4953292270e+02
6.08000e+02 2.3275851062e+04 5.0773059310e+01
6.09000e+02 2.3308448142e+04 4.8043855149e+01
6.10000e+02 2.3336620010e+04 2.1628393452e+00
6.11000e+02 2.3365704345e+04 1.4494851897e+02
6.12000e+02 2.3395100850e+04 1.9113529109e+02
6.13000e+02 2.3423351820e+04 8.9794606174e+01
6.14000e+02 2.3451790462e+04 1.0165641018e+02
6.15000e+02 2.3481084639e+04 4.1700631863e+01
6.16000e+02 2.3510643630e+04 4.1821417673e+01
6.17000e+02 2.3539019156e+04 5.1521597454e+01
6.18000e+02 2.3571881869e+04 4.8529499747e+01
6.19000e+02 2.3604840568e+04 5.1758659418e+01
6.20000e+02 2.3633253048e+04 4.1632769868e+01
6.21000e+02 2.3661585146e+04 4.1547709376e+01
6.22000e+02 2.3694434885e+04 5.1693926491e+01
6.23000e+02 2.3728676907e+04 1.3435470397e+02
6.24000e+02 2.3760697918e+04 4.2094501133e+01
6.25000e+02 2.3792258818e+04 8.6098725329e+01
6.26000e+02 2.3826122045e+04 1.3433868861e+02
6.27000e+02 2.3858911506e+04 4.8556924527e+01
6.28000e+02 2.3887238349e+04 8.5926989633e+01
6.29000e+02 2.3916467843e+04 6.5501511356e+00
6.30000e+02 2.3947852543e+04 2.0540361448e+00
6.31000e+02 2.3978197602e+04 7.6261635786e+01
6.32000e+02 2.4004350392e+04 4.3695477565e+00
6.33000e+02 2.4030492766e+04 8.8016516675e+01
6.34000e+02 2.4060944198e+04 1.2229543477e+02
6.35000e+02 2.4092805519e+04 5.0605245045e+01
6.36000e+02 2.4122701270e+04 8.5803239873e+01
6.37000e+02 2.4151220055e+04 4.1478334722e+01
6.38000e+02 2.4184191047e+04 2.5195599729e+00
6.39000e+02 2.4217248320e+04 4.8696356060e+01
6.40000e+02 2.4249976855e+04 4.8405201857e+01
6.41000e+02 2.4282906018e+04 4.8228686849e+01
6.42000e+02 2.4311337432e+04 7.8720233821e+01
6.43000e+02 2.4339701995e+04 5.0719614458e+01
6.44000e+02 2.4372593738e+04 4.8343666745e+01
6.45000e+02 2.4406882566e+04 7.7211404947e+01
6.46000e+02 2.4440956541e+04 1.7570276653e+02
6.47000e+02 2.4473836834e+04 4.8246452816e+01
6.48000e+02 2.4506441157e+04 4.7910787140e+01
6.49000e+02 2.4540565085e+04 1.0057826641e+02
6.50000e+02 2.4572526924e+04 9.4171839463e+01
6.51000e+02 2.4604057943e+04 1.7988057067e+02
6.52000e+02 2.4635827060e+04 5.2397463831e+01
6.53000e+02 2.4667340719e+04 4.5662207289e+01
6.54000e+02 2.4701198802e+04 5.0404575181e+01
6.55000e+02 2.4733996617e+04 4.7780398739e+01
6.56000e+02 2.4762336444e+04 1.4878403718e+02
6.57000e+02 2.4790629259e+04 1.3722925838e+02
6.58000e+02 2.4819141690e+04 3.9057903871e+01
6.59000e+02 2.4847561286e+04 3.9145627644e+01
6.60000e+02 2.4880495743e+04 4.8062751606e+01
6.61000e+02 2.4914810018e+04 5.0544517453e+01
6.62000e+02 2.4948900743e+04 5.0726613864e+01
6.63000e+02 2.4981792925e+04 8.0256020417e+01
6.64000e+02 2.5010197335e+04 3.8998460974e+01
6.65000e+02 2.5039489432e+04 5.3128929351e+01
6.66000e+02 2.5069077217e+04 1.2142699324e+02
6.67000e+02 2.5097502998e+04 3.8965646589e+01
6.68000e+02 2.5126105248e+04 3.9124520808e+01
6.69000e+02 2.5154594518e+04 3.9148885436e+01
6.70000e+02 2.5187592136e+04 8.0238924976e+01
6.71000e+02 2.5221960013e+04 1.1668456551e+02
6.72000e+02 2.5254083731e+04 8.0572350684e+01
6.73000e+02 2.5284785164e+04 2.2121624726e+00
6.74000e+02 2.5315613067e+04 4.3545340469e+01
6.75000e+02 2.5347236258e+04 1.4877794794e+02
6.76000e+02 2.5379108339e+04 4.5425134743e+01
6.77000e+02 2.5410708863e+04 4.5357043404e+01
6.78000e+02 2.5444649639e+04 1.1641793193e+02
6.79000e+02 2.5477519574e+04 1.2152440664e+02
6.80000e+02 2.5505916079e+04 8.6347108790e+01
6.81000e+02 2.5535215088e+04 2.3015148816e+00
6.82000e+02 2.5566675871e+04 7.7347158409e+01
6.83000e+02 2.5597095761e+04 8.3810716068e+01
6.84000e+02 2.5627310824e+04 2.0234723313e+02
6.85000e+02 2.5659066205e+04 1.2500375343e+02
6.86000e+02 2.5690700059e+04 8.3899976493e+01
6.87000e+02 2.5722432700e+04 8.3793336490e+01
6.88000e+02 2.5752283550e+04 4.0991241705e+01
6.89000e+02 2.5780777858e+04 1.6990462431e+02
6.90000e+02 2.5813736002e+04 4.7777317780e+01
6.91000e+02 2.5846793892e+04 9.2716732319e+01
6.92000e+02 2.5875301364e+04 8.1067179748e+01
6.93000e+02 2.5904682329e+04 8.5642793561e+01
6.94000e+02 2.5934347160e+04 8.5371132284e+01
6.95000e+02 2.5962838533e+04 4.7726605011e+01
6.96000e+02 2.5995831781e+04 4.7624882822e+01
6.97000e+02 2.6030207469e+04 4.3318220469e+01
6.98000e+02 2.6064357779e+04 9.5140471449e+01
6.99000e+02 2.6097307385e+04 4.7468974434e+01
7.00000e+02 2.6125761687e+04 4.7625708229e+01
7.01000e+02 2.6155100911e+04 9.5003589160e+01
7.02000e+02 2.6186597026e+04 4.4767310444e+01
7.03000e+02 2.6218306573e+04 9.6426559629e+01
7.04000e+02 2.6248154027e+04 9.5091208329e+01
7.05000e+02 2.6276654409e+04 4.7586268219e+01
7.06000e+02 2.6309624963e+04 9.1992561964e+01
7.07000e+02 2.6343981188e+04 2.6466782339e+00
7.08000e+02 2.6376102893e+04 2.2742511876e+00
7.09000e+02 2.6407760758e+04 4.7041183956e+01
7.10000e+02 2.6441728709e+04 4.9709618489e+01
7.11000e+02 2.6475878805e+04 4.9453779713e+01
7.12000e+02 2.6507900721e+04 4.6894353581e+01
7.13000e+02 2.6538533387e+04 9.4032852788e+01
7.14000e+02 2.6573861020e+04 5.4405436622e+01
7.15000e+02 2.6609286280e+04 1.4872725456e+02
7.16000e+02 2.6644365456e+04 5.1687962449e+01
7.17000e+02 2.6680943689e+04 2.4281365603e+00
7.18000e+02 2.6717319420e+04 1.0374852498e+02
7.19000e+02 2.6752523938e+04 5.1415533255e+01
7.20000e+02 2.6787441341e+04 5.1202344168e+01
7.21000e+02 2.6823891815e+04 1.0351701750e+02
7.22000e+02 2.6857950247e+04 4.6988442181e+01
7.23000e+02 2.6890606817e+04 1.5916235150e+02
7.24000e+02 2.6923426960e+04 3.0484653199e+02
7.25000e+02 2.6957042960e+04 1.5526282051e+02
7.26000e+02 2.6993242604e+04 5.3726703474e+01
7.27000e+02 2.7029635358e+04 5.3615256640e+01
7.28000e+02 2.7063677887e+04 1.5898728627e+02
7.29000e+02 2.7096315073e+04 4.6391489153e+01
7.30000e+02 2.7129115392e+04 4.6325272943e+01
7.31000e+02 2.7161756876e+04 4.6283245376e+01
7.32000e+02 2.7199363420e+04 5.8789455807e+01
7.33000e+02 2.7238353286e+04 4.6412055654e+01
7.34000e+02 2.7274630417e+04 9.4816660926e+01
7.35000e+02 2.7309441730e+04 2.1698299051e+00
7.36000e+02 2.7349392762e+04 4.8710130448e+01
7.37000e+02 2.7390729075e+04 9.7068291767e+01
7.38000e+02 2.7429111955e+04 4.2734088503e+00
7.39000e+02 2.7466001479e+04 1.6780476272e+01
7.40000e+02 2.7508258377e+04 9.9277089782e+01
7.41000e+02 2.7551906956e+04 6.5814013630e+00
7.42000e+02 2.7595232651e+04 2.1059937829e+02
7.43000e+02 2.7638634311e+04 6.7335936605e+01
7.44000e+02 2.7681799508e+04 6.7108103016e+01
7.45000e+02 2.7725074012e+04 6.6913839343e+01
7.46000e+02 2.7765302045e+04 1.8608849497e+01
7.47000e+02 2.7804057383e+04 1.0104362714e+02
7.48000e+02 2.7848420583e+04 1.4279664771e+02
7.49000e+02 2.7892918090e+04 4.0966788081e+02
7.50000e+02 2.7931714671e+04 1.7210716345e+02
7.51000e+02 2.7971280242e+04 3.3705232223e+02
7.52000e+02 2.8011190290e+04 1.7603631200e+02
7.53000e+02 2.8049849958e+04 1.4255818099e+02
7.54000e+02 2.8088742469e+04 1.4251155269e+02
7.55000e+02 2.8128397179e+04 5.9915804702e+01
7.56000e+02 2.8171319819e+04 1.3573505484e+02
7.57000e+02 2.8214461893e+04 1.3546688899e+02
7.58000e+02 2.8254579014e+04 6.7210982511e+01
7.59000e+02 2.8293234179e+04 5.7765664367e+01
7.60000e+02 2.8332093477e+04 5.7674686320e+01
7.61000e+02 2.8371712176e+04 7.5736643647e+01
7.62000e+02 2.8414594813e+04 6.6160732602e+01
7.63000e+02 2.8456444752e+04 1.1273961089e+02
7.64000e+02 2.8492923892e+04 8.4248295779e+00
7.65000e+02 2.8529279127e+04 6.3733486271e+01
7.66000e+02 2.8571085432e+04 1.7920066333e+02
7.67000e+02 2.8613052320e+04 6.3751232486e+01
7.68000e+02 2.8654651491e+04 6.3480346240e+01
7.69000e+02 2.8697802187e+04 6.6103194276e+01
7.70000e+02 2.8737883681e+04 1.2134202499e+02
7.71000e+02 2.8776506138e+04 1.2090196613e+02
7.72000e+02 2.8815332150e+04 1.7599270120e+02
7.73000e+02 2.8853958231e+04 5.7185588843e+01
7.74000e+02 2.8898229770e+04 2.6723677598e+00
7.75000e+02 2.8942623011e+04 1.2302518317e+02
7.76000e+02 2.8981317750e+04 5.6997130644e+01
7.77000e+02 2.9020784385e+04 1.1243973559e+02
7.78000e+02 2.9060595937e+04 1.7763952555e+02
7.79000e+02 2.9099159205e+04 5.6877319557e+01
7.80000e+02 2.9137957182e+04 5.6923680561e+01
7.81000e+02 2.9176562174e+04 5.6908481242e+01
7.82000e+02 2.9220815054e+04 1.2288349994e+02
7.83000e+02 2.9265189611e+04 1.1378820632e+02
7.84000e+02 2.9309145603e+04 1.1337752931e+02
7.85000e+02 2.9354640859e+04 2.2630367407e+02
7.86000e+02 2.9399866134e+04 3.4903283081e+02
7.87000e+02 2.9445219476e+04 1.2458277021e+02
7.88000e+02 2.9490352702e+04 6.9790406887e+01
7.89000e+02 2.9535628615e+04 6.9643187074e+01
7.90000e+02 2.9577675753e+04 1.1590760120e+02
7.91000e+02 2.9618248540e+04 6.9673403854e+01
7.92000e+02 2.9659044648e+04 1.2845343364e+02
7.93000e+02 2.9700590706e+04 3.7398660960e+02
7.94000e+02 2.9742470033e+04 1.4132585918e+02
7.95000e+02 2.9783067641e+04 6.0644192323e+01
7.96000e+02 2.9823902509e+04 7.1928701272e+01
7.97000e+02 2.9865482050e+04 6.2564409343e+01
7.98000e+02 2.9907387550e+04 6.2528018113e+01
7.99000e+02 2.9948958160e+04 6.2456558654e+01
8.00000e+02 2.9990851487e+04 6.2381928995e+01
8.01000e+02 3.0031460282e+04 7.1867959947e+01
8.02000e+02 3.0077928377e+04 1.4196810415e+02
8.03000e+02 3.0125826607e+04 1.8993828123e+02
8.04000e+02 3.0170122404e+04 2.4024695488e+00
8.05000e+02 3.0212878728e+04 1.1497521550e+01
8.06000e+02 3.0261679676e+04 1.9208119520e+02
8.07000e+02 3.0311908936e+04 4.7310968425e+00
8.08000e+02 3.0358297581e+04 2.0928487908e+00
8.09000e+02 3.0404075205e+04 7.1017384924e+01
8.10000e+02 3.0450156669e+04 7.0639186427e+01
8.11000e+02 3.0495863564e+04 7.0497818096e+01
8.12000e+02 3.0545502799e+04 2.6855426141e+02
8.13000e+02 3.0594134817e+04 4.0567832016e+02
8.14000e+02 3.0642384727e+04 7.5517260758e+01
8.15000e+02 3.0692234596e+04 7.8190285862e+01
8.16000e+02 3.0738359213e+04 7.0470473079e+01
8.17000e+02 3.0782975578e+04 2.6919089809e+02
8.18000e+02 3.0827839985e+04 3.4492696923e+02
8.19000e+02 3.0873424827e+04 7.0277948781e+01
8.20000e+02 3.0922953991e+04 7.8002025771e+01
8.21000e+02 3.0971480244e+04 1.4323717074e+02
8.22000e+02 3.1013967291e+04 2.3773597304e+00
8.23000e+02 3.1056275191e+04 6.3217744633e+01
8.24000e+02 3.1104711761e+04 1.4328059349e+02
8.25000e+02 3.1153337545e+04 7.5335652380e+01
8.26000e+02 3.1195873896e+04 6.3203829924e+01
8.27000e+02 3.1238212694e+04 7.7642001425e+01
8.28000e+02 3.1286670548e+04 7.5281601131e+01
8.29000e+02 3.1336602257e+04 7.8005863260e+01
8.30000e+02 3.1386204320e+04 2.1165698545e+02
8.31000e+02 3.1435944386e+04 2.1125368579e+02
8.32000e+02 3.1485433274e+04 7.7273027614e+01
8.33000e+02 3.1533831507e+04 7.4978767646e+01
8.34000e+02 3.1576224633e+04 7.7421134799e+01
8.35000e+02 3.1619397250e+04 2.9966325289e+02
8.36000e+02 3.1666317883e+04 2.5682557953e+00
8.37000e+02 3.1713533198e+04 7.2105315680e+01
8.38000e+02 3.1760568963e+04 7.2148343546e+01
8.39000e+02 3.1806535565e+04 2.4316313186e+00
8.40000e+02 3.1846757330e+04 1.5205321798e+02
8.41000e+02 3.1887794222e+04 6.7374782534e+01
8.42000e+02 3.1932351112e+04 2.4788762050e+00
8.43000e+02 3.1975951523e+04 1.3720189178e+02
8.44000e+02 3.2019266972e+04 2.0439687400e+02
8.45000e+02 3.2064201430e+04 6.7318940358e+01
8.46000e+02 3.2105927665e+04 4.3248028696e+02
8.47000e+02 3.2146213497e+04 2.7734583019e+02
8.48000e+02 3.2186740069e+04 1.2314871252e+02
8.49000e+02 3.2228035532e+04 6.0720392989e+01
8.50000e+02 3.2272808646e+04 6.7467846431e+01
8.51000e+02 3.2317828491e+04 6.7485765755e+01
8.52000e+02 3.2362657154e+04 6.7473828710e+01
8.53000e+02 3.2406389584e+04 1.2315758248e+02
8.54000e+02 3.2449802941e+04 1.2313233280e+02
8.55000e+02 3.2494816752e+04 6.7400320539e+01
8.56000e+02 3.2536604813e+04 6.0721498396e+01
8.57000e+02 3.2576941969e+04 1.2306052514e+02
8.58000e+02 3.2623097981e+04 2.1591184732e+01
8.59000e+02 3.2670709161e+04 2.5973693176e+00
8.60000e+02 3.2714764482e+04 1.2008154918e+02
8.61000e+02 3.2757301305e+04 2.3769261026e+01
8.62000e+02 3.2800056820e+04 1.4891189925e+02
8.63000e+02 3.2843537252e+04 1.8280721369e+02
8.64000e+02 3.2890717289e+04 7.2279066314e+01
8.65000e+02 3.2936881607e+04 1.5119487495e+02
8.66000e+02 3.2977243617e+04 3.8671119922e+01
8.67000e+02 3.3017445908e+04 9.8883277781e+01
8.68000e+02 3.3063537878e+04 1.3213110856e+02
8.69000e+02 3.3111104215e+04 1.0870888811e+02
8.70000e+02 3.3158367712e+04 1.2968383784e+02
8.71000e+02 3.3204509921e+04 6.9391506372e+01
8.72000e+02 3.3250291059e+04 6.9011282758e+01
8.73000e+02 3.3296373186e+04 6.8882190289e+01
8.74000e+02 3.3336687353e+04 5.7671926709e+01
8.75000e+02 3.3377806216e+04 9.0645641804e+01
8.76000e+02 3.3419316964e+04 1.5282053969e+02
8.77000e+02 3.3460548502e+04 5.9773182773e+01
8.78000e+02 3.3505263306e+04 1.3558673073e+02
8.79000e+02 3.3548989958e+04 2.3554754830e+00
8.80000e+02 3.3587180492e+04 9.0425002485e+01
8.81000e+02 3.3626203892e+04 7.3582498326e+01
8.82000e+02 3.3668514915e+04 4.7569013698e+00
8.83000e+02 3.3711107026e+04 2.1873198395e+02
8.84000e+02 3.3750766873e+04 1.3137142401e+02
8.85000e+02 3.3789003839e+04 1.4598350855e+02
8.86000e+02 3.3832833473e+04 1.2623943362e+02
8.87000e+02 3.3878113676e+04 6.2889653615e+01
8.88000e+02 3.3920077157e+04 2.3036341753e+00
8.89000e+02 3.3961497346e+04 6.0147536410e+01
8.90000e+02 3.4006346711e+04 1.2709585576e+02
8.91000e+02 3.4050182680e+04 1.2622251131e+02
8.92000e+02 3.4093689470e+04 6.4042694911e+01
8.93000e+02 3.4138786113e+04 6.6583638053e+01
8.94000e+02 3.4183655571e+04 6.6537147711e+01
8.95000e+02 3.4228680359e+04 6.6398755162e+01
8.96000e+02 3.4270507360e+04 5.9950909735e+01
8.97000e+02 3.4310870961e+04 1.4399308602e+02
8.98000e+02 3.4351463967e+04 1.9954045505e+02
8.99000e+02 3.4392816083e+04 1.3086840484e+02
9.00000e+02 3.4434506509e+04 1.3060096122e+02
9.01000e+02 3.4475876448e+04 5.9442664516e+01
9.02000e+02 3.4517577972e+04 5.9394319726e+01
9.03000e+02 3.4558005909e+04 5.7538797984e+01
9.04000e+02 3.4604280711e+04 1.3407864818e+02
9.05000e+02 3.4651992107e+04 1.2144637449e+02
9.06000e+02 3.4696124982e+04 2.4313509079e+00
9.07000e+02 3.4738726227e+04 7.8643416308e+01
9.08000e+02 3.4787359878e+04 1.2368377688e+02
9.09000e+02 3.4837425845e+04 4.7834911837e+00
9.10000e+02 3.4883671100e+04 1.1579331194e+01
9.11000e+02 3.4928357561e+04 1.2564530873e+02
9.12000e+02 3.4979303792e+04 7.0912878867e+00
9.13000e+02 3.5030393146e+04 3.3582089601e+02
9.14000e+02 3.5081008644e+04 7.7740070874e+01
9.15000e+02 3.5131890235e+04 7.7454567998e+01
9.16000e+02 3.5176487789e+04 2.6557024280e+02
9.17000e+02 3.5221823236e+04 7.7297104719e+01
9.18000e+02 3.5271125873e+04 3.5231708740e+02
9.19000e+02 3.5320712206e+04 2.3029645034e+02
9.20000e+02 3.5370082784e+04 7.4686177860e+01
9.21000e+02 3.5419633601e+04 7.4575975701e+01
9.22000e+02 3.5465541879e+04 1.2518268675e+02
9.23000e+02 3.5510903061e+04 2.9384555919e+02
9.24000e+02 3.5556612272e+04 2.3558583923e+02
9.25000e+02 3.5601033112e+04 8.4480906431e+01
9.26000e+02 3.5645732132e+04 2.3588637327e+02
9.27000e+02 3.5691160626e+04 6.6655244281e+01
9.28000e+02 3.5740522421e+04 7.4492617813e+01
9.29000e+02 3.5790136534e+04 7.4481420578e+01
9.30000e+02 3.5839516038e+04 7.4424647770e+01
9.31000e+02 3.5889064445e+04 7.4284517487e+01
9.32000e+02 3.5934964847e+04 6.6779780270e+01
9.33000e+02 3.5979362924e+04 2.1615566869e+02
9.34000e+02 3.6030032752e+04 3.7516825151e+02
9.35000e+02 3.6080880579e+04 3.7475931988e+02
9.36000e+02 3.6125408515e+04 6.6417504603e+01
9.37000e+02 3.6169710673e+04 1.5851873196e+02
9.38000e+02 3.6220346588e+04 7.6613839379e+01
9.39000e+02 3.6272462404e+04 2.5674091734e+00
9.40000e+02 3.6320572403e+04 1.5853225264e+02
9.41000e+02 3.6368080201e+04 2.2716602517e+02
9.42000e+02 3.6419704175e+04 1.5310245451e+02
9.43000e+02 3.6470341185e+04 7.6326408323e+01
9.44000e+02 3.6520592431e+04 7.5865412893e+01
9.45000e+02 3.6571165332e+04 7.5725438055e+01
9.46000e+02 3.6621376543e+04 7.5609677328e+01
9.47000e+02 3.6673212963e+04 1.5266995631e+02
9.48000e+02 3.6721134577e+04 7.0427818171e+01
9.49000e+02 3.6767544138e+04 2.2996824423e+02
9.50000e+02 3.6820455761e+04 2.7004124673e+00
9.51000e+02 3.6874848362e+04 6.2870524163e+01
9.52000e+02 3.6925004126e+04 1.6135622267e+02
9.53000e+02 3.6973580884e+04 4.8649096594e+00
9.54000e+02 3.7022414440e+04 3.9522659616e+02
9.55000e+02 3.7070971176e+04 7.1989230111e+01
9.56000e+02 3.7119820674e+04 7.1933183790e+01
9.57000e+02 3.7169349001e+04 2.3357278613e+02
9.58000e+02 3.7223256960e+04 1.5418377899e+02
9.59000e+02 3.7277422354e+04 1.6096765964e+02
9.60000e+02 3.7327460700e+04 7.6659868006e+01
9.61000e+02 3.7376896852e+04 7.6491033179e+01
9.62000e+02 3.7430683661e+04 1.5002777854e+02
9.63000e+02 3.7483504047e+04 2.2434976823e+02
9.64000e+02 3.7529868035e+04 7.1368886526e+01
9.65000e+02 3.7576981990e+04 3.4927305884e+00
9.66000e+02 3.7624527394e+04 7.4850692256e+01
9.67000e+02 3.7670802111e+04 1.4087674926e+02
9.68000e+02 3.7723617517e+04 2.2402920106e+02
9.69000e+02 3.7777918715e+04 1.5149485391e+02
9.70000e+02 3.7827995176e+04 6.5923295567e+01
9.71000e+02 3.7876497462e+04 1.0864719387e+01
9.72000e+02 3.7931713243e+04 7.9767243775e+01
9.73000e+02 3.7988401819e+04 6.8244749352e+01
9.74000e+02 3.8040613559e+04 1.2989133418e+01
9.75000e+02 3.8091217551e+04 8.1789183424e+01
9.76000e+02 3.8142084636e+04 1.6394582161e+02
9.77000e+02 3.8192655774e+04 7.5424394104e+01
9.78000e+02 3.8250216634e+04 7.0521582160e+01
9.79000e+02 3.8307943005e+04 2.3998537835e+02
9.80000e+02 3.8358634581e+04 7.5173460722e+01
9.81000e+02 3.8409026707e+04 7.4919275526e+01
9.82000e+02 3.8466428474e+04 9.4042927315e+01
9.83000e+02 3.8525330918e+04 1.5190013319e+01
9.84000e+02 3.8583824299e+04 3.1842845508e+02
9.85000e+02 3.8641233566e+04 8.8625593083e+01
9.86000e+02 3.8691714602e+04 7.4633816758e+01
9.87000e+02 3.8742887921e+04 3.2216938987e+02
9.88000e+02 3.8798703390e+04 8.5859056125e+01
9.89000e+02 3.8854844077e+04 2.5332703590e+02
9.90000e+02 3.8906695282e+04 2.4724059270e+02
9.91000e+02 3.8957004310e+04 7.4476084771e+01
9.92000e+02 3.9007617370e+04 7.4533632514e+01
9.93000e+02 3.9058927656e+04 8.5910164321e+01
9.94000e+02 3.9114847169e+04 8.5613587650e+01
9.95000e+02 3.9169804875e+04 1.3272231193e+02
9.96000e+02 3.9224350593e+04 2.1827050811e+02
9.97000e+02 3.9280543511e+04 8.5580204754e+01
9.98000e+02 3.9332392281e+04 8.5821819977e+01
9.99000e+02 3.9382695761e+04 1.5733191558e+02
1.00000e+03 3.9439947152e+04 4.1120253425e+01
1.00100e+03 3.9498703580e+04 2.5635103820e+00
1.00200e+03 3.9552789368e+04 1.3228854804e+02
1.00300e+03 3.9605264272e+04 4.3250556743e+01
1.00400e+03 3.9658026066e+04 2.0253062401e+02
1.00500e+03 3.9711447738e+04 2.1090820289e+02
1.00600e+03 3.9769698218e+04 9.0386538422e+01
1.00700e+03 3.9826981858e+04 2.0465402650e+02
1.00800e+03 3.9883823852e+04 1.6562539580e+02
1.00900e+03 3.9942314001e+04 1.2300256321e+02
1.01000e+03 3.9996224146e+04 8.0470121604e+01
1.01100e+03 4.0049516108e+04 8.0259942160e+01
1.01200e+03 4.0107611106e+04 1.6331836469e+02
1.01300e+03 4.0166018462e+04 1.3009956219e+02
1.01400e+03 4.0224144872e+04 8.9406588839e+01
1.01500e+03 4.0282488049e+04 8.9253003795e+01
1.01600e+03 4.0336317795e+04 8.0099283799e+01
1.01700e+03 4.0388581248e+04 1.6524831904e+02
1.01800e+03 4.0441161413e+04 1.6490144198e+02
1.01900e+03 4.0493468038e+04 7.7690537783e+01
1.02000e+03 4.0552992532e+04 1.8122142782e+02
1.02100e+03 4.0614011201e+04 2.6754918887e+00
1.02200e+03 4.0670122227e+04 1.2735905702e+02
1.02300e+03 4.0725550134e+04 2.0938682703e+02
1.02400e+03 4.0785988119e+04 9.4148142587e+01
1.02500e+03 4.0845478906e+04 2.7033652835e+02
1.02600e+03 4.0904517186e+04 9.1041049795e+01
1.02700e+03 4.0965216525e+04 9.3734665193e+01
1.02800e+03 4.1021118696e+04 8.3890806734e+01
1.02900e+03 4.1075435163e+04 1.9635269263e+02
1.03000e+03 4.1130077521e+04 2.7583137924e+02
1.03100e+03 4.1185386216e+04 8.3687704127e+01
1.03200e+03 4.1245753626e+04 9.3570355222e+01
1.03300e+03 4.1305175838e+04 1.7209413243e+02
1.03400e+03 4.1357474507e+04 2.3436888161e+00
1.03500e+03 4.1410468231e+04 3.3267896248e+01
1.03600e+03 4.1468327426e+04 1.6462734030e+02
1.03700e+03 4.1526528202e+04 2.5544093413e+02
1.03800e+03 4.1580238411e+04 1.1464668276e+02
1.03900e+03 4.1632396784e+04 7.6713258917e+01
1.04000e+03 4.1691727439e+04 2.6026435088e+02
1.04100e+03 4.1752580874e+04 2.6526591463e+00
1.04200e+03 4.1808561081e+04 7.4124576734e+01
1.04300e+03 4.1862920233e+04 1.8333351282e+02
1.04400e+03 4.1917585313e+04 2.6215313615e+02
1.04500e+03 4.1971942946e+04 8.0756729513e+01
1.04600e+03 4.2026640294e+04 8.0708240703e+01
1.04700e+03 4.2081983550e+04 1.6681224440e+02
1.04800e+03 4.2137743644e+04 2.6360603948e+02
1.04900e+03 4.2192120476e+04 8.0646731724e+01
1.05000e+03 4.2246824334e+04 8.0572594696e+01
1.05100e+03 4.2302175343e+04 2.5188709464e+02
1.05200e+03 4.2362572729e+04 9.3238135579e+01
1.05300e+03 4.2422010813e+04 4.2068506404e+02
1.05400e+03 4.2474313648e+04 3.6719896239e-01
1.05500e+03 4.2527305308e+04 2.3593489260e+00
1.05600e+03 4.2585155943e+04 3.2701768428e+02
1.05700e+03 4.2643343978e+04 4.1717016379e+02
1.05800e+03 4.2697040115e+04 7.8502127452e+01
1.05900e+03 4.2750132896e+04 1.6805734369e+02
1.06000e+03 4.2808021338e+04 8.7226366002e+01
1.06100e+03 4.2864984648e+04 2.8416063598e+00
1.06200e+03 4.2915092615e+04 1.6333742914e+02
1.06300e+03 4.2965928306e+04 8.4882050267e+01
1.06400e+03 4.3021396317e+04 2.4204322133e+00
1.06500e+03 4.3077206448e+04 8.2343224438e+01
1.06600e+03 4.3128772213e+04 2.5023291793e+02
1.06700e+03 4.3178812677e+04 2.3896291339e+02
1.06800e+03 4.3229166781e+04 8.5043305616e+01
1.06900e+03 4.3280230699e+04 7.3539174565e+01
1.07000e+03 4.3335888452e+04 8.2450623372e+01
1.07100e+03 4.3390593095e+04 2.4587368727e+02
1.07200e+03 4.3438656845e+04 7.1175281629e+01
1.07300e+03 4.3487462801e+04 4.3812506931e+00
1.07400e+03 4.3540669362e+04 7.0888416750e+01
1.07500e+03 4.3594206267e+04 1.5091247525e+02
1.07600e+03 4.3643723420e+04 7.5793892526e+01
1.07700e+03 4.3691732613e+04 1.5403109775e+02
1.07800e+03 4.3740042555e+04 6.7018283790e+01
1.07900e+03 4.3789075193e+04 7.1044210614e+01
1.08000e+03 4.3842472541e+04 7.7612741452e+01
1.08100e+03 4.3896157053e+04 7.7682735139e+01
1.08200e+03 4.3945783504e+04 7.1082464772e+01
1.08300e+03 4.3994831805e+04 7.7550791541e+01
1.08400e+03 4.4048209860e+04 7.7585759054e+01
1.08500e+03 4.4100637405e+04 1.3577827407e+02
1.08600e+03 4.4146661095e+04 8.3764932934e+01
1.08700e+03 4.4193449425e+04 7.5248201597e+01
1.08800e+03 4.4240678022e+04 1.5024834024e+02
1.08900e+03 4.4287601276e+04 6.4462454412e+01
1.09000e+03 4.4338667563e+04 2.3117678232e+00
1.09100e+03 4.4388782746e+04 8.1368806131e+01
1.09200e+03 4.4432728923e+04 1.3749343188e+02
1.09300e+03 4.4477464020e+04 2.1881573146e+00
1.09400e+03 4.4526145023e+04 5.9517642206e+01
1.09500e+03 4.4575141529e+04 1.3714769693e+02
1.09600e+03 4.4620574150e+04 6.0416046560e+01
1.09700e+03 4.4664539819e+04 2.8394484855e+02
1.09800e+03 4.4708779604e+04 5.8332381359e+01
1.09900e+03 4.4752812176e+04 5.8340951716e+01
1.10000e+03 4.4803135044e+04 8.5803325977e+02
1.10100e+03 4.4853628126e+04 1.9600788589e+02
1.10200e+03 4.4903680442e+04 1.2043370313e+02
1.10300e+03 4.4954022673e+04 7.0327791654e+01
1.10400e+03 4.4998153378e+04 5.8173531764e+01
1.10500e+03 4.5042088647e+04 7.0381339703e+01
1.10600e+03 4.5092338538e+04 7.0455038711e+01
1.10700e+03 4.5144083707e+04 6.3104293676e+01
1.10800e+03 4.5191871265e+04 1.9117324883e+02
1.10900e+03 4.5238118586e+04 7.2696635377e+01
1.11000e+03 4.5290833195e+04 2.4647177307e+00
1.11100e+03 4.5345016627e+04 1.9342033893e+02
1.11200e+03 4.5398823213e+04 3.3650131412e+02
1.11300e+03 4.5451523737e+04 7.5205130123e+01
1.11400e+03 4.5497766627e+04 1.4504708175e+02
1.11500e+03 4.5544743486e+04 3.3122771336e+02
1.11600e+03 4.5592143009e+04 1.4169013890e+02
1.11700e+03 4.5638268663e+04 6.2032499912e+01
1.11800e+03 4.5690914645e+04 7.5061297632e+01
1.11900e+03 4.5743749200e+04 7.5120268231e+01
1.12000e+03 4.5790064238e+04 6.9526382293e+01
1.12100e+03 4.5836141864e+04 6.9408827133e+01
1.12200e+03 4.5888760242e+04 7.5017545299e+01
1.12300e+03 4.5942872151e+04 1.4147692422e+02
1.12400e+03 4.5996624208e+04 1.4128091901e+02
1.12500e+03 4.6049281706e+04 7.4765469477e+01
1.12600e+03 4.6095492782e+04 6.1751689639e+01
1.12700e+03 4.6142442962e+04 1.4111295932e+02
1.12800e+03 4.6193566176e+04 1.5595097781e+01
1.12900e+03 4.6243750168e+04 3.8436437833e+01
1.13000e+03 4.6287766735e+04 7.6921685754e+01
1.13100e+03 4.6332573037e+04 1.3435624794e+01
1.13200e+03 4.6377811636e+04 1.5223311144e+02
1.13300e+03 4.6421807636e+04 1.3645307662e+02
1.13400e+03 4.6472098602e+04 1.1076129209e+02
1.13500e+03 4.6523873818e+04 1.4974418693e+02
1.13600e+03 4.6571684063e+04 4.6349885129e+01
1.13700e+03 4.6617950740e+04 2.2706771201e+00
1.13800e+03 4.6670685117e+04 9.5415911233e+01
1.13900e+03 4.6724887263e+04 4.8730464405e+01
1.14000e+03 4.6774865562e+04 4.4364606880e+00
1.14100e+03 4.6823261970e+04 9.0346049913e+01
1.14200e+03 4.6871912336e+04 1.5435833797e+02
1.14300e+03 4.6921245295e+04 1.1452415709e+02
1.14400e+03 4.6970952624e+04 8.9984733214e+01
1.14500e+03 4.7019316210e+04 6.5954838926e+01
1.14600e+03 4.7074415918e+04 5.1047065246e+01
1.14700e+03 4.7130981441e+04 9.6690150719e+01
1.14800e+03 4.7187139470e+04 2.8168051030e+02
1.14900e+03 4.7242192095e+04 2.3591737634e+02
1.15000e+03 4.7296800687e+04 9.6102345134e+01
1.15100e+03 4.7353037088e+04 8.1177458474e+01
1.15200e+03 4.7404914732e+04 6.8059199421e+01
1.15300e+03 4.7455235196e+04 8.2971478008e+01
1.15400e+03 4.7512493953e+04 8.3746445977e+01
1.15500e+03 4.7571249766e+04 2.5194116214e+00
1.15600e+03 4.7625329815e+04 8.5090911508e+01
1.15700e+03 4.7678746230e+04 2.4697516509e+02
1.15800e+03 4.7736943077e+04 8.5651991654e+01
1.15900e+03 4.7794180113e+04 1.6686171153e+02
1.16000e+03 4.7850979508e+04 8.2572970428e+01
1.16100e+03 4.7908128203e+04 8.2402055818e+01
1.16200e+03 4.7958407363e+04 2.2646426725e+02
1.16300e+03 4.8009400022e+04 1.1652204897e+01
1.16400e+03 4.8065028145e+04 1.6026636957e+02
1.16500e+03 4.8119738779e+04 2.4380602351e+00
1.16600e+03 4.8167829090e+04 9.4517032493e+00
1.16700e+03 4.8215715810e+04 1.6371935243e+02
1.16800e+03 4.8270389498e+04 7.7758325664e+01
1.16900e+03 4.8326595664e+04 2.4312279574e+02
1.17000e+03 4.8378408918e+04 1.6128883844e+02
1.17100e+03 4.8428653466e+04 8.0038395505e+01
1.17200e+03 4.8485825589e+04 8.4978634858e+01
1.17300e+03 4.8543196799e+04 1.6523479906e+02
1.17400e+03 4.8593592566e+04 1.5812081105e+02
1.17500e+03 4.8644665487e+04 1.6018636516e+02
1.17600e+03 4.8696175508e+04 8.3865946964e+01
1.17700e+03 4.8746371103e+04 8.4844703978e+01
1.17800e+03 4.8803539295e+04 8.2585432485e+01
1.17900e+03 4.8860908078e+04 8.2500419627e+01
1.18000e+03 4.8917782010e+04 8.2123659355e+01
1.18100e+03 4.8974970861e+04 8.1861603302e+01
1.18200e+03 4.9031729973e+04 8.1664921574e+01
1.18300e+03 4.9090133958e+04 7.2925387276e+01
1.18400e+03 4.9148211113e+04 3.2928063585e+02
1.18500e+03 4.9206499749e+04 2.5810843817e+02
1.18600e+03 4.9260276578e+04 8.2815844111e+01
1.18700e+03 4.9312484784e+04 2.4814024958e+02
1.18800e+03 4.9365007237e+04 3.3477865480e+02
1.18900e+03 4.9417254641e+04 7.2256258958e+01
1.19000e+03 4.9476711179e+04 8.6613193209e+01
1.19100e+03 4.9537659966e+04 2.6601517846e+00
1.19200e+03 4.9593707330e+04 3.2234664688e+02
1.19300e+03 4.9648117959e+04 1.6472744693e+01
1.19400e+03 4.9709905831e+04 4.9888249850e+00
1.19500e+03 4.9771893220e+04 1.7789221123e+02
1.19600e+03 4.9833339141e+04 9.0799110647e+01
1.19700e+03 4.9895106910e+04 9.0488691719e+01
1.19800e+03 4.9956405334e+04 9.0250704604e+01
1.19900e+03 5.0019363695e+04 1.4854311386e+02
1.20000e+03 5.0077290617e+04 1.8335830773e+01
1.20100e+03 5.0133606378e+04 1.8775773295e+02
1.20200e+03 5.0190255196e+04 2.8033661483e+02
1.20300e+03 5.0247551888e+04 5.0002616148e+02
1.20400e+03 5.0310128328e+04 2.7261180696e+02
1.20500e+03 5.0371764955e+04 1.6992346959e+02
1.20600e+03 5.0432932411e+04 1.6962257855e+02
1.20700e+03 5.0495772661e+04 1.2568754353e+02
1.20800e+03 5.0558261098e+04 1.6966554333e+02
1.20900e+03 5.0620986191e+04 1.6938072034e+02
1.21000e+03 5.0678764341e+04 1.8742120327e+02
1.21100e+03 5.0734942289e+04 1.6931514272e+02
1.21200e+03 5.0798737620e+04 9.4502831987e+01
1.21300e+03 5.0864075134e+04 2.6124215625e+00
1.21400e+03 5.0924089364e+04 1.7138190731e+02
1.21500e+03 5.0983394937e+04 3.6045318877e+02
1.21600e+03 5.1048158899e+04 9.6760290932e+01
1.21700e+03 5.1112001519e+04 1.8617311981e+02
1.21800e+03 5.1175363594e+04 9.3678733986e+01
1.21900e+03 5.1240412822e+04 9.6375244839e+01
1.22000e+03 5.1300235335e+04 8.5629931240e+01
1.22100e+03 5.1358440485e+04 1.9002058669e+02
1.22200e+03 5.1424491268e+04 7.4653968376e+00
1.22300e+03 5.1490789010e+04 1.0349810985e+02
1.22400e+03 5.1556536047e+04 9.8314176474e+01
1.22500e+03 5.1623944182e+04 7.2699947756e+01
1.22600e+03 5.1685870366e+04 1.0611258840e+02
1.22700e+03 5.1747096307e+04 1.9347114439e+02
1.22800e+03 5.1814017472e+04 1.9705399598e+02
1.22900e+03 5.1880039481e+04 9.7940128407e+01
1.23000e+03 5.1938289557e+04 4.4984640818e+02
1.23100e+03 5.1997184073e+04 1.8177999936e+01
1.23200e+03 5.2056597181e+04 1.0491550255e+02
1.23300e+03 5.2115617711e+04 8.4427176305e+01
1.23400e+03 5.2180146833e+04 9.5450144423e+01
1.23500e+03 5.2245023627e+04 2.1933925420e+02
1.23600e+03 5.2304733201e+04 8.4639214822e+01
1.23700e+03 5.2362827011e+04 1.7173303874e+02
1.23800e+03 5.2428759203e+04 1.9331439610e+02
1.23900e+03 5.2496240722e+04 7.6105768114e+01
1.24000e+03 5.2558184903e+04 2.2346064054e+00
1.24100e+03 5.2619404052e+04 8.8985566211e+01
1.24200e+03 5.2686301308e+04 1.7368484845e+02
1.24300e+03 5.2752289517e+04 1.9308728249e+02
1.24400e+03 5.2810503125e+04 1.9136268313e+02
1.24500e+03 5.2869358489e+04 9.5413964391e+01
1.24600e+03 5.2933745113e+04 1.9066848123e+01
1.24700e+03 5.2998503862e+04 1.1633513236e+02
1.24800e+03 5.3058121511e+04 1.8188859924e+02
1.24900e+03 5.3116137076e+04 1.9109307585e+02
1.25000e+03 5.3181990187e+04 1.9216937777e+02
1.25100e+03 5.3248100540e+04 1.9209935235e+02
1.25200e+03 5.3306379608e+04 9.5384010579e+01
1.25300e+03 5.3365276651e+04 8.3970639749e+01
1.25400e+03 5.3429690696e+04 1.9193467477e+02
1.25500e+03 5.3493219659e+04 2.5813897283e+00
1.25600e+03 5.3549241459e+04 8.1629400805e+01
1.25700e+03 5.3604985579e+04 1.7456495330e+02
1.25800e+03 5.3661161530e+04 7.7134700316e+01
1.25900e+03 5.3718037934e+04 1.2484092174e+02
1.26000e+03 5.3780191597e+04 4.8391900442e+00
1.26100e+03 5.3842679547e+04 1.8463758917e+02
1.26200e+03 5.3900238326e+04 2.0654388019e+02
1.26300e+03 5.3957154955e+04 7.9516001425e+01
1.26400e+03 5.4014509220e+04 7.9231971296e+01
1.26500e+03 5.4070506854e+04 7.7311079735e+01
1.26600e+03 5.4134138483e+04 1.8223146975e+02
1.26700e+03 5.4199300407e+04 1.6613684159e+02
1.26800e+03 5.4264012793e+04 2.5829524991e+02
1.26900e+03 5.4327680285e+04 1.8218776734e+02
1.27000e+03 5.4390860098e+04 1.6551888839e+02
1.27100e+03 5.4454422098e+04 1.6524787709e+02
1.27200e+03 5.4510488681e+04 1.2706264926e+02
1.27300e+03 5.4566269141e+04 2.2104785383e+02
1.27400e+03 5.4622474726e+04 1.7102756037e+02
1.27500e+03 5.4678415523e+04 7.6687427513e+01
1.27600e+03 5.4742012880e+04 9.1769225431e+01
1.27700e+03 5.4805841269e+04 9.1943844626e+01
1.27800e+03 5.4862054508e+04 7.6618393948e+01
1.27900e+03 5.4917943971e+04 7.6490442541e+01
1.28000e+03 5.4981493872e+04 9.1804443774e+01
1.28100e+03 5.5045294557e+04 9.1684935876e+01
1.28200e+03 5.5101493426e+04 7.6399582340e+01
1.28300e+03 5.5157373507e+04 7.6313800313e+01
1.28400e+03 5.5213657065e+04 7.6322174922e+01
1.28500e+03 5.5270618567e+04 1.7377169964e+02
1.28600e+03 5.5328038810e+04 4.0021671467e+02
1.28700e+03 5.5384088286e+04 7.6415248296e+01
1.28800e+03 5.5440492764e+04 7.6459753116e+01
1.28900e+03 5.5497546578e+04 3.0533472210e+02
1.29000e+03 5.5559855651e+04 2.7239352095e+02
1.29100e+03 5.5622471299e+04 3.9727022160e+02
1.29200e+03 5.5680127761e+04 7.8712796924e+01
1.29300e+03 5.5736173046e+04 7.6379102168e+01
1.29400e+03 5.5792552932e+04 7.6278131729e+01
1.29500e+03 5.5849587304e+04 7.8614642316e+01
1.29600e+03 5.5911879568e+04 1.2205930878e+02
1.29700e+03 5.5973238288e+04 2.7239098773e+02
1.29800e+03 5.6027282319e+04 2.0351949055e+00
1.29900e+03 5.6082009050e+04 7.8742422065e+00
1.30000e+03 5.6141802166e+04 1.4754333032e+02
1.30100e+03 5.6201948924e+04 2.3374286354e+02
1.30200e+03 5.6257414936e+04 8.4211946558e+01
1.30300e+03 5.6312268472e+04 1.4752259131e+02
1.30400e+03 5.6367550306e+04 1.4719089079e+02
1.30500e+03 5.6421494977e+04 7.6134398844e+01
1.30600e+03 5.6482844312e+04 4.4497792568e+02
1.30700e+03 5.6545715683e+04 7.6318378458e+01
1.30800e+03 5.6608156521e+04 1.6235642422e+02
1.30900e+03 5.6669544308e+04 1.6972906246e+02
1.31000e+03 5.6723617580e+04 1.5527067706e+02
1.31100e+03 5.6777404618e+04 1.6750920193e+02
1.31200e+03 5.6838629804e+04 8.5968541392e+01
1.31300e+03 5.6901409061e+04 8.8508188335e+01
1.31400e+03 5.6959133382e+04 8.6229956839e+01
1.31500e+03 5.7015230958e+04 8.8193111010e+01
1.31600e+03 5.7078918301e+04 8.1031206381e+01
1.31700e+03 5.7144129991e+04 2.4324333495e+00
1.31800e+03 5.7208886428e+04 9.3165281125e+01
1.31900e+03 5.7272592710e+04 1.6915124196e+02
1.32000e+03 5.7335806155e+04 8.9939143405e+01
1.32100e+03 5.7400701291e+04 9.2755561796e+01
1.32200e+03 5.7460385646e+04 9.0064951724e+01
1.32300e+03 5.7519405159e+04 2.5943216177e+02
1.32400e+03 5.7578868503e+04 8.7059330753e+01
1.32500e+03 5.7636955682e+04 1.7278898190e+02
1.32600e+03 5.7695414822e+04 3.4889444979e+02
1.32700e+03 5.7754510857e+04 8.1494987230e+01
1.32800e+03 5.7819092134e+04 9.2487646005e+01
1.32900e+03 5.7882743261e+04 1.6910622422e+02
1.33000e+03 5.7938845534e+04 2.3568675857e+00
1.33100e+03 5.7995608030e+04 8.6431527488e+00
1.33200e+03 5.8057664992e+04 1.6173303705e+02
1.33300e+03 5.8120083131e+04 2.5148946559e+02
1.33400e+03 5.8177592552e+04 8.8094079329e+01
1.33500e+03 5.8234468468e+04 1.6168472423e+02
1.33600e+03 5.8296575270e+04 8.7030463647e+01
1.33700e+03 5.8359026769e+04 8.6976793432e+01
1.33800e+03 5.8421182683e+04 8.6938928853e+01
1.33900e+03 5.8483585771e+04 8.6803578572e+01
1.34000e+03 5.8541082808e+04 1.6151065466e+02
1.34100e+03 5.8596990744e+04 7.4778421588e+01
1.34200e+03 5.8660495922e+04 4.2981606665e+02
1.34300e+03 5.8725550180e+04 2.6511694567e+00
1.34400e+03 5.8790169606e+04 9.1828805169e+01
1.34500e+03 5.8853753670e+04 3.5000701339e+02
1.34600e+03 5.8909810597e+04 1.6618984371e+02
1.34700e+03 5.8966525214e+04 2.6537110102e+02
1.34800e+03 5.9028530607e+04 8.3807240068e+01
1.34900e+03 5.9089657193e+04 2.4574791594e+00
1.35000e+03 5.9143528758e+04 2.6292036850e+02
1.35100e+03 5.9197150719e+04 4.2639512653e+02
1.35200e+03 5.9251195694e+04 6.9504864990e+01
1.35300e+03 5.9305959023e+04 8.1772144802e+01
1.35400e+03 5.9365763238e+04 4.6562006315e+00
1.35500e+03 5.9424650156e+04 1.4344820803e+02
1.35600e+03 5.9483117849e+04 2.2488204402e+02
1.35700e+03 5.9543268585e+04 1.6590534276e+02
1.35800e+03 5.9603107516e+04 1.4333947608e+02
1.35900e+03 5.9661942020e+04 7.8916872937e+01
1.36000e+03 5.9713754895e+04 1.0126817284e+01
1.36100e+03 5.9766286470e+04 1.3631283796e+02
1.36200e+03 5.9823655972e+04 7.6368526909e+01
1.36300e+03 5.9881386441e+04 2.1706802912e+02
1.36400e+03 5.9938881980e+04 7.6607469058e+01
1.36500e+03 5.9995376366e+04 2.3401184017e+00
1.36600e+03 6.0051489122e+04 1.5296445092e+02
1.36700e+03 6.0109289717e+04 7.6600986446e+01
1.36800e+03 6.0166811202e+04 7.6550331965e+01
1.36900e+03 6.0223327320e+04 1.5283321823e+02
1.37000e+03 6.0273060808e+04 1.3409713876e+02
1.37100e+03 6.0322581325e+04 2.9711468919e+02
1.37200e+03 6.0372499515e+04 1.4846683278e+02
1.37300e+03 6.0423167543e+04 2.2743325457e+02
1.37400e+03 6.0474276082e+04 7.0378995137e+02
1.37500e+03 6.0524079489e+04 6.0900215485e+01
1.37600e+03 6.0580823480e+04 7.7155620704e+01
1.37700e+03 6.0637775785e+04 7.7514652429e+01
1.37800e+03 6.0694248564e+04 7.4502714275e+01
1.37900e+03 6.0751045969e+04 7.4273311326e+01
1.38000e+03 6.0807427232e+04 7.4107522540e+01
1.38100e+03 6.0864161740e+04 7.3970518245e+01
1.38200e+03 6.0920499448e+04 7.3852992698e+01
1.38300e+03 6.0978501271e+04 1.3947107813e+02
1.38400e+03 6.1036197290e+04 2.2304404697e+02
1.38500e+03 6.1092868838e+04 7.3716179418e+01
1.38600e+03 6.1142728151e+04 7.8864813444e+01
1.38700e+03 6.1192361262e+04 2.3853161007e+02
1.38800e+03 6.1248976001e+04 7.3919493589e+01
1.38900e+03 6.1307135974e+04 1.6018308515e+02
1.39000e+03 6.1364933543e+04 7.6586546071e+01
1.39100e+03 6.1422927283e+04 7.6343725922e+01
1.39200e+03 6.1480637207e+04 7.6179736641e+01
1.39300e+03 6.1537317356e+04 7.3854175666e+01
1.39400e+03 6.1593594645e+04 7.8772466155e+01
1.39500e+03 6.1651545409e+04 7.6060581215e+01
1.39600e+03 6.1709202424e+04 7.5931611233e+01
1.39700e+03 6.1767092191e+04 7.5794683271e+01
1.39800e+03 6.1824723321e+04 7.5693003783e+01
1.39900e+03 6.1881341039e+04 7.8631262574e+01
1.40000e+03 6.1931162424e+04 2.2017077579e+02
1.40100e+03 6.1981718966e+04 5.2679602354e+02
1.40200e+03 6.2036886368e+04 2.4637275660e+00
1.40300e+03 6.2091156610e+04 2.3474762463e+00
1.40400e+03 6.2138867610e+04 3.0395013897e+02
1.40500e+03 6.2186393330e+04 3.6157344528e+02
1.40600e+03 6.2240679050e+04 1.4971183917e+02
1.40700e+03 6.2296507156e+04 7.1094385208e+01
1.40800e+03 6.2347989075e+04 5.8179395631e+02
1.40900e+03 6.2398867345e+04 1.1742244976e+02
1.41000e+03 6.2454274676e+04 7.1263219522e+01
1.41100e+03 6.2509986282e+04 1.1944548512e+02
1.41200e+03 6.2565441604e+04 1.1937403138e+02
1.41300e+03 6.2619859445e+04 2.1128916719e+02
1.41400e+03 6.2667686958e+04 1.1742153992e+02
1.41500e+03 6.2716261005e+04 6.8580405194e+01
1.41600e+03 6.2769215910e+04 2.5004177018e+00
1.41700e+03 6.2821258003e+04 1.1492837049e+02
1.41800e+03 6.2866959683e+04 6.6385992213e+01
1.41900e+03 6.2913448056e+04 4.5835919215e+00
1.42000e+03 6.2964094974e+04 5.2408503299e+01
1.42100e+03 6.3013825835e+04 6.4008373958e+01
1.42200e+03 6.3057451894e+04 6.6546305691e+00
1.42300e+03 6.3101887775e+04 5.0303603916e+01
1.42400e+03 6.3146767906e+04 1.6973800710e+02
1.42500e+03 6.3190423267e+04 1.7310538937e+02
1.42600e+03 6.3240348698e+04 3.0464989721e+02
1.42700e+03 6.3291767754e+04 1.6527571918e+02
1.42800e+03 6.3339265435e+04 2.6175502668e+00
1.42900e+03 6.3386183520e+04 5.3922599604e+01
1.43000e+03 6.3433447628e+04 5.3635103734e+01
1.43100e+03 6.3479407259e+04 6.8094327668e+01
1.43200e+03 6.3525653627e+04 1.1749233111e+02
1.43300e+03 6.3572621318e+04 5.3631074881e+01
1.43400e+03 6.3619961444e+04 5.3653461738e+01
1.43500e+03 6.3666941844e+04 5.3612516881e+01
1.43600e+03 6.3718027506e+04 1.1083269792e+02
1.43700e+03 6.3768132761e+04 1.1110125658e+02
1.43800e+03 6.3812050306e+04 9.4057481122e+01
1.43900e+03 6.3855784983e+04 1.4332325093e+02
1.44000e+03 6.3905821796e+04 1.1110153681e+02
1.44100e+03 6.3957358873e+04 1.0991423039e+02
1.44200e+03 6.4004963160e+04 1.0061669013e+02
1.44300e+03 6.4051984769e+04 1.0055728231e+02
1.44400e+03 6.4099349788e+04 5.3423831951e+01
1.44500e+03 6.4146359097e+04 5.3358108662e+01
1.44600e+03 6.4197479496e+04 1.0983905217e+02
1.44700e+03 6.4248873608e+04 1.5374351712e+02
1.44800e+03 6.4296432825e+04 5.3498949523e+01
1.44900e+03 6.4342475635e+04 2.3081329432e+00
1.45000e+03 6.4388785287e+04 1.5615358202e+02
1.45100e+03 6.4435817463e+04 5.3468317253e+01
1.45200e+03 6.4486971038e+04 1.5362294975e+02
1.45300e+03 6.4538390720e+04 6.1437821205e+01
1.45400e+03 6.4589569549e+04 6.1401637544e+01
1.45500e+03 6.4639678863e+04 2.4996491215e+02
1.45600e+03 6.4683617109e+04 5.1043443063e+01
1.45700e+03 6.4728329704e+04 6.6987455192e+01
1.45800e+03 6.4776974998e+04 2.5335350810e+00
1.45900e+03 6.4824679214e+04 4.8587301439e+01
1.46000e+03 6.4866470118e+04 6.4773125691e+01
1.46100e+03 6.4909077413e+04 4.6363016249e+00
1.46200e+03 6.4955395549e+04 3.5696597641e+01
1.46300e+03 6.5000771607e+04 6.2380193779e+01
1.46400e+03 6.5045854958e+04 3.5561801342e+02
1.46500e+03 6.5092572941e+04 8.9768435575e+01
1.46600e+03 6.5139085154e+04 6.2511890597e+01
1.46700e+03 6.5184531506e+04 4.9076739740e+01
1.46800e+03 6.5224291065e+04 6.6630099783e+00
1.46900e+03 6.5263921425e+04 3.1429217603e+02
1.47000e+03 6.5309402826e+04 4.9425712335e+01
1.47100e+03 6.5356380383e+04 6.2708953727e+01
1.47200e+03 6.5403082056e+04 5.2172802729e+01
1.47300e+03 6.5449932519e+04 5.1993534551e+01
1.47400e+03 6.5493398936e+04 2.0522305729e+02
1.47500e+03 6.5535388930e+04 5.1735920799e+01
1.47600e+03 6.5583383666e+04 5.7410556331e+01
1.47700e+03 6.5632842778e+04 2.6086498349e+00
1.47800e+03 6.5678565004e+04 5.3939992912e+01
1.47900e+03 6.5723708804e+04 1.9466435770e+02
1.48000e+03 6.5769175112e+04 4.8917385361e+01
1.48100e+03 6.5813336721e+04 5.9524759840e+01
1.48200e+03 6.5863764055e+04 5.0386399018e+00
1.48300e+03 6.5914351250e+04 1.1690387661e+02
1.48400e+03 6.5958631145e+04 2.0928196136e+02
1.48500e+03 6.6003638918e+04 4.8732441495e+01
1.48600e+03 6.6049036118e+04 4.8614600287e+01
1.48700e+03 6.6093155711e+04 4.6638439903e+01
1.48800e+03 6.6143554141e+04 5.9254805714e+01
1.48900e+03 6.6195414944e+04 1.4173308658e+02
1.49000e+03 6.6243287289e+04 1.0675171049e+01
1.49100e+03 6.6289599574e+04 1.9741388607e+01
1.49200e+03 6.6336152325e+04 6.8586305200e+01
1.49300e+03 6.6382443127e+04 5.0947538214e+01
1.49400e+03 6.6429010952e+04 5.0911664425e+01
1.49500e+03 6.6476275082e+04 6.1486837736e+01
1.49600e+03 6.6527663483e+04 2.0082566387e+02
1.49700e+03 6.6579300801e+04 6.1069957432e+01
1.49800e+03 6.6627063903e+04 7.0508994347e+01
1.49900e+03 6.6673295307e+04 5.0801355280e+01
1.50000e+03 6.6719785326e+04 5.0672748015e+01
1.50100e+03 6.6766987432e+04 7.0376461480e+01
1.50200e+03 6.6818320474e+04 6.0953527881e+01
1.50300e+03 6.6869913129e+04 6.0847911538e+01
1.50400e+03 6.6917642849e+04 5.2879791635e+01
1.50500e+03 6.6964800006e+04 5.2781962089e+01
1.50600e+03 6.7012307738e+04 5.2507191470e+01
1.50700e+03 6.7059461666e+04 5.2451456454e+01
1.50800e+03 6.7110743633e+04 6.0735989518e+01
1.50900e+03 6.7161048670e+04 2.1136524261e+02
1.51000e+03 6.7205147514e+04 1.0489962935e+02
1.51100e+03 6.7250017444e+04 2.2839988758e+00
1.51200e+03 6.7295305881e+04 4.7897994838e+01
1.51300e+03 6.7339338986e+04 1.5321850631e+02
1.51400e+03 6.7389660551e+04 2.1107701293e+02
1.51500e+03 6.7440164902e+04 1.0499404282e+02
1.51600e+03 6.7490233425e+04 1.0463600625e+02
1.51700e+03 6.7541890892e+04 1.1211347028e+02
1.51800e+03 6.7589632866e+04 5.0509735909e+01
1.51900e+03 6.7635849565e+04 6.0334320296e+01
1.52000e+03 6.7688537953e+04 2.6818901523e+00
1.52100e+03 6.7742700050e+04 5.2963856159e+01
1.52200e+03 6.7792644762e+04 6.2476723101e+01
1.52300e+03 6.7841009564e+04 4.8273121705e+00
1.52400e+03 6.7896065607e+04 5.5278547493e+01
1.52500e+03 6.7952589061e+04 6.4775602456e+01
1.52600e+03 6.8004649464e+04 6.9381768226e+00
1.52700e+03 6.8055100473e+04 5.7309474844e+01
1.52800e+03 6.8105811407e+04 1.7473520936e+02
1.52900e+03 6.8157184716e+04 1.7415818763e+02
1.53000e+03 6.8213141355e+04 2.3429774826e+02
1.53100e+03 6.8269362619e+04 6.9514383893e+01
1.53200e+03 6.8325289965e+04 6.9415575887e+01
1.53300e+03 6.8380153502e+04 1.7891966043e+02
1.53400e+03 6.8428361217e+04 1.0759770863e+00
1.53500e+03 6.8476338579e+04 5.7108524406e+01
1.53600e+03 6.8531092025e+04 1.3385309898e+02
1.53700e+03 6.8586070499e+04 7.5326913266e+01
1.53800e+03 6.8634333332e+04 5.3527338393e+01
1.53900e+03 6.8682351041e+04 7.4177421955e+01
1.54000e+03 6.8737138154e+04 6.6897380814e+01
1.54100e+03 6.8793434468e+04 6.9421210034e+01
1.54200e+03 6.8849357606e+04 6.9347581203e+01
1.54300e+03 6.8904199694e+04 6.6694097284e+01
1.54400e+03 6.8952379956e+04 7.4020672936e+01
1.54500e+03 6.9000326784e+04 6.6759603316e+01
1.54600e+03 6.9055044840e+04 6.6558345153e+01
1.54700e+03 6.9109987446e+04 6.6592305242e+01
1.54800e+03 6.9158218287e+04 6.6743423651e+01
1.54900e+03 6.9206205052e+04 6.6531722837e+01
1.55000e+03 6.9260958799e+04 6.6561404344e+01
1.55100e+03 6.9315925994e+04 6.6519432006e+01
1.55200e+03 6.9364172313e+04 6.6480668110e+01
1.55300e+03 6.9412170369e+04 6.6506134635e+01
1.55400e+03 6.9466933605e+04 6.6462401347e+01
1.55500e+03 6.9523204700e+04 6.9253015744e+01
1.55600e+03 6.9575060999e+04 3.8780038377e+02
1.55700e+03 6.9625334043e+04 6.8670926998e+01
1.55800e+03 6.9682525740e+04 2.4284615866e+00
1.55900e+03 6.9739907242e+04 7.1236278496e+01
1.56000e+03 6.9796786619e+04 7.0852722771e+01
1.56100e+03 6.9855274937e+04 1.8812007675e+02
1.56200e+03 6.9909160250e+04 7.0631270895e+01
1.56300e+03 6.9961457982e+04 7.5232591024e+01
1.56400e+03 7.0020911270e+04 2.5739098652e+00
1.56500e+03 7.0081864604e+04 7.3025655760e+01
1.56600e+03 7.0137918728e+04 7.7326169945e+01
1.56700e+03 7.0193287415e+04 5.3921744473e+02
1.56800e+03 7.0253655516e+04 3.3451331139e+02
1.56900e+03 7.0313072809e+04 7.5388997671e+01
1.57000e+03 7.0372034852e+04 7.4822364854e+01
1.57100e+03 7.0432654772e+04 7.7381888918e+01
1.57200e+03 7.0488483286e+04 6.7519874048e+01
1.57300e+03 7.0542724184e+04 7.9262043796e+01
1.57400e+03 7.0597288134e+04 2.9569965641e+02
1.57500e+03 7.0652515877e+04 6.7311409983e+01
1.57600e+03 7.0712789405e+04 7.7209934681e+01
1.57700e+03 7.0772115380e+04 1.3969460354e+02
1.57800e+03 7.0830991728e+04 1.3946921300e+02
1.57900e+03 7.0890231015e+04 7.4204676622e+01
1.58000e+03 7.0949055166e+04 7.4078275425e+01
1.58100e+03 7.1009552371e+04 7.7010010847e+01
1.58200e+03 7.1065278409e+04 6.7141622329e+01
1.58300e+03 7.1119427943e+04 2.1324257680e+02
1.58400e+03 7.1173907840e+04 2.1294528128e+02
1.58500e+03 7.1229059524e+04 6.6998421680e+01
1.58600e+03 7.1289257224e+04 1.4983329981e+02
1.58700e+03 7.1349759075e+04 1.4968811259e+02
1.58800e+03 7.1405516002e+04 1.5725342226e+02
1.58900e+03 7.1460631899e+04 1.5706038178e+02
1.59000e+03 7.1520756398e+04 7.6489096388e+01
1.59100e+03 7.1579956278e+04 1.3840156481e+02
1.59200e+03 7.1638724070e+04 1.3820680444e+02
1.59300e+03 7.1699165753e+04 7.6352438359e+01
1.59400e+03 7.1754845011e+04 6.6534542538e+01
1.59500e+03 7.1808949894e+04 1.3802394691e+02
1.59600e+03 7.1870440229e+04 1.7297761877e+01
1.59700e+03 7.1933459097e+04 5.6972939649e+01
1.59800e+03 7.1991384813e+04 7.3520168488e+01
1.59900e+03 7.2047667162e+04 1.9457930502e+01
1.60000e+03 7.2111547393e+04 5.9305862843e+01
1.60100e+03 7.2176944478e+04 7.5824865148e+01
1.60200e+03 7.2241876371e+04 2.1374848657e+02
1.60300e+03 7.2305750876e+04 1.5483346940e+02
1.60400e+03 7.2362053482e+04 1.5914710387e+02
1.60500e+03 7.2418041554e+04 6.7781392250e+01
1.60600e+03 7.2481706262e+04 8.2971927023e+01
1.60700e+03 7.2545628789e+04 8.2936976353e+01
1.60800e+03 7.2601941628e+04 6.7723843753e+01
1.60900e+03 7.2658892460e+04 2.2744192796e+02
1.61000e+03 7.2721139883e+04 8.7607979543e+01
1.61100e+03 7.2783736183e+04 1.7041192319e+02
1.61200e+03 7.2841398094e+04 1.5567696937e+02
1.61300e+03 7.2897466396e+04 7.4140072558e+01
1.61400e+03 7.2961144629e+04 1.6281662677e+02
1.61500e+03 7.3025064486e+04 1.6265114081e+02
1.61600e+03 7.3081366769e+04 7.4055376768e+01
1.61700e+03 7.3137342626e+04 1.6256136506e+02
1.61800e+03 7.3200986584e+04 8.2505152488e+01
1.61900e+03 7.3266180049e+04 2.5971642175e+00
1.62000e+03 7.3326066814e+04 1.6990090026e+02
1.62100e+03 7.3384297929e+04 8.4677904721e+01
1.62200e+03 7.3442861558e+04 2.4925337709e+02
1.62300e+03 7.3501092173e+04 7.1504765064e+01
1.62400e+03 7.3567198242e+04 2.4621102198e+00
1.62500e+03 7.3633515962e+04 1.5632577527e+02
1.62600e+03 7.3691949577e+04 7.1303245316e+01
1.62700e+03 7.3750021628e+04 7.1073378622e+01
1.62800e+03 7.3815986127e+04 1.5602788023e+02
1.62900e+03 7.3883497606e+04 1.5435759719e+02
1.63000e+03 7.3945463389e+04 2.2910781011e+02
1.63100e+03 7.4005747135e+04 1.7805989092e+01
1.63200e+03 7.4066372901e+04 9.0982639448e+01
1.63300e+03 7.4126646501e+04 7.5287216246e+01
1.63400e+03 7.4195023482e+04 2.4124816575e+00
1.63500e+03 7.4264918162e+04 2.3126190419e+02
1.63600e+03 7.4334300652e+04 4.7491257815e+02
1.63700e+03 7.4402640390e+04 1.6414561667e+02
1.63800e+03 7.4470443127e+04 1.6340722717e+02
1.63900e+03 7.4539940666e+04 9.3122237598e+01
1.64000e+03 7.4609033484e+04 9.2739443886e+01
1.64100e+03 7.4677144824e+04 9.0128127352e+01
1.64200e+03 7.4737298534e+04 7.4739873255e+01
1.64300e+03 7.4797126715e+04 8.9911107988e+01
1.64400e+03 7.4865088885e+04 9.0197431339e+01
1.64500e+03 7.4934643535e+04 9.2703816755e+01
1.64600e+03 7.4998471918e+04 1.8468390851e+02
1.64700e+03 7.5061572648e+04 6.6075464026e+02
1.64800e+03 7.5130578250e+04 9.2523896008e+01
1.64900e+03 7.5198693869e+04 9.0111513138e+01
1.65000e+03 7.5258829483e+04 1.7237084068e+02
1.65100e+03 7.5319595336e+04 9.0096493972e+01
1.65200e+03 7.5386113564e+04 6.7936978923e+00
1.65300e+03 7.5451772293e+04 6.3942953389e+01
1.65400e+03 7.5509720295e+04 8.7818784743e+01
1.65500e+03 7.5568337469e+04 4.6382258484e+00
1.65600e+03 7.5632482048e+04 6.1505361499e+01
1.65700e+03 7.5695769174e+04 8.5359362753e+01
1.65800e+03 7.5758629842e+04 2.3407291434e+02
1.65900e+03 7.5823212025e+04 1.5568966506e+02
1.66000e+03 7.5882637521e+04 1.7280483784e+02
1.66100e+03 7.5940476447e+04 3.2195681908e+02
1.66200e+03 7.6006143700e+04 2.8065848267e+00
1.66300e+03 7.6072074891e+04 8.5155875967e+01
1.66400e+03 7.6137474926e+04 8.4803502170e+01
1.66500e+03 7.6204548519e+04 1.2794450661e+01
1.66600e+03 7.6271231943e+04 1.7288356870e+02
1.66700e+03 7.6336923512e+04 8.4479075799e+01
1.66800e+03 7.6394898270e+04 1.4908748163e+02
1.66900e+03 7.6453526153e+04 2.3416525051e+02
1.67000e+03 7.6512680581e+04 2.3366001680e+02
1.67100e+03 7.6570504731e+04 8.7507701771e+01
1.67200e+03 7.6628728612e+04 8.9753070303e+01
1.67300e+03 7.6687612985e+04 7.1275202719e+01
1.67400e+03 7.6746966798e+04 7.1403312402e+01
1.67500e+03 7.6804938798e+04 7.1519052238e+01
1.67600e+03 7.6870761408e+04 8.4817171544e+01
1.67700e+03 7.6936814804e+04 8.5094181891e+01
1.67800e+03 7.7002310060e+04 8.4681734008e+01
1.67900e+03 7.7069461813e+04 3.0483642613e+02
1.68000e+03 7.7131155625e+04 2.3399988317e+00
1.68100e+03 7.7191200591e+04 1.0003117061e+02
1.68200e+03 7.7259292201e+04 6.2535085309e+01
1.68300e+03 7.7328934238e+04 4.8279424361e+00
1.68400e+03 7.7398089691e+04 2.3663755945e+02
1.68500e+03 7.7466218645e+04 1.4914516076e+02
1.68600e+03 7.7526359887e+04 1.7121227985e+02
1.68700e+03 7.7587116265e+04 1.6725421413e+02
1.68800e+03 7.7653613634e+04 8.1576085733e+01
1.68900e+03 7.7720490388e+04 1.7044186798e+02
1.69000e+03 7.7787050703e+04 8.6100202098e+01
1.69100e+03 7.7853883577e+04 8.5970222442e+01
1.69200e+03 7.7915375405e+04 1.6688497636e+02
1.69300e+03 7.7975246457e+04 7.2908948304e+01
1.69400e+03 7.8043168911e+04 2.6080963723e+02
1.69500e+03 7.8112662066e+04 2.6602808791e+00
1.69600e+03 7.8176425895e+04 6.1120719934e+00
1.69700e+03 7.8239454734e+04 1.6978107272e+02
1.69800e+03 7.8308373992e+04 9.0900816013e+01
1.69900e+03 7.8376399838e+04 2.6044571943e+02
1.70000e+03 7.8436453116e+04 2.3851929583e+02
1.70100e+03 7.8496179163e+04 2.4979350995e+02
1.70200e+03 7.8564025876e+04 8.8188023396e+01
1.70300e+03 7.8633459488e+04 9.0750372789e+01
1.70400e+03 7.8697176050e+04 2.4949644935e+02
1.70500e+03 7.8759213033e+04 9.0410771930e+01
1.70600e+03 7.8829515127e+04 7.5088595594e+00
1.70700e+03 7.8901373699e+04 7.4464794674e+01
1.70800e+03 7.8967249866e+04 9.2479967591e+01
1.70900e+03 7.9031405373e+04 9.6198739909e+00
1.71000e+03 7.9104049499e+04 7.6732360949e+01
1.71100e+03 7.9176944781e+04 1.7712625068e+02
1.71200e+03 7.9241311116e+04 1.8801616936e+02
1.71300e+03 7.9306223187e+04 2.5712047031e+02
1.71400e+03 7.9377315960e+04 2.6472878402e+02
1.71500e+03 7.9447541241e+04 1.2435989122e+00
1.71600e+03 7.9509581913e+04 7.0834574744e+01
1.71700e+03 7.9572240310e+04 9.7783058230e+01
1.71800e+03 7.9640871553e+04 1.2191752849e+00
1.71900e+03 7.9708656160e+04 6.8323065988e+01
1.72000e+03 7.9768520778e+04 9.5509222267e+01
1.72100e+03 7.9829039478e+04 3.3576541421e+00
1.72200e+03 7.9895304407e+04 6.5888429021e+01
1.72300e+03 7.9961966558e+04 2.5183238344e+02
1.72400e+03 8.0023310180e+04 1.7256892541e+02
1.72500e+03 8.0083047864e+04 2.4232885969e+02
1.72600e+03 8.0150833320e+04 2.4672188145e+02
1.72700e+03 8.0218893357e+04 1.7207324947e+02
1.72800e+03 8.0278936172e+04 7.1419213683e+01
1.72900e+03 8.0339588818e+04 7.3711527692e+01
1.73000e+03 8.0405966630e+04 1.7201405861e+02
1.73100e+03 8.0471475623e+04 2.5510433189e+00
1.73200e+03 8.0536525253e+04 8.2038721959e+01
1.73300e+03 8.0603294528e+04 1.7194916836e+02
1.73400e+03 8.0669710877e+04 8.4492717211e+01
1.73500e+03 8.0736403609e+04 8.4331681151e+01
1.73600e+03 8.0797772187e+04 7.4620269559e+01
1.73700e+03 8.0858475446e+04 2.4854584109e+02
1.73800e+03 8.0924850055e+04 8.4205610027e+01
1.73900e+03 8.0990353035e+04 8.1950669085e+01
1.74000e+03 8.1048157494e+04 2.4510144122e+02
1.74100e+03 8.1105673469e+04 3.1398242546e+02
1.74200e+03 8.1171075427e+04 1.7160234893e+02
1.74300e+03 8.1238065091e+04 8.4418336909e+01
1.74400e+03 8.1304629461e+04 8.4523679088e+01
1.74500e+03 8.1371431738e+04 8.4251767923e+01
1.74600e+03 8.1437896065e+04 8.4067473043e+01
1.74700e+03 8.1504623769e+04 8.3908832669e+01
1.74800e+03 8.1571032625e+04 8.3769453403e+01
1.74900e+03 8.1636472733e+04 1.7136787473e+02
1.75000e+03 8.1694240310e+04 6.6291763849e+01
1.75100e+03 8.1752675665e+04 3.3396174557e+02
1.75200e+03 8.1811646508e+04 5.7856984682e+02
1.75300e+03 8.1869296742e+04 6.6359729954e+01
1.75400e+03 8.1934802493e+04 2.5243015180e+02
1.75500e+03 8.2001868837e+04 1.5183637236e+02
1.75600e+03 8.2063447781e+04 2.6081015425e+00
1.75700e+03 8.2123364788e+04 2.0178642406e+02
1.75800e+03 8.2183635322e+04 2.7038096527e+02
1.75900e+03 8.2244529659e+04 7.2876523303e+01
1.76000e+03 8.2305893231e+04 7.2588274728e+01
1.76100e+03 8.2365848428e+04 7.0629123075e+01
1.76200e+03 8.2426179484e+04 7.2285298592e+01
1.76300e+03 8.2487128195e+04 7.2570061388e+01
1.76400e+03 8.2553767296e+04 1.5191478026e+02
1.76500e+03 8.2619482318e+04 3.9525658236e+02
1.76600e+03 8.2684696411e+04 2.2405851404e+02
1.76700e+03 8.2750301901e+04 8.0920976899e+01
1.76800e+03 8.2808204539e+04 7.0069072899e+01
1.76900e+03 8.2866762025e+04 6.4384123452e+00
1.77000e+03 8.2930825859e+04 1.5093042394e+02
1.77100e+03 8.2995267496e+04 2.3210560428e+02
1.77200e+03 8.3059416240e+04 7.8452717508e+01
1.77300e+03 8.3122587579e+04 2.4341504241e+00
1.77400e+03 8.3178309123e+04 4.2508800315e+00
1.77500e+03 8.3234719498e+04 2.2700664740e+02
1.77600e+03 8.3296412481e+04 2.4557613055e+00
1.77700e+03 8.3357243294e+04 2.3405266136e+00
1.77800e+03 8.3410861714e+04 2.2467651782e+02
1.77900e+03 8.3464244285e+04 3.6433786171e+02
1.78000e+03 8.3518058494e+04 5.6793923045e+01
1.78100e+03 8.3572601818e+04 4.3203567095e+00
1.78200e+03 8.3632171327e+04 2.1234739396e+00
1.78300e+03 8.3690830359e+04 2.7223231448e+02
1.78400e+03 8.3749078907e+04 3.4106468969e+02
1.78500e+03 8.3809015348e+04 6.9294412613e+01
1.78600e+03 8.3864251393e+04 3.5617971202e+02
1.78700e+03 8.3917932242e+04 1.2335493910e+02
1.78800e+03 8.3971955000e+04 1.2344013298e+02
1.78900e+03 8.4025705720e+04 5.7067032667e+01
1.79000e+03 8.4079818136e+04 5.7099623427e+01
1.79100e+03 8.4134602752e+04 1.2053473415e+02
1.79200e+03 8.4194392949e+04 1.8904306032e+02
1.79300e+03 8.4254486820e+04 1.8901144722e+02
1.79400e+03 8.4314282021e+04 6.9230185874e+01
1.79500e+03 8.4373054768e+04 1.8047293124e+02
1.79600e+03 8.4424798663e+04 2.3685208819e+00
1.79700e+03 8.4477253873e+04 1.3327077403e+02
1.79800e+03 8.4530193401e+04 1.9034101537e+02
1.79900e+03 8.4581843596e+04 5.2575846196e+01
1.80000e+03 8.4640662705e+04 1.8086302000e+02
1.80100e+03 8.4699712341e+04 6.6919359483e+01
1.80200e+03 8.4758276731e+04 6.6597720783e+01
1.80300e+03 8.4817180575e+04 6.6385330717e+01
1.80400e+03 8.4875659798e+04 6.6233778175e+01
1.80500e+03 8.4935805746e+04 1.2376352666e+02
1.80600e+03 8.4991214233e+04 4.2596248086e+01
1.80700e+03 8.5045050151e+04 2.0389301363e+02
1.80800e+03 8.5106241913e+04 2.7125388162e+00
1.80900e+03 8.5167665072e+04 7.1396686058e+01
1.81000e+03 8.5221720766e+04 2.5852419021e+02
1.81100e+03 8.5276429884e+04 9.9358054056e+01
1.81200e+03 8.5336177163e+04 3.1551603054e+02
1.81300e+03 8.5395016203e+04 5.1264429768e+01
1.81400e+03 8.5453439444e+04 1.1976993418e+02
1.81500e+03 8.5513544882e+04 2.6060951016e+02
1.81600e+03 8.5568927458e+04 2.0366320884e+02
1.81700e+03 8.5623696941e+04 2.1815673342e+02
1.81800e+03 8.5678891360e+04 7.3192706873e+01
1.81900e+03 8.5732745625e+04 1.2237833766e+02
1.82000e+03 8.5786951715e+04 1.2240635570e+02
1.82100e+03 8.5840871780e+04 5.6548134001e+01
1.82200e+03 8.5895141093e+04 5.6554808428e+01
1.82300e+03 8.5950069005e+04 5.8641119755e+01
1.82400e+03 8.6010008199e+04 6.8616627431e+01
1.82500e+03 8.6068996150e+04 1.7893111438e+02
1.82600e+03 8.6120901624e+04 2.3638399533e+00
1.82700e+03 8.6173506965e+04 7.7427498227e+00
1.82800e+03 8.6230936524e+04 1.5903099960e+02
1.82900e+03 8.6287460918e+04 4.8250330080e+00
1.83000e+03 8.6337186551e+04 2.1798399684e+00
1.83100e+03 8.6386699121e+04 4.7551622827e+01
1.83200e+03 8.6443188661e+04 1.7199827431e+02
1.83300e+03 8.6501224637e+04 2.2535051712e+02
1.83400e+03 8.6558900884e+04 6.3831219177e+01
1.83500e+03 8.6616774478e+04 6.3605006916e+01
1.83600e+03 8.6670173468e+04 1.5107532384e+02
1.83700e+03 8.6722959626e+04 2.2282017224e+02
1.83800e+03 8.6780501022e+04 6.3406550563e+01
1.83900e+03 8.6837115695e+04 6.1297443491e+01
1.84000e+03 8.6893327173e+04 1.3166807827e+02
1.84100e+03 8.6951207861e+04 6.3350237624e+01
1.84200e+03 8.7004586265e+04 1.3602349885e+02
1.84300e+03 8.7056417330e+04 1.9723972927e+02
1.84400e+03 8.7108568934e+04 2.4697253121e+02
1.84500e+03 8.7161413600e+04 6.3401652674e+01
1.84600e+03 8.7214682488e+04 6.3228735400e+01
1.84700e+03 8.7267559886e+04 5.3962142511e+01
1.84800e+03 8.7320852669e+04 5.3932075272e+01
1.84900e+03 8.7372799805e+04 5.1920394493e+01
1.85000e+03 8.7425071525e+04 5.6368143912e+01
1.85100e+03 8.7478019004e+04 5.3948223494e+01
1.85200e+03 8.7535753481e+04 6.3479969316e+01
1.85300e+03 8.7593774961e+04 1.0794834480e+02
1.85400e+03 8.7651504861e+04 1.0783581869e+02
1.85500e+03 8.7708193401e+04 2.3972637705e+02
1.85600e+03 8.7758054603e+04 5.1483756858e+01
1.85700e+03 8.7807681548e+04 1.0542385794e+02
1.85800e+03 8.7857690745e+04 4.7192600944e+01
1.85900e+03 8.7908436193e+04 6.1134888651e+01
1.86000e+03 8.7959611227e+04 1.1285027986e+02
1.86100e+03 8.8010422906e+04 4.9466741238e+01
1.86200e+03 8.8065793351e+04 2.3594547331e+00
1.86300e+03 8.8120215664e+04 9.6311453839e+01
1.86400e+03 8.8168027213e+04 6.1248774380e+01
1.86500e+03 8.8216584485e+04 2.2544070892e+00
1.86600e+03 8.8269515313e+04 9.1424897756e+01
1.86700e+03 8.8321526219e+04 5.8776118784e+01
1.86800e+03 8.8367193849e+04 4.3960714640e+00
1.86900e+03 8.8412689769e+04 9.9810233560e+01
1.87000e+03 8.8458554142e+04 3.8712896357e+01
1.87100e+03 8.8504234935e+04 3.8859057739e+01
1.87200e+03 8.8556419146e+04 3.1968187402e+02
1.87300e+03 8.8610091479e+04 1.4796415026e+02
1.87400e+03 8.8659608131e+04 1.2284309234e+02
1.87500e+03 8.8707566816e+04 1.9476267826e+01
1.87600e+03 8.8762190381e+04 2.4393549589e+00
1.87700e+03 8.8818294167e+04 8.5575835048e+01
1.87800e+03 8.8874009694e+04 1.4222662919e+02
1.87900e+03 8.8929882398e+04 5.8708938348e+01
1.88000e+03 8.8981460622e+04 2.1518363140e+01
1.88100e+03 8.9031471491e+04 4.4891005649e+00
1.88200e+03 8.9088382358e+04 1.4166211802e+02
1.88300e+03 8.9145494526e+04 2.0053951940e+02
1.88400e+03 8.9202116383e+04 6.0675152762e+01
1.88500e+03 8.9260352732e+04 2.3636452587e+00
1.88600e+03 8.9314016213e+04 6.5698684575e+00
1.88700e+03 8.9366098896e+04 2.0420674770e+02
1.88800e+03 8.9425317353e+04 2.5966003749e+00
1.88900e+03 8.9486039257e+04 2.4855539634e+00
1.89000e+03 8.9541888143e+04 2.0618794635e+02
1.89100e+03 8.9596102949e+04 4.7261268681e+00
1.89200e+03 8.9657672930e+04 2.3515237235e+00
1.89300e+03 8.9720741267e+04 1.7744831616e+02
1.89400e+03 8.9778692442e+04 6.8236890905e+00
1.89500e+03 8.9834981609e+04 4.4235327981e+00
1.89600e+03 8.9898852917e+04 1.2345238273e+02
1.89700e+03 8.9962927663e+04 1.9584916136e+02
1.89800e+03 9.0026440816e+04 7.4144101870e+01
1.89900e+03 9.0091586515e+04 8.8942261695e+00
1.90000e+03 9.0156324678e+04 3.2429034090e+02
1.90100e+03 9.0220033737e+04 7.3704271061e+01
1.90200e+03 9.0276204445e+04 2.8621098780e+02
1.90300e+03 9.0333027400e+04 5.1389200261e+02
1.90400e+03 9.0395144904e+04 7.1009907856e+01
1.90500e+03 9.0456375852e+04 2.4781109416e+00
1.90600e+03 9.0510335301e+04 1.9674604487e+02
1.90700e+03 9.0564037422e+04 2.5317362640e+02
1.90800e+03 9.0625186390e+04 6.8790749114e+01
1.90900e+03 9.0687897970e+04 2.1055208307e+02
1.91000e+03 9.0745566267e+04 2.5705668430e+02
1.91100e+03 9.0801613023e+04 1.2704809419e+01
1.91200e+03 9.0865247760e+04 7.6055440419e+01
1.91300e+03 9.0930409186e+04 4.6263271751e+01
1.91400e+03 9.0995117407e+04 1.1990176459e+02
1.91500e+03 9.1060023348e+04 7.5712951649e+01
1.91600e+03 9.1124577003e+04 7.5482672018e+01
1.91700e+03 9.1188116945e+04 1.4701033683e+02
1.91800e+03 9.1244149432e+04 6.8728291606e+01
1.91900e+03 9.1299888865e+04 7.5672061808e+01
1.92000e+03 9.1363294013e+04 1.2162465804e+02
1.92100e+03 9.1426970395e+04 1.2163947365e+02
1.92200e+03 9.1490140649e+04 7.2722347768e+01
1.92300e+03 9.1554979947e+04 7.5340546607e+01
1.92400e+03 9.1614603739e+04 9.0243989367e+01
1.92500e+03 9.1673559452e+04 2.6826070864e+02
1.92600e+03 9.1737963446e+04 7.5115545507e+01
1.92700e+03 9.1801464994e+04 7.2474791230e+01
1.92800e+03 9.1864504242e+04 7.2271310053e+01
1.92900e+03 9.1927937384e+04 7.2130633446e+01
1.93000e+03 9.1990938725e+04 7.2020596781e+01
1.93100e+03 9.2054340209e+04 7.1916917336e+01
1.93200e+03 9.2117314510e+04 7.1817959983e+01
1.93300e+03 9.2181996062e+04 7.4882683498e+01
1.93400e+03 9.2241499835e+04 1.2562078659e+02
1.93500e+03 9.2299404823e+04 4.1221197026e+02
1.93600e+03 9.2365134284e+04 2.7551598419e+00
1.93700e+03 9.2432417630e+04 2.6017948504e+00
1.93800e+03 9.2499246758e+04 2.1642298887e+02
1.93900e+03 9.2565048945e+04 7.6899250504e+01
1.94000e+03 9.2623100579e+04 4.8941529413e+02
1.94100e+03 9.2681789876e+04 2.9098058027e+02
1.94200e+03 9.2745991116e+04 7.4194463069e+01
1.94300e+03 9.2810566049e+04 2.8761842138e+02
1.94400e+03 9.2870020633e+04 2.9064040994e+02
1.94500e+03 9.2927876794e+04 6.1150641986e+01
1.94600e+03 9.2993555282e+04 1.5068896802e+02
1.94700e+03 9.3060789762e+04 2.6595465015e+00
1.94800e+03 9.3127572890e+04 7.9156366200e+01
1.94900e+03 9.3193331101e+04 1.5049430231e+02
1.95000e+03 9.3258593212e+04 7.6009841367e+01
1.95100e+03 9.3325554806e+04 7.8804324586e+01
1.95200e+03 9.3387106884e+04 5.8556338878e+01
1.95300e+03 9.3447983677e+04 1.5538497373e+02
1.95400e+03 9.3514536849e+04 7.8495564427e+01
1.95500e+03 9.3580204802e+04 7.5843573261e+01
1.95600e+03 9.3645399101e+04 7.5699917396e+01
1.95700e+03 9.3712303547e+04 7.8359920191e+01
1.95800e+03 9.3773808112e+04 9.8723231838e+01
1.95900e+03 9.3834642746e+04 7.8374910111e+01
1.96000e+03 9.3901153896e+04 7.8239537191e+01
1.96100e+03 9.3966782878e+04 7.5585247180e+01
1.96200e+03 9.4031941221e+04 7.5473706815e+01
1.96300e+03 9.4098811774e+04 7.8127404566e+01
1.96400e+03 9.4160287330e+04 7.8267525628e+01
1.96500e+03 9.4221094894e+04 7.8134227579e+01
1.96600e+03 9.4287577996e+04 7.8021229625e+01
1.96700e+03 9.4354423885e+04 7.7918544268e+01
1.96800e+03 9.4415913750e+04 7.8070401896e+01
1.96900e+03 9.4476726886e+04 7.7948780229e+01
1.97000e+03 9.4543211055e+04 7.7841692858e+01
1.97100e+03 9.4610055849e+04 7.7762756905e+01
1.97200e+03 9.4676572712e+04 7.7717687113e+01
1.97300e+03 9.4742109981e+04 7.5306519857e+01
1.97400e+03 9.4807184123e+04 1.6545105357e+02
1.97500e+03 9.4873978044e+04 7.7589096241e+01
1.97600e+03 9.4935392542e+04 7.7795465532e+01
1.97700e+03 9.4995195382e+04 4.8627977814e+02
1.97800e+03 9.5055381657e+04 5.4901763159e+02
1.97900e+03 9.5116213419e+04 1.5542244644e+02
1.98000e+03 9.5177529177e+04 1.5516828295e+02
1.98100e+03 9.5238401015e+04 6.6327927591e+01
1.98200e+03 9.5304965345e+04 7.7558974898e+01
1.98300e+03 9.5370624774e+04 2.2954327645e+02
1.98400e+03 9.5435795988e+04 1.3910676343e+02
1.98500e+03 9.5502668704e+04 7.7560210042e+01
1.98600e+03 9.5564139200e+04 6.6416338816e+01
1.98700e+03 9.5624936602e+04 6.6275485608e+01
1.98800e+03 9.5691403599e+04 7.7385316882e+01
1.98900e+03 9.5756986416e+04 7.4755530826e+01
1.99000e+03 9.5814852982e+04 1.3261882934e+02
1.99100e+03 9.5873378768e+04 1.9879959078e+01
1.99200e+03 9.5932429854e+04 8.3649878596e+01
1.99300e+03 9.5990148619e+04 1.9453764973e+02
1.99400e+03 9.6055721963e+04 7.5082905690e+01
1.99500e+03 9.6122848305e+04 1.3897621255e+02
1.99600e+03 9.6189522975e+04 1.3904490890e+02
1.99700e+03 9.6255172674e+04 7.5074705039e+01
1.99800e+03 9.6320328110e+04 7.9723017564e+01
1.99900e+03 9.6385881881e+04 7.9547366147e+01
2.00000e+03 9.6443748206e+04 5.9404332536e+01
