time n      Viscous dissipation
0.00000e+00 4.0642048533e+02 -8.7247727454e+01
1.00000e-01 4.1015062447e+02 -8.9005647587e+01
2.00000e-01 4.1481236379e+02 -9.1057952358e+01
3.00000e-01 4.1983914043e+02 -9.3442985518e+01
4.00000e-01 4.2573367261e+02 -9.6280550779e+01
5.00000e-01 4.3281301374e+02 -9.9720279228e+01
6.00000e-01 4.4156383367e+02 -1.0376551970e+02
7.00000e-01 4.5282373135e+02 -1.0918784513e+02
8.00000e-01 4.6756700936e+02 -1.1635777624e+02
9.00000e-01 4.8727957969e+02 -1.2605907686e+02
1.00000e+00 5.1945398412e+02 -1.4156737434e+02
1.10000e+00 4.8806284339e+02 -1.2619615828e+02
1.20000e+00 4.6754841271e+02 -1.1643026730e+02
1.30000e+00 4.5250426883e+02 -1.0914845480e+02
1.40000e+00 4.4100218076e+02 -1.0364067304e+02
1.50000e+00 4.3256553286e+02 -9.9597480448e+01
1.60000e+00 4.2528391546e+02 -9.6127137888e+01
1.70000e+00 4.1916753508e+02 -9.3255207351e+01
1.80000e+00 4.1442918883e+02 -9.0992842398e+01
1.90000e+00 4.1006916554e+02 -8.8940062603e+01
2.00000e+00 4.0622925250e+02 -8.7166436179e+01
2.10000e+00 4.1007053682e+02 -8.8941147029e+01
2.20000e+00 4.1443236708e+02 -9.0994435063e+01
2.30000e+00 4.1942417329e+02 -9.3399391198e+01
2.40000e+00 4.2536998029e+02 -9.6142269798e+01
2.50000e+00 4.3252006012e+02 -9.9590346204e+01
2.60000e+00 4.4126238503e+02 -1.0385873137e+02
2.70000e+00 4.5261697778e+02 -1.0919489931e+02
2.80000e+00 4.6754841286e+02 -1.1643026415e+02
2.90000e+00 4.8754771346e+02 -1.2614881865e+02
3.00000e+00 5.1755742862e+02 -1.4116387896e+02
3.10000e+00 4.8727359140e+02 -1.2606497114e+02
3.20000e+00 4.6638930350e+02 -1.1593656288e+02
3.30000e+00 4.5255593280e+02 -1.0917461633e+02
3.40000e+00 4.4156174431e+02 -1.0376552748e+02
3.50000e+00 4.3256224498e+02 -9.9502930228e+01
3.60000e+00 4.2550191075e+02 -9.6127982656e+01
3.70000e+00 4.1943626640e+02 -9.3292138942e+01
3.80000e+00 4.1481227886e+02 -9.1057912784e+01
3.90000e+00 4.1042116470e+02 -8.9023529490e+01
4.00000e+00 5.3443887727e+02 -1.4652191430e+02
4.10000e+00 5.0383835123e+02 -1.3140975269e+02
4.20000e+00 4.8412916250e+02 -1.2162598708e+02
4.30000e+00 4.6982996817e+02 -1.1452707255e+02
4.40000e+00 4.5935325669e+02 -1.0947153986e+02
4.50000e+00 4.5088974741e+02 -1.0529132129e+02
4.60000e+00 4.4396578091e+02 -1.0191844182e+02
4.70000e+00 4.3901774578e+02 -9.9372445762e+01
4.80000e+00 4.3424762710e+02 -9.7032941417e+01
4.90000e+00 4.3010591136e+02 -9.5033360663e+01
5.00000e+00 4.2682278603e+02 -9.3303210876e+01
5.10000e+00 4.3025363461e+02 -9.5162766394e+01
5.20000e+00 4.3457330738e+02 -9.6978270681e+01
5.30000e+00 4.3924534869e+02 -9.9263256735e+01
5.40000e+00 4.4463207133e+02 -1.0204872078e+02
5.50000e+00 4.5134282413e+02 -1.0537063824e+02
5.60000e+00 4.5963393717e+02 -1.0943352664e+02
5.70000e+00 4.7024582821e+02 -1.1483485083e+02
5.80000e+00 4.8442334845e+02 -1.2190223180e+02
5.90000e+00 5.0420680686e+02 -1.3178405987e+02
6.00000e+00 5.3338254286e+02 -1.4643675921e+02
6.10000e+00 5.0349156795e+02 -1.3152952438e+02
6.20000e+00 4.8389068469e+02 -1.2181382651e+02
6.30000e+00 4.7026645206e+02 -1.1483656009e+02
6.40000e+00 4.5943999791e+02 -1.0950468028e+02
6.50000e+00 4.5138701616e+02 -1.0534415689e+02
6.60000e+00 4.4452730821e+02 -1.0200706011e+02
6.70000e+00 4.3914809189e+02 -9.9304777462e+01
6.80000e+00 4.3434069195e+02 -9.7004722030e+01
6.90000e+00 4.3025365376e+02 -9.5162760815e+01
7.00000e+00 4.2689497961e+02 -9.3394124632e+01
7.10000e+00 4.3030969626e+02 -9.5104511539e+01
7.20000e+00 4.3434276713e+02 -9.7146017700e+01
7.30000e+00 4.3899628759e+02 -9.9476228313e+01
7.40000e+00 4.4457607600e+02 -1.0207718371e+02
7.50000e+00 4.5137910712e+02 -1.0538696592e+02
7.60000e+00 4.5970605653e+02 -1.0955077188e+02
7.70000e+00 4.7024735117e+02 -1.1486564103e+02
7.80000e+00 4.8412754945e+02 -1.2162613444e+02
7.90000e+00 5.0403725496e+02 -1.3146939492e+02
8.00000e+00 4.0630977004e+02 -8.7271390832e+01
8.10000e+00 4.1001411758e+02 -8.9027012818e+01
8.20000e+00 4.1481232587e+02 -9.1057947082e+01
8.30000e+00 4.1983911102e+02 -9.3442999011e+01
8.40000e+00 4.2573367300e+02 -9.6280569378e+01
8.50000e+00 4.3281301750e+02 -9.9720302851e+01
8.60000e+00 4.4156330177e+02 -1.0376543996e+02
8.70000e+00 4.5282328231e+02 -1.0918780965e+02
8.80000e+00 4.6756675128e+02 -1.1635776764e+02
8.90000e+00 4.8727940672e+02 -1.2605796954e+02
9.00000e+00 5.1945355219e+02 -1.4156739057e+02
9.10000e+00 4.8806233222e+02 -1.2619617246e+02
9.20000e+00 4.6754841039e+02 -1.1643026785e+02
9.30000e+00 4.5250426346e+02 -1.0914845345e+02
9.40000e+00 4.4100216989e+02 -1.0364067134e+02
9.50000e+00 4.3256551120e+02 -9.9597481703e+01
9.60000e+00 4.2528391338e+02 -9.6127126459e+01
9.70000e+00 4.1916753575e+02 -9.3255199673e+01
9.80000e+00 4.1442527091e+02 -9.0993020980e+01
9.90000e+00 4.1006440983e+02 -8.8940258920e+01
1.00000e+01 4.0622379631e+02 -8.7166648862e+01
1.01000e+01 4.1006576768e+02 -8.8941343637e+01
1.02000e+01 4.1442841251e+02 -9.0994613794e+01
1.03000e+01 4.1942100231e+02 -9.3399571935e+01
1.04000e+01 4.2536969776e+02 -9.6142299962e+01
1.05000e+01 4.3251958775e+02 -9.9590217970e+01
1.06000e+01 4.4126186468e+02 -1.0385868607e+02
1.07000e+01 4.5261285176e+02 -1.0919465990e+02
1.08000e+01 4.6754906590e+02 -1.1642986166e+02
1.09000e+01 4.8830492069e+02 -1.2631593144e+02
1.10000e+01 5.1939662364e+02 -1.4149610491e+02
1.11000e+01 4.8829763952e+02 -1.2631782364e+02
1.12000e+01 4.6746570290e+02 -1.1617487602e+02
1.13000e+01 4.5261697928e+02 -1.0919489996e+02
1.14000e+01 4.4120302931e+02 -1.0370478865e+02
1.15000e+01 4.3256551090e+02 -9.9597481756e+01
1.16000e+01 4.2528391285e+02 -9.6127126555e+01
1.17000e+01 4.1916753511e+02 -9.3255199794e+01
1.18000e+01 4.1442919075e+02 -9.0992842813e+01
1.19000e+01 4.1006916660e+02 -8.8940063260e+01
1.20000e+01 4.0622925238e+02 -8.7166437008e+01
1.21000e+01 4.1007053787e+02 -8.8941147689e+01
1.22000e+01 4.1443236973e+02 -9.0994435306e+01
1.23000e+01 4.1942417881e+02 -9.3399390715e+01
1.24000e+01 4.2537045936e+02 -9.6141814458e+01
1.25000e+01 4.3252020961e+02 -9.9589896361e+01
1.26000e+01 4.4126187221e+02 -1.0385828133e+02
1.27000e+01 4.5261303038e+02 -1.0919469737e+02
1.28000e+01 4.6754906303e+02 -1.1642985678e+02
1.29000e+01 4.8830405509e+02 -1.2631571796e+02
1.30000e+01 5.1859476476e+02 -1.4135063624e+02
1.31000e+01 4.8721973020e+02 -1.2605691503e+02
1.32000e+01 4.6743385821e+02 -1.1644152419e+02
1.33000e+01 4.5255718378e+02 -1.0917558009e+02
1.34000e+01 4.4156358393e+02 -1.0376516885e+02
1.35000e+01 4.3256437448e+02 -9.9502382124e+01
1.36000e+01 4.2550187647e+02 -9.6127958012e+01
1.37000e+01 4.1943628841e+02 -9.3292115194e+01
1.38000e+01 4.1481686109e+02 -9.1057004482e+01
1.39000e+01 4.1042585691e+02 -8.9022578324e+01
1.40000e+01 4.0642073911e+02 -8.7247664622e+01
1.41000e+01 4.1015088896e+02 -8.9005589789e+01
1.42000e+01 4.1481685920e+02 -9.1057008243e+01
1.43000e+01 4.1984347911e+02 -9.3442102758e+01
1.44000e+01 4.2573771465e+02 -9.6279752417e+01
1.45000e+01 4.3281666826e+02 -9.9719592458e+01
1.46000e+01 4.4156197955e+02 -1.0376486176e+02
1.47000e+01 4.5282221793e+02 -1.0918712477e+02
1.48000e+01 4.6756600875e+02 -1.1635696843e+02
1.49000e+01 4.8728230075e+02 -1.2605620472e+02
1.50000e+01 5.1944413338e+02 -1.4156794355e+02
1.51000e+01 4.8806046199e+02 -1.2619565495e+02
1.52000e+01 4.6754841113e+02 -1.1643027645e+02
1.53000e+01 4.5250424647e+02 -1.0914845765e+02
1.54000e+01 4.4100214367e+02 -1.0364067275e+02
1.55000e+01 4.3256551172e+02 -9.9597489895e+01
1.56000e+01 4.2528390010e+02 -9.6127145325e+01
1.57000e+01 4.1916752263e+02 -9.3255214578e+01
1.58000e+01 4.1442527429e+02 -9.0993021420e+01
1.59000e+01 4.1006441224e+02 -8.8940259539e+01
1.60000e+01 5.3382413486e+02 -1.4638573438e+02
1.61000e+01 5.0354764580e+02 -1.3156599320e+02
1.62000e+01 4.8387982227e+02 -1.2181848800e+02
1.63000e+01 4.7012987716e+02 -1.1474400729e+02
1.64000e+01 4.5932392341e+02 -1.0942561471e+02
1.65000e+01 4.5134285463e+02 -1.0537138330e+02
1.66000e+01 4.4449047557e+02 -1.0203017298e+02
1.67000e+01 4.3922515350e+02 -9.9298945509e+01
1.68000e+01 4.3441456311e+02 -9.6997881353e+01
1.69000e+01 4.3021599141e+02 -9.5034998815e+01
1.70000e+01 4.2698629241e+02 -9.3405512219e+01
1.71000e+01 4.3027269819e+02 -9.5182098357e+01
1.72000e+01 4.3460371273e+02 -9.7023905108e+01
1.73000e+01 4.3924993991e+02 -9.9307162652e+01
1.74000e+01 4.4468023019e+02 -1.0205435143e+02
1.75000e+01 4.5142823201e+02 -1.0538103018e+02
1.76000e+01 4.5959729265e+02 -1.0946444713e+02
1.77000e+01 4.7023800458e+02 -1.1475016779e+02
1.78000e+01 4.8387969257e+02 -1.2181847366e+02
1.79000e+01 5.0354750831e+02 -1.3156608722e+02
1.80000e+01 4.0657508563e+02 -8.7249836189e+01
1.81000e+01 4.1007192092e+02 -8.8977977481e+01
1.82000e+01 4.1442524076e+02 -9.0993053253e+01
1.83000e+01 4.1941804972e+02 -9.3398434592e+01
1.84000e+01 4.2536808667e+02 -9.6141658583e+01
1.85000e+01 4.3251762048e+02 -9.9589340209e+01
1.86000e+01 4.4125893232e+02 -1.0385734028e+02
1.87000e+01 4.5261698191e+02 -1.0919490111e+02
1.88000e+01 4.6754897544e+02 -1.1642989272e+02
1.89000e+01 4.8754780461e+02 -1.2614879550e+02
1.90000e+01 5.1896009810e+02 -1.4138685701e+02
1.91000e+01 4.8750247789e+02 -1.2606079284e+02
1.92000e+01 4.6743328449e+02 -1.1644195667e+02
1.93000e+01 4.5255701111e+02 -1.0917562841e+02
1.94000e+01 4.4156197514e+02 -1.0376500010e+02
1.95000e+01 4.3256269687e+02 -9.9502167567e+01
1.96000e+01 4.2550124443e+02 -9.6127867695e+01
1.97000e+01 4.1943547796e+02 -9.3292023763e+01
1.98000e+01 4.1481651766e+02 -9.1056847861e+01
1.99000e+01 4.1042556613e+02 -8.9022428824e+01
2.00000e+01 4.0642178147e+02 -8.7247719574e+01
2.01000e+01 4.1015192616e+02 -8.9005639605e+01
2.02000e+01 4.1481686199e+02 -9.1057021714e+01
2.03000e+01 4.1984347480e+02 -9.3442101395e+01
2.04000e+01 4.2573768719e+02 -9.6279745739e+01
2.05000e+01 4.3281665075e+02 -9.9719579719e+01
2.06000e+01 4.4156203791e+02 -1.0376497686e+02
2.07000e+01 4.5282204473e+02 -1.0918736423e+02
2.08000e+01 4.6756554759e+02 -1.1635734997e+02
2.09000e+01 4.8728445001e+02 -1.2606228221e+02
2.10000e+01 5.1944681866e+02 -1.4157133381e+02
2.11000e+01 4.8806684493e+02 -1.2619798780e+02
2.12000e+01 4.6754907736e+02 -1.1642986780e+02
2.13000e+01 4.5250467018e+02 -1.0914819261e+02
2.14000e+01 4.4100240329e+02 -1.0364050888e+02
2.15000e+01 4.3256554586e+02 -9.9597498076e+01
2.16000e+01 4.2528394814e+02 -9.6127142824e+01
2.17000e+01 4.1916756944e+02 -9.3255216279e+01
2.18000e+01 4.1442916535e+02 -9.0992877533e+01
2.19000e+01 4.1006912936e+02 -8.8940101758e+01
2.20000e+01 4.0622920360e+02 -8.7166478942e+01
2.21000e+01 4.1007050034e+02 -8.8941186391e+01
2.22000e+01 4.1443234240e+02 -9.0994470784e+01
2.23000e+01 4.1942419494e+02 -9.3399425257e+01
2.24000e+01 4.2537040435e+02 -9.6142019647e+01
2.25000e+01 4.3252008193e+02 -9.9589751917e+01
2.26000e+01 4.4126158559e+02 -1.0385789795e+02
2.27000e+01 4.5261303053e+02 -1.0919470135e+02
2.28000e+01 4.6754840731e+02 -1.1643028492e+02
2.29000e+01 4.8754779947e+02 -1.2614879430e+02
2.30000e+01 5.1896715313e+02 -1.4138697588e+02
2.31000e+01 4.8750802869e+02 -1.2606094096e+02
2.32000e+01 4.6743320553e+02 -1.1644115266e+02
2.33000e+01 4.5255699340e+02 -1.0917562038e+02
2.34000e+01 4.4156215611e+02 -1.0376525726e+02
2.35000e+01 4.3256291340e+02 -9.9502385790e+01
2.36000e+01 4.2550191480e+02 -9.6127982082e+01
2.37000e+01 4.1943627866e+02 -9.3292133632e+01
2.38000e+01 4.1481650556e+02 -9.1056852386e+01
2.39000e+01 4.1042554944e+02 -8.9022436192e+01
2.40000e+01 5.3444348658e+02 -1.4652114135e+02
2.41000e+01 5.0383686707e+02 -1.3141359775e+02
2.42000e+01 4.8412749139e+02 -1.2162613243e+02
2.43000e+01 4.6982903457e+02 -1.1452739817e+02
2.44000e+01 4.5937386393e+02 -1.0945292939e+02
2.45000e+01 4.5090189128e+02 -1.0527247953e+02
2.46000e+01 4.4397104718e+02 -1.0190080823e+02
2.47000e+01 4.3901775099e+02 -9.9372456757e+01
2.48000e+01 4.3424763049e+02 -9.7032951644e+01
2.49000e+01 4.3010591478e+02 -9.5033368687e+01
2.50000e+01 4.2647454577e+02 -9.3302744798e+01
2.51000e+01 4.3010929225e+02 -9.5034968858e+01
2.52000e+01 4.3425500712e+02 -9.7035596495e+01
2.53000e+01 4.3902866411e+02 -9.9375329186e+01
2.54000e+01 4.4456686845e+02 -1.0214751596e+02
2.55000e+01 4.5137911984e+02 -1.0538695771e+02
2.56000e+01 4.5970608483e+02 -1.0955075459e+02
2.57000e+01 4.7024740423e+02 -1.1486561123e+02
2.58000e+01 4.8412744147e+02 -1.2162683812e+02
2.59000e+01 5.0403735941e+02 -1.3146937134e+02
2.60000e+01 5.3413729320e+02 -1.4645018278e+02
2.61000e+01 5.0404426527e+02 -1.3147015168e+02
2.62000e+01 4.8399810200e+02 -1.2151186106e+02
2.63000e+01 4.7025934288e+02 -1.1480282212e+02
2.64000e+01 4.5946884082e+02 -1.0945442269e+02
2.65000e+01 4.5092550574e+02 -1.0526395129e+02
2.66000e+01 4.4457612064e+02 -1.0207720834e+02
2.67000e+01 4.3893354046e+02 -9.9306979275e+01
2.68000e+01 4.3409325388e+02 -9.6975167667e+01
2.69000e+01 4.2991369054e+02 -9.4985418606e+01
2.70000e+01 4.2667925497e+02 -9.3381373180e+01
2.71000e+01 4.3025363393e+02 -9.5162765210e+01
2.72000e+01 4.3457333950e+02 -9.6978005627e+01
2.73000e+01 4.3924519142e+02 -9.9263023547e+01
2.74000e+01 4.4463230404e+02 -1.0204868699e+02
2.75000e+01 4.5134312506e+02 -1.0537053305e+02
2.76000e+01 4.5963372763e+02 -1.0943334291e+02
2.77000e+01 4.7026680102e+02 -1.1483679068e+02
2.78000e+01 4.8444408081e+02 -1.2190406880e+02
2.79000e+01 5.0422686196e+02 -1.3178570788e+02
2.80000e+01 5.3337811107e+02 -1.4644031720e+02
2.81000e+01 5.0349524623e+02 -1.3152812763e+02
2.82000e+01 4.8389067746e+02 -1.2181382784e+02
2.83000e+01 4.7026680167e+02 -1.1483680144e+02
2.84000e+01 4.5944028886e+02 -1.0950487504e+02
2.85000e+01 4.5138705935e+02 -1.0534412846e+02
2.86000e+01 4.4452736742e+02 -1.0200701633e+02
2.87000e+01 4.3914827099e+02 -9.9304988310e+01
2.88000e+01 4.3434092377e+02 -9.7004924191e+01
2.89000e+01 4.3025304361e+02 -9.5162533058e+01
2.90000e+01 4.2667990234e+02 -9.3381379604e+01
2.91000e+01 4.3025363290e+02 -9.5162761502e+01
2.92000e+01 4.3457330598e+02 -9.6978271548e+01
2.93000e+01 4.3924534695e+02 -9.9263257579e+01
2.94000e+01 4.4463205173e+02 -1.0204874337e+02
2.95000e+01 4.5134273945e+02 -1.0537067610e+02
2.96000e+01 4.5963364992e+02 -1.0943341628e+02
2.97000e+01 4.7026659827e+02 -1.1483687552e+02
2.98000e+01 4.8444398230e+02 -1.2190413269e+02
2.99000e+01 5.0422683139e+02 -1.3178578479e+02
3.00000e+01 5.3338221058e+02 -1.4643674409e+02
3.01000e+01 5.0349168801e+02 -1.3152967211e+02
3.02000e+01 4.8389077201e+02 -1.2181379235e+02
3.03000e+01 4.7026680738e+02 -1.1483679840e+02
3.04000e+01 4.5944030204e+02 -1.0950487334e+02
3.05000e+01 4.5138706136e+02 -1.0534413833e+02
3.06000e+01 4.4452737229e+02 -1.0200700924e+02
3.07000e+01 4.3914827690e+02 -9.9304993587e+01
3.08000e+01 4.3434093089e+02 -9.7004936974e+01
3.09000e+01 4.3025361571e+02 -9.5162794369e+01
3.10000e+01 4.2714052639e+02 -9.3482857862e+01
3.11000e+01 4.3024839859e+02 -9.5180809536e+01
3.12000e+01 4.3423254670e+02 -9.7167629663e+01
3.13000e+01 4.3901825123e+02 -9.9372505359e+01
3.14000e+01 4.4455804410e+02 -1.0214556424e+02
3.15000e+01 4.5137912014e+02 -1.0538695782e+02
3.16000e+01 4.5970608539e+02 -1.0955075506e+02
3.17000e+01 4.7024740480e+02 -1.1486561182e+02
3.18000e+01 4.8412711210e+02 -1.2162646846e+02
3.19000e+01 5.0403688771e+02 -1.3146933177e+02
3.20000e+01 4.0630971045e+02 -8.7271389403e+01
3.21000e+01 4.1001405494e+02 -8.9027011663e+01
3.22000e+01 4.1481657342e+02 -9.1056612335e+01
3.23000e+01 4.1984318551e+02 -9.3441702530e+01
3.24000e+01 4.2573742191e+02 -9.6279349911e+01
3.25000e+01 4.3281636936e+02 -9.9719189465e+01
3.26000e+01 4.4156189976e+02 -1.0376513703e+02
3.27000e+01 4.5282195530e+02 -1.0918754422e+02
3.28000e+01 4.6756549026e+02 -1.1635754284e+02
3.29000e+01 4.8772970704e+02 -1.2624470157e+02
3.30000e+01 5.1985607105e+02 -1.4166843615e+02
3.31000e+01 4.8829239826e+02 -1.2627906211e+02
3.32000e+01 4.6754907811e+02 -1.1642986343e+02
3.33000e+01 4.5250467734e+02 -1.0914818836e+02
3.34000e+01 4.4100241348e+02 -1.0364050553e+02
3.35000e+01 4.3256556718e+02 -9.9597501228e+01
3.36000e+01 4.2528394624e+02 -9.6127160478e+01
3.37000e+01 4.1916756322e+02 -9.3255230932e+01
3.38000e+01 4.1442524139e+02 -9.0993053861e+01
3.39000e+01 4.1006436942e+02 -8.8940295033e+01
3.40000e+01 5.3382412354e+02 -1.4638574516e+02
3.41000e+01 5.0354749993e+02 -1.3156607695e+02
3.42000e+01 4.8387968392e+02 -1.2181848276e+02
3.43000e+01 4.7012978074e+02 -1.1474405309e+02
3.44000e+01 4.5932387134e+02 -1.0942564033e+02
3.45000e+01 4.5134429162e+02 -1.0537216371e+02
3.46000e+01 4.4449216152e+02 -1.0203081445e+02
3.47000e+01 4.3922484348e+02 -9.9298994622e+01
3.48000e+01 4.3441443991e+02 -9.6997843341e+01
3.49000e+01 4.3021598153e+02 -9.5034932946e+01
3.50000e+01 4.2721135073e+02 -9.3505820988e+01
3.51000e+01 4.3021063568e+02 -9.5182079166e+01
3.52000e+01 4.3418986835e+02 -9.7167202333e+01
3.53000e+01 4.3903883869e+02 -9.9381921709e+01
3.54000e+01 4.4456013301e+02 -1.0215075693e+02
3.55000e+01 4.5141857120e+02 -1.0541497754e+02
3.56000e+01 4.5976036411e+02 -1.0958125649e+02
3.57000e+01 4.7024152225e+02 -1.1480848301e+02
3.58000e+01 4.8438980480e+02 -1.2188147758e+02
3.59000e+01 5.0391836836e+02 -1.3140332122e+02
3.60000e+01 5.3393790387e+02 -1.4631587101e+02
3.61000e+01 5.0392560260e+02 -1.3140579691e+02
3.62000e+01 4.8392998870e+02 -1.2147878307e+02
3.63000e+01 4.7024151985e+02 -1.1480848255e+02
3.64000e+01 4.5943326757e+02 -1.0945562360e+02
3.65000e+01 4.5141856719e+02 -1.0541497562e+02
3.66000e+01 4.4456725223e+02 -1.0204839468e+02
3.67000e+01 4.3881468138e+02 -9.9267775409e+01
3.68000e+01 4.3433666437e+02 -9.7148808283e+01
3.69000e+01 4.3028501106e+02 -9.5155690844e+01
3.70000e+01 4.2670409069e+02 -9.3432463220e+01
3.71000e+01 4.3028699121e+02 -9.5156782331e+01
3.72000e+01 4.3434120917e+02 -9.7150508402e+01
3.73000e+01 4.3898849084e+02 -9.9481800797e+01
3.74000e+01 4.4444472906e+02 -1.0225598438e+02
3.75000e+01 4.5141857014e+02 -1.0541498008e+02
3.76000e+01 4.5976036254e+02 -1.0958125888e+02
3.77000e+01 4.7024146378e+02 -1.1480854341e+02
3.78000e+01 4.8438966777e+02 -1.2188163458e+02
3.79000e+01 5.0391836952e+02 -1.3140331977e+02
3.80000e+01 4.0621891344e+02 -8.7233142493e+01
3.81000e+01 4.0993770454e+02 -8.8991315140e+01
3.82000e+01 4.1461486504e+02 -9.1002554452e+01
3.83000e+01 4.1964736642e+02 -9.3386493646e+01
3.84000e+01 4.2555846670e+02 -9.6135267151e+01
3.85000e+01 4.3275444825e+02 -9.9558639032e+01
3.86000e+01 4.4144552896e+02 -1.0374716450e+02
3.87000e+01 4.5268687667e+02 -1.0916571371e+02
3.88000e+01 4.6742301622e+02 -1.1643921965e+02
3.89000e+01 4.8817381684e+02 -1.2650939595e+02
3.90000e+01 5.1850935900e+02 -1.4120952340e+02
3.91000e+01 4.8737360768e+02 -1.2593115372e+02
3.92000e+01 4.6757493518e+02 -1.1644339239e+02
3.93000e+01 4.5258539822e+02 -1.0915849767e+02
3.94000e+01 4.4112345047e+02 -1.0365285691e+02
3.95000e+01 4.3243341468e+02 -9.9570432857e+01
3.96000e+01 4.2516775416e+02 -9.6097588201e+01
3.97000e+01 4.1943114768e+02 -9.3322663399e+01
3.98000e+01 4.1443854568e+02 -9.1005927726e+01
3.99000e+01 4.1007784074e+02 -8.8976778305e+01
4.00000e+01 5.3341561132e+02 -1.4650012356e+02
4.01000e+01 5.0360665645e+02 -1.3157303258e+02
4.02000e+01 4.8381299411e+02 -1.2177713735e+02
4.03000e+01 4.7014106971e+02 -1.1471938472e+02
4.04000e+01 4.5932878012e+02 -1.0941117167e+02
4.05000e+01 4.5130977357e+02 -1.0536541112e+02
4.06000e+01 4.4444701960e+02 -1.0202388846e+02
4.07000e+01 4.3909893732e+02 -9.9303908846e+01
4.08000e+01 4.3430903196e+02 -9.7008588617e+01
4.09000e+01 4.3008393061e+02 -9.5136346868e+01
4.10000e+01 4.2720388580e+02 -9.3506703310e+01
4.11000e+01 4.3023409582e+02 -9.5183706891e+01
4.12000e+01 4.3433031967e+02 -9.7138679568e+01
4.13000e+01 4.3897208910e+02 -9.9473125687e+01
4.14000e+01 4.4442973928e+02 -1.0225162188e+02
4.15000e+01 4.5133087091e+02 -1.0539364789e+02
4.16000e+01 4.5965416412e+02 -1.0955836849e+02
4.17000e+01 4.7019531168e+02 -1.1487486228e+02
4.18000e+01 4.8415843937e+02 -1.2167828149e+02
4.19000e+01 5.0415048317e+02 -1.3150206052e+02
4.20000e+01 4.0627224209e+02 -8.7229324416e+01
4.21000e+01 4.0999076139e+02 -8.8987114434e+01
4.22000e+01 4.1464815455e+02 -9.0991005728e+01
4.23000e+01 4.1963726399e+02 -9.3281204921e+01
4.24000e+01 4.2560044266e+02 -9.6108401930e+01
4.25000e+01 4.3272987993e+02 -9.9531132991e+01
4.26000e+01 4.4162371514e+02 -1.0375702061e+02
4.27000e+01 4.5288198109e+02 -1.0918635175e+02
4.28000e+01 4.6763161467e+02 -1.1636374050e+02
4.29000e+01 4.8776368419e+02 -1.2625970922e+02
4.30000e+01 5.1969730569e+02 -1.4159608362e+02
4.31000e+01 4.8755400607e+02 -1.2595504497e+02
4.32000e+01 4.6685956708e+02 -1.1581318661e+02
4.33000e+01 4.5258454633e+02 -1.0919901151e+02
4.34000e+01 4.4118888634e+02 -1.0369979485e+02
4.35000e+01 4.3213134152e+02 -9.9382061722e+01
4.36000e+01 4.2540117195e+02 -9.6135698331e+01
4.37000e+01 4.1942214416e+02 -9.3319256999e+01
4.38000e+01 4.1432043485e+02 -9.0914688742e+01
4.39000e+01 4.0988200763e+02 -8.8856086742e+01
4.40000e+01 4.0654798857e+02 -8.7241365199e+01
4.41000e+01 4.1007879937e+02 -8.8978603688e+01
4.42000e+01 4.1465163844e+02 -9.1085660957e+01
4.43000e+01 4.1964961732e+02 -9.3499824470e+01
4.44000e+01 4.2540166906e+02 -9.6136002149e+01
4.45000e+01 4.3257528090e+02 -9.9592675290e+01
4.46000e+01 4.4135147242e+02 -1.0386862893e+02
4.47000e+01 4.5258458537e+02 -1.0919920241e+02
4.48000e+01 4.6742608924e+02 -1.1642230685e+02
4.49000e+01 4.8755038827e+02 -1.2595657952e+02
4.50000e+01 5.2010315195e+02 -1.4169245244e+02
4.51000e+01 4.8852692008e+02 -1.2633970416e+02
4.52000e+01 4.6773028626e+02 -1.1649594200e+02
4.53000e+01 4.5266537758e+02 -1.0918581353e+02
4.54000e+01 4.4131567791e+02 -1.0371609261e+02
4.55000e+01 4.3237704671e+02 -9.9416492867e+01
4.56000e+01 4.2540170684e+02 -9.6136057058e+01
4.57000e+01 4.1942215486e+02 -9.3319260337e+01
4.58000e+01 4.1432043604e+02 -9.0914691128e+01
4.59000e+01 4.0988201225e+02 -8.8856086705e+01
4.60000e+01 5.3342199900e+02 -1.4645498285e+02
4.61000e+01 5.0346091436e+02 -1.3153281755e+02
4.62000e+01 4.8386091419e+02 -1.2177456635e+02
4.63000e+01 4.7012809837e+02 -1.1471530714e+02
4.64000e+01 4.5931647949e+02 -1.0940280402e+02
4.65000e+01 4.5133481801e+02 -1.0537548743e+02
4.66000e+01 4.4447640251e+02 -1.0204194370e+02
4.67000e+01 4.3920548748e+02 -9.9311807696e+01
4.68000e+01 4.3442009458e+02 -9.7012558727e+01
4.69000e+01 4.3025023145e+02 -9.5050824531e+01
4.70000e+01 4.2717944970e+02 -9.3487737754e+01
4.71000e+01 4.3047811721e+02 -9.5148300995e+01
4.72000e+01 4.3443975056e+02 -9.7131767839e+01
4.73000e+01 4.3903411869e+02 -9.9380808196e+01
4.74000e+01 4.4456126403e+02 -1.0214579562e+02
4.75000e+01 4.5133726695e+02 -1.0539123801e+02
4.76000e+01 4.5965570269e+02 -1.0955666334e+02
4.77000e+01 4.7022477282e+02 -1.1479134728e+02
4.78000e+01 4.8430747764e+02 -1.2167705285e+02
4.79000e+01 5.0394734466e+02 -1.3146154815e+02
4.80000e+01 5.3402122639e+02 -1.4641643447e+02
4.81000e+01 5.0394878897e+02 -1.3146106435e+02
4.82000e+01 4.8391206456e+02 -1.2153232965e+02
4.83000e+01 4.7022522663e+02 -1.1478954413e+02
4.84000e+01 4.5946471882e+02 -1.0943440354e+02
4.85000e+01 4.5093414767e+02 -1.0523783224e+02
4.86000e+01 4.4455282050e+02 -1.0207723833e+02
4.87000e+01 4.3903157612e+02 -9.9380347985e+01
4.88000e+01 4.3425949860e+02 -9.7047714620e+01
4.89000e+01 4.3011489164e+02 -9.5055537970e+01
4.90000e+01 4.2717942703e+02 -9.3487733495e+01
4.91000e+01 4.3047811613e+02 -9.5148301320e+01
4.92000e+01 4.3443974959e+02 -9.7131768584e+01
4.93000e+01 4.3903157426e+02 -9.9380349535e+01
4.94000e+01 4.4455700547e+02 -1.0214485374e+02
4.95000e+01 4.5133727242e+02 -1.0539123056e+02
4.96000e+01 4.5965573184e+02 -1.0955663666e+02
4.97000e+01 4.7022477138e+02 -1.1479134673e+02
4.98000e+01 4.8430758207e+02 -1.2167692745e+02
4.99000e+01 5.0394753501e+02 -1.3146139871e+02
5.00000e+01 4.0622867626e+02 -8.7247613297e+01
5.01000e+01 4.0994723076e+02 -8.9005277036e+01
5.02000e+01 4.1463087576e+02 -9.0988667619e+01
5.03000e+01 4.1965317985e+02 -9.3366459935e+01
5.04000e+01 4.2536471685e+02 -9.6115327243e+01
5.05000e+01 4.3253864495e+02 -9.9499026898e+01
5.06000e+01 4.4157114993e+02 -1.0373724686e+02
5.07000e+01 4.5278547789e+02 -1.0914694753e+02
5.08000e+01 4.6748331009e+02 -1.1631109591e+02
5.09000e+01 4.8817526404e+02 -1.2634674835e+02
5.10000e+01 5.1855055657e+02 -1.4105396128e+02
5.11000e+01 4.8737312101e+02 -1.2592982822e+02
5.12000e+01 4.6764549932e+02 -1.1644951349e+02
5.13000e+01 4.5260897734e+02 -1.0917014979e+02
5.14000e+01 4.4110713171e+02 -1.0366927034e+02
5.15000e+01 4.3242140103e+02 -9.9569967377e+01
5.16000e+01 4.2515549327e+02 -9.6095930390e+01
5.17000e+01 4.1941728798e+02 -9.3321504460e+01
5.18000e+01 4.1431520636e+02 -9.0917625903e+01
5.19000e+01 4.0987681148e+02 -8.8859513217e+01
5.20000e+01 5.3302626007e+02 -1.4637292211e+02
5.21000e+01 5.0351163830e+02 -1.3150491258e+02
5.22000e+01 4.8383598614e+02 -1.2179404877e+02
5.23000e+01 4.7012238311e+02 -1.1472539005e+02
5.24000e+01 4.5927757720e+02 -1.0940400364e+02
5.25000e+01 4.5127694613e+02 -1.0535017783e+02
5.26000e+01 4.4440988927e+02 -1.0201590469e+02
5.27000e+01 4.3922671118e+02 -9.9312064982e+01
5.28000e+01 4.3416157926e+02 -9.6952240787e+01
5.29000e+01 4.3011069214e+02 -9.5146352148e+01
5.30000e+01 4.2672808012e+02 -9.3391238196e+01
5.31000e+01 4.3011068454e+02 -9.5146313604e+01
5.32000e+01 4.3416157609e+02 -9.6952242966e+01
5.33000e+01 4.3922665989e+02 -9.9312034019e+01
5.34000e+01 4.4477632671e+02 -1.0204235112e+02
5.35000e+01 4.5142082707e+02 -1.0535296565e+02
5.36000e+01 4.5965040671e+02 -1.0946225706e+02
5.37000e+01 4.7028316329e+02 -1.1473997903e+02
5.38000e+01 4.8383598941e+02 -1.2179403775e+02
5.39000e+01 5.0350069499e+02 -1.3150759717e+02
5.40000e+01 4.0648013517e+02 -8.7233258665e+01
5.41000e+01 4.1032925970e+02 -8.8981984179e+01
5.42000e+01 4.1456992120e+02 -9.1023025609e+01
5.43000e+01 4.1946900154e+02 -9.3417788009e+01
5.44000e+01 4.2526576168e+02 -9.6269883429e+01
5.45000e+01 4.3242136359e+02 -9.9569906162e+01
5.46000e+01 4.4125324350e+02 -1.0385419104e+02
5.47000e+01 4.5260140981e+02 -1.0920020700e+02
5.48000e+01 4.6745247351e+02 -1.1641987558e+02
5.49000e+01 4.8829898388e+02 -1.2625378982e+02
5.50000e+01 5.1845999119e+02 -1.4138686587e+02
5.51000e+01 4.8701933102e+02 -1.2607101506e+02
5.52000e+01 4.6748220555e+02 -1.1631114837e+02
5.53000e+01 4.5241867572e+02 -1.0908631902e+02
5.54000e+01 4.4089446251e+02 -1.0363037986e+02
5.55000e+01 4.3253916749e+02 -9.9498943242e+01
5.56000e+01 4.2519972880e+02 -9.6053257519e+01
5.57000e+01 4.1967900158e+02 -9.3275589178e+01
5.58000e+01 4.1456128952e+02 -9.0897498541e+01
5.59000e+01 4.1011116141e+02 -8.8866847643e+01
5.60000e+01 5.3405409030e+02 -1.4632214103e+02
5.61000e+01 5.0371304738e+02 -1.3126647317e+02
5.62000e+01 4.8430743019e+02 -1.2167690168e+02
5.63000e+01 4.6998971435e+02 -1.1456820759e+02
5.64000e+01 4.5940255825e+02 -1.0950379277e+02
5.65000e+01 4.5091806338e+02 -1.0532871826e+02
5.66000e+01 4.4396660928e+02 -1.0195839510e+02
5.67000e+01 4.3903405869e+02 -9.9380782000e+01
5.68000e+01 4.3425872318e+02 -9.7047520992e+01
5.69000e+01 4.3010988982e+02 -9.5054741628e+01
5.70000e+01 4.2682909825e+02 -9.3437985405e+01
5.71000e+01 4.3028798607e+02 -9.5168906755e+01
5.72000e+01 4.3437172592e+02 -9.6967516990e+01
5.73000e+01 4.3905329189e+02 -9.9256890198e+01
5.74000e+01 4.4465023983e+02 -1.0204884869e+02
5.75000e+01 4.5135982290e+02 -1.0537311777e+02
5.76000e+01 4.5952274202e+02 -1.0946665505e+02
5.77000e+01 4.7016331999e+02 -1.1473666593e+02
5.78000e+01 4.8386086327e+02 -1.2177455391e+02
5.79000e+01 5.0346112557e+02 -1.3153280578e+02
5.80000e+01 5.3344324085e+02 -1.4644753104e+02
5.81000e+01 5.0346091693e+02 -1.3153280666e+02
5.82000e+01 4.8386470518e+02 -1.2177395500e+02
5.83000e+01 4.7012784975e+02 -1.1471469005e+02
5.84000e+01 4.5931646369e+02 -1.0940242484e+02
5.85000e+01 4.5133483256e+02 -1.0537549540e+02
5.86000e+01 4.4447638312e+02 -1.0204195566e+02
5.87000e+01 4.3920547922e+02 -9.9311804274e+01
5.88000e+01 4.3442009832e+02 -9.7012550820e+01
5.89000e+01 4.3025023821e+02 -9.5050816235e+01
5.90000e+01 4.2717944903e+02 -9.3487737777e+01
5.91000e+01 4.3047812601e+02 -9.5148298204e+01
5.92000e+01 4.3443976586e+02 -9.7131762490e+01
5.93000e+01 4.3903411707e+02 -9.9380803009e+01
5.94000e+01 4.4456126452e+02 -1.0214579085e+02
5.95000e+01 4.5133726689e+02 -1.0539123776e+02
5.96000e+01 4.5965570267e+02 -1.0955666289e+02
5.97000e+01 4.7022477049e+02 -1.1479134629e+02
5.98000e+01 4.8430762450e+02 -1.2167705080e+02
5.99000e+01 5.0394734889e+02 -1.3146154913e+02
6.00000e+01 4.0622866349e+02 -8.7247620578e+01
6.01000e+01 4.0994721995e+02 -8.9005282632e+01
6.02000e+01 4.1463091074e+02 -9.0988675370e+01
6.03000e+01 4.1965321182e+02 -9.3366458373e+01
6.04000e+01 4.2536472474e+02 -9.6115334434e+01
6.05000e+01 4.3253864779e+02 -9.9499067047e+01
6.06000e+01 4.4157195509e+02 -1.0373734797e+02
6.07000e+01 4.5278615671e+02 -1.0914729757e+02
6.08000e+01 4.6748151018e+02 -1.1631197025e+02
6.09000e+01 4.8817211518e+02 -1.2635000748e+02
6.10000e+01 5.1996790616e+02 -1.4164799744e+02
6.11000e+01 4.8840676146e+02 -1.2629994744e+02
6.12000e+01 4.6764536967e+02 -1.1644957825e+02
6.13000e+01 4.5260892650e+02 -1.0917018020e+02
6.14000e+01 4.4110711367e+02 -1.0366928258e+02
6.15000e+01 4.3242166057e+02 -9.9570039897e+01
6.16000e+01 4.2515571094e+02 -9.6095987622e+01
6.17000e+01 4.1941727735e+02 -9.3321505411e+01
6.18000e+01 4.1431520146e+02 -9.0917625346e+01
6.19000e+01 4.0987681244e+02 -8.8859513157e+01
6.20000e+01 5.3300957140e+02 -1.4637446449e+02
6.21000e+01 5.0351170877e+02 -1.3150477728e+02
6.22000e+01 4.8383601835e+02 -1.2179399724e+02
6.23000e+01 4.7012209121e+02 -1.1472586510e+02
6.24000e+01 4.5927743785e+02 -1.0940413833e+02
6.25000e+01 4.5127695678e+02 -1.0535026813e+02
6.26000e+01 4.4440952715e+02 -1.0201603791e+02
6.27000e+01 4.3922664578e+02 -9.9312032388e+01
6.28000e+01 4.3416160330e+02 -9.6952242118e+01
6.29000e+01 4.3011069264e+02 -9.5146311342e+01
6.30000e+01 4.2667664004e+02 -9.3410107985e+01
6.31000e+01 4.3009476566e+02 -9.5123797100e+01
6.32000e+01 4.3428050946e+02 -9.7131343962e+01
6.33000e+01 4.3893409922e+02 -9.9466626569e+01
6.34000e+01 4.4456201367e+02 -1.0207331267e+02
6.35000e+01 4.5126065124e+02 -1.0542825168e+02
6.36000e+01 4.5944169318e+02 -1.0951841581e+02
6.37000e+01 4.7007288397e+02 -1.1483947006e+02
6.38000e+01 4.8428373681e+02 -1.2165525565e+02
6.39000e+01 5.0410091769e+02 -1.3150457738e+02
6.40000e+01 5.3426925188e+02 -1.4641594435e+02
6.41000e+01 5.0387267390e+02 -1.3133737617e+02
6.42000e+01 4.8428425483e+02 -1.2165500284e+02
6.43000e+01 4.6994451646e+02 -1.1454893605e+02
6.44000e+01 4.5944245098e+02 -1.0951764991e+02
6.45000e+01 4.5096632761e+02 -1.0534197564e+02
6.46000e+01 4.4402056129e+02 -1.0197016901e+02
6.47000e+01 4.3897982731e+02 -9.9371400034e+01
6.48000e+01 4.3423765673e+02 -9.7042180544e+01
6.49000e+01 4.3012262307e+02 -9.5050744285e+01
6.50000e+01 4.2672807013e+02 -9.3391237714e+01
6.51000e+01 4.3011069063e+02 -9.5146358815e+01
6.52000e+01 4.3416158072e+02 -9.6952240852e+01
6.53000e+01 4.3922672093e+02 -9.9312064795e+01
6.54000e+01 4.4477640031e+02 -1.0204238548e+02
6.55000e+01 4.5142090088e+02 -1.0535301086e+02
6.56000e+01 4.5964975859e+02 -1.0946255557e+02
6.57000e+01 4.7028183066e+02 -1.1474055572e+02
6.58000e+01 4.8383598628e+02 -1.2179404886e+02
6.59000e+01 5.0350061528e+02 -1.3150773603e+02
6.60000e+01 5.3300960548e+02 -1.4637452603e+02
6.61000e+01 5.0351028217e+02 -1.3149839574e+02
6.62000e+01 4.8383601541e+02 -1.2179399949e+02
6.63000e+01 4.7012238818e+02 -1.1472538941e+02
6.64000e+01 4.5927758552e+02 -1.0940400442e+02
6.65000e+01 4.5127701143e+02 -1.0535017680e+02
6.66000e+01 4.4440993381e+02 -1.0201591624e+02
6.67000e+01 4.3922636471e+02 -9.9311971498e+01
6.68000e+01 4.3416158646e+02 -9.6952241925e+01
6.69000e+01 4.3011069995e+02 -9.5146337821e+01
6.70000e+01 4.2709883076e+02 -9.3488099129e+01
6.71000e+01 4.3037043262e+02 -9.5131587747e+01
6.72000e+01 4.3436470758e+02 -9.7118153801e+01
6.73000e+01 4.3897994545e+02 -9.9371340642e+01
6.74000e+01 4.4449663126e+02 -1.0213314948e+02
6.75000e+01 4.5132503691e+02 -1.0538654544e+02
6.76000e+01 4.5962465299e+02 -1.0955157306e+02
6.77000e+01 4.7014933919e+02 -1.1486701185e+02
6.78000e+01 4.8428425786e+02 -1.2165500349e+02
6.79000e+01 5.0410111459e+02 -1.3150518117e+02
6.80000e+01 5.3427134885e+02 -1.4641072277e+02
6.81000e+01 5.0387535399e+02 -1.3133453173e+02
6.82000e+01 4.8428425493e+02 -1.2165500339e+02
6.83000e+01 4.6994451615e+02 -1.1454893662e+02
6.84000e+01 4.5944248247e+02 -1.0951766173e+02
6.85000e+01 4.5096636494e+02 -1.0534198410e+02
6.86000e+01 4.4402060639e+02 -1.0197017555e+02
6.87000e+01 4.3898021292e+02 -9.9371372630e+01
6.88000e+01 4.3423789904e+02 -9.7042189730e+01
6.89000e+01 4.3012281486e+02 -9.5050765766e+01
6.90000e+01 4.2709917454e+02 -9.3487974906e+01
6.91000e+01 4.3037043043e+02 -9.5131584902e+01
6.92000e+01 4.3436470586e+02 -9.7118150375e+01
6.93000e+01 4.3898021429e+02 -9.9371377486e+01
6.94000e+01 4.4449692074e+02 -1.0213317397e+02
6.95000e+01 4.5132502561e+02 -1.0538654847e+02
6.96000e+01 4.5962461790e+02 -1.0955159259e+02
6.97000e+01 4.7014929039e+02 -1.1486704317e+02
6.98000e+01 4.8428426524e+02 -1.2165500538e+02
6.99000e+01 5.0410111352e+02 -1.3150518325e+02
7.00000e+01 5.3426926241e+02 -1.4641593724e+02
7.01000e+01 5.0387267971e+02 -1.3133736994e+02
7.02000e+01 4.8428375077e+02 -1.2165525868e+02
7.03000e+01 4.6994439230e+02 -1.1454899969e+02
7.04000e+01 4.5944245240e+02 -1.0951764859e+02
7.05000e+01 4.5096632889e+02 -1.0534197452e+02
7.06000e+01 4.4402056287e+02 -1.0197016789e+02
7.07000e+01 4.3898016328e+02 -9.9371401567e+01
7.08000e+01 4.3423787061e+02 -9.7042214008e+01
7.09000e+01 4.3012278943e+02 -9.5050788623e+01
7.10000e+01 4.2709859336e+02 -9.3488077649e+01
7.11000e+01 4.3037043891e+02 -9.5131579484e+01
7.12000e+01 4.3436471909e+02 -9.7118142083e+01
7.13000e+01 4.3898021594e+02 -9.9371386496e+01
7.14000e+01 4.4449693247e+02 -1.0213317976e+02
7.15000e+01 4.5132503566e+02 -1.0538654758e+02
7.16000e+01 4.5962467206e+02 -1.0955156379e+02
7.17000e+01 4.7014941500e+02 -1.1486696624e+02
7.18000e+01 4.8428426818e+02 -1.2165500594e+02
7.19000e+01 5.0410091400e+02 -1.3150457390e+02
7.20000e+01 4.0653772146e+02 -8.7237500644e+01
7.21000e+01 4.1028991949e+02 -8.8995523523e+01
7.22000e+01 4.1469247583e+02 -9.1043848941e+01
7.23000e+01 4.1973373283e+02 -9.3433121452e+01
7.24000e+01 4.2562702331e+02 -9.6275697234e+01
7.25000e+01 4.3271362083e+02 -9.9721528620e+01
7.26000e+01 4.4139187958e+02 -1.0373411131e+02
7.27000e+01 4.5263745263e+02 -1.0914921223e+02
7.28000e+01 4.6746172154e+02 -1.1640638201e+02
7.29000e+01 4.8822718605e+02 -1.2646585956e+02
7.30000e+01 5.1864617930e+02 -1.4130547727e+02
7.31000e+01 4.8832311365e+02 -1.2627452737e+02
7.32000e+01 4.6740684806e+02 -1.1612956276e+02
7.33000e+01 4.5259206570e+02 -1.0923555546e+02
7.34000e+01 4.4119638784e+02 -1.0373952546e+02
7.35000e+01 4.3242815759e+02 -9.9571894411e+01
7.36000e+01 4.2513603899e+02 -9.6106351266e+01
7.37000e+01 4.1901770276e+02 -9.3237613312e+01
7.38000e+01 4.1466522259e+02 -9.1019898472e+01
7.39000e+01 4.1031545564e+02 -8.8967928593e+01
7.40000e+01 5.3311221148e+02 -1.4653700479e+02
7.41000e+01 5.0347919640e+02 -1.3150151810e+02
7.42000e+01 4.8390121891e+02 -1.2180532951e+02
7.43000e+01 4.7012163311e+02 -1.1474267769e+02
7.44000e+01 4.5931625331e+02 -1.0942230950e+02
7.45000e+01 4.5127484650e+02 -1.0534593841e+02
7.46000e+01 4.4442370741e+02 -1.0201500941e+02
7.47000e+01 4.3926758458e+02 -9.9319981687e+01
7.48000e+01 4.3449585544e+02 -9.7027228366e+01
7.49000e+01 4.3033212716e+02 -9.5069912335e+01
7.50000e+01 4.2678154982e+02 -9.3413279546e+01
7.51000e+01 4.3021632909e+02 -9.5193883055e+01
7.52000e+01 4.3412528679e+02 -9.6961311077e+01
7.53000e+01 4.3926757789e+02 -9.9319963561e+01
7.54000e+01 4.4482138241e+02 -1.0204879496e+02
7.55000e+01 4.5147448172e+02 -1.0535693593e+02
7.56000e+01 4.5966548861e+02 -1.0947387217e+02
7.57000e+01 4.7029150472e+02 -1.1474970311e+02
7.58000e+01 4.8390121854e+02 -1.2180532933e+02
7.59000e+01 5.0346827091e+02 -1.3150428668e+02
7.60000e+01 5.3313363851e+02 -1.4652135274e+02
7.61000e+01 5.0347910062e+02 -1.3150132851e+02
7.62000e+01 4.8390109161e+02 -1.2180527701e+02
7.63000e+01 4.7012162640e+02 -1.1474267669e+02
7.64000e+01 4.5931624426e+02 -1.0942230755e+02
7.65000e+01 4.5127486762e+02 -1.0534590709e+02
7.66000e+01 4.4442369451e+02 -1.0201497828e+02
7.67000e+01 4.3926755611e+02 -9.9319993484e+01
7.68000e+01 4.3449582858e+02 -9.7027243808e+01
7.69000e+01 4.3033210263e+02 -9.5069927639e+01
7.70000e+01 4.2680006340e+02 -9.3445997752e+01
7.71000e+01 4.3024293934e+02 -9.5164559424e+01
7.72000e+01 4.3428315860e+02 -9.7132025660e+01
7.73000e+01 4.3893789002e+02 -9.9467881143e+01
7.74000e+01 4.4456753482e+02 -1.0207675221e+02
7.75000e+01 4.5124929427e+02 -1.0542465545e+02
7.76000e+01 4.5945939531e+02 -1.0957889678e+02
7.77000e+01 4.7014448405e+02 -1.1477111680e+02
7.78000e+01 4.8412468207e+02 -1.2172460702e+02
7.79000e+01 5.0407383010e+02 -1.3143463441e+02
7.80000e+01 5.3417949604e+02 -1.4631295079e+02
7.81000e+01 5.0407963775e+02 -1.3143617695e+02
7.82000e+01 4.8397492287e+02 -1.2151756350e+02
7.83000e+01 4.7014448656e+02 -1.1477111864e+02
7.84000e+01 4.5939970693e+02 -1.0942055439e+02
7.85000e+01 4.5088766237e+02 -1.0523144424e+02
7.86000e+01 4.4456721998e+02 -1.0207791387e+02
7.87000e+01 4.3893816804e+02 -9.9307197283e+01
7.88000e+01 4.3411983194e+02 -9.6974696522e+01
7.89000e+01 4.3032426885e+02 -9.5114372358e+01
7.90000e+01 4.2681048817e+02 -9.3401456418e+01
7.91000e+01 4.3032676310e+02 -9.5115400902e+01
7.92000e+01 4.3428122786e+02 -9.7094600544e+01
7.93000e+01 4.3904715230e+02 -9.9368579547e+01
7.94000e+01 4.4458395326e+02 -1.0214391042e+02
7.95000e+01 4.5138028540e+02 -1.0540843499e+02
7.96000e+01 4.5972922846e+02 -1.0957905609e+02
7.97000e+01 4.7030270066e+02 -1.1489861217e+02
7.98000e+01 4.8412686566e+02 -1.2172582263e+02
7.99000e+01 5.0407382866e+02 -1.3143464594e+02
8.00000e+01 4.0617698716e+02 -8.7237875194e+01
8.01000e+01 4.0989583890e+02 -8.8994050400e+01
8.02000e+01 4.1461330710e+02 -9.0980232691e+01
8.03000e+01 4.1973490161e+02 -9.3275285520e+01
8.04000e+01 4.2569574937e+02 -9.6102482904e+01
8.05000e+01 4.3282034249e+02 -9.9525055797e+01
8.06000e+01 4.4147448370e+02 -1.0374404448e+02
8.07000e+01 4.5251173444e+02 -1.0916165692e+02
8.08000e+01 4.6740485971e+02 -1.1633125425e+02
8.09000e+01 4.8787430611e+02 -1.2613554040e+02
8.10000e+01 5.1992299288e+02 -1.4168731700e+02
8.11000e+01 4.8830781511e+02 -1.2628875303e+02
8.12000e+01 4.6734729450e+02 -1.1640229534e+02
8.13000e+01 4.5237326347e+02 -1.0912944615e+02
8.14000e+01 4.4090055220e+02 -1.0363690229e+02
8.15000e+01 4.3245996765e+02 -9.9578321572e+01
8.16000e+01 4.2516855185e+02 -9.6108955587e+01
8.17000e+01 4.1905695239e+02 -9.3238108294e+01
8.18000e+01 4.1469451447e+02 -9.1019332514e+01
8.19000e+01 4.1035005662e+02 -8.8964970776e+01
8.20000e+01 4.0652390677e+02 -8.7190860553e+01
8.21000e+01 4.1035133034e+02 -8.8966014052e+01
8.22000e+01 4.1469798687e+02 -9.1020988040e+01
8.23000e+01 4.1968589749e+02 -9.3430179301e+01
8.24000e+01 4.2554464592e+02 -9.6296917812e+01
8.25000e+01 4.3245998296e+02 -9.9578325118e+01
8.26000e+01 4.4131808800e+02 -1.0385963182e+02
8.27000e+01 4.5257531115e+02 -1.0924634126e+02
8.28000e+01 4.6739822600e+02 -1.1648177095e+02
8.29000e+01 4.8873005658e+02 -1.2647034495e+02
8.30000e+01 5.1907075758e+02 -1.4154764161e+02
8.31000e+01 4.8745499198e+02 -1.2620461491e+02
8.32000e+01 4.6635432256e+02 -1.1604212990e+02
8.33000e+01 4.5251168441e+02 -1.0916165759e+02
8.34000e+01 4.4147453621e+02 -1.0374398882e+02
8.35000e+01 4.3249535333e+02 -9.9489801281e+01
8.36000e+01 4.2543229335e+02 -9.6113516397e+01
8.37000e+01 4.1937988734e+02 -9.3278380489e+01
8.38000e+01 4.1461314362e+02 -9.0980227568e+01
8.39000e+01 4.1028120857e+02 -8.9018058180e+01
8.40000e+01 4.0646817600e+02 -8.7263057504e+01
8.41000e+01 4.1028236353e+02 -8.9019176016e+01
8.42000e+01 4.1459765525e+02 -9.1050417122e+01
8.43000e+01 4.1973490364e+02 -9.3275275656e+01
8.44000e+01 4.2569575256e+02 -9.6102468232e+01
8.45000e+01 4.3282033347e+02 -9.9525039881e+01
8.46000e+01 4.4147471497e+02 -1.0374406097e+02
8.47000e+01 4.5251167846e+02 -1.0916165231e+02
8.48000e+01 4.6740480417e+02 -1.1633122482e+02
8.49000e+01 4.8767969832e+02 -1.2621200188e+02
8.50000e+01 5.1885671714e+02 -1.4131489799e+02
8.51000e+01 4.8873177251e+02 -1.2646793428e+02
8.52000e+01 4.6770152958e+02 -1.1629616228e+02
8.53000e+01 4.5257531336e+02 -1.0924634188e+02
8.54000e+01 4.4120530298e+02 -1.0375084149e+02
8.55000e+01 4.3216132679e+02 -9.9436524121e+01
8.56000e+01 4.2540084338e+02 -9.6140225019e+01
8.57000e+01 4.1943117467e+02 -9.3287632565e+01
8.58000e+01 4.1430982664e+02 -9.0884637462e+01
8.59000e+01 4.1022193832e+02 -8.8952236425e+01
8.60000e+01 5.3369999145e+02 -1.4651753526e+02
8.61000e+01 5.0345915279e+02 -1.3148663779e+02
8.62000e+01 4.8382456106e+02 -1.2176238533e+02
8.63000e+01 4.7017037385e+02 -1.1474999634e+02
8.64000e+01 4.5935677596e+02 -1.0943957138e+02
8.65000e+01 4.5128889502e+02 -1.0532794818e+02
8.66000e+01 4.4444316546e+02 -1.0199942297e+02
8.67000e+01 4.3922563013e+02 -9.9299704781e+01
8.68000e+01 4.3444852505e+02 -9.7000257609e+01
8.69000e+01 4.3020983872e+02 -9.5179585165e+01
8.70000e+01 4.2689388186e+02 -9.3350564142e+01
8.71000e+01 4.3020983648e+02 -9.5179585485e+01
8.72000e+01 4.3460039590e+02 -9.6984766073e+01
8.73000e+01 4.3927477454e+02 -9.9282012043e+01
8.74000e+01 4.4475098896e+02 -1.0201276749e+02
8.75000e+01 4.5128888664e+02 -1.0532794543e+02
8.76000e+01 4.5961646331e+02 -1.0945459673e+02
8.77000e+01 4.7015629505e+02 -1.1472559283e+02
8.78000e+01 4.8382444691e+02 -1.2176234396e+02
8.79000e+01 5.0344867122e+02 -1.3148908887e+02
8.80000e+01 4.0655831441e+02 -8.7245138266e+01
8.81000e+01 4.1022192187e+02 -8.8952225747e+01
8.82000e+01 4.1445640851e+02 -9.1001069976e+01
8.83000e+01 4.1934545548e+02 -9.3404229025e+01
8.84000e+01 4.2540307047e+02 -9.6140632884e+01
8.85000e+01 4.3245996415e+02 -9.9578325777e+01
8.86000e+01 4.4131804861e+02 -1.0385972818e+02
8.87000e+01 4.5257531263e+02 -1.0924633897e+02
8.88000e+01 4.6739822615e+02 -1.1648176812e+02
8.89000e+01 4.8767580616e+02 -1.2591864579e+02
8.90000e+01 5.1889402739e+02 -1.4136181874e+02
8.91000e+01 4.8767580525e+02 -1.2591879344e+02
8.92000e+01 4.6692080915e+02 -1.1583135626e+02
8.93000e+01 4.5257521152e+02 -1.0924631768e+02
8.94000e+01 4.4120524987e+02 -1.0375074881e+02
8.95000e+01 4.3216132278e+02 -9.9436398282e+01
8.96000e+01 4.2540084351e+02 -9.6140226216e+01
8.97000e+01 4.1943117515e+02 -9.3287633035e+01
8.98000e+01 4.1430982716e+02 -9.0884637673e+01
8.99000e+01 4.1021948102e+02 -8.8952480795e+01
9.00000e+01 4.0646564127e+02 -8.7181780749e+01
9.01000e+01 4.1022161855e+02 -8.8953191618e+01
9.02000e+01 4.1445587775e+02 -9.1001863022e+01
9.03000e+01 4.1934492224e+02 -9.3405009133e+01
9.04000e+01 4.2543304687e+02 -9.6142542113e+01
9.05000e+01 4.3254794032e+02 -9.9588662084e+01
9.06000e+01 4.4128811409e+02 -1.0367981659e+02
9.07000e+01 4.5248665580e+02 -1.0911896364e+02
9.08000e+01 4.6734729663e+02 -1.1640229799e+02
9.09000e+01 4.8798742727e+02 -1.2650983746e+02
9.10000e+01 5.1993804105e+02 -1.4167848209e+02
9.11000e+01 4.8831102952e+02 -1.2628583567e+02
9.12000e+01 4.6734715921e+02 -1.1640223324e+02
9.13000e+01 4.5237328988e+02 -1.0912939036e+02
9.14000e+01 4.4090064307e+02 -1.0363682555e+02
9.15000e+01 4.3245995613e+02 -9.9578328525e+01
9.16000e+01 4.2516854464e+02 -9.6108959836e+01
9.17000e+01 4.1905694788e+02 -9.3238110865e+01
9.18000e+01 4.1469449201e+02 -9.1019316691e+01
9.19000e+01 4.1035003680e+02 -8.8964952680e+01
9.20000e+01 5.3390385287e+02 -1.4657121511e+02
9.21000e+01 5.0323110998e+02 -1.3143456272e+02
9.22000e+01 4.8382443297e+02 -1.2176235233e+02
9.23000e+01 4.7017037634e+02 -1.1475011314e+02
9.24000e+01 4.5935676615e+02 -1.0943962011e+02
9.25000e+01 4.5128887204e+02 -1.0532787536e+02
9.26000e+01 4.4444317705e+02 -1.0199932717e+02
9.27000e+01 4.3922559592e+02 -9.9299722045e+01
9.28000e+01 4.3444850293e+02 -9.7000265987e+01
9.29000e+01 4.3020974199e+02 -9.5179611232e+01
9.30000e+01 4.2705766554e+02 -9.3470164874e+01
9.31000e+01 4.3038493041e+02 -9.5138395846e+01
9.32000e+01 4.3437492841e+02 -9.7125974323e+01
9.33000e+01 4.3896298536e+02 -9.9358485842e+01
9.34000e+01 4.4448855877e+02 -1.0212287825e+02
9.35000e+01 4.5108685747e+02 -1.0546869380e+02
9.36000e+01 4.5935255586e+02 -1.0950243974e+02
9.37000e+01 4.6996332033e+02 -1.1482825525e+02
9.38000e+01 4.8398298006e+02 -1.2189396576e+02
9.39000e+01 5.0404789418e+02 -1.3153445116e+02
9.40000e+01 5.3424798728e+02 -1.4659391877e+02
9.41000e+01 5.0404279401e+02 -1.3153799506e+02
9.42000e+01 4.8390463061e+02 -1.2155673923e+02
9.43000e+01 4.7005123404e+02 -1.1476932155e+02
9.44000e+01 4.5935279720e+02 -1.0950203626e+02
9.45000e+01 4.5089241974e+02 -1.0531703415e+02
9.46000e+01 4.4396770800e+02 -1.0193646975e+02
9.47000e+01 4.3896303043e+02 -9.9358468780e+01
9.48000e+01 4.3419532600e+02 -9.7030440148e+01
9.49000e+01 4.3004831878e+02 -9.5043613103e+01
9.50000e+01 4.2685493587e+02 -9.3415180613e+01
9.51000e+01 4.3020976061e+02 -9.5179599649e+01
9.52000e+01 4.3460038170e+02 -9.6984772425e+01
9.53000e+01 4.3927473426e+02 -9.9282031946e+01
9.54000e+01 4.4475091855e+02 -1.0201280241e+02
9.55000e+01 4.5128889075e+02 -1.0532794525e+02
9.56000e+01 4.5961646929e+02 -1.0945459781e+02
9.57000e+01 4.7015630641e+02 -1.1472559233e+02
9.58000e+01 4.8382497215e+02 -1.2176249770e+02
9.59000e+01 5.0345895788e+02 -1.3148675726e+02
9.60000e+01 5.3334529633e+02 -1.4627170110e+02
9.61000e+01 5.0345717673e+02 -1.3148171086e+02
9.62000e+01 4.8382483822e+02 -1.2176247748e+02
9.63000e+01 4.7017010409e+02 -1.1474959811e+02
9.64000e+01 4.5935663057e+02 -1.0943947150e+02
9.65000e+01 4.5128886084e+02 -1.0532795475e+02
9.66000e+01 4.4444311477e+02 -1.0199943928e+02
9.67000e+01 4.3922560329e+02 -9.9299711376e+01
9.68000e+01 4.3444850598e+02 -9.7000258134e+01
9.69000e+01 4.3020984670e+02 -9.5179490363e+01
9.70000e+01 4.2705766576e+02 -9.3470165343e+01
9.71000e+01 4.3038495302e+02 -9.5138396353e+01
9.72000e+01 4.3437494169e+02 -9.7125975272e+01
9.73000e+01 4.3896299256e+02 -9.9358569974e+01
9.74000e+01 4.4448851791e+02 -1.0212299753e+02
9.75000e+01 4.5108677874e+02 -1.0546883432e+02
9.76000e+01 4.5935284422e+02 -1.0950182029e+02
9.77000e+01 4.6996367237e+02 -1.1482645143e+02
9.78000e+01 4.8398354925e+02 -1.2189016514e+02
9.79000e+01 5.0404777043e+02 -1.3153468014e+02
9.80000e+01 5.3424786363e+02 -1.4659406547e+02
9.81000e+01 5.0404265659e+02 -1.3153824846e+02
9.82000e+01 4.8390443125e+02 -1.2155702732e+02
9.83000e+01 4.7005123527e+02 -1.1476932163e+02
9.84000e+01 4.5935286458e+02 -1.0950180813e+02
9.85000e+01 4.5089241935e+02 -1.0531700865e+02
9.86000e+01 4.4396769092e+02 -1.0193648038e+02
9.87000e+01 4.3896295858e+02 -9.9358574418e+01
9.88000e+01 4.3419530717e+02 -9.7030498214e+01
9.89000e+01 4.3004833249e+02 -9.5043647155e+01
9.90000e+01 4.2705766522e+02 -9.3470164854e+01
9.91000e+01 4.3038493406e+02 -9.5138389740e+01
9.92000e+01 4.3437495755e+02 -9.7125967483e+01
9.93000e+01 4.3896297432e+02 -9.9358503155e+01
9.94000e+01 4.4448851844e+02 -1.0212290606e+02
9.95000e+01 4.5108678192e+02 -1.0546873444e+02
9.96000e+01 4.5935255446e+02 -1.0950243858e+02
9.97000e+01 4.6996332233e+02 -1.1482824940e+02
9.98000e+01 4.8398299555e+02 -1.2189395036e+02
9.99000e+01 5.0404789836e+02 -1.3153444879e+02
1.00000e+02 5.3424798789e+02 -1.4659390591e+02
1.00100e+02 5.0404279853e+02 -1.3153799285e+02
1.00200e+02 4.8390463600e+02 -1.2155673534e+02
1.00300e+02 4.7005130329e+02 -1.1476922611e+02
1.00400e+02 4.5935286321e+02 -1.0950180962e+02
1.00500e+02 4.5089241857e+02 -1.0531701015e+02
1.00600e+02 4.4396769010e+02 -1.0193648240e+02
1.00700e+02 4.3896300552e+02 -9.9358549756e+01
1.00800e+02 4.3419531985e+02 -9.7030496334e+01
1.00900e+02 4.3004832681e+02 -9.5043656366e+01
1.01000e+02 4.2685493994e+02 -9.3415179658e+01
1.01100e+02 4.3020974583e+02 -9.5179610734e+01
1.01200e+02 4.3460023938e+02 -9.6984858543e+01
1.01300e+02 4.3927459865e+02 -9.9282103598e+01
1.01400e+02 4.4475072575e+02 -1.0201290346e+02
1.01500e+02 4.5128889607e+02 -1.0532788439e+02
1.01600e+02 4.5961643682e+02 -1.0945456153e+02
1.01700e+02 4.7015627516e+02 -1.1472557408e+02
1.01800e+02 4.8382444635e+02 -1.2176235359e+02
1.01900e+02 5.0345682710e+02 -1.3148198413e+02
1.02000e+02 5.3334020149e+02 -1.4627410867e+02
1.02100e+02 5.0345895627e+02 -1.3148675611e+02
1.02200e+02 4.8382331421e+02 -1.2176323481e+02
1.02300e+02 4.7017039807e+02 -1.1474998849e+02
1.02400e+02 4.5935680424e+02 -1.0943955320e+02
1.02500e+02 4.5128883783e+02 -1.0532794032e+02
1.02600e+02 4.4444307585e+02 -1.0199941513e+02
1.02700e+02 4.3922559892e+02 -9.9299719800e+01
1.02800e+02 4.3444850551e+02 -9.7000263803e+01
1.02900e+02 4.3020975808e+02 -9.5179502998e+01
1.03000e+02 4.2705766605e+02 -9.3470165140e+01
1.03100e+02 4.3038488428e+02 -9.5138334218e+01
1.03200e+02 4.3437485173e+02 -9.7125891132e+01
1.03300e+02 4.3896303886e+02 -9.9358510772e+01
1.03400e+02 4.4448857194e+02 -1.0212292087e+02
1.03500e+02 4.5108682896e+02 -1.0546875520e+02
1.03600e+02 4.5935279275e+02 -1.0950203493e+02
1.03700e+02 4.6996358722e+02 -1.1482690553e+02
1.03800e+02 4.8398342309e+02 -1.2189120648e+02
1.03900e+02 5.0404777158e+02 -1.3153468057e+02
1.04000e+02 5.3424786603e+02 -1.4659406721e+02
1.04100e+02 5.0404265837e+02 -1.3153824899e+02
1.04200e+02 4.8390443304e+02 -1.2155702693e+02
1.04300e+02 4.7005123988e+02 -1.1476931517e+02
1.04400e+02 4.5935251634e+02 -1.0950245496e+02
1.04500e+02 4.5089263374e+02 -1.0531700728e+02
1.04600e+02 4.4396813370e+02 -1.0193634826e+02
1.04700e+02 4.3896295873e+02 -9.9358576489e+01
1.04800e+02 4.3419530841e+02 -9.7030499869e+01
1.04900e+02 4.3004833395e+02 -9.5043648605e+01
1.05000e+02 4.2705766554e+02 -9.3470164791e+01
1.05100e+02 4.3038502298e+02 -9.5138342150e+01
1.05200e+02 4.3437509822e+02 -9.7125853374e+01
1.05300e+02 4.3896302939e+02 -9.9358468020e+01
1.05400e+02 4.4448859810e+02 -1.0212285506e+02
1.05500e+02 4.5108689595e+02 -1.0546866513e+02
1.05600e+02 4.5935286322e+02 -1.0950181005e+02
1.05700e+02 4.6996370760e+02 -1.1482643658e+02
1.05800e+02 4.8398360891e+02 -1.2189015997e+02
1.05900e+02 5.0404775670e+02 -1.3153470273e+02
1.06000e+02 5.3424785237e+02 -1.4659409232e+02
1.06100e+02 5.0404264525e+02 -1.3153827151e+02
1.06200e+02 4.8390442111e+02 -1.2155704592e+02
1.06300e+02 4.7005110136e+02 -1.1476944510e+02
1.06400e+02 4.5935251567e+02 -1.0950245617e+02
1.06500e+02 4.5089263176e+02 -1.0531701009e+02
1.06600e+02 4.4396813080e+02 -1.0193635188e+02
1.06700e+02 4.3896310071e+02 -9.9358478162e+01
1.06800e+02 4.3419541079e+02 -9.7030442395e+01
1.06900e+02 4.3004841500e+02 -9.5043609145e+01
1.07000e+02 4.2685493958e+02 -9.3415179700e+01
1.07100e+02 4.3020974431e+02 -9.5179606251e+01
1.07200e+02 4.3460038118e+02 -9.6984773163e+01
1.07300e+02 4.3927473418e+02 -9.9282033532e+01
1.07400e+02 4.4475092068e+02 -1.0201280463e+02
1.07500e+02 4.5128896767e+02 -1.0532803895e+02
1.07600e+02 4.5961658684e+02 -1.0945478993e+02
1.07700e+02 4.7015685115e+02 -1.1472572701e+02
1.07800e+02 4.8382444635e+02 -1.2176235304e+02
1.07900e+02 5.0345903115e+02 -1.3148662215e+02
1.08000e+02 5.3334401355e+02 -1.4627280058e+02
1.08100e+02 5.0344859108e+02 -1.3148922909e+02
1.08200e+02 4.8382444683e+02 -1.2176234336e+02
1.08300e+02 4.7017019475e+02 -1.1474971151e+02
1.08400e+02 4.5935664138e+02 -1.0943950085e+02
1.08500e+02 4.5128888684e+02 -1.0532795584e+02
1.08600e+02 4.4444317467e+02 -1.0199942777e+02
1.08700e+02 4.3922562617e+02 -9.9299705510e+01
1.08800e+02 4.3444852059e+02 -9.7000257910e+01
1.08900e+02 4.3020974492e+02 -9.5179612407e+01
1.09000e+02 4.2685493677e+02 -9.3415179379e+01
1.09100e+02 4.3020974406e+02 -9.5179606446e+01
1.09200e+02 4.3460039614e+02 -9.6984765623e+01
1.09300e+02 4.3927477428e+02 -9.9282010725e+01
1.09400e+02 4.4475098666e+02 -1.0201276568e+02
1.09500e+02 4.5128889057e+02 -1.0532794386e+02
1.09600e+02 4.5961647307e+02 -1.0945459631e+02
1.09700e+02 4.7015631326e+02 -1.1472558991e+02
1.09800e+02 4.8382331029e+02 -1.2176322278e+02
1.09900e+02 5.0345903871e+02 -1.3148662373e+02
1.10000e+02 4.0655865076e+02 -8.7245239787e+01
1.10100e+02 4.1021948025e+02 -8.8952480595e+01
1.10200e+02 4.1445396144e+02 -9.1001327448e+01
1.10300e+02 4.1934324434e+02 -9.3404497790e+01
1.10400e+02 4.2540087615e+02 -9.6140156216e+01
1.10500e+02 4.3245990591e+02 -9.9578370371e+01
1.10600e+02 4.4131801533e+02 -1.0385971815e+02
1.10700e+02 4.5257516822e+02 -1.0924641073e+02
1.10800e+02 4.6739779517e+02 -1.1648199457e+02
1.10900e+02 4.8767512109e+02 -1.2591924666e+02
1.11000e+02 5.1993804201e+02 -1.4167848194e+02
1.11100e+02 4.8831103037e+02 -1.2628583549e+02
1.11200e+02 4.6734729826e+02 -1.1640230004e+02
1.11300e+02 4.5237325778e+02 -1.0912944983e+02
1.11400e+02 4.4090054008e+02 -1.0363690466e+02
1.11500e+02 4.3245994289e+02 -9.9578342284e+01
1.11600e+02 4.2516852646e+02 -9.6108974859e+01
1.11700e+02 4.1905693489e+02 -9.3238120942e+01
1.11800e+02 4.1469449162e+02 -9.1019316605e+01
1.11900e+02 4.1035003669e+02 -8.8964952672e+01
1.12000e+02 5.3390385298e+02 -1.4657121492e+02
1.12100e+02 5.0323111016e+02 -1.3143456254e+02
1.12200e+02 4.8382457176e+02 -1.2176237484e+02
1.12300e+02 4.7017038113e+02 -1.1474999370e+02
1.12400e+02 4.5935678031e+02 -1.0943957073e+02
1.12500e+02 4.5128887543e+02 -1.0532787939e+02
1.12600e+02 4.4444317968e+02 -1.0199933174e+02
1.12700e+02 4.3922717665e+02 -9.9300924880e+01
1.12800e+02 4.3444981563e+02 -9.7001298421e+01
1.12900e+02 4.3027777329e+02 -9.5038044843e+01
1.13000e+02 4.2705766473e+02 -9.3470165191e+01
1.13100e+02 4.3038486370e+02 -9.5138304972e+01
1.13200e+02 4.3437485119e+02 -9.7125866906e+01
1.13300e+02 4.3896303223e+02 -9.9358465663e+01
1.13400e+02 4.4448860328e+02 -1.0212285204e+02
1.13500e+02 4.5108690343e+02 -1.0546866051e+02
1.13600e+02 4.5935237629e+02 -1.0950083724e+02
1.13700e+02 4.6996322280e+02 -1.1482541718e+02
1.13800e+02 4.8398291897e+02 -1.2188911529e+02
1.13900e+02 5.0404789829e+02 -1.3153445001e+02
1.14000e+02 5.3424799027e+02 -1.4659391536e+02
1.14100e+02 5.0404279714e+02 -1.3153799372e+02
1.14200e+02 4.8390463292e+02 -1.2155673990e+02
1.14300e+02 4.7005124204e+02 -1.1476930837e+02
1.14400e+02 4.5935273091e+02 -1.0950206920e+02
1.14500e+02 4.5089239606e+02 -1.0531703705e+02
1.14600e+02 4.4451928112e+02 -1.0207490477e+02
1.14700e+02 4.3896304124e+02 -9.9358531972e+01
1.14800e+02 4.3419535382e+02 -9.7030481793e+01
1.14900e+02 4.3004835659e+02 -9.5043644509e+01
1.15000e+02 4.2685493820e+02 -9.3415179900e+01
1.15100e+02 4.3020984807e+02 -9.5179481978e+01
1.15200e+02 4.3460040219e+02 -9.6984761768e+01
1.15300e+02 4.3927478014e+02 -9.9282008433e+01
1.15400e+02 4.4475099468e+02 -1.0201276427e+02
1.15500e+02 4.5128888653e+02 -1.0532786892e+02
1.15600e+02 4.5961642567e+02 -1.0945453007e+02
1.15700e+02 4.7015626521e+02 -1.1472552544e+02
1.15800e+02 4.8382457558e+02 -1.2176237726e+02
1.15900e+02 5.0345703634e+02 -1.3148518631e+02
1.16000e+02 5.3334611599e+02 -1.4627213796e+02
1.16100e+02 5.0345915528e+02 -1.3148663604e+02
1.16200e+02 4.8382444679e+02 -1.2176235377e+02
1.16300e+02 4.7017037596e+02 -1.1475011226e+02
1.16400e+02 4.5935676691e+02 -1.0943961905e+02
1.16500e+02 4.5128886177e+02 -1.0532785461e+02
1.16600e+02 4.4444317082e+02 -1.0199931760e+02
1.16700e+02 4.3922560671e+02 -9.9299694023e+01
1.16800e+02 4.3444849135e+02 -9.7000249137e+01
1.16900e+02 4.3020974249e+02 -9.5179608036e+01
1.17000e+02 4.2705767568e+02 -9.3470166620e+01
1.17100e+02 4.3038495326e+02 -9.5138394440e+01
1.17200e+02 4.3437494197e+02 -9.7125972634e+01
1.17300e+02 4.3896296361e+02 -9.9358141960e+01
1.17400e+02 4.4448859535e+02 -1.0212252868e+02
1.17500e+02 4.5108696409e+02 -1.0546834126e+02
1.17600e+02 4.5935255732e+02 -1.0950243962e+02
1.17700e+02 4.6996332915e+02 -1.1482825079e+02
1.17800e+02 4.8398300639e+02 -1.2189395035e+02
1.17900e+02 5.0404777250e+02 -1.3153467772e+02
1.18000e+02 5.3424786255e+02 -1.4659405284e+02
1.18100e+02 5.0404265875e+02 -1.3153824616e+02
1.18200e+02 4.8390443462e+02 -1.2155702350e+02
1.18300e+02 4.7005123354e+02 -1.1476932107e+02
1.18400e+02 4.5935255537e+02 -1.0950244043e+02
1.18500e+02 4.5089263146e+02 -1.0531701300e+02
1.18600e+02 4.4396812767e+02 -1.0193635377e+02
1.18700e+02 4.3896300072e+02 -9.9358530582e+01
1.18800e+02 4.3419534761e+02 -9.7030462227e+01
1.18900e+02 4.3004837421e+02 -9.5043613046e+01
1.19000e+02 4.2685493714e+02 -9.3415179454e+01
1.19100e+02 4.3020974446e+02 -9.5179611152e+01
1.19200e+02 4.3460039745e+02 -9.6984763770e+01
1.19300e+02 4.3927477473e+02 -9.9282009591e+01
1.19400e+02 4.4475098735e+02 -1.0201276486e+02
1.19500e+02 4.5128884808e+02 -1.0532784726e+02
1.19600e+02 4.5961639902e+02 -1.0945450713e+02
1.19700e+02 4.7015623891e+02 -1.1472550614e+02
1.19800e+02 4.8382456254e+02 -1.2176237581e+02
1.19900e+02 5.0344867228e+02 -1.3148908904e+02
1.20000e+02 5.3334070033e+02 -1.4627422024e+02
1.20100e+02 5.0345717948e+02 -1.3148170526e+02
1.20200e+02 4.8382457633e+02 -1.2176237723e+02
1.20300e+02 4.7017039487e+02 -1.1475010521e+02
1.20400e+02 4.5935679353e+02 -1.0943960001e+02
1.20500e+02 4.5128888624e+02 -1.0532796314e+02
1.20600e+02 4.4444314322e+02 -1.0199939214e+02
1.20700e+02 4.3922559233e+02 -9.9299699068e+01
1.20800e+02 4.3444848214e+02 -9.7000251377e+01
1.20900e+02 4.3020974411e+02 -9.5179606950e+01
1.21000e+02 4.2705765812e+02 -9.3470162927e+01
1.21100e+02 4.3038488616e+02 -9.5138330816e+01
1.21200e+02 4.3437485328e+02 -9.7125887057e+01
1.21300e+02 4.3896293045e+02 -9.9358520467e+01
1.21400e+02 4.4448847972e+02 -1.0212292875e+02
1.21500e+02 4.5108674429e+02 -1.0546876283e+02
1.21600e+02 4.5935279589e+02 -1.0950203681e+02
1.21700e+02 4.6996359434e+02 -1.1482690780e+02
1.21800e+02 4.8398343431e+02 -1.2189120733e+02
1.21900e+02 5.0404789475e+02 -1.3153445013e+02
1.22000e+02 4.0623872139e+02 -8.7242087664e+01
1.22100e+02 4.0995791480e+02 -8.8997153166e+01
1.22200e+02 4.1470072661e+02 -9.1060935223e+01
1.22300e+02 4.1972898811e+02 -9.3451651219e+01
1.22400e+02 4.2561800632e+02 -9.6295419589e+01
1.22500e+02 4.3269454325e+02 -9.9742613271e+01
1.22600e+02 4.4150043941e+02 -1.0378226996e+02
1.22700e+02 4.5274983218e+02 -1.0919904663e+02
1.22800e+02 4.6749669643e+02 -1.1640145656e+02
1.22900e+02 4.8824509297e+02 -1.2647741228e+02
1.23000e+02 5.1995476541e+02 -1.4168645576e+02
1.23100e+02 4.8833368904e+02 -1.2628927861e+02
1.23200e+02 4.6760647980e+02 -1.1641759007e+02
1.23300e+02 4.5255801261e+02 -1.0913988979e+02
1.23400e+02 4.4151731504e+02 -1.0377657236e+02
1.23500e+02 4.3254165708e+02 -9.9468610799e+01
1.23600e+02 4.2551782524e+02 -9.6159177294e+01
1.23700e+02 4.1947990808e+02 -9.3300927803e+01
1.23800e+02 4.1447238976e+02 -9.0996021181e+01
1.23900e+02 4.1011132372e+02 -8.8944393603e+01
1.24000e+02 4.0626880290e+02 -8.7172258689e+01
1.24100e+02 4.1011263460e+02 -8.8945443360e+01
1.24200e+02 4.1447594552e+02 -9.0997622361e+01
1.24300e+02 4.1946478506e+02 -9.3400848281e+01
1.24400e+02 4.2530849774e+02 -9.6262102645e+01
1.24500e+02 4.3239588421e+02 -9.9559606894e+01
1.24600e+02 4.4121610726e+02 -1.0382644022e+02
1.24700e+02 4.5255294611e+02 -1.0920302496e+02
1.24800e+02 4.6739595117e+02 -1.1642619103e+02
1.24900e+02 4.8815422963e+02 -1.2614878642e+02
1.25000e+02 5.1922051464e+02 -1.4132492904e+02
1.25100e+02 4.8815313653e+02 -1.2614917275e+02
1.25200e+02 4.6729489944e+02 -1.1601912639e+02
1.25300e+02 4.5255160034e+02 -1.0920348432e+02
1.25400e+02 4.4116011914e+02 -1.0370658852e+02
1.25500e+02 4.3211213657e+02 -9.9388054753e+01
1.25600e+02 4.2551783037e+02 -9.6159184489e+01
1.25700e+02 4.1947989983e+02 -9.3300943468e+01
1.25800e+02 4.1447236217e+02 -9.0995994912e+01
1.25900e+02 4.1011129320e+02 -8.8944364322e+01
1.26000e+02 5.3379443073e+02 -1.4641495990e+02
1.26100e+02 5.0321670124e+02 -1.3135076215e+02
1.26200e+02 4.8383641874e+02 -1.2176903913e+02
1.26300e+02 4.7020663253e+02 -1.1473757331e+02
1.26400e+02 4.5938464536e+02 -1.0942477516e+02
1.26500e+02 4.5141738857e+02 -1.0534309142e+02
1.26600e+02 4.4455822555e+02 -1.0201106188e+02
1.26700e+02 4.3921971453e+02 -9.9301850248e+01
1.26800e+02 4.3443967512e+02 -9.7002408534e+01
1.26900e+02 4.3024689973e+02 -9.5180105323e+01
1.27000e+02 4.2714876085e+02 -9.3476650892e+01
1.27100e+02 4.3040200032e+02 -9.5148246941e+01
1.27200e+02 4.3438384913e+02 -9.7132180218e+01
1.27300e+02 4.3904804707e+02 -9.9366382973e+01
1.27400e+02 4.4458451157e+02 -1.0208995787e+02
1.27500e+02 4.5144434995e+02 -1.0539681952e+02
1.27600e+02 4.5977091128e+02 -1.0956533573e+02
1.27700e+02 4.7031589359e+02 -1.1488381162e+02
1.27800e+02 4.8427949740e+02 -1.2159581755e+02
1.27900e+02 5.0398718953e+02 -1.3140059799e+02
1.28000e+02 5.3443329125e+02 -1.4634774715e+02
1.28100e+02 5.0390830568e+02 -1.3126534376e+02
1.28200e+02 4.8427939529e+02 -1.2159599259e+02
1.28300e+02 4.7003782481e+02 -1.1451307746e+02
1.28400e+02 4.5930993778e+02 -1.0948710726e+02
1.28500e+02 4.5087682093e+02 -1.0531250430e+02
1.28600e+02 4.4395823252e+02 -1.0194155938e+02
1.28700e+02 4.3904804575e+02 -9.9366382219e+01
1.28800e+02 4.3438225682e+02 -9.7156747470e+01
1.28900e+02 4.3031049788e+02 -9.5161867734e+01
1.29000e+02 4.2671301600e+02 -9.3436600125e+01
1.29100e+02 4.3031170747e+02 -9.5162912894e+01
1.29200e+02 4.3438629129e+02 -9.7158459357e+01
1.29300e+02 4.3903615343e+02 -9.9492308546e+01
1.29400e+02 4.4448665259e+02 -1.0226953291e+02
1.29500e+02 4.5144406438e+02 -1.0539681708e+02
1.29600e+02 4.5977065082e+02 -1.0956533460e+02
1.29700e+02 4.7031586203e+02 -1.1488380252e+02
1.29800e+02 4.8427928614e+02 -1.2159587312e+02
1.29900e+02 5.0398719309e+02 -1.3140060318e+02
1.30000e+02 4.0653054896e+02 -8.7237372427e+01
1.30100e+02 4.1027249555e+02 -8.8995392036e+01
1.30200e+02 4.1463696036e+02 -9.1043957856e+01
1.30300e+02 4.1966168647e+02 -9.3430274110e+01
1.30400e+02 4.2555217057e+02 -9.6267963727e+01
1.30500e+02 4.3263737068e+02 -9.9706243725e+01
1.30600e+02 4.4149270180e+02 -1.0377796502e+02
1.30700e+02 4.5273447242e+02 -1.0919779639e+02
1.30800e+02 4.6737030066e+02 -1.1636002544e+02
1.30900e+02 4.8813407696e+02 -1.2644708031e+02
1.31000e+02 5.1914212096e+02 -1.4153696094e+02
1.31100e+02 4.8753528962e+02 -1.2621576822e+02
1.31200e+02 4.6735549063e+02 -1.1636033112e+02
1.31300e+02 4.5226562778e+02 -1.0910284420e+02
1.31400e+02 4.4149261125e+02 -1.0377792817e+02
1.31500e+02 4.3250303519e+02 -9.9512843681e+01
1.31600e+02 4.2543257200e+02 -9.6125122763e+01
1.31700e+02 4.1957501274e+02 -9.3272715495e+01
1.31800e+02 4.1447702146e+02 -9.0897798504e+01
1.31900e+02 4.1027562549e+02 -8.9022341197e+01
1.32000e+02 5.3462064882e+02 -1.4653048055e+02
1.32100e+02 5.0398863616e+02 -1.3140088467e+02
1.32200e+02 4.8393060597e+02 -1.2147618433e+02
1.32300e+02 4.7008121751e+02 -1.1474141277e+02
1.32400e+02 4.5930951937e+02 -1.0948768909e+02
1.32500e+02 4.5087684254e+02 -1.0531246539e+02
1.32600e+02 4.4395852223e+02 -1.0194139677e+02
1.32700e+02 4.3904804759e+02 -9.9366381578e+01
1.32800e+02 4.3438225695e+02 -9.7156744247e+01
1.32900e+02 4.3031049905e+02 -9.5161866351e+01
1.33000e+02 4.2642561415e+02 -9.3421326118e+01
1.33100e+02 4.3024676092e+02 -9.5180085682e+01
1.33200e+02 4.3426147163e+02 -9.6970942831e+01
1.33300e+02 4.3921965098e+02 -9.9301851156e+01
1.33400e+02 4.4477712114e+02 -1.0203731598e+02
1.33500e+02 4.5141744823e+02 -1.0534311626e+02
1.33600e+02 4.5974829685e+02 -1.0947120292e+02
1.33700e+02 4.7020661489e+02 -1.1473756473e+02
1.33800e+02 4.8383638063e+02 -1.2176899111e+02
1.33900e+02 5.0353242800e+02 -1.3149711919e+02
1.34000e+02 4.0655799648e+02 -8.7252277455e+01
1.34100e+02 4.1022620985e+02 -8.8943949513e+01
1.34200e+02 4.1447494513e+02 -9.0990358237e+01
1.34300e+02 4.1938385158e+02 -9.3389324901e+01
1.34400e+02 4.2551789454e+02 -9.6159162983e+01
1.34500e+02 4.3269153527e+02 -9.9615774612e+01
1.34600e+02 4.4146011813e+02 -1.0389282924e+02
1.34700e+02 4.5255298494e+02 -1.0920298910e+02
1.34800e+02 4.6739598630e+02 -1.1642615615e+02
1.34900e+02 4.8816544613e+02 -1.2614893086e+02
1.35000e+02 5.1923655060e+02 -1.4132451725e+02
1.35100e+02 4.8816376708e+02 -1.2614932488e+02
1.35200e+02 4.6730379327e+02 -1.1602809882e+02
1.35300e+02 4.5255159772e+02 -1.0920348313e+02
1.35400e+02 4.4116011699e+02 -1.0370658734e+02
1.35500e+02 4.3211213528e+02 -9.9388053492e+01
1.35600e+02 4.2551783126e+02 -9.6159188354e+01
1.35700e+02 4.1947988477e+02 -9.3300947545e+01
1.35800e+02 4.1447238558e+02 -9.0996015671e+01
1.35900e+02 4.1011132096e+02 -8.8944388827e+01
1.36000e+02 4.0626880097e+02 -8.7172254357e+01
1.36100e+02 4.1011263188e+02 -8.8945438607e+01
1.36200e+02 4.1447594142e+02 -9.0997616903e+01
1.36300e+02 4.1946477991e+02 -9.3400842163e+01
1.36400e+02 4.2530849173e+02 -9.6262095828e+01
1.36500e+02 4.3239589956e+02 -9.9559587214e+01
1.36600e+02 4.4121610098e+02 -1.0382639423e+02
1.36700e+02 4.5255159843e+02 -1.0920348334e+02
1.36800e+02 4.6739446070e+02 -1.1642669828e+02
1.36900e+02 4.8815326161e+02 -1.2614886886e+02
1.37000e+02 5.1921943515e+02 -1.4132504513e+02
1.37100e+02 4.8815217660e+02 -1.2614925405e+02
1.37200e+02 4.6729420868e+02 -1.1601917747e+02
1.37300e+02 4.5255159897e+02 -1.0920348357e+02
1.37400e+02 4.4116011802e+02 -1.0370658779e+02
1.37500e+02 4.3211213594e+02 -9.9388053980e+01
1.37600e+02 4.2551781927e+02 -9.6159186360e+01
1.37700e+02 4.1947988787e+02 -9.3300945045e+01
1.37800e+02 4.1447238723e+02 -9.0996015921e+01
1.37900e+02 4.1011132181e+02 -8.8944389557e+01
1.38000e+02 5.3379445244e+02 -1.4641497686e+02
1.38100e+02 5.0321672228e+02 -1.3135077738e+02
1.38200e+02 4.8383671423e+02 -1.2176876028e+02
1.38300e+02 4.7020663249e+02 -1.1473757311e+02
1.38400e+02 4.5938464218e+02 -1.0942477565e+02
1.38500e+02 4.5141740197e+02 -1.0534308856e+02
1.38600e+02 4.4455822097e+02 -1.0201106396e+02
1.38700e+02 4.3921965193e+02 -9.9301864844e+01
1.38800e+02 4.3443961947e+02 -9.7002420189e+01
1.38900e+02 4.3024699060e+02 -9.5180088969e+01
1.39000e+02 4.2687232187e+02 -9.3413060201e+01
1.39100e+02 4.3024676212e+02 -9.5180085126e+01
1.39200e+02 4.3426146245e+02 -9.6970955782e+01
1.39300e+02 4.3921963885e+02 -9.9301859096e+01
1.39400e+02 4.4477710028e+02 -1.0203733517e+02
1.39500e+02 4.5141738825e+02 -1.0534309079e+02
1.39600e+02 4.5974824985e+02 -1.0947117386e+02
1.39700e+02 4.7020663187e+02 -1.1473757345e+02
1.39800e+02 4.8383648262e+02 -1.2176893157e+02
1.39900e+02 5.0353228545e+02 -1.3149742875e+02
1.40000e+02 4.0655798924e+02 -8.7252278061e+01
1.40100e+02 4.1022318975e+02 -8.8944021040e+01
1.40200e+02 4.1447197551e+02 -9.0990433247e+01
1.40300e+02 4.1938113407e+02 -9.3389397943e+01
1.40400e+02 4.2551784380e+02 -9.6159158103e+01
1.40500e+02 4.3269144037e+02 -9.9615786539e+01
1.40600e+02 4.4145996715e+02 -1.0389286193e+02
1.40700e+02 4.5255290927e+02 -1.0920298150e+02
1.40800e+02 4.6739590718e+02 -1.1642614704e+02
1.40900e+02 4.8748706529e+02 -1.2594297098e+02
1.41000e+02 5.1856806798e+02 -1.4134833927e+02
1.41100e+02 4.8720697480e+02 -1.2600918081e+02
1.41200e+02 4.6749719167e+02 -1.1640128845e+02
1.41300e+02 4.5238318865e+02 -1.0913820643e+02
1.41400e+02 4.4150072407e+02 -1.0378408136e+02
1.41500e+02 4.3249649018e+02 -9.9519668378e+01
1.41600e+02 4.2535708935e+02 -9.6129944254e+01
1.41700e+02 4.1929359268e+02 -9.3293775788e+01
1.41800e+02 4.1470094944e+02 -9.1060973512e+01
1.41900e+02 4.1030473518e+02 -8.9021989449e+01
1.42000e+02 5.3411177299e+02 -1.4618897876e+02
1.42100e+02 5.0404789346e+02 -1.3153444968e+02
1.42200e+02 4.8391545306e+02 -1.2154606617e+02
1.42300e+02 4.6945960934e+02 -1.1443649960e+02
1.42400e+02 4.5935255658e+02 -1.0950243642e+02
1.42500e+02 4.5089263318e+02 -1.0531701183e+02
1.42600e+02 4.4396812919e+02 -1.0193635228e+02
1.42700e+02 4.3896296010e+02 -9.9358573796e+01
1.42800e+02 4.3419530750e+02 -9.7030497929e+01
1.42900e+02 4.3004833144e+02 -9.5043647409e+01
1.43000e+02 4.2685493933e+02 -9.3415179476e+01
1.43100e+02 4.3020975864e+02 -9.5179600130e+01
1.43200e+02 4.3460037852e+02 -9.6984777123e+01
1.43300e+02 4.3927473178e+02 -9.9282039132e+01
1.43400e+02 4.4475091805e+02 -1.0201281127e+02
1.43500e+02 4.5128882099e+02 -1.0532787549e+02
1.43600e+02 4.5961638528e+02 -1.0945450225e+02
1.43700e+02 4.7015627393e+02 -1.1472545793e+02
1.43800e+02 4.8382444691e+02 -1.2176234425e+02
1.43900e+02 5.0345814234e+02 -1.3147899659e+02
1.44000e+02 5.3334078588e+02 -1.4627415472e+02
1.44100e+02 5.0345718461e+02 -1.3148171087e+02
1.44200e+02 4.8382457718e+02 -1.2176236772e+02
1.44300e+02 4.7017013919e+02 -1.1474958435e+02
1.44400e+02 4.5935668032e+02 -1.0943944662e+02
1.44500e+02 4.5128896974e+02 -1.0532813663e+02
1.44600e+02 4.4444329621e+02 -1.0199956839e+02
1.44700e+02 4.3922556518e+02 -9.9299699978e+01
1.44800e+02 4.3444846396e+02 -9.7000245940e+01
1.44900e+02 4.3020976902e+02 -9.5179498431e+01
1.45000e+02 4.2674277415e+02 -9.3413351431e+01
1.45100e+02 4.3038486470e+02 -9.5138307536e+01
1.45200e+02 4.3437485169e+02 -9.7125869935e+01
1.45300e+02 4.3896305805e+02 -9.9358493827e+01
1.45400e+02 4.4448862306e+02 -1.0212289196e+02
1.45500e+02 4.5108691854e+02 -1.0546871240e+02
1.45600e+02 4.5935286526e+02 -1.0950180849e+02
1.45700e+02 4.6996371140e+02 -1.1482643379e+02
1.45800e+02 4.8398361325e+02 -1.2189015735e+02
1.45900e+02 5.0404776865e+02 -1.3153467984e+02
1.46000e+02 5.3424786094e+02 -1.4659406373e+02
1.46100e+02 5.0404265324e+02 -1.3153824791e+02
1.46200e+02 4.8390442795e+02 -1.2155702879e+02
1.46300e+02 4.7005124690e+02 -1.1476931608e+02
1.46400e+02 4.5935286739e+02 -1.0950180661e+02
1.46500e+02 4.5089242158e+02 -1.0531700739e+02
1.46600e+02 4.4396769301e+02 -1.0193647932e+02
1.46700e+02 4.3896298677e+02 -9.9358484821e+01
1.46800e+02 4.3419527939e+02 -9.7030452891e+01
1.46900e+02 4.3004827327e+02 -9.5043623642e+01
1.47000e+02 4.2685493715e+02 -9.3415179865e+01
1.47100e+02 4.3020983913e+02 -9.5179590999e+01
1.47200e+02 4.3460037961e+02 -9.6984774740e+01
1.47300e+02 4.3927473157e+02 -9.9282036588e+01
1.47400e+02 4.4475091596e+02 -1.0201280816e+02
1.47500e+02 4.5128881214e+02 -1.0532794895e+02
1.47600e+02 4.5961641566e+02 -1.0945456851e+02
1.47700e+02 4.7015630243e+02 -1.1472552355e+02
1.47800e+02 4.8382344405e+02 -1.2176324883e+02
1.47900e+02 5.0345903803e+02 -1.3148662381e+02
1.48000e+02 4.0655835062e+02 -8.7245070932e+01
1.48100e+02 4.1022190815e+02 -8.8952218552e+01
1.48200e+02 4.1445639669e+02 -9.1001063486e+01
1.48300e+02 4.1934544542e+02 -9.3404224645e+01
1.48400e+02 4.2540334700e+02 -9.6140753870e+01
1.48500e+02 4.3245986935e+02 -9.9578347283e+01
1.48600e+02 4.4131792849e+02 -1.0385970461e+02
1.48700e+02 4.5257531338e+02 -1.0924634161e+02
1.48800e+02 4.6739822721e+02 -1.1648177064e+02
1.48900e+02 4.8767519618e+02 -1.2591933057e+02
1.49000e+02 5.1987074590e+02 -1.4170291132e+02
1.49100e+02 4.8827383264e+02 -1.2628677934e+02
1.49200e+02 4.6734728948e+02 -1.1640232066e+02
1.49300e+02 4.5237325004e+02 -1.0912945796e+02
1.49400e+02 4.4090052065e+02 -1.0363690972e+02
1.49500e+02 4.3245994716e+02 -9.9578322208e+01
1.49600e+02 4.2516851556e+02 -9.6108982702e+01
1.49700e+02 4.1905692495e+02 -9.3238130438e+01
1.49800e+02 4.1469482030e+02 -9.1019416372e+01
1.49900e+02 4.1035016825e+02 -8.8965032181e+01
1.50000e+02 5.3390314695e+02 -1.4657032995e+02
1.50100e+02 5.0322989474e+02 -1.3143635356e+02
1.50200e+02 4.8382443690e+02 -1.2176236466e+02
1.50300e+02 4.7017038570e+02 -1.1474999754e+02
1.50400e+02 4.5935678552e+02 -1.0943956760e+02
1.50500e+02 4.5128881705e+02 -1.0532793720e+02
1.50600e+02 4.4444307449e+02 -1.0199941799e+02
1.50700e+02 4.3922559176e+02 -9.9299689097e+01
1.50800e+02 4.3444848005e+02 -9.7000241450e+01
1.50900e+02 4.3020984163e+02 -9.5179589178e+01
1.51000e+02 4.2674280452e+02 -9.3413705941e+01
1.51100e+02 4.3038488879e+02 -9.5138333091e+01
1.51200e+02 4.3437485846e+02 -9.7125889094e+01
1.51300e+02 4.3896305786e+02 -9.9358527777e+01
1.51400e+02 4.4448860396e+02 -1.0212294130e+02
1.51500e+02 4.5108688898e+02 -1.0546876046e+02
1.51600e+02 4.5935279626e+02 -1.0950203668e+02
1.51700e+02 4.6996359484e+02 -1.1482690757e+02
1.51800e+02 4.8398343493e+02 -1.2189120706e+02
1.51900e+02 5.0404789619e+02 -1.3153444948e+02
1.52000e+02 5.3424798653e+02 -1.4659391243e+02
1.52100e+02 5.0404279318e+02 -1.3153799290e+02
1.52200e+02 4.8390462897e+02 -1.2155674173e+02
1.52300e+02 4.7005121622e+02 -1.1476930416e+02
1.52400e+02 4.5935286668e+02 -1.0950180811e+02
1.52500e+02 4.5089242087e+02 -1.0531700868e+02
1.52600e+02 4.4396769228e+02 -1.0193648040e+02
1.52700e+02 4.3896293008e+02 -9.9358520279e+01
1.52800e+02 4.3419526231e+02 -9.7030459125e+01
1.52900e+02 4.3004827745e+02 -9.5043616413e+01
1.53000e+02 4.2689434067e+02 -9.3351522344e+01
1.53100e+02 4.3020984070e+02 -9.5179585013e+01
1.53200e+02 4.3460037950e+02 -9.6984775209e+01
1.53300e+02 4.3927473179e+02 -9.9282037931e+01
1.53400e+02 4.4475091826e+02 -1.0201281021e+02
1.53500e+02 4.5128888937e+02 -1.0532793595e+02
1.53600e+02 4.5961643872e+02 -1.0945471283e+02
1.53700e+02 4.7015675570e+02 -1.1472562456e+02
1.53800e+02 4.8382443777e+02 -1.2176235423e+02
1.53900e+02 5.0345904177e+02 -1.3148662373e+02
1.54000e+02 5.3334400991e+02 -1.4627280512e+02
1.54100e+02 5.0345903717e+02 -1.3148662287e+02
1.54200e+02 4.8382457213e+02 -1.2176237528e+02
1.54300e+02 4.7017038356e+02 -1.1474999532e+02
1.54400e+02 4.5935678184e+02 -1.0943956458e+02
1.54500e+02 4.5128925329e+02 -1.0532821554e+02
1.54600e+02 4.4444338966e+02 -1.0199968246e+02
1.54700e+02 4.3922558814e+02 -9.9299682468e+01
1.54800e+02 4.3444847727e+02 -9.7000236626e+01
1.54900e+02 4.3020984055e+02 -9.5179590128e+01
1.55000e+02 4.2685493873e+02 -9.3415180348e+01
1.55100e+02 4.3020984097e+02 -9.5179591205e+01
1.55200e+02 4.3460038061e+02 -9.6984774688e+01
1.55300e+02 4.3927473289e+02 -9.9282036598e+01
1.55400e+02 4.4475091706e+02 -1.0201280815e+02
1.55500e+02 4.5128896796e+02 -1.0532812364e+02
1.55600e+02 4.5961653258e+02 -1.0945479974e+02
1.55700e+02 4.7015617237e+02 -1.1472581990e+02
1.55800e+02 4.8382444768e+02 -1.2176235411e+02
1.55900e+02 5.0345718105e+02 -1.3148171020e+02
1.56000e+02 4.0655832714e+02 -8.7245130754e+01
1.56100e+02 4.1022193280e+02 -8.8952238010e+01
1.56200e+02 4.1445642151e+02 -9.1001082349e+01
1.56300e+02 4.1934546633e+02 -9.3404240150e+01
1.56400e+02 4.2540081717e+02 -9.6140212377e+01
1.56500e+02 4.3245992163e+02 -9.9578327165e+01
1.56600e+02 4.4131793773e+02 -1.0385973574e+02
1.56700e+02 4.5257603871e+02 -1.0924648858e+02
1.56800e+02 4.6739897923e+02 -1.1648192782e+02
1.56900e+02 4.8767523775e+02 -1.2591933686e+02
1.57000e+02 5.1773972422e+02 -1.4115250075e+02
1.57100e+02 4.8787632583e+02 -1.2613349703e+02
1.57200e+02 4.6698105358e+02 -1.1605401217e+02
1.57300e+02 4.5251121746e+02 -1.0916159716e+02
1.57400e+02 4.4147455103e+02 -1.0374411763e+02
1.57500e+02 4.3249535571e+02 -9.9489915630e+01
1.57600e+02 4.2543233807e+02 -9.6113555720e+01
1.57700e+02 4.1937994306e+02 -9.3278419431e+01
1.57800e+02 4.1461330875e+02 -9.0980232451e+01
1.57900e+02 4.1028123328e+02 -8.9018062002e+01
1.58000e+02 4.0646819862e+02 -8.7263061074e+01
1.58100e+02 4.1028238826e+02 -8.9019179846e+01
1.58200e+02 4.1459768276e+02 -9.1050421575e+01
1.58300e+02 4.1973498855e+02 -9.3275268869e+01
1.58400e+02 4.2569584676e+02 -9.6102456879e+01
1.58500e+02 4.3282045676e+02 -9.9525014377e+01
1.58600e+02 4.4147454267e+02 -1.0374413181e+02
1.58700e+02 4.5251171011e+02 -1.0916165308e+02
1.58800e+02 4.6740483348e+02 -1.1633125083e+02
1.58900e+02 4.8787428327e+02 -1.2613558516e+02
1.59000e+02 5.1780071118e+02 -1.4117773351e+02
1.59100e+02 4.8788024417e+02 -1.2613406554e+02
1.59200e+02 4.6698522461e+02 -1.1605458624e+02
1.59300e+02 4.5251130981e+02 -1.0916189142e+02
1.59400e+02 4.4147197053e+02 -1.0374400331e+02
1.59500e+02 4.3249309341e+02 -9.9489734114e+01
1.59600e+02 4.2543233765e+02 -9.6113553256e+01
1.59700e+02 4.1937994241e+02 -9.3278418735e+01
1.59800e+02 4.1461327365e+02 -9.0980258439e+01
1.59900e+02 4.1028119689e+02 -8.9018069259e+01
1.60000e+02 5.3470087800e+02 -1.4639476482e+02
1.60100e+02 5.0413627068e+02 -1.3125404175e+02
1.60200e+02 4.8412685388e+02 -1.2172564575e+02
1.60300e+02 4.6977074051e+02 -1.1459643214e+02
1.60400e+02 4.5941843666e+02 -1.0951194927e+02
1.60500e+02 4.5094114044e+02 -1.0533449337e+02
1.60600e+02 4.4399685178e+02 -1.0196086245e+02
1.60700e+02 4.3903976684e+02 -9.9370069840e+01
1.60800e+02 4.3427875740e+02 -9.7032035427e+01
1.60900e+02 4.3013988952e+02 -9.5033790730e+01
1.61000e+02 4.2678156807e+02 -9.3413288831e+01
1.61100e+02 4.3021632259e+02 -9.5193890788e+01
1.61200e+02 4.3412529207e+02 -9.6961315432e+01
1.61300e+02 4.3926757018e+02 -9.9319976673e+01
1.61400e+02 4.4482138369e+02 -1.0204880624e+02
1.61500e+02 4.5147449872e+02 -1.0535694538e+02
1.61600e+02 4.5966483745e+02 -1.0947427844e+02
1.61700e+02 4.7029156522e+02 -1.1475019021e+02
1.61800e+02 4.8390121395e+02 -1.2180533411e+02
1.61900e+02 5.0347952762e+02 -1.3149640997e+02
1.62000e+02 5.3313381394e+02 -1.4652147441e+02
1.62100e+02 5.0347918224e+02 -1.3150119242e+02
1.62200e+02 4.8390121500e+02 -1.2180533424e+02
1.62300e+02 4.7012229557e+02 -1.1474263595e+02
1.62400e+02 4.5931695830e+02 -1.0942228344e+02
1.62500e+02 4.5126486615e+02 -1.0534075956e+02
1.62600e+02 4.4441373625e+02 -1.0201029012e+02
1.62700e+02 4.3926754207e+02 -9.9319924950e+01
1.62800e+02 4.3449580859e+02 -9.7027136111e+01
1.62900e+02 4.3033205774e+02 -9.5069786409e+01
1.63000e+02 4.2680004800e+02 -9.3445997969e+01
1.63100e+02 4.3024292087e+02 -9.5164567097e+01
1.63200e+02 4.3428318434e+02 -9.7132107263e+01
1.63300e+02 4.3893790815e+02 -9.9467982209e+01
1.63400e+02 4.4456724448e+02 -1.0207791852e+02
1.63500e+02 4.5124884097e+02 -1.0542583355e+02
1.63600e+02 4.5945885171e+02 -1.0958007841e+02
1.63700e+02 4.7014420087e+02 -1.1477122429e+02
1.63800e+02 4.8412466721e+02 -1.2172460153e+02
1.63900e+02 5.0406939683e+02 -1.3143837134e+02
1.64000e+02 5.3417440555e+02 -1.4632101840e+02
1.64100e+02 5.0407515986e+02 -1.3143983638e+02
1.64200e+02 4.8397189411e+02 -1.2151981011e+02
1.64300e+02 4.7014420792e+02 -1.1477122799e+02
1.64400e+02 4.5939940282e+02 -1.0942067292e+02
1.64500e+02 4.5088738813e+02 -1.0523155143e+02
1.64600e+02 4.4456729808e+02 -1.0207792796e+02
1.64700e+02 4.3893823643e+02 -9.9307209350e+01
1.64800e+02 4.3411989407e+02 -9.6974706305e+01
1.64900e+02 4.3032426855e+02 -9.5114371219e+01
1.65000e+02 4.2664228727e+02 -9.3298890138e+01
1.65100e+02 4.3010540281e+02 -9.4980894376e+01
1.65200e+02 4.3412528055e+02 -9.6961318977e+01
1.65300e+02 4.3926754682e+02 -9.9319974397e+01
1.65400e+02 4.4482134238e+02 -1.0204881332e+02
1.65500e+02 4.5147442433e+02 -1.0535697259e+02
1.65600e+02 4.5966483001e+02 -1.0947425648e+02
1.65700e+02 4.7029174900e+02 -1.1474997008e+02
1.65800e+02 4.8390122402e+02 -1.2180533207e+02
1.65900e+02 5.0347678101e+02 -1.3149662412e+02
1.66000e+02 5.3311219750e+02 -1.4653701260e+02
1.66100e+02 5.0347675769e+02 -1.3149662808e+02
1.66200e+02 4.8390293542e+02 -1.2180461422e+02
