0.00000e+00 0.0000000000e+00 0.0000000000e+00
1.00000e+00 8.6070477331e-01 8.6070477331e-01
2.00000e+00 1.7217436669e+00 8.6103889358e-01
3.00000e+00 2.5767210178e+00 1.7151552056e+00
4.00000e+00 3.4280235408e+00 1.7037036798e+00
5.00000e+00 4.2751529877e+00 1.6941520721e+00
6.00000e+00 5.1515245222e+00 1.7362156030e+00
7.00000e+00 6.0303048159e+00 8.7878029367e-01
8.00000e+00 6.9000591122e+00 1.7476558097e+00
9.00000e+00 7.7568211576e+00 1.7238899057e+00
1.00000e+01 8.6122837366e+00 1.7078742984e+00
1.10000e+01 9.5052934433e+00 2.5944827642e+00
1.20000e+01 1.0369782294e+01 2.5800055976e+00
1.30000e+01 1.1239284124e+01 1.7189062091e+00
1.40000e+01 1.2099164783e+01 1.7216053827e+00
1.50000e+01 1.2982757397e+01 1.7403100557e+00
1.60000e+01 1.3824221626e+01 1.6826196257e+00
1.70000e+01 1.4660092469e+01 1.7384685449e+00
1.80000e+01 1.5499207382e+01 1.7343807605e+00
1.90000e+01 1.6272870269e+01 5.9456212429e+00
2.00000e+01 1.6989771497e+01 6.6565768494e+00
2.10000e+01 1.7694369629e+01 1.4088971613e+00
2.20000e+01 1.8387290135e+01 1.3835075427e+00
2.30000e+01 1.9081625135e+01 1.3718609038e+00
2.40000e+01 1.9769560500e+01 1.3655039011e+00
2.50000e+01 2.0604665096e+01 1.6630899905e+00
2.60000e+01 2.1447910755e+01 3.5791556284e+00
2.70000e+01 2.2195690812e+01 1.4175834538e+00
2.80000e+01 2.2954838594e+01 7.7231438632e-01
2.90000e+01 2.3748697058e+01 5.1496985601e+00
3.00000e+01 2.4476852265e+01 1.3010754179e+00
3.10000e+01 2.5139753749e+01 8.4878572061e-02
3.20000e+01 2.5796485749e+01 5.0421330795e+00
3.30000e+01 2.6448728533e+01 7.3112577495e+00
3.40000e+01 2.7101652601e+01 1.2825424345e+00
3.50000e+01 2.7755897314e+01 1.2832618207e+00
3.60000e+01 2.8412207516e+01 1.2853646939e+00
3.70000e+01 2.9069770423e+01 1.2873975238e+00
3.80000e+01 2.9698119848e+01 1.2717862367e+00
3.90000e+01 3.0311083306e+01 4.0998098633e+00
4.00000e+01 3.0978081156e+01 1.2967977738e+00
4.10000e+01 3.1642881453e+01 1.3027383652e+00
4.20000e+01 3.2304324376e+01 1.2958807009e+00
4.30000e+01 3.2967394657e+01 1.2928548040e+00
4.40000e+01 3.3630848688e+01 1.2935730565e+00
4.50000e+01 3.4333101820e+01 1.2081690106e+00
4.60000e+01 3.4973779642e+01 3.9234389750e+00
4.70000e+01 3.5614037579e+01 8.6000196914e+00
4.80000e+01 3.6262504695e+01 1.2585287543e+00
4.90000e+01 3.6909932181e+01 1.2644397748e+00
5.00000e+01 3.7596961783e+01 1.3153095987e+01
5.10000e+01 3.8281841083e+01 1.3140885027e+00
5.20000e+01 3.8967449303e+01 1.3349286029e+00
5.30000e+01 3.9670034511e+01 6.6010679146e+00
5.40000e+01 4.0327025972e+01 1.2716996796e+00
5.50000e+01 4.0982342186e+01 1.4318388054e+00
5.60000e+01 4.1671294283e+01 1.3559135545e+00
5.70000e+01 4.2362136281e+01 1.3395563728e+00
5.80000e+01 4.3049574892e+01 8.0991210015e+00
5.90000e+01 4.3815574305e+01 1.4652408396e+00
6.00000e+01 4.4585131745e+01 3.0067485443e+00
6.10000e+01 4.5270670615e+01 5.2885343660e+00
6.20000e+01 4.5910160178e+01 1.4158265511e+00
6.30000e+01 4.6541098369e+01 1.3556395327e+00
6.40000e+01 4.7224891271e+01 1.3364014988e+00
6.50000e+01 4.7945590321e+01 2.8683335401e+00
6.60000e+01 4.8594143273e+01 1.1084278770e+00
6.70000e+01 4.9241847817e+01 2.4846866381e+00
6.80000e+01 4.9934819119e+01 2.8694844112e+00
6.90000e+01 5.0625249533e+01 1.4098286273e+00
7.00000e+01 5.1307392747e+01 2.5248556030e+00
7.10000e+01 5.2072799914e+01 3.8133604214e-01
7.20000e+01 5.2842626489e+01 1.7549979157e+00
7.30000e+01 5.3527119610e+01 2.5758856770e+00
7.40000e+01 5.4166184116e+01 1.2774614965e+00
7.50000e+01 5.4922128190e+01 1.4801464053e+00
7.60000e+01 5.5744122400e+01 1.2902290781e-01
7.70000e+01 5.6537774767e+01 3.9017367352e+00
7.80000e+01 5.7308636406e+01 6.7087789319e-01
7.90000e+01 5.8046231408e+01 1.9994929320e+00
8.00000e+01 5.8824446361e+01 5.4006758477e+00
8.10000e+01 5.9596380491e+01 1.4998670385e+00
8.20000e+01 6.0328486089e+01 1.4196566367e+00
8.30000e+01 6.1045583382e+01 1.3977392698e+00
8.40000e+01 6.1817634014e+01 1.4922028510e+00
8.50000e+01 6.2584915963e+01 1.4860584672e+00
8.60000e+01 6.3345821396e+01 1.4734272095e+00
8.70000e+01 6.4160609257e+01 2.9546511790e+00
8.80000e+01 6.4945562629e+01 6.6836875037e+00
8.90000e+01 6.5722710403e+01 5.2786481156e+00
9.00000e+01 6.6484432810e+01 4.3253163001e+00
9.10000e+01 6.7243079228e+01 5.3189905471e+00
9.20000e+01 6.8029108910e+01 1.5054139645e+00
9.30000e+01 6.8815392286e+01 1.4909552083e+00
9.40000e+01 6.9596935505e+01 3.9046965001e+00
9.50000e+01 7.0337794993e+01 3.9245539988e+00
9.60000e+01 7.1055935646e+01 1.3983095304e+00
9.70000e+01 7.1771903346e+01 1.3720194342e+00
9.80000e+01 7.2545929666e+01 1.5174585404e+00
9.90000e+01 7.3313199626e+01 2.8828838989e+00
1.00000e+02 7.4036968685e+01 1.3762758216e+00
1.01000e+02 7.4747610649e+01 1.3695738090e+00
1.02000e+02 7.5448052052e+01 1.3448765783e+00
1.03000e+02 7.6152403276e+01 1.3372409615e+00
1.04000e+02 7.6850805195e+01 1.3338642361e+00
1.05000e+02 7.7554112996e+01 1.3314869492e+00
1.06000e+02 7.8325960077e+01 2.8629483765e+00
1.07000e+02 7.9091420356e+01 4.0491519380e+00
1.08000e+02 7.9808680778e+01 1.3490139658e+00
1.09000e+02 8.0662359406e+01 1.5989407603e+00
1.10000e+02 8.1585980352e+01 7.0478216644e+00
1.11000e+02 8.2479790615e+01 8.6613448821e+00
1.12000e+02 8.3344626938e+01 9.4286541938e+00
1.13000e+02 8.4142328616e+01 1.4420588284e+00
1.14000e+02 8.4912298657e+01 5.7856788830e+00
1.15000e+02 8.5671506592e+01 3.1968084364e+00
1.16000e+02 8.6400939749e+01 1.4527895047e+00
1.17000e+02 8.7249092598e+01 7.0352480640e+00
1.18000e+02 8.8161485866e+01 3.1823839495e+00
1.19000e+02 8.9038435514e+01 1.1774171320e-01
1.20000e+02 8.9891905196e+01 4.4235146123e-01
1.21000e+02 9.0710089499e+01 1.9137284498e+00
1.22000e+02 9.1568989163e+01 1.6577120855e+00
1.23000e+02 9.2420983736e+01 1.6310992977e+00
1.24000e+02 9.3233768329e+01 1.5528146960e+00
1.25000e+02 9.4030659572e+01 1.5969113181e+00
1.26000e+02 9.4882865222e+01 1.6227741832e+00
1.27000e+02 9.5796818815e+01 3.1993448957e+00
1.28000e+02 9.6636101312e+01 4.9221920712e+00
1.29000e+02 9.7395158908e+01 1.5833177619e+00
1.30000e+02 9.8100877411e+01 3.0699827604e+00
1.31000e+02 9.8798570771e+01 1.3174546371e+00
1.32000e+02 9.9552581493e+01 9.8194927739e-02
1.33000e+02 1.0030237781e+02 2.8977720246e+00
1.34000e+02 1.0104750880e+02 2.8859945234e+00
1.35000e+02 1.0184541470e+02 1.5012665438e+00
1.36000e+02 1.0261563311e+02 4.4997915637e+00
1.37000e+02 1.0338375314e+02 1.4245166474e+00
1.38000e+02 1.0413843317e+02 1.3650987054e+00
1.39000e+02 1.0498584302e+02 7.6737503375e+00
1.40000e+02 1.0583835635e+02 4.4904932285e+00
1.41000e+02 1.0668057713e+02 1.6028361396e+00
1.42000e+02 1.0757283587e+02 1.5451324570e+00
1.43000e+02 1.0844960028e+02 1.0864437554e-01
1.44000e+02 1.0931484582e+02 1.6517424084e+00
1.45000e+02 1.1016954590e+02 1.6280263288e+00
1.46000e+02 1.1102252534e+02 1.6141322057e+00
1.47000e+02 1.1192390516e+02 4.5894766535e+00
1.48000e+02 1.1277196580e+02 1.5967806185e+00
1.49000e+02 1.1354698113e+02 4.7461236257e+00
1.50000e+02 1.1426284107e+02 4.7025574200e+00
1.51000e+02 1.1509741802e+02 1.5875399999e+00
1.52000e+02 1.1599759524e+02 1.7724994492e+00
1.53000e+02 1.1686771436e+02 3.0207239237e+00
1.54000e+02 1.1772512908e+02 3.0221384786e+00
1.55000e+02 1.1862004976e+02 1.6998299355e+00
1.56000e+02 1.1946628890e+02 1.5841309565e+00
1.57000e+02 1.2024280964e+02 3.0206217545e+00
1.58000e+02 1.2095894337e+02 3.0178749157e+00
1.59000e+02 1.2166339830e+02 1.3164616973e+00
1.60000e+02 1.2235657561e+02 1.2921888241e+00
1.61000e+02 1.2305219696e+02 1.2820630551e+00
1.62000e+02 1.2381141968e+02 9.8191999371e-02
1.63000e+02 1.2461956366e+02 1.3846648899e+00
1.64000e+02 1.2535247063e+02 5.4749961637e+00
1.65000e+02 1.2608290509e+02 6.9479255036e+00
1.66000e+02 1.2686175607e+02 2.9600840864e+00
1.67000e+02 1.2762927386e+02 5.4288949862e+00
1.68000e+02 1.2838281397e+02 1.3732823832e+00
1.69000e+02 1.2913387966e+02 1.3925403254e+00
1.70000e+02 1.2988557108e+02 1.3892990993e+00
1.71000e+02 1.3057436883e+02 6.8236037143e-03
1.72000e+02 1.3124653473e+02 5.4297633356e+00
1.73000e+02 1.3193968527e+02 2.6854516448e+00
1.74000e+02 1.3260821096e+02 7.9959069897e+00
1.75000e+02 1.3328939359e+02 6.7636328121e+00
1.76000e+02 1.3396801870e+02 2.6892253957e+00
1.77000e+02 1.3466198522e+02 1.2450694081e+00
1.78000e+02 1.3531104863e+02 1.0262801506e-01
1.79000e+02 1.3595975928e+02 2.5298081842e+00
1.80000e+02 1.3664352680e+02 1.2590661767e+00
1.81000e+02 1.3733014769e+02 2.6919744215e+00
1.82000e+02 1.3801349228e+02 6.5420236839e+00
1.83000e+02 1.3866118752e+02 6.4943791509e+00
1.84000e+02 1.3928950777e+02 1.1549682344e+00
1.85000e+02 1.4004600473e+02 1.3655934325e+00
1.86000e+02 1.4081007273e+02 4.0065108068e+00
1.87000e+02 1.4148528550e+02 1.1813307976e+00
1.88000e+02 1.4211867875e+02 1.1852224713e+00
1.89000e+02 1.4287124905e+02 1.3939917070e+00
1.90000e+02 1.4363296893e+02 1.3902495915e+00
1.91000e+02 1.4430747862e+02 1.1833341790e+00
1.92000e+02 1.4494013122e+02 1.1814101831e+00
1.93000e+02 1.4569222458e+02 1.3883824068e+00
1.94000e+02 1.4651287315e+02 1.3962199744e-01
1.95000e+02 1.4730899942e+02 4.1467445733e+00
1.96000e+02 1.4809405193e+02 4.1042608118e+00
1.97000e+02 1.4889323975e+02 4.8327760910e+00
1.98000e+02 1.4968211417e+02 7.2774851002e-01
1.99000e+02 1.5055140170e+02 1.5700553853e+00
2.00000e+02 1.5142161572e+02 3.0639734903e+00
2.01000e+02 1.5220223429e+02 2.0133584156e+00
2.02000e+02 1.5298012399e+02 6.1737731865e+00
2.03000e+02 1.5374776641e+02 1.4158448498e+00
2.04000e+02 1.5451133370e+02 1.4001066024e+00
2.05000e+02 1.5527411049e+02 1.3938408746e+00
2.06000e+02 1.5600856954e+02 1.5140699602e+00
2.07000e+02 1.5686374421e+02 1.5939354409e+00
2.08000e+02 1.5778392264e+02 3.6300883934e+00
2.09000e+02 1.5867578967e+02 5.1750602745e+00
2.10000e+02 1.5955596626e+02 1.6349209048e+00
2.11000e+02 1.6044698604e+02 1.2824299385e-01
2.12000e+02 1.6132293259e+02 3.1797490306e+00
2.13000e+02 1.6218512448e+02 3.1477413856e+00
2.14000e+02 1.6304534051e+02 1.5820551297e+00
2.15000e+02 1.6395106963e+02 1.6471480773e+00
2.16000e+02 1.6482824842e+02 1.6425031275e+00
2.17000e+02 1.6569720744e+02 1.6040905285e+00
2.18000e+02 1.6655937431e+02 1.5842943557e+00
2.19000e+02 1.6741605504e+02 5.2940626736e+00
2.20000e+02 1.6829590837e+02 1.6051609754e+00
2.21000e+02 1.6916409783e+02 1.6027862552e+00
2.22000e+02 1.7002912012e+02 5.2916240321e+00
2.23000e+02 1.7084205108e+02 6.9084307259e+00
2.24000e+02 1.7158014490e+02 6.8847448941e+00
2.25000e+02 1.7242335223e+02 1.5900824072e+00
2.26000e+02 1.7327277385e+02 1.5728916615e+00
2.27000e+02 1.7403792240e+02 1.4665152788e+00
2.28000e+02 1.7480449673e+02 3.1577434916e+00
2.29000e+02 1.7560173728e+02 1.4732998974e+00
2.30000e+02 1.7637087619e+02 2.9622956590e+00
2.31000e+02 1.7714547514e+02 4.6474658759e+00
2.32000e+02 1.7791302738e+02 1.4728045093e+00
2.33000e+02 1.7870420070e+02 1.4090173124e+00
2.34000e+02 1.7947292037e+02 1.4071890577e+00
2.35000e+02 1.8025126534e+02 1.4750777236e+00
2.36000e+02 1.8102269329e+02 1.6218264501e+00
2.37000e+02 1.8175420033e+02 3.0779782587e+00
2.38000e+02 1.8246446413e+02 2.7820377959e+00
2.39000e+02 1.8317323293e+02 1.2651023793e+00
2.40000e+02 1.8387349778e+02 1.2538383207e+00
2.41000e+02 1.8457689148e+02 1.2472093852e+00
2.42000e+02 1.8527421742e+02 1.2430232575e+00
2.43000e+02 1.8612388949e+02 4.3715799795e+00
2.44000e+02 1.8704731572e+02 1.5470655157e-01
2.45000e+02 1.8792895794e+02 3.8855025890e+00
2.46000e+02 1.8877926656e+02 1.5298268613e-01
2.47000e+02 1.8973847051e+02 2.6408372457e-01
2.48000e+02 1.9069968538e+02 5.4647946386e+00
2.49000e+02 1.9164676562e+02 2.4717878695e+00
2.50000e+02 1.9264615149e+02 3.9431777061e+00
2.51000e+02 1.9362436472e+02 2.4940071961e-01
2.52000e+02 1.9458420125e+02 5.7162619633e+00
2.53000e+02 1.9558367108e+02 5.7078647563e+00
2.54000e+02 1.9655493331e+02 1.8068151799e+00
2.55000e+02 1.9752346796e+02 1.7658320878e+00
2.56000e+02 1.9848193380e+02 1.8554999434e+00
2.57000e+02 1.9953493995e+02 3.3662572140e+00
2.58000e+02 2.0058646400e+02 5.2005428722e+00
2.59000e+02 2.0162339396e+02 1.9189348325e+00
2.60000e+02 2.0266694403e+02 1.9090419191e+00
2.61000e+02 2.0370280760e+02 1.9060664875e+00
2.62000e+02 2.0478568856e+02 2.8989748336e-01
2.63000e+02 2.0584917270e+02 5.7111665680e+00
2.64000e+02 2.0690122938e+02 1.9126670272e+00
2.65000e+02 2.0789261209e+02 3.5362433903e+00
2.66000e+02 2.0884146200e+02 7.2802562902e+00
2.67000e+02 2.0977099349e+02 7.2339728719e+00
2.68000e+02 2.1067306062e+02 7.1276685638e+00
2.69000e+02 2.1155171039e+02 7.0821093137e+00
2.70000e+02 2.1241413581e+02 1.6366826506e+00
2.71000e+02 2.1327874509e+02 1.5467041115e+00
2.72000e+02 2.1413516719e+02 1.5391540875e+00
2.73000e+02 2.1499613889e+02 1.5339773638e+00
2.74000e+02 2.1592809829e+02 1.6826717289e+00
2.75000e+02 2.1692852160e+02 1.8476935393e+00
2.76000e+02 2.1784875266e+02 4.6220995150e+00
2.77000e+02 2.1876107022e+02 6.4046857674e+00
2.78000e+02 2.1972483856e+02 7.2539098843e+00
2.79000e+02 2.2067373870e+02 4.5659542453e+00
2.80000e+02 2.2160948840e+02 1.6598745871e+00
2.81000e+02 2.2248511877e+02 1.4658662213e-02
2.82000e+02 2.2332543270e+02 4.6160264319e+00
2.83000e+02 2.2415281178e+02 6.1902470378e+00
2.84000e+02 2.2497674593e+02 1.4600051196e+00
2.85000e+02 2.2585074516e+02 1.5833137998e+00
2.86000e+02 2.2669869169e+02 6.0272969603e+00
2.87000e+02 2.2754096088e+02 1.4972128039e+00
2.88000e+02 2.2838027785e+02 1.4870860327e+00
2.89000e+02 2.2924060153e+02 1.4914897222e+00
2.90000e+02 2.3009043834e+02 1.6269638287e+00
2.91000e+02 2.3092775693e+02 1.6023317803e+00
2.92000e+02 2.3176520775e+02 1.4772805199e+00
2.93000e+02 2.3259907814e+02 1.4723550367e+00
2.94000e+02 2.3341361027e+02 3.1349093509e+00
2.95000e+02 2.3420456501e+02 7.6690495072e+00
2.96000e+02 2.3498035556e+02 5.9929269451e+00
2.97000e+02 2.3591098625e+02 4.6910696189e+00
2.98000e+02 2.3691287004e+02 3.1231160092e+00
2.99000e+02 2.3788319978e+02 4.7336523879e+00
3.00000e+02 2.3882555254e+02 6.0382715795e+00
3.01000e+02 2.3970118933e+02 1.4496653765e+00
3.02000e+02 2.4050517095e+02 1.4764067711e+00
3.03000e+02 2.4129342511e+02 1.3875477332e+00
3.04000e+02 2.4213272370e+02 3.2411000076e+00
3.05000e+02 2.4302301640e+02 8.0037047147e-02
3.06000e+02 2.4387929935e+02 1.5428116964e+00
3.07000e+02 2.4472766916e+02 1.4993459983e+00
3.08000e+02 2.4557127254e+02 1.4851670854e+00
3.09000e+02 2.4643331343e+02 3.2660294008e+00
3.10000e+02 2.4728372624e+02 1.5055080315e+00
3.11000e+02 2.4815764605e+02 1.5092319220e+00
3.12000e+02 2.4899237078e+02 2.7267478628e+00
3.13000e+02 2.4976298049e+02 1.8843032959e+00
3.14000e+02 2.5051002022e+02 1.3278454337e+00
3.15000e+02 2.5128297089e+02 1.0096914577e-01
3.16000e+02 2.5200364981e+02 1.7683731830e+00
3.17000e+02 2.5266554665e+02 1.2178047168e+00
3.18000e+02 2.5331614863e+02 1.9730591913e-01
3.19000e+02 2.5398925926e+02 1.2635337157e+00
3.20000e+02 2.5464006159e+02 2.4763236369e+00
3.21000e+02 2.5530497214e+02 2.4362811656e+00
3.22000e+02 2.5596908192e+02 1.2757779719e+00
3.23000e+02 2.5664883611e+02 1.1171171242e+00
3.24000e+02 2.5730855899e+02 1.1249205567e+00
3.25000e+02 2.5798398438e+02 1.2850170302e+00
3.26000e+02 2.5865410308e+02 4.3513031873e+00
3.27000e+02 2.5939987354e+02 9.5577264201e+00
3.28000e+02 2.6019961843e+02 1.4897838509e-01
3.29000e+02 2.6097763554e+02 1.3708879551e+00
3.30000e+02 2.6173559416e+02 3.5233635399e+00
3.31000e+02 2.6243866478e+02 1.1596603327e+00
3.32000e+02 2.6307776816e+02 2.2384815918e+00
3.33000e+02 2.6381941321e+02 1.2814455718e+00
3.34000e+02 2.6462156790e+02 1.3629704955e+00
3.35000e+02 2.6540154855e+02 2.3818913444e+00
3.36000e+02 2.6617347103e+02 3.6122785410e+00
3.37000e+02 2.6693766710e+02 1.3155455940e+00
3.38000e+02 2.6768089779e+02 1.3842914360e+00
3.39000e+02 2.6840047139e+02 3.6356532362e+00
3.40000e+02 2.6916695423e+02 1.3087904019e+00
3.41000e+02 2.6992820967e+02 1.3045409899e+00
3.42000e+02 2.7064941832e+02 1.2188351702e+00
3.43000e+02 2.7135673865e+02 1.2436513683e+00
3.44000e+02 2.7205366045e+02 1.2181208667e+00
3.45000e+02 2.7275434940e+02 1.1719830667e+00
3.46000e+02 2.7344923856e+02 1.1687784356e+00
3.47000e+02 2.7429904040e+02 3.3302274755e-01
3.48000e+02 2.7522279935e+02 3.7580195102e+00
3.49000e+02 2.7611524121e+02 5.2302937681e+00
3.50000e+02 2.7697565337e+02 5.0366936711e+00
3.51000e+02 2.7782969278e+02 4.8110285968e+00
3.52000e+02 2.7868465660e+02 1.4793829436e+00
3.53000e+02 2.7946947774e+02 1.2517418365e+00
3.54000e+02 2.8023825007e+02 2.8941741652e+00
3.55000e+02 2.8103462523e+02 2.4343663948e+00
3.56000e+02 2.8180353246e+02 3.8657285283e+00
3.57000e+02 2.8256799356e+02 1.2995156495e+00
3.58000e+02 2.8332863029e+02 1.2899456352e+00
3.59000e+02 2.8411305951e+02 2.9144537697e+00
3.60000e+02 2.8488969716e+02 3.7380134753e+00
3.61000e+02 2.8568138001e+02 1.3158774356e+00
3.62000e+02 2.8643323021e+02 1.0311361986e-01
3.63000e+02 2.8712615428e+02 4.1874343043e+00
3.64000e+02 2.8776060153e+02 5.3732950525e+00
3.65000e+02 2.8850021210e+02 3.9835601070e+00
3.66000e+02 2.8924923531e+02 3.9767495561e+00
3.67000e+02 2.8991723477e+02 1.0636657875e+00
3.68000e+02 2.9054329624e+02 1.0542163496e+00
3.69000e+02 2.9128543362e+02 1.2522037108e+00
3.70000e+02 2.9203760841e+02 1.2541030924e+00
3.71000e+02 2.9270535405e+02 1.0529082983e+00
3.72000e+02 2.9333204594e+02 1.0524858086e+00
3.73000e+02 2.9407686225e+02 1.2555279264e+00
3.74000e+02 2.9483161201e+02 1.2568473700e+00
3.75000e+02 2.9550057497e+02 1.0526506480e+00
3.76000e+02 2.9617804179e+02 1.2153907259e+00
3.77000e+02 2.9688495575e+02 3.6733475255e+00
3.78000e+02 2.9752882557e+02 5.1928079663e-01
3.79000e+02 2.9811285010e+02 8.4938434999e-02
3.80000e+02 2.9869222435e+02 3.5715816115e+00
3.81000e+02 2.9929106181e+02 4.1068501721e-01
3.82000e+02 2.9983284242e+02 1.8694270709e-01
3.83000e+02 3.0037868753e+02 1.3886250682e+00
3.84000e+02 3.0096666857e+02 5.2218543850e+00
3.85000e+02 3.0154822466e+02 9.2247322822e-01
3.86000e+02 3.0212707546e+02 9.1242051396e-01
3.87000e+02 3.0273360674e+02 8.3385628831e+00
3.88000e+02 3.0334052449e+02 1.7888995712e+00
3.89000e+02 3.0390967079e+02 1.7722324453e+00
3.90000e+02 3.0450954512e+02 1.3523251652e+00
3.91000e+02 3.0510649089e+02 1.3413873291e+00
3.92000e+02 3.0566767838e+02 8.8280074949e-01
3.93000e+02 3.0621551549e+02 1.1315524962e+00
3.94000e+02 3.0681600963e+02 9.4757218091e-01
3.95000e+02 3.0741431980e+02 9.4798901316e-01
3.96000e+02 3.0800955852e+02 9.4178560699e-01
3.97000e+02 3.0860575279e+02 9.3872791989e-01
3.98000e+02 3.0916723474e+02 1.1307154032e+00
3.99000e+02 3.0971531053e+02 1.8877071068e+00
4.00000e+02 3.1031778557e+02 9.4502550575e-01
4.01000e+02 3.1095386034e+02 9.6602678093e-01
4.02000e+02 3.1151686952e+02 4.8079291199e+00
4.03000e+02 3.1208087333e+02 4.8212798919e+00
4.04000e+02 3.1265395481e+02 8.8175956170e-01
4.05000e+02 3.1316269403e+02 9.0474391489e-01
4.06000e+02 3.1366853662e+02 9.6632444990e-02
4.07000e+02 3.1418988691e+02 3.5312560449e+00
4.08000e+02 3.1468895493e+02 4.4130027688e+00
4.09000e+02 3.1518796784e+02 7.4027184710e-01
4.10000e+02 3.1566971492e+02 5.9182481416e-02
4.11000e+02 3.1615403540e+02 1.5638036947e+00
4.12000e+02 3.1664090736e+02 1.5352128499e+00
4.13000e+02 3.1712780460e+02 7.1452188197e-01
4.14000e+02 3.1764336586e+02 7.5602481101e-01
4.15000e+02 3.1815184084e+02 7.6473086607e-01
4.16000e+02 3.1865128175e+02 7.2637630432e-01
4.17000e+02 3.1910758411e+02 1.4897267216e-01
4.18000e+02 3.1953690346e+02 3.0879774200e+00
4.19000e+02 3.1996665354e+02 3.7659899223e+00
4.20000e+02 3.2040134777e+02 6.0309815929e-01
4.21000e+02 3.2084002161e+02 6.1252510957e-01
4.22000e+02 3.2125713860e+02 1.2774344457e+00
4.23000e+02 3.2169819429e+02 6.1380066609e-01
4.24000e+02 3.2214601368e+02 6.2631202830e-01
4.25000e+02 3.2258928114e+02 6.2789748632e-01
4.26000e+02 3.2303694218e+02 6.2711123526e-01
4.27000e+02 3.2348237645e+02 6.2865093461e-01
4.28000e+02 3.2389728184e+02 4.8869773447e+00
4.29000e+02 3.2439277705e+02 1.3280786570e+00
4.30000e+02 3.2495374105e+02 1.9981364281e+00
4.31000e+02 3.2549541912e+02 2.6929732874e+00
4.32000e+02 3.2600761623e+02 1.3395067833e+00
4.33000e+02 3.2651878092e+02 2.0118077619e+00
4.34000e+02 3.2703136279e+02 2.0101807205e+00
4.35000e+02 3.2748631055e+02 4.9381997339e+00
4.36000e+02 3.2793028523e+02 1.4603268109e+00
4.37000e+02 3.2838029078e+02 6.6469624258e-01
4.38000e+02 3.2880789406e+02 1.3666617215e+00
4.39000e+02 3.2925922515e+02 1.4647633104e+00
4.40000e+02 3.2970402109e+02 3.3664370824e+00
4.41000e+02 3.3021076225e+02 1.3608715397e+00
4.42000e+02 3.3072602963e+02 1.3621961639e+00
4.43000e+02 3.3123547015e+02 7.5460703152e-01
4.44000e+02 3.3175183850e+02 7.5495340563e-01
4.45000e+02 3.3220417868e+02 1.4562589113e+00
4.46000e+02 3.3265260980e+02 6.6848798277e-01
4.47000e+02 3.3310970179e+02 2.1221188643e+00
4.48000e+02 3.3350959593e+02 1.1647421962e-01
4.49000e+02 3.3391427899e+02 5.3308324790e-01
4.50000e+02 3.3435547782e+02 2.1335923018e+00
4.51000e+02 3.3479092231e+02 6.0370507677e-01
4.52000e+02 3.3521159494e+02 5.5332865864e-01
4.53000e+02 3.3559199995e+02 5.9588432609e-01
4.54000e+02 3.3592388140e+02 2.5329987624e+00
4.55000e+02 3.3624655261e+02 1.7752805059e+00
4.56000e+02 3.3660930490e+02 2.6374192972e+00
4.57000e+02 3.3697482600e+02 3.2167913773e+00
4.58000e+02 3.3734254576e+02 4.5872004093e-01
4.59000e+02 3.3771106736e+02 6.6922893791e-02
4.60000e+02 3.3805681316e+02 9.6140091364e-01
4.61000e+02 3.3840334834e+02 9.3845309581e-01
4.62000e+02 3.3872503956e+02 2.8269761983e-01
4.63000e+02 3.3901204335e+02 1.2243614779e+00
4.64000e+02 3.3928452863e+02 3.2167160926e-01
4.65000e+02 3.3956210373e+02 6.9166526133e-01
4.66000e+02 3.3981202459e+02 1.5228555563e+00
4.67000e+02 3.4005142006e+02 2.7374160739e-01
4.68000e+02 3.4028647037e+02 2.5859731665e-01
4.69000e+02 3.4060772211e+02 1.6187185237e+00
4.70000e+02 3.4094310604e+02 1.5102976921e+00
4.71000e+02 3.4127543277e+02 6.5290278867e-01
4.72000e+02 3.4165063897e+02 7.2043399940e-01
4.73000e+02 3.4201712306e+02 7.3966247604e-01
4.74000e+02 3.4236242485e+02 4.0098354301e-01
4.75000e+02 3.4270924017e+02 4.1507114568e-01
4.76000e+02 3.4307681435e+02 4.5722329882e-01
4.77000e+02 3.4345785299e+02 3.0175613187e-01
4.78000e+02 3.4384600109e+02 9.5881954083e-01
4.79000e+02 3.4429181856e+02 2.3307143987e-01
4.80000e+02 3.4474392626e+02 7.5430034734e-01
4.81000e+02 3.4512665475e+02 1.2994863402e+00
4.82000e+02 3.4551100259e+02 8.5078537325e-01
4.83000e+02 3.4589718745e+02 9.6300694500e-01
4.84000e+02 3.4628642747e+02 8.0353518637e-01
4.85000e+02 3.4667515655e+02 4.9905714182e-01
4.86000e+02 3.4706643895e+02 5.0060047203e-01
4.87000e+02 3.4745650777e+02 5.0143960726e-01
4.88000e+02 3.4781064774e+02 4.5845698112e-01
4.89000e+02 3.4824376802e+02 6.0677957378e-01
4.90000e+02 3.4868944622e+02 5.9974329312e-01
4.91000e+02 3.4912959334e+02 6.0617039284e-01
4.92000e+02 3.4961411956e+02 1.9150912838e+00
4.93000e+02 3.5009860168e+02 9.4413308463e-02
4.94000e+02 3.5059067150e+02 6.9604447677e-01
4.95000e+02 3.5107737143e+02 6.9756623341e-01
4.96000e+02 3.5153883894e+02 1.0594378185e+00
4.97000e+02 3.5208084848e+02 7.9641829028e-01
4.98000e+02 3.5268264344e+02 9.0845630477e-01
4.99000e+02 3.5326816383e+02 9.8820468033e-02
5.00000e+02 3.5383657311e+02 9.0256364619e-01
5.01000e+02 3.5437519085e+02 2.5739272323e+00
5.02000e+02 3.5495214498e+02 8.8047462871e-01
5.03000e+02 3.5555189645e+02 3.5107574947e+00
5.04000e+02 3.5608063990e+02 2.3078724917e+00
5.05000e+02 3.5660880293e+02 1.5971622330e+00
5.06000e+02 3.5717705241e+02 8.8437444838e-01
5.07000e+02 3.5774730386e+02 8.6432520382e-01
5.08000e+02 3.5832151813e+02 8.6072101584e-01
5.09000e+02 3.5888901652e+02 8.5710724485e-01
5.10000e+02 3.5945824862e+02 8.5126796413e-01
5.11000e+02 3.6002375632e+02 8.4842600426e-01
5.12000e+02 3.6058984032e+02 8.4442948202e-01
5.13000e+02 3.6117272755e+02 8.6662583505e-01
5.14000e+02 3.6172925535e+02 1.7363686322e+00
5.15000e+02 3.6229993702e+02 8.4875901753e-01
5.16000e+02 3.6287094352e+02 8.5283276178e-01
5.17000e+02 3.6344473031e+02 1.7255318240e+00
5.18000e+02 3.6396932495e+02 7.6779512087e-01
5.19000e+02 3.6444474934e+02 3.4961660163e+00
5.20000e+02 3.6490821463e+02 1.0754121805e-01
5.21000e+02 3.6537055835e+02 6.3620830925e-01
5.22000e+02 3.6580369754e+02 4.1810209065e+00
5.23000e+02 3.6632124063e+02 1.9040414932e+00
5.24000e+02 3.6685074885e+02 2.7256395094e+00
5.25000e+02 3.6730693756e+02 5.9824484249e-01
5.26000e+02 3.6777224493e+02 6.3741418151e-01
5.27000e+02 3.6823752702e+02 7.2785256534e-01
5.28000e+02 3.6866888159e+02 5.9586197147e-01
5.29000e+02 3.6908811527e+02 5.5831108064e-01
5.30000e+02 3.6955888645e+02 7.3258852396e-01
5.31000e+02 3.7002906101e+02 6.4861097487e-01
5.32000e+02 3.7049788670e+02 6.4601687198e-01
5.33000e+02 3.7096694642e+02 6.4425601509e-01
5.34000e+02 3.7143723246e+02 6.4507211230e-01
5.35000e+02 3.7191937635e+02 1.4836368593e+00
5.36000e+02 3.7237659225e+02 3.4028692959e+00
5.37000e+02 3.7285184947e+02 6.5062453963e-01
5.38000e+02 3.7333136126e+02 6.5919966467e-01
5.39000e+02 3.7380803459e+02 1.8187161070e+00
5.40000e+02 3.7426342588e+02 6.4814930740e-01
5.41000e+02 3.7471830031e+02 6.2570225292e-01
5.42000e+02 3.7516786146e+02 6.0761709237e-01
5.43000e+02 3.7562032754e+02 6.0460113231e-01
5.44000e+02 3.7606943903e+02 6.0354686918e-01
5.45000e+02 3.7655735270e+02 6.7119691755e-01
5.46000e+02 3.7704968468e+02 6.1873018143e-01
5.47000e+02 3.7750402484e+02 2.0318972320e+00
5.48000e+02 3.7793866657e+02 1.9721750882e+00
5.49000e+02 3.7847239988e+02 5.2731106095e+00
5.50000e+02 3.7906755641e+02 1.4604504192e-01
5.51000e+02 3.7964103460e+02 8.6985443120e-01
5.52000e+02 3.8020270444e+02 8.3549788198e-01
5.53000e+02 3.8076240882e+02 8.2088857105e-01
5.54000e+02 3.8131101017e+02 4.4683421481e+00
5.55000e+02 3.8185769748e+02 9.9351538253e-01
5.56000e+02 3.8240170142e+02 9.8792445826e-01
5.57000e+02 3.8288998983e+02 6.2547185825e-01
5.58000e+02 3.8333048477e+02 2.2623593958e+00
5.59000e+02 3.8385825358e+02 7.6968983734e-01
5.60000e+02 3.8444157634e+02 8.4172060995e-01
5.61000e+02 3.8501383036e+02 2.9359609893e+00
5.62000e+02 3.8557389850e+02 8.8849334274e-01
5.63000e+02 3.8610509468e+02 3.1906096601e+00
5.64000e+02 3.8661983370e+02 7.4150998842e-01
5.65000e+02 3.8713314624e+02 7.2288483111e-01
5.66000e+02 3.8770178407e+02 3.6926767994e+00
5.67000e+02 3.8829656723e+02 8.7595765829e-01
5.68000e+02 3.8885793746e+02 8.5312917472e-01
5.69000e+02 3.8941329046e+02 8.1284589306e-01
5.70000e+02 3.8996097444e+02 7.9834678353e-01
5.71000e+02 3.9050950113e+02 7.9072213200e-01
5.72000e+02 3.9105383842e+02 7.8658472214e-01
5.73000e+02 3.9163150726e+02 1.6337881489e+00
5.74000e+02 3.9220946414e+02 1.7893104748e+00
5.75000e+02 3.9277658910e+02 9.8596744336e-01
5.76000e+02 3.9332570825e+02 7.5654206573e-01
5.77000e+02 3.9395584078e+02 2.5902568935e+00
5.78000e+02 3.9459194634e+02 3.4486884081e+00
5.79000e+02 3.9521877773e+02 9.5404540178e-01
5.80000e+02 3.9585201734e+02 9.5022540226e-01
5.81000e+02 3.9648031953e+02 9.5074597489e-01
5.82000e+02 3.9711315946e+02 9.4939554914e-01
5.83000e+02 3.9774161636e+02 9.4860086439e-01
5.84000e+02 3.9837397717e+02 9.4717314600e-01
5.85000e+02 3.9900207512e+02 9.4586702682e-01
5.86000e+02 3.9966366691e+02 9.5439890790e-01
5.87000e+02 4.0031319739e+02 4.6880957714e+00
5.88000e+02 4.0095060909e+02 9.4997204310e-01
5.89000e+02 4.0154026244e+02 1.0728521363e+00
5.90000e+02 4.0209840537e+02 4.6635937242e+00
5.91000e+02 4.0265099862e+02 4.6443984080e+00
5.92000e+02 4.0317691877e+02 4.8509266083e+00
5.93000e+02 4.0368574247e+02 4.5781004778e+00
5.94000e+02 4.0424168770e+02 7.9129303693e-01
5.95000e+02 4.0479538895e+02 7.9160975546e-01
5.96000e+02 4.0534670166e+02 7.8618561797e-01
5.97000e+02 4.0589810791e+02 7.8310442657e-01
5.98000e+02 4.0645009107e+02 7.8299178802e-01
5.99000e+02 4.0702347391e+02 8.7287442335e-01
6.00000e+02 4.0757112108e+02 6.0989488686e+00
6.01000e+02 4.0813203189e+02 7.9171335227e-01
6.02000e+02 4.0869393456e+02 8.0084113746e-01
6.03000e+02 4.0924955429e+02 7.9474922583e-01
6.04000e+02 4.0978155916e+02 7.7726078164e-01
6.05000e+02 4.1029331902e+02 3.1610864203e+00
6.06000e+02 4.1085194385e+02 7.9067663934e-01
6.07000e+02 4.1140776847e+02 7.9009085000e-01
6.08000e+02 4.1192202939e+02 3.1401813845e+00
6.09000e+02 4.1253894464e+02 3.2338178732e+00
6.10000e+02 4.1316597274e+02 3.9187178008e+00
6.11000e+02 4.1371026578e+02 8.2241915307e-01
6.12000e+02 4.1421801030e+02 8.1508033432e-01
6.13000e+02 4.1483335651e+02 1.6172515362e+00
6.14000e+02 4.1551456098e+02 2.5077341673e+00
6.15000e+02 4.1617345331e+02 4.8867144336e+00
6.16000e+02 4.1680317334e+02 9.1980887892e-01
6.17000e+02 4.1743003164e+02 9.3040116104e-01
6.18000e+02 4.1808489852e+02 9.8668459288e-01
6.19000e+02 4.1872973572e+02 9.7164278649e-01
6.20000e+02 4.1936371976e+02 9.3373476261e-01
6.21000e+02 4.1995021349e+02 7.6837419589e-01
6.22000e+02 4.2047458655e+02 1.0416195030e+00
6.23000e+02 4.2108876351e+02 9.4053336497e-01
6.24000e+02 4.2175862978e+02 9.8567052983e-01
6.25000e+02 4.2241363275e+02 1.8659297386e+00
6.26000e+02 4.2306616805e+02 2.8669045578e+00
6.27000e+02 4.2371205706e+02 1.0881722985e+00
6.28000e+02 4.2433487796e+02 1.0380406855e+00
6.29000e+02 4.2505534263e+02 1.0909725644e+00
6.30000e+02 4.2578106120e+02 2.1212089517e+00
6.31000e+02 4.2649603984e+02 1.1085031813e+00
6.32000e+02 4.2725848003e+02 1.0600285336e+00
6.33000e+02 4.2800438338e+02 2.1997402146e+00
6.34000e+02 4.2873245400e+02 1.1097467350e+00
6.35000e+02 4.2940714933e+02 2.2260657483e+00
6.36000e+02 4.3001652675e+02 2.1838327783e+00
6.37000e+02 4.3061075136e+02 2.0408946007e+00
6.38000e+02 4.3119186529e+02 8.4017564650e-01
6.39000e+02 4.3177316180e+02 8.2640738074e-01
6.40000e+02 4.3234770617e+02 8.1901141636e-01
6.41000e+02 4.3292515337e+02 8.1434307835e-01
6.42000e+02 4.3349730178e+02 8.1113277589e-01
6.43000e+02 4.3420565778e+02 1.1020143518e+00
6.44000e+02 4.3492195598e+02 2.4957764234e+00
6.45000e+02 4.3554694355e+02 8.5786202055e-01
6.46000e+02 4.3618352314e+02 2.1815847685e+00
6.47000e+02 4.3681460254e+02 4.5744052425e+00
6.48000e+02 4.3744291281e+02 3.3314756385e+00
6.49000e+02 4.3810454855e+02 3.5176500358e+00
6.50000e+02 4.3873933233e+02 4.6165618436e+00
6.51000e+02 4.3936947024e+02 9.2350910296e-01
6.52000e+02 4.3998114171e+02 7.5237742772e-01
6.53000e+02 4.4054457048e+02 8.5677370061e-01
6.54000e+02 4.4108315511e+02 1.0072473767e+00
6.55000e+02 4.4163124296e+02 8.2050052335e-02
6.56000e+02 4.4215723155e+02 7.3182240122e-01
6.57000e+02 4.4270350606e+02 1.8397677333e+00
6.58000e+02 4.4325259422e+02 7.5145848319e-01
6.59000e+02 4.4380455642e+02 7.3496492281e-01
6.60000e+02 4.4433625316e+02 8.2863111199e-01
6.61000e+02 4.4488947022e+02 7.5764956958e-01
6.62000e+02 4.4543739931e+02 1.6887017683e+00
6.63000e+02 4.4595242736e+02 1.7085464342e+00
6.64000e+02 4.4650244735e+02 7.5782375577e-01
6.65000e+02 4.4707153007e+02 8.4492300484e-01
6.66000e+02 4.4757465019e+02 2.4542034614e+00
6.67000e+02 4.4802542739e+02 6.9281508004e-01
6.68000e+02 4.4847410079e+02 1.0134658631e-01
6.69000e+02 4.4893015390e+02 5.7644469032e-01
6.70000e+02 4.4936463462e+02 1.2340373012e+00
6.71000e+02 4.4982243593e+02 5.6040495641e-01
6.72000e+02 4.5028658773e+02 5.8983980371e-01
6.73000e+02 4.5074658867e+02 5.9144958655e-01
6.74000e+02 4.5121106114e+02 5.7666195179e-01
6.75000e+02 4.5167367604e+02 5.7869924858e-01
6.76000e+02 4.5210602349e+02 2.2833785103e+00
6.77000e+02 4.5262138615e+02 6.0469905708e+00
6.78000e+02 4.5320240386e+02 1.3009988167e+00
6.79000e+02 4.5376984628e+02 1.0482752179e-01
6.80000e+02 4.5432038495e+02 6.4061704792e-01
6.81000e+02 4.5484336913e+02 1.2479460289e+00
6.82000e+02 4.5540666743e+02 7.8166907151e-01
6.83000e+02 4.5596658663e+02 7.7336418073e-01
6.84000e+02 4.5648562406e+02 6.9277102179e-01
6.85000e+02 4.5710686595e+02 1.4055770362e+00
6.86000e+02 4.5773726485e+02 2.7459983403e+00
6.87000e+02 4.5828423337e+02 7.1606258747e-01
6.88000e+02 4.5879392177e+02 7.0599749358e-01
6.89000e+02 4.5941127810e+02 8.9634001395e-01
6.90000e+02 4.6003815104e+02 8.9191771119e-01
6.91000e+02 4.6065696608e+02 8.9248451165e-01
6.92000e+02 4.6132399796e+02 9.6332767909e-01
6.93000e+02 4.6198296342e+02 8.2717763579e-01
6.94000e+02 4.6263085902e+02 1.8897955879e+00
6.95000e+02 4.6324519421e+02 2.6605639573e+00
6.96000e+02 4.6389556414e+02 1.6860129040e+00
6.97000e+02 4.6454134634e+02 1.8747225280e+00
6.98000e+02 4.6518269077e+02 1.8638223032e+00
6.99000e+02 4.6582333399e+02 9.2510922841e-01
7.00000e+02 4.6646291257e+02 9.2241827394e-01
7.01000e+02 4.6713508545e+02 3.8503979108e+00
7.02000e+02 4.6777950966e+02 3.6007747126e+00
7.03000e+02 4.6843061270e+02 9.3195568436e-01
7.04000e+02 4.6906950931e+02 8.9731600723e-01
7.05000e+02 4.6967457030e+02 1.8424698662e+00
7.06000e+02 4.7031693860e+02 9.3381344979e-01
7.07000e+02 4.7095554570e+02 9.2038368762e-01
7.08000e+02 4.7155527951e+02 1.8014646009e+00
7.09000e+02 4.7226614539e+02 2.8603377601e+00
7.10000e+02 4.7304296186e+02 1.9828792970e+00
7.11000e+02 4.7379080110e+02 1.0923213651e-01
7.12000e+02 4.7453028894e+02 1.1257057510e+00
7.13000e+02 4.7526185901e+02 1.1083108745e+00
7.14000e+02 4.7599186936e+02 1.0977250670e+00
7.15000e+02 4.7675829035e+02 4.8434314561e+00
7.16000e+02 4.7749597572e+02 1.1771943673e+00
7.17000e+02 4.7823726211e+02 1.1063436737e+00
7.18000e+02 4.7896749643e+02 2.4103551908e-01
7.19000e+02 4.7978050673e+02 3.2590580202e+00
7.20000e+02 4.8059632028e+02 7.1938090210e+00
7.21000e+02 4.8132434726e+02 3.2770530101e+00
7.22000e+02 4.8205173384e+02 1.1026135653e+00
7.23000e+02 4.8280732832e+02 2.4266053561e+00
7.24000e+02 4.8350155377e+02 1.2158809444e-01
7.25000e+02 4.8413354179e+02 1.0054719833e+00
7.26000e+02 4.8475623750e+02 1.1774158616e+00
7.27000e+02 4.8539884788e+02 2.3445060130e-01
7.28000e+02 4.8601736518e+02 2.0339598468e+00
7.29000e+02 4.8663434361e+02 8.6634573923e-01
7.30000e+02 4.8723653105e+02 8.1987047529e-01
7.31000e+02 4.8783942302e+02 1.8218075534e+00
7.32000e+02 4.8846794149e+02 8.7548055675e-01
7.33000e+02 4.8908940356e+02 8.7908872435e-01
7.34000e+02 4.8970798707e+02 8.6827467358e-01
7.35000e+02 4.9035674770e+02 2.1852236388e+00
7.36000e+02 4.9100434702e+02 1.5343764884e+00
7.37000e+02 4.9165332217e+02 8.9491946719e-01
7.38000e+02 4.9228070525e+02 9.0282412519e-01
7.39000e+02 4.9290581773e+02 8.7805864559e-01
7.40000e+02 4.9352690495e+02 8.7088472785e-01
7.41000e+02 4.9414996977e+02 8.6796617298e-01
7.42000e+02 4.9477061680e+02 8.6665801463e-01
7.43000e+02 4.9542794541e+02 1.5414100804e+00
7.44000e+02 4.9608940162e+02 5.0070066102e+00
7.45000e+02 4.9680789785e+02 4.4953422268e+00
7.46000e+02 4.9756982521e+02 1.4128033871e-01
7.47000e+02 4.9831592686e+02 8.8773041379e-02
7.48000e+02 4.9904933963e+02 4.5628034467e+00
7.49000e+02 4.9986577015e+02 2.3907335190e-01
7.50000e+02 5.0073368251e+02 1.0598499208e-01
7.51000e+02 5.0157486606e+02 3.7757758630e+00
7.52000e+02 5.0240394916e+02 4.9734956044e+00
7.53000e+02 5.0326104810e+02 1.3468435413e+00
7.54000e+02 5.0406869870e+02 5.8432215821e+00
7.55000e+02 5.0480986420e+02 7.7867801619e+00
7.56000e+02 5.0549041671e+02 2.3272089654e+00
7.57000e+02 5.0615795101e+02 9.6342240855e-01
7.58000e+02 5.0687477382e+02 1.1226029012e-01
7.59000e+02 5.0762915282e+02 1.0349752927e+00
7.60000e+02 5.0831340148e+02 2.9802920053e+00
7.61000e+02 5.0899608667e+02 4.0871406156e+00
7.62000e+02 5.0968666527e+02 9.8568947258e-01
7.63000e+02 5.1037568766e+02 9.9104098101e-01
7.64000e+02 5.1107136158e+02 9.9514525697e-01
7.65000e+02 5.1176446212e+02 9.9822826314e-01
7.66000e+02 5.1249574311e+02 2.2428056554e+00
7.67000e+02 5.1321514738e+02 4.9211908684e+00
7.68000e+02 5.1392304076e+02 1.0094494994e+00
7.69000e+02 5.1462789740e+02 1.0201961513e+00
7.70000e+02 5.1533154045e+02 1.0149256189e+00
7.71000e+02 5.1603230643e+02 1.0098200339e+00
7.72000e+02 5.1673569865e+02 1.0085593841e+00
7.73000e+02 5.1743567667e+02 1.0067628664e+00
7.74000e+02 5.1816863018e+02 4.9179421917e+00
7.75000e+02 5.1888962140e+02 3.0314885244e+00
7.76000e+02 5.1960097964e+02 1.0137221226e+00
7.77000e+02 5.2026404604e+02 4.4678990610e-03
7.78000e+02 5.2086170513e+02 6.8799473440e+00
7.79000e+02 5.2144418452e+02 6.7924803786e+00
7.80000e+02 5.2201374692e+02 7.5274601186e-01
7.81000e+02 5.2258364713e+02 7.3941408824e-01
7.82000e+02 5.2321096560e+02 8.0809509011e+00
7.83000e+02 5.2383456662e+02 9.7323598879e+00
7.84000e+02 5.2441469359e+02 7.4923924111e-01
7.85000e+02 5.2510756456e+02 1.0056013463e+00
7.86000e+02 5.2586851895e+02 4.6086302003e+00
7.87000e+02 5.2660126600e+02 8.5763603617e-01
7.88000e+02 5.2732606703e+02 2.5064332508e+00
7.89000e+02 5.2804390095e+02 1.0391313350e+00
7.90000e+02 5.2876100164e+02 1.0303918552e+00
7.91000e+02 5.2951440800e+02 2.6662614121e+00
7.92000e+02 5.3023975743e+02 1.8592656395e+00
7.93000e+02 5.3095858700e+02 1.8228295780e+00
7.94000e+02 5.3166355569e+02 1.5131278132e+00
7.95000e+02 5.3231761339e+02 2.9160534182e+00
7.96000e+02 5.3294113364e+02 9.4397858437e-01
7.97000e+02 5.3355830076e+02 1.8717292614e+00
7.98000e+02 5.3417599382e+02 8.2647132792e-01
7.99000e+02 5.3479320311e+02 8.2568703608e-01
8.00000e+02 5.3541202994e+02 8.2599511118e-01
8.01000e+02 5.3603072918e+02 8.2665906470e-01
8.02000e+02 5.3662027273e+02 2.9225539427e+00
8.03000e+02 5.3719365525e+02 2.5131733963e+00
8.04000e+02 5.3775753911e+02 2.4850005327e+00
8.05000e+02 5.3845144535e+02 3.4795795079e+00
8.06000e+02 5.3915474069e+02 5.4221242511e+00
8.07000e+02 5.3984846125e+02 3.4495868971e+00
8.08000e+02 5.4059486650e+02 3.5416071014e+00
8.09000e+02 5.4132943933e+02 8.4076600374e-01
8.10000e+02 5.4204937948e+02 1.1395743205e+00
8.11000e+02 5.4273416175e+02 1.9747269124e+00
8.12000e+02 5.4339907374e+02 9.3420599621e-01
8.13000e+02 5.4406242789e+02 9.1184366870e-01
8.14000e+02 5.4478438555e+02 1.7688884765e+00
8.15000e+02 5.4550002873e+02 2.0527768901e+00
8.16000e+02 5.4620878206e+02 2.0375197840e+00
8.17000e+02 5.4691769426e+02 9.9927191561e-01
8.18000e+02 5.4759236884e+02 9.2069441352e-01
8.19000e+02 5.4838728490e+02 1.8948841694e-01
8.20000e+02 5.4918902728e+02 2.9821310476e+00
8.21000e+02 5.4997910564e+02 2.8860183010e+00
8.22000e+02 5.5082200651e+02 3.9854176181e+00
8.23000e+02 5.5164691264e+02 7.6255742605e+00
8.24000e+02 5.5246338175e+02 1.2196026549e+00
8.25000e+02 5.5329708355e+02 1.2478960361e-01
8.26000e+02 5.5411863717e+02 2.3571073492e+00
8.27000e+02 5.5492604396e+02 2.3284552238e+00
8.28000e+02 5.5571827453e+02 1.2898212286e+00
8.29000e+02 5.5648096504e+02 3.4600895007e+00
8.30000e+02 5.5722503083e+02 2.2361993929e+00
8.31000e+02 5.5796860494e+02 1.0623987814e+00
8.32000e+02 5.5877341400e+02 1.1880126027e+00
8.33000e+02 5.5962930542e+02 1.2493683463e+00
8.34000e+02 5.6040860156e+02 4.4955195481e+00
8.35000e+02 5.6118285010e+02 4.4751942021e+00
8.36000e+02 5.6200377280e+02 1.2525725714e+00
8.37000e+02 5.6281133445e+02 2.1337349943e+00
8.38000e+02 5.6360502680e+02 1.1394146518e+00
8.39000e+02 5.6434379891e+02 1.0050741635e-01
8.40000e+02 5.6505020563e+02 2.0765607298e+00
8.41000e+02 5.6577606956e+02 1.0565775157e+00
8.42000e+02 5.6647689903e+02 3.0670289710e+00
8.43000e+02 5.6718990638e+02 3.1669093215e+00
8.44000e+02 5.6789878789e+02 1.0579957312e+00
8.45000e+02 5.6862458352e+02 9.9487363376e-01
8.46000e+02 5.6930597461e+02 1.1230124991e-01
8.47000e+02 5.6998601496e+02 2.0390089778e+00
8.48000e+02 5.7067082866e+02 2.0403925760e+00
8.49000e+02 5.7129376271e+02 3.0155838431e+00
8.50000e+02 5.7190551412e+02 8.9674865738e-01
8.51000e+02 5.7251317068e+02 1.8474388663e+00
8.52000e+02 5.7312188368e+02 7.8193266180e-01
8.53000e+02 5.7375600860e+02 8.3955059145e-01
8.54000e+02 5.7436637793e+02 1.7421296557e+00
8.55000e+02 5.7498988623e+02 7.9700246010e-01
8.56000e+02 5.7561313716e+02 8.1074338565e-01
8.57000e+02 5.7623013778e+02 8.0342496697e-01
8.58000e+02 5.7684989257e+02 7.9912540470e-01
8.59000e+02 5.7746753510e+02 7.9896818982e-01
8.60000e+02 5.7805868974e+02 4.0704136405e+00
8.61000e+02 5.7863170435e+02 3.2353421235e+00
8.62000e+02 5.7925478969e+02 8.0149977877e-01
8.63000e+02 5.7987501540e+02 8.0328144467e-01
8.64000e+02 5.8049193220e+02 7.9630962410e-01
8.65000e+02 5.8114087627e+02 8.2398536863e-01
8.66000e+02 5.8176295214e+02 3.1574409571e+00
8.67000e+02 5.8238068888e+02 3.1230761954e+00
8.68000e+02 5.8299312346e+02 7.8773879120e-01
8.69000e+02 5.8363191614e+02 8.1408029266e-01
8.70000e+02 5.8426773798e+02 3.2277607444e+00
8.71000e+02 5.8486456536e+02 1.6200243636e+00
8.72000e+02 5.8549268852e+02 8.2447256146e-01
8.73000e+02 5.8611708237e+02 8.0924925890e-01
8.74000e+02 5.8670502044e+02 1.5705205683e+00
8.75000e+02 5.8727888928e+02 8.0068954724e-01
8.76000e+02 5.8784338969e+02 7.7645119732e-01
8.77000e+02 5.8841057092e+02 6.8696082487e-01
8.78000e+02 5.8903981723e+02 8.0956316499e-01
8.79000e+02 5.8970453887e+02 8.3393595336e-01
8.80000e+02 5.9029295390e+02 6.1912619156e+00
8.81000e+02 5.9088109538e+02 7.0243930962e+00
8.82000e+02 5.9151501846e+02 8.5459052228e-01
8.83000e+02 5.9213895010e+02 1.3938798526e+00
8.84000e+02 5.9275790454e+02 1.3775173348e+00
8.85000e+02 5.9337770580e+02 7.9107551106e-01
8.86000e+02 5.9399465160e+02 7.8827579513e-01
8.87000e+02 5.9461388786e+02 7.8692252037e-01
8.88000e+02 5.9523089540e+02 7.8619733707e-01
8.89000e+02 5.9585051909e+02 7.8579856945e-01
8.90000e+02 5.9646809042e+02 7.8557655838e-01
8.91000e+02 5.9712314741e+02 8.3941674203e-01
8.92000e+02 5.9778368446e+02 1.5120186110e+00
8.93000e+02 5.9850035524e+02 3.2814248292e+00
8.94000e+02 5.9921753559e+02 4.1366168300e+00
8.95000e+02 5.9985720971e+02 1.5829994964e+00
8.96000e+02 6.0049190830e+02 3.7681469377e+00
8.97000e+02 6.0112036865e+02 3.7377821545e+00
8.98000e+02 6.0171771301e+02 3.2149507100e+00
8.99000e+02 6.0241688943e+02 9.6209032009e-01
9.00000e+02 6.0312403378e+02 9.5109223618e-01
9.01000e+02 6.0382204453e+02 9.4897547660e-01
9.02000e+02 6.0452821468e+02 9.4705230570e-01
9.03000e+02 6.0516290535e+02 3.2067522957e+00
9.04000e+02 6.0579336171e+02 8.0568481096e-01
9.05000e+02 6.0644387415e+02 3.6915108134e+00
9.06000e+02 6.0703518120e+02 1.1486310151e-01
9.07000e+02 6.0757145053e+02 9.8421336536e-02
9.08000e+02 6.0810092129e+02 2.7769066691e+00
9.09000e+02 6.0862867953e+02 3.4783067765e+00
9.10000e+02 6.0912642803e+02 1.8095588687e+00
9.11000e+02 6.0961116766e+02 2.6847207923e+00
9.12000e+02 6.1008848093e+02 1.4312337254e+00
9.13000e+02 6.1068452650e+02 7.2939182992e-01
9.14000e+02 6.1135132044e+02 4.3339781276e+00
9.15000e+02 6.1199541227e+02 1.4473924510e+00
9.16000e+02 6.1262797290e+02 8.1477554010e-01
9.17000e+02 6.1325868529e+02 8.0058133047e-01
9.18000e+02 6.1387821548e+02 1.4798920897e+00
9.19000e+02 6.1449571360e+02 2.4039746208e+00
9.20000e+02 6.1511153128e+02 1.6748516323e+00
9.21000e+02 6.1572475153e+02 7.6478903694e-01
9.22000e+02 6.1634037731e+02 7.6383233533e-01
9.23000e+02 6.1689430184e+02 5.7048622035e-01
9.24000e+02 6.1743487630e+02 2.2568294986e+00
9.25000e+02 6.1798772008e+02 1.4542667972e+00
9.26000e+02 6.1851709194e+02 2.1494045056e+00
9.27000e+02 6.1906542179e+02 2.2751442842e+00
9.28000e+02 6.1961605973e+02 1.4628760153e+00
9.29000e+02 6.2016930771e+02 6.1552389245e-01
9.30000e+02 6.2067539528e+02 1.0953820980e-01
9.31000e+02 6.2113472362e+02 3.1200882943e+00
9.32000e+02 6.2158305591e+02 5.1260271528e-01
9.33000e+02 6.2203141130e+02 1.8735287895e+00
9.34000e+02 6.2248386462e+02 4.3213492852e-01
9.35000e+02 6.2294278447e+02 9.4328127441e-02
9.36000e+02 6.2337988214e+02 9.5064807324e-01
9.37000e+02 6.2383992098e+02 4.4338624438e-01
9.38000e+02 6.2429172869e+02 3.6613783870e+00
9.39000e+02 6.2471610211e+02 9.0883797892e-01
9.40000e+02 6.2512734080e+02 8.6736011980e-01
9.41000e+02 6.2553816200e+02 3.5218015742e-01
9.42000e+02 6.2600401072e+02 4.5633825683e-01
9.43000e+02 6.2646861339e+02 4.6044574888e-01
9.44000e+02 6.2693129127e+02 4.5681446485e-01
9.45000e+02 6.2740727568e+02 9.6676199025e-01
9.46000e+02 6.2781776489e+02 2.4084543206e+00
9.47000e+02 6.2823263564e+02 2.8613362018e+00
9.48000e+02 6.2865607496e+02 3.6737230201e-01
9.49000e+02 6.2902211479e+02 5.0172582028e-01
9.50000e+02 6.2935350390e+02 7.7320249342e-01
9.51000e+02 6.2977084254e+02 3.6947281686e-01
9.52000e+02 6.3020066939e+02 3.7549087333e-01
9.53000e+02 6.3062700021e+02 3.8410756072e-01
9.54000e+02 6.3106169688e+02 3.8859327681e-01
9.55000e+02 6.3149461400e+02 3.9479098734e-01
9.56000e+02 6.3196136283e+02 9.3257932426e-01
9.57000e+02 6.3241971183e+02 1.8444896599e+00
9.58000e+02 6.3287388651e+02 1.3706903887e+00
9.59000e+02 6.3332954469e+02 4.3615054787e-01
9.60000e+02 6.3378205402e+02 4.3404904744e-01
9.61000e+02 6.3423747267e+02 4.3337546433e-01
9.62000e+02 6.3468957723e+02 4.1180407847e-01
9.63000e+02 6.3510569438e+02 2.7599942449e-01
9.64000e+02 6.3546535113e+02 1.0286887136e+00
9.65000e+02 6.3581226270e+02 9.5845444332e-01
9.66000e+02 6.3619573512e+02 2.1727155666e+00
9.67000e+02 6.3658433491e+02 6.6818857614e-02
9.68000e+02 6.3690818043e+02 1.0453929310e-01
9.69000e+02 6.3723870907e+02 7.7006788411e-01
9.70000e+02 6.3760705912e+02 2.8203077828e-01
9.71000e+02 6.3798758584e+02 2.5428245443e+00
9.72000e+02 6.3837047292e+02 7.9252815461e-01
9.73000e+02 6.3872831721e+02 9.2789345001e-01
9.74000e+02 6.3907294846e+02 3.5221023726e-01
9.75000e+02 6.3951305337e+02 3.9132501756e-01
9.76000e+02 6.4001653104e+02 4.9024035464e-01
9.77000e+02 6.4050068663e+02 8.6705466228e-01
9.78000e+02 6.4095380512e+02 1.0567061458e+00
9.79000e+02 6.4136018431e+02 2.7516782086e-01
9.80000e+02 6.4171816770e+02 2.8824479511e-01
9.81000e+02 6.4206660759e+02 2.3001724929e-01
9.82000e+02 6.4240613441e+02 2.1133065614e-01
9.83000e+02 6.4284465970e+02 4.8817050294e-01
9.84000e+02 6.4334789553e+02 5.1083302312e-01
9.85000e+02 6.4383216064e+02 5.1043171410e-01
9.86000e+02 6.4428507142e+02 5.0400454960e-01
9.87000e+02 6.4473766299e+02 5.2438846918e-01
9.88000e+02 6.4519143771e+02 5.0819809219e-01
9.89000e+02 6.4564328485e+02 4.2764504898e-01
9.90000e+02 6.4612257913e+02 4.8597973867e-01
9.91000e+02 6.4659342780e+02 4.7207731381e-01
9.92000e+02 6.4705990757e+02 4.5879072284e-01
9.93000e+02 6.4755626765e+02 8.4154216228e-01
9.94000e+02 6.4805581553e+02 1.0945726197e+00
9.95000e+02 6.4861053333e+02 6.1830686058e-01
9.96000e+02 6.4916907711e+02 1.1496750224e+00
9.97000e+02 6.4971935510e+02 6.2864934578e-01
9.98000e+02 6.5027433126e+02 6.2445307272e-01
9.99000e+02 6.5082453462e+02 6.2375399028e-01
1.00000e+03 6.5140749281e+02 1.1647841195e-01
1.00100e+03 6.5197878419e+02 1.8156924118e+00
1.00200e+03 6.5253660009e+02 6.2596997375e-01
1.00300e+03 6.5309168453e+02 6.3022507911e-01
1.00400e+03 6.5366577896e+02 1.8050129653e+00
1.00500e+03 6.5423122901e+02 6.5681079030e-01
1.00600e+03 6.5478849063e+02 6.2904058385e-01
1.00700e+03 6.5530212886e+02 1.4697957135e+00
1.00800e+03 6.5578360764e+02 4.3489991470e+00
1.00900e+03 6.5626187594e+02 3.6008495633e+00
1.01000e+03 6.5671421608e+02 2.4512265995e+00
1.01100e+03 6.5724871159e+02 6.0782262049e-01
1.01200e+03 6.5779291160e+02 5.9415317613e-01
1.01300e+03 6.5833048527e+02 5.9663717663e-01
1.01400e+03 6.5887556827e+02 5.9692354055e-01
1.01500e+03 6.5941701169e+02 6.0019636540e-01
1.01600e+03 6.5999490229e+02 1.1352673917e+00
1.01700e+03 6.6056168506e+02 1.7823217762e+00
1.01800e+03 6.6111386255e+02 6.0669066168e-01
1.01900e+03 6.6166385820e+02 6.1463619833e-01
1.02000e+03 6.6223434237e+02 1.2978157788e+00
1.02100e+03 6.6279657564e+02 6.4511153723e-01
1.02200e+03 6.6335460277e+02 6.3200938779e-01
1.02300e+03 6.6391356143e+02 6.2810275692e-01
1.02400e+03 6.6446928856e+02 6.2517466441e-01
1.02500e+03 6.6506097039e+02 1.1341352731e-01
1.02600e+03 6.6565683440e+02 2.5603969419e+00
1.02700e+03 6.6630621828e+02 1.3988921505e+00
1.02800e+03 6.6695682306e+02 2.1099421113e+00
1.02900e+03 6.6753266032e+02 5.0688109370e+00
1.03000e+03 6.6806464514e+02 1.3336140691e+00
1.03100e+03 6.6869662430e+02 7.9092352971e-01
1.03200e+03 6.6938912789e+02 1.3677645229e-01
1.03300e+03 6.7005916648e+02 1.5439576729e+00
1.03400e+03 6.7071797149e+02 1.5087151420e+00
1.03500e+03 6.7139731959e+02 3.9010953419e+00
1.03600e+03 6.7206941349e+02 9.3024168170e-01
1.03700e+03 6.7270041711e+02 2.3167582683e+00
1.03800e+03 6.7330895667e+02 7.4547038777e-01
1.03900e+03 6.7391384472e+02 7.1860934097e-01
1.04000e+03 6.7457314655e+02 4.7727173046e+00
1.04100e+03 6.7526610049e+02 8.5843319457e-01
1.04200e+03 6.7592421229e+02 8.5688155261e-01
1.04300e+03 6.7658565338e+02 1.6561293446e+00
1.04400e+03 6.7724183497e+02 1.5422703232e+00
1.04500e+03 6.7789046937e+02 8.0840053579e-01
1.04600e+03 6.7853975666e+02 8.0069783187e-01
1.04700e+03 6.7921462093e+02 8.3793501136e-01
1.04800e+03 6.7983266409e+02 2.2844864322e+00
1.04900e+03 6.8039212511e+02 1.5756773227e+00
1.05000e+03 6.8090356402e+02 2.1948917343e+00
1.05100e+03 6.8151343462e+02 2.2600933784e+00
1.05200e+03 6.8218658509e+02 1.5104466091e+00
1.05300e+03 6.8283987584e+02 1.4873626424e+00
1.05400e+03 6.8346764121e+02 1.5838238591e+00
1.05500e+03 6.8404395611e+02 5.8844636728e-01
1.05600e+03 6.8459746163e+02 7.3178264970e-01
1.05700e+03 6.8516117176e+02 5.7438266990e-01
1.05800e+03 6.8570163683e+02 1.2686872982e+00
1.05900e+03 6.8626124615e+02 1.4419229168e+00
1.06000e+03 6.8681278583e+02 6.2795868405e-01
1.06100e+03 6.8733307906e+02 5.7130905721e-01
1.06200e+03 6.8783734057e+02 5.2345958351e-01
1.06300e+03 6.8845527119e+02 2.1937553797e+00
1.06400e+03 6.8908249566e+02 1.3478369096e+00
1.06500e+03 6.8962859594e+02 5.4874317444e-01
1.06600e+03 6.9013799776e+02 5.5333473848e-01
1.06700e+03 6.9075412893e+02 7.4123430289e-01
1.06800e+03 6.9143576128e+02 1.8027557111e-01
1.06900e+03 6.9209550578e+02 1.4425234478e+00
1.07000e+03 6.9272655341e+02 7.4431621877e-01
1.07100e+03 6.9330423429e+02 5.8436201438e-01
1.07200e+03 6.9385969778e+02 2.0168471722e+00
1.07300e+03 6.9442619574e+02 6.5032535883e-01
1.07400e+03 6.9496887952e+02 1.9126991051e+00
1.07500e+03 6.9552959599e+02 2.0159374661e+00
1.07600e+03 6.9609154208e+02 6.5615764321e-01
1.07700e+03 6.9665740385e+02 6.0363985347e-01
1.07800e+03 6.9717552174e+02 8.8767142253e-02
1.07900e+03 6.9769513253e+02 1.2513275715e+00
1.08000e+03 6.9822000454e+02 1.0551334895e+00
1.08100e+03 6.9874408312e+02 5.4294848138e-01
1.08200e+03 6.9930079274e+02 6.1706204565e-01
1.08300e+03 6.9984882965e+02 5.9862011800e-01
1.08400e+03 7.0039311704e+02 5.8559927028e-01
1.08500e+03 7.0093888247e+02 5.8274219516e-01
1.08600e+03 7.0148121447e+02 5.5986551769e-01
1.08700e+03 7.0202233367e+02 6.8001858150e-01
1.08800e+03 7.0257820451e+02 5.9374289871e-01
1.08900e+03 7.0312721086e+02 5.9639007840e-01
1.09000e+03 7.0367091870e+02 6.8071441220e-01
1.09100e+03 7.0417333322e+02 1.0514755613e+00
1.09200e+03 7.0461735932e+02 2.7885253954e+00
1.09300e+03 7.0504823602e+02 1.5874571178e+00
1.09400e+03 7.0546764612e+02 3.4155428150e-01
1.09500e+03 7.0599141676e+02 5.7580059317e-01
1.09600e+03 7.0657886695e+02 6.2737303750e-01
1.09700e+03 7.0715137824e+02 2.6675039773e+00
1.09800e+03 7.0770687223e+02 3.4513840507e-01
1.09900e+03 7.0823516647e+02 7.8342353295e-01
1.10000e+03 7.0880297492e+02 2.6329726975e+00
1.10100e+03 7.0939490048e+02 6.6966486960e-01
1.10200e+03 7.0991703270e+02 1.1272347671e+00
1.10300e+03 7.1038293583e+02 2.2294769165e-01
1.10400e+03 7.1084682175e+02 3.1697318762e-01
1.10500e+03 7.1131044021e+02 8.3789544818e-01
1.10600e+03 7.1174203107e+02 6.7240719799e-01
1.10700e+03 7.1226235785e+02 1.1058759111e+00
1.10800e+03 7.1284889965e+02 1.0842486406e+00
1.10900e+03 7.1341622447e+02 1.0585636554e+00
1.11000e+03 7.1395444830e+02 5.4727604785e-01
1.11100e+03 7.1449147438e+02 6.1728958860e-01
1.11200e+03 7.1505619842e+02 6.1952550997e-01
1.11300e+03 7.1561258541e+02 6.0796815248e-01
1.11400e+03 7.1616450988e+02 5.9456061220e-01
1.11500e+03 7.1674557383e+02 1.8718527247e-01
1.11600e+03 7.1732783703e+02 1.0758043343e+00
1.11700e+03 7.1787047033e+02 1.5378547007e+00
1.11800e+03 7.1844104727e+02 1.7715562882e+00
1.11900e+03 7.1900760552e+02 1.6855392483e+00
1.12000e+03 7.1957179988e+02 6.1576578004e-01
1.12100e+03 7.2015670050e+02 6.2247968425e-01
1.12200e+03 7.2071498645e+02 6.2850983529e-01
1.12300e+03 7.2128635485e+02 6.1996015684e-01
1.12400e+03 7.2184659232e+02 5.8915913107e-01
1.12500e+03 7.2237525221e+02 1.2264930176e+00
1.12600e+03 7.2288755615e+02 1.1773329958e+00
1.12700e+03 7.2339856715e+02 5.0661031306e-01
1.12800e+03 7.2390284121e+02 4.9807382078e-01
1.12900e+03 7.2440938201e+02 4.9310554240e-01
1.13000e+03 7.2497687793e+02 6.2264175431e-01
1.13100e+03 7.2554059928e+02 1.0141879081e+00
1.13200e+03 7.2609943734e+02 1.0045158605e+00
1.13300e+03 7.2668551155e+02 6.2905491286e-01
1.13400e+03 7.2724385338e+02 1.6325697995e+00
1.13500e+03 7.2781163714e+02 6.0775791329e-01
1.13600e+03 7.2836567177e+02 5.4237300096e-01
1.13700e+03 7.2899510195e+02 3.5640946980e+00
1.13800e+03 7.2963138691e+02 4.2752640309e+00
1.13900e+03 7.3018826632e+02 6.5403411926e-01
1.14000e+03 7.3074865264e+02 6.0869841449e-01
1.14100e+03 7.3130584605e+02 5.9749936345e-01
1.14200e+03 7.3182947830e+02 6.9496071299e-01
1.14300e+03 7.3233910533e+02 5.8514848887e-01
1.14400e+03 7.3290007194e+02 5.9748216465e-01
1.14500e+03 7.3348807528e+02 2.3783030121e+00
1.14600e+03 7.3400390175e+02 3.9212184922e-01
1.14700e+03 7.3446257618e+02 5.2162092451e-01
1.14800e+03 7.3492188482e+02 6.5835507594e-02
1.14900e+03 7.3539200191e+02 2.7384347953e-01
1.15000e+03 7.3583990018e+02 1.5346715724e+00
1.15100e+03 7.3628838108e+02 3.7433433145e-01
1.15200e+03 7.3671695592e+02 4.3384767939e-01
1.15300e+03 7.3710664075e+02 3.2199234475e-03
1.15400e+03 7.3747753152e+02 5.5911176069e-01
1.15500e+03 7.3785096325e+02 1.0374453299e+00
1.15600e+03 7.3823044039e+02 2.2997113388e-01
1.15700e+03 7.3860832343e+02 3.3154548878e-02
1.15800e+03 7.3896557855e+02 5.0470161527e-01
1.15900e+03 7.3932473404e+02 4.4802605626e-01
1.16000e+03 7.3966234552e+02 9.4180069404e-02
1.16100e+03 7.4000490156e+02 1.7504596677e+00
1.16200e+03 7.4037129196e+02 2.0220714599e-01
1.16300e+03 7.4075442530e+02 2.3944277394e-01
1.16400e+03 7.4115402613e+02 2.5932702903e-01
1.16500e+03 7.4155052150e+02 2.7242972688e-01
1.16600e+03 7.4195243076e+02 2.7446572505e-01
1.16700e+03 7.4235152098e+02 2.7678610570e-01
1.16800e+03 7.4275362813e+02 2.7670721072e-01
1.16900e+03 7.4315194136e+02 2.4116267935e-01
1.17000e+03 7.4349021876e+02 7.1891218776e-01
1.17100e+03 7.4378801196e+02 1.5060916397e+00
1.17200e+03 7.4408537434e+02 1.0474476837e-01
1.17300e+03 7.4438685108e+02 7.4177009791e-02
1.17400e+03 7.4465776498e+02 2.2823301296e+00
1.17500e+03 7.4491841294e+02 6.5760985213e-03
1.17600e+03 7.4517491225e+02 7.8450656286e-03
1.17700e+03 7.4552035848e+02 2.0489512996e-01
1.17800e+03 7.4587975949e+02 8.1403241906e-01
1.17900e+03 7.4617257691e+02 2.4332232554e-02
1.18000e+03 7.4643950365e+02 3.4735329938e-02
1.18100e+03 7.4679068182e+02 7.7429917189e-01
1.18200e+03 7.4720397821e+02 7.1580690144e-01
1.18300e+03 7.4761134620e+02 2.8111597591e-01
1.18400e+03 7.4802686180e+02 4.7309090074e-01
1.18500e+03 7.4843929155e+02 3.0245484623e-01
1.18600e+03 7.4882284880e+02 2.7762891395e-01
1.18700e+03 7.4928345634e+02 1.0942937096e-01
1.18800e+03 7.4975391286e+02 4.0568174442e-01
1.18900e+03 7.5021736942e+02 4.0812507802e-01
1.19000e+03 7.5068738025e+02 4.0727127496e-01
1.19100e+03 7.5109205542e+02 4.4395143198e-01
1.19200e+03 7.5149431734e+02 2.8889871808e-01
1.19300e+03 7.5190244338e+02 1.5905200951e+00
1.19400e+03 7.5225176417e+02 1.2069003790e-01
1.19500e+03 7.5260623079e+02 1.7730471099e-01
1.19600e+03 7.5296746498e+02 1.8904079378e-01
1.19700e+03 7.5327411229e+02 1.9058196809e-01
1.19800e+03 7.5354744248e+02 5.8393723705e-01
1.19900e+03 7.5381632834e+02 2.3694022073e-01
1.20000e+03 7.5412826077e+02 4.8763344346e-01
1.20100e+03 7.5444405921e+02 6.7912430794e-01
1.20200e+03 7.5476246705e+02 1.0695766162e-01
1.20300e+03 7.5508153986e+02 1.1012507904e-01
1.20400e+03 7.5540397288e+02 1.1404013621e-01
1.20500e+03 7.5571955298e+02 2.4263527339e-02
1.20600e+03 7.5597055523e+02 9.4792489100e-02
1.20700e+03 7.5622983580e+02 1.0319892201e-03
1.20800e+03 7.5649771496e+02 1.6876902952e-02
1.20900e+03 7.5676726895e+02 2.7133454658e-02
1.21000e+03 7.5706733971e+02 1.2582217587e+00
1.21100e+03 7.5736227636e+02 3.0242147861e-01
1.21200e+03 7.5764255044e+02 2.3030845699e-02
1.21300e+03 7.5792568700e+02 4.1448515610e-01
1.21400e+03 7.5820909055e+02 4.1720014791e-01
1.21500e+03 7.5844101530e+02 3.9625981345e-01
1.21600e+03 7.5866252636e+02 3.3539376166e-02
1.21700e+03 7.5887822997e+02 4.0344876425e-02
1.21800e+03 7.5904183745e+02 1.1979608238e-01
1.21900e+03 7.5917467986e+02 1.3258816631e-01
1.22000e+03 7.5930740485e+02 1.2909060164e-01
1.22100e+03 7.5945029191e+02 2.2472699898e-01
1.22200e+03 7.5960310116e+02 2.0084253385e-02
1.22300e+03 7.5972857716e+02 1.2911577096e-01
1.22400e+03 7.5983580983e+02 2.9474669022e-01
1.22500e+03 7.5998354909e+02 2.4916369127e-02
1.22600e+03 7.6014887268e+02 1.1647231376e-01
1.22700e+03 7.6031285195e+02 1.0011583945e-01
1.22800e+03 7.6044563549e+02 2.9959939107e-01
1.22900e+03 7.6062694638e+02 1.8261378135e-01
1.23000e+03 7.6082404356e+02 1.2780891385e-01
1.23100e+03 7.6096728377e+02 9.0017504709e-02
1.23200e+03 7.6108938340e+02 1.9311507517e-01
1.23300e+03 7.6127808592e+02 1.2028947923e-01
1.23400e+03 7.6152549937e+02 1.4018077130e-01
1.23500e+03 7.6176066180e+02 4.4724918048e-02
1.23600e+03 7.6198623301e+02 6.6522428801e-02
1.23700e+03 7.6221301657e+02 6.2436748861e-02
1.23800e+03 7.6243395365e+02 6.7008439229e-02
1.23900e+03 7.6265823005e+02 2.5071683223e-03
1.24000e+03 7.6286906191e+02 7.6192805923e-02
1.24100e+03 7.6308347948e+02 5.0401563698e-02
1.24200e+03 7.6331018955e+02 3.2683276147e-03
1.24300e+03 7.6353363876e+02 7.6901581903e-02
1.24400e+03 7.6375400631e+02 8.3167199729e-02
1.24500e+03 7.6401381191e+02 9.5826331411e-02
1.24600e+03 7.6428295505e+02 7.8248572273e-02
1.24700e+03 7.6459085184e+02 9.3479224383e-02
1.24800e+03 7.6490526992e+02 1.0358622133e-01
1.24900e+03 7.6515956449e+02 3.6972789263e-03
1.25000e+03 7.6541521641e+02 1.1659105846e-02
1.25100e+03 7.6566357689e+02 1.2835169505e-01
1.25200e+03 7.6588966794e+02 1.3394683878e-01
1.25300e+03 7.6611697628e+02 2.1052141293e-02
1.25400e+03 7.6631880280e+02 1.1628514600e-01
1.25500e+03 7.6652609098e+02 4.9837539557e-02
1.25600e+03 7.6673464211e+02 6.7246077936e-03
1.25700e+03 7.6694373178e+02 1.8014884591e-03
1.25800e+03 7.6717339000e+02 1.7463914586e-02
1.25900e+03 7.6739876513e+02 7.2091231041e-02
1.26000e+03 7.6761172286e+02 4.4066096854e-03
1.26100e+03 7.6782764688e+02 1.0612105404e-02
1.26200e+03 7.6804275467e+02 2.1500526787e-03
1.26300e+03 7.6820856811e+02 8.8481121324e-02
1.26400e+03 7.6834331238e+02 2.0132805354e-01
1.26500e+03 7.6854307885e+02 1.6157548944e-02
1.26600e+03 7.6879307738e+02 2.4555330336e-03
1.26700e+03 7.6904850631e+02 1.6024112131e-02
1.26800e+03 7.6930246238e+02 1.0307042188e-01
1.26900e+03 7.6961206181e+02 1.0737987335e-01
1.27000e+03 7.6997389219e+02 9.5823770516e-02
1.27100e+03 7.7031985650e+02 2.1386404932e-01
1.27200e+03 7.7065508994e+02 1.5383803189e-01
1.27300e+03 7.7098964644e+02 1.4227638172e-01
1.27400e+03 7.7131770454e+02 1.3495876431e-01
1.27500e+03 7.7168304777e+02 1.0991430070e-01
1.27600e+03 7.7205703665e+02 4.2489795057e-01
1.27700e+03 7.7242261590e+02 4.2470907748e-01
1.27800e+03 7.7276519445e+02 1.9589496366e-01
1.27900e+03 7.7308655463e+02 5.5828609577e-01
1.28000e+03 7.7339682937e+02 4.0913585404e-01
1.28100e+03 7.7379589250e+02 4.7369965373e-01
1.28200e+03 7.7420476372e+02 6.9488489360e-01
1.28300e+03 7.7454367319e+02 1.2107634401e-01
1.28400e+03 7.7485269810e+02 1.1970543765e-01
1.28500e+03 7.7515699743e+02 8.4975589165e-02
1.28600e+03 7.7545479842e+02 7.3666699154e-02
1.28700e+03 7.7575365388e+02 6.8149157995e-02
1.28800e+03 7.7604855777e+02 6.5183910151e-02
1.28900e+03 7.7634549389e+02 6.3199384597e-02
1.29000e+03 7.7669919126e+02 1.9122817424e-01
1.29100e+03 7.7705882573e+02 4.3956605924e-01
1.29200e+03 7.7734111754e+02 1.7869737022e-01
1.29300e+03 7.7757884349e+02 5.9210167108e-02
1.29400e+03 7.7778695147e+02 8.2810677519e-02
1.29500e+03 7.7799168015e+02 1.1572514287e-01
1.29600e+03 7.7824325361e+02 1.2548290891e-01
1.29700e+03 7.7849907451e+02 2.0663601613e-01
1.29800e+03 7.7871268186e+02 1.1011005830e-01
1.29900e+03 7.7899863477e+02 3.4507274305e-01
1.30000e+03 7.7929982228e+02 5.8346588391e-02
1.30100e+03 7.7953688523e+02 6.9631973048e-02
1.30200e+03 7.7974974222e+02 2.1346089747e-01
1.30300e+03 7.8004211936e+02 6.4712472497e-02
1.30400e+03 7.8039541996e+02 4.6436898935e-01
1.30500e+03 7.8074527414e+02 1.5998307122e-01
1.30600e+03 7.8110575456e+02 2.4755260463e-01
1.30700e+03 7.8145882645e+02 2.3024433901e-01
1.30800e+03 7.8178891835e+02 2.0680539058e-01
1.30900e+03 7.8214491053e+02 1.8749325841e-01
1.31000e+03 7.8249329774e+02 2.0017798671e-01
1.31100e+03 7.8289514710e+02 2.6350422127e-01
1.31200e+03 7.8334997314e+02 2.2067146425e-01
1.31300e+03 7.8379988933e+02 1.1254656165e-01
1.31400e+03 7.8423917015e+02 3.5413432955e-01
1.31500e+03 7.8465120877e+02 7.9468345894e-01
1.31600e+03 7.8509961289e+02 3.8766348101e-01
1.31700e+03 7.8555721504e+02 4.7901305938e-01
1.31800e+03 7.8594411142e+02 7.3494872679e-01
1.31900e+03 7.8633354332e+02 5.6776431186e-01
1.32000e+03 7.8672917001e+02 2.5457548069e-01
1.32100e+03 7.8706747127e+02 5.8864277418e-02
1.32200e+03 7.8737050099e+02 4.3094544386e-01
1.32300e+03 7.8766794134e+02 3.7478050614e-01
1.32400e+03 7.8795837003e+02 5.7154118463e-02
1.32500e+03 7.8825036081e+02 5.1647401231e-02
1.32600e+03 7.8859538767e+02 1.6678545486e-01
1.32700e+03 7.8894149160e+02 7.3757939029e-01
1.32800e+03 7.8928737706e+02 4.6753770076e-01
1.32900e+03 7.8963228661e+02 5.0135927616e-01
1.33000e+03 7.8995246484e+02 7.4880683716e-01
1.33100e+03 7.9029692128e+02 1.5930296451e-01
1.33200e+03 7.9062960498e+02 9.3850759518e-02
1.33300e+03 7.9101957359e+02 3.8886375579e-01
1.33400e+03 7.9146654992e+02 2.5176294367e-01
1.33500e+03 7.9189726342e+02 4.7132128378e-01
1.33600e+03 7.9229918098e+02 3.9476576262e-01
1.33700e+03 7.9265738831e+02 2.2716699498e-01
1.33800e+03 7.9296854343e+02 2.4559541443e-01
1.33900e+03 7.9327012045e+02 1.2152597131e-01
1.34000e+03 7.9361235321e+02 5.0137607967e-01
1.34100e+03 7.9395642035e+02 5.0048539864e-01
1.34200e+03 7.9426043769e+02 7.4082499598e-02
1.34300e+03 7.9455516030e+02 3.1586400921e-01
1.34400e+03 7.9484518591e+02 3.0155641494e-01
1.34500e+03 7.9513694842e+02 4.9584757265e-02
1.34600e+03 7.9542598741e+02 4.8548548501e-02
1.34700e+03 7.9571754456e+02 4.8294646990e-02
1.34800e+03 7.9606729576e+02 1.6161822749e-01
1.34900e+03 7.9642243726e+02 6.6718334164e-02
1.35000e+03 7.9670035956e+02 3.7055469656e-01
1.35100e+03 7.9698467605e+02 5.2489686808e-01
1.35200e+03 7.9727756520e+02 4.4788864637e-02
1.35300e+03 7.9757117473e+02 5.4037128585e-02
1.35400e+03 7.9787040464e+02 6.0323839986e-02
1.35500e+03 7.9816885544e+02 6.5104781805e-02
1.35600e+03 7.9849444795e+02 3.7860109803e-01
1.35700e+03 7.9881373433e+02 4.3933661689e-01
1.35800e+03 7.9911952842e+02 7.1603861197e-02
1.35900e+03 7.9942714698e+02 8.0700017020e-02
1.36000e+03 7.9973421003e+02 8.1888281672e-02
1.36100e+03 8.0004031762e+02 8.0295421473e-02
1.36200e+03 8.0036640038e+02 2.1863611512e-01
1.36300e+03 8.0068678749e+02 1.5443937743e-01
1.36400e+03 8.0100432112e+02 1.4573580324e-01
1.36500e+03 8.0132410380e+02 1.0424156213e-01
1.36600e+03 8.0163656556e+02 8.5613839471e-02
1.36700e+03 8.0191539404e+02 4.7683079931e-02
1.36800e+03 8.0216624767e+02 3.7767055651e-01
1.36900e+03 8.0242183768e+02 4.5027237115e-01
1.37000e+03 8.0268486188e+02 1.2170573974e-02
1.37100e+03 8.0292936040e+02 7.5284163276e-02
1.37200e+03 8.0311544923e+02 1.2637293506e-01
1.37300e+03 8.0331111342e+02 5.5974073833e-03
1.37400e+03 8.0351410626e+02 1.1312204903e-02
1.37500e+03 8.0371897077e+02 9.2003200502e-03
1.37600e+03 8.0395031080e+02 8.8023092032e-03
1.37700e+03 8.0419670508e+02 2.9626698084e-03
1.37800e+03 8.0446702481e+02 1.6490790480e-02
1.37900e+03 8.0471884143e+02 1.4753988294e-03
1.38000e+03 8.0492051301e+02 7.8698508567e-03
1.38100e+03 8.0508988429e+02 2.6351978620e-01
1.38200e+03 8.0522747935e+02 2.1008096927e-01
1.38300e+03 8.0542555652e+02 1.5580840514e-02
1.38400e+03 8.0563694164e+02 7.3266590979e-03
1.38500e+03 8.0584736482e+02 1.2346003892e-02
1.38600e+03 8.0609227808e+02 1.6532943657e-02
1.38700e+03 8.0634829139e+02 6.8552687287e-03
1.38800e+03 8.0662540410e+02 5.5433852424e-05
1.38900e+03 8.0690117627e+02 1.9703480010e-02
1.39000e+03 8.0715056545e+02 1.0940723461e-01
1.39100e+03 8.0746002447e+02 1.1555225797e-01
1.39200e+03 8.0778074017e+02 2.2392256847e-01
1.39300e+03 8.0809678911e+02 1.0348353308e-01
1.39400e+03 8.0841841337e+02 1.0428860933e-01
1.39500e+03 8.0873709382e+02 1.0681583251e-01
1.39600e+03 8.0905912795e+02 1.0711888825e-01
1.39700e+03 8.0932248746e+02 9.3932849432e-02
1.39800e+03 8.0958071247e+02 7.9607430416e-04
1.39900e+03 8.0983570206e+02 3.2777909360e-01
1.40000e+03 8.1003448521e+02 1.2325098488e-01
1.40100e+03 8.1024135520e+02 1.2792642778e-01
1.40200e+03 8.1045460062e+02 1.1333622861e-01
1.40300e+03 8.1061815948e+02 9.9005368959e-02
1.40400e+03 8.1075452371e+02 8.3857602512e-02
1.40500e+03 8.1088833759e+02 2.9744975418e-02
1.40600e+03 8.1101738615e+02 7.3156753232e-03
1.40700e+03 8.1122239628e+02 1.1508274592e-01
1.40800e+03 8.1144103845e+02 1.0957091144e-01
1.40900e+03 8.1159970161e+02 2.4849279760e-02
1.41000e+03 8.1176991969e+02 1.7371253958e-01
1.41100e+03 8.1194949009e+02 7.8132338992e-02
1.41200e+03 8.1209541865e+02 9.8087660689e-02
1.41300e+03 8.1230253858e+02 6.9629294485e-02
1.41400e+03 8.1257474589e+02 3.0184887999e-01
1.41500e+03 8.1284971444e+02 9.5398147896e-02
1.41600e+03 8.1313768895e+02 1.1775643079e-01
1.41700e+03 8.1342290413e+02 1.2788530574e-01
1.41800e+03 8.1367616975e+02 3.7777393697e-02
1.41900e+03 8.1399248743e+02 4.1074479259e-01
1.42000e+03 8.1432014229e+02 4.4978706756e-01
1.42100e+03 8.1458313573e+02 3.9550778362e-01
1.42200e+03 8.1481874595e+02 3.9267864213e-01
1.42300e+03 8.1505033154e+02 2.9043888988e-02
1.42400e+03 8.1532735104e+02 2.8439895838e-02
1.42500e+03 8.1560633827e+02 2.2183503769e-02
1.42600e+03 8.1588652163e+02 2.5325188596e-02
1.42700e+03 8.1615598424e+02 1.1799831906e-01
1.42800e+03 8.1640125293e+02 9.0941706823e-02
1.42900e+03 8.1664693647e+02 2.3779059663e-02
1.43000e+03 8.1688460796e+02 3.1352487367e-02
1.43100e+03 8.1712575019e+02 4.5413135607e-03
1.43200e+03 8.1736167924e+02 6.2792098772e-03
1.43300e+03 8.1763968917e+02 2.4322566999e-02
1.43400e+03 8.1793126127e+02 3.9420773593e-02
1.43500e+03 8.1819387042e+02 2.1466922278e-02
1.43600e+03 8.1843660397e+02 2.8249949571e-02
1.43700e+03 8.1868114078e+02 1.8072340166e-02
1.43800e+03 8.1890454572e+02 1.0424990833e-01
1.43900e+03 8.1909951878e+02 5.4116172672e-02
1.44000e+03 8.1925380244e+02 8.1326555702e-02
1.44100e+03 8.1939982018e+02 4.8955316274e-02
1.44200e+03 8.1958203012e+02 1.0597096118e-01
1.44300e+03 8.1974921450e+02 1.0594202899e-01
1.44400e+03 8.1985099131e+02 1.2162813621e-01
1.44500e+03 8.1992507788e+02 1.7779616528e-01
1.44600e+03 8.2000601464e+02 1.0839817037e-01
1.44700e+03 8.2006518577e+02 1.0801324690e-01
1.44800e+03 8.2006694049e+02 1.0002208583e-01
1.44900e+03 8.2004831829e+02 1.5881771457e-01
1.45000e+03 8.2001099292e+02 1.9160902504e-01
1.45100e+03 8.1997321027e+02 6.1341276288e-02
1.45200e+03 8.1997592809e+02 7.8218940881e-02
1.45300e+03 8.1998861447e+02 5.1823768926e-01
1.45400e+03 8.2000971526e+02 1.8823336814e-01
1.45500e+03 8.1998750021e+02 8.1386180226e-02
1.45600e+03 8.1989869229e+02 9.0562645039e-02
1.45700e+03 8.1982701529e+02 3.0651628210e-01
1.45800e+03 8.1976535889e+02 2.7905824841e-01
1.45900e+03 8.1966383298e+02 2.1297984803e-01
1.46000e+03 8.1956848011e+02 1.9775844966e-01
1.46100e+03 8.1944722646e+02 9.9038607726e-02
1.46200e+03 8.1927196504e+02 1.1360501084e-01
1.46300e+03 8.1908424259e+02 8.6196545570e-02
1.46400e+03 8.1888518280e+02 4.6794417953e-01
1.46500e+03 8.1868783003e+02 3.2414028085e-01
1.46600e+03 8.1849121748e+02 2.4472379002e-03
1.46700e+03 8.1829766093e+02 3.7962252549e-03
1.46800e+03 8.1814752596e+02 1.5372166681e-01
1.46900e+03 8.1795237096e+02 7.3901345906e-02
1.47000e+03 8.1768894666e+02 8.8162882242e-02
1.47100e+03 8.1744573305e+02 1.7153661578e-01
1.47200e+03 8.1721262110e+02 1.4105273647e-01
1.47300e+03 8.1698528294e+02 1.5875453857e-02
1.47400e+03 8.1677655682e+02 9.3732705907e-01
1.47500e+03 8.1657064831e+02 9.4714323782e-01
1.47600e+03 8.1634747606e+02 2.5799278092e-02
1.47700e+03 8.1610077913e+02 2.0366185809e-01
1.47800e+03 8.1584903849e+02 2.3246442809e-01
1.47900e+03 8.1555959034e+02 8.3539637870e-02
1.48000e+03 8.1521882820e+02 1.1758988693e-01
1.48100e+03 8.1487369288e+02 9.8438402909e-02
1.48200e+03 8.1452343733e+02 3.0914850038e-01
1.48300e+03 8.1419437600e+02 1.0381129125e+00
1.48400e+03 8.1391586999e+02 1.2681119585e-01
1.48500e+03 8.1367278955e+02 1.0271725559e+00
1.48600e+03 8.1347169026e+02 9.2197953225e-01
1.48700e+03 8.1327620760e+02 2.5963152977e-02
1.48800e+03 8.1304403509e+02 7.9985236786e-01
1.48900e+03 8.1282750631e+02 1.4151831523e-02
1.49000e+03 8.1263150795e+02 7.7317163052e-01
1.49100e+03 8.1243911932e+02 2.4140155682e-02
1.49200e+03 8.1225142818e+02 8.3072233779e-03
1.49300e+03 8.1206462088e+02 5.5813263843e-03
1.49400e+03 8.1189347106e+02 8.6526469450e-01
1.49500e+03 8.1174700687e+02 7.5003404152e-01
1.49600e+03 8.1162389017e+02 1.0905580166e-01
1.49700e+03 8.1149018327e+02 7.8751669145e-01
1.49800e+03 8.1135093418e+02 1.1971770065e-01
1.49900e+03 8.1125039929e+02 7.1516555165e-01
1.50000e+03 8.1116375643e+02 6.8568089006e-01
1.50100e+03 8.1103191738e+02 1.1773013771e-01
1.50200e+03 8.1088756107e+02 7.1955760747e-01
1.50300e+03 8.1078631079e+02 6.3676852991e-02
1.50400e+03 8.1073573323e+02 1.2057225207e-01
1.50500e+03 8.1070372957e+02 6.6016430702e-02
1.50600e+03 8.1070047902e+02 1.9784873272e-01
1.50700e+03 8.1069833441e+02 2.2750993092e-01
1.50800e+03 8.1070262520e+02 7.5413449250e-03
1.50900e+03 8.1065618669e+02 6.2762250147e-01
1.51000e+03 8.1058814367e+02 5.5297831734e-01
1.51100e+03 8.1052419047e+02 5.6994001734e-01
1.51200e+03 8.1044995192e+02 6.1955341858e-03
1.51300e+03 8.1038044164e+02 1.1746426130e-02
1.51400e+03 8.1028371961e+02 1.0499886980e-01
1.51500e+03 8.1016832563e+02 1.8383689238e-01
1.51600e+03 8.1002781834e+02 1.0119619518e-01
1.51700e+03 8.0992008354e+02 4.4464752600e-01
1.51800e+03 8.0982580154e+02 1.6340037272e-01
1.51900e+03 8.0968993970e+02 2.0467865052e-02
1.52000e+03 8.0956197568e+02 6.6776766746e-01
1.52100e+03 8.0945266536e+02 7.6673180642e-01
1.52200e+03 8.0935677598e+02 6.4051214113e-01
1.52300e+03 8.0926083039e+02 1.0467024265e-01
1.52400e+03 8.0912190418e+02 1.8866325468e-02
1.52500e+03 8.0900858588e+02 5.5834906070e-03
1.52600e+03 8.0891541900e+02 1.9332285149e-02
1.52700e+03 8.0878329530e+02 8.0024418584e-01
1.52800e+03 8.0864067673e+02 5.9398607833e-01
1.52900e+03 8.0853849123e+02 1.1132791961e-02
1.53000e+03 8.0848981661e+02 6.4702283751e-01
1.53100e+03 8.0846194132e+02 4.5376635804e-01
1.53200e+03 8.0846271041e+02 9.6658467253e-02
1.53300e+03 8.0846437944e+02 1.2610613067e-01
1.53400e+03 8.0843000327e+02 1.1936404760e-01
1.53500e+03 8.0842861124e+02 4.4047116488e-02
1.53600e+03 8.0848881332e+02 1.0887669538e-01
1.53700e+03 8.0853840724e+02 2.5736400344e-02
1.53800e+03 8.0854974222e+02 5.1867327543e-01
1.53900e+03 8.0856541882e+02 3.7569877460e-01
1.54000e+03 8.0859938884e+02 5.1942721106e-02
1.54100e+03 8.0863044474e+02 4.6319619280e-01
1.54200e+03 8.0865610854e+02 4.7103921196e-01
1.54300e+03 8.0872336129e+02 6.5583715452e-02
1.54400e+03 8.0879993493e+02 1.0932205939e-01
1.54500e+03 8.0890422198e+02 3.6776745154e-02
1.54600e+03 8.0901720831e+02 7.4617451259e-02
1.54700e+03 8.0907842268e+02 2.1308932651e-01
1.54800e+03 8.0911690347e+02 2.5096908348e-01
1.54900e+03 8.0915168825e+02 2.6429584984e-02
1.55000e+03 8.0922371289e+02 3.8850275162e-01
1.55100e+03 8.0927144931e+02 1.3135873145e-01
1.55200e+03 8.0929495130e+02 2.6523529622e-02
1.55300e+03 8.0932101028e+02 2.1677440257e-02
1.55400e+03 8.0933749439e+02 7.0178706151e-03
1.55500e+03 8.0935837520e+02 5.1781757835e-03
1.55600e+03 8.0935460002e+02 3.5255575784e-01
1.55700e+03 8.0935792466e+02 4.7854800726e-01
1.55800e+03 8.0936098098e+02 3.3463547036e-03
1.55900e+03 8.0936493491e+02 6.2928496146e-04
1.56000e+03 8.0938228555e+02 8.6652979877e-04
1.56100e+03 8.0939807607e+02 3.0726739399e-01
1.56200e+03 8.0941127178e+02 4.1549310547e-03
1.56300e+03 8.0942846570e+02 2.7473653944e-03
1.56400e+03 8.0943090193e+02 6.2009659484e-04
1.56500e+03 8.0940912921e+02 4.4467174716e-01
1.56600e+03 8.0937004058e+02 1.1111326655e-01
1.56700e+03 8.0934497889e+02 5.1996531162e-01
1.56800e+03 8.0929387065e+02 5.6021925399e-01
1.56900e+03 8.0923467841e+02 1.4842168114e-01
1.57000e+03 8.0917360914e+02 3.9689610899e-02
1.57100e+03 8.0911197403e+02 2.4428656845e-03
1.57200e+03 8.0909692937e+02 4.7240227183e-01
1.57300e+03 8.0908722432e+02 5.2803875701e-01
1.57400e+03 8.0908216291e+02 9.9832596985e-03
1.57500e+03 8.0907504406e+02 1.2559478807e-02
1.57600e+03 8.0907220854e+02 2.2258868319e-03
1.57700e+03 8.0906634237e+02 3.4763359433e-03
1.57800e+03 8.0901303470e+02 7.7615859256e-03
1.57900e+03 8.0895355895e+02 4.5757356494e-01
1.58000e+03 8.0889486558e+02 5.3856966209e-03
1.58100e+03 8.0883571106e+02 3.2122724804e-04
1.58200e+03 8.0877671249e+02 3.0519592411e-04
1.58300e+03 8.0876610870e+02 1.7842832938e-02
1.58400e+03 8.0877097085e+02 4.8935471543e-01
1.58500e+03 8.0877564154e+02 1.5274477907e-02
1.58600e+03 8.0878552730e+02 2.0282808807e-02
1.58700e+03 8.0879464720e+02 4.4492127986e-03
1.58800e+03 8.0882535449e+02 4.7893465588e-01
1.58900e+03 8.0887427224e+02 5.4783928077e-02
1.59000e+03 8.0893833839e+02 1.2494369113e-01
1.59100e+03 8.0904147131e+02 3.8444270475e-01
1.59200e+03 8.0915430277e+02 2.7666779186e-01
1.59300e+03 8.0926348241e+02 6.0467212689e-03
1.59400e+03 8.0937531757e+02 5.0443670274e-03
1.59500e+03 8.0943268079e+02 1.7529461890e-01
1.59600e+03 8.0948773924e+02 5.7893967558e-02
1.59700e+03 8.0955616092e+02 7.8280806160e-02
1.59800e+03 8.0959552433e+02 4.0272032173e-01
1.59900e+03 8.0962622974e+02 2.7598623761e-02
1.60000e+03 8.0965375916e+02 1.1833990797e-02
1.60100e+03 8.0974035639e+02 2.2582403339e-02
1.60200e+03 8.0984085659e+02 3.3894780186e-02
1.60300e+03 8.0988727046e+02 1.5708467615e-02
1.60400e+03 8.0994624196e+02 3.9130465112e-03
1.60500e+03 8.1001599416e+02 4.2988473794e-03
1.60600e+03 8.1009370576e+02 1.8740110127e-02
1.60700e+03 8.1017040016e+02 2.5663563250e-02
1.60800e+03 8.1020482690e+02 1.5662503972e-02
1.60900e+03 8.1028400747e+02 7.4166640118e-03
1.61000e+03 8.1043011007e+02 1.1539531452e-01
1.61100e+03 8.1058790024e+02 8.1095777410e-02
1.61200e+03 8.1073611272e+02 1.0637649067e-01
1.61300e+03 8.1092981079e+02 2.2979742458e-01
1.61400e+03 8.1113307331e+02 3.2492069887e-01
1.61500e+03 8.1133164060e+02 4.8692137685e-03
1.61600e+03 8.1156258603e+02 8.4842829176e-02
1.61700e+03 8.1178445104e+02 7.3746729608e-02
1.61800e+03 8.1198340980e+02 5.6058414447e-04
1.61900e+03 8.1214571054e+02 1.3851737777e-01
1.62000e+03 8.1226847161e+02 2.0898056230e-01
1.62100e+03 8.1238336888e+02 4.7403470600e-02
1.62200e+03 8.1249036300e+02 1.5766945492e-02
1.62300e+03 8.1259726831e+02 7.9919714624e-03
1.62400e+03 8.1270065211e+02 3.6103147790e-03
1.62500e+03 8.1287619811e+02 6.1736694374e-02
1.62600e+03 8.1306417185e+02 5.0689937145e-02
1.62700e+03 8.1324864001e+02 8.9221637862e-03
1.62800e+03 8.1346917397e+02 8.4084449685e-02
1.62900e+03 8.1368146632e+02 9.3573025024e-02
1.63000e+03 8.1387019302e+02 9.6662049114e-03
1.63100e+03 8.1406089174e+02 7.7769810557e-02
1.63200e+03 8.1425061722e+02 7.6693258048e-02
1.63300e+03 8.1443891589e+02 2.4000484762e-03
1.63400e+03 8.1464476822e+02 1.0816108249e-01
1.63500e+03 8.1484543649e+02 1.1967700867e-01
1.63600e+03 8.1504228774e+02 1.2855841633e-01
1.63700e+03 8.1527537177e+02 7.5293864722e-02
1.63800e+03 8.1551719899e+02 1.2894191747e-01
1.63900e+03 8.1579803433e+02 5.3177434740e-02
1.64000e+03 8.1608538747e+02 4.2105752185e-02
1.64100e+03 8.1636725857e+02 4.3099396920e-02
1.64200e+03 8.1665201771e+02 4.0462293763e-02
1.64300e+03 8.1693304071e+02 3.9573740900e-02
1.64400e+03 8.1723819683e+02 1.7962195141e-01
1.64500e+03 8.1753504752e+02 1.4719489453e-01
1.64600e+03 8.1781625639e+02 3.5983905759e-02
1.64700e+03 8.1809784827e+02 3.6516791090e-02
1.64800e+03 8.1839352244e+02 6.6248672589e-02
1.64900e+03 8.1870557937e+02 7.8972892652e-02
1.65000e+03 8.1902782435e+02 1.4636425387e-01
1.65100e+03 8.1932231383e+02 3.0682255280e-01
1.65200e+03 8.1964594207e+02 1.0941787423e-01
1.65300e+03 8.1996899939e+02 1.3023876751e-01
1.65400e+03 8.2029261844e+02 1.3009933250e-01
1.65500e+03 8.2060606014e+02 8.2773432412e-02
1.65600e+03 8.2085388618e+02 9.3343571820e-02
1.65700e+03 8.2106427999e+02 3.5943645158e-02
1.65800e+03 8.2124372270e+02 1.6648438499e-02
1.65900e+03 8.2141810855e+02 3.6007962778e-02
1.66000e+03 8.2158741148e+02 4.6111734207e-02
1.66100e+03 8.2183446515e+02 5.8712018925e-02
1.66200e+03 8.2214566870e+02 1.4880120693e-01
1.66300e+03 8.2245679704e+02 1.0811033529e-01
1.66400e+03 8.2275600202e+02 1.2990203960e-01
1.66500e+03 8.2303437372e+02 1.0398584993e-01
1.66600e+03 8.2335137667e+02 1.0138613067e-01
1.66700e+03 8.2366839582e+02 1.0717555170e-01
1.66800e+03 8.2398517329e+02 1.0684289542e-01
1.66900e+03 8.2429329899e+02 1.4333640442e-01
1.67000e+03 8.2453352103e+02 9.6213610430e-02
1.67100e+03 8.2478043677e+02 9.5979469869e-02
1.67200e+03 8.2503416933e+02 1.3510520185e-02
1.67300e+03 8.2528821120e+02 2.0623142959e-02
1.67400e+03 8.2557095594e+02 1.8661179166e-01
1.67500e+03 8.2586551170e+02 8.4272660317e-02
1.67600e+03 8.2616737032e+02 1.0653551038e-01
1.67700e+03 8.2644518791e+02 2.0746669248e-01
1.67800e+03 8.2675597383e+02 7.8196833669e-02
1.67900e+03 8.2706722085e+02 9.4809894299e-02
1.68000e+03 8.2737960201e+02 9.6310322889e-02
1.68100e+03 8.2768190341e+02 1.8060088536e-01
1.68200e+03 8.2795949194e+02 1.7374726915e-01
1.68300e+03 8.2823671446e+02 1.4849463944e-01
1.68400e+03 8.2850583166e+02 1.8932923397e-02
1.68500e+03 8.2881310075e+02 9.2236077852e-02
1.68600e+03 8.2913169069e+02 9.8352633191e-02
1.68700e+03 8.2944377481e+02 1.0306931182e-01
1.68800e+03 8.2976025726e+02 1.0085874738e-01
1.68900e+03 8.3007227648e+02 1.0069299301e-01
1.69000e+03 8.3035022412e+02 1.8334825002e-01
1.69100e+03 8.3069068136e+02 4.4753851344e-01
1.69200e+03 8.3104319883e+02 5.2695145710e-01
1.69300e+03 8.3139095970e+02 1.7260499244e-01
1.69400e+03 8.3177899032e+02 3.8721154950e-01
1.69500e+03 8.3215623866e+02 5.0576414761e-01
1.69600e+03 8.3251158921e+02 1.7526546913e-01
1.69700e+03 8.3282677230e+02 4.1071031744e-01
1.69800e+03 8.3309549156e+02 4.0107121710e-01
1.69900e+03 8.3335452040e+02 2.2043356523e-04
1.70000e+03 8.3360444214e+02 1.9017721859e-02
1.70100e+03 8.3385458553e+02 2.7884147068e-02
1.70200e+03 8.3410048215e+02 2.0764809981e-02
1.70300e+03 8.3443643952e+02 2.0971948167e-01
1.70400e+03 8.3478368449e+02 2.0140418155e-01
1.70500e+03 8.3512564357e+02 1.6077170280e-01
1.70600e+03 8.3550899553e+02 2.3228158537e-01
1.70700e+03 8.3588167658e+02 2.2748202169e-01
1.70800e+03 8.3624680934e+02 2.0903534348e-01
1.70900e+03 8.3664178021e+02 9.9142724939e-02
1.71000e+03 8.3704483099e+02 6.5137541645e-01
1.71100e+03 8.3744034709e+02 6.3507820011e-01
1.71200e+03 8.3781206958e+02 4.9594655850e-01
1.71300e+03 8.3825027523e+02 3.8235219019e-01
1.71400e+03 8.3869666414e+02 6.4172470493e-01
1.71500e+03 8.3907342393e+02 7.4040531934e-01
1.71600e+03 8.3941725104e+02 3.5407446575e-01
1.71700e+03 8.3984710068e+02 3.4662135881e-01
1.71800e+03 8.4033671310e+02 3.9375156781e-01
1.71900e+03 8.4080764586e+02 7.0043583621e-01
1.72000e+03 8.4126685542e+02 4.0006063142e-01
1.72100e+03 8.4175161259e+02 3.0387909614e-01
1.72200e+03 8.4223884083e+02 7.8391286530e-01
1.72300e+03 8.4271667465e+02 4.0656162545e-01
1.72400e+03 8.4314494990e+02 3.2816108152e-01
1.72500e+03 8.4357427125e+02 4.3751272577e-01
1.72600e+03 8.4403218469e+02 4.0485894319e-01
1.72700e+03 8.4448229243e+02 3.7672800565e-01
1.72800e+03 8.4492684387e+02 3.6298927103e-01
1.72900e+03 8.4540426830e+02 5.6115818542e-01
1.73000e+03 8.4588687531e+02 7.7788511314e-01
1.73100e+03 8.4635591035e+02 3.8155357444e-01
1.73200e+03 8.4677908802e+02 4.3197763312e-01
1.73300e+03 8.4716102430e+02 1.5654126726e+00
1.73400e+03 8.4752883577e+02 2.6637647641e-01
1.73500e+03 8.4789695708e+02 9.3391420450e-01
1.73600e+03 8.4826937434e+02 2.0761647468e-01
1.73700e+03 8.4863471284e+02 1.0369653577e-01
1.73800e+03 8.4894058206e+02 6.3964666374e-01
1.73900e+03 8.4920940944e+02 3.6041005038e-01
1.74000e+03 8.4944517717e+02 1.7922953293e+00
1.74100e+03 8.4975173135e+02 8.3757739999e-01
1.74200e+03 8.5011842089e+02 5.0632081270e-01
1.74300e+03 8.5048688213e+02 2.0774879209e-01
1.74400e+03 8.5086664738e+02 2.1488902667e-01
1.74500e+03 8.5124360742e+02 2.2317294066e-01
1.74600e+03 8.5162423902e+02 2.2381612184e-01
1.74700e+03 8.5200196077e+02 2.2435401268e-01
1.74800e+03 8.5234550753e+02 1.0777902312e-01
1.74900e+03 8.5267454956e+02 4.9848109927e-01
1.75000e+03 8.5299652232e+02 4.7640861670e-01
1.75100e+03 8.5331878769e+02 1.0994627548e-01
1.75200e+03 8.5369757694e+02 2.2228731460e-01
1.75300e+03 8.5407493219e+02 2.2169852281e-01
1.75400e+03 8.5445033921e+02 2.1809458891e-01
1.75500e+03 8.5482595806e+02 5.1609484516e-01
1.75600e+03 8.5513286061e+02 9.6890191931e-01
1.75700e+03 8.5539761646e+02 2.6570905754e-01
1.75800e+03 8.5563071014e+02 2.8640060533e-01
1.75900e+03 8.5585964400e+02 3.5821988981e-02
1.76000e+03 8.5608401236e+02 4.4511486254e-02
1.76100e+03 8.5631080439e+02 2.1418306483e-03
1.76200e+03 8.5659148391e+02 9.4727490581e-02
1.76300e+03 8.5687427503e+02 4.1741010391e-02
1.76400e+03 8.5711205146e+02 1.1268371456e-02
1.76500e+03 8.5734308070e+02 6.6077026614e-02
1.76600e+03 8.5757133948e+02 7.5528600544e-02
1.76700e+03 8.5780192361e+02 2.4763625064e-02
1.76800e+03 8.5808938736e+02 4.8483483807e-02
1.76900e+03 8.5837523621e+02 5.6561273686e-01
1.77000e+03 8.5858491538e+02 3.9544298591e-02
1.77100e+03 8.5875549934e+02 1.1565180893e-02
1.77200e+03 8.5893463031e+02 1.0833276591e-01
1.77300e+03 8.5910209748e+02 7.8876937778e-02
1.77400e+03 8.5925060154e+02 6.9961108349e-01
1.77500e+03 8.5940360489e+02 1.0439824763e-02
1.77600e+03 8.5955088093e+02 1.2280238424e-03
1.77700e+03 8.5970399230e+02 1.1187783393e-03
1.77800e+03 8.5985325345e+02 1.9851184028e-03
1.77900e+03 8.6000842581e+02 4.0441116618e-03
1.78000e+03 8.6014994905e+02 7.9709539576e-02
1.78100e+03 8.6026584232e+02 1.5426024079e-01
1.78200e+03 8.6036202952e+02 8.2943774588e-02
1.78300e+03 8.6046817841e+02 2.4083820194e-01
1.78400e+03 8.6054874079e+02 3.3809484596e-01
1.78500e+03 8.6062001604e+02 1.3613372653e-01
1.78600e+03 8.6073613495e+02 2.1014755063e-01
1.78700e+03 8.6085630717e+02 2.8742977034e-01
1.78800e+03 8.6098103178e+02 8.6057066530e-03
1.78900e+03 8.6107233806e+02 6.3866070239e-02
1.79000e+03 8.6114302054e+02 3.7246012978e-01
1.79100e+03 8.6121802870e+02 1.0070826614e-01
1.79200e+03 8.6126027249e+02 3.8938302802e-01
1.79300e+03 8.6127959358e+02 2.5329446819e-01
1.79400e+03 8.6129342599e+02 2.7530195578e-01
1.79500e+03 8.6131972795e+02 1.3017390944e-01
1.79600e+03 8.6131726572e+02 4.7206338093e-01
1.79700e+03 8.6135455550e+02 3.7086602761e-01
1.79800e+03 8.6145615464e+02 6.9690893339e-02
1.79900e+03 8.6154952684e+02 3.3893469234e-01
1.80000e+03 8.6160903866e+02 2.3577314723e-01
1.80100e+03 8.6163936970e+02 2.6401669796e-01
1.80200e+03 8.6164095714e+02 9.5608362627e-02
1.80300e+03 8.6169132295e+02 5.6545176569e-02
1.80400e+03 8.6175529702e+02 1.5168441606e-01
1.80500e+03 8.6176969613e+02 1.5931924852e-02
1.80600e+03 8.6179250551e+02 2.5431746626e-01
1.80700e+03 8.6179625468e+02 8.9623020886e-02
1.80800e+03 8.6174152727e+02 1.1870147430e-01
1.80900e+03 8.6170082312e+02 9.1069956442e-02
1.81000e+03 8.6169056928e+02 3.7514740882e-01
1.81100e+03 8.6170639073e+02 4.9466957052e-01
1.81200e+03 8.6175613117e+02 1.3790366050e-01
1.81300e+03 8.6180859878e+02 4.6268843957e-02
1.81400e+03 8.6183143416e+02 1.2621958083e-01
1.81500e+03 8.6184352417e+02 3.9413801145e-01
1.81600e+03 8.6189984843e+02 6.5838094091e-03
1.81700e+03 8.6195948227e+02 4.1107281140e-02
1.81800e+03 8.6197446023e+02 7.8574215472e-03
1.81900e+03 8.6203394042e+02 2.7458792835e-01
1.82000e+03 8.6216093205e+02 2.7589262164e-02
1.82100e+03 8.6230103423e+02 8.0468332933e-02
1.82200e+03 8.6245925368e+02 1.0189519859e-01
1.82300e+03 8.6258611151e+02 2.7922528058e-01
1.82400e+03 8.6269094722e+02 3.0110196742e-01
1.82500e+03 8.6283434605e+02 1.0508994804e-01
1.82600e+03 8.6297057288e+02 1.5306447259e-01
1.82700e+03 8.6314279422e+02 4.9834384336e-02
1.82800e+03 8.6336895678e+02 1.6901669861e-01
1.82900e+03 8.6358224292e+02 4.5524865225e-02
1.83000e+03 8.6376331663e+02 1.7927566342e-01
1.83100e+03 8.6390986631e+02 2.4283019661e-01
1.83200e+03 8.6404316876e+02 2.5617320175e-01
1.83300e+03 8.6418353134e+02 2.5895326894e-01
1.83400e+03 8.6433176408e+02 7.8238911094e-02
1.83500e+03 8.6444726266e+02 9.7787555361e-02
1.83600e+03 8.6454191103e+02 3.2237315627e-01
1.83700e+03 8.6467735760e+02 8.3076692237e-02
1.83800e+03 8.6480557949e+02 8.2608771795e-02
1.83900e+03 8.6497046953e+02 1.8642769095e-01
1.84000e+03 8.6514735967e+02 1.3621469862e-01
1.84100e+03 8.6527129165e+02 2.8046565012e-01
1.84200e+03 8.6540320108e+02 1.1401307488e-01
1.84300e+03 8.6551829396e+02 4.6484298412e-02
1.84400e+03 8.6557265862e+02 4.0271067121e-01
1.84500e+03 8.6563778006e+02 2.3966230108e-01
1.84600e+03 8.6570958531e+02 1.7440586404e-02
1.84700e+03 8.6578342823e+02 8.7214729831e-03
1.84800e+03 8.6588022256e+02 4.4291844152e-02
1.84900e+03 8.6599580013e+02 5.6360743786e-02
1.85000e+03 8.6612644717e+02 2.7776002855e-01
1.85100e+03 8.6623876785e+02 2.0174010763e-01
1.85200e+03 8.6638334004e+02 3.3775051977e-02
1.85300e+03 8.6650808627e+02 3.1056640232e-01
1.85400e+03 8.6660882266e+02 4.4144711098e-02
1.85500e+03 8.6674614797e+02 2.0212234570e-01
1.85600e+03 8.6689963575e+02 2.4109139461e-01
1.85700e+03 8.6701762408e+02 5.0858465586e-02
1.85800e+03 8.6711596656e+02 2.0431414011e-01
1.85900e+03 8.6721738525e+02 3.7134137610e-02
1.86000e+03 8.6728999140e+02 2.0073745463e-01
1.86100e+03 8.6733874906e+02 1.5091648628e-01
1.86200e+03 8.6737704130e+02 1.1519555320e-01
1.86300e+03 8.6742599481e+02 1.4198396778e-01
1.86400e+03 8.6744620691e+02 3.8759917508e-01
1.86500e+03 8.6745791744e+02 3.3936560519e-01
1.86600e+03 8.6746758488e+02 1.0544651779e-02
1.86700e+03 8.6747730995e+02 1.9854643889e-03
1.86800e+03 8.6753633258e+02 1.2111158637e-01
1.86900e+03 8.6756575495e+02 2.5554164563e-01
1.87000e+03 8.6752222714e+02 1.9175982310e-01
1.87100e+03 8.6749281414e+02 3.9571386875e-01
1.87200e+03 8.6749924272e+02 2.3375588191e-01
1.87300e+03 8.6750500079e+02 2.3222375145e-01
1.87400e+03 8.6750623808e+02 5.1912900850e-03
1.87500e+03 8.6751212238e+02 1.2622913601e-04
1.87600e+03 8.6749844535e+02 3.6546738527e-01
1.87700e+03 8.6746180327e+02 1.4179434591e-01
1.87800e+03 8.6739591716e+02 4.7087171282e-01
1.87900e+03 8.6732585311e+02 5.8985243527e-02
1.88000e+03 8.6725142542e+02 8.5415770064e-03
1.88100e+03 8.6717811124e+02 3.2501260452e-03
1.88200e+03 8.6714736868e+02 8.9765195484e-02
1.88300e+03 8.6712484078e+02 5.8446579213e-01
1.88400e+03 8.6705900481e+02 8.5917111916e-03
1.88500e+03 8.6698899095e+02 8.6375109663e-02
1.88600e+03 8.6691991439e+02 3.2405786189e-03
1.88700e+03 8.6685136175e+02 1.4612170739e-03
1.88800e+03 8.6683250507e+02 4.8157711577e-01
1.88900e+03 8.6681900472e+02 3.4932185507e-01
1.89000e+03 8.6675767845e+02 7.7502871874e-03
1.89100e+03 8.6673554708e+02 2.3142659767e-01
1.89200e+03 8.6673238659e+02 2.2067861353e-01
1.89300e+03 8.6673045239e+02 2.0197177050e-02
1.89400e+03 8.6676244085e+02 4.6271183284e-01
1.89500e+03 8.6678977970e+02 4.7094334415e-01
1.89600e+03 8.6681057674e+02 4.5058227549e-01
1.89700e+03 8.6687100537e+02 8.1671522070e-02
1.89800e+03 8.6695543024e+02 2.5451946707e-01
1.89900e+03 8.6703772045e+02 2.1861575149e-02
1.90000e+03 8.6708996779e+02 9.7444575015e-02
1.90100e+03 8.6717942658e+02 4.6401810201e-01
1.90200e+03 8.6732843183e+02 2.3163777265e-01
1.90300e+03 8.6746524551e+02 1.6312866458e-02
1.90400e+03 8.6756697592e+02 2.6600124165e-02
1.90500e+03 8.6763683033e+02 3.0954693870e-01
1.90600e+03 8.6769652862e+02 2.8868523040e-03
1.90700e+03 8.6772978992e+02 7.6978855421e-02
1.90800e+03 8.6770612735e+02 4.3463037677e-01
1.90900e+03 8.6766233257e+02 1.1364919220e-01
1.91000e+03 8.6762267820e+02 9.9352665055e-02
1.91100e+03 8.6755069832e+02 2.5737829953e-01
1.91200e+03 8.6746245368e+02 2.3724988948e-01
1.91300e+03 8.6742475477e+02 2.1733624644e-01
1.91400e+03 8.6738495934e+02 5.5559686757e-01
1.91500e+03 8.6737140045e+02 4.6559389813e-01
1.91600e+03 8.6737282222e+02 8.8451199672e-02
1.91700e+03 8.6733022384e+02 3.8834737535e-01
1.91800e+03 8.6727205652e+02 4.6401751358e-01
1.91900e+03 8.6726242477e+02 3.9271340172e-03
1.92000e+03 8.6730598794e+02 8.5311105649e-02
1.92100e+03 8.6736551558e+02 2.9231722128e-01
1.92200e+03 8.6742527217e+02 1.1792391512e-01
1.92300e+03 8.6752535044e+02 2.4484221548e-02
1.92400e+03 8.6767800286e+02 1.2602918937e-01
1.92500e+03 8.6784007454e+02 1.0254403570e-01
1.92600e+03 8.6799758756e+02 1.0665670319e-01
1.92700e+03 8.6813572629e+02 1.8073711022e-01
1.92800e+03 8.6826309636e+02 1.4151314757e-01
1.92900e+03 8.6845843019e+02 4.7072615110e-02
1.93000e+03 8.6871301586e+02 1.4746828200e-01
1.93100e+03 8.6896882504e+02 9.3737500206e-02
1.93200e+03 8.6923642518e+02 5.8040479753e-03
1.93300e+03 8.6949981988e+02 1.7872651767e-03
1.93400e+03 8.6976538117e+02 2.5337382243e-04
1.93500e+03 8.7002603032e+02 2.9986619670e-03
1.93600e+03 8.7028775104e+02 6.8362371783e-03
1.93700e+03 8.7054500150e+02 1.0228089176e-02
1.93800e+03 8.7080340131e+02 1.3538770809e-02
1.93900e+03 8.7105767395e+02 1.6503052843e-02
1.94000e+03 8.7131335379e+02 1.9206511780e-02
1.94100e+03 8.7156517788e+02 2.1635864770e-02
1.94200e+03 8.7177547290e+02 8.2924957917e-02
1.94300e+03 8.7197379924e+02 1.4594304797e-02
1.94400e+03 8.7216746109e+02 2.0534634363e-03
1.94500e+03 8.7236062759e+02 5.1598368111e-03
1.94600e+03 8.7255101283e+02 8.4312845553e-03
1.94700e+03 8.7274199716e+02 2.1821705033e-03
1.94800e+03 8.7293025347e+02 4.3089204816e-03
1.94900e+03 8.7320183744e+02 1.4585073613e-01
1.95000e+03 8.7348497043e+02 9.5382885903e-02
1.95100e+03 8.7376265271e+02 3.1785221642e-02
1.95200e+03 8.7408058645e+02 1.0746300556e-01
1.95300e+03 8.7438783356e+02 1.8576174947e-01
1.95400e+03 8.7467069485e+02 3.1481746038e-02
1.95500e+03 8.7491329705e+02 5.1617862306e-02
1.95600e+03 8.7511293887e+02 6.2951758635e-02
1.95700e+03 8.7537782989e+02 6.8877368248e-02
1.95800e+03 8.7565271282e+02 6.0830123856e-02
1.95900e+03 8.7586635411e+02 2.8960896175e-02
1.96000e+03 8.7605330755e+02 5.0136571588e-02
1.96100e+03 8.7631457654e+02 6.9288948881e-03
1.96200e+03 8.7663222329e+02 9.5639035681e-02
1.96300e+03 8.7694932055e+02 6.5273175645e-02
1.96400e+03 8.7727884186e+02 1.4815326532e-01
1.96500e+03 8.7759652854e+02 1.0598296895e-01
1.96600e+03 8.7789088408e+02 8.2585775224e-02
1.96700e+03 8.7818417289e+02 5.8105320445e-02
1.96800e+03 8.7846933973e+02 4.8858516062e-02
1.96900e+03 8.7875673311e+02 4.2914237564e-02
1.97000e+03 8.7902931239e+02 4.6183142269e-03
1.97100e+03 8.7927103184e+02 1.7608326397e-01
1.97200e+03 8.7948839306e+02 9.4635426271e-02
1.97300e+03 8.7968774313e+02 8.8043312539e-02
1.97400e+03 8.7986767080e+02 1.5032311539e-01
1.97500e+03 8.8008639914e+02 1.4417698238e-01
1.97600e+03 8.8032016742e+02 7.1548205512e-02
1.97700e+03 8.8052376966e+02 1.4592063307e-01
1.97800e+03 8.8070818640e+02 1.0364983338e-03
1.97900e+03 8.8093196383e+02 6.6427562293e-02
1.98000e+03 8.8116987775e+02 6.7741071439e-02
1.98100e+03 8.8137592717e+02 1.4117205339e-03
1.98200e+03 8.8156231772e+02 6.4387323006e-02
1.98300e+03 8.8175139001e+02 7.7460505272e-02
1.98400e+03 8.8191568045e+02 3.1060517690e-02
1.98500e+03 8.8205435687e+02 1.4765222160e-01
1.98600e+03 8.8215628164e+02 7.8106706962e-02
1.98700e+03 8.8225110410e+02 4.3853958255e-02
1.98800e+03 8.8233969646e+02 1.3332410088e-02
1.98900e+03 8.8249344649e+02 1.0674482473e-01
1.99000e+03 8.8266116453e+02 1.8043879614e-01
1.99100e+03 8.8277420907e+02 1.8222074657e-02
1.99200e+03 8.8289858058e+02 1.1354240452e-01
1.99300e+03 8.8303301814e+02 2.7044206544e-01
1.99400e+03 8.8313405076e+02 8.3442236801e-02
1.99500e+03 8.8328914199e+02 1.3411947592e-03
1.99600e+03 8.8346006140e+02 1.3956945665e-02
1.99700e+03 8.8362962586e+02 1.4473237996e-02
1.99800e+03 8.8380561934e+02 1.0117101131e-02
1.99900e+03 8.8398029817e+02 5.1143721841e-03
2.00000e+03 8.8418155276e+02 1.3499670773e-01
