0.00000e+00 0.0000000000e+00 0.0000000000e+00
1.00000e+00 1.4922223265e+00 1.4922223265e+00
2.00000e+00 2.9498030478e+00 1.4575807213e+00
3.00000e+00 4.2739865318e+00 2.7803066247e+00
4.00000e+00 5.7101548217e+00 2.9268983940e+00
5.00000e+00 7.1955531901e+00 1.4853983684e+00
6.00000e+00 8.6444152661e+00 2.9395921801e+00
7.00000e+00 1.0082775704e+01 2.8701096072e+00
8.00000e+00 1.1455203519e+01 2.6923734113e+00
9.00000e+00 1.2775416944e+01 4.2568660135e+00
1.00000e+01 1.4140808790e+01 2.7837692674e+00
1.10000e+01 1.5454689335e+01 1.0973527902e+00
1.20000e+01 1.6756388067e+01 3.8290253770e+00
1.30000e+01 1.8063474070e+01 2.5965691265e+00
1.40000e+01 1.9297923205e+01 1.3371041493e+00
1.50000e+01 2.0513388592e+01 2.6762374601e+00
1.60000e+01 2.1777555584e+01 3.5890031409e+00
1.70000e+01 2.2985809463e+01 9.8832124045e-02
1.80000e+01 2.4184785352e+01 2.3925164223e+00
1.90000e+01 2.5391522186e+01 2.3886068603e+00
2.00000e+01 2.6526728646e+01 2.5743185489e+00
2.10000e+01 2.7647289206e+01 3.4905093103e+00
2.20000e+01 2.8814320778e+01 2.1903495406e+00
2.30000e+01 2.9925379876e+01 9.5677735324e-02
2.40000e+01 3.1029636736e+01 2.1959171671e+00
2.50000e+01 3.2142307457e+01 2.1953328732e+00
2.60000e+01 3.3253131786e+01 2.1997050093e+00
2.70000e+01 3.4373058468e+01 2.2047612647e+00
2.80000e+01 3.5423719342e+01 3.4024732146e+00
2.90000e+01 3.6462540029e+01 2.1064193179e+00
3.00000e+01 3.7481566766e+01 1.3536528807e+01
3.10000e+01 3.8470410493e+01 1.1739055409e+01
3.20000e+01 3.9598260687e+01 2.2195823691e+00
3.30000e+01 4.0730623942e+01 2.2297993600e+00
3.40000e+01 4.1850352731e+01 2.2194481551e+00
3.50000e+01 4.3033771968e+01 1.3221013147e+01
3.60000e+01 4.4192484854e+01 2.1270267505e+00
3.70000e+01 4.5324464845e+01 4.2498398908e+00
3.80000e+01 4.6442581819e+01 2.2176535380e+00
3.90000e+01 4.7556348121e+01 2.1972221949e+00
4.00000e+01 4.8750213759e+01 6.5545156135e+00
4.10000e+01 4.9894999981e+01 2.2296516739e+00
4.20000e+01 5.0951856070e+01 8.5511231376e+00
4.30000e+01 5.1984701448e+01 9.4923703111e-02
4.40000e+01 5.3069922362e+01 2.1187772984e+00
4.50000e+01 5.4127414764e+01 6.5069119206e+00
4.60000e+01 5.5178523607e+01 2.0672119141e+00
4.70000e+01 5.6228815960e+01 2.0579446541e+00
4.80000e+01 5.7280126672e+01 2.0560885781e+00
4.90000e+01 5.8332414943e+01 2.0560284075e+00
5.00000e+01 5.9386608703e+01 2.0568554271e+00
5.10000e+01 6.0441933740e+01 2.0578353369e+00
5.20000e+01 6.1525292516e+01 2.2550955534e+00
5.30000e+01 6.2588268951e+01 8.3207653425e+00
5.40000e+01 6.3632438331e+01 8.2732551812e+00
5.50000e+01 6.4674537101e+01 2.0304658070e+00
5.60000e+01 6.5711320941e+01 2.0210498006e+00
5.70000e+01 6.6746558084e+01 2.0121671243e+00
5.80000e+01 6.7780093464e+01 2.0069064974e+00
5.90000e+01 6.8812118083e+01 2.0016870666e+00
6.00000e+01 6.9920829430e+01 2.1102950891e+00
6.10000e+01 7.0979008449e+01 1.9432412050e+00
6.20000e+01 7.2026471024e+01 1.0422116383e+01
6.30000e+01 7.3079614973e+01 8.3768107889e+00
6.40000e+01 7.4128735688e+01 2.0444295075e+00
6.50000e+01 7.5224286734e+01 6.1154978235e+00
6.60000e+01 7.6305919411e+01 2.0477826770e+00
6.70000e+01 7.7366784001e+01 2.0745748650e+00
6.80000e+01 7.8413894090e+01 2.0379777014e+00
6.90000e+01 7.9449197624e+01 1.6935130647e+01
7.00000e+01 8.0617433594e+01 4.1857262125e+00
7.10000e+01 8.1843597462e+01 4.2122874403e+00
7.20000e+01 8.3018555837e+01 1.2784828714e-01
7.30000e+01 8.4164997269e+01 4.2926783829e+00
7.40000e+01 8.5436063789e+01 4.3109057041e+00
7.50000e+01 8.6763447161e+01 2.2893994213e-01
7.60000e+01 8.8035928198e+01 3.3278013646e-01
7.70000e+01 8.9277649469e+01 4.4018746379e+00
7.80000e+01 9.0649279389e+01 3.2927440154e-01
7.90000e+01 9.2017120129e+01 1.1174162281e+01
8.00000e+01 9.3365664529e+01 2.6365054846e+00
8.10000e+01 9.4774578194e+01 4.1397765035e-01
8.20000e+01 9.6156820763e+01 1.3479290708e+01
8.30000e+01 9.7528923997e+01 4.9200715510e+00
8.40000e+01 9.8906859298e+01 4.5029270277e+00
8.50000e+01 1.0024691943e+02 7.7321850450e+00
8.60000e+01 1.0164366483e+02 2.6836269723e+00
8.70000e+01 1.0301126485e+02 2.6764401400e+00
8.80000e+01 1.0436636627e+02 2.6321197192e+00
8.90000e+01 1.0573465945e+02 2.6343214243e+00
9.00000e+01 1.0703231000e+02 2.4483296643e+01
9.10000e+01 1.0826934567e+02 5.2074064866e+00
9.20000e+01 1.0955540376e+02 6.9043327375e-02
9.30000e+01 1.1081027599e+02 2.4477855152e+00
9.40000e+01 1.1205437691e+02 8.1600873194e+00
9.50000e+01 1.1328631957e+02 5.5366685154e+00
9.60000e+01 1.1463259327e+02 7.7859548808e+00
9.70000e+01 1.1603042156e+02 2.5949687476e+00
9.80000e+01 1.1739438689e+02 5.1156187566e+00
9.90000e+01 1.1874810984e+02 7.7635986878e+00
1.00000e+02 1.2002581165e+02 5.1822503383e+00
1.01000e+02 1.2120920314e+02 5.1459847444e+00
1.02000e+02 1.2254014571e+02 2.5839654778e+00
1.03000e+02 1.2387478008e+02 2.5622929368e+00
1.04000e+02 1.2519497183e+02 2.5489798242e+00
1.05000e+02 1.2652680226e+02 2.5436269048e+00
1.06000e+02 1.2777217801e+02 2.3457228468e+00
1.07000e+02 1.2894412311e+02 5.1163659555e+00
1.08000e+02 1.3027129707e+02 2.5480654951e+00
1.09000e+02 1.3160402219e+02 2.5464121169e+00
1.10000e+02 1.3282757591e+02 5.0894275574e+00
1.11000e+02 1.3398822557e+02 2.5342219925e+00
1.12000e+02 1.3531378034e+02 2.5422465117e+00
1.13000e+02 1.3664573997e+02 2.5389387723e+00
1.14000e+02 1.3796258550e+02 2.5276905944e+00
1.15000e+02 1.3935193012e+02 2.6500067809e+00
1.16000e+02 1.4071652696e+02 1.0188633807e+01
1.17000e+02 1.4207144621e+02 1.0144019801e+01
1.18000e+02 1.4342159481e+02 2.5787820196e+00
1.19000e+02 1.4477983111e+02 2.5514395719e+00
1.20000e+02 1.4607299104e+02 2.6012939882e+00
1.21000e+02 1.4726329797e+02 5.0945244337e+00
1.22000e+02 1.4859298318e+02 2.6060699442e+00
1.23000e+02 1.4998734144e+02 2.6156422494e+00
1.24000e+02 1.5134796691e+02 2.6235034685e+00
1.25000e+02 1.5269830111e+02 2.5768559121e+00
1.26000e+02 1.5404349267e+02 2.5588451453e+00
1.27000e+02 1.5539847468e+02 2.6002095922e+00
1.28000e+02 1.5674142055e+02 5.2005663177e+00
1.29000e+02 1.5807962994e+02 5.1785931317e+00
1.30000e+02 1.5941141252e+02 2.5282128371e+00
1.31000e+02 1.6078607255e+02 2.5806121244e+00
1.32000e+02 1.6214047535e+02 2.5872427570e+00
1.33000e+02 1.6349242611e+02 2.5394259861e+00
1.34000e+02 1.6483321802e+02 2.5458958995e+00
1.35000e+02 1.6620255544e+02 2.5793328987e+00
1.36000e+02 1.6755416610e+02 2.5739614327e+00
1.37000e+02 1.6890784494e+02 2.5450780864e+00
1.38000e+02 1.7025023783e+02 2.5441339749e+00
1.39000e+02 1.7158854304e+02 2.5262162160e+00
1.40000e+02 1.7285783045e+02 5.0655573825e+00
1.41000e+02 1.7409599926e+02 2.8130519656e+01
1.42000e+02 1.7537960542e+02 4.9196961129e+00
1.43000e+02 1.7660828283e+02 1.0962780474e-01
1.44000e+02 1.7775567628e+02 1.2870079008e+01
1.45000e+02 1.7882866908e+02 1.5292139971e+01
1.46000e+02 1.8004686273e+02 2.2899725901e+00
1.47000e+02 1.8133729143e+02 7.4072551672e+00
1.48000e+02 1.8259717362e+02 2.3884233268e+00
1.49000e+02 1.8383815703e+02 2.2999886180e+00
1.50000e+02 1.8507036762e+02 2.5356824130e+00
1.51000e+02 1.8634080245e+02 2.3660410361e+00
1.52000e+02 1.8759530875e+02 2.3582990965e+00
1.53000e+02 1.8884496754e+02 2.3351647616e+00
1.54000e+02 1.9011028968e+02 3.0408485230e+01
1.55000e+02 1.9134486428e+02 9.6531579014e+00
1.56000e+02 1.9255851172e+02 7.3069551670e+00
1.57000e+02 1.9376831185e+02 4.9576366850e+00
1.58000e+02 1.9493955108e+02 9.6673505151e+00
1.59000e+02 1.9608515195e+02 4.5516443807e+00
1.60000e+02 1.9742554637e+02 4.8046884191e+00
1.61000e+02 1.9883835104e+02 2.4377706040e+00
1.62000e+02 2.0021048160e+02 4.8857866995e+00
1.63000e+02 2.0156942409e+02 2.5524140078e+00
1.64000e+02 2.0292464258e+02 2.2827129654e+00
1.65000e+02 2.0426050892e+02 3.7430554399e-01
1.66000e+02 2.0553447067e+02 2.6177956800e+00
1.67000e+02 2.0677370419e+02 2.3345049860e+00
1.68000e+02 2.0821229303e+02 5.0833888481e+00
1.69000e+02 2.0972176253e+02 1.5052701399e-01
1.70000e+02 2.1115926503e+02 2.7883857293e+00
1.71000e+02 2.1255557526e+02 7.5023879543e+00
1.72000e+02 2.1404021801e+02 2.8127502586e+00
1.73000e+02 2.1549294662e+02 2.7531966142e+00
1.74000e+02 2.1693079015e+02 2.7036442120e+00
1.75000e+02 2.1836660774e+02 2.6840295436e+00
1.76000e+02 2.1979838649e+02 2.6752807283e+00
1.77000e+02 2.2125167506e+02 1.2623641085e+01
1.78000e+02 2.2269057034e+02 5.5824718467e+00
1.79000e+02 2.2412253186e+02 5.5555623245e+00
1.80000e+02 2.2554695421e+02 2.6587100073e+00
1.81000e+02 2.2701273993e+02 2.7025735838e+00
1.82000e+02 2.2845691176e+02 2.7122640881e+00
1.83000e+02 2.2990116356e+02 2.6683415781e+00
1.84000e+02 2.3127842912e+02 5.0831162166e+00
1.85000e+02 2.3255113391e+02 1.0913579609e+01
1.86000e+02 2.3379606802e+02 8.1226926487e+00
1.87000e+02 2.3501912322e+02 2.2628451247e+00
1.88000e+02 2.3643770245e+02 2.6598301190e+00
1.89000e+02 2.3793259440e+02 2.7386580544e+00
1.90000e+02 2.3936015776e+02 1.3153309170e+01
1.91000e+02 2.4074636413e+02 1.3130052002e+01
1.92000e+02 2.4221901579e+02 2.7643992247e+00
1.93000e+02 2.4366063450e+02 4.6535986861e+00
1.94000e+02 2.4507548735e+02 2.5886050690e+00
1.95000e+02 2.4647625523e+02 5.2238824460e-01
1.96000e+02 2.4781801730e+02 4.9587258108e+00
1.97000e+02 2.4912624100e+02 4.5165473511e+00
1.98000e+02 2.5043306025e+02 2.3976382705e+00
1.99000e+02 2.5180952862e+02 2.5762784673e+00
2.00000e+02 2.5317063746e+02 2.5199581743e+00
2.01000e+02 2.5451563077e+02 2.4859631479e+00
2.02000e+02 2.5599114789e+02 4.6518105501e+00
2.03000e+02 2.5743078315e+02 5.1014712284e+00
2.04000e+02 2.5882867275e+02 2.5202579479e+00
2.05000e+02 2.6020893324e+02 2.4672774143e+00
2.06000e+02 2.6173020148e+02 9.9449380957e+00
2.07000e+02 2.6324737895e+02 1.2665089109e+01
2.08000e+02 2.6463853577e+02 2.7089358662e+00
2.09000e+02 2.6595647602e+02 2.8683407581e+00
2.10000e+02 2.6726025916e+02 2.6183105787e+00
2.11000e+02 2.6854844892e+02 2.3615077102e+00
2.12000e+02 2.6984030676e+02 2.3472209002e+00
2.13000e+02 2.7121203174e+02 2.5444693691e+00
2.14000e+02 2.7269886883e+02 7.9178646585e+00
2.15000e+02 2.7410534594e+02 4.6254315185e+00
2.16000e+02 2.7549407310e+02 7.2984399448e+00
2.17000e+02 2.7694243326e+02 5.5171386515e+00
2.18000e+02 2.7835431755e+02 5.0788251567e+00
2.19000e+02 2.7972877119e+02 5.0764749816e+00
2.20000e+02 2.8108657437e+02 2.4944118290e+00
2.21000e+02 2.8243581338e+02 4.9609325671e+00
2.22000e+02 2.8374976001e+02 4.9780604171e+00
2.23000e+02 2.8511166454e+02 2.4793683149e+00
2.24000e+02 2.8646218668e+02 2.4696079043e+00
2.25000e+02 2.8780000903e+02 2.4430561201e+00
2.26000e+02 2.8926800362e+02 4.6019635905e+00
2.27000e+02 2.9068056343e+02 4.9791650552e+00
2.28000e+02 2.9207444727e+02 4.9793425620e+00
2.29000e+02 2.9347501527e+02 2.5442986865e+00
2.30000e+02 2.9478272138e+02 2.5037828057e+00
2.31000e+02 2.9601275003e+02 4.8551528519e+00
2.32000e+02 2.9741000338e+02 2.5451238995e+00
2.33000e+02 2.9881332042e+02 2.5453278164e+00
2.34000e+02 3.0010109807e+02 2.3203459180e+00
2.35000e+02 3.0132415090e+02 2.5356029622e+00
2.36000e+02 3.0272260334e+02 2.5439815806e+00
2.37000e+02 3.0420239015e+02 7.0735526289e+00
2.38000e+02 3.0561697386e+02 7.3780163804e+00
2.39000e+02 3.0698800810e+02 2.6894190032e+00
2.40000e+02 3.0850632354e+02 1.1986299795e-01
2.41000e+02 3.1008603701e+02 7.4705650252e+00
2.42000e+02 3.1162577358e+02 1.2681956011e+01
2.43000e+02 3.1315131339e+02 2.7834035041e+00
2.44000e+02 3.1466183637e+02 2.7728276388e+00
2.45000e+02 3.1617175802e+02 2.7544366446e+00
2.46000e+02 3.1759719965e+02 5.3574609273e+00
2.47000e+02 3.1893294752e+02 2.8545115746e+00
2.48000e+02 3.2024557821e+02 2.7388461254e+00
2.49000e+02 3.2153878960e+02 2.3348740543e+00
2.50000e+02 3.2283275418e+02 2.3138730675e+00
2.51000e+02 3.2411517350e+02 2.3007671219e+00
2.52000e+02 3.2540311647e+02 2.2924447450e+00
2.53000e+02 3.2668149143e+02 2.2861079404e+00
2.54000e+02 3.2819072420e+02 2.7503920016e+00
2.55000e+02 3.2970124391e+02 6.9797200828e+00
2.56000e+02 3.3118953411e+02 6.9517977963e+00
2.57000e+02 3.3269128709e+02 2.7045988576e+00
2.58000e+02 3.3409022850e+02 2.3948202727e+00
2.59000e+02 3.3541081894e+02 2.7555810581e+00
2.60000e+02 3.3690797528e+02 2.7107603973e+00
2.61000e+02 3.3848663388e+02 2.8528164688e+00
2.62000e+02 3.3999513910e+02 1.5299961000e+01
2.63000e+02 3.4145751436e+02 2.2779852308e+01
2.64000e+02 3.4301493116e+02 1.2673125890e+01
2.65000e+02 3.4452815958e+02 2.7195250793e+00
2.66000e+02 3.4602153041e+02 2.7130200408e+00
2.67000e+02 3.4751858490e+02 2.6941330892e+00
2.68000e+02 3.4900791981e+02 2.6874030435e+00
2.69000e+02 3.5055376693e+02 1.2627641279e+01
2.70000e+02 3.5207591531e+02 5.3729760966e+00
2.71000e+02 3.5359361277e+02 2.7053586145e+00
2.72000e+02 3.5509831612e+02 2.7180216894e+00
2.73000e+02 3.5663691763e+02 5.3603575133e+00
2.74000e+02 3.5815524276e+02 2.7524610125e+00
2.75000e+02 3.5966781367e+02 2.7236779570e+00
2.76000e+02 3.6119204015e+02 2.6934124821e+00
2.77000e+02 3.6267286614e+02 8.3654254605e+00
2.78000e+02 3.6412732843e+02 8.2872958494e+00
2.79000e+02 3.6558300757e+02 1.0953464672e+01
2.80000e+02 3.6699366352e+02 1.3799291265e+01
2.81000e+02 3.6837343418e+02 2.5702674017e+00
2.82000e+02 3.6997735134e+02 2.8737991011e+00
2.83000e+02 3.7165467172e+02 2.7875023577e+00
2.84000e+02 3.7328492625e+02 5.6175985278e+00
2.85000e+02 3.7490096227e+02 2.9279436802e+00
2.86000e+02 3.7650766337e+02 2.9014623143e+00
2.87000e+02 3.7812752607e+02 5.6883942085e+00
2.88000e+02 3.7973109989e+02 5.7093872537e+00
2.89000e+02 3.8132874211e+02 5.6814573812e+00
2.90000e+02 3.8291809302e+02 2.8599429402e+00
2.91000e+02 3.8451063752e+02 2.8519852851e+00
2.92000e+02 3.8609512748e+02 2.8442723544e+00
2.93000e+02 3.8768518719e+02 2.8389432800e+00
2.94000e+02 3.8926736646e+02 2.8337936524e+00
2.95000e+02 3.9090962698e+02 2.9247853482e+00
2.96000e+02 3.9252564190e+02 2.6370097071e+00
2.97000e+02 3.9410093263e+02 1.4653418297e+01
2.98000e+02 3.9580494977e+02 1.2183786333e-01
2.99000e+02 3.9750002385e+02 3.0576902563e+00
3.00000e+02 3.9917346396e+02 3.0240555352e+00
3.01000e+02 4.0085634348e+02 3.0088369315e+00
3.02000e+02 4.0252856614e+02 3.0046106369e+00
3.03000e+02 4.0426858099e+02 9.7754332367e-02
3.04000e+02 4.0597386111e+02 1.4728030081e+01
3.05000e+02 4.0762088643e+02 2.0136626971e+01
3.06000e+02 4.0924112705e+02 2.9172288790e+00
3.07000e+02 4.1085457084e+02 6.1825065921e+00
3.08000e+02 4.1265223227e+02 1.2543878273e-01
3.09000e+02 4.1443904647e+02 3.2308540413e+00
3.10000e+02 4.1608385083e+02 2.3524694466e+01
3.11000e+02 4.1772175333e+02 2.9051888238e+00
3.12000e+02 4.1932465294e+02 3.1567146924e+00
3.13000e+02 4.2090788430e+02 3.0988868523e+00
3.14000e+02 4.2263638167e+02 1.7969283609e+01
3.15000e+02 4.2432801859e+02 1.7902936392e+01
3.16000e+02 4.2600014747e+02 3.0006947685e+00
3.17000e+02 4.2767215020e+02 2.9780598938e+00
3.18000e+02 4.2933891655e+02 2.9697193004e+00
3.19000e+02 4.3100794884e+02 2.9637791404e+00
3.20000e+02 4.3268425385e+02 2.8974212889e+00
3.21000e+02 4.3435324627e+02 2.9544666422e+00
3.22000e+02 4.3594148960e+02 2.8949511443e+00
3.23000e+02 4.3748439729e+02 2.7659714639e+00
3.24000e+02 4.3925634385e+02 1.2194868753e+01
3.25000e+02 4.4109908710e+02 1.7371096140e-01
3.26000e+02 4.4285304196e+02 2.9683516277e+00
3.27000e+02 4.4455209398e+02 6.5038231492e+00
3.28000e+02 4.4623223984e+02 3.5328085568e+00
3.29000e+02 4.4790604076e+02 6.6479062508e+00
3.30000e+02 4.4978471173e+02 2.8026166278e-01
3.31000e+02 4.5172038003e+02 3.0941054451e+00
3.32000e+02 4.5355862982e+02 3.1927447190e+00
3.33000e+02 4.5535277720e+02 4.0032786254e-01
3.34000e+02 4.5708594462e+02 9.9493154613e+00
3.35000e+02 4.5878164510e+02 3.0439248126e+00
3.36000e+02 4.6047773866e+02 3.0038070320e+00
3.37000e+02 4.6215622596e+02 2.9835900490e+00
3.38000e+02 4.6411574192e+02 3.1718563343e+00
3.39000e+02 4.6607074151e+02 1.8774015622e+01
3.40000e+02 4.6786080943e+02 3.0745808164e+00
3.41000e+02 4.6956719469e+02 3.0994041944e+00
3.42000e+02 4.7125766208e+02 2.9967042605e+00
3.43000e+02 4.7303138592e+02 6.2654041894e+00
3.44000e+02 4.7477949874e+02 9.4275827087e+00
3.45000e+02 4.7648156376e+02 2.9893873113e+00
3.46000e+02 4.7816114381e+02 2.9755105848e+00
3.47000e+02 4.7990796330e+02 9.3912507798e+00
3.48000e+02 4.8182458293e+02 1.2972949799e+01
3.49000e+02 4.8369094749e+02 1.2538403359e+01
3.50000e+02 4.8548415360e+02 3.1337311332e+00
3.51000e+02 4.8724856886e+02 3.0348853243e+00
3.52000e+02 4.8919303084e+02 1.2510810970e+01
3.53000e+02 4.9112888686e+02 9.5046661300e+00
3.54000e+02 4.9291366027e+02 3.1370437910e+00
3.55000e+02 4.9460959977e+02 3.0654309825e+00
3.56000e+02 4.9653106022e+02 3.4440275625e+00
3.57000e+02 4.9845454502e+02 3.4282122981e+00
3.58000e+02 5.0023066458e+02 3.0537117086e+00
3.59000e+02 5.0192300795e+02 3.0470618760e+00
3.60000e+02 5.0359850963e+02 2.9433969278e+00
3.61000e+02 5.0525616432e+02 2.9057648399e+00
3.62000e+02 5.0718066848e+02 3.4278277910e+00
3.63000e+02 5.0910462430e+02 5.1988449410e+00
3.64000e+02 5.1087146847e+02 2.9942015731e+00
3.65000e+02 5.1255734277e+02 3.0194269857e+00
3.66000e+02 5.1447124165e+02 5.1830408128e+00
3.67000e+02 5.1647767215e+02 3.2706633375e+00
3.68000e+02 5.1843344650e+02 1.8152746369e+01
3.69000e+02 5.2037477944e+02 1.2289988005e+01
3.70000e+02 5.2229277811e+02 1.5080050079e+01
3.71000e+02 5.2417827259e+02 6.1229662799e-01
3.72000e+02 5.2621804089e+02 3.5855008549e+00
3.73000e+02 5.2830763317e+02 2.8581438004e+00
3.74000e+02 5.3034813279e+02 6.3996423592e+00
3.75000e+02 5.3237824414e+02 3.6238773409e+00
3.76000e+02 5.3438911736e+02 7.0455887440e-01
3.77000e+02 5.3637587986e+02 3.6831833707e+00
3.78000e+02 5.3851477004e+02 6.5746609990e+00
3.79000e+02 5.4063694207e+02 1.3752101728e+01
3.80000e+02 5.4260975608e+02 7.5135619142e+00
3.81000e+02 5.4448174400e+02 6.4533117584e+00
3.82000e+02 5.4633049662e+02 6.3227970578e+00
3.83000e+02 5.4815628677e+02 3.2136467052e+00
3.84000e+02 5.5026263462e+02 3.7706367394e+00
3.85000e+02 5.5245794320e+02 1.6519723265e-01
3.86000e+02 5.5459393213e+02 7.5189218479e+00
3.87000e+02 5.5671328288e+02 7.4354450869e+00
3.88000e+02 5.5881924026e+02 3.7598310535e+00
3.89000e+02 5.6094712939e+02 3.7725831970e+00
3.90000e+02 5.6305151092e+02 3.7878962890e+00
3.91000e+02 5.6514881392e+02 3.7535222638e+00
3.92000e+02 5.6715283368e+02 3.3657001917e+00
3.93000e+02 5.6903585795e+02 4.3483641465e+00
3.94000e+02 5.7112238347e+02 3.7108607363e+00
3.95000e+02 5.7320681744e+02 3.6942808536e+00
3.96000e+02 5.7515008831e+02 4.2832669012e+00
3.97000e+02 5.7709095439e+02 3.3340446419e+01
3.98000e+02 5.7914206198e+02 7.3644535359e+00
3.99000e+02 5.8112613989e+02 1.0035606771e-01
4.00000e+02 5.8308480247e+02 3.4624679236e+00
4.01000e+02 5.8505213957e+02 3.4422646438e+00
4.02000e+02 5.8701092527e+02 3.4389454977e+00
4.03000e+02 5.8904510627e+02 1.1027990558e+01
4.04000e+02 5.9104991487e+02 3.5513602522e+00
4.05000e+02 5.9305118273e+02 3.4694373125e+00
4.06000e+02 5.9496753189e+02 3.2434944213e-02
4.07000e+02 5.9675474458e+02 1.0505850301e+01
4.08000e+02 5.9873099303e+02 3.4834306350e+00
4.09000e+02 6.0070651820e+02 3.4542045103e+00
4.10000e+02 6.0266125112e+02 3.4292347683e+00
4.11000e+02 6.0463149184e+02 3.4205210863e+00
4.12000e+02 6.0659181595e+02 3.4226917599e+00
4.13000e+02 6.0856479270e+02 3.4220051008e+00
4.14000e+02 6.1052876408e+02 3.4222303629e+00
4.15000e+02 6.1250373397e+02 3.4208012661e+00
4.16000e+02 6.1446982598e+02 3.4195011001e+00
4.17000e+02 6.1651642226e+02 3.5602241684e+00
4.18000e+02 6.1852393611e+02 2.8172792554e+01
4.19000e+02 6.2047101897e+02 1.7319781710e+01
4.20000e+02 6.2257104795e+02 1.3393696182e-01
4.21000e+02 6.2473034777e+02 3.1054472319e+00
4.22000e+02 6.2683978002e+02 1.7015313380e+01
4.23000e+02 6.2894200114e+02 3.6771358583e+00
4.24000e+02 6.3102162909e+02 3.6530576909e+00
4.25000e+02 6.3309926795e+02 3.6248223788e+00
4.26000e+02 6.3508437996e+02 2.7807212579e+01
4.27000e+02 6.3695330182e+02 3.7050466503e+00
4.28000e+02 6.3878943847e+02 3.5523662427e+00
4.29000e+02 6.4070024625e+02 2.7873137742e+01
4.30000e+02 6.4275400578e+02 7.2389835643e+00
4.31000e+02 6.4473058924e+02 3.0649733704e+00
4.32000e+02 6.4667896734e+02 6.5518560973e+00
4.33000e+02 6.4869407200e+02 2.1093103802e+01
4.34000e+02 6.5065808265e+02 2.0960300337e+01
4.35000e+02 6.5257572767e+02 6.5940274054e+00
4.36000e+02 6.5442216664e+02 6.5977356867e+00
4.37000e+02 6.5630947319e+02 7.2082433596e+00
4.38000e+02 6.5835263383e+02 3.5150715185e+00
4.39000e+02 6.6032884891e+02 6.5907695776e+00
4.40000e+02 6.6227678158e+02 6.5837333841e+00
4.41000e+02 6.6423291457e+02 3.3452050698e+00
4.42000e+02 6.6617964756e+02 3.3406601931e+00
4.43000e+02 6.6813787277e+02 3.3394117526e+00
4.44000e+02 6.6999946473e+02 1.5152995829e-02
4.45000e+02 6.7183895351e+02 3.4637386755e+00
4.46000e+02 6.7362985162e+02 6.8936707885e+00
4.47000e+02 6.7539580489e+02 3.0037262386e+00
4.48000e+02 6.7716038947e+02 2.9744089794e+00
4.49000e+02 6.7891556498e+02 9.7519996759e+00
4.50000e+02 6.8089853175e+02 3.3723061178e+00
4.51000e+02 6.8287303317e+02 3.3852100218e+00
4.52000e+02 6.8468993254e+02 9.6975550826e+00
4.53000e+02 6.8642168004e+02 3.3455058064e+00
4.54000e+02 6.8813814418e+02 3.2417250753e+00
4.55000e+02 6.8993663380e+02 3.0039709253e+00
4.56000e+02 6.9188773517e+02 1.6088114532e+01
4.57000e+02 6.9376114264e+02 2.7688442638e+00
4.58000e+02 6.9549466069e+02 1.7053913014e-02
4.59000e+02 6.9720382835e+02 9.9340081241e+00
4.60000e+02 6.9888245932e+02 1.2839087470e+01
4.61000e+02 7.0053298876e+02 2.8057570043e+00
4.62000e+02 7.0215776923e+02 3.2119679749e+00
4.63000e+02 7.0376058336e+02 3.1610406955e+00
4.64000e+02 7.0537286810e+02 2.6276296051e+00
4.65000e+02 7.0707089974e+02 2.7917822845e+00
4.66000e+02 7.0875237282e+02 2.7918326047e+00
4.67000e+02 7.1039226856e+02 2.6620835795e+00
4.68000e+02 7.1227988548e+02 6.0525503815e+00
4.69000e+02 7.1424004555e+02 2.5120597324e+01
4.70000e+02 7.1614940801e+02 8.8735640267e+00
4.71000e+02 7.1804812831e+02 3.2112916383e+00
4.72000e+02 7.1991769584e+02 2.6986507887e+00
4.73000e+02 7.2176050707e+02 2.0291548662e-01
4.74000e+02 7.2376162449e+02 9.4708083498e+00
4.75000e+02 7.2581176872e+02 1.5142392647e-01
4.76000e+02 7.2776886509e+02 2.9024141137e-01
4.77000e+02 7.2968393916e+02 6.8593651701e+00
4.78000e+02 7.3178245966e+02 2.4867558384e-01
4.79000e+02 7.3386962066e+02 1.3100077592e+01
4.80000e+02 7.3580178028e+02 1.0034514767e+01
4.81000e+02 7.3763805517e+02 3.1585787459e+00
4.82000e+02 7.3945390656e+02 3.0391119358e+00
4.83000e+02 7.4134989349e+02 6.2597274539e+00
4.84000e+02 7.4321759632e+02 9.9185324311e+00
4.85000e+02 7.4504296230e+02 3.0251639203e+00
4.86000e+02 7.4684406871e+02 3.0073937660e+00
4.87000e+02 7.4862098831e+02 2.9559399916e+00
4.88000e+02 7.5040775202e+02 2.9386413571e+00
4.89000e+02 7.5218100337e+02 2.9320344664e+00
4.90000e+02 7.5426022915e+02 3.5591024360e+00
4.91000e+02 7.5633555020e+02 1.1953272998e+01
4.92000e+02 7.5823474178e+02 3.0415302957e+00
4.93000e+02 7.6014094092e+02 9.6319980197e+00
4.94000e+02 7.6217875108e+02 1.9007517426e+01
4.95000e+02 7.6414568365e+02 2.9301002822e+00
4.96000e+02 7.6597155573e+02 7.3319496997e-02
4.97000e+02 7.6769629320e+02 2.9167287010e+00
4.98000e+02 7.6940259208e+02 2.7942387824e+00
4.99000e+02 7.7118589417e+02 9.2438270438e+00
5.00000e+02 7.7312355560e+02 2.8270214601e+00
5.01000e+02 7.7498685832e+02 2.6145685098e+00
5.02000e+02 7.7682504089e+02 1.7239400635e+01
5.03000e+02 7.7867403183e+02 3.0415927312e+00
5.04000e+02 7.8041694101e+02 6.0779515943e-01
5.05000e+02 7.8206561144e+02 5.7712820186e+00
5.06000e+02 7.8369323264e+02 5.0790378907e+00
5.07000e+02 7.8530235331e+02 2.5856919457e+00
5.08000e+02 7.8691591519e+02 2.5690469274e+00
5.09000e+02 7.8861827351e+02 2.7432506768e+00
5.10000e+02 7.9030000437e+02 1.9980682234e+01
5.11000e+02 7.9193745879e+02 2.5948116314e+00
5.12000e+02 7.9355603745e+02 2.5972336083e+00
5.13000e+02 7.9524261750e+02 7.7540047334e+00
5.14000e+02 7.9691752006e+02 2.7024977384e+00
5.15000e+02 7.9857521326e+02 2.6709083967e+00
5.16000e+02 8.0024080601e+02 2.6589276783e+00
5.17000e+02 8.0189233348e+02 2.6087094282e+00
5.18000e+02 8.0351879131e+02 2.7932258693e+00
5.19000e+02 8.0520483521e+02 2.6846194481e+00
5.20000e+02 8.0706200758e+02 5.5700160155e+00
5.21000e+02 8.0887278413e+02 3.4699183665e+01
5.22000e+02 8.1061112106e+02 2.7546790081e+00
5.23000e+02 8.1232349149e+02 2.8512756038e+00
5.24000e+02 8.1421478488e+02 1.3658754291e+01
5.25000e+02 8.1616318003e+02 2.8895429336e+00
5.26000e+02 8.1801642163e+02 1.1490466798e-01
5.27000e+02 8.1981480287e+02 2.9790514361e+00
5.28000e+02 8.2174631023e+02 1.3528080716e+01
5.29000e+02 8.2364546930e+02 1.3695263661e+01
5.30000e+02 8.2541281907e+02 5.7988991583e+00
5.31000e+02 8.2707194454e+02 5.7398552943e+00
5.32000e+02 8.2870966498e+02 2.6156572296e+00
5.33000e+02 8.3041476793e+02 2.9931592571e+00
5.34000e+02 8.3226437826e+02 1.4592563874e-01
5.35000e+02 8.3404357381e+02 5.2178713851e+00
5.36000e+02 8.3579941949e+02 8.1916818716e+00
5.37000e+02 8.3756531768e+02 2.8323579272e+00
5.38000e+02 8.3922793453e+02 2.6977593820e-01
5.39000e+02 8.4087119137e+02 8.3933597803e-02
5.40000e+02 8.4260757057e+02 7.9289479610e+00
5.41000e+02 8.4430747657e+02 1.1019536880e+01
5.42000e+02 8.4599279363e+02 2.6874534354e+00
5.43000e+02 8.4767993951e+02 2.6720058600e+00
5.44000e+02 8.4936445869e+02 2.6685359870e+00
5.45000e+02 8.5105309887e+02 2.6673617549e+00
5.46000e+02 8.5274795079e+02 5.8916984606e+00
5.47000e+02 8.5439572233e+02 1.3276167146e+01
5.48000e+02 8.5612713567e+02 2.7115885463e+00
5.49000e+02 8.5783203590e+02 2.7251370070e+00
5.50000e+02 8.5952347137e+02 2.6824339929e+00
5.51000e+02 8.6121845084e+02 2.6698308010e+00
5.52000e+02 8.6291561367e+02 1.3265201898e+01
5.53000e+02 8.6456792298e+02 5.3931662800e+00
5.54000e+02 8.6619403378e+02 5.3167210850e+00
5.55000e+02 8.6781309435e+02 2.5234008686e+00
5.56000e+02 8.6942695962e+02 2.5086319304e+00
5.57000e+02 8.7103556918e+02 2.4956722959e+00
5.58000e+02 8.7264431489e+02 2.4880570658e+00
5.59000e+02 8.7424828489e+02 2.4809294362e+00
5.60000e+02 8.7600527208e+02 2.7327126985e+00
5.61000e+02 8.7772120998e+02 4.9960292672e-02
5.62000e+02 8.7941092174e+02 1.6225508319e+01
5.63000e+02 8.8114743042e+02 7.5898711267e+00
5.64000e+02 8.8285966676e+02 7.5375303980e+00
5.65000e+02 8.8457803786e+02 1.6211716010e+01
5.66000e+02 8.8621306113e+02 2.6199422780e+01
5.67000e+02 8.8778659489e+02 2.6811947075e+00
5.68000e+02 8.8943644879e+02 6.2382438065e-02
5.69000e+02 8.9105216913e+02 2.5285225431e+00
5.70000e+02 8.9265510904e+02 2.4790800351e+00
5.71000e+02 8.9426004963e+02 2.4658211969e+00
5.72000e+02 8.9586304962e+02 2.4634154521e+00
5.73000e+02 8.9749413544e+02 7.3005061475e+00
5.74000e+02 8.9905320360e+02 2.6025584102e+00
5.75000e+02 9.0054096590e+02 4.7894614714e+00
5.76000e+02 9.0209433181e+02 4.9634079294e-02
5.77000e+02 9.0361577972e+02 2.3278749197e+00
5.78000e+02 9.0511495886e+02 9.8320674647e+00
5.79000e+02 9.0658021863e+02 2.2128689918e+00
5.80000e+02 9.0813187471e+02 2.3238372161e+00
5.81000e+02 9.0965715600e+02 2.4941513222e+00
5.82000e+02 9.1108348214e+02 6.8625861036e+00
5.83000e+02 9.1241829695e+02 3.8187139802e+01
5.84000e+02 9.1392434886e+02 1.4713517856e+01
5.85000e+02 9.1550262032e+02 2.3783369278e+00
5.86000e+02 9.1704539924e+02 2.3670814295e+00
5.87000e+02 9.1857982901e+02 2.3208726477e+00
5.88000e+02 9.2010962976e+02 2.3055736090e+00
5.89000e+02 9.2165480861e+02 6.8756210746e+00
5.90000e+02 9.2312819988e+02 2.0502802648e+00
5.91000e+02 9.2453858959e+02 4.6496697452e+00
5.92000e+02 9.2601076539e+02 5.7624957178e-02
5.93000e+02 9.2745156404e+02 2.1520695890e+00
5.94000e+02 9.2887249181e+02 6.7774248239e+00
5.95000e+02 9.3026197220e+02 2.0451982853e+00
5.96000e+02 9.3163664193e+02 1.9968950450e+00
5.97000e+02 9.3301067566e+02 2.0874489007e+00
5.98000e+02 9.3455171277e+02 6.8794130857e+00
5.99000e+02 9.3614989608e+02 4.2759577434e+00
6.00000e+02 9.3767471979e+02 1.5015398091e-01
6.01000e+02 9.3916537811e+02 2.7962618272e+00
6.02000e+02 9.4060465824e+02 4.8447158810e+00
6.03000e+02 9.4208670972e+02 2.2374730553e+00
6.04000e+02 9.4369018267e+02 6.5528964522e+00
6.05000e+02 9.4525098671e+02 2.3903912050e+00
6.06000e+02 9.4676588535e+02 2.2253105189e+00
6.07000e+02 9.4824503684e+02 2.2748666545e+00
6.08000e+02 9.4982285244e+02 2.3623434762e+00
6.09000e+02 9.5136857659e+02 6.8886464481e+00
6.10000e+02 9.5289502444e+02 6.6450933389e+00
6.11000e+02 9.5446408623e+02 2.3682388778e+00
6.12000e+02 9.5600058580e+02 2.2941927084e+00
6.13000e+02 9.5751148905e+02 6.6586931764e+00
6.14000e+02 9.5915872738e+02 2.4866611117e+00
6.15000e+02 9.6085893733e+02 1.3114816249e-01
6.16000e+02 9.6248820751e+02 2.4308467171e+00
6.17000e+02 9.6408174033e+02 2.5668040209e+00
6.18000e+02 9.6561779698e+02 9.3130482143e+00
6.19000e+02 9.6719446163e+02 4.7631461119e+00
6.20000e+02 9.6889945295e+02 2.6240633632e+00
6.21000e+02 9.7055944880e+02 2.5812252096e+00
6.22000e+02 9.7219888146e+02 2.5130853290e+00
6.23000e+02 9.7383686834e+02 2.4885632640e+00
6.24000e+02 9.7546957212e+02 2.4793458189e+00
6.25000e+02 9.7712712558e+02 9.4155644829e+00
6.26000e+02 9.7876866975e+02 5.1900415384e+00
6.27000e+02 9.8040429722e+02 2.8215790942e+00
6.28000e+02 9.8203224957e+02 2.4672634523e+00
6.29000e+02 9.8366405524e+02 2.4609743950e+00
6.30000e+02 9.8528837488e+02 2.4548807164e+00
6.31000e+02 9.8696978632e+02 2.5202910353e+00
6.32000e+02 9.8862384527e+02 2.5890259826e+00
6.33000e+02 9.9022402182e+02 5.3267380974e+00
6.34000e+02 9.9179846094e+02 5.0978611843e+00
6.35000e+02 9.9336858516e+02 1.0078664911e+01
6.36000e+02 9.9511782747e+02 1.2492267226e-01
6.37000e+02 9.9692252921e+02 2.4992643741e+00
6.38000e+02 9.9864264647e+02 5.0367833734e+00
6.39000e+02 1.0003222498e+03 2.3427688340e-01
6.40000e+02 1.0021677072e+03 1.7138222607e-01
6.41000e+02 1.0040044497e+03 2.9533712341e+00
6.42000e+02 1.0058166119e+03 2.8419555853e+00
6.43000e+02 1.0076397019e+03 2.8254610768e+00
6.44000e+02 1.0093567100e+03 1.0483580367e+01
6.45000e+02 1.0110552597e+03 7.5060937996e+00
6.46000e+02 1.0127103751e+03 2.5424806431e+00
6.47000e+02 1.0143426879e+03 2.4737012415e+00
6.48000e+02 1.0159730421e+03 2.4464662643e+00
6.49000e+02 1.0175948779e+03 2.4335428826e+00
6.50000e+02 1.0192192442e+03 2.4251215050e+00
6.51000e+02 1.0208355887e+03 2.9470655790e+00
6.52000e+02 1.0224204804e+03 7.1436602835e+00
6.53000e+02 1.0239794605e+03 6.6563997062e+00
6.54000e+02 1.0255454936e+03 2.2992265168e+00
6.55000e+02 1.0271934124e+03 2.4487793045e+00
6.56000e+02 1.0289947821e+03 1.0881088102e+01
6.57000e+02 1.0307161995e+03 8.9090188128e+00
6.58000e+02 1.0322987716e+03 1.4478444172e-01
6.59000e+02 1.0338591545e+03 8.7535886611e-02
6.60000e+02 1.0353934340e+03 2.2687954220e+00
6.61000e+02 1.0369136678e+03 2.2263775213e+00
6.62000e+02 1.0385834912e+03 8.7685635000e+00
6.63000e+02 1.0402204836e+03 1.7086318553e+01
6.64000e+02 1.0418403626e+03 2.4212916383e+00
6.65000e+02 1.0434724422e+03 5.5301951382e-02
6.66000e+02 1.0450141542e+03 2.0958425983e+00
6.67000e+02 1.0464480238e+03 4.4102032613e+00
6.68000e+02 1.0478579630e+03 2.0090720189e+00
6.69000e+02 1.0492475364e+03 1.9627666921e+00
6.70000e+02 1.0506403567e+03 1.9436851005e+00
6.71000e+02 1.0521118106e+03 4.9191907953e+00
6.72000e+02 1.0535671648e+03 7.0594974184e+00
6.73000e+02 1.0549810453e+03 1.9660484898e+00
6.74000e+02 1.0563778160e+03 1.9680328549e+00
6.75000e+02 1.0577574576e+03 1.9318259315e+00
6.76000e+02 1.0593869551e+03 1.4011316759e+01
6.77000e+02 1.0610177960e+03 8.0073771692e+00
6.78000e+02 1.0625019740e+03 2.0173014127e+00
6.79000e+02 1.0639166408e+03 2.0503093065e+00
6.80000e+02 1.0655382843e+03 5.5755263512e+00
6.81000e+02 1.0671652586e+03 2.3994426668e+00
6.82000e+02 1.0686574925e+03 2.0563148421e+00
6.83000e+02 1.0701569664e+03 2.1124872544e+00
6.84000e+02 1.0717507076e+03 7.9542858328e+00
6.85000e+02 1.0733059970e+03 1.0283498854e+01
6.86000e+02 1.0748462456e+03 2.2392992208e+00
6.87000e+02 1.0763855474e+03 2.2210723499e+00
6.88000e+02 1.0779197452e+03 5.2084562322e+00
6.89000e+02 1.0794393301e+03 2.1591766966e+00
6.90000e+02 1.0808912654e+03 2.1167189011e+00
6.91000e+02 1.0823056945e+03 2.0094463955e+00
6.92000e+02 1.0837183637e+03 1.9681708489e+00
6.93000e+02 1.0852019911e+03 8.0830777294e+00
6.94000e+02 1.0868125689e+03 2.2891803749e+00
6.95000e+02 1.0883486274e+03 5.6561224472e+00
6.96000e+02 1.0898650823e+03 7.9423209006e+00
6.97000e+02 1.0914407431e+03 2.3232502427e+00
6.98000e+02 1.0929941514e+03 2.2637575420e+00
6.99000e+02 1.0945426311e+03 2.2343126243e+00
7.00000e+02 1.0960896666e+03 5.0685945122e+00
7.01000e+02 1.0975937143e+03 4.5688052062e+00
7.02000e+02 1.0990747386e+03 4.4982251128e+00
7.03000e+02 1.1005489324e+03 2.0833375834e+00
7.04000e+02 1.1020190595e+03 2.0703570368e+00
7.05000e+02 1.1034854770e+03 4.2055314107e+00
7.06000e+02 1.1051410438e+03 3.5532940248e+00
7.07000e+02 1.1068537468e+03 4.3457013372e+00
7.08000e+02 1.1084809256e+03 1.5705176122e-01
7.09000e+02 1.1100629464e+03 2.3330083630e+00
7.10000e+02 1.1116291372e+03 2.2696873588e+00
7.11000e+02 1.1131871252e+03 2.2433848509e+00
7.12000e+02 1.1148848724e+03 6.7177728605e+00
7.13000e+02 1.1165471664e+03 2.4791680503e+00
7.14000e+02 1.1181899948e+03 2.4217701043e+00
7.15000e+02 1.1198492591e+03 5.8602869229e+00
7.16000e+02 1.1214181306e+03 1.2264812066e+01
7.17000e+02 1.1228742772e+03 1.0054935934e+01
7.18000e+02 1.1243038873e+03 1.9983357396e+00
7.19000e+02 1.1257912679e+03 2.4540055615e+00
7.20000e+02 1.1273935079e+03 4.0588378272e-02
7.21000e+02 1.1289277663e+03 8.3867975955e+00
7.22000e+02 1.1304440795e+03 1.0679401783e+01
7.23000e+02 1.1320175420e+03 2.2899690032e+00
7.24000e+02 1.1335697518e+03 3.9505806498e+00
7.25000e+02 1.1351175673e+03 3.9209830754e+00
7.26000e+02 1.1366664818e+03 4.6754167306e+00
7.27000e+02 1.1381727326e+03 3.9249524961e+00
7.28000e+02 1.1397557941e+03 2.2349819279e+00
7.29000e+02 1.1413130106e+03 2.1798769450e+00
7.30000e+02 1.1427696034e+03 4.2619646722e+00
7.31000e+02 1.1441300398e+03 6.1583299639e+00
7.32000e+02 1.1456622937e+03 2.2200708974e+00
7.33000e+02 1.1472657823e+03 2.2884200949e+00
7.34000e+02 1.1488033498e+03 5.8268701533e+00
7.35000e+02 1.1503016326e+03 2.5491341196e-01
7.36000e+02 1.1519525009e+03 2.4047460430e+00
7.37000e+02 1.1536627325e+03 1.9350854218e+00
7.38000e+02 1.1552982399e+03 3.5259843508e-01
7.39000e+02 1.1568868647e+03 4.4957092102e+00
7.40000e+02 1.1584580361e+03 2.2550292844e+00
7.41000e+02 1.1600229630e+03 2.4689853699e+00
7.42000e+02 1.1617813066e+03 2.0406256599e+00
7.43000e+02 1.1635968309e+03 2.7103127694e+00
7.44000e+02 1.1653646360e+03 7.1116280622e+00
7.45000e+02 1.1671212231e+03 2.6122167745e+00
7.46000e+02 1.1688677606e+03 2.5883369815e+00
7.47000e+02 1.1706349630e+03 6.8687630294e+00
7.48000e+02 1.1723834027e+03 5.3073032266e+00
7.49000e+02 1.1741567433e+03 2.6025020764e+00
7.50000e+02 1.1759069333e+03 2.6035520552e+00
7.51000e+02 1.1776516248e+03 2.5722994068e+00
7.52000e+02 1.1794031561e+03 3.2751098117e-01
7.53000e+02 1.1811016531e+03 1.0220497527e+01
7.54000e+02 1.1827695261e+03 9.9794677434e+00
7.55000e+02 1.1844271737e+03 2.3979711649e+00
7.56000e+02 1.1860774284e+03 2.3779548622e+00
7.57000e+02 1.1877291268e+03 7.4273524127e+00
7.58000e+02 1.1895810262e+03 5.2730863077e+00
7.59000e+02 1.1914213350e+03 1.0642915643e+01
7.60000e+02 1.1931124488e+03 1.7331584724e+01
7.61000e+02 1.1947197001e+03 7.4098167648e+00
7.62000e+02 1.1963103099e+03 2.2631288339e+00
7.63000e+02 1.1978825761e+03 2.2258807219e+00
7.64000e+02 1.1997089809e+03 2.7361234986e+00
7.65000e+02 1.2016212168e+03 4.9819419405e+00
7.66000e+02 1.2034807144e+03 7.6559947738e+00
7.67000e+02 1.2053181594e+03 4.4444525125e+00
7.68000e+02 1.2070532680e+03 2.3681536722e+00
7.69000e+02 1.2086741020e+03 2.4143532451e+00
7.70000e+02 1.2104877815e+03 4.4272827797e+00
7.71000e+02 1.2123021804e+03 2.6858803654e+00
7.72000e+02 1.2139825294e+03 2.3571793116e+00
7.73000e+02 1.2156624347e+03 5.2317758057e+00
7.74000e+02 1.2174411554e+03 4.8270837088e+00
7.75000e+02 1.2191788053e+03 7.4816119327e+00
7.76000e+02 1.2208989830e+03 2.5077266682e+00
7.77000e+02 1.2226188606e+03 2.4874465734e+00
7.78000e+02 1.2243318579e+03 7.0619691581e+00
7.79000e+02 1.2259969538e+03 7.3126662052e+00
7.80000e+02 1.2276375097e+03 5.4602296205e+00
7.81000e+02 1.2292703381e+03 2.3159923448e+00
7.82000e+02 1.2308990461e+03 2.3018283544e+00
7.83000e+02 1.2325284052e+03 2.3633473052e+00
7.84000e+02 1.2343626106e+03 7.7549492060e+00
7.85000e+02 1.2361871935e+03 7.7573783003e+00
7.86000e+02 1.2379855560e+03 2.6625491575e+00
7.87000e+02 1.2397962430e+03 2.6459906722e+00
7.88000e+02 1.2414971942e+03 7.8669495181e+00
7.89000e+02 1.2431816522e+03 2.3511561461e+00
7.90000e+02 1.2449565214e+03 7.8813873698e+00
7.91000e+02 1.2466909121e+03 7.8880190929e+00
7.92000e+02 1.2484083467e+03 2.4809597362e+00
7.93000e+02 1.2501358026e+03 8.3231070549e-02
7.94000e+02 1.2517762198e+03 2.2882709309e+00
7.95000e+02 1.2533565698e+03 5.6000904708e+00
7.96000e+02 1.2549018740e+03 7.8598915839e+00
7.97000e+02 1.2564319869e+03 2.0975962049e+00
7.98000e+02 1.2580964856e+03 5.2935950193e-02
7.99000e+02 1.2597287874e+03 4.5242231296e+00
8.00000e+02 1.2613452309e+03 4.4716437775e+00
8.01000e+02 1.2629639028e+03 2.2528259685e+00
8.02000e+02 1.2645791539e+03 2.1654455437e+00
8.03000e+02 1.2661850419e+03 1.0121594099e+01
8.04000e+02 1.2677188859e+03 7.5834158004e+00
8.05000e+02 1.2692795159e+03 2.2969729119e+00
8.06000e+02 1.2708233060e+03 2.2232148985e+00
8.07000e+02 1.2723530068e+03 2.0868866554e+00
8.08000e+02 1.2738859789e+03 2.0739818817e+00
8.09000e+02 1.2754135315e+03 2.0697596993e+00
8.10000e+02 1.2769454956e+03 2.0666818549e+00
8.11000e+02 1.2784733203e+03 2.0648873493e+00
8.12000e+02 1.2800057556e+03 2.0632936607e+00
8.13000e+02 1.2815341872e+03 2.0618372083e+00
8.14000e+02 1.2832171717e+03 2.3171140849e+00
8.15000e+02 1.2848541294e+03 9.2349997030e+00
8.16000e+02 1.2863630975e+03 1.0544887609e+01
8.17000e+02 1.2878370397e+03 5.4489307960e-02
8.18000e+02 1.2892875499e+03 1.9234153901e+00
8.19000e+02 1.2907268869e+03 1.8868867793e+00
8.20000e+02 1.2921697124e+03 1.8773152408e+00
8.21000e+02 1.2936019934e+03 1.7936568114e+01
8.22000e+02 1.2950083753e+03 1.8335969137e+00
8.23000e+02 1.2964700102e+03 1.8977357631e+00
8.24000e+02 1.2979225499e+03 1.9055522461e+00
8.25000e+02 1.2993625890e+03 1.8820508784e+00
8.26000e+02 1.3008089994e+03 1.8740395664e+00
8.27000e+02 1.3022509441e+03 1.8740711087e+00
8.28000e+02 1.3036991176e+03 1.8739601363e+00
8.29000e+02 1.3051437882e+03 1.8748120796e+00
8.30000e+02 1.3067374620e+03 8.9310660473e-02
8.31000e+02 1.3082973165e+03 1.7701580257e+01
8.32000e+02 1.3098394854e+03 1.7632373732e+01
8.33000e+02 1.3113821515e+03 2.0627309756e+00
8.34000e+02 1.3129208892e+03 2.0572370325e+00
8.35000e+02 1.3144623853e+03 2.0540097796e+00
8.36000e+02 1.3160095189e+03 1.9718973018e+00
8.37000e+02 1.3175165127e+03 4.1974223307e+00
8.38000e+02 1.3189993048e+03 4.1288835098e+00
8.39000e+02 1.3204761657e+03 1.9294479283e+00
8.40000e+02 1.3220693154e+03 2.1063678856e+00
8.41000e+02 1.3236272488e+03 1.2287081701e+01
8.42000e+02 1.3250732172e+03 1.3575853009e+01
8.43000e+02 1.3264268258e+03 1.5315368040e+01
8.44000e+02 1.3277624242e+03 1.6534163142e+00
8.45000e+02 1.3290801885e+03 1.6159185802e+00
8.46000e+02 1.3306188444e+03 3.3488807131e+01
8.47000e+02 1.3321609259e+03 1.5198188186e+01
8.48000e+02 1.3335711553e+03 1.6889336768e+00
8.49000e+02 1.3349141222e+03 1.7124472912e+00
8.50000e+02 1.3362456580e+03 1.6320411575e+00
8.51000e+02 1.3375636272e+03 1.6054114949e+00
8.52000e+02 1.3391076669e+03 5.5006162806e+00
8.53000e+02 1.3407368519e+03 2.1919503305e+00
8.54000e+02 1.3422816197e+03 8.6821240117e+00
8.55000e+02 1.3437788460e+03 8.6938073386e+00
8.56000e+02 1.3453823735e+03 5.5056101872e+00
8.57000e+02 1.3469540239e+03 8.4712268000e+00
8.58000e+02 1.3485102749e+03 5.1100049826e+00
8.59000e+02 1.3500781911e+03 3.3434886000e+00
8.60000e+02 1.3516308044e+03 5.1658550333e+00
8.61000e+02 1.3531810224e+03 3.8701271252e+00
8.62000e+02 1.3546477431e+03 3.7314746581e+00
8.63000e+02 1.3560221345e+03 3.9442474495e+00
8.64000e+02 1.3573734210e+03 1.8323853246e+00
8.65000e+02 1.3587051125e+03 1.6277710033e+00
8.66000e+02 1.3600383133e+03 1.6080574930e+00
8.67000e+02 1.3614494499e+03 1.9901486643e+00
8.68000e+02 1.3628436365e+03 5.4158650980e+00
8.69000e+02 1.3641942907e+03 1.6254121543e+00
8.70000e+02 1.3657503849e+03 2.0526015480e+00
8.71000e+02 1.3673776479e+03 5.4660617425e+00
8.72000e+02 1.3689616474e+03 5.4883441973e+00
8.73000e+02 1.3705342226e+03 2.0939571547e+00
8.74000e+02 1.3720987198e+03 2.0723608587e+00
8.75000e+02 1.3736615746e+03 2.0605680312e+00
8.76000e+02 1.3752274806e+03 1.7955062705e+00
8.77000e+02 1.3767815632e+03 2.0342832648e-01
8.78000e+02 1.3784558846e+03 7.6800729646e+00
8.79000e+02 1.3801193433e+03 9.8361824894e+00
8.80000e+02 1.3816568336e+03 2.0313011933e+00
8.81000e+02 1.3831790630e+03 7.6642370341e+00
8.82000e+02 1.3846692711e+03 4.3712839538e+00
8.83000e+02 1.3861426983e+03 1.8928878786e+00
8.84000e+02 1.3877477278e+03 4.3635403663e+00
8.85000e+02 1.3893034267e+03 1.0775977895e-01
8.86000e+02 1.3908383684e+03 2.0174687202e+00
8.87000e+02 1.3923794369e+03 2.0008209205e+00
8.88000e+02 1.3939133771e+03 1.9978186635e+00
8.89000e+02 1.3955069818e+03 4.3899267689e+00
8.90000e+02 1.3970680482e+03 1.9618532211e+00
8.91000e+02 1.3985942840e+03 1.0429446839e+01
8.92000e+02 1.4000590177e+03 1.0346260854e+01
8.93000e+02 1.4015615232e+03 2.4465650075e+00
8.94000e+02 1.4031801058e+03 2.1345893662e+00
8.95000e+02 1.4047323252e+03 3.9148625271e+00
8.96000e+02 1.4061688453e+03 2.8213636370e-02
8.97000e+02 1.4075799654e+03 2.0410694641e+00
8.98000e+02 1.4089671722e+03 4.3092871608e+00
8.99000e+02 1.4103271873e+03 1.7134847877e+00
9.00000e+02 1.4116635169e+03 1.6115807522e+00
9.01000e+02 1.4129807971e+03 1.5672342500e+00
9.02000e+02 1.4143052855e+03 1.5538258402e+00
9.03000e+02 1.4156202160e+03 1.5499223232e+00
9.04000e+02 1.4169443803e+03 1.5480483046e+00
9.05000e+02 1.4182601221e+03 1.5473114834e+00
9.06000e+02 1.4198178615e+03 3.9347469055e+00
9.07000e+02 1.4213774318e+03 4.6879068304e+00
9.08000e+02 1.4229145117e+03 4.6625594444e+00
9.09000e+02 1.4245322224e+03 3.8714884853e+00
9.10000e+02 1.4260970021e+03 6.3502664976e+00
9.11000e+02 1.4276116814e+03 8.1624030950e+00
9.12000e+02 1.4291066891e+03 1.9117751970e+00
9.13000e+02 1.4305913770e+03 2.1692082565e+00
9.14000e+02 1.4322632641e+03 1.3480719349e-01
9.15000e+02 1.4339279679e+03 2.2400681636e+00
9.16000e+02 1.4354511826e+03 3.9118536230e+00
9.17000e+02 1.4368976653e+03 1.8694743971e+00
9.18000e+02 1.4385459361e+03 2.2142118188e+00
9.19000e+02 1.4401976779e+03 2.1990355365e+00
9.20000e+02 1.4418295392e+03 2.1804269612e+00
9.21000e+02 1.4435410404e+03 8.3475701202e+00
9.22000e+02 1.4452029285e+03 2.2199771401e+00
9.23000e+02 1.4468099529e+03 4.2199657598e+00
9.24000e+02 1.4483944270e+03 2.0852350198e+00
9.25000e+02 1.4499681800e+03 2.0498783398e+00
9.26000e+02 1.4515383033e+03 2.0334776148e+00
9.27000e+02 1.4531011263e+03 2.7335773363e+00
9.28000e+02 1.4546290539e+03 6.0827952797e+00
9.29000e+02 1.4562078470e+03 2.0364842476e+00
9.30000e+02 1.4577734418e+03 2.0299193064e+00
9.31000e+02 1.4593045985e+03 3.4278092210e+00
9.32000e+02 1.4610624899e+03 1.2603004376e-01
9.33000e+02 1.4628872819e+03 8.4735313252e+00
9.34000e+02 1.4646625935e+03 2.0828626323e+01
9.35000e+02 1.4664259662e+03 2.4174304851e+00
9.36000e+02 1.4681786644e+03 2.3923997353e+00
9.37000e+02 1.4699299311e+03 2.3779014011e+00
9.38000e+02 1.4716794602e+03 1.8393428219e-01
9.39000e+02 1.4734157784e+03 2.0516146379e-01
9.40000e+02 1.4750700887e+03 2.2760866777e+00
9.41000e+02 1.4767468339e+03 6.9946987076e+00
9.42000e+02 1.4784022985e+03 6.8936395846e+00
9.43000e+02 1.4800299513e+03 2.1651451685e+00
9.44000e+02 1.4818799916e+03 1.2755619913e+01
9.45000e+02 1.4837926579e+03 2.3630386609e+00
9.46000e+02 1.4856057049e+03 1.5758228345e-01
9.47000e+02 1.4873640013e+03 2.4406149393e+00
9.48000e+02 1.4891045208e+03 2.3656469412e+00
9.49000e+02 1.4908344105e+03 2.3348746339e+00
9.50000e+02 1.4927244744e+03 4.8735647197e+00
9.51000e+02 1.4945727037e+03 1.5243502449e+01
9.52000e+02 1.4962839751e+03 1.1700122890e+01
9.53000e+02 1.4979501067e+03 8.2588015044e-02
9.54000e+02 1.4995857960e+03 2.3102148951e+00
9.55000e+02 1.5012063774e+03 2.1160083394e+00
9.56000e+02 1.5029815242e+03 8.9195349185e-02
9.57000e+02 1.5047223516e+03 4.6567718137e+00
9.58000e+02 1.5064445266e+03 4.3950308180e+00
9.59000e+02 1.5081840880e+03 4.4442726487e+00
9.60000e+02 1.5098301792e+03 2.1312176255e+00
9.61000e+02 1.5114123989e+03 2.2798216182e+00
9.62000e+02 1.5129612459e+03 4.3045918847e+00
9.63000e+02 1.5144891289e+03 1.3717739450e+01
9.64000e+02 1.5159872090e+03 2.1295306149e+00
9.65000e+02 1.5174615460e+03 2.0738550903e+00
9.66000e+02 1.5191850873e+03 6.8862915844e+00
9.67000e+02 1.5209093154e+03 4.2411541992e+00
9.68000e+02 1.5224873602e+03 1.9016463317e+00
9.69000e+02 1.5240710611e+03 1.9835852145e+00
9.70000e+02 1.5257579354e+03 4.1934380688e+00
9.71000e+02 1.5274053532e+03 6.4140183605e+00
9.72000e+02 1.5290360192e+03 2.1226572806e+00
9.73000e+02 1.5306666335e+03 2.1037311457e+00
9.74000e+02 1.5322903511e+03 2.0564721897e+00
9.75000e+02 1.5338993798e+03 2.0344363328e+00
9.76000e+02 1.5356411380e+03 8.5274486838e+00
9.77000e+02 1.5374307020e+03 1.5894968216e-01
9.78000e+02 1.5391792669e+03 2.3783170159e+00
9.79000e+02 1.5409198183e+03 2.3269260703e+00
9.80000e+02 1.5426527806e+03 2.3089965773e+00
9.81000e+02 1.5444095594e+03 6.6214491744e+00
9.82000e+02 1.5460858169e+03 2.1306145762e+00
9.83000e+02 1.5476871524e+03 9.0279361322e+00
9.84000e+02 1.5493612682e+03 5.8846407958e-02
9.85000e+02 1.5510001584e+03 2.1462388078e+00
9.86000e+02 1.5526255985e+03 2.0954167116e+00
9.87000e+02 1.5542678071e+03 1.1457017107e-01
9.88000e+02 1.5558957037e+03 4.5136207457e+00
9.89000e+02 1.5575542010e+03 2.1129284712e+00
9.90000e+02 1.5591930894e+03 2.1242639245e+00
9.91000e+02 1.5608288194e+03 2.0993722567e+00
9.92000e+02 1.5624617030e+03 2.0912681458e+00
9.93000e+02 1.5640960098e+03 2.0877536398e+00
9.94000e+02 1.5657464780e+03 9.0456588435e+00
9.95000e+02 1.5673899273e+03 9.2326814835e+00
9.96000e+02 1.5691444784e+03 6.4204089175e+00
9.97000e+02 1.5708859162e+03 1.1022324776e+01
9.98000e+02 1.5725044031e+03 9.1656782751e+00
9.99000e+02 1.5740364493e+03 6.3025854396e+00
1.00000e+03 1.5757604877e+03 2.2794320985e+00
1.00100e+03 1.5774865249e+03 2.2617520549e+00
1.00200e+03 1.5791927420e+03 2.2416689884e+00
1.00300e+03 1.5809788108e+03 1.5176210644e-01
1.00400e+03 1.5827183349e+03 8.4623611628e+00
1.00500e+03 1.5843993535e+03 1.0614309263e+01
1.00600e+03 1.5861794097e+03 6.8022736119e+00
1.00700e+03 1.5879267344e+03 6.7567272207e+00
1.00800e+03 1.5896372964e+03 2.2014275487e+00
1.00900e+03 1.5913051755e+03 2.4935559397e+00
1.01000e+03 1.5930747387e+03 2.3216526253e+00
1.01100e+03 1.5948183154e+03 2.2569668380e+00
1.01200e+03 1.5964481761e+03 1.1029108687e+01
1.01300e+03 1.5980277933e+03 2.2310690485e+00
1.01400e+03 1.5996972683e+03 1.0008821597e-01
1.01500e+03 1.6013185034e+03 2.0519051513e+00
1.01600e+03 1.6028321377e+03 2.1126115548e+00
1.01700e+03 1.6042556465e+03 8.6927882653e+00
1.01800e+03 1.6058637508e+03 4.2064503896e+00
1.01900e+03 1.6074773349e+03 2.1028478542e+00
1.02000e+03 1.6089687616e+03 1.7115978802e+00
1.02100e+03 1.6104630094e+03 1.8535748848e-01
1.02200e+03 1.6119273536e+03 6.2074880812e+00
1.02300e+03 1.6133757361e+03 3.6286030904e+00
1.02400e+03 1.6149574506e+03 3.9854020333e+00
1.02500e+03 1.6164885536e+03 1.6274051663e+00
1.02600e+03 1.6179063948e+03 1.6324114358e+00
1.02700e+03 1.6192968960e+03 2.4906687687e-01
1.02800e+03 1.6206655862e+03 1.8591606751e+00
1.02900e+03 1.6220093123e+03 3.2608826126e+00
1.03000e+03 1.6235398893e+03 3.6489954478e+00
1.03100e+03 1.6251393116e+03 7.6032103470e+00
1.03200e+03 1.6267001279e+03 3.5015464190e+00
1.03300e+03 1.6282471247e+03 1.8688522756e+00
1.03400e+03 1.6297053032e+03 1.5919621473e+00
1.03500e+03 1.6311187563e+03 3.5209967926e+00
1.03600e+03 1.6325033335e+03 3.5333628541e+00
1.03700e+03 1.6338750769e+03 1.5404282143e+00
1.03800e+03 1.6352476865e+03 1.5269200658e+00
1.03900e+03 1.6366076032e+03 1.6065607751e+00
1.04000e+03 1.6381556664e+03 1.9141531867e+00
1.04100e+03 1.6397016559e+03 1.9112317489e+00
1.04200e+03 1.6411137366e+03 3.7074586334e+00
1.04300e+03 1.6424564995e+03 3.6865973780e+00
1.04400e+03 1.6439924132e+03 1.8674874893e+00
1.04500e+03 1.6455342626e+03 3.1555628703e+00
1.04600e+03 1.6470588367e+03 3.1410676115e+00
1.04700e+03 1.6486617176e+03 5.0586812748e+00
1.04800e+03 1.6502373483e+03 5.0684369425e+00
1.04900e+03 1.6518000216e+03 1.8646674687e+00
1.05000e+03 1.6532825327e+03 1.6047389008e+00
1.05100e+03 1.6546604604e+03 1.8790084835e+00
1.05200e+03 1.6562024655e+03 1.8802338572e+00
1.05300e+03 1.6577473050e+03 1.8605198333e+00
1.05400e+03 1.6591746449e+03 1.8219582326e+00
1.05500e+03 1.6605304521e+03 1.8562330867e+00
1.05600e+03 1.6618717545e+03 1.7683393539e+00
1.05700e+03 1.6632854931e+03 3.5232258648e+00
1.05800e+03 1.6646805346e+03 5.2882467149e+00
1.05900e+03 1.6660587385e+03 3.2915862785e+00
1.06000e+03 1.6674404481e+03 1.5288506292e+00
1.06100e+03 1.6688019234e+03 1.4733123642e+00
1.06200e+03 1.6701401393e+03 1.5390960284e+00
1.06300e+03 1.6715362355e+03 1.5452140576e+00
1.06400e+03 1.6729234435e+03 1.5491673321e+00
1.06500e+03 1.6742978253e+03 1.5259037909e+00
1.06600e+03 1.6758142904e+03 3.6407183281e+00
1.06700e+03 1.6772748350e+03 2.9209061500e+00
1.06800e+03 1.6787158035e+03 4.6756080414e+00
1.06900e+03 1.6801644195e+03 1.6538027391e+00
1.07000e+03 1.6815175800e+03 3.0829914322e+00
1.07100e+03 1.6828535218e+03 3.8440043672e-02
1.07200e+03 1.6841629783e+03 1.4082247130e+00
1.07300e+03 1.6854423324e+03 4.5353441072e+00
1.07400e+03 1.6866985241e+03 1.2954497072e+00
1.07500e+03 1.6880118828e+03 1.3842334406e+00
1.07600e+03 1.6894410902e+03 4.4828763913e+00
1.07700e+03 1.6908309600e+03 9.8582974738e+00
1.07800e+03 1.6922055423e+03 1.5237960946e+00
1.07900e+03 1.6935787718e+03 1.5056320469e+00
1.08000e+03 1.6949496489e+03 1.5004212207e+00
1.08100e+03 1.6963223097e+03 1.4983520465e+00
1.08200e+03 1.6977050669e+03 1.5041207888e+00
1.08300e+03 1.6990817383e+03 1.3914715491e+00
1.08400e+03 1.7003911615e+03 1.4433116311e+00
1.08500e+03 1.7017253134e+03 3.3485799811e+00
1.08600e+03 1.7030450669e+03 3.2342568123e+00
1.08700e+03 1.7043362883e+03 1.3564182977e+00
1.08800e+03 1.7058132809e+03 6.2675742067e+00
1.08900e+03 1.7073545525e+03 1.5744632085e+00
1.09000e+03 1.7088196422e+03 1.4533626515e-01
1.09100e+03 1.7102458757e+03 1.6431249636e+00
1.09200e+03 1.7116586737e+03 1.5891901027e+00
1.09300e+03 1.7130617435e+03 2.2229553295e+00
1.09400e+03 1.7144308106e+03 3.6354380151e+00
1.09500e+03 1.7157744667e+03 1.4612819858e+00
1.09600e+03 1.7171224565e+03 1.4387435475e+00
1.09700e+03 1.7185457124e+03 1.5846232371e+00
1.09800e+03 1.7200949714e+03 3.2481243290e+00
1.09900e+03 1.7215662961e+03 9.2420159026e+00
1.10000e+03 1.7230180472e+03 4.6281311338e+00
1.10100e+03 1.7245281791e+03 1.8078840478e+00
1.10200e+03 1.7260155668e+03 3.0186126765e+00
1.10300e+03 1.7274985319e+03 1.6771428056e+00
1.10400e+03 1.7289018804e+03 1.5144457224e-01
1.10500e+03 1.7302545821e+03 3.0512718580e+00
1.10600e+03 1.7315779434e+03 4.5418224699e+00
1.10700e+03 1.7328758365e+03 3.0570443350e+00
1.10800e+03 1.7343474454e+03 1.6953234160e+00
1.10900e+03 1.7358187257e+03 1.6819433959e+00
1.11000e+03 1.7372717507e+03 1.6616776212e+00
1.11100e+03 1.7387377126e+03 1.6546974449e+00
1.11200e+03 1.7401072989e+03 3.0144583736e+00
1.11300e+03 1.7414660472e+03 1.4215011932e+00
1.11400e+03 1.7428949663e+03 4.9503011972e+00
1.11500e+03 1.7442889170e+03 7.8447637796e+00
1.11600e+03 1.7456564237e+03 1.4642251409e+00
1.11700e+03 1.7470035565e+03 3.4028837121e+00
1.11800e+03 1.7484826521e+03 3.2328547996e+00
1.11900e+03 1.7499592710e+03 3.2402789939e+00
1.12000e+03 1.7513167953e+03 3.2970995668e+00
1.12100e+03 1.7526034867e+03 3.1691805366e+00
1.12200e+03 1.7540699438e+03 1.6706588090e+00
1.12300e+03 1.7556152671e+03 1.5137259985e-01
1.12400e+03 1.7570922731e+03 5.1645925909e+00
1.12500e+03 1.7585262962e+03 6.6974637354e+00
1.12600e+03 1.7599451542e+03 1.5775249403e+00
1.12700e+03 1.7613560625e+03 1.5528326403e+00
1.12800e+03 1.7627656357e+03 1.5419950708e+00
1.12900e+03 1.7641700126e+03 1.5339216648e+00
1.13000e+03 1.7657037561e+03 3.3418630980e+00
1.13100e+03 1.7671897494e+03 1.6783625938e+00
1.13200e+03 1.7686545906e+03 1.6750682480e+00
1.13300e+03 1.7701243478e+03 1.6571570464e+00
1.13400e+03 1.7715865024e+03 1.6528133002e+00
1.13500e+03 1.7731050295e+03 6.1818969756e+00
1.13600e+03 1.7746005374e+03 4.6054035064e+00
1.13700e+03 1.7760897301e+03 1.7012917487e+00
1.13800e+03 1.7775840380e+03 1.6171223939e+00
1.13900e+03 1.7790367221e+03 1.7789333460e+00
1.14000e+03 1.7804653725e+03 1.7114969634e+00
1.14100e+03 1.7818940265e+03 5.1355044382e+00
1.14200e+03 1.7834862240e+03 3.1410882328e+00
1.14300e+03 1.7850706966e+03 4.9038230419e+00
1.14400e+03 1.7865246631e+03 9.7589485607e+00
1.14500e+03 1.7879717069e+03 1.5890243010e+00
1.14600e+03 1.7893903378e+03 1.5774157101e+00
1.14700e+03 1.7907761203e+03 3.0950756559e+00
1.14800e+03 1.7923522019e+03 1.8717580012e+00
1.14900e+03 1.7939956430e+03 3.3247512277e+00
1.15000e+03 1.7955965655e+03 5.1264314662e+00
1.15100e+03 1.7971819843e+03 1.8708325037e+00
1.15200e+03 1.7986759052e+03 1.7658089130e+00
1.15300e+03 1.8000669075e+03 1.8751059696e+00
1.15400e+03 1.8014341105e+03 1.7465130384e+00
1.15500e+03 1.8028626318e+03 3.5081180084e+00
1.15600e+03 1.8042727313e+03 3.4960784955e+00
1.15700e+03 1.8056441358e+03 1.4447972959e+00
1.15800e+03 1.8069955026e+03 1.4771234991e+00
1.15900e+03 1.8084085488e+03 1.5263051097e+00
1.16000e+03 1.8098112937e+03 1.5174242142e+00
1.16100e+03 1.8111762551e+03 1.4692032913e+00
1.16200e+03 1.8125237251e+03 1.5208819856e+00
1.16300e+03 1.8139341106e+03 1.5132460159e+00
1.16400e+03 1.8153353599e+03 1.5102372252e+00
1.16500e+03 1.8166983806e+03 1.5174203860e+00
1.16600e+03 1.8180447045e+03 1.5105866657e+00
1.16700e+03 1.8193737116e+03 1.4750624397e+00
1.16800e+03 1.8207119500e+03 1.3630201186e+00
1.16900e+03 1.8220405655e+03 1.3612655491e+00
1.17000e+03 1.8236175005e+03 1.8698150292e+00
1.17100e+03 1.8251955746e+03 7.3227909702e+00
1.17200e+03 1.8267500680e+03 7.2930266065e+00
1.17300e+03 1.8283186150e+03 1.8140159102e+00
1.17400e+03 1.8298764597e+03 1.8155532733e+00
1.17500e+03 1.8314453626e+03 1.8140936477e+00
1.17600e+03 1.8329177231e+03 1.4940263656e+00
1.17700e+03 1.8343756977e+03 1.5563162327e+00
1.17800e+03 1.8357981978e+03 2.7522606103e+00
1.17900e+03 1.8371839852e+03 3.6944526882e+00
1.18000e+03 1.8387575568e+03 1.8280064066e+00
1.18100e+03 1.8403999763e+03 9.2657029584e+00
1.18200e+03 1.8420003543e+03 1.1374814187e+01
1.18300e+03 1.8435841202e+03 1.8410414468e+00
1.18400e+03 1.8450758819e+03 3.7101594304e+00
1.18500e+03 1.8465206763e+03 6.7838451450e+00
1.18600e+03 1.8479343297e+03 5.5919646274e+00
1.18700e+03 1.8493204718e+03 1.8265331454e+00
1.18800e+03 1.8508915399e+03 1.8366969022e+00
1.18900e+03 1.8524608849e+03 1.8204392783e+00
1.19000e+03 1.8538977775e+03 1.8551839712e+00
1.19100e+03 1.8552633815e+03 1.8143220812e+00
1.19200e+03 1.8566164670e+03 1.6433541830e+00
1.19300e+03 1.8579548859e+03 1.3685167131e+00
1.19400e+03 1.8595212680e+03 1.8139328462e+00
1.19500e+03 1.8611721281e+03 5.5948132547e+00
1.19600e+03 1.8627775498e+03 3.6628629204e+00
1.19700e+03 1.8643688214e+03 2.0607560308e+00
1.19800e+03 1.8659448886e+03 3.2567233373e+00
1.19900e+03 1.8674953876e+03 6.2849710638e-01
1.20000e+03 1.8691805009e+03 1.9899042328e+00
1.20100e+03 1.8708568234e+03 3.9070107412e+00
1.20200e+03 1.8725114908e+03 2.0014848238e+00
1.20300e+03 1.8742324177e+03 1.2627774319e+00
1.20400e+03 1.8759074917e+03 7.2687539209e-01
1.20500e+03 1.8775412352e+03 4.0706422338e+00
1.20600e+03 1.8791103517e+03 6.2776194541e+00
1.20700e+03 1.8807177231e+03 5.6810477634e+00
1.20800e+03 1.8824518201e+03 4.0317789681e+00
1.20900e+03 1.8841396700e+03 2.8615479645e+00
1.21000e+03 1.8857765029e+03 4.0283305666e+00
1.21100e+03 1.8873898278e+03 1.8471084429e+00
1.21200e+03 1.8891590314e+03 2.2028065779e+00
1.21300e+03 1.8909206641e+03 4.2853972663e+00
1.21400e+03 1.8926595313e+03 2.1625050467e+00
1.21500e+03 1.8944683906e+03 1.9768351872e+00
1.21600e+03 1.8962267299e+03 1.9667676992e+00
1.21700e+03 1.8979412653e+03 2.5946297557e+00
1.21800e+03 1.8998093018e+03 1.2916928361e-01
1.21900e+03 1.9017330143e+03 2.0796540978e+00
1.22000e+03 1.9036096574e+03 6.2832493831e+00
1.22100e+03 1.9054790508e+03 2.3971434016e+00
1.22200e+03 1.9073281816e+03 2.3758405725e+00
1.22300e+03 1.9092165149e+03 2.4209602229e+00
1.22400e+03 1.9110782879e+03 2.4036692001e+00
1.22500e+03 1.9129326215e+03 2.3672658992e+00
1.22600e+03 1.9147803009e+03 2.3508049479e+00
1.22700e+03 1.9166572380e+03 2.3810083906e+00
1.22800e+03 1.9184564477e+03 4.6673896959e+00
1.22900e+03 1.9201209379e+03 2.4524596865e+00
1.23000e+03 1.9219579335e+03 4.2361477333e+00
1.23100e+03 1.9237918864e+03 4.1889274246e+00
1.23200e+03 1.9256051383e+03 2.2913392539e+00
1.23300e+03 1.9274942847e+03 2.3832668846e+00
1.23400e+03 1.9293379092e+03 5.1273275909e+00
1.23500e+03 1.9311177889e+03 1.3367670486e+01
1.23600e+03 1.9330004656e+03 2.4158809862e+00
1.23700e+03 1.9348487117e+03 2.3033411438e+00
1.23800e+03 1.9366705423e+03 2.3096163870e+00
1.23900e+03 1.9385374076e+03 2.3911841126e+00
1.24000e+03 1.9403782708e+03 2.3469793301e+00
1.24100e+03 1.9422258781e+03 2.3066679910e+00
1.24200e+03 1.9440561910e+03 2.3128437096e+00
1.24300e+03 1.9458830924e+03 2.2898249294e+00
1.24400e+03 1.9477011650e+03 2.2752947613e+00
1.24500e+03 1.9495758707e+03 2.3524727392e+00
1.24600e+03 1.9514230429e+03 4.4446496408e+00
1.24700e+03 1.9532705611e+03 2.2936362053e+00
1.24800e+03 1.9550415529e+03 6.7754054990e+00
1.24900e+03 1.9566880224e+03 1.3393795865e+01
1.25000e+03 1.9583000799e+03 8.8678515041e+00
1.25100e+03 1.9598859782e+03 1.8220242599e+00
1.25200e+03 1.9614704915e+03 1.7926580473e+00
1.25300e+03 1.9630403487e+03 1.7748241688e+00
1.25400e+03 1.9648646759e+03 2.2975972937e+00
1.25500e+03 1.9666877396e+03 3.6490062716e+00
1.25600e+03 1.9683625400e+03 1.8633365265e+00
1.25700e+03 1.9700457969e+03 9.1016796698e+00
1.25800e+03 1.9718332653e+03 5.8769960586e+00
1.25900e+03 1.9735512429e+03 1.7563870986e+00
1.26000e+03 1.9751491720e+03 7.6871363253e-02
1.26100e+03 1.9766563332e+03 1.7219827874e+00
1.26200e+03 1.9783603557e+03 5.2796831346e+00
1.26300e+03 1.9801477578e+03 1.0224020462e+01
1.26400e+03 1.9818936733e+03 2.1473233053e+00
1.26500e+03 1.9836228144e+03 2.0459327579e+00
1.26600e+03 1.9852604802e+03 1.7599974868e+00
1.26700e+03 1.9867899099e+03 2.1338321854e+00
1.26800e+03 1.9885012129e+03 2.0511674008e+00
1.26900e+03 1.9902151611e+03 2.0339232729e+00
1.27000e+03 1.9919113267e+03 2.0167519582e+00
1.27100e+03 1.9936881473e+03 2.1345944496e+00
1.27200e+03 1.9954185556e+03 2.0712396570e+01
1.27300e+03 1.9970911976e+03 9.3989080089e+00
1.27400e+03 1.9988651795e+03 3.6695970350e+00
1.27500e+03 2.0006074836e+03 3.6314108846e+00
1.27600e+03 2.0023334439e+03 2.0706872264e+00
1.27700e+03 2.0040605514e+03 2.0534199168e+00
1.27800e+03 2.0057831763e+03 2.0480309882e+00
1.27900e+03 2.0075369744e+03 2.0545851661e+00
1.28000e+03 2.0092138136e+03 4.1809621752e+00
1.28100e+03 2.0107652588e+03 4.0858669526e+00
1.28200e+03 2.0124849561e+03 4.1936068601e+00
1.28300e+03 2.0142710263e+03 2.1049457003e+00
1.28400e+03 2.0159875291e+03 4.0678755657e+00
1.28500e+03 2.0176610180e+03 4.3114569016e+00
1.28600e+03 2.0194939204e+03 2.2160458915e+00
1.28700e+03 2.0213850248e+03 1.0503423193e-01
1.28800e+03 2.0231938550e+03 4.3994728552e+00
1.28900e+03 2.0249599477e+03 2.3064336367e+00
1.29000e+03 2.0268958528e+03 2.0793192897e-01
1.29100e+03 2.0288884446e+03 2.1730693243e+00
1.29200e+03 2.0308325908e+03 4.6001875482e+00
1.29300e+03 2.0327653061e+03 2.4641289108e+00
1.29400e+03 2.0346874586e+03 2.4396711030e+00
1.29500e+03 2.0366346527e+03 6.8043629897e+00
1.29600e+03 2.0385606057e+03 4.6226088969e+00
1.29700e+03 2.0404786520e+03 4.5888386392e+00
1.29800e+03 2.0423095807e+03 8.8370528286e+00
1.29900e+03 2.0440951044e+03 1.3532999623e+01
1.30000e+03 2.0458325198e+03 7.0692156564e+00
1.30100e+03 2.0475465170e+03 2.0293831055e+00
1.30200e+03 2.0494086771e+03 2.3639403718e+00
1.30300e+03 2.0512259757e+03 1.0074774436e-01
1.30400e+03 2.0529169424e+03 6.7238950954e+00
1.30500e+03 2.0545681923e+03 1.9791945172e-01
1.30600e+03 2.0563205925e+03 2.1040691164e-01
1.30700e+03 2.0580219035e+03 3.9600495645e+00
1.30800e+03 2.0596099867e+03 9.4838021745e-02
1.30900e+03 2.0611059887e+03 8.7263999164e+00
1.31000e+03 2.0627951447e+03 6.0425783303e+00
1.31100e+03 2.0644899115e+03 1.9539543804e+00
1.31200e+03 2.0660585473e+03 1.6366474681e+00
1.31300e+03 2.0675533221e+03 1.8645282087e+00
1.31400e+03 2.0692483623e+03 1.9578847316e+00
1.31500e+03 2.0710308369e+03 4.4383705554e+00
1.31600e+03 2.0727332109e+03 5.7087925172e+00
1.31700e+03 2.0743819201e+03 5.4398763625e+00
1.31800e+03 2.0761456923e+03 5.9194618903e+00
1.31900e+03 2.0778778484e+03 5.8632240514e+00
1.32000e+03 2.0795677591e+03 1.9032145172e+00
1.32100e+03 2.0812415318e+03 2.1349248073e+00
1.32200e+03 2.0830670755e+03 2.1904206667e+00
1.32300e+03 2.0849443547e+03 1.7855053903e+00
1.32400e+03 2.0867779208e+03 3.9134311027e+00
1.32500e+03 2.0886082373e+03 4.2797067819e+00
1.32600e+03 2.0903421886e+03 4.1607691627e+00
1.32700e+03 2.0919589616e+03 2.1312305145e+00
1.32800e+03 2.0935471504e+03 1.9833366785e+00
1.32900e+03 2.0951116732e+03 1.7108098554e+00
1.33000e+03 2.0966776430e+03 1.6868800878e+00
1.33100e+03 2.0982301750e+03 1.6732024220e+00
1.33200e+03 2.1000427119e+03 2.2025029940e+00
1.33300e+03 2.1018547600e+03 3.4299848340e+00
1.33400e+03 2.1035149766e+03 1.7657761024e+00
1.33500e+03 2.1050986272e+03 1.7951288076e+00
1.33600e+03 2.1069000677e+03 3.4154585508e+00
1.33700e+03 2.1087055288e+03 2.1575033011e+00
1.33800e+03 2.1104894918e+03 2.1378681603e+00
1.33900e+03 2.1123614051e+03 2.2637695250e+00
1.34000e+03 2.1142006628e+03 6.0193821541e+00
1.34100e+03 2.1160289104e+03 5.9696969880e+00
1.34200e+03 2.1178479105e+03 7.6492627183e+00
1.34300e+03 2.1196383830e+03 2.7426322695e+00
1.34400e+03 2.1213493336e+03 4.5839573151e+00
1.34500e+03 2.1230891815e+03 1.0274948046e+01
1.34600e+03 2.1248074039e+03 2.6437221127e+00
1.34700e+03 2.1264957757e+03 1.9414624107e+00
1.34800e+03 2.1284146894e+03 2.3464931466e+00
1.34900e+03 2.1303983437e+03 2.1556004432e+00
1.35000e+03 2.1323304047e+03 4.4577906642e+00
1.35100e+03 2.1342514774e+03 4.5954885234e+00
1.35200e+03 2.1361521111e+03 2.3610706474e+00
1.35300e+03 2.1380970352e+03 2.4144090149e+00
1.35400e+03 2.1400153946e+03 2.3982929161e+00
1.35500e+03 2.1419270485e+03 2.3626243751e+00
1.35600e+03 2.1438324047e+03 2.3472586414e+00
1.35700e+03 2.1457676219e+03 2.3728541356e+00
1.35800e+03 2.1476217940e+03 2.0827423799e+00
1.35900e+03 2.1493908506e+03 9.2233475731e+00
1.36000e+03 2.1511142782e+03 9.2193294560e+00
1.36100e+03 2.1528164221e+03 2.6730652838e+00
1.36200e+03 2.1547223769e+03 4.5516716796e+00
1.36300e+03 2.1566200396e+03 4.5095655298e+00
1.36400e+03 2.1584929887e+03 2.2961809601e+00
1.36500e+03 2.1604436269e+03 4.4000605960e+00
1.36600e+03 2.1623391381e+03 1.7208359459e-01
1.36700e+03 2.1641851138e+03 6.9848365560e+00
1.36800e+03 2.1661940859e+03 2.2024969337e+00
1.36900e+03 2.1682608642e+03 2.8805157752e-01
1.37000e+03 2.1702789680e+03 4.7961716619e+00
1.37100e+03 2.1722914152e+03 4.6089637190e+00
1.37200e+03 2.1742826444e+03 2.5201378920e+00
1.37300e+03 2.1763162745e+03 2.5701508581e+00
1.37400e+03 2.1783125482e+03 2.4697929342e+00
1.37500e+03 2.1802666502e+03 4.8260384537e+00
1.37600e+03 2.1823751975e+03 4.3478156350e-01
1.37700e+03 2.1844694423e+03 3.0337621153e+00
1.37800e+03 2.1865369221e+03 2.6721974072e+00
1.37900e+03 2.1886809566e+03 1.1040442683e-01
1.38000e+03 2.1907676364e+03 4.9116184728e+00
1.38100e+03 2.1927787338e+03 9.8041473173e+00
1.38200e+03 2.1947586355e+03 2.4973222106e+00
1.38300e+03 2.1967227532e+03 2.4478452008e+00
1.38400e+03 2.1986812529e+03 2.4239953451e+00
1.38500e+03 2.2006296459e+03 2.4058465676e+00
1.38600e+03 2.2025785270e+03 2.3938222058e+00
1.38700e+03 2.2045186413e+03 2.3831497567e+00
1.38800e+03 2.2066548199e+03 5.3989203861e+00
1.38900e+03 2.2087503210e+03 2.6707815611e+00
1.39000e+03 2.2108098988e+03 2.6602087665e+00
1.39100e+03 2.2128720272e+03 2.6241758000e+00
1.39200e+03 2.2149217390e+03 2.6116855870e+00
1.39300e+03 2.2169807162e+03 2.6059227884e+00
1.39400e+03 2.2190293817e+03 2.6022705495e+00
1.39500e+03 2.2211523844e+03 1.2057523814e+01
1.39600e+03 2.2232293008e+03 2.5088018662e+00
1.39700e+03 2.2252497160e+03 1.1036475968e+01
1.39800e+03 2.2271908504e+03 2.5581858105e+01
1.39900e+03 2.2290870101e+03 2.3243074812e+00
1.40000e+03 2.2309801339e+03 2.2739727039e+00
1.40100e+03 2.2328531899e+03 2.2485949924e+00
1.40200e+03 2.2350239794e+03 1.6716401859e+00
1.40300e+03 2.2372830402e+03 2.6423510861e+00
1.40400e+03 2.2394189796e+03 5.8190870647e+00
1.40500e+03 2.2414789741e+03 8.4394412246e+00
1.40600e+03 2.2436951177e+03 1.2162169169e+01
1.40700e+03 2.2458731348e+03 5.7322242707e+00
1.40800e+03 2.2480270506e+03 5.6642643147e+00
1.40900e+03 2.2502095047e+03 7.4434068251e+00
1.41000e+03 2.2522837644e+03 5.0984198427e+00
1.41100e+03 2.2542167421e+03 5.1532431987e+00
1.41200e+03 2.2561149342e+03 2.3010847342e+00
1.41300e+03 2.2579840412e+03 2.2349129396e+00
1.41400e+03 2.2598544089e+03 2.2048536095e+00
1.41500e+03 2.2618131471e+03 2.7027555910e+00
1.41600e+03 2.2639450047e+03 2.2058290257e-02
1.41700e+03 2.2660223915e+03 2.6813454277e+00
1.41800e+03 2.2680202503e+03 7.2426873215e+00
1.41900e+03 2.2699864565e+03 2.2997479727e+00
1.42000e+03 2.2721439341e+03 1.1031552915e+01
1.42100e+03 2.2742909932e+03 9.5593588989e+00
1.42200e+03 2.2764114338e+03 4.3543450092e+00
1.42300e+03 2.2786137808e+03 4.5784291557e+00
1.42400e+03 2.2807492363e+03 2.4350449696e+00
1.42500e+03 2.2828283727e+03 2.8383952161e+00
1.42600e+03 2.2848312262e+03 5.2654908317e+00
1.42700e+03 2.2867900430e+03 2.4144406887e+00
1.42800e+03 2.2890402642e+03 3.1224939169e-01
1.42900e+03 2.2913733165e+03 2.5633151355e+00
1.43000e+03 2.2935831397e+03 5.3219508997e+00
1.43100e+03 2.2957280378e+03 1.8608129609e-01
1.43200e+03 2.2980850671e+03 2.6675598015e+00
1.43300e+03 2.3005040346e+03 5.4025442694e+00
1.43400e+03 2.3028048424e+03 2.7687968876e-01
1.43500e+03 2.3050488244e+03 5.4115294609e-01
1.43600e+03 2.3072186284e+03 3.3054838333e+00
1.43700e+03 2.3093427517e+03 2.7402506054e+00
1.43800e+03 2.3117861046e+03 5.4834654238e+00
1.43900e+03 2.3142201876e+03 1.1467300119e+01
1.44000e+03 2.3164668472e+03 2.8143659551e+00
1.44100e+03 2.3186109670e+03 2.8315480714e+00
1.44200e+03 2.3210276623e+03 3.2888129789e+00
1.44300e+03 2.3234429674e+03 3.2667463215e+00
1.44400e+03 2.3258282330e+03 3.2320497599e+00
1.44500e+03 2.3283170444e+03 3.4644669788e-01
1.44600e+03 2.3307267500e+03 6.2157364817e+00
1.44700e+03 2.3330406208e+03 1.9021927705e+01
1.44800e+03 2.3353202128e+03 3.0252496167e+00
1.44900e+03 2.3376004425e+03 6.4567728370e+00
1.45000e+03 2.3401392374e+03 1.5352944847e-01
1.45100e+03 2.3426575682e+03 3.4852193003e+00
1.45200e+03 2.3449886764e+03 9.3634811543e+00
1.45300e+03 2.3472098632e+03 2.9744118775e+00
1.45400e+03 2.3497069161e+03 3.4399919400e+00
1.45500e+03 2.3522993891e+03 9.3354066978e+00
1.45600e+03 2.3548284569e+03 2.5668302748e+01
1.45700e+03 2.3573418254e+03 3.8524741752e+00
1.45800e+03 2.3598172237e+03 6.4621965931e+00
1.45900e+03 2.3622524741e+03 7.7053672334e-01
1.46000e+03 2.3648744572e+03 3.5850393185e+00
1.46100e+03 2.3674748474e+03 7.1000656476e+00
1.46200e+03 2.3700415081e+03 3.5775341982e+00
1.46300e+03 2.3726948485e+03 2.6641275961e+00
1.46400e+03 2.3752707567e+03 8.7027608993e-01
1.46500e+03 2.3777765962e+03 7.2260000197e+00
1.46600e+03 2.3801900064e+03 1.1042279682e+01
1.46700e+03 2.3825495889e+03 3.1730963131e+00
1.46800e+03 2.3852431291e+03 1.2687944831e-01
1.46900e+03 2.3879251927e+03 6.9749834011e+00
1.47000e+03 2.3905693789e+03 6.9186543304e+00
1.47100e+03 2.3933186268e+03 9.6531340552e-01
1.47200e+03 2.3959782871e+03 1.0472449340e+01
1.47300e+03 2.3985304742e+03 2.1047657839e+01
1.47400e+03 2.4010446077e+03 3.4562295722e+00
1.47500e+03 2.4035637065e+03 3.8786512363e+00
1.47600e+03 2.4063627756e+03 1.5488294633e-01
1.47700e+03 2.4092165145e+03 1.4019241168e+01
1.47800e+03 2.4119993092e+03 2.1344869432e+01
1.47900e+03 2.4147857807e+03 3.9782709533e+00
1.48000e+03 2.4175391346e+03 6.9844532983e+00
1.48100e+03 2.4203431120e+03 3.9654513295e+00
1.48200e+03 2.4230838140e+03 4.9958473087e-01
1.48300e+03 2.4257180840e+03 7.5500689235e+00
1.48400e+03 2.4285175397e+03 3.9781469973e+00
1.48500e+03 2.4312992430e+03 6.9727004810e+00
1.48600e+03 2.4340357758e+03 3.9446649140e+00
1.48700e+03 2.4367702707e+03 3.8935118887e+00
1.48800e+03 2.4394889599e+03 3.8201407595e+00
1.48900e+03 2.4422161936e+03 3.8090594820e+00
1.49000e+03 2.4448321619e+03 1.4516756499e+01
1.49100e+03 2.4474085704e+03 3.9163074626e+00
1.49200e+03 2.4501105915e+03 7.5458001352e+00
1.49300e+03 2.4527591043e+03 1.1356958491e+01
1.49400e+03 2.4553798352e+03 3.6210765289e+00
1.49500e+03 2.4580031952e+03 3.5923027128e+00
1.49600e+03 2.4606021709e+03 1.1040167492e+01
1.49700e+03 2.4631766475e+03 1.4944615630e+01
1.49800e+03 2.4656433534e+03 7.5109060284e+00
1.49900e+03 2.4681336841e+03 1.1069631915e+01
1.50000e+03 2.4705917242e+03 1.0917626748e+01
1.50100e+03 2.4730218247e+03 3.2295999018e+00
1.50200e+03 2.4757089130e+03 3.6550677932e+00
1.50300e+03 2.4783572912e+03 3.3184066514e+00
1.50400e+03 2.4809600744e+03 1.0980421518e+01
1.50500e+03 2.4835671299e+03 7.5308562481e+00
1.50600e+03 2.4861596274e+03 3.5370508402e+00
1.50700e+03 2.4887645546e+03 3.5313854599e+00
1.50800e+03 2.4912553120e+03 1.0561206800e+01
1.50900e+03 2.4936140573e+03 1.4287223588e+01
1.51000e+03 2.4959364710e+03 3.5674372955e+00
1.51100e+03 2.4983493598e+03 3.4437103628e-01
1.51200e+03 2.5009558943e+03 6.9946367405e+00
1.51300e+03 2.5035031248e+03 1.0562925355e+01
1.51400e+03 2.5060182245e+03 3.3857370880e+00
1.51500e+03 2.5085353288e+03 3.3522251136e+00
1.51600e+03 2.5110427884e+03 3.3412327451e+00
1.51700e+03 2.5135565624e+03 3.3345611572e+00
1.51800e+03 2.5160566436e+03 7.0041924298e+00
1.51900e+03 2.5184739573e+03 1.3712309775e+01
1.52000e+03 2.5208518536e+03 1.0184658114e+01
1.52100e+03 2.5232142778e+03 3.0473046955e+00
1.52200e+03 2.5257908206e+03 3.4003098887e+00
1.52300e+03 2.5283272711e+03 3.4195860992e+00
1.52400e+03 2.5307797579e+03 3.1188479741e+00
1.52500e+03 2.5332212968e+03 3.0916162706e+00
1.52600e+03 2.5355722439e+03 1.3379633980e+01
1.52700e+03 2.5379519850e+03 3.1330459938e+00
1.52800e+03 2.5405434872e+03 3.4311258622e+00
1.52900e+03 2.5430821084e+03 3.4298653835e+00
1.53000e+03 2.5455244320e+03 3.1197497444e+00
1.53100e+03 2.5479409346e+03 1.3341218082e+01
1.53200e+03 2.5505760422e+03 2.0570337526e+01
1.53300e+03 2.5531945177e+03 2.0563315460e+01
1.53400e+03 2.5556331205e+03 3.2175685906e+00
1.53500e+03 2.5579568824e+03 4.0819494393e+00
1.53600e+03 2.5602571190e+03 3.8748894131e+00
1.53700e+03 2.5625329103e+03 2.8627048036e+00
1.53800e+03 2.5651495573e+03 3.5244181290e+00
1.53900e+03 2.5678646324e+03 2.6864029403e+00
1.54000e+03 2.5705100428e+03 7.0232225123e+00
1.54100e+03 2.5731405809e+03 3.5329563883e+00
1.54200e+03 2.5756381804e+03 3.0572049131e+00
1.54300e+03 2.5780661673e+03 7.6711261578e+00
1.54400e+03 2.5806358760e+03 3.4537217525e+00
1.54500e+03 2.5831518831e+03 2.3293983927e+00
1.54600e+03 2.5856334506e+03 5.7214129514e+00
1.54700e+03 2.5881834350e+03 7.7914277115e+00
1.54800e+03 2.5906665694e+03 7.7042657607e+00
1.54900e+03 2.5930917180e+03 6.4752670978e+00
1.55000e+03 2.5957163227e+03 1.2110188452e+00
1.55100e+03 2.5983997945e+03 1.3348731512e-01
1.55200e+03 2.6009612567e+03 5.7567623063e+00
1.55300e+03 2.6034631921e+03 1.2865946304e+00
1.55400e+03 2.6061914475e+03 2.3700443170e-01
1.55500e+03 2.6089795349e+03 5.5956643336e+00
1.55600e+03 2.6117045726e+03 9.2738020338e+00
1.55700e+03 2.6144350884e+03 4.9328460869e+00
1.55800e+03 2.6171352348e+03 5.5619597710e+00
1.55900e+03 2.6198867432e+03 3.7369004454e+00
1.56000e+03 2.6225781747e+03 1.4152773831e+00
1.56100e+03 2.6251652841e+03 1.2873918684e+01
1.56200e+03 2.6277111140e+03 5.7517006004e+00
1.56300e+03 2.6302355612e+03 3.3236693643e+00
1.56400e+03 2.6327539053e+03 3.2928598967e+00
1.56500e+03 2.6352902143e+03 5.8275388356e+00
1.56600e+03 2.6381241251e+03 3.8669278732e+00
1.56700e+03 2.6410097023e+03 6.8099674010e+00
1.56800e+03 2.6437386026e+03 2.1055622026e-01
1.56900e+03 2.6463741329e+03 3.6109957254e+00
1.57000e+03 2.6489831862e+03 3.4875378051e+00
1.57100e+03 2.6516061585e+03 3.9497241586e+00
1.57200e+03 2.6541721161e+03 2.0647490742e+01
1.57300e+03 2.6567884554e+03 3.4648593730e+00
1.57400e+03 2.6593799851e+03 3.4438707981e+00
1.57500e+03 2.6619422118e+03 3.3863142894e+00
1.57600e+03 2.6647980419e+03 1.0667113320e+01
1.57700e+03 2.6676111572e+03 1.5991105396e+01
1.57800e+03 2.6703733773e+03 1.0306769203e+01
1.57900e+03 2.6731981109e+03 7.0739792504e+00
1.58000e+03 2.6759824016e+03 6.9953659592e+00
1.58100e+03 2.6787858963e+03 3.7977946595e+00
1.58200e+03 2.6815603686e+03 3.8062491745e+00
1.58300e+03 2.6843314714e+03 3.7700509893e+00
1.58400e+03 2.6870892565e+03 3.7495936491e+00
1.58500e+03 2.6899272876e+03 3.8473929785e+00
1.58600e+03 2.6927024618e+03 3.5665724917e+00
1.58700e+03 2.6953631987e+03 3.9326055692e+00
1.58800e+03 2.6981904445e+03 4.1116301439e+00
1.58900e+03 2.7009772046e+03 4.0562475094e+00
1.59000e+03 2.7036857834e+03 3.8620775761e+00
1.59100e+03 2.7063138663e+03 4.0748645578e+00
1.59200e+03 2.7089097266e+03 3.9580712128e+00
1.59300e+03 2.7115337996e+03 1.7845850214e+01
1.59400e+03 2.7140931129e+03 1.4837140782e+01
1.59500e+03 2.7166951738e+03 3.4076986193e+00
1.59600e+03 2.7192715690e+03 3.3848257676e+00
1.59700e+03 2.7218196915e+03 3.3275025099e+00
1.59800e+03 2.7246550048e+03 3.8351292939e+00
1.59900e+03 2.7274422492e+03 6.8156458557e+00
1.60000e+03 2.7301115958e+03 3.4171264270e+00
1.60100e+03 2.7327055742e+03 3.4595651776e+00
1.60200e+03 2.7355105001e+03 6.7784428211e+00
1.60300e+03 2.7383074070e+03 7.2382495743e+00
1.60400e+03 2.7409240286e+03 1.0241879929e+01
1.60500e+03 2.7434604557e+03 3.1653635053e-01
1.60600e+03 2.7461703660e+03 9.5015509460e-02
1.60700e+03 2.7488367094e+03 3.5719754371e+00
1.60800e+03 2.7514773730e+03 3.4991566836e+00
1.60900e+03 2.7541607759e+03 1.0118133959e+01
1.61000e+03 2.7568152117e+03 1.7235677852e+01
1.61100e+03 2.7594666637e+03 3.4882519524e+00
1.61200e+03 2.7620092354e+03 2.4216996068e-01
1.61300e+03 2.7644997184e+03 3.3547929386e+00
1.61400e+03 2.7671220970e+03 6.6012104123e+00
1.61500e+03 2.7696971793e+03 9.9990056168e+00
1.61600e+03 2.7721965222e+03 6.9537599286e+00
1.61700e+03 2.7746206302e+03 6.5282342650e+00
1.61800e+03 2.7770189827e+03 6.4207156052e+00
1.61900e+03 2.7794043340e+03 2.9529103492e+00
1.62000e+03 2.7817898170e+03 2.9370879869e+00
1.62100e+03 2.7841945671e+03 1.6999119206e+01
1.62200e+03 2.7865517731e+03 1.2637735854e+01
1.62300e+03 2.7888691385e+03 9.2594385511e+00
1.62400e+03 2.7915501758e+03 6.8808764826e+00
1.62500e+03 2.7942208269e+03 9.3660222311e+00
1.62600e+03 2.7968541775e+03 5.9394582377e+00
1.62700e+03 2.7995944611e+03 6.0910192914e+00
1.62800e+03 2.8022381161e+03 3.0932503713e+00
1.62900e+03 2.8047768462e+03 6.1776869101e+00
1.63000e+03 2.8072811586e+03 3.1970881842e+00
1.63100e+03 2.8097928881e+03 3.6550553875e+00
1.63200e+03 2.8122485940e+03 6.5849786105e+00
1.63300e+03 2.8146602196e+03 3.0175984538e+00
1.63400e+03 2.8174426634e+03 2.4687652194e-01
1.63500e+03 2.8203124455e+03 6.4135467292e+00
1.63600e+03 2.8230183137e+03 3.5311062101e+00
1.63700e+03 2.8256247322e+03 6.7891546052e+00
1.63800e+03 2.8284458034e+03 1.6060265204e+01
1.63900e+03 2.8312392913e+03 6.7012304435e+00
1.64000e+03 2.8338489223e+03 6.6213210342e+00
1.64100e+03 2.8363106468e+03 6.6647985922e+00
1.64200e+03 2.8387425694e+03 3.0276103867e+00
1.64300e+03 2.8411448234e+03 2.9651122419e+00
1.64400e+03 2.8439057837e+03 6.5752623423e+00
1.64500e+03 2.8467636387e+03 3.8224116125e+00
1.64600e+03 2.8495499113e+03 3.7837906979e+00
1.64700e+03 2.8523213320e+03 3.6935726295e+00
1.64800e+03 2.8550394668e+03 9.6325475145e+00
1.64900e+03 2.8577136863e+03 2.7196551862e-01
1.65000e+03 2.8602842399e+03 3.3724717203e+00
1.65100e+03 2.8627947367e+03 3.2053764710e+00
1.65200e+03 2.8653036080e+03 3.1404887373e+00
1.65300e+03 2.8677867540e+03 3.1099974670e+00
1.65400e+03 2.8706545136e+03 7.4256549099e+00
1.65500e+03 2.8736176367e+03 5.7278469264e+00
1.65600e+03 2.8765027536e+03 9.5108423790e+00
1.65700e+03 2.8793708794e+03 3.8701897048e+00
1.65800e+03 2.8822203445e+03 3.8306677320e+00
1.65900e+03 2.8851111008e+03 1.6242998317e+01
1.66000e+03 2.8878760469e+03 3.3629622502e+00
1.66100e+03 2.8905326063e+03 1.7465080064e+01
1.66200e+03 2.8933349193e+03 4.7152185841e-02
1.66300e+03 2.8960886655e+03 3.6653524923e+00
1.66400e+03 2.8988157155e+03 3.5864242188e+00
1.66500e+03 2.9015488459e+03 3.5622219462e+00
1.66600e+03 2.9042733882e+03 3.5561520212e+00
1.66700e+03 2.9070061959e+03 3.5522730984e+00
1.66800e+03 2.9097249567e+03 1.1280775204e+01
1.66900e+03 2.9124275858e+03 3.5790824077e+00
1.67000e+03 2.9153080096e+03 2.0370170448e+01
1.67100e+03 2.9181608807e+03 1.5282028717e+01
1.67200e+03 2.9208365244e+03 4.6100946586e+00
1.67300e+03 2.9233820985e+03 1.1803259575e+01
1.67400e+03 2.9262165136e+03 3.7711315466e+00
1.67500e+03 2.9291473191e+03 1.9799782527e-01
1.67600e+03 2.9319392074e+03 1.0740690093e+01
1.67700e+03 2.9346255923e+03 1.4237245087e+01
1.67800e+03 2.9375159675e+03 7.5316939273e+00
1.67900e+03 2.9403815112e+03 3.7800329831e+00
1.68000e+03 2.9430686194e+03 1.4234472359e+01
1.68100e+03 2.9456039141e+03 6.8551284423e+00
1.68200e+03 2.9484274618e+03 3.7653854951e+00
1.68300e+03 2.9513414338e+03 7.5073287767e+00
1.68400e+03 2.9541163631e+03 6.8313143053e+00
1.68500e+03 2.9568153044e+03 8.2721938962e-01
1.68600e+03 2.9594314504e+03 4.0482579850e+00
1.68700e+03 2.9620988634e+03 6.8055111448e+00
1.68800e+03 2.9647342279e+03 3.3663127324e+00
1.68900e+03 2.9673383510e+03 3.2996564265e+00
1.69000e+03 2.9699503368e+03 3.2729781037e+00
1.69100e+03 2.9725482550e+03 3.2635001960e+00
1.69200e+03 2.9751561826e+03 3.2561784540e+00
1.69300e+03 2.9777526004e+03 3.2514220411e+00
1.69400e+03 2.9803593213e+03 3.2469638890e+00
1.69500e+03 2.9829836437e+03 3.3060180663e+00
1.69600e+03 2.9859491170e+03 2.4615375106e-01
1.69700e+03 2.9888892972e+03 7.2168937234e+00
1.69800e+03 2.9916017099e+03 1.2580516161e+01
1.69900e+03 2.9942973415e+03 3.3429306162e+00
1.70000e+03 2.9971921014e+03 1.0990314434e+01
1.70100e+03 3.0000341304e+03 1.9476759592e+01
1.70200e+03 3.0028438988e+03 1.2266842672e+01
1.70300e+03 3.0056588002e+03 3.6580697392e+00
1.70400e+03 3.0084628730e+03 3.6487160604e+00
1.70500e+03 3.0112752370e+03 3.6425300138e+00
1.70600e+03 3.0140626938e+03 3.5203235875e+00
1.70700e+03 3.0168309211e+03 1.2711840506e+01
1.70800e+03 3.0194797726e+03 3.4540301134e+00
1.70900e+03 3.0220610146e+03 3.2635908805e+00
1.71000e+03 3.0249975898e+03 2.6721683842e+01
1.71100e+03 3.0279201544e+03 2.3542617106e+01
1.71200e+03 3.0308035895e+03 3.8208011321e+00
1.71300e+03 3.0337958168e+03 1.7986331373e-01
1.71400e+03 3.0367381206e+03 7.6510595903e+00
1.71500e+03 3.0396671348e+03 7.5801954215e+00
1.71600e+03 3.0425825673e+03 3.8514862065e+00
1.71700e+03 3.0455446504e+03 3.8564989048e+00
1.71800e+03 3.0484730490e+03 3.9233209377e+00
1.71900e+03 3.0513910485e+03 3.8753139412e+00
1.72000e+03 3.0542942306e+03 3.8205070588e+00
1.72100e+03 3.0572031370e+03 3.8075935136e+00
1.72200e+03 3.0600982302e+03 3.7956970159e+00
1.72300e+03 3.0630862712e+03 3.9066614916e+00
1.72400e+03 3.0660117004e+03 3.5763033251e+00
1.72500e+03 3.0688488480e+03 2.3142592371e+01
1.72600e+03 3.0718900598e+03 1.4611861928e-01
1.72700e+03 3.0749904858e+03 1.1238499191e-01
1.72800e+03 3.0779547264e+03 2.3158261105e+01
1.72900e+03 3.0808093537e+03 3.0383628894e+01
1.73000e+03 3.0836285194e+03 3.6503897522e+00
1.73100e+03 3.0864247811e+03 3.5883736831e+00
1.73200e+03 3.0892178152e+03 3.5586537015e+00
1.73300e+03 3.0919949330e+03 3.5359511825e+00
1.73400e+03 3.0950684204e+03 7.8075644666e+00
1.73500e+03 3.0980928188e+03 1.8529131952e+01
1.73600e+03 3.1010781941e+03 1.4788008690e+01
1.73700e+03 3.1040705003e+03 3.9357257756e+00
1.73800e+03 3.1070493625e+03 3.9252769352e+00
1.73900e+03 3.1100371993e+03 3.9168822317e+00
1.74000e+03 3.1130159138e+03 3.9128176742e+00
1.74100e+03 3.1160033382e+03 3.9084924802e+00
1.74200e+03 3.1189827106e+03 3.9052418384e+00
1.74300e+03 3.1220457831e+03 4.0920398442e+00
1.74400e+03 3.1249983456e+03 3.7596153217e+01
1.74500e+03 3.1277463980e+03 1.4582775026e+01
1.74600e+03 3.1307497868e+03 2.6587637193e+01
1.74700e+03 3.1338258999e+03 3.9900254124e+00
1.74800e+03 3.1368350542e+03 4.0158172513e+00
1.74900e+03 3.1398520985e+03 2.6515021414e+01
1.75000e+03 3.1427402416e+03 3.5911076243e+00
1.75100e+03 3.1455365799e+03 1.9730433061e+01
1.75200e+03 3.1484842531e+03 6.1480966330e-02
1.75300e+03 3.1513815511e+03 3.7715667259e+00
1.75400e+03 3.1542509410e+03 3.6895117888e+00
1.75500e+03 3.1571668877e+03 1.0109769426e-01
1.75600e+03 3.1599583651e+03 1.5958509936e+01
1.75700e+03 3.1626479532e+03 3.5176525361e+00
1.75800e+03 3.1652684220e+03 2.6584687440e+01
1.75900e+03 3.1678720146e+03 1.9385608180e+01
1.76000e+03 3.1704279921e+03 3.2786349232e+00
1.76100e+03 3.1729448347e+03 3.1886062765e+00
1.76200e+03 3.1758405952e+03 7.6462022889e+00
1.76300e+03 3.1787259605e+03 1.0739691051e+01
1.76400e+03 3.1815730655e+03 6.7764627659e+00
1.76500e+03 3.1844418552e+03 3.6213943061e+00
1.76600e+03 3.1871679354e+03 3.1524325569e+00
1.76700e+03 3.1897607713e+03 3.7139633019e+00
1.76800e+03 3.1923191066e+03 3.5425044095e+00
1.76900e+03 3.1948499631e+03 2.9882926051e+00
1.77000e+03 3.1973843215e+03 2.9613274750e+00
1.77100e+03 3.2000330077e+03 3.1815855913e+00
1.77200e+03 3.2029279930e+03 1.0468486481e+01
1.77300e+03 3.2057571316e+03 1.4075680926e+01
1.77400e+03 3.2084603289e+03 9.7606119714e+00
1.77500e+03 3.2110797473e+03 9.7215835235e+00
1.77600e+03 3.2136760034e+03 3.1054413151e+00
1.77700e+03 3.2162922124e+03 3.0437186941e+00
1.77800e+03 3.2192151374e+03 7.3123069463e+00
1.77900e+03 3.2221148650e+03 7.3359326071e+00
1.78000e+03 3.2249743064e+03 3.6463989526e+00
1.78100e+03 3.2279356226e+03 5.7498342246e+00
1.78200e+03 3.2308488660e+03 9.3810566696e+00
1.78300e+03 3.2337667020e+03 3.6608609348e+00
1.78400e+03 3.2365579290e+03 3.4692509662e+00
1.78500e+03 3.2392602900e+03 6.9392974933e+00
1.78600e+03 3.2418892416e+03 6.9650536464e+00
1.78700e+03 3.2444928908e+03 4.9265492107e+00
1.78800e+03 3.2470494217e+03 6.6976620654e+00
1.78900e+03 3.2495669236e+03 5.1314897551e+00
1.79000e+03 3.2524678676e+03 3.6987027360e+00
1.79100e+03 3.2554613686e+03 6.9902734278e+00
1.79200e+03 3.2582852620e+03 3.1388570633e+00
1.79300e+03 3.2610044641e+03 6.3566288826e+00
1.79400e+03 3.2639507155e+03 7.0162910660e+00
1.79500e+03 3.2668564584e+03 3.7174470255e+00
1.79600e+03 3.2697311975e+03 3.6422173689e+00
1.79700e+03 3.2726131942e+03 3.6148289972e+00
1.79800e+03 3.2754842662e+03 3.6075470020e+00
1.79900e+03 3.2784226522e+03 5.2381871321e+00
1.80000e+03 3.2813266972e+03 1.2688329620e+01
1.80100e+03 3.2842194374e+03 1.1107362411e+01
1.80200e+03 3.2870019728e+03 6.5762768283e+00
1.80300e+03 3.2896251053e+03 1.1258638778e+01
1.80400e+03 3.2925115791e+03 3.6264041280e+00
1.80500e+03 3.2953910802e+03 3.6095386816e+00
1.80600e+03 3.2980953318e+03 7.7627393422e+00
1.80700e+03 3.3006788739e+03 3.5831873811e+00
1.80800e+03 3.3032333195e+03 3.4297981567e+00
1.80900e+03 3.3057616919e+03 2.9200899084e+00
1.81000e+03 3.3086534944e+03 3.6112577943e+00
1.81100e+03 3.3116510056e+03 3.7194539749e+00
1.81200e+03 3.3145734745e+03 7.3013013240e+00
1.81300e+03 3.3174788919e+03 7.2019062192e+00
1.81400e+03 3.3203290232e+03 1.7770392021e+01
1.81500e+03 3.3231298594e+03 9.0485069010e-01
1.81600e+03 3.3258228015e+03 3.9596122608e+00
1.81700e+03 3.3285477769e+03 1.7758394875e+01
1.81800e+03 3.3312380450e+03 3.2429761342e+00
1.81900e+03 3.3339052980e+03 3.1896826108e+00
1.82000e+03 3.3365351172e+03 3.1233699800e+00
1.82100e+03 3.3392323034e+03 3.2119439911e+00
1.82200e+03 3.3419059321e+03 3.1920926328e+00
1.82300e+03 3.3445517297e+03 3.0987911399e+00
1.82400e+03 3.3471676467e+03 3.0817901525e+00
1.82500e+03 3.3498556864e+03 3.1797540633e+00
1.82600e+03 3.3525228482e+03 3.1701075049e+00
1.82700e+03 3.3551602886e+03 3.1163380771e+00
1.82800e+03 3.3581178660e+03 3.6956429203e+00
1.82900e+03 3.3610263533e+03 1.2145260973e+01
1.83000e+03 3.3637982651e+03 3.2179717173e+00
1.83100e+03 3.3664909026e+03 3.2699508917e+00
1.83200e+03 3.3691613602e+03 3.1652266971e+00
1.83300e+03 3.3718182092e+03 3.1262728744e+00
1.83400e+03 3.3747601039e+03 1.2117433113e+01
1.83500e+03 3.3776812727e+03 1.3171534878e+01
1.83600e+03 3.3803967798e+03 1.2204653860e+01
1.83700e+03 3.3829610187e+03 1.5189598856e+01
1.83800e+03 3.3854968309e+03 2.8896505671e+00
1.83900e+03 3.3881160300e+03 3.7649743998e-02
1.84000e+03 3.3907011202e+03 6.1071245801e+00
1.84100e+03 3.3932542840e+03 6.0349820723e+00
1.84200e+03 3.3961036614e+03 9.2517353616e-02
1.84300e+03 3.3989120277e+03 1.4966407646e+01
1.84400e+03 3.4015162531e+03 2.9904028121e+00
1.84500e+03 3.4040614681e+03 7.9487861167e-03
1.84600e+03 3.4065587936e+03 2.8262840157e+00
1.84700e+03 3.4090286488e+03 2.7480979275e+00
1.84800e+03 3.4115055815e+03 2.7249571424e+00
1.84900e+03 3.4139717701e+03 2.7185655397e+00
1.85000e+03 3.4167221596e+03 1.2217166661e+01
1.85100e+03 3.4194413396e+03 2.8982260358e+00
1.85200e+03 3.4221130231e+03 3.0785013480e+01
1.85300e+03 3.4247901782e+03 3.1233604032e+00
1.85400e+03 3.4274529975e+03 3.1113728099e+00
1.85500e+03 3.4301303269e+03 3.1084357571e+00
1.85600e+03 3.4326876566e+03 5.4063601549e+00
1.85700e+03 3.4351118243e+03 1.2007748808e+01
1.85800e+03 3.4375007759e+03 3.4521175413e+00
1.85900e+03 3.4398619251e+03 2.5129540322e+00
1.86000e+03 3.4422262424e+03 2.4858067326e+00
1.86100e+03 3.4446979035e+03 5.4724886336e-03
1.86200e+03 3.4471344913e+03 8.8064387204e+00
1.86300e+03 3.4495365292e+03 8.7280091189e+00
1.86400e+03 3.4522156967e+03 9.0496701214e+00
1.86500e+03 3.4548489854e+03 2.6545956241e+01
1.86600e+03 3.4574492418e+03 5.0034524804e+00
1.86700e+03 3.4600845914e+03 5.0173136747e+00
1.86800e+03 3.4626891157e+03 8.1293958753e+00
1.86900e+03 3.4652915170e+03 3.0290246620e+00
1.87000e+03 3.4678820085e+03 2.9418956783e+00
1.87100e+03 3.4705510911e+03 3.0213049581e+00
1.87200e+03 3.4731837985e+03 3.0507346838e+00
1.87300e+03 3.4758242194e+03 2.9769733988e+00
1.87400e+03 3.4784394096e+03 2.9986950983e+00
1.87500e+03 3.4810516334e+03 2.9674992869e+00
1.87600e+03 3.4835652813e+03 2.7431420844e+00
1.87700e+03 3.4859377798e+03 1.1491293460e+01
1.87800e+03 3.4882693696e+03 8.7039325481e+00
1.87900e+03 3.4905702551e+03 2.3673913567e+00
1.88000e+03 3.4928710352e+03 2.3342143372e+00
1.88100e+03 3.4951531629e+03 2.3131222804e+00
1.88200e+03 3.4977823012e+03 2.9784798333e+00
1.88300e+03 3.5004037127e+03 4.7800722974e+00
1.88400e+03 3.5028321789e+03 2.4384951453e+00
1.88500e+03 3.5052683154e+03 6.0672937285e+00
1.88600e+03 3.5078691394e+03 1.0619581739e+01
1.88700e+03 3.5104187605e+03 1.3537184654e+01
1.88800e+03 3.5129401660e+03 2.7927637902e+00
1.88900e+03 3.5154856929e+03 2.3601719592e+00
1.89000e+03 3.5180038385e+03 7.5364818565e+00
1.89100e+03 3.5205718519e+03 2.8083632875e+00
1.89200e+03 3.5230838051e+03 1.6231000598e+01
1.89300e+03 3.5255397948e+03 5.9074242440e+00
1.89400e+03 3.5281875634e+03 2.9351779609e+00
1.89500e+03 3.5308173812e+03 6.3140392654e+00
1.89600e+03 3.5332781743e+03 5.9338438271e+00
1.89700e+03 3.5357198834e+03 1.3404505713e+01
1.89800e+03 3.5383148622e+03 5.8669279599e+00
1.89900e+03 3.5408493933e+03 9.5286622888e-02
1.90000e+03 3.5432243794e+03 8.5807035622e-02
1.90100e+03 3.5454729754e+03 2.7248490849e+00
1.90200e+03 3.5476965170e+03 2.5706797248e+00
1.90300e+03 3.5500053137e+03 5.7281485704e+00
1.90400e+03 3.5525159597e+03 1.7952402789e-01
1.90500e+03 3.5549536434e+03 2.0837019486e+00
1.90600e+03 3.5573550360e+03 4.7278507515e+00
1.90700e+03 3.5598332210e+03 5.5918881615e+00
1.90800e+03 3.5622784777e+03 2.6282984223e+00
1.90900e+03 3.5647318222e+03 2.5582342709e+00
1.91000e+03 3.5670788817e+03 3.1128012128e+00
1.91100e+03 3.5693508318e+03 2.4094790170e+00
1.91200e+03 3.5717464928e+03 1.8940108988e+00
1.91300e+03 3.5740945439e+03 4.6182147750e-01
1.91400e+03 3.5763018123e+03 2.2672784108e+00
1.91500e+03 3.5783885685e+03 7.3934091907e+00
1.91600e+03 3.5807188536e+03 2.9459281731e+00
1.91700e+03 3.5831385097e+03 4.4592580942e+00
1.91800e+03 3.5855066825e+03 2.4837040689e+00
1.91900e+03 3.5878679493e+03 2.3890830633e+00
1.92000e+03 3.5901181571e+03 2.0326023621e+00
1.92100e+03 3.5922314475e+03 2.0571039833e+00
1.92200e+03 3.5945749824e+03 2.3999436899e+00
1.92300e+03 3.5969175404e+03 2.3788350133e+00
1.92400e+03 3.5992366935e+03 2.3520743983e+00
1.92500e+03 3.6015752125e+03 2.3456832962e+00
1.92600e+03 3.6039032920e+03 2.3522639994e+00
1.92700e+03 3.6063282916e+03 2.4865638825e+00
1.92800e+03 3.6086942922e+03 1.7918751081e+01
1.92900e+03 3.6109868373e+03 5.3567189028e+00
1.93000e+03 3.6131952884e+03 7.3646523549e+00
1.93100e+03 3.6154476438e+03 6.3564924243e+00
1.93200e+03 3.6178895993e+03 5.1304377884e+00
1.93300e+03 3.6202793148e+03 5.0900233490e+00
1.93400e+03 3.6225810340e+03 5.2870808331e+00
1.93500e+03 3.6248521221e+03 2.1583663767e+00
1.93600e+03 3.6270462072e+03 2.1418420391e+00
1.93700e+03 3.6291945831e+03 2.0169880982e+00
1.93800e+03 3.6313457641e+03 1.9720670232e+00
1.93900e+03 3.6334774030e+03 1.9533579719e+00
1.94000e+03 3.6359497147e+03 2.6565878007e+00
1.94100e+03 3.6385144332e+03 2.3342390731e+00
1.94200e+03 3.6409330656e+03 6.2394969278e+00
1.94300e+03 3.6432769077e+03 2.1220316179e-01
1.94400e+03 3.6458579462e+03 2.4406316382e+00
1.94500e+03 3.6485042816e+03 6.3148744587e+00
1.94600e+03 3.6510162817e+03 3.0535859057e-01
1.94700e+03 3.6534409594e+03 1.1992426685e+01
1.94800e+03 3.6558399488e+03 2.4869128548e+00
1.94900e+03 3.6582214837e+03 2.4412831213e+00
1.95000e+03 3.6608441634e+03 1.1333544224e+01
1.95100e+03 3.6634360329e+03 8.8928808152e+00
1.95200e+03 3.6659825623e+03 6.2740504814e+00
1.95300e+03 3.6685313119e+03 5.0271601844e+00
1.95400e+03 3.6709503471e+03 7.4700150380e+00
1.95500e+03 3.6733275857e+03 1.3594162097e-01
1.95600e+03 3.6756433753e+03 2.4914475959e+00
1.95700e+03 3.6779286872e+03 7.4040149119e+00
1.95800e+03 3.6801752290e+03 2.1853522127e+00
1.95900e+03 3.6824854953e+03 2.2817458883e+00
1.96000e+03 3.6850211929e+03 2.6663188529e+00
1.96100e+03 3.6874871176e+03 4.4926069890e+00
1.96200e+03 3.6899139399e+03 7.1217081784e+00
1.96300e+03 3.6924135345e+03 5.4466287281e+00
1.96400e+03 3.6948783948e+03 4.4172770320e+00
1.96500e+03 3.6973532660e+03 2.5481010520e+00
1.96600e+03 3.6998045346e+03 2.5699993614e+00
1.96700e+03 3.7023060792e+03 4.4148097577e+00
1.96800e+03 3.7047767707e+03 2.6159929230e+00
1.96900e+03 3.7072633654e+03 2.5791528332e+00
1.97000e+03 3.7097259375e+03 2.5878771430e+00
1.97100e+03 3.7122320266e+03 2.6179213609e+00
1.97200e+03 3.7146944984e+03 2.4261464726e+00
1.97300e+03 3.7171018236e+03 9.9970532775e+00
1.97400e+03 3.7194133711e+03 1.0052061891e+01
1.97500e+03 3.7216707081e+03 2.2001484833e+00
1.97600e+03 3.7239239819e+03 2.1396746715e+00
1.97700e+03 3.7261538253e+03 2.1100412872e+00
1.97800e+03 3.7283913018e+03 2.0921339678e+00
1.97900e+03 3.7306114551e+03 2.0803517859e+00
1.98000e+03 3.7328427895e+03 2.0721293331e+00
1.98100e+03 3.7350585121e+03 2.0656265018e+00
1.98200e+03 3.7372868642e+03 2.0605785251e+00
1.98300e+03 3.7396231885e+03 7.3672290316e+00
1.98400e+03 3.7419294800e+03 1.8221163543e+01
1.98500e+03 3.7441885387e+03 2.1018540507e+00
1.98600e+03 3.7464239250e+03 2.1067864121e+00
1.98700e+03 3.7486312585e+03 2.0529544742e+00
1.98800e+03 3.7512077501e+03 2.1725797233e-01
1.98900e+03 3.7537760816e+03 1.5477994329e+01
1.99000e+03 3.7561365458e+03 2.1759794637e+00
1.99100e+03 3.7585003042e+03 1.3312925849e+01
1.99200e+03 3.7608114938e+03 4.1555517450e+00
1.99300e+03 3.7630825182e+03 2.2374943883e+00
1.99400e+03 3.7653219067e+03 2.1141811106e+00
1.99500e+03 3.7675311526e+03 2.0502884654e+00
1.99600e+03 3.7697530345e+03 2.0307316189e+00
1.99700e+03 3.7720748124e+03 4.1094156249e+00
1.99800e+03 3.7743711610e+03 4.2686542437e+00
1.99900e+03 3.7766377309e+03 4.2091776456e+00
2.00000e+03 3.7791739839e+03 1.8040042759e+01
