remeshing time
0.00000e+00
1.00000e-01
2.00000e-01
3.00000e-01
6.00000e-01
9.00000e-01
1.00000e+00
1.10000e+00
1.20000e+00
1.30000e+00
1.50000e+00
1.70000e+00
1.90000e+00
2.00000e+00
2.10000e+00
2.20000e+00
2.40000e+00
2.60000e+00
2.90000e+00
3.00000e+00
3.10000e+00
3.20000e+00
3.30000e+00
3.50000e+00
3.70000e+00
3.90000e+00
4.00000e+00
4.10000e+00
4.20000e+00
4.40000e+00
4.60000e+00
4.90000e+00
5.00000e+00
5.10000e+00
5.20000e+00
5.30000e+00
5.50000e+00
5.70000e+00
5.90000e+00
6.00000e+00
6.10000e+00
6.20000e+00
6.40000e+00
6.60000e+00
6.90000e+00
7.00000e+00
7.10000e+00
7.20000e+00
7.30000e+00
7.50000e+00
7.70000e+00
7.90000e+00
8.00000e+00
8.10000e+00
8.40000e+00
8.50000e+00
8.80000e+00
9.00000e+00
9.10000e+00
9.40000e+00
9.60000e+00
9.80000e+00
1.00000e+01
1.02000e+01
1.05000e+01
1.08000e+01
1.14000e+01
1.17000e+01
1.19000e+01
1.20000e+01
1.22000e+01
1.25000e+01
1.28000e+01
1.34000e+01
1.37000e+01
1.39000e+01
1.40000e+01
1.41000e+01
1.42000e+01
1.44000e+01
1.45000e+01
1.48000e+01
1.50000e+01
1.51000e+01
1.52000e+01
1.54000e+01
1.57000e+01
1.60000e+01
1.61000e+01
1.64000e+01
1.65000e+01
1.68000e+01
1.70000e+01
1.71000e+01
1.74000e+01
1.76000e+01
1.78000e+01
1.80000e+01
1.81000e+01
1.83000e+01
1.85000e+01
1.88000e+01
1.90000e+01
1.91000e+01
1.92000e+01
1.94000e+01
1.97000e+01
2.00000e+01
2.01000e+01
2.04000e+01
2.05000e+01
2.08000e+01
2.10000e+01
2.11000e+01
2.12000e+01
2.14000e+01
2.17000e+01
2.20000e+01
2.21000e+01
2.24000e+01
2.25000e+01
2.28000e+01
2.30000e+01
2.31000e+01
2.32000e+01
2.34000e+01
2.37000e+01
2.40000e+01
2.41000e+01
2.42000e+01
2.44000e+01
2.46000e+01
2.49000e+01
2.50000e+01
2.51000e+01
2.52000e+01
2.53000e+01
2.55000e+01
2.57000e+01
2.59000e+01
2.60000e+01
2.61000e+01
2.64000e+01
2.65000e+01
2.68000e+01
2.70000e+01
2.71000e+01
2.72000e+01
2.74000e+01
2.77000e+01
2.80000e+01
2.81000e+01
2.82000e+01
2.84000e+01
2.86000e+01
2.89000e+01
2.90000e+01
2.91000e+01
2.92000e+01
2.93000e+01
2.95000e+01
2.97000e+01
2.99000e+01
3.00000e+01
3.01000e+01
3.02000e+01
3.04000e+01
3.06000e+01
3.09000e+01
3.10000e+01
3.11000e+01
3.12000e+01
3.13000e+01
3.15000e+01
3.17000e+01
3.19000e+01
3.20000e+01
3.21000e+01
3.22000e+01
3.24000e+01
3.26000e+01
3.29000e+01
3.30000e+01
3.31000e+01
3.32000e+01
3.34000e+01
3.36000e+01
3.37000e+01
3.38000e+01
3.40000e+01
3.42000e+01
3.43000e+01
3.46000e+01
3.49000e+01
3.50000e+01
3.51000e+01
3.52000e+01
3.53000e+01
3.55000e+01
3.57000e+01
3.59000e+01
3.60000e+01
3.62000e+01
3.64000e+01
3.66000e+01
3.69000e+01
3.70000e+01
3.71000e+01
3.72000e+01
3.74000e+01
3.76000e+01
3.77000e+01
3.78000e+01
3.80000e+01
3.81000e+01
3.82000e+01
3.83000e+01
3.86000e+01
3.89000e+01
3.90000e+01
3.91000e+01
3.92000e+01
3.93000e+01
3.95000e+01
3.97000e+01
3.99000e+01
4.00000e+01
4.01000e+01
4.04000e+01
4.05000e+01
4.08000e+01
4.10000e+01
4.11000e+01
4.12000e+01
4.14000e+01
4.17000e+01
4.20000e+01
4.21000e+01
4.24000e+01
4.25000e+01
4.28000e+01
4.30000e+01
4.31000e+01
4.32000e+01
4.34000e+01
4.37000e+01
4.40000e+01
4.41000e+01
4.44000e+01
4.45000e+01
4.48000e+01
4.50000e+01
4.51000e+01
4.52000e+01
4.54000e+01
4.57000e+01
4.60000e+01
4.61000e+01
4.64000e+01
4.65000e+01
4.68000e+01
4.70000e+01
4.71000e+01
4.72000e+01
4.74000e+01
4.77000e+01
4.80000e+01
4.81000e+01
4.84000e+01
4.85000e+01
4.88000e+01
4.90000e+01
4.91000e+01
4.95000e+01
4.97000e+01
4.99000e+01
5.00000e+01
5.02000e+01
5.05000e+01
5.08000e+01
5.14000e+01
5.17000e+01
5.19000e+01
5.20000e+01
5.22000e+01
5.25000e+01
5.28000e+01
5.34000e+01
5.37000e+01
5.39000e+01
5.40000e+01
5.42000e+01
5.44000e+01
5.45000e+01
5.48000e+01
5.50000e+01
5.51000e+01
5.54000e+01
5.56000e+01
5.58000e+01
5.60000e+01
5.62000e+01
5.65000e+01
5.68000e+01
5.74000e+01
5.77000e+01
5.79000e+01
5.80000e+01
5.82000e+01
5.85000e+01
5.88000e+01
5.94000e+01
5.97000e+01
5.99000e+01
6.00000e+01
6.02000e+01
6.05000e+01
6.08000e+01
6.11000e+01
6.12000e+01
6.13000e+01
6.15000e+01
6.17000e+01
6.20000e+01
6.21000e+01
6.22000e+01
6.24000e+01
6.25000e+01
6.28000e+01
6.29000e+01
6.30000e+01
6.31000e+01
6.32000e+01
6.33000e+01
6.35000e+01
6.37000e+01
6.40000e+01
6.41000e+01
6.45000e+01
6.48000e+01
6.49000e+01
6.50000e+01
6.52000e+01
6.54000e+01
6.56000e+01
6.58000e+01
6.59000e+01
6.61000e+01
6.63000e+01
6.66000e+01
6.69000e+01
6.70000e+01
6.71000e+01
6.72000e+01
6.73000e+01
6.75000e+01
6.77000e+01
6.80000e+01
6.81000e+01
6.82000e+01
6.84000e+01
6.86000e+01
6.88000e+01
6.89000e+01
6.90000e+01
6.91000e+01
6.92000e+01
6.93000e+01
6.95000e+01
6.97000e+01
7.00000e+01
7.01000e+01
7.04000e+01
7.05000e+01
7.08000e+01
7.09000e+01
7.10000e+01
7.11000e+01
7.13000e+01
7.14000e+01
7.17000e+01
7.19000e+01
7.21000e+01
7.22000e+01
7.24000e+01
7.26000e+01
7.29000e+01
7.30000e+01
7.31000e+01
7.32000e+01
7.34000e+01
7.37000e+01
7.39000e+01
7.40000e+01
7.41000e+01
7.43000e+01
7.46000e+01
7.49000e+01
7.50000e+01
7.51000e+01
7.52000e+01
7.54000e+01
7.57000e+01
7.59000e+01
7.60000e+01
7.61000e+01
7.63000e+01
7.66000e+01
7.69000e+01
7.70000e+01
7.71000e+01
7.72000e+01
7.73000e+01
7.75000e+01
7.77000e+01
7.80000e+01
7.81000e+01
7.82000e+01
7.84000e+01
7.86000e+01
7.89000e+01
7.90000e+01
7.91000e+01
7.92000e+01
7.94000e+01
7.97000e+01
7.99000e+01
8.00000e+01
8.01000e+01
8.02000e+01
8.05000e+01
8.08000e+01
8.14000e+01
8.17000e+01
8.19000e+01
8.20000e+01
8.21000e+01
8.22000e+01
8.25000e+01
8.28000e+01
8.31000e+01
8.32000e+01
8.33000e+01
8.35000e+01
8.37000e+01
8.40000e+01
8.41000e+01
8.42000e+01
8.44000e+01
8.46000e+01
8.48000e+01
8.49000e+01
8.50000e+01
8.51000e+01
8.52000e+01
8.53000e+01
8.55000e+01
8.57000e+01
8.60000e+01
8.61000e+01
8.62000e+01
8.64000e+01
8.66000e+01
8.68000e+01
8.69000e+01
8.70000e+01
8.71000e+01
8.72000e+01
8.74000e+01
8.77000e+01
8.79000e+01
8.80000e+01
8.81000e+01
8.82000e+01
8.83000e+01
8.84000e+01
8.86000e+01
8.88000e+01
8.94000e+01
8.96000e+01
8.98000e+01
8.99000e+01
9.03000e+01
9.04000e+01
9.06000e+01
9.08000e+01
9.14000e+01
9.16000e+01
9.18000e+01
9.19000e+01
9.21000e+01
9.22000e+01
9.25000e+01
9.28000e+01
9.31000e+01
9.32000e+01
9.33000e+01
9.35000e+01
9.37000e+01
9.40000e+01
9.41000e+01
9.44000e+01
9.45000e+01
9.48000e+01
9.49000e+01
9.50000e+01
9.51000e+01
9.52000e+01
9.54000e+01
9.56000e+01
9.58000e+01
9.59000e+01
9.60000e+01
9.61000e+01
9.62000e+01
9.63000e+01
9.64000e+01
9.66000e+01
9.68000e+01
9.74000e+01
9.76000e+01
9.78000e+01
9.79000e+01
9.80000e+01
9.81000e+01
9.83000e+01
9.86000e+01
9.89000e+01
9.90000e+01
9.91000e+01
9.92000e+01
9.94000e+01
9.97000e+01
9.98000e+01
1.00000e+02
1.00100e+02
1.00300e+02
1.00600e+02
1.00900e+02
1.01000e+02
1.01100e+02
1.01200e+02
1.01400e+02
1.01700e+02
1.01800e+02
1.02000e+02
1.02100e+02
1.02200e+02
1.02300e+02
1.02400e+02
1.02600e+02
1.02800e+02
1.03100e+02
1.03300e+02
1.03400e+02
1.03700e+02
1.03900e+02
1.04100e+02
1.04200e+02
1.04400e+02
1.04600e+02
1.04800e+02
1.04900e+02
1.05000e+02
1.05100e+02
1.05200e+02
1.05400e+02
1.05700e+02
1.05900e+02
1.06000e+02
1.06200e+02
1.06300e+02
1.06400e+02
1.06600e+02
1.06800e+02
1.07100e+02
1.07200e+02
1.07400e+02
1.07700e+02
1.08000e+02
1.08200e+02
1.08400e+02
1.08500e+02
1.08700e+02
1.08800e+02
1.08900e+02
1.09000e+02
1.09100e+02
1.09200e+02
1.09400e+02
1.09700e+02
1.09900e+02
1.10000e+02
1.10200e+02
1.10500e+02
1.10800e+02
1.11400e+02
1.11700e+02
1.11900e+02
1.12000e+02
1.12200e+02
1.12300e+02
1.12500e+02
1.12800e+02
1.13000e+02
1.13100e+02
1.13200e+02
1.13400e+02
1.13700e+02
1.14000e+02
1.14100e+02
1.14400e+02
1.14500e+02
1.14800e+02
1.15000e+02
1.15100e+02
1.15200e+02
1.15400e+02
1.15700e+02
1.16000e+02
1.16100e+02
1.16200e+02
1.16400e+02
1.16600e+02
1.16900e+02
1.17000e+02
1.17100e+02
1.17200e+02
1.17400e+02
1.17600e+02
1.17700e+02
1.17800e+02
1.18000e+02
1.18100e+02
1.18200e+02
1.18500e+02
1.18800e+02
1.19400e+02
1.19600e+02
1.19700e+02
1.19800e+02
1.20000e+02
1.20100e+02
1.20300e+02
1.20600e+02
1.20900e+02
1.21000e+02
1.21100e+02
1.21200e+02
1.21400e+02
1.21600e+02
1.21700e+02
1.21800e+02
1.22000e+02
1.22100e+02
1.22400e+02
1.22600e+02
1.22800e+02
1.23100e+02
1.23300e+02
1.23500e+02
1.23800e+02
1.24400e+02
1.24500e+02
1.24800e+02
1.25000e+02
1.25200e+02
1.25500e+02
1.25700e+02
1.25900e+02
1.26100e+02
1.26300e+02
1.26600e+02
1.26900e+02
1.27000e+02
1.27100e+02
1.27200e+02
1.27300e+02
1.27500e+02
1.27700e+02
1.27900e+02
1.28000e+02
1.28100e+02
1.28400e+02
1.28500e+02
1.28800e+02
1.29000e+02
1.29100e+02
1.29200e+02
1.29400e+02
1.29700e+02
1.30000e+02
1.30100e+02
1.30400e+02
1.30500e+02
1.30800e+02
1.31000e+02
1.31100e+02
1.31400e+02
1.31600e+02
1.31800e+02
1.32000e+02
1.32100e+02
1.32300e+02
1.32500e+02
1.32800e+02
1.33000e+02
1.33100e+02
1.33200e+02
1.33400e+02
1.33700e+02
1.34000e+02
1.34100e+02
1.34400e+02
1.34500e+02
1.34800e+02
1.35000e+02
1.35100e+02
1.35400e+02
1.35600e+02
1.35800e+02
1.36000e+02
1.36100e+02
1.36200e+02
1.36500e+02
1.36800e+02
1.37400e+02
1.37700e+02
1.37900e+02
1.38000e+02
1.38200e+02
1.38400e+02
1.38500e+02
1.38800e+02
1.39000e+02
1.39100e+02
1.39400e+02
1.39600e+02
1.39800e+02
1.40000e+02
1.40100e+02
1.40300e+02
1.40500e+02
1.40800e+02
1.41000e+02
1.41100e+02
1.41400e+02
1.41600e+02
1.41800e+02
1.42000e+02
1.42200e+02
1.42300e+02
1.42500e+02
1.42800e+02
1.43000e+02
1.43100e+02
1.43400e+02
1.43600e+02
1.43800e+02
1.44000e+02
1.44100e+02
1.44300e+02
1.44500e+02
1.44800e+02
1.45000e+02
1.45100e+02
1.45400e+02
1.45600e+02
1.45800e+02
1.46000e+02
1.46200e+02
1.46500e+02
1.46800e+02
1.47100e+02
1.47200e+02
1.47300e+02
1.47500e+02
1.47700e+02
1.48000e+02
1.48200e+02
1.48400e+02
1.48500e+02
1.48700e+02
1.48800e+02
1.48900e+02
1.49000e+02
1.49100e+02
1.49200e+02
1.49400e+02
1.49700e+02
1.49900e+02
1.50000e+02
1.50200e+02
1.50500e+02
1.50800e+02
1.51400e+02
1.51700e+02
1.51900e+02
1.52000e+02
1.52100e+02
1.52200e+02
1.52500e+02
1.52800e+02
1.53400e+02
1.53700e+02
1.53900e+02
1.54000e+02
1.54100e+02
1.54300e+02
1.54500e+02
1.54800e+02
1.55000e+02
1.55100e+02
1.55400e+02
1.55600e+02
1.55800e+02
1.56000e+02
1.56100e+02
1.56300e+02
1.56500e+02
1.56800e+02
1.57100e+02
1.57200e+02
1.57300e+02
1.57500e+02
1.57700e+02
1.58000e+02
1.58100e+02
1.58500e+02
1.58800e+02
1.58900e+02
1.59000e+02
1.59200e+02
1.59400e+02
1.59600e+02
1.59800e+02
1.59900e+02
1.60200e+02
1.60300e+02
1.60500e+02
1.60800e+02
1.61400e+02
1.61600e+02
1.61800e+02
1.61900e+02
1.62100e+02
1.62300e+02
1.62600e+02
1.62900e+02
1.63000e+02
1.63100e+02
1.63200e+02
1.63300e+02
1.63500e+02
1.63700e+02
1.64000e+02
1.64100e+02
1.64400e+02
1.64500e+02
1.64800e+02
1.64900e+02
1.65000e+02
1.65100e+02
1.65300e+02
1.65400e+02
1.65700e+02
1.65900e+02
1.66400e+02
1.66500e+02
1.66800e+02
1.66900e+02
1.67000e+02
1.67100e+02
1.67200e+02
1.67400e+02
1.67600e+02
1.67800e+02
1.67900e+02
1.68100e+02
1.68200e+02
1.68500e+02
1.68800e+02
1.69400e+02
1.69700e+02
1.69800e+02
1.70000e+02
1.70100e+02
1.70300e+02
1.70600e+02
1.70900e+02
1.71000e+02
1.71100e+02
1.71200e+02
1.71400e+02
1.71700e+02
1.71800e+02
1.72000e+02
1.72100e+02
1.72200e+02
1.72300e+02
1.72400e+02
1.72600e+02
1.72800e+02
1.73400e+02
1.73600e+02
1.73800e+02
1.73900e+02
1.74200e+02
1.74300e+02
1.74400e+02
1.74600e+02
1.74800e+02
1.75400e+02
1.75600e+02
1.75800e+02
1.75900e+02
1.76200e+02
1.76300e+02
1.76400e+02
1.76600e+02
1.76800e+02
1.77400e+02
1.77600e+02
1.77800e+02
1.77900e+02
1.78100e+02
1.78300e+02
1.78600e+02
1.78900e+02
1.79000e+02
1.79100e+02
1.79200e+02
1.79400e+02
1.79700e+02
1.79800e+02
1.80000e+02
1.80100e+02
1.80200e+02
1.80500e+02
1.80800e+02
1.81400e+02
1.81700e+02
1.81800e+02
1.82000e+02
1.82100e+02
1.82200e+02
1.82500e+02
1.82800e+02
1.83100e+02
1.83200e+02
1.83300e+02
1.83500e+02
1.83700e+02
1.83900e+02
1.84000e+02
1.84100e+02
1.84200e+02
1.84400e+02
1.84600e+02
1.84800e+02
1.84900e+02
1.85000e+02
1.85100e+02
1.85200e+02
1.85400e+02
1.85700e+02
1.85800e+02
1.86000e+02
1.86100e+02
1.86300e+02
1.86600e+02
1.86900e+02
1.87000e+02
1.87100e+02
1.87200e+02
1.87300e+02
1.87500e+02
1.87700e+02
1.87900e+02
1.88000e+02
1.88100e+02
1.88200e+02
1.88400e+02
1.88700e+02
1.88900e+02
1.89300e+02
1.89600e+02
1.89900e+02
1.90100e+02
1.90200e+02
1.90400e+02
1.90600e+02
1.90800e+02
1.90900e+02
1.91000e+02
1.91100e+02
1.91200e+02
1.91400e+02
1.91700e+02
1.91800e+02
1.92000e+02
1.92100e+02
1.92200e+02
1.92300e+02
1.92400e+02
1.92600e+02
1.92800e+02
1.93400e+02
1.93600e+02
1.93800e+02
1.93900e+02
1.94000e+02
1.94100e+02
1.94300e+02
1.94600e+02
1.94900e+02
1.95000e+02
1.95100e+02
1.95200e+02
1.95300e+02
1.95500e+02
1.95700e+02
1.95900e+02
1.96000e+02
1.96200e+02
1.96400e+02
1.96600e+02
1.96800e+02
1.96900e+02
1.97000e+02
1.97100e+02
1.97200e+02
1.97400e+02
1.97700e+02
1.97800e+02
1.98000e+02
1.98100e+02
1.98200e+02
1.98300e+02
1.98400e+02
1.98600e+02
1.98800e+02
1.99100e+02
1.99300e+02
1.99400e+02
1.99700e+02
1.99900e+02
2.00400e+02
2.00500e+02
2.00800e+02
2.00900e+02
2.01000e+02
2.01100e+02
2.01300e+02
2.01400e+02
2.01700e+02
2.01900e+02
2.02400e+02
2.02500e+02
2.02800e+02
2.02900e+02
2.03000e+02
2.03100e+02
2.03300e+02
2.03400e+02
2.03700e+02
2.03900e+02
2.04400e+02
2.04500e+02
2.04800e+02
2.04900e+02
2.05000e+02
2.05100e+02
2.05300e+02
2.05400e+02
2.05700e+02
2.05900e+02
2.06100e+02
2.06200e+02
2.06400e+02
2.06600e+02
2.06800e+02
2.06900e+02
2.07000e+02
2.07100e+02
2.07200e+02
2.07300e+02
2.07500e+02
2.07700e+02
2.08000e+02
2.08100e+02
2.08400e+02
2.08500e+02
2.08800e+02
2.08900e+02
2.09000e+02
2.09100e+02
2.09300e+02
2.09400e+02
2.09700e+02
2.09900e+02
2.10400e+02
2.10500e+02
2.10800e+02
2.10900e+02
2.11000e+02
2.11100e+02
2.11200e+02
2.11400e+02
2.11600e+02
2.11800e+02
2.11900e+02
2.12100e+02
2.12300e+02
2.12600e+02
2.12900e+02
2.13000e+02
2.13100e+02
2.13200e+02
2.13300e+02
2.13500e+02
2.13700e+02
2.13900e+02
2.14000e+02
2.14100e+02
2.14200e+02
2.14400e+02
2.14600e+02
2.14800e+02
2.14900e+02
2.15000e+02
2.15100e+02
2.15200e+02
2.15400e+02
2.15700e+02
2.15800e+02
2.16000e+02
2.16100e+02
2.16200e+02
2.16300e+02
2.16400e+02
2.16600e+02
2.16800e+02
2.17400e+02
2.17600e+02
2.17800e+02
2.17900e+02
2.18100e+02
2.18300e+02
2.18600e+02
2.18900e+02
2.19000e+02
2.19100e+02
2.19200e+02
2.19300e+02
2.19500e+02
2.19700e+02
2.19900e+02
2.20000e+02
2.20200e+02
2.20400e+02
2.20600e+02
2.20800e+02
2.20900e+02
2.21000e+02
2.21100e+02
2.21200e+02
2.21400e+02
2.21700e+02
2.21800e+02
2.22000e+02
2.22100e+02
2.22200e+02
2.22300e+02
2.22400e+02
2.22600e+02
2.22800e+02
2.23100e+02
2.23300e+02
2.23400e+02
2.23700e+02
2.23900e+02
2.24400e+02
2.24500e+02
2.24800e+02
2.24900e+02
2.25000e+02
2.25100e+02
2.25300e+02
2.25400e+02
2.25700e+02
2.25900e+02
2.26100e+02
2.26200e+02
2.26400e+02
2.26600e+02
2.26900e+02
2.27000e+02
2.27100e+02
2.27200e+02
2.27400e+02
2.27700e+02
2.27900e+02
2.28000e+02
2.28200e+02
2.28300e+02
2.28400e+02
2.28600e+02
2.28800e+02
2.29400e+02
2.29600e+02
2.29800e+02
2.29900e+02
2.30100e+02
2.30300e+02
2.30600e+02
2.30900e+02
2.31000e+02
2.31100e+02
2.31200e+02
2.31400e+02
2.31700e+02
2.31900e+02
2.32000e+02
2.32200e+02
2.32500e+02
2.32800e+02
2.33100e+02
2.33200e+02
2.33300e+02
2.33500e+02
2.33700e+02
2.34000e+02
2.34100e+02
2.34200e+02
2.34400e+02
2.34600e+02
2.34800e+02
2.34900e+02
2.35000e+02
2.35100e+02
2.35200e+02
2.35300e+02
2.35500e+02
2.35700e+02
2.36000e+02
2.36100e+02
2.36200e+02
2.36400e+02
2.36600e+02
2.36800e+02
2.36900e+02
2.37000e+02
2.37100e+02
2.37200e+02
2.37400e+02
2.37700e+02
2.37900e+02
2.38000e+02
2.38100e+02
2.38200e+02
2.38300e+02
2.38500e+02
2.38800e+02
2.39400e+02
2.39600e+02
2.39800e+02
2.39900e+02
2.40300e+02
2.40500e+02
2.40800e+02
2.41100e+02
2.41200e+02
2.41400e+02
2.41700e+02
2.42000e+02
2.42200e+02
2.42400e+02
2.42700e+02
2.42800e+02
2.42900e+02
2.43000e+02
2.43100e+02
2.43200e+02
2.43300e+02
2.43500e+02
2.43700e+02
2.44000e+02
2.44100e+02
2.44500e+02
2.44800e+02
2.44900e+02
2.45000e+02
2.45100e+02
2.45200e+02
2.45400e+02
2.45700e+02
2.46000e+02
2.46100e+02
2.46500e+02
2.46800e+02
2.46900e+02
2.47000e+02
2.47100e+02
2.47200e+02
2.47400e+02
2.47700e+02
2.48000e+02
2.48100e+02
2.48500e+02
2.48800e+02
2.48900e+02
2.49000e+02
2.49100e+02
2.49200e+02
2.49400e+02
2.49700e+02
2.50000e+02
2.50100e+02
2.50200e+02
2.50400e+02
2.50700e+02
2.50800e+02
2.50900e+02
2.51000e+02
2.51100e+02
2.51200e+02
2.51300e+02
2.51500e+02
2.51700e+02
2.52000e+02
2.52200e+02
2.52400e+02
2.52700e+02
2.52800e+02
2.52900e+02
2.53000e+02
2.53100e+02
2.53200e+02
2.53400e+02
2.53700e+02
2.53900e+02
2.54000e+02
2.54200e+02
2.54400e+02
2.54500e+02
2.54800e+02
2.55000e+02
2.55100e+02
2.55400e+02
2.55600e+02
2.55800e+02
2.56000e+02
2.56200e+02
2.56400e+02
2.56500e+02
2.56800e+02
2.57000e+02
2.57100e+02
2.57400e+02
2.57600e+02
2.57800e+02
2.58000e+02
2.58200e+02
2.58500e+02
2.58800e+02
2.59100e+02
2.59200e+02
2.59300e+02
2.59500e+02
2.59700e+02
2.60000e+02
2.60100e+02
2.60200e+02
2.60400e+02
2.60700e+02
2.60800e+02
2.60900e+02
2.61000e+02
2.61100e+02
2.61200e+02
2.61300e+02
2.61500e+02
2.61700e+02
2.62000e+02
2.62100e+02
2.62200e+02
2.62400e+02
2.62700e+02
2.62800e+02
2.62900e+02
2.63000e+02
2.63100e+02
2.63200e+02
2.63400e+02
2.63700e+02
2.63900e+02
2.64000e+02
2.64200e+02
2.64300e+02
2.64500e+02
2.64800e+02
2.65000e+02
2.65100e+02
2.65200e+02
2.65400e+02
2.65700e+02
2.66000e+02
2.66100e+02
2.66200e+02
2.66400e+02
2.66600e+02
2.66900e+02
2.67000e+02
2.67100e+02
2.67200e+02
2.67400e+02
2.67600e+02
2.67700e+02
2.67800e+02
2.68000e+02
2.68100e+02
2.68300e+02
2.68600e+02
2.68900e+02
2.69000e+02
2.69100e+02
2.69200e+02
2.69400e+02
2.69600e+02
2.69700e+02
2.69800e+02
2.70000e+02
2.70200e+02
2.70500e+02
2.70800e+02
2.71400e+02
2.71600e+02
2.71700e+02
2.71800e+02
2.72000e+02
2.72100e+02
2.72400e+02
2.72600e+02
2.72800e+02
2.73100e+02
2.73300e+02
2.73500e+02
2.73800e+02
2.74400e+02
2.74500e+02
2.74800e+02
2.75000e+02
2.75200e+02
2.75400e+02
2.75500e+02
2.75800e+02
2.76300e+02
2.76500e+02
2.76700e+02
2.76800e+02
2.76900e+02
2.77000e+02
2.77100e+02
2.77300e+02
2.77600e+02
2.77700e+02
2.77900e+02
2.78300e+02
2.78600e+02
2.78900e+02
2.79100e+02
2.79200e+02
2.79300e+02
2.79500e+02
2.79700e+02
2.80000e+02
2.80100e+02
2.80200e+02
2.80400e+02
2.80600e+02
2.80700e+02
2.80800e+02
2.80900e+02
2.81000e+02
2.81100e+02
2.81300e+02
2.81600e+02
2.81700e+02
2.81900e+02
2.82200e+02
2.82300e+02
2.82400e+02
2.82600e+02
2.82800e+02
2.83000e+02
2.83200e+02
2.83400e+02
2.83600e+02
2.83800e+02
2.84000e+02
2.84200e+02
2.84300e+02
2.84400e+02
2.84600e+02
2.84800e+02
2.85000e+02
2.85200e+02
2.85400e+02
2.85600e+02
2.85800e+02
2.86000e+02
2.86200e+02
2.86300e+02
2.86400e+02
2.86600e+02
2.86800e+02
2.87000e+02
2.87200e+02
2.87500e+02
2.87800e+02
2.88100e+02
2.88200e+02
2.88400e+02
2.88600e+02
2.88800e+02
2.88900e+02
2.89000e+02
2.89100e+02
2.89200e+02
2.89300e+02
2.89400e+02
2.89500e+02
2.89700e+02
2.90000e+02
2.90300e+02
2.90600e+02
2.90800e+02
2.90900e+02
2.91000e+02
2.91100e+02
2.91200e+02
2.91300e+02
2.91400e+02
2.91500e+02
2.91700e+02
2.92000e+02
2.92100e+02
2.92400e+02
2.92600e+02
2.92800e+02
2.93000e+02
2.93200e+02
2.93500e+02
2.93800e+02
2.94100e+02
2.94200e+02
2.94400e+02
2.94600e+02
2.94800e+02
2.94900e+02
2.95000e+02
2.95100e+02
2.95200e+02
2.95300e+02
2.95600e+02
2.95700e+02
2.95800e+02
2.95900e+02
2.96200e+02
2.96300e+02
2.96500e+02
2.96800e+02
2.97600e+02
2.97800e+02
2.97900e+02
2.98000e+02
2.98200e+02
2.98300e+02
2.98500e+02
2.98800e+02
2.99600e+02
2.99800e+02
2.99900e+02
3.00000e+02
3.00100e+02
3.00300e+02
3.00600e+02
3.00900e+02
3.01000e+02
3.01100e+02
3.01200e+02
3.01300e+02
3.01400e+02
3.01500e+02
3.01700e+02
3.02000e+02
3.02300e+02
3.02600e+02
3.02800e+02
3.02900e+02
3.03000e+02
3.03100e+02
3.03200e+02
3.03300e+02
3.03400e+02
3.03500e+02
3.03700e+02
3.04000e+02
3.04300e+02
3.04600e+02
3.04800e+02
3.04900e+02
3.05000e+02
3.05100e+02
3.05200e+02
3.05300e+02
3.05600e+02
3.05700e+02
3.05800e+02
3.05900e+02
3.06000e+02
3.06100e+02
3.06200e+02
3.06400e+02
3.06600e+02
3.06900e+02
3.07000e+02
3.07100e+02
3.07200e+02
3.07300e+02
3.07600e+02
3.07800e+02
3.07900e+02
3.08300e+02
3.08600e+02
3.08900e+02
3.09000e+02
3.09100e+02
3.09200e+02
3.09300e+02
3.09600e+02
3.09700e+02
3.09800e+02
3.09900e+02
3.10300e+02
3.10600e+02
3.10900e+02
3.11000e+02
3.11100e+02
3.11200e+02
3.11300e+02
3.11400e+02
3.11500e+02
3.11700e+02
3.12000e+02
3.12200e+02
3.12400e+02
3.12600e+02
3.12800e+02
3.12900e+02
3.13000e+02
3.13100e+02
3.13200e+02
3.13300e+02
3.13400e+02
3.13500e+02
3.13700e+02
3.14000e+02
3.14200e+02
3.14300e+02
3.14500e+02
3.14800e+02
3.15000e+02
3.15200e+02
3.15500e+02
3.15800e+02
3.16100e+02
3.16200e+02
3.16400e+02
3.16600e+02
3.16800e+02
3.16900e+02
3.17000e+02
3.17100e+02
3.17200e+02
3.17300e+02
3.17600e+02
3.17700e+02
3.17800e+02
3.17900e+02
3.18300e+02
3.18600e+02
3.18900e+02
3.19000e+02
3.19100e+02
3.19200e+02
3.19300e+02
3.19400e+02
3.19500e+02
3.19700e+02
3.20000e+02
3.20200e+02
3.20300e+02
3.20500e+02
3.20800e+02
3.21000e+02
3.21200e+02
3.21400e+02
3.21600e+02
3.21800e+02
3.22000e+02
3.22100e+02
3.22300e+02
3.22400e+02
3.22600e+02
3.22800e+02
3.23000e+02
3.23200e+02
3.23400e+02
3.23600e+02
3.23800e+02
3.24000e+02
3.24300e+02
3.24600e+02
3.24900e+02
3.25300e+02
3.25600e+02
3.25700e+02
3.25900e+02
3.26200e+02
3.26300e+02
3.26400e+02
3.26600e+02
3.26800e+02
3.27000e+02
3.27200e+02
3.27400e+02
3.27600e+02
3.27800e+02
3.28000e+02
3.28100e+02
3.28400e+02
3.28500e+02
3.28800e+02
3.29100e+02
3.29200e+02
3.29300e+02
3.29500e+02
3.29700e+02
3.30000e+02
3.30100e+02
3.30200e+02
3.30400e+02
3.30600e+02
3.30700e+02
3.30800e+02
3.30900e+02
3.31000e+02
3.31100e+02
3.31200e+02
3.31300e+02
3.31500e+02
3.31700e+02
3.32000e+02
3.32100e+02
3.32200e+02
3.32400e+02
3.32600e+02
3.32700e+02
3.32800e+02
3.32900e+02
3.33000e+02
3.33100e+02
3.33300e+02
3.33600e+02
3.33700e+02
3.33900e+02
3.34000e+02
3.34100e+02
3.34300e+02
3.34400e+02
3.34600e+02
3.34800e+02
3.35000e+02
3.35200e+02
3.35500e+02
3.35800e+02
3.36300e+02
3.36500e+02
3.36800e+02
3.37000e+02
3.37200e+02
3.37400e+02
3.37600e+02
3.37800e+02
3.38000e+02
3.38100e+02
3.38400e+02
3.38500e+02
3.38800e+02
3.39400e+02
3.39700e+02
3.39900e+02
3.40200e+02
3.40300e+02
3.40400e+02
3.40600e+02
3.40800e+02
3.41000e+02
3.41200e+02
3.41500e+02
3.41800e+02
3.42300e+02
3.42500e+02
3.42800e+02
3.43000e+02
3.43200e+02
3.43500e+02
3.43800e+02
3.44300e+02
3.44500e+02
3.44800e+02
3.45000e+02
3.45200e+02
3.45500e+02
3.45800e+02
3.46300e+02
3.46500e+02
3.46800e+02
3.47000e+02
3.47200e+02
3.47500e+02
3.47800e+02
3.48100e+02
3.48200e+02
3.48400e+02
3.48600e+02
3.48800e+02
3.48900e+02
3.49000e+02
3.49100e+02
3.49200e+02
3.49300e+02
3.49400e+02
3.49500e+02
3.49700e+02
3.50000e+02
3.50300e+02
3.50600e+02
3.50800e+02
3.50900e+02
3.51000e+02
3.51100e+02
3.51200e+02
3.51300e+02
3.51600e+02
3.51700e+02
3.51800e+02
3.51900e+02
3.52300e+02
3.52600e+02
3.52900e+02
3.53000e+02
3.53100e+02
3.53200e+02
3.53300e+02
3.53600e+02
3.53700e+02
3.53800e+02
3.53900e+02
3.54000e+02
3.54100e+02
3.54300e+02
3.54500e+02
3.54800e+02
3.55600e+02
3.55800e+02
3.55900e+02
3.56000e+02
3.56200e+02
3.56300e+02
3.56500e+02
3.56800e+02
3.57600e+02
3.57800e+02
3.57900e+02
3.58000e+02
3.58300e+02
3.58600e+02
3.58900e+02
3.59000e+02
3.59100e+02
3.59200e+02
3.59300e+02
3.59400e+02
3.59500e+02
3.59700e+02
3.60000e+02
3.60300e+02
3.60600e+02
3.60800e+02
3.60900e+02
3.61000e+02
3.61100e+02
3.61200e+02
3.61300e+02
3.61400e+02
3.61500e+02
3.61700e+02
3.62000e+02
3.62100e+02
3.62400e+02
3.62600e+02
3.62800e+02
3.63000e+02
3.63200e+02
3.63400e+02
3.63600e+02
3.63800e+02
3.64000e+02
3.64300e+02
3.64600e+02
3.64900e+02
3.65100e+02
3.65200e+02
3.65300e+02
3.65500e+02
3.65700e+02
3.66000e+02
3.66100e+02
3.66400e+02
3.66500e+02
3.66800e+02
3.67000e+02
3.67200e+02
3.67500e+02
3.67700e+02
3.67900e+02
3.68000e+02
3.68200e+02
3.68500e+02
3.68800e+02
3.69400e+02
3.69600e+02
3.69700e+02
3.69800e+02
3.70000e+02
3.70100e+02
3.70300e+02
3.70500e+02
3.70800e+02
3.71100e+02
3.71300e+02
3.71500e+02
3.71800e+02
3.72400e+02
3.72500e+02
3.72800e+02
3.73000e+02
3.73200e+02
3.73400e+02
3.73500e+02
3.73800e+02
3.74300e+02
3.74500e+02
3.74700e+02
3.74800e+02
3.74900e+02
3.75000e+02
3.75100e+02
3.75300e+02
3.75600e+02
3.75700e+02
3.75900e+02
3.76000e+02
3.76100e+02
3.76300e+02
3.76400e+02
3.76600e+02
3.76800e+02
3.77000e+02
3.77200e+02
3.77500e+02
3.77800e+02
3.78100e+02
3.78200e+02
3.78400e+02
3.78600e+02
3.78800e+02
3.78900e+02
3.79000e+02
3.79100e+02
3.79200e+02
3.79300e+02
3.79600e+02
3.79700e+02
3.79800e+02
3.79900e+02
3.80300e+02
3.80600e+02
3.80900e+02
3.81000e+02
3.81100e+02
3.81200e+02
3.81300e+02
3.81600e+02
3.81700e+02
3.81800e+02
3.81900e+02
3.82200e+02
3.82300e+02
3.82500e+02
3.82800e+02
3.83100e+02
3.83200e+02
3.83400e+02
3.83600e+02
3.83900e+02
3.84400e+02
3.84600e+02
3.84800e+02
3.85000e+02
3.85200e+02
3.85400e+02
3.85600e+02
3.85900e+02
3.86200e+02
3.86400e+02
3.86600e+02
3.86900e+02
3.87000e+02
3.87100e+02
3.87200e+02
3.87300e+02
3.87400e+02
3.87500e+02
3.87700e+02
3.88000e+02
3.88100e+02
3.88200e+02
3.88400e+02
3.88600e+02
3.88900e+02
3.89000e+02
3.89100e+02
3.89400e+02
3.89600e+02
3.89700e+02
3.89800e+02
3.89900e+02
3.90000e+02
3.90300e+02
3.90600e+02
3.90900e+02
3.91100e+02
3.91200e+02
3.91300e+02
3.91400e+02
3.91500e+02
3.91700e+02
3.92000e+02
3.92100e+02
3.92400e+02
3.92600e+02
3.92800e+02
3.93000e+02
3.93200e+02
3.93600e+02
3.93800e+02
3.93900e+02
3.94000e+02
3.94100e+02
3.94300e+02
3.94600e+02
3.94900e+02
3.95000e+02
3.95100e+02
3.95200e+02
3.95300e+02
3.95400e+02
3.95500e+02
3.95700e+02
3.96000e+02
3.96300e+02
3.96600e+02
3.96800e+02
3.96900e+02
3.97000e+02
3.97100e+02
3.97200e+02
3.97300e+02
3.97600e+02
3.97700e+02
3.97800e+02
3.97900e+02
3.98000e+02
3.98100e+02
3.98300e+02
3.98500e+02
3.98800e+02
3.99600e+02
3.99800e+02
3.99900e+02
4.00000e+02
4.00300e+02
4.00600e+02
4.00900e+02
4.01000e+02
4.01100e+02
4.01200e+02
4.01300e+02
4.01600e+02
4.01700e+02
4.01800e+02
4.01900e+02
4.02000e+02
4.02300e+02
4.02600e+02
4.02900e+02
4.03100e+02
4.03200e+02
4.03300e+02
4.03400e+02
4.03500e+02
4.03700e+02
4.04000e+02
4.04300e+02
4.04600e+02
4.04800e+02
4.04900e+02
4.05000e+02
4.05100e+02
4.05200e+02
4.05300e+02
4.05600e+02
4.05700e+02
4.05800e+02
4.05900e+02
4.06200e+02
4.06300e+02
4.06500e+02
4.06800e+02
4.07100e+02
4.07200e+02
4.07400e+02
4.07600e+02
4.07900e+02
4.08400e+02
4.08600e+02
4.08800e+02
4.09000e+02
4.09200e+02
4.09600e+02
4.09800e+02
4.09900e+02
4.10000e+02
4.10100e+02
4.10300e+02
4.10500e+02
4.10800e+02
4.11600e+02
4.11800e+02
4.11900e+02
4.12000e+02
4.12200e+02
4.12300e+02
4.12500e+02
4.12800e+02
4.13600e+02
4.13800e+02
4.13900e+02
4.14000e+02
4.14200e+02
4.14400e+02
4.14600e+02
4.14900e+02
4.15000e+02
4.15100e+02
4.15200e+02
4.15300e+02
4.15600e+02
4.15700e+02
4.15800e+02
4.16000e+02
4.16100e+02
4.16300e+02
4.16500e+02
4.16800e+02
4.17600e+02
4.17800e+02
4.17900e+02
4.18000e+02
4.18100e+02
4.18300e+02
4.18500e+02
4.18800e+02
4.19600e+02
4.19800e+02
4.19900e+02
4.20000e+02
4.20200e+02
4.20300e+02
4.20500e+02
4.20800e+02
4.21100e+02
4.21200e+02
4.21400e+02
4.21600e+02
4.21900e+02
4.22400e+02
4.22600e+02
4.22800e+02
4.23000e+02
4.23200e+02
4.23400e+02
4.23600e+02
4.23900e+02
4.24400e+02
4.24600e+02
4.24800e+02
4.25000e+02
4.25200e+02
4.25600e+02
4.25800e+02
4.25900e+02
4.26000e+02
4.26200e+02
4.26300e+02
4.26500e+02
4.26800e+02
4.27600e+02
4.27800e+02
4.28000e+02
4.28100e+02
4.28300e+02
4.28600e+02
4.28900e+02
4.29200e+02
4.29300e+02
4.29600e+02
4.29700e+02
4.29800e+02
4.30000e+02
4.30100e+02
4.30300e+02
4.30500e+02
4.30800e+02
4.31600e+02
4.31800e+02
4.32000e+02
4.32100e+02
4.32300e+02
4.32600e+02
4.32900e+02
4.33000e+02
4.33100e+02
4.33200e+02
4.33300e+02
4.33600e+02
4.33700e+02
4.33800e+02
4.34000e+02
4.34300e+02
4.34600e+02
4.34900e+02
4.35000e+02
4.35100e+02
4.35200e+02
4.35300e+02
4.35600e+02
4.35700e+02
4.35800e+02
4.36000e+02
4.36100e+02
4.36300e+02
4.36500e+02
4.36800e+02
4.37100e+02
4.37200e+02
4.37400e+02
4.37600e+02
4.37900e+02
4.38400e+02
4.38600e+02
4.38800e+02
4.39000e+02
4.39200e+02
4.39600e+02
4.39800e+02
4.40000e+02
4.40200e+02
4.40300e+02
4.40500e+02
4.40800e+02
4.41600e+02
4.41800e+02
4.42000e+02
4.42300e+02
4.42600e+02
4.42900e+02
4.43000e+02
4.43100e+02
4.43200e+02
4.43300e+02
4.43400e+02
4.43500e+02
4.43700e+02
4.44000e+02
4.44200e+02
4.44400e+02
4.44600e+02
4.44800e+02
4.44900e+02
4.45000e+02
4.45100e+02
4.45200e+02
4.45300e+02
4.45400e+02
4.45500e+02
4.45700e+02
4.46000e+02
4.46300e+02
4.46600e+02
4.46800e+02
4.46900e+02
4.47000e+02
4.47100e+02
4.47200e+02
4.47300e+02
4.47400e+02
4.47500e+02
4.47700e+02
4.48000e+02
4.48300e+02
4.48600e+02
4.48800e+02
4.48900e+02
4.49000e+02
4.49100e+02
4.49200e+02
4.49300e+02
4.49600e+02
4.49700e+02
4.49800e+02
4.50000e+02
4.50300e+02
4.50600e+02
4.50900e+02
4.51000e+02
4.51100e+02
4.51200e+02
4.51300e+02
4.51600e+02
4.51700e+02
4.51800e+02
4.52000e+02
4.52100e+02
4.52300e+02
4.52500e+02
4.52800e+02
4.53100e+02
4.53200e+02
4.53400e+02
4.53600e+02
4.53900e+02
4.54400e+02
4.54600e+02
4.54800e+02
4.55000e+02
4.55200e+02
4.55600e+02
4.55800e+02
4.56000e+02
4.56200e+02
4.56300e+02
4.56500e+02
4.56800e+02
4.57100e+02
4.57200e+02
4.57400e+02
4.57600e+02
4.57900e+02
4.58400e+02
4.58600e+02
4.58800e+02
4.59000e+02
4.59200e+02
4.59400e+02
4.59600e+02
4.59900e+02
4.60400e+02
4.60600e+02
4.60800e+02
4.61000e+02
4.61200e+02
4.61400e+02
4.61600e+02
4.61900e+02
4.62400e+02
4.62600e+02
4.62800e+02
4.63000e+02
4.63200e+02
4.63400e+02
4.63600e+02
4.63900e+02
4.64400e+02
4.64600e+02
4.64800e+02
4.65000e+02
4.65200e+02
4.65600e+02
4.65800e+02
4.66000e+02
4.66100e+02
4.66300e+02
4.66600e+02
4.66900e+02
4.67000e+02
4.67100e+02
4.67200e+02
4.67300e+02
4.67600e+02
4.67700e+02
4.67800e+02
4.68000e+02
4.68200e+02
4.68300e+02
4.68500e+02
4.68800e+02
4.69100e+02
4.69200e+02
4.69400e+02
4.69600e+02
4.69900e+02
4.70200e+02
4.70400e+02
4.70600e+02
4.70900e+02
4.71000e+02
4.71100e+02
4.71400e+02
4.71600e+02
4.71700e+02
4.71800e+02
4.71900e+02
4.72000e+02
4.72100e+02
4.72200e+02
4.72500e+02
4.72800e+02
4.73100e+02
4.73200e+02
4.73300e+02
4.73400e+02
4.73500e+02
4.73700e+02
4.74000e+02
4.74100e+02
4.74200e+02
4.74400e+02
4.74600e+02
4.74900e+02
4.75000e+02
4.75100e+02
4.75200e+02
4.75300e+02
4.75400e+02
4.75500e+02
4.75700e+02
4.76000e+02
4.76100e+02
4.76200e+02
4.76400e+02
4.76600e+02
4.76900e+02
4.77000e+02
4.77100e+02
4.77200e+02
4.77300e+02
4.77400e+02
4.77500e+02
4.77700e+02
4.78000e+02
4.78100e+02
4.78400e+02
4.78600e+02
4.78800e+02
4.79000e+02
4.79200e+02
4.79400e+02
4.79600e+02
4.79900e+02
4.80200e+02
4.80400e+02
4.80600e+02
4.80900e+02
4.81000e+02
4.81100e+02
4.81200e+02
4.81300e+02
4.81400e+02
4.81500e+02
4.81700e+02
4.82000e+02
4.82100e+02
4.82200e+02
4.82400e+02
4.82600e+02
4.82900e+02
4.83000e+02
4.83100e+02
4.83400e+02
4.83600e+02
4.83700e+02
4.83800e+02
4.83900e+02
4.84000e+02
4.84300e+02
4.84600e+02
4.84900e+02
4.85100e+02
4.85200e+02
4.85300e+02
4.85400e+02
4.85500e+02
4.85700e+02
4.86000e+02
4.86100e+02
4.86200e+02
4.86400e+02
4.86600e+02
4.86900e+02
4.87000e+02
4.87100e+02
4.87400e+02
4.87600e+02
4.87700e+02
4.87800e+02
4.87900e+02
4.88000e+02
4.88200e+02
4.88300e+02
4.88400e+02
4.88500e+02
4.88600e+02
4.88800e+02
4.89600e+02
4.89800e+02
4.90000e+02
4.90200e+02
4.90500e+02
4.90800e+02
4.91500e+02
4.91600e+02
4.91700e+02
4.91800e+02
4.91900e+02
4.92000e+02
4.92200e+02
4.92300e+02
4.92400e+02
4.92500e+02
4.92600e+02
4.92800e+02
4.93600e+02
4.93800e+02
4.94000e+02
4.94100e+02
4.94400e+02
4.94500e+02
4.94600e+02
4.94800e+02
4.95100e+02
4.95300e+02
4.95600e+02
4.95800e+02
4.96300e+02
4.96400e+02
4.96700e+02
4.96800e+02
4.97000e+02
4.97200e+02
4.97600e+02
4.97800e+02
4.98000e+02
4.98200e+02
4.98400e+02
4.98500e+02
4.98600e+02
4.98800e+02
4.99100e+02
4.99300e+02
4.99600e+02
4.99800e+02
5.00100e+02
5.00200e+02
5.00300e+02
5.00600e+02
5.00900e+02
5.01000e+02
5.01100e+02
5.01400e+02
5.01700e+02
5.01800e+02
5.02000e+02
5.02100e+02
5.02300e+02
5.02500e+02
5.02700e+02
5.02900e+02
5.03300e+02
5.03700e+02
5.03900e+02
5.04000e+02
5.04200e+02
5.04500e+02
5.04700e+02
5.05100e+02
5.05200e+02
5.05300e+02
5.05400e+02
5.05500e+02
5.05700e+02
5.06000e+02
5.06100e+02
5.06400e+02
5.06700e+02
5.06800e+02
5.07000e+02
5.07200e+02
5.07600e+02
5.07800e+02
5.08000e+02
5.08200e+02
5.08300e+02
5.08400e+02
5.08500e+02
5.08600e+02
5.08800e+02
5.09600e+02
5.09800e+02
5.10000e+02
5.10300e+02
5.10600e+02
5.10900e+02
5.11400e+02
5.11600e+02
5.11700e+02
5.11800e+02
5.11900e+02
5.12000e+02
5.12300e+02
5.12600e+02
5.12900e+02
5.13400e+02
5.13600e+02
5.13700e+02
5.13800e+02
5.13900e+02
5.14000e+02
5.14200e+02
5.14500e+02
5.14800e+02
5.15100e+02
5.15200e+02
5.15300e+02
5.15400e+02
5.15500e+02
5.15700e+02
5.16000e+02
5.16100e+02
5.16400e+02
5.16600e+02
5.16800e+02
5.17000e+02
5.17200e+02
5.17600e+02
5.17800e+02
5.18000e+02
5.18100e+02
5.18300e+02
5.18500e+02
5.18800e+02
5.19600e+02
5.19800e+02
5.20000e+02
5.20300e+02
5.20600e+02
5.20900e+02
5.21000e+02
5.21100e+02
5.21200e+02
5.21300e+02
5.21400e+02
5.21500e+02
5.21700e+02
5.22000e+02
5.22300e+02
5.22600e+02
5.22800e+02
5.22900e+02
5.23000e+02
5.23100e+02
5.23200e+02
5.23300e+02
5.23600e+02
5.23700e+02
5.23800e+02
5.24000e+02
5.24100e+02
5.24200e+02
5.24400e+02
5.24600e+02
5.24900e+02
5.25000e+02
5.25100e+02
5.25200e+02
5.25300e+02
5.25600e+02
5.25700e+02
5.25800e+02
5.26000e+02
5.26100e+02
5.26300e+02
5.26500e+02
5.26800e+02
5.27100e+02
5.27200e+02
5.27400e+02
5.27600e+02
5.27900e+02
5.28400e+02
5.28600e+02
5.28800e+02
5.29000e+02
5.29200e+02
5.29600e+02
5.29800e+02
5.30000e+02
5.30100e+02
5.30400e+02
5.30600e+02
5.30900e+02
5.31000e+02
5.31100e+02
5.31200e+02
5.31300e+02
5.31600e+02
5.31700e+02
5.31800e+02
5.32000e+02
5.32200e+02
5.32300e+02
5.32500e+02
5.32800e+02
5.33100e+02
5.33200e+02
5.33400e+02
5.33600e+02
5.33900e+02
5.34200e+02
5.34400e+02
5.34600e+02
5.34900e+02
5.35000e+02
5.35100e+02
5.35200e+02
5.35300e+02
5.35400e+02
5.35500e+02
5.35700e+02
5.36000e+02
5.36100e+02
5.36200e+02
5.36400e+02
5.36600e+02
5.36900e+02
5.37000e+02
5.37100e+02
5.37400e+02
5.37600e+02
5.37700e+02
5.37800e+02
5.37900e+02
5.38000e+02
5.38200e+02
5.38300e+02
5.38400e+02
5.38500e+02
5.38600e+02
5.38800e+02
5.39600e+02
5.39800e+02
5.40000e+02
5.40100e+02
5.40200e+02
5.40500e+02
5.40800e+02
5.41500e+02
5.41700e+02
5.41800e+02
5.41900e+02
5.42000e+02
5.42300e+02
5.42600e+02
5.42900e+02
5.43400e+02
5.43600e+02
5.43700e+02
5.43800e+02
5.43900e+02
5.44000e+02
5.44200e+02
5.44500e+02
5.44800e+02
5.45500e+02
5.45700e+02
5.45800e+02
5.45900e+02
5.46000e+02
5.46300e+02
5.46600e+02
5.46900e+02
5.47400e+02
5.47600e+02
5.47700e+02
5.47800e+02
5.47900e+02
5.48000e+02
5.48200e+02
5.48300e+02
5.48400e+02
5.48500e+02
5.48600e+02
5.48800e+02
5.49100e+02
5.49300e+02
5.49600e+02
5.49800e+02
5.50100e+02
5.50200e+02
5.50300e+02
5.50600e+02
5.50900e+02
5.51000e+02
5.51100e+02
5.51400e+02
5.51700e+02
5.51800e+02
5.52000e+02
5.52100e+02
5.52300e+02
5.52500e+02
5.52700e+02
5.52800e+02
5.53600e+02
5.53800e+02
5.54000e+02
5.54200e+02
5.54500e+02
5.54700e+02
5.54800e+02
5.55100e+02
5.55200e+02
5.55400e+02
5.55600e+02
5.55800e+02
5.56300e+02
5.56500e+02
5.56600e+02
5.56800e+02
5.57000e+02
5.57400e+02
5.57700e+02
5.57900e+02
5.58000e+02
5.58200e+02
5.58500e+02
5.58700e+02
5.58800e+02
5.59600e+02
5.59800e+02
5.60000e+02
5.60200e+02
5.60500e+02
5.60700e+02
5.61600e+02
5.61700e+02
5.61800e+02
5.62000e+02
5.62100e+02
5.62300e+02
5.62500e+02
5.62700e+02
5.62800e+02
5.63100e+02
5.63200e+02
5.63400e+02
5.63600e+02
5.63800e+02
5.64300e+02
5.64500e+02
5.64600e+02
5.64800e+02
5.65000e+02
5.65200e+02
5.65400e+02
5.65600e+02
5.65800e+02
5.66100e+02
5.66200e+02
5.66400e+02
5.66500e+02
5.66700e+02
5.66800e+02
5.66900e+02
5.67000e+02
5.67100e+02
5.67200e+02
5.67300e+02
5.67500e+02
5.67700e+02
5.68000e+02
5.68100e+02
5.68400e+02
5.68700e+02
5.68800e+02
5.69000e+02
5.69400e+02
5.69700e+02
5.69900e+02
5.70000e+02
5.70200e+02
5.70500e+02
5.70700e+02
5.71600e+02
5.71700e+02
5.71800e+02
5.72000e+02
5.72200e+02
5.72500e+02
5.72700e+02
5.73600e+02
5.73700e+02
5.73800e+02
5.74000e+02
5.74200e+02
5.74500e+02
5.74700e+02
5.74800e+02
5.75100e+02
5.75200e+02
5.75400e+02
5.75600e+02
5.75800e+02
5.76100e+02
5.76200e+02
5.76400e+02
5.76500e+02
5.76700e+02
5.76800e+02
5.76900e+02
5.77000e+02
5.77100e+02
5.77200e+02
5.77300e+02
5.77500e+02
5.77700e+02
5.78000e+02
5.78100e+02
5.78400e+02
5.78700e+02
5.78800e+02
5.79000e+02
5.79200e+02
5.79400e+02
5.79600e+02
5.79800e+02
5.80100e+02
5.80200e+02
5.80400e+02
5.80500e+02
5.80700e+02
5.80800e+02
5.80900e+02
5.81000e+02
5.81100e+02
5.81400e+02
5.81700e+02
5.81900e+02
5.82000e+02
5.82200e+02
5.82400e+02
5.82600e+02
5.82800e+02
5.83400e+02
5.83700e+02
5.83900e+02
5.84000e+02
5.84100e+02
5.84300e+02
5.84500e+02
5.84800e+02
5.85100e+02
5.85300e+02
5.85600e+02
5.85800e+02
5.86100e+02
5.86200e+02
5.86400e+02
5.86500e+02
5.86800e+02
5.86900e+02
5.87000e+02
5.87100e+02
5.87400e+02
5.87600e+02
5.87700e+02
5.87800e+02
5.88000e+02
5.88100e+02
5.88300e+02
5.88500e+02
5.88600e+02
5.88700e+02
5.89200e+02
5.89500e+02
5.89800e+02
5.90000e+02
5.90100e+02
5.90300e+02
5.90500e+02
5.90600e+02
5.90700e+02
5.90800e+02
5.91000e+02
5.91400e+02
5.91600e+02
5.91800e+02
5.92000e+02
5.92100e+02
5.92200e+02
5.92400e+02
5.92600e+02
5.92800e+02
5.93100e+02
5.93200e+02
5.93300e+02
5.93500e+02
5.93700e+02
5.93900e+02
5.94000e+02
5.94100e+02
5.94200e+02
5.94400e+02
5.94500e+02
5.94800e+02
5.94900e+02
5.95000e+02
5.95100e+02
5.95400e+02
5.95600e+02
5.95700e+02
5.95800e+02
5.96000e+02
5.96100e+02
5.96300e+02
5.96500e+02
5.96600e+02
5.96700e+02
5.97200e+02
5.97500e+02
5.97800e+02
5.98000e+02
5.98100e+02
5.98300e+02
5.98500e+02
5.98600e+02
5.98700e+02
5.98800e+02
5.99000e+02
5.99400e+02
5.99600e+02
5.99800e+02
6.00000e+02
6.00100e+02
6.00300e+02
6.00600e+02
6.00800e+02
6.01500e+02
6.01700e+02
6.01800e+02
6.02000e+02
6.02100e+02
6.02300e+02
6.02500e+02
6.02600e+02
6.02700e+02
6.03400e+02
6.03600e+02
6.03800e+02
6.04000e+02
6.04100e+02
6.04300e+02
6.04500e+02
6.04600e+02
6.04700e+02
6.05100e+02
6.05300e+02
6.05500e+02
6.05800e+02
6.06000e+02
6.06200e+02
6.06400e+02
6.06600e+02
6.06700e+02
6.06800e+02
6.06900e+02
6.07000e+02
6.07100e+02
6.07200e+02
6.07300e+02
6.07500e+02
6.07700e+02
6.08000e+02
6.08100e+02
6.08300e+02
6.08500e+02
6.08600e+02
6.08700e+02
6.08800e+02
6.09000e+02
6.09200e+02
6.09500e+02
6.09800e+02
6.10000e+02
6.10100e+02
6.10300e+02
6.10500e+02
6.10600e+02
6.10700e+02
6.10800e+02
6.11000e+02
6.11200e+02
6.11500e+02
6.11800e+02
6.12000e+02
6.12100e+02
6.12300e+02
6.12500e+02
6.12600e+02
6.12700e+02
6.12800e+02
6.13000e+02
6.13200e+02
6.13500e+02
6.13800e+02
6.14000e+02
6.14200e+02
6.14400e+02
6.14600e+02
6.14800e+02
6.14900e+02
6.15000e+02
6.15100e+02
6.15400e+02
6.15700e+02
6.15800e+02
6.16000e+02
6.16200e+02
6.16400e+02
6.16500e+02
6.16800e+02
6.17400e+02
6.17500e+02
6.17800e+02
6.18000e+02
6.18100e+02
6.18300e+02
6.18500e+02
6.18800e+02
6.19400e+02
6.19500e+02
6.19800e+02
6.20000e+02
6.20200e+02
6.20400e+02
6.20500e+02
6.20800e+02
6.21400e+02
6.21500e+02
6.21800e+02
6.22000e+02
6.22200e+02
6.22400e+02
6.22500e+02
6.22800e+02
6.23100e+02
6.23300e+02
6.23500e+02
6.23800e+02
6.24000e+02
6.24100e+02
6.24200e+02
6.24400e+02
6.24600e+02
6.24900e+02
6.25000e+02
6.25100e+02
6.25200e+02
6.25300e+02
6.25500e+02
6.25800e+02
6.25900e+02
6.26000e+02
6.26100e+02
6.26300e+02
6.26500e+02
6.26700e+02
6.26800e+02
6.26900e+02
6.27300e+02
6.27500e+02
6.27800e+02
6.28000e+02
6.28200e+02
6.28400e+02
6.28500e+02
6.28800e+02
6.29400e+02
6.29500e+02
6.29800e+02
6.30000e+02
6.30200e+02
6.30400e+02
6.30500e+02
6.30800e+02
6.31100e+02
6.31300e+02
6.31500e+02
6.31800e+02
6.32000e+02
6.32100e+02
6.32200e+02
6.32400e+02
6.32600e+02
6.32900e+02
6.33000e+02
6.33100e+02
6.33400e+02
6.33700e+02
6.33800e+02
6.33900e+02
6.34300e+02
6.34500e+02
6.34700e+02
6.35000e+02
6.35100e+02
6.35200e+02
6.35300e+02
6.35500e+02
6.35800e+02
6.35900e+02
6.36000e+02
6.36100e+02
6.36200e+02
6.36400e+02
6.36600e+02
6.36900e+02
6.37000e+02
6.37100e+02
6.37200e+02
6.37300e+02
6.37500e+02
6.37800e+02
6.37900e+02
6.38000e+02
6.38100e+02
6.38200e+02
6.38400e+02
6.38600e+02
6.38900e+02
6.39000e+02
6.39100e+02
6.39400e+02
6.39700e+02
6.39800e+02
6.39900e+02
6.40000e+02
6.40200e+02
6.40400e+02
6.40500e+02
6.40700e+02
6.41000e+02
6.41100e+02
6.41400e+02
6.41700e+02
6.41800e+02
6.41900e+02
6.42000e+02
6.42200e+02
6.42400e+02
6.42500e+02
6.42700e+02
6.43000e+02
6.43100e+02
6.43200e+02
6.43300e+02
6.43500e+02
6.43800e+02
6.43900e+02
6.44000e+02
6.44100e+02
6.44300e+02
6.44500e+02
6.44700e+02
6.44800e+02
6.44900e+02
6.45300e+02
6.45500e+02
6.45800e+02
6.46000e+02
6.46100e+02
6.46300e+02
6.46500e+02
6.46700e+02
6.46800e+02
6.46900e+02
6.47300e+02
6.47500e+02
6.47800e+02
6.48000e+02
6.48100e+02
6.48300e+02
6.48500e+02
6.48700e+02
6.48800e+02
6.48900e+02
6.49300e+02
6.49500e+02
6.49800e+02
6.50000e+02
6.50200e+02
6.50400e+02
6.50500e+02
6.50800e+02
6.51400e+02
6.51500e+02
6.51800e+02
6.52000e+02
6.52100e+02
6.52300e+02
6.52600e+02
6.52900e+02
6.53000e+02
6.53100e+02
6.53400e+02
6.53700e+02
6.53800e+02
6.54000e+02
6.54100e+02
6.54300e+02
6.54600e+02
6.54900e+02
6.55000e+02
6.55100e+02
6.55400e+02
6.55700e+02
6.55800e+02
6.56000e+02
6.56300e+02
6.56600e+02
6.56900e+02
6.57000e+02
6.57100e+02
6.57400e+02
6.57700e+02
6.57800e+02
6.58000e+02
6.58300e+02
6.58600e+02
6.58900e+02
6.59000e+02
6.59100e+02
6.59200e+02
6.59300e+02
6.59500e+02
6.59700e+02
6.60000e+02
6.60100e+02
6.60200e+02
6.60400e+02
6.60600e+02
6.60700e+02
6.60800e+02
6.60900e+02
6.61000e+02
6.61100e+02
6.61200e+02
6.61300e+02
6.61500e+02
6.61700e+02
6.62000e+02
6.62200e+02
6.62400e+02
6.62600e+02
6.62700e+02
6.62800e+02
6.62900e+02
6.63000e+02
6.63100e+02
6.63200e+02
6.63300e+02
6.63500e+02
6.63700e+02
6.64000e+02
6.64100e+02
6.64300e+02
6.64500e+02
6.64600e+02
6.64700e+02
6.64800e+02
6.65000e+02
6.65200e+02
6.65500e+02
6.65800e+02
6.66000e+02
6.66100e+02
6.66300e+02
6.66500e+02
6.66600e+02
6.66700e+02
6.66800e+02
6.67000e+02
6.67400e+02
6.67600e+02
6.67800e+02
6.68000e+02
6.68100e+02
6.68200e+02
6.68400e+02
6.68600e+02
6.68800e+02
6.69500e+02
6.69700e+02
6.69800e+02
6.70000e+02
6.70100e+02
6.70200e+02
6.70400e+02
6.70600e+02
6.70700e+02
6.71400e+02
6.71600e+02
6.71800e+02
6.72000e+02
6.72100e+02
6.72300e+02
6.72600e+02
6.72800e+02
6.73500e+02
6.73700e+02
6.73800e+02
6.74000e+02
6.74100e+02
6.74300e+02
6.74600e+02
6.74800e+02
6.75100e+02
6.75200e+02
6.75300e+02
6.75500e+02
6.75700e+02
6.75900e+02
6.76000e+02
6.76100e+02
6.76400e+02
6.76600e+02
6.76800e+02
6.76900e+02
6.77000e+02
6.77200e+02
6.77400e+02
6.77600e+02
6.77800e+02
6.78400e+02
6.78600e+02
6.78800e+02
6.78900e+02
6.79000e+02
6.79200e+02
6.79400e+02
6.79600e+02
6.79800e+02
6.80100e+02
6.80200e+02
6.80400e+02
6.80500e+02
6.80800e+02
6.80900e+02
6.81000e+02
6.81100e+02
6.81400e+02
6.81600e+02
6.81700e+02
6.81800e+02
6.82000e+02
6.82100e+02
6.82300e+02
6.82500e+02
6.82600e+02
6.82700e+02
6.83400e+02
6.83600e+02
6.83800e+02
6.84000e+02
6.84100e+02
6.84200e+02
6.84400e+02
6.84600e+02
6.84800e+02
6.85100e+02
6.85200e+02
6.85300e+02
6.85500e+02
6.85700e+02
6.85900e+02
6.86000e+02
6.86100e+02
6.86400e+02
6.86600e+02
6.86800e+02
6.86900e+02
6.87000e+02
6.87200e+02
6.87400e+02
6.87600e+02
6.87800e+02
6.88400e+02
6.88600e+02
6.88800e+02
6.88900e+02
6.89000e+02
6.89200e+02
6.89400e+02
6.89600e+02
6.89800e+02
6.90400e+02
6.90600e+02
6.90800e+02
6.90900e+02
6.91000e+02
6.91200e+02
6.91400e+02
6.91600e+02
6.91800e+02
6.92100e+02
6.92200e+02
6.92400e+02
6.92500e+02
6.92800e+02
6.92900e+02
6.93000e+02
6.93100e+02
6.93400e+02
6.93600e+02
6.93700e+02
6.93800e+02
6.94000e+02
6.94100e+02
6.94300e+02
6.94600e+02
6.94800e+02
6.95500e+02
6.95700e+02
6.95800e+02
6.96000e+02
6.96100e+02
6.96200e+02
6.96400e+02
6.96600e+02
6.96700e+02
6.97400e+02
6.97600e+02
6.97800e+02
6.98000e+02
6.98100e+02
6.98300e+02
6.98600e+02
6.98800e+02
6.99500e+02
6.99700e+02
6.99800e+02
7.00000e+02
7.00100e+02
7.00200e+02
7.00400e+02
7.00600e+02
7.00700e+02
7.01100e+02
7.01300e+02
7.01500e+02
7.01800e+02
7.02000e+02
7.02200e+02
7.02400e+02
7.02600e+02
7.02700e+02
7.02800e+02
7.02900e+02
7.03000e+02
7.03100e+02
7.03200e+02
7.03300e+02
7.03500e+02
7.03700e+02
7.04000e+02
7.04100e+02
7.04200e+02
7.04400e+02
7.04600e+02
7.04700e+02
7.04800e+02
7.04900e+02
7.05000e+02
7.05100e+02
7.05400e+02
7.05700e+02
7.05800e+02
7.06000e+02
7.06300e+02
7.06600e+02
7.06900e+02
7.07000e+02
7.07100e+02
7.07400e+02
7.07700e+02
7.07800e+02
7.08000e+02
7.08100e+02
7.08300e+02
7.08500e+02
7.08800e+02
7.09400e+02
7.09500e+02
7.09800e+02
7.10000e+02
7.10200e+02
7.10400e+02
7.10500e+02
7.10800e+02
7.11100e+02
7.11300e+02
7.11500e+02
7.11800e+02
7.12000e+02
7.12100e+02
7.12300e+02
7.12500e+02
7.12700e+02
7.12800e+02
7.12900e+02
7.13300e+02
7.13500e+02
7.13800e+02
7.14000e+02
7.14100e+02
7.14300e+02
7.14500e+02
7.14700e+02
7.14800e+02
7.14900e+02
7.15300e+02
7.15500e+02
7.15800e+02
7.16000e+02
7.16100e+02
7.16300e+02
7.16500e+02
7.16800e+02
7.17400e+02
7.17500e+02
7.17800e+02
7.18000e+02
7.18100e+02
7.18200e+02
7.18500e+02
7.18800e+02
7.19100e+02
7.19200e+02
7.19300e+02
7.19500e+02
7.19700e+02
7.20000e+02
7.20100e+02
7.20200e+02
7.20400e+02
7.20600e+02
7.20700e+02
7.20800e+02
7.20900e+02
7.21000e+02
7.21100e+02
7.21400e+02
7.21700e+02
7.21800e+02
7.22000e+02
7.22100e+02
7.22300e+02
7.22500e+02
7.22800e+02
7.23400e+02
7.23500e+02
7.23800e+02
7.24000e+02
7.24100e+02
7.24200e+02
7.24500e+02
7.24800e+02
7.25500e+02
7.25700e+02
7.25800e+02
7.26000e+02
7.26200e+02
7.26400e+02
7.26500e+02
7.26800e+02
7.27100e+02
7.27300e+02
7.27500e+02
7.27800e+02
7.28000e+02
7.28200e+02
7.28400e+02
7.28600e+02
7.28900e+02
7.29000e+02
7.29100e+02
7.29200e+02
7.29300e+02
7.29500e+02
7.29800e+02
7.29900e+02
7.30000e+02
7.30200e+02
7.30400e+02
7.30600e+02
7.30900e+02
7.31000e+02
7.31100e+02
7.31200e+02
7.31300e+02
7.31500e+02
7.31800e+02
7.31900e+02
7.32000e+02
7.32100e+02
7.32300e+02
7.32500e+02
7.32700e+02
7.32800e+02
7.32900e+02
7.33300e+02
7.33500e+02
7.33800e+02
7.34000e+02
7.34100e+02
7.34300e+02
7.34500e+02
7.34700e+02
7.34800e+02
7.34900e+02
7.35300e+02
7.35500e+02
7.35800e+02
7.36000e+02
7.36200e+02
7.36400e+02
7.36500e+02
7.36800e+02
7.37100e+02
7.37300e+02
7.37500e+02
7.37800e+02
7.38000e+02
7.38100e+02
7.38200e+02
7.38400e+02
7.38600e+02
7.38900e+02
7.39000e+02
7.39100e+02
7.39200e+02
7.39300e+02
7.39500e+02
7.39800e+02
7.39900e+02
7.40000e+02
7.40100e+02
7.40300e+02
7.40500e+02
7.40700e+02
7.40800e+02
7.40900e+02
7.41300e+02
7.41500e+02
7.41800e+02
7.42000e+02
7.42100e+02
7.42300e+02
7.42500e+02
7.42800e+02
7.43400e+02
7.43500e+02
7.43800e+02
7.44000e+02
7.44200e+02
7.44400e+02
7.44500e+02
7.44800e+02
7.45400e+02
7.45500e+02
7.45800e+02
7.46000e+02
7.46100e+02
7.46300e+02
7.46500e+02
7.46800e+02
7.47100e+02
7.47300e+02
7.47500e+02
7.47800e+02
7.48000e+02
7.48100e+02
7.48300e+02
7.48500e+02
7.48700e+02
7.48800e+02
7.48900e+02
7.49300e+02
7.49500e+02
7.49800e+02
7.50000e+02
7.50100e+02
7.50200e+02
7.50400e+02
7.50600e+02
7.50800e+02
7.50900e+02
7.51000e+02
7.51100e+02
7.51200e+02
7.51300e+02
7.51500e+02
7.51800e+02
7.51900e+02
7.52000e+02
7.52100e+02
7.52300e+02
7.52500e+02
7.52700e+02
7.52800e+02
7.52900e+02
7.53300e+02
7.53500e+02
7.53800e+02
7.54000e+02
7.54100e+02
7.54300e+02
7.54600e+02
7.54900e+02
7.55000e+02
7.55100e+02
7.55200e+02
7.55300e+02
7.55500e+02
7.55700e+02
7.56000e+02
7.56100e+02
7.56300e+02
7.56500e+02
7.56600e+02
7.56700e+02
7.56800e+02
7.57000e+02
7.57400e+02
7.57600e+02
7.57800e+02
7.58000e+02
7.58100e+02
7.58300e+02
7.58500e+02
7.58600e+02
7.58700e+02
7.59100e+02
7.59300e+02
7.59500e+02
7.59800e+02
7.60000e+02
7.60100e+02
7.60200e+02
7.60400e+02
7.60600e+02
7.60700e+02
7.60800e+02
7.60900e+02
7.61000e+02
7.61100e+02
7.61400e+02
7.61700e+02
7.61800e+02
7.62000e+02
7.62100e+02
7.62300e+02
7.62600e+02
7.62900e+02
7.63000e+02
7.63100e+02
7.63400e+02
7.63700e+02
7.63800e+02
7.64000e+02
7.64100e+02
7.64200e+02
7.64500e+02
7.64800e+02
7.65100e+02
7.65200e+02
7.65300e+02
7.65500e+02
7.65700e+02
7.66000e+02
7.66100e+02
7.66200e+02
7.66400e+02
7.66600e+02
7.66700e+02
7.66800e+02
7.66900e+02
7.67000e+02
7.67100e+02
7.67200e+02
7.67300e+02
7.67500e+02
7.67700e+02
7.68000e+02
7.68100e+02
7.68200e+02
7.68400e+02
7.68600e+02
7.68700e+02
7.68800e+02
7.68900e+02
7.69000e+02
7.69100e+02
7.69200e+02
7.69300e+02
7.69500e+02
7.69700e+02
7.70000e+02
7.70100e+02
7.70200e+02
7.70400e+02
7.70600e+02
7.70700e+02
7.70800e+02
7.70900e+02
7.71000e+02
7.71100e+02
7.71400e+02
7.71700e+02
7.71800e+02
7.72000e+02
7.72100e+02
7.72300e+02
7.72500e+02
7.72800e+02
7.73100e+02
7.73300e+02
7.73500e+02
7.73800e+02
7.74000e+02
7.74100e+02
7.74300e+02
7.74500e+02
7.74700e+02
7.74800e+02
7.74900e+02
7.75300e+02
7.75500e+02
7.75800e+02
7.76000e+02
7.76100e+02
7.76300e+02
7.76500e+02
7.76800e+02
7.77100e+02
7.77300e+02
7.77500e+02
7.77800e+02
7.78000e+02
7.78100e+02
7.78300e+02
7.78500e+02
7.78700e+02
7.78800e+02
7.78900e+02
7.79300e+02
7.79500e+02
7.79800e+02
7.80000e+02
7.80300e+02
7.80600e+02
7.80900e+02
7.81000e+02
7.81100e+02
7.81200e+02
7.81300e+02
7.81500e+02
7.81700e+02
7.82000e+02
7.82100e+02
7.82300e+02
7.82500e+02
7.82600e+02
7.82700e+02
7.82800e+02
7.83000e+02
7.83200e+02
7.83500e+02
7.83800e+02
7.84000e+02
7.84100e+02
7.84300e+02
7.84500e+02
7.84600e+02
7.84700e+02
7.84800e+02
7.85000e+02
7.85400e+02
7.85600e+02
7.85800e+02
7.86000e+02
7.86100e+02
7.86200e+02
7.86400e+02
7.86600e+02
7.86700e+02
7.87400e+02
7.87600e+02
7.87800e+02
7.88000e+02
7.88100e+02
7.88300e+02
7.88500e+02
7.88600e+02
7.88700e+02
7.89100e+02
7.89300e+02
7.89500e+02
7.89800e+02
7.90000e+02
7.90100e+02
7.90300e+02
7.90500e+02
7.90600e+02
7.90700e+02
7.90800e+02
7.91000e+02
7.91400e+02
7.91600e+02
7.91800e+02
7.92000e+02
7.92100e+02
7.92200e+02
7.92400e+02
7.92600e+02
7.92700e+02
7.93100e+02
7.93300e+02
7.93500e+02
7.93800e+02
7.94000e+02
7.94100e+02
7.94200e+02
7.94400e+02
7.94600e+02
7.94700e+02
7.94800e+02
7.94900e+02
7.95000e+02
7.95100e+02
7.95400e+02
7.95700e+02
7.95800e+02
7.96000e+02
7.96200e+02
7.96400e+02
7.96500e+02
7.96800e+02
7.97400e+02
7.97500e+02
7.97800e+02
7.98000e+02
7.98100e+02
7.98200e+02
7.98500e+02
7.98800e+02
7.99500e+02
7.99700e+02
7.99800e+02
8.00000e+02
8.00300e+02
8.00600e+02
8.00900e+02
8.01000e+02
8.01100e+02
8.01200e+02
8.01300e+02
8.01500e+02
8.01700e+02
8.02000e+02
8.02100e+02
8.02200e+02
8.02400e+02
8.02600e+02
8.02700e+02
8.02800e+02
8.02900e+02
8.03000e+02
8.03100e+02
8.03400e+02
8.03700e+02
8.03800e+02
8.04000e+02
8.04100e+02
8.04300e+02
8.04500e+02
8.04800e+02
8.05400e+02
8.05500e+02
8.05800e+02
8.06000e+02
8.06300e+02
8.06600e+02
8.06900e+02
8.07000e+02
8.07100e+02
8.07400e+02
8.07700e+02
8.07800e+02
8.08000e+02
8.08100e+02
8.08200e+02
8.08500e+02
8.08800e+02
8.09500e+02
8.09700e+02
8.09800e+02
8.10000e+02
8.10100e+02
8.10200e+02
8.10500e+02
8.10800e+02
8.11500e+02
8.11700e+02
8.11800e+02
8.12000e+02
8.12200e+02
8.12400e+02
8.12500e+02
8.12800e+02
8.13100e+02
8.13300e+02
8.13500e+02
8.13800e+02
8.14000e+02
8.14100e+02
8.14300e+02
8.14500e+02
8.14700e+02
8.14800e+02
8.14900e+02
8.15300e+02
8.15500e+02
8.15800e+02
8.16000e+02
8.16100e+02
8.16300e+02
8.16500e+02
8.16700e+02
8.16800e+02
8.16900e+02
8.17300e+02
8.17500e+02
8.17800e+02
8.18000e+02
8.18100e+02
8.18300e+02
8.18500e+02
8.18700e+02
8.18800e+02
8.18900e+02
8.19300e+02
8.19500e+02
8.19800e+02
8.20000e+02
8.20100e+02
8.20300e+02
8.20500e+02
8.20700e+02
8.20800e+02
8.20900e+02
8.21300e+02
8.21500e+02
8.21800e+02
8.22000e+02
8.22100e+02
8.22300e+02
8.22500e+02
8.22700e+02
8.22800e+02
8.22900e+02
8.23300e+02
8.23500e+02
8.23800e+02
8.24000e+02
8.24100e+02
8.24200e+02
8.24400e+02
8.24600e+02
8.24800e+02
8.24900e+02
8.25000e+02
8.25100e+02
8.25200e+02
8.25300e+02
8.25500e+02
8.25800e+02
8.25900e+02
8.26000e+02
8.26100e+02
8.26300e+02
8.26500e+02
8.26700e+02
8.26800e+02
8.26900e+02
8.27300e+02
8.27500e+02
8.27800e+02
8.28000e+02
8.28100e+02
8.28200e+02
8.28400e+02
8.28600e+02
8.28800e+02
8.28900e+02
8.29000e+02
8.29100e+02
8.29200e+02
8.29300e+02
8.29500e+02
8.29800e+02
8.29900e+02
8.30000e+02
8.30100e+02
8.30200e+02
8.30400e+02
8.30600e+02
8.30800e+02
8.30900e+02
8.31000e+02
8.31100e+02
8.31200e+02
8.31300e+02
8.31500e+02
8.31800e+02
8.31900e+02
8.32000e+02
8.32200e+02
8.32400e+02
8.32600e+02
8.32800e+02
8.32900e+02
8.33000e+02
8.33100e+02
8.33400e+02
8.33700e+02
8.33800e+02
8.33900e+02
8.34200e+02
8.34500e+02
8.34800e+02
8.35400e+02
8.35700e+02
8.35900e+02
8.36000e+02
8.36200e+02
8.36400e+02
8.36500e+02
8.36700e+02
8.37000e+02
8.37100e+02
8.37400e+02
8.37700e+02
8.37800e+02
8.37900e+02
8.38000e+02
8.38100e+02
8.38300e+02
8.38500e+02
8.38800e+02
8.39400e+02
8.39700e+02
8.39900e+02
8.40000e+02
8.40200e+02
8.40400e+02
8.40500e+02
8.40700e+02
8.41000e+02
8.41100e+02
8.41400e+02
8.41700e+02
8.41800e+02
8.41900e+02
8.42000e+02
8.42100e+02
8.42200e+02
8.42500e+02
8.42800e+02
8.43100e+02
8.43300e+02
8.43400e+02
8.43600e+02
8.43800e+02
8.44400e+02
8.44700e+02
8.44900e+02
8.45300e+02
8.45700e+02
8.45900e+02
8.46000e+02
8.46100e+02
8.46200e+02
8.46400e+02
8.46500e+02
8.46700e+02
8.47000e+02
8.47100e+02
8.47200e+02
8.47300e+02
8.47500e+02
8.47800e+02
8.47900e+02
8.48000e+02
8.48100e+02
8.48300e+02
8.48500e+02
8.48700e+02
8.48800e+02
8.48900e+02
8.49300e+02
8.49500e+02
8.49800e+02
8.50000e+02
8.50100e+02
8.50300e+02
8.50500e+02
8.50800e+02
8.51400e+02
8.51500e+02
8.51800e+02
8.52000e+02
8.52300e+02
8.52600e+02
8.52900e+02
8.53000e+02
8.53100e+02
8.53400e+02
8.53700e+02
8.53800e+02
8.54000e+02
8.54300e+02
8.54600e+02
8.54900e+02
8.55000e+02
8.55100e+02
8.55400e+02
8.55700e+02
8.55800e+02
8.56000e+02
8.56200e+02
8.56400e+02
8.56500e+02
8.56800e+02
8.57400e+02
8.57500e+02
8.57800e+02
8.58000e+02
8.58200e+02
8.58400e+02
8.58500e+02
8.58800e+02
8.59100e+02
8.59300e+02
8.59500e+02
8.59800e+02
8.60000e+02
8.60100e+02
8.60200e+02
8.60400e+02
8.60600e+02
8.60800e+02
8.60900e+02
8.61000e+02
8.61100e+02
8.61200e+02
8.61300e+02
8.61500e+02
8.61800e+02
8.61900e+02
8.62000e+02
8.62100e+02
8.62300e+02
8.62500e+02
8.62700e+02
8.62800e+02
8.62900e+02
8.63300e+02
8.63500e+02
8.63800e+02
8.64000e+02
8.64100e+02
8.64200e+02
8.64400e+02
8.64600e+02
8.64800e+02
8.64900e+02
8.65000e+02
8.65100e+02
8.65400e+02
8.65700e+02
8.65800e+02
8.65900e+02
8.66000e+02
8.66100e+02
8.66200e+02
8.66400e+02
8.66500e+02
8.66700e+02
8.67000e+02
8.67100e+02
8.67200e+02
8.67300e+02
8.67500e+02
8.67800e+02
8.67900e+02
8.68000e+02
8.68100e+02
8.68200e+02
8.68400e+02
8.68600e+02
8.68800e+02
8.68900e+02
8.69000e+02
8.69100e+02
8.69400e+02
8.69700e+02
8.69800e+02
8.69900e+02
8.70200e+02
8.70500e+02
8.70800e+02
8.71400e+02
8.71700e+02
8.71900e+02
8.72000e+02
8.72200e+02
8.72500e+02
8.72800e+02
8.73100e+02
8.73300e+02
8.73400e+02
8.73600e+02
8.73800e+02
8.74400e+02
8.74700e+02
8.74900e+02
8.75300e+02
8.75500e+02
8.75700e+02
8.75900e+02
8.76000e+02
8.76100e+02
8.76300e+02
8.76500e+02
8.76800e+02
8.77100e+02
8.77300e+02
8.77400e+02
8.77600e+02
8.77800e+02
8.78100e+02
8.78200e+02
8.78400e+02
8.78600e+02
8.78800e+02
8.78900e+02
8.79000e+02
8.79100e+02
8.79400e+02
8.79600e+02
8.79800e+02
8.80000e+02
8.80200e+02
8.80500e+02
8.80700e+02
8.81000e+02
8.81100e+02
8.81200e+02
8.81300e+02
8.81400e+02
8.81700e+02
8.81900e+02
8.82000e+02
8.82100e+02
8.82300e+02
8.82500e+02
8.82800e+02
8.83000e+02
8.83100e+02
8.83500e+02
8.83700e+02
8.83900e+02
8.84000e+02
8.84100e+02
8.84300e+02
8.84500e+02
8.84800e+02
8.85400e+02
8.85700e+02
8.85900e+02
8.86000e+02
8.86100e+02
8.86300e+02
8.86500e+02
8.86800e+02
8.87400e+02
8.87700e+02
8.87900e+02
8.88000e+02
8.88200e+02
8.88400e+02
8.88500e+02
8.88700e+02
8.89000e+02
8.89100e+02
8.89200e+02
8.89300e+02
8.89500e+02
8.89800e+02
8.89900e+02
8.90000e+02
8.90100e+02
8.90300e+02
8.90500e+02
8.90700e+02
8.90800e+02
8.90900e+02
8.91300e+02
8.91500e+02
8.91800e+02
8.92000e+02
8.92200e+02
8.92400e+02
8.92600e+02
8.92800e+02
8.92900e+02
8.93000e+02
8.93100e+02
8.93400e+02
8.93700e+02
8.93800e+02
8.93900e+02
8.94200e+02
8.94500e+02
8.94800e+02
8.95400e+02
8.95700e+02
8.95900e+02
8.96000e+02
8.96200e+02
8.96500e+02
8.96800e+02
8.97100e+02
8.97300e+02
8.97400e+02
8.97600e+02
8.97800e+02
8.98400e+02
8.98700e+02
8.98900e+02
8.99300e+02
8.99500e+02
8.99700e+02
8.99900e+02
9.00000e+02
9.00100e+02
9.00300e+02
9.00500e+02
9.00700e+02
9.01000e+02
9.01100e+02
9.01400e+02
9.01700e+02
9.01800e+02
9.01900e+02
9.02300e+02
9.02500e+02
9.02700e+02
9.03000e+02
9.03100e+02
9.03400e+02
9.03700e+02
9.03800e+02
9.03900e+02
9.04200e+02
9.04500e+02
9.04800e+02
9.05400e+02
9.05700e+02
9.05900e+02
9.06000e+02
9.06100e+02
9.06300e+02
9.06500e+02
9.06800e+02
9.07400e+02
9.07700e+02
9.07900e+02
9.08000e+02
9.08200e+02
9.08400e+02
9.08500e+02
9.08700e+02
9.09000e+02
9.09100e+02
9.09400e+02
9.09700e+02
9.09800e+02
9.09900e+02
9.10000e+02
9.10200e+02
9.10400e+02
9.10500e+02
9.10700e+02
9.11000e+02
9.11100e+02
9.11200e+02
9.11300e+02
9.11500e+02
9.11800e+02
9.11900e+02
9.12000e+02
9.12100e+02
9.12200e+02
9.12400e+02
9.12600e+02
9.12800e+02
9.12900e+02
9.13000e+02
9.13100e+02
9.13200e+02
9.13300e+02
9.13500e+02
9.13800e+02
9.13900e+02
9.14000e+02
9.14200e+02
9.14400e+02
9.14600e+02
9.14800e+02
9.14900e+02
9.15000e+02
9.15100e+02
9.15200e+02
9.15300e+02
9.15500e+02
9.15800e+02
9.15900e+02
9.16000e+02
9.16100e+02
9.16200e+02
9.16400e+02
9.16600e+02
9.16800e+02
9.16900e+02
9.17000e+02
9.17100e+02
9.17400e+02
9.17700e+02
9.17800e+02
9.17900e+02
9.18000e+02
9.18100e+02
9.18200e+02
9.18500e+02
9.18800e+02
9.19400e+02
9.19700e+02
9.19900e+02
9.20000e+02
9.20200e+02
9.20400e+02
9.20500e+02
9.20700e+02
9.21000e+02
9.21100e+02
9.21200e+02
9.21300e+02
9.21500e+02
9.21800e+02
9.21900e+02
9.22000e+02
9.22200e+02
9.22300e+02
9.22500e+02
9.22700e+02
9.22800e+02
9.22900e+02
9.23300e+02
9.23500e+02
9.23800e+02
9.24000e+02
9.24100e+02
9.24200e+02
9.24400e+02
9.24500e+02
9.24800e+02
9.25500e+02
9.25700e+02
9.25800e+02
9.26000e+02
9.26100e+02
9.26300e+02
9.26500e+02
9.26800e+02
9.27100e+02
9.27300e+02
9.27500e+02
9.27800e+02
9.28000e+02
9.28100e+02
9.28200e+02
9.28400e+02
9.28600e+02
9.28800e+02
9.28900e+02
9.29000e+02
9.29100e+02
9.29200e+02
9.29300e+02
9.29500e+02
9.29800e+02
9.29900e+02
9.30000e+02
9.30100e+02
9.30200e+02
9.30400e+02
9.30600e+02
9.30800e+02
9.30900e+02
9.31000e+02
9.31100e+02
9.31400e+02
9.31700e+02
9.31800e+02
9.31900e+02
9.32200e+02
9.32500e+02
9.32800e+02
9.33400e+02
9.33700e+02
9.33900e+02
9.34000e+02
9.34100e+02
9.34300e+02
9.34500e+02
9.34800e+02
9.35100e+02
9.35300e+02
9.35400e+02
9.35600e+02
9.35800e+02
9.36400e+02
9.36700e+02
9.36900e+02
9.37300e+02
9.37500e+02
9.37700e+02
9.37900e+02
9.38000e+02
9.38200e+02
9.38400e+02
9.38500e+02
9.38700e+02
9.39000e+02
9.39100e+02
9.39400e+02
9.39700e+02
9.39800e+02
9.39900e+02
9.40200e+02
9.40500e+02
9.40800e+02
9.41100e+02
9.41300e+02
9.41400e+02
9.41600e+02
9.41800e+02
9.42400e+02
9.42700e+02
9.42900e+02
9.43300e+02
9.43500e+02
9.43700e+02
9.43900e+02
9.44000e+02
9.44100e+02
9.44200e+02
9.44500e+02
9.44800e+02
9.45100e+02
9.45300e+02
9.45400e+02
9.45600e+02
9.45800e+02
9.46400e+02
9.46700e+02
9.46900e+02
9.47300e+02
9.47400e+02
9.47600e+02
9.47800e+02
9.48100e+02
9.48200e+02
9.48400e+02
9.48600e+02
9.48800e+02
9.48900e+02
9.49000e+02
9.49100e+02
9.49200e+02
9.49300e+02
9.49500e+02
9.49700e+02
9.49900e+02
9.50000e+02
9.50100e+02
9.50200e+02
9.50400e+02
9.50600e+02
9.50800e+02
9.50900e+02
9.51000e+02
9.51100e+02
9.51200e+02
9.51300e+02
9.51500e+02
9.51700e+02
9.51900e+02
9.52000e+02
9.52100e+02
9.52300e+02
9.52500e+02
9.52800e+02
9.53000e+02
9.53100e+02
9.53500e+02
9.53700e+02
9.53900e+02
9.54000e+02
9.54100e+02
9.54300e+02
9.54500e+02
9.54700e+02
9.55000e+02
9.55100e+02
9.55200e+02
9.55300e+02
9.55500e+02
9.55800e+02
9.55900e+02
9.56000e+02
9.56100e+02
9.56200e+02
9.56400e+02
9.56600e+02
9.56800e+02
9.56900e+02
9.57000e+02
9.57100e+02
9.57400e+02
9.57700e+02
9.57800e+02
9.57900e+02
9.58200e+02
9.58500e+02
9.58800e+02
9.59100e+02
9.59300e+02
9.59400e+02
9.59600e+02
9.59800e+02
9.60400e+02
9.60700e+02
9.60900e+02
9.61300e+02
9.61400e+02
9.61600e+02
9.61800e+02
9.62100e+02
9.62200e+02
9.62400e+02
9.62600e+02
9.62800e+02
9.62900e+02
9.63000e+02
9.63100e+02
9.63400e+02
9.63600e+02
9.63800e+02
9.64000e+02
9.64200e+02
9.64500e+02
9.64700e+02
9.65000e+02
9.65100e+02
9.65400e+02
9.65600e+02
9.65800e+02
9.66000e+02
9.66100e+02
9.66300e+02
9.66500e+02
9.66700e+02
9.67000e+02
9.67100e+02
9.67300e+02
9.67600e+02
9.67700e+02
9.68000e+02
9.68100e+02
9.68200e+02
9.68400e+02
9.68700e+02
9.68800e+02
9.68900e+02
9.69000e+02
9.69100e+02
9.69500e+02
9.69700e+02
9.69800e+02
9.70000e+02
9.70100e+02
9.70300e+02
9.70500e+02
9.70700e+02
9.71000e+02
9.71100e+02
9.71300e+02
9.71500e+02
9.71800e+02
9.72000e+02
9.72100e+02
9.72300e+02
9.72500e+02
9.72600e+02
9.72800e+02
9.72900e+02
9.73300e+02
9.73500e+02
9.73800e+02
9.74000e+02
9.74200e+02
9.74400e+02
9.74700e+02
9.74800e+02
9.74900e+02
9.75300e+02
9.75400e+02
9.75700e+02
9.75900e+02
9.76000e+02
9.76100e+02
9.76300e+02
9.76600e+02
9.76700e+02
9.77000e+02
9.77100e+02
9.77200e+02
9.77300e+02
9.77500e+02
9.77700e+02
9.77900e+02
9.78000e+02
9.78100e+02
9.78200e+02
9.78400e+02
9.78700e+02
9.78800e+02
9.78900e+02
9.79000e+02
9.79100e+02
9.79200e+02
9.79300e+02
9.79500e+02
9.79700e+02
9.79900e+02
9.80000e+02
9.80100e+02
9.80200e+02
9.80400e+02
9.80700e+02
9.80800e+02
9.80900e+02
9.81000e+02
9.81100e+02
9.81500e+02
9.81700e+02
9.81800e+02
9.82000e+02
9.82100e+02
9.82300e+02
9.82600e+02
9.82700e+02
9.83000e+02
9.83100e+02
9.83500e+02
9.83700e+02
9.83800e+02
9.84000e+02
9.84200e+02
9.84500e+02
9.84800e+02
9.85100e+02
9.85200e+02
9.85300e+02
9.85500e+02
9.85700e+02
9.85900e+02
9.86000e+02
9.86200e+02
9.86400e+02
9.86700e+02
9.86800e+02
9.86900e+02
9.87000e+02
9.87100e+02
9.87200e+02
9.87300e+02
9.87500e+02
9.87700e+02
9.87900e+02
9.88000e+02
9.88200e+02
9.88400e+02
9.88700e+02
9.88800e+02
9.88900e+02
9.89000e+02
9.89100e+02
9.89500e+02
9.89700e+02
9.89800e+02
9.90000e+02
9.90100e+02
9.90400e+02
9.90500e+02
9.90700e+02
9.91000e+02
9.91100e+02
9.91300e+02
9.91500e+02
9.91800e+02
9.92000e+02
9.92100e+02
9.92200e+02
9.92300e+02
9.92500e+02
9.92800e+02
9.92900e+02
9.93000e+02
9.93100e+02
9.93200e+02
9.93400e+02
9.93600e+02
9.93700e+02
9.93800e+02
9.93900e+02
9.94000e+02
9.94100e+02
9.94400e+02
9.94500e+02
9.94700e+02
9.95100e+02
9.95300e+02
9.95500e+02
9.95800e+02
9.96000e+02
9.96200e+02
9.96400e+02
9.96600e+02
9.96800e+02
9.96900e+02
9.97000e+02
9.97100e+02
9.97400e+02
9.97600e+02
9.97700e+02
9.97800e+02
9.98000e+02
9.98100e+02
9.98400e+02
9.98600e+02
9.98800e+02
9.99100e+02
9.99200e+02
9.99500e+02
9.99700e+02
1.00000e+03
1.00010e+03
1.00020e+03
1.00040e+03
1.00070e+03
1.00090e+03
1.00100e+03
1.00110e+03
1.00120e+03
1.00130e+03
1.00160e+03
1.00180e+03
1.00200e+03
1.00210e+03
1.00230e+03
1.00250e+03
1.00280e+03
1.00340e+03
1.00370e+03
1.00390e+03
1.00400e+03
1.00410e+03
1.00430e+03
1.00450e+03
1.00460e+03
1.00490e+03
1.00500e+03
1.00510e+03
1.00520e+03
1.00530e+03
1.00560e+03
1.00580e+03
1.00600e+03
1.00610e+03
1.00620e+03
1.00640e+03
1.00660e+03
1.00690e+03
1.00700e+03
1.00710e+03
1.00720e+03
1.00730e+03
1.00760e+03
1.00780e+03
1.00800e+03
1.00810e+03
1.00830e+03
1.00850e+03
1.00880e+03
1.00910e+03
1.00930e+03
1.00960e+03
1.00980e+03
1.01000e+03
1.01010e+03
1.01020e+03
1.01040e+03
1.01060e+03
1.01090e+03
1.01100e+03
1.01110e+03
1.01120e+03
1.01130e+03
1.01150e+03
1.01170e+03
1.01200e+03
1.01210e+03
1.01230e+03
1.01250e+03
1.01270e+03
1.01290e+03
1.01320e+03
1.01340e+03
1.01370e+03
1.01390e+03
1.01400e+03
1.01410e+03
1.01430e+03
1.01450e+03
1.01480e+03
1.01540e+03
1.01570e+03
1.01590e+03
1.01610e+03
1.01620e+03
1.01640e+03
1.01660e+03
1.01690e+03
1.01700e+03
1.01710e+03
1.01720e+03
1.01730e+03
1.01760e+03
1.01780e+03
1.01800e+03
1.01810e+03
1.01830e+03
1.01850e+03
1.01880e+03
1.01910e+03
1.01930e+03
1.01960e+03
1.01980e+03
1.02000e+03
1.02020e+03
1.02040e+03
1.02060e+03
1.02090e+03
1.02100e+03
1.02110e+03
1.02120e+03
1.02130e+03
1.02150e+03
1.02170e+03
1.02200e+03
1.02210e+03
1.02220e+03
1.02240e+03
1.02260e+03
1.02290e+03
1.02300e+03
1.02310e+03
1.02320e+03
1.02330e+03
1.02360e+03
1.02370e+03
1.02380e+03
1.02400e+03
1.02410e+03
1.02440e+03
1.02450e+03
1.02470e+03
1.02490e+03
1.02510e+03
1.02520e+03
1.02530e+03
1.02560e+03
1.02590e+03
1.02610e+03
1.02620e+03
1.02640e+03
1.02650e+03
1.02670e+03
1.02690e+03
1.02700e+03
1.02710e+03
1.02720e+03
1.02730e+03
1.02750e+03
1.02770e+03
1.02780e+03
1.02800e+03
1.02810e+03
1.02830e+03
1.02850e+03
1.02870e+03
1.02910e+03
1.02940e+03
1.02970e+03
1.03000e+03
1.03010e+03
1.03030e+03
1.03050e+03
1.03060e+03
1.03080e+03
1.03090e+03
1.03130e+03
1.03150e+03
1.03180e+03
1.03200e+03
1.03210e+03
1.03220e+03
1.03250e+03
1.03260e+03
1.03290e+03
1.03300e+03
1.03310e+03
1.03320e+03
1.03330e+03
1.03350e+03
1.03370e+03
1.03380e+03
1.03400e+03
1.03410e+03
1.03430e+03
1.03450e+03
1.03470e+03
1.03510e+03
1.03540e+03
1.03570e+03
1.03600e+03
1.03610e+03
1.03630e+03
1.03650e+03
1.03660e+03
1.03680e+03
1.03690e+03
1.03730e+03
1.03760e+03
1.03790e+03
1.03830e+03
1.03840e+03
1.03860e+03
1.03880e+03
1.03890e+03
1.03900e+03
1.03910e+03
1.03920e+03
1.03930e+03
1.03950e+03
1.03990e+03
1.04000e+03
1.04010e+03
1.04030e+03
1.04050e+03
1.04060e+03
1.04080e+03
1.04090e+03
1.04130e+03
1.04150e+03
1.04180e+03
1.04200e+03
1.04210e+03
1.04230e+03
1.04250e+03
1.04270e+03
1.04350e+03
1.04380e+03
1.04400e+03
1.04410e+03
1.04430e+03
1.04450e+03
1.04470e+03
1.04510e+03
1.04540e+03
1.04570e+03
1.04600e+03
1.04610e+03
1.04620e+03
1.04640e+03
1.04660e+03
1.04680e+03
1.04690e+03
1.04700e+03
1.04710e+03
1.04720e+03
1.04750e+03
1.04770e+03
1.04780e+03
1.04800e+03
1.04810e+03
1.04830e+03
1.04850e+03
1.04880e+03
1.04900e+03
1.04920e+03
1.04950e+03
1.04980e+03
1.05040e+03
1.05070e+03
1.05090e+03
1.05100e+03
1.05120e+03
1.05140e+03
1.05170e+03
1.05190e+03
1.05200e+03
1.05210e+03
1.05230e+03
1.05250e+03
1.05280e+03
1.05300e+03
1.05320e+03
1.05350e+03
1.05380e+03
1.05390e+03
1.05410e+03
1.05420e+03
1.05440e+03
1.05460e+03
1.05490e+03
1.05500e+03
1.05510e+03
1.05520e+03
1.05530e+03
1.05550e+03
1.05570e+03
1.05590e+03
1.05600e+03
1.05610e+03
1.05620e+03
1.05640e+03
1.05660e+03
1.05690e+03
1.05700e+03
1.05710e+03
1.05720e+03
1.05750e+03
1.05770e+03
1.05780e+03
1.05800e+03
1.05820e+03
1.05840e+03
1.05860e+03
1.05880e+03
1.05960e+03
1.05980e+03
1.05990e+03
1.06030e+03
1.06040e+03
1.06060e+03
1.06080e+03
1.06110e+03
1.06140e+03
1.06170e+03
1.06200e+03
1.06220e+03
1.06240e+03
1.06260e+03
1.06290e+03
1.06300e+03
1.06310e+03
1.06320e+03
1.06330e+03
1.06350e+03
1.06370e+03
1.06390e+03
1.06400e+03
1.06410e+03
1.06420e+03
1.06440e+03
1.06460e+03
1.06490e+03
1.06500e+03
1.06510e+03
1.06520e+03
1.06530e+03
1.06550e+03
1.06570e+03
1.06590e+03
1.06600e+03
1.06610e+03
1.06640e+03
1.06670e+03
1.06680e+03
1.06690e+03
1.06730e+03
1.06740e+03
1.06770e+03
1.06800e+03
1.06810e+03
1.06840e+03
1.06870e+03
1.06880e+03
1.06890e+03
1.06930e+03
1.06940e+03
1.06970e+03
1.07000e+03
1.07010e+03
1.07040e+03
1.07070e+03
1.07080e+03
1.07090e+03
1.07130e+03
1.07140e+03
1.07170e+03
1.07200e+03
1.07210e+03
1.07240e+03
1.07270e+03
1.07280e+03
1.07290e+03
1.07330e+03
1.07350e+03
1.07380e+03
1.07390e+03
1.07410e+03
1.07430e+03
1.07450e+03
1.07470e+03
1.07500e+03
1.07510e+03
1.07520e+03
1.07530e+03
1.07550e+03
1.07570e+03
1.07590e+03
1.07600e+03
1.07610e+03
1.07620e+03
1.07640e+03
1.07660e+03
1.07690e+03
1.07700e+03
1.07710e+03
1.07720e+03
1.07750e+03
1.07770e+03
1.07780e+03
1.07800e+03
1.07820e+03
1.07840e+03
1.07860e+03
1.07880e+03
1.07960e+03
1.07980e+03
1.07990e+03
1.08010e+03
1.08020e+03
1.08050e+03
1.08070e+03
1.08100e+03
1.08110e+03
1.08120e+03
1.08150e+03
1.08170e+03
1.08180e+03
1.08200e+03
1.08210e+03
1.08230e+03
1.08240e+03
1.08260e+03
1.08280e+03
1.08310e+03
1.08340e+03
1.08370e+03
1.08400e+03
1.08410e+03
1.08440e+03
1.08470e+03
1.08480e+03
1.08490e+03
1.08530e+03
1.08550e+03
1.08580e+03
1.08590e+03
1.08600e+03
1.08620e+03
1.08650e+03
1.08670e+03
1.08700e+03
1.08710e+03
1.08720e+03
1.08750e+03
1.08770e+03
1.08780e+03
1.08800e+03
1.08820e+03
1.08850e+03
1.08870e+03
1.08900e+03
1.08910e+03
1.08920e+03
1.08930e+03
1.08950e+03
1.08970e+03
1.08990e+03
1.09000e+03
1.09010e+03
1.09030e+03
1.09050e+03
1.09070e+03
1.09090e+03
1.09100e+03
1.09120e+03
1.09140e+03
1.09170e+03
1.09190e+03
1.09230e+03
1.09250e+03
1.09280e+03
1.09300e+03
1.09320e+03
1.09350e+03
1.09380e+03
1.09390e+03
1.09410e+03
1.09420e+03
1.09440e+03
1.09460e+03
1.09490e+03
1.09500e+03
1.09510e+03
1.09520e+03
1.09550e+03
1.09570e+03
1.09580e+03
1.09600e+03
1.09620e+03
1.09650e+03
1.09670e+03
1.09700e+03
1.09710e+03
1.09720e+03
1.09750e+03
1.09770e+03
1.09780e+03
1.09800e+03
1.09810e+03
1.09820e+03
1.09850e+03
1.09870e+03
1.09900e+03
1.09910e+03
1.09920e+03
1.09930e+03
1.09950e+03
1.09970e+03
1.09990e+03
1.10000e+03
1.10010e+03
1.10030e+03
1.10050e+03
1.10070e+03
1.10090e+03
1.10100e+03
1.10120e+03
1.10150e+03
1.10180e+03
1.10190e+03
1.10210e+03
1.10220e+03
1.10240e+03
1.10260e+03
1.10290e+03
1.10300e+03
1.10310e+03
1.10320e+03
1.10330e+03
1.10350e+03
1.10370e+03
1.10390e+03
1.10400e+03
1.10410e+03
1.10430e+03
1.10450e+03
1.10470e+03
1.10490e+03
1.10500e+03
1.10520e+03
1.10550e+03
1.10580e+03
1.10590e+03
1.10630e+03
1.10650e+03
1.10670e+03
1.10690e+03
1.10700e+03
1.10720e+03
1.10740e+03
1.10770e+03
1.10790e+03
1.10830e+03
1.10850e+03
1.10880e+03
1.10900e+03
1.10920e+03
1.10940e+03
1.10970e+03
1.10990e+03
1.11000e+03
1.11010e+03
1.11030e+03
1.11050e+03
1.11080e+03
1.11100e+03
1.11120e+03
1.11150e+03
1.11180e+03
1.11190e+03
1.11230e+03
1.11250e+03
1.11270e+03
1.11290e+03
1.11300e+03
1.11320e+03
1.11350e+03
1.11380e+03
1.11390e+03
1.11410e+03
1.11420e+03
1.11440e+03
1.11460e+03
1.11490e+03
1.11500e+03
1.11510e+03
1.11520e+03
1.11550e+03
1.11570e+03
1.11580e+03
1.11600e+03
1.11620e+03
1.11650e+03
1.11670e+03
1.11700e+03
1.11710e+03
1.11720e+03
1.11750e+03
1.11770e+03
1.11780e+03
1.11800e+03
1.11810e+03
1.11830e+03
1.11840e+03
1.11860e+03
1.11880e+03
1.11910e+03
1.11930e+03
1.11940e+03
1.11970e+03
1.12000e+03
1.12010e+03
1.12040e+03
1.12070e+03
1.12080e+03
1.12090e+03
1.12130e+03
1.12140e+03
1.12170e+03
1.12200e+03
1.12210e+03
1.12240e+03
1.12270e+03
1.12280e+03
1.12290e+03
1.12330e+03
1.12350e+03
1.12380e+03
1.12390e+03
1.12400e+03
1.12420e+03
1.12450e+03
1.12470e+03
1.12500e+03
1.12510e+03
1.12520e+03
1.12550e+03
1.12570e+03
1.12580e+03
1.12600e+03
1.12620e+03
1.12650e+03
1.12670e+03
1.12700e+03
1.12710e+03
1.12720e+03
1.12750e+03
1.12770e+03
1.12780e+03
1.12800e+03
1.12810e+03
1.12830e+03
1.12840e+03
1.12860e+03
1.12880e+03
1.12960e+03
1.12980e+03
1.12990e+03
1.13010e+03
1.13030e+03
1.13050e+03
1.13070e+03
1.13100e+03
1.13110e+03
1.13120e+03
1.13150e+03
1.13170e+03
1.13180e+03
1.13200e+03
1.13220e+03
1.13250e+03
1.13270e+03
1.13300e+03
1.13310e+03
1.13320e+03
1.13350e+03
1.13370e+03
1.13380e+03
1.13400e+03
1.13410e+03
1.13430e+03
1.13440e+03
1.13460e+03
1.13480e+03
1.13510e+03
1.13540e+03
1.13570e+03
1.13600e+03
1.13610e+03
1.13640e+03
1.13670e+03
1.13680e+03
1.13690e+03
1.13730e+03
1.13740e+03
1.13770e+03
1.13800e+03
1.13810e+03
1.13840e+03
1.13870e+03
1.13880e+03
1.13890e+03
1.13930e+03
1.13940e+03
1.13970e+03
1.14000e+03
1.14010e+03
1.14020e+03
1.14040e+03
1.14060e+03
1.14090e+03
1.14100e+03
1.14110e+03
1.14120e+03
1.14140e+03
1.14150e+03
1.14170e+03
1.14180e+03
1.14190e+03
1.14200e+03
1.14220e+03
1.14240e+03
1.14250e+03
1.14270e+03
1.14290e+03
1.14320e+03
1.14340e+03
1.14370e+03
1.14400e+03
1.14420e+03
1.14440e+03
1.14460e+03
1.14470e+03
1.14490e+03
1.14500e+03
1.14510e+03
1.14520e+03
1.14530e+03
1.14550e+03
1.14580e+03
1.14590e+03
1.14600e+03
1.14610e+03
1.14620e+03
1.14640e+03
1.14660e+03
1.14670e+03
1.14690e+03
1.14700e+03
1.14710e+03
1.14720e+03
1.14730e+03
1.14750e+03
1.14780e+03
1.14790e+03
1.14800e+03
1.14810e+03
1.14840e+03
1.14850e+03
1.14870e+03
1.14890e+03
1.14900e+03
1.14920e+03
1.14960e+03
1.14990e+03
1.15000e+03
1.15020e+03
1.15040e+03
1.15050e+03
1.15070e+03
1.15090e+03
1.15120e+03
1.15140e+03
1.15170e+03
1.15200e+03
1.15210e+03
1.15240e+03
1.15250e+03
1.15270e+03
1.15290e+03
1.15300e+03
1.15320e+03
1.15340e+03
1.15370e+03
1.15400e+03
1.15410e+03
1.15440e+03
1.15450e+03
1.15470e+03
1.15490e+03
1.15500e+03
1.15520e+03
1.15560e+03
1.15590e+03
1.15600e+03
1.15620e+03
1.15640e+03
1.15650e+03
1.15670e+03
1.15690e+03
1.15750e+03
1.15780e+03
1.15800e+03
1.15820e+03
1.15840e+03
1.15850e+03
1.15870e+03
1.15890e+03
1.15950e+03
1.15980e+03
1.16000e+03
1.16010e+03
1.16020e+03
1.16040e+03
1.16050e+03
1.16070e+03
1.16090e+03
1.16120e+03
1.16140e+03
1.16170e+03
1.16200e+03
1.16210e+03
1.16240e+03
1.16250e+03
1.16270e+03
1.16290e+03
1.16300e+03
1.16320e+03
1.16340e+03
1.16370e+03
1.16400e+03
1.16410e+03
1.16440e+03
1.16450e+03
1.16470e+03
1.16490e+03
1.16500e+03
1.16520e+03
1.16540e+03
1.16570e+03
1.16600e+03
1.16610e+03
1.16620e+03
1.16640e+03
1.16660e+03
1.16670e+03
1.16690e+03
1.16700e+03
1.16710e+03
1.16720e+03
1.16730e+03
1.16750e+03
1.16780e+03
1.16790e+03
1.16800e+03
1.16820e+03
1.16840e+03
1.16860e+03
1.16870e+03
1.16890e+03
1.16900e+03
1.16910e+03
1.16920e+03
1.16930e+03
1.16950e+03
1.16980e+03
1.16990e+03
1.17000e+03
1.17010e+03
1.17040e+03
1.17050e+03
1.17070e+03
1.17090e+03
1.17100e+03
1.17120e+03
1.17160e+03
1.17190e+03
1.17200e+03
1.17220e+03
1.17250e+03
1.17260e+03
1.17270e+03
1.17310e+03
1.17320e+03
1.17330e+03
1.17350e+03
1.17370e+03
1.17390e+03
1.17400e+03
1.17420e+03
1.17440e+03
1.17460e+03
1.17490e+03
1.17500e+03
1.17510e+03
1.17520e+03
1.17530e+03
1.17550e+03
1.17570e+03
1.17590e+03
1.17600e+03
1.17610e+03
1.17620e+03
1.17640e+03
1.17660e+03
1.17690e+03
1.17700e+03
1.17710e+03
1.17720e+03
1.17740e+03
1.17750e+03
1.17770e+03
1.17780e+03
1.17790e+03
1.17820e+03
1.17840e+03
1.17850e+03
1.17870e+03
1.17890e+03
1.17950e+03
1.17980e+03
1.18000e+03
1.18010e+03
1.18020e+03
1.18050e+03
1.18060e+03
1.18070e+03
1.18160e+03
1.18170e+03
1.18180e+03
1.18190e+03
1.18220e+03
1.18240e+03
1.18250e+03
1.18270e+03
1.18290e+03
1.18320e+03
1.18340e+03
1.18370e+03
1.18400e+03
1.18410e+03
1.18440e+03
1.18450e+03
1.18470e+03
1.18490e+03
1.18500e+03
1.18520e+03
1.18540e+03
1.18570e+03
1.18600e+03
1.18610e+03
1.18620e+03
1.18640e+03
1.18660e+03
1.18670e+03
1.18690e+03
1.18700e+03
1.18710e+03
1.18720e+03
1.18730e+03
1.18760e+03
1.18780e+03
1.18790e+03
1.18800e+03
1.18810e+03
1.18820e+03
1.18850e+03
1.18880e+03
1.18890e+03
1.18900e+03
1.18910e+03
1.18920e+03
1.18930e+03
1.18960e+03
1.18980e+03
1.18990e+03
1.19000e+03
1.19010e+03
1.19020e+03
1.19050e+03
1.19080e+03
1.19090e+03
1.19100e+03
1.19110e+03
1.19120e+03
1.19130e+03
1.19160e+03
1.19180e+03
1.19190e+03
1.19200e+03
1.19210e+03
1.19230e+03
1.19240e+03
1.19260e+03
1.19280e+03
1.19350e+03
1.19370e+03
1.19390e+03
1.19400e+03
1.19410e+03
1.19430e+03
1.19440e+03
1.19460e+03
1.19480e+03
1.19550e+03
1.19570e+03
1.19590e+03
1.19600e+03
1.19610e+03
1.19630e+03
1.19640e+03
1.19660e+03
1.19680e+03
1.19710e+03
1.19740e+03
1.19770e+03
1.19800e+03
1.19810e+03
1.19820e+03
1.19830e+03
1.19850e+03
1.19870e+03
1.19880e+03
1.19890e+03
1.19900e+03
1.19910e+03
1.19920e+03
1.19930e+03
1.19950e+03
1.19980e+03
1.19990e+03
1.20000e+03
1.20010e+03
1.20040e+03
1.20070e+03
1.20100e+03
1.20120e+03
1.20140e+03
1.20170e+03
1.20200e+03
1.20210e+03
1.20240e+03
1.20270e+03
1.20300e+03
1.20320e+03
1.20340e+03
1.20370e+03
1.20400e+03
1.20410e+03
1.20440e+03
1.20470e+03
1.20500e+03
1.20520e+03
1.20550e+03
1.20570e+03
1.20590e+03
1.20600e+03
1.20610e+03
1.20630e+03
1.20640e+03
1.20660e+03
1.20680e+03
1.20710e+03
1.20740e+03
1.20770e+03
1.20800e+03
1.20810e+03
1.20820e+03
1.20830e+03
1.20850e+03
1.20870e+03
1.20880e+03
1.20890e+03
1.20900e+03
1.20910e+03
1.20920e+03
1.20930e+03
1.20950e+03
1.20980e+03
1.20990e+03
1.21000e+03
1.21010e+03
1.21020e+03
1.21030e+03
1.21050e+03
1.21070e+03
1.21080e+03
1.21090e+03
1.21100e+03
1.21110e+03
1.21120e+03
1.21130e+03
1.21150e+03
1.21180e+03
1.21190e+03
1.21200e+03
1.21210e+03
1.21240e+03
1.21270e+03
1.21300e+03
1.21320e+03
1.21350e+03
1.21370e+03
1.21390e+03
1.21400e+03
1.21410e+03
1.21430e+03
1.21440e+03
1.21460e+03
1.21480e+03
1.21550e+03
1.21570e+03
1.21590e+03
1.21620e+03
1.21640e+03
1.21660e+03
1.21680e+03
1.21750e+03
1.21770e+03
1.21790e+03
1.21820e+03
1.21840e+03
1.21860e+03
1.21880e+03
1.21910e+03
1.21940e+03
1.21970e+03
1.22000e+03
1.22010e+03
1.22040e+03
1.22070e+03
1.22100e+03
1.22120e+03
1.22140e+03
1.22170e+03
1.22200e+03
1.22210e+03
1.22240e+03
1.22270e+03
1.22300e+03
1.22320e+03
1.22340e+03
1.22370e+03
1.22400e+03
1.22410e+03
1.22420e+03
1.22430e+03
1.22450e+03
1.22470e+03
1.22480e+03
1.22490e+03
1.22500e+03
1.22510e+03
1.22520e+03
1.22550e+03
1.22570e+03
1.22580e+03
1.22600e+03
1.22620e+03
1.22640e+03
1.22650e+03
1.22670e+03
1.22700e+03
1.22710e+03
1.22720e+03
1.22730e+03
1.22750e+03
1.22780e+03
1.22790e+03
1.22800e+03
1.22810e+03
1.22820e+03
1.22830e+03
1.22850e+03
1.22870e+03
1.22880e+03
1.22890e+03
1.22900e+03
1.22910e+03
1.22920e+03
1.22930e+03
1.22950e+03
1.22980e+03
1.22990e+03
1.23000e+03
1.23010e+03
1.23040e+03
1.23070e+03
1.23100e+03
1.23120e+03
1.23150e+03
1.23170e+03
1.23190e+03
1.23200e+03
1.23210e+03
1.23220e+03
1.23250e+03
1.23280e+03
1.23290e+03
1.23300e+03
1.23310e+03
1.23320e+03
1.23330e+03
1.23350e+03
1.23380e+03
1.23390e+03
1.23400e+03
1.23410e+03
1.23420e+03
1.23440e+03
1.23460e+03
1.23470e+03
1.23490e+03
1.23500e+03
1.23510e+03
1.23520e+03
1.23530e+03
1.23560e+03
1.23580e+03
1.23590e+03
1.23600e+03
1.23610e+03
1.23640e+03
1.23660e+03
1.23680e+03
1.23710e+03
1.23740e+03
1.23770e+03
1.23800e+03
1.23810e+03
1.23840e+03
1.23870e+03
1.23900e+03
1.23920e+03
1.23950e+03
1.23970e+03
1.23990e+03
1.24000e+03
1.24010e+03
1.24030e+03
1.24040e+03
1.24060e+03
1.24080e+03
1.24110e+03
1.24140e+03
1.24170e+03
1.24200e+03
1.24210e+03
1.24240e+03
1.24270e+03
1.24300e+03
1.24320e+03
1.24350e+03
1.24370e+03
1.24390e+03
1.24400e+03
1.24410e+03
1.24440e+03
1.24460e+03
1.24480e+03
1.24510e+03
1.24540e+03
1.24570e+03
1.24600e+03
1.24610e+03
1.24640e+03
1.24670e+03
1.24700e+03
1.24720e+03
1.24740e+03
1.24770e+03
1.24800e+03
1.24810e+03
1.24840e+03
1.24870e+03
1.24900e+03
1.24920e+03
1.24940e+03
1.24970e+03
1.25000e+03
1.25010e+03
1.25020e+03
1.25030e+03
1.25050e+03
1.25070e+03
1.25080e+03
1.25090e+03
1.25100e+03
1.25110e+03
1.25120e+03
1.25130e+03
1.25150e+03
1.25180e+03
1.25190e+03
1.25200e+03
1.25210e+03
1.25220e+03
1.25230e+03
1.25250e+03
1.25270e+03
1.25280e+03
1.25290e+03
1.25300e+03
1.25310e+03
1.25320e+03
1.25350e+03
1.25370e+03
1.25380e+03
1.25400e+03
1.25410e+03
1.25420e+03
1.25440e+03
1.25450e+03
1.25470e+03
1.25500e+03
1.25510e+03
1.25520e+03
1.25530e+03
1.25550e+03
1.25580e+03
1.25590e+03
1.25600e+03
1.25610e+03
1.25620e+03
1.25630e+03
1.25650e+03
1.25670e+03
1.25680e+03
1.25690e+03
1.25700e+03
1.25710e+03
1.25720e+03
1.25730e+03
1.25750e+03
1.25780e+03
1.25790e+03
1.25800e+03
1.25810e+03
1.25820e+03
1.25830e+03
1.25850e+03
1.25870e+03
1.25880e+03
1.25890e+03
1.25900e+03
1.25910e+03
1.25920e+03
1.25930e+03
1.25950e+03
1.25980e+03
1.25990e+03
1.26000e+03
1.26010e+03
1.26020e+03
1.26030e+03
1.26050e+03
1.26070e+03
1.26080e+03
1.26090e+03
1.26100e+03
1.26110e+03
1.26120e+03
1.26130e+03
1.26150e+03
1.26180e+03
1.26210e+03
1.26240e+03
1.26270e+03
1.26300e+03
1.26320e+03
1.26350e+03
1.26370e+03
1.26390e+03
1.26400e+03
1.26410e+03
1.26430e+03
1.26440e+03
1.26460e+03
1.26480e+03
1.26550e+03
1.26570e+03
1.26590e+03
1.26600e+03
1.26610e+03
1.26640e+03
1.26660e+03
1.26680e+03
1.26750e+03
1.26770e+03
1.26790e+03
1.26800e+03
1.26810e+03
1.26840e+03
1.26860e+03
1.26880e+03
1.26950e+03
1.26970e+03
1.26990e+03
1.27000e+03
1.27010e+03
1.27030e+03
1.27040e+03
1.27060e+03
1.27080e+03
1.27150e+03
1.27170e+03
1.27190e+03
1.27200e+03
1.27210e+03
1.27220e+03
1.27250e+03
1.27280e+03
1.27290e+03
1.27300e+03
1.27310e+03
1.27320e+03
1.27330e+03
1.27350e+03
1.27380e+03
1.27390e+03
1.27400e+03
1.27420e+03
1.27440e+03
1.27460e+03
1.27470e+03
1.27490e+03
1.27500e+03
1.27510e+03
1.27520e+03
1.27530e+03
1.27560e+03
1.27580e+03
1.27590e+03
1.27600e+03
1.27610e+03
1.27620e+03
1.27650e+03
1.27680e+03
1.27690e+03
1.27700e+03
1.27710e+03
1.27720e+03
1.27730e+03
1.27750e+03
1.27780e+03
1.27790e+03
1.27800e+03
1.27810e+03
1.27820e+03
1.27840e+03
1.27860e+03
1.27870e+03
1.27890e+03
1.27900e+03
1.27910e+03
1.27920e+03
1.27930e+03
1.27960e+03
1.27980e+03
1.27990e+03
1.28000e+03
1.28010e+03
1.28030e+03
1.28050e+03
1.28080e+03
1.28150e+03
1.28170e+03
1.28190e+03
1.28200e+03
1.28210e+03
1.28240e+03
1.28260e+03
1.28280e+03
1.28310e+03
1.28340e+03
1.28370e+03
1.28400e+03
1.28410e+03
1.28420e+03
1.28430e+03
1.28450e+03
1.28470e+03
1.28480e+03
1.28490e+03
1.28500e+03
1.28510e+03
1.28520e+03
1.28530e+03
1.28550e+03
1.28580e+03
1.28590e+03
1.28600e+03
1.28610e+03
1.28640e+03
1.28670e+03
1.28700e+03
1.28720e+03
1.28750e+03
1.28770e+03
1.28790e+03
1.28800e+03
1.28810e+03
1.28820e+03
1.28850e+03
1.28880e+03
1.28890e+03
1.28900e+03
1.28910e+03
1.28920e+03
1.28930e+03
1.28950e+03
1.28980e+03
1.28990e+03
1.29000e+03
1.29010e+03
1.29040e+03
1.29050e+03
1.29070e+03
1.29090e+03
1.29100e+03
1.29120e+03
1.29160e+03
1.29190e+03
1.29200e+03
1.29210e+03
1.29230e+03
1.29250e+03
1.29260e+03
1.29270e+03
1.29310e+03
1.29320e+03
1.29330e+03
1.29350e+03
1.29370e+03
1.29390e+03
1.29400e+03
1.29410e+03
1.29440e+03
1.29470e+03
1.29480e+03
1.29490e+03
1.29530e+03
1.29550e+03
1.29580e+03
1.29590e+03
1.29630e+03
1.29640e+03
1.29660e+03
1.29680e+03
1.29710e+03
1.29740e+03
1.29770e+03
1.29800e+03
1.29810e+03
1.29840e+03
1.29870e+03
1.29880e+03
1.29890e+03
1.29930e+03
1.29940e+03
1.29970e+03
1.30000e+03
1.30010e+03
1.30040e+03
1.30070e+03
1.30080e+03
1.30090e+03
1.30130e+03
1.30150e+03
1.30180e+03
1.30190e+03
1.30200e+03
1.30210e+03
1.30230e+03
1.30240e+03
1.30260e+03
1.30280e+03
1.30310e+03
1.30340e+03
1.30370e+03
1.30400e+03
1.30410e+03
1.30420e+03
1.30440e+03
1.30460e+03
1.30490e+03
1.30500e+03
1.30510e+03
1.30520e+03
1.30540e+03
1.30550e+03
1.30560e+03
1.30570e+03
1.30580e+03
1.30590e+03
1.30600e+03
1.30610e+03
1.30620e+03
1.30650e+03
1.30660e+03
1.30670e+03
1.30760e+03
1.30770e+03
1.30780e+03
1.30790e+03
1.30830e+03
1.30850e+03
1.30860e+03
1.30870e+03
1.30960e+03
1.30970e+03
1.30980e+03
1.30990e+03
1.31000e+03
1.31010e+03
1.31030e+03
1.31050e+03
1.31060e+03
1.31070e+03
1.31110e+03
1.31120e+03
1.31130e+03
1.31150e+03
1.31170e+03
1.31190e+03
1.31200e+03
1.31210e+03
1.31240e+03
1.31270e+03
1.31280e+03
1.31290e+03
1.31330e+03
1.31350e+03
1.31380e+03
1.31390e+03
1.31400e+03
1.31420e+03
1.31450e+03
1.31470e+03
1.31500e+03
1.31510e+03
1.31520e+03
1.31550e+03
1.31570e+03
1.31580e+03
1.31600e+03
1.31610e+03
1.31620e+03
1.31650e+03
1.31670e+03
1.31700e+03
1.31710e+03
1.31720e+03
1.31750e+03
1.31770e+03
1.31780e+03
1.31800e+03
1.31810e+03
1.31830e+03
1.31840e+03
1.31860e+03
1.31880e+03
1.31960e+03
1.31980e+03
1.31990e+03
1.32010e+03
1.32030e+03
1.32050e+03
1.32070e+03
1.32100e+03
1.32110e+03
1.32120e+03
1.32150e+03
1.32170e+03
1.32180e+03
1.32200e+03
1.32210e+03
1.32230e+03
1.32240e+03
1.32260e+03
1.32280e+03
1.32360e+03
1.32380e+03
1.32390e+03
1.32400e+03
1.32420e+03
1.32440e+03
1.32460e+03
1.32480e+03
1.32560e+03
1.32580e+03
1.32590e+03
1.32600e+03
1.32610e+03
1.32630e+03
1.32650e+03
1.32670e+03
1.32700e+03
1.32710e+03
1.32720e+03
1.32730e+03
1.32750e+03
1.32770e+03
1.32790e+03
1.32800e+03
1.32810e+03
1.32830e+03
1.32850e+03
1.32870e+03
1.32890e+03
1.32900e+03
1.32920e+03
1.32950e+03
1.32970e+03
1.33030e+03
1.33060e+03
1.33090e+03
1.33100e+03
1.33110e+03
1.33120e+03
1.33150e+03
1.33170e+03
1.33180e+03
1.33190e+03
1.33200e+03
1.33220e+03
1.33240e+03
1.33260e+03
1.33280e+03
1.33310e+03
1.33340e+03
1.33370e+03
1.33400e+03
1.33410e+03
1.33440e+03
1.33470e+03
1.33480e+03
1.33490e+03
1.33530e+03
1.33540e+03
1.33570e+03
1.33600e+03
1.33610e+03
1.33620e+03
1.33640e+03
1.33660e+03
1.33690e+03
1.33700e+03
1.33710e+03
1.33720e+03
1.33740e+03
1.33760e+03
1.33770e+03
1.33780e+03
1.33790e+03
1.33820e+03
1.33840e+03
1.33850e+03
1.33870e+03
1.33890e+03
1.33950e+03
1.33980e+03
1.34000e+03
1.34010e+03
1.34030e+03
1.34040e+03
1.34050e+03
1.34070e+03
1.34090e+03
1.34120e+03
1.34140e+03
1.34170e+03
1.34200e+03
1.34210e+03
1.34220e+03
1.34240e+03
1.34260e+03
1.34270e+03
1.34290e+03
1.34300e+03
1.34310e+03
1.34320e+03
1.34330e+03
1.34360e+03
1.34380e+03
1.34390e+03
1.34400e+03
1.34410e+03
1.34430e+03
1.34440e+03
1.34460e+03
1.34480e+03
1.34510e+03
1.34540e+03
1.34570e+03
1.34600e+03
1.34610e+03
1.34640e+03
1.34670e+03
1.34700e+03
1.34720e+03
1.34740e+03
1.34770e+03
1.34800e+03
1.34810e+03
1.34840e+03
1.34870e+03
1.34900e+03
1.34920e+03
1.34940e+03
1.34970e+03
1.35000e+03
1.35010e+03
1.35040e+03
1.35070e+03
1.35100e+03
1.35120e+03
1.35150e+03
1.35170e+03
1.35190e+03
1.35200e+03
1.35210e+03
1.35230e+03
1.35240e+03
1.35260e+03
1.35280e+03
1.35350e+03
1.35370e+03
1.35390e+03
1.35400e+03
1.35410e+03
1.35430e+03
1.35440e+03
1.35460e+03
1.35480e+03
1.35510e+03
1.35540e+03
1.35570e+03
1.35600e+03
1.35610e+03
1.35620e+03
1.35630e+03
1.35650e+03
1.35670e+03
1.35680e+03
1.35690e+03
1.35700e+03
1.35710e+03
1.35720e+03
1.35730e+03
1.35750e+03
1.35780e+03
1.35790e+03
1.35800e+03
1.35810e+03
1.35840e+03
1.35870e+03
1.35900e+03
1.35920e+03
1.35940e+03
1.35970e+03
1.36000e+03
1.36010e+03
1.36020e+03
1.36030e+03
1.36050e+03
1.36070e+03
1.36080e+03
1.36090e+03
1.36100e+03
1.36110e+03
1.36120e+03
1.36150e+03
1.36170e+03
1.36180e+03
1.36200e+03
1.36210e+03
1.36230e+03
1.36250e+03
1.36280e+03
1.36360e+03
1.36370e+03
1.36390e+03
1.36400e+03
1.36410e+03
1.36430e+03
1.36450e+03
1.36480e+03
1.36560e+03
1.36570e+03
1.36590e+03
1.36610e+03
1.36620e+03
1.36640e+03
1.36650e+03
1.36670e+03
1.36700e+03
1.36710e+03
1.36720e+03
1.36730e+03
1.36750e+03
1.36780e+03
1.36790e+03
1.36800e+03
1.36810e+03
1.36840e+03
1.36870e+03
1.36900e+03
1.36920e+03
1.36950e+03
1.36970e+03
1.36990e+03
1.37000e+03
1.37010e+03
1.37020e+03
1.37050e+03
1.37080e+03
1.37090e+03
1.37100e+03
1.37110e+03
1.37120e+03
1.37130e+03
1.37160e+03
1.37180e+03
1.37190e+03
1.37200e+03
1.37210e+03
1.37230e+03
1.37240e+03
1.37260e+03
1.37280e+03
1.37310e+03
1.37340e+03
1.37370e+03
1.37400e+03
1.37410e+03
1.37420e+03
1.37430e+03
1.37450e+03
1.37470e+03
1.37480e+03
1.37490e+03
1.37500e+03
1.37510e+03
1.37520e+03
1.37530e+03
1.37550e+03
1.37580e+03
1.37590e+03
1.37600e+03
1.37610e+03
1.37640e+03
1.37670e+03
1.37700e+03
1.37720e+03
1.37740e+03
1.37770e+03
1.37800e+03
1.37810e+03
1.37840e+03
1.37870e+03
1.37900e+03
1.37920e+03
1.37940e+03
1.37970e+03
1.38000e+03
1.38010e+03
1.38020e+03
1.38030e+03
1.38050e+03
1.38070e+03
1.38080e+03
1.38090e+03
1.38100e+03
1.38110e+03
1.38120e+03
1.38130e+03
1.38150e+03
1.38180e+03
1.38190e+03
1.38200e+03
1.38210e+03
1.38220e+03
1.38230e+03
1.38250e+03
1.38270e+03
1.38280e+03
1.38290e+03
1.38300e+03
1.38310e+03
1.38320e+03
1.38350e+03
1.38370e+03
1.38380e+03
1.38400e+03
1.38420e+03
1.38440e+03
1.38450e+03
1.38470e+03
1.38500e+03
1.38510e+03
1.38520e+03
1.38550e+03
1.38570e+03
1.38580e+03
1.38600e+03
1.38610e+03
1.38630e+03
1.38650e+03
1.38680e+03
1.38760e+03
1.38770e+03
1.38790e+03
1.38800e+03
1.38810e+03
1.38830e+03
1.38850e+03
1.38880e+03
1.38910e+03
1.38930e+03
1.38950e+03
1.38980e+03
1.39000e+03
1.39020e+03
1.39030e+03
1.39050e+03
1.39080e+03
1.39090e+03
1.39130e+03
1.39150e+03
1.39180e+03
1.39200e+03
1.39220e+03
1.39230e+03
1.39250e+03
1.39280e+03
1.39290e+03
1.39330e+03
1.39350e+03
1.39380e+03
1.39400e+03
1.39430e+03
1.39460e+03
1.39470e+03
1.39480e+03
1.39490e+03
1.39500e+03
1.39510e+03
1.39520e+03
1.39530e+03
1.39550e+03
1.39570e+03
1.39580e+03
1.39590e+03
1.39600e+03
1.39620e+03
1.39630e+03
1.39650e+03
1.39680e+03
1.39690e+03
1.39710e+03
1.39740e+03
1.39770e+03
1.39790e+03
1.39800e+03
1.39810e+03
1.39820e+03
1.39840e+03
1.39850e+03
1.39870e+03
1.39900e+03
1.39910e+03
1.39920e+03
1.39950e+03
1.39970e+03
1.39980e+03
1.40000e+03
1.40010e+03
1.40040e+03
1.40050e+03
1.40070e+03
1.40100e+03
1.40110e+03
1.40120e+03
1.40150e+03
1.40170e+03
1.40180e+03
1.40200e+03
1.40210e+03
1.40240e+03
1.40250e+03
1.40280e+03
1.40360e+03
1.40370e+03
1.40390e+03
1.40410e+03
1.40430e+03
1.40450e+03
1.40470e+03
1.40500e+03
1.40510e+03
1.40520e+03
1.40550e+03
1.40570e+03
1.40580e+03
1.40600e+03
1.40610e+03
1.40630e+03
1.40650e+03
1.40680e+03
1.40710e+03
1.40730e+03
1.40750e+03
1.40780e+03
1.40800e+03
1.40820e+03
1.40830e+03
1.40860e+03
1.40870e+03
1.40880e+03
1.40890e+03
1.40900e+03
1.40910e+03
1.40920e+03
1.40930e+03
1.40950e+03
1.40970e+03
1.40980e+03
1.40990e+03
1.41000e+03
1.41020e+03
1.41030e+03
1.41050e+03
1.41080e+03
1.41090e+03
1.41110e+03
1.41140e+03
1.41170e+03
1.41190e+03
1.41230e+03
1.41250e+03
1.41280e+03
1.41310e+03
1.41330e+03
1.41350e+03
1.41380e+03
1.41400e+03
1.41420e+03
1.41430e+03
1.41450e+03
1.41480e+03
1.41490e+03
1.41530e+03
1.41550e+03
1.41580e+03
1.41600e+03
1.41620e+03
1.41630e+03
1.41650e+03
1.41680e+03
1.41690e+03
1.41730e+03
1.41750e+03
1.41780e+03
1.41800e+03
1.41820e+03
1.41830e+03
1.41850e+03
1.41880e+03
1.41890e+03
1.41910e+03
1.41940e+03
1.41970e+03
1.41990e+03
1.42010e+03
1.42040e+03
1.42050e+03
1.42070e+03
1.42100e+03
1.42110e+03
1.42120e+03
1.42130e+03
1.42150e+03
1.42180e+03
1.42190e+03
1.42200e+03
1.42210e+03
1.42220e+03
1.42230e+03
1.42250e+03
1.42270e+03
1.42280e+03
1.42290e+03
1.42300e+03
1.42310e+03
1.42320e+03
1.42350e+03
1.42370e+03
1.42380e+03
1.42400e+03
1.42420e+03
1.42440e+03
1.42450e+03
1.42470e+03
1.42500e+03
1.42510e+03
1.42520e+03
1.42550e+03
1.42570e+03
1.42580e+03
1.42600e+03
1.42610e+03
1.42640e+03
1.42650e+03
1.42680e+03
1.42710e+03
1.42730e+03
1.42750e+03
1.42780e+03
1.42800e+03
1.42820e+03
1.42830e+03
1.42850e+03
1.42880e+03
1.42890e+03
1.42910e+03
1.42940e+03
1.42970e+03
1.42990e+03
1.43010e+03
1.43020e+03
1.43040e+03
1.43050e+03
1.43070e+03
1.43100e+03
1.43110e+03
1.43120e+03
1.43150e+03
1.43170e+03
1.43180e+03
1.43200e+03
1.43210e+03
1.43230e+03
1.43250e+03
1.43280e+03
1.43310e+03
1.43330e+03
1.43350e+03
1.43380e+03
1.43400e+03
1.43430e+03
1.43460e+03
1.43470e+03
1.43480e+03
1.43490e+03
1.43500e+03
1.43510e+03
1.43520e+03
1.43530e+03
1.43550e+03
1.43570e+03
1.43580e+03
1.43590e+03
1.43600e+03
1.43630e+03
1.43660e+03
1.43670e+03
1.43680e+03
1.43690e+03
1.43700e+03
1.43710e+03
1.43740e+03
1.43760e+03
1.43770e+03
1.43780e+03
1.43800e+03
1.43810e+03
1.43840e+03
1.43860e+03
1.43880e+03
1.43910e+03
1.43930e+03
1.43960e+03
1.43990e+03
1.44040e+03
1.44070e+03
1.44080e+03
1.44090e+03
1.44130e+03
1.44140e+03
1.44170e+03
1.44190e+03
1.44230e+03
1.44250e+03
1.44280e+03
1.44310e+03
1.44330e+03
1.44360e+03
1.44390e+03
1.44410e+03
1.44420e+03
1.44440e+03
1.44450e+03
1.44470e+03
1.44480e+03
1.44490e+03
1.44500e+03
1.44510e+03
1.44520e+03
1.44530e+03
1.44550e+03
1.44570e+03
1.44590e+03
1.44600e+03
1.44610e+03
1.44640e+03
1.44670e+03
1.44680e+03
1.44690e+03
1.44730e+03
1.44740e+03
1.44770e+03
1.44790e+03
1.44830e+03
1.44850e+03
1.44880e+03
1.44940e+03
1.44970e+03
1.44990e+03
1.45040e+03
1.45060e+03
1.45080e+03
1.45110e+03
1.45130e+03
1.45160e+03
1.45190e+03
1.45210e+03
1.45220e+03
1.45240e+03
1.45250e+03
1.45270e+03
1.45280e+03
1.45290e+03
1.45300e+03
1.45310e+03
1.45340e+03
1.45360e+03
1.45390e+03
1.45420e+03
1.45450e+03
1.45480e+03
1.45490e+03
1.45500e+03
1.45520e+03
1.45560e+03
1.45590e+03
1.45600e+03
1.45620e+03
1.45650e+03
1.45680e+03
1.45690e+03
1.45700e+03
1.45720e+03
1.45760e+03
1.45790e+03
1.45820e+03
1.45850e+03
1.45880e+03
1.45950e+03
1.45970e+03
1.45980e+03
1.46000e+03
1.46010e+03
1.46030e+03
1.46050e+03
1.46080e+03
1.46150e+03
1.46170e+03
1.46180e+03
1.46200e+03
1.46220e+03
1.46250e+03
1.46270e+03
1.46290e+03
1.46300e+03
1.46320e+03
1.46340e+03
1.46360e+03
1.46390e+03
1.46410e+03
1.46420e+03
1.46440e+03
1.46460e+03
1.46470e+03
1.46480e+03
1.46490e+03
1.46500e+03
1.46510e+03
1.46520e+03
1.46530e+03
1.46540e+03
1.46550e+03
1.46570e+03
1.46590e+03
1.46600e+03
1.46610e+03
1.46640e+03
1.46670e+03
1.46680e+03
1.46690e+03
1.46700e+03
1.46720e+03
1.46740e+03
1.46760e+03
1.46790e+03
1.46810e+03
1.46820e+03
1.46840e+03
1.46860e+03
1.46870e+03
1.46880e+03
1.46890e+03
1.46900e+03
1.46910e+03
1.46920e+03
1.46930e+03
1.46940e+03
1.46950e+03
1.46970e+03
1.46990e+03
1.47000e+03
1.47010e+03
1.47020e+03
1.47040e+03
1.47060e+03
1.47070e+03
1.47080e+03
1.47090e+03
1.47100e+03
1.47110e+03
1.47120e+03
1.47160e+03
1.47190e+03
1.47200e+03
1.47210e+03
1.47230e+03
1.47240e+03
1.47250e+03
1.47280e+03
1.47310e+03
1.47320e+03
1.47340e+03
1.47360e+03
1.47370e+03
1.47400e+03
1.47410e+03
1.47420e+03
1.47440e+03
1.47450e+03
1.47470e+03
1.47480e+03
1.47490e+03
1.47500e+03
1.47510e+03
1.47520e+03
1.47530e+03
1.47540e+03
1.47550e+03
1.47570e+03
1.47600e+03
1.47620e+03
1.47640e+03
1.47650e+03
1.47670e+03
1.47680e+03
1.47690e+03
1.47700e+03
1.47710e+03
1.47720e+03
1.47730e+03
1.47740e+03
1.47750e+03
1.47770e+03
1.47800e+03
1.47810e+03
1.47840e+03
1.47850e+03
1.47860e+03
1.47870e+03
1.47890e+03
1.47900e+03
1.47920e+03
1.47940e+03
1.47970e+03
1.47980e+03
1.48000e+03
1.48010e+03
1.48030e+03
1.48040e+03
1.48050e+03
1.48080e+03
1.48110e+03
1.48120e+03
1.48140e+03
1.48160e+03
1.48170e+03
1.48200e+03
1.48210e+03
1.48220e+03
1.48240e+03
1.48250e+03
1.48270e+03
1.48280e+03
1.48290e+03
1.48300e+03
1.48310e+03
1.48320e+03
1.48330e+03
1.48340e+03
1.48350e+03
1.48370e+03
1.48400e+03
1.48410e+03
1.48440e+03
1.48450e+03
1.48460e+03
1.48470e+03
1.48490e+03
1.48500e+03
1.48520e+03
1.48540e+03
1.48570e+03
1.48580e+03
1.48600e+03
1.48610e+03
1.48630e+03
1.48650e+03
1.48680e+03
1.48710e+03
1.48720e+03
1.48730e+03
1.48740e+03
1.48750e+03
1.48770e+03
1.48790e+03
1.48800e+03
1.48810e+03
1.48840e+03
1.48870e+03
1.48880e+03
1.48890e+03
1.48900e+03
1.48920e+03
1.48940e+03
1.48960e+03
1.48990e+03
1.49040e+03
1.49070e+03
1.49080e+03
1.49090e+03
1.49100e+03
1.49120e+03
1.49140e+03
1.49160e+03
1.49190e+03
1.49240e+03
1.49270e+03
1.49280e+03
1.49290e+03
1.49300e+03
1.49320e+03
1.49360e+03
1.49390e+03
1.49400e+03
1.49420e+03
1.49450e+03
1.49470e+03
1.49490e+03
1.49500e+03
1.49520e+03
1.49540e+03
1.49560e+03
1.49590e+03
1.49610e+03
1.49620e+03
1.49640e+03
1.49660e+03
1.49670e+03
1.49680e+03
1.49690e+03
1.49700e+03
1.49710e+03
1.49720e+03
1.49760e+03
1.49790e+03
1.49830e+03
1.49850e+03
1.49880e+03
1.49960e+03
1.49990e+03
1.50000e+03
1.50010e+03
1.50030e+03
1.50050e+03
1.50080e+03
1.50110e+03
1.50120e+03
1.50130e+03
1.50140e+03
1.50150e+03
1.50170e+03
1.50190e+03
1.50200e+03
1.50210e+03
1.50240e+03
1.50270e+03
1.50280e+03
1.50290e+03
1.50300e+03
1.50320e+03
1.50340e+03
1.50360e+03
1.50390e+03
1.50410e+03
1.50420e+03
1.50440e+03
1.50460e+03
1.50470e+03
1.50480e+03
1.50490e+03
1.50500e+03
1.50510e+03
1.50520e+03
1.50560e+03
1.50590e+03
1.50610e+03
1.50630e+03
1.50640e+03
1.50650e+03
1.50680e+03
1.50710e+03
1.50720e+03
1.50740e+03
1.50760e+03
1.50770e+03
1.50800e+03
1.50820e+03
1.50840e+03
1.50850e+03
1.50870e+03
1.50880e+03
1.50890e+03
1.50900e+03
1.50910e+03
1.50920e+03
1.50940e+03
1.50960e+03
1.50980e+03
1.51000e+03
1.51020e+03
1.51040e+03
1.51050e+03
1.51090e+03
1.51110e+03
1.51130e+03
1.51150e+03
1.51170e+03
1.51200e+03
1.51210e+03
1.51240e+03
1.51250e+03
1.51280e+03
1.51290e+03
1.51300e+03
1.51320e+03
1.51350e+03
1.51380e+03
1.51400e+03
1.51410e+03
1.51430e+03
1.51450e+03
1.51470e+03
1.51550e+03
1.51570e+03
1.51580e+03
1.51600e+03
1.51610e+03
1.51630e+03
1.51640e+03
1.51650e+03
1.51690e+03
1.51730e+03
1.51760e+03
1.51780e+03
1.51800e+03
1.51820e+03
1.51840e+03
1.51850e+03
1.51890e+03
1.51910e+03
1.51930e+03
1.51950e+03
1.51970e+03
1.52000e+03
1.52010e+03
1.52040e+03
1.52050e+03
1.52080e+03
1.52090e+03
1.52100e+03
1.52120e+03
1.52150e+03
1.52180e+03
1.52200e+03
1.52210e+03
1.52230e+03
1.52240e+03
1.52250e+03
1.52290e+03
1.52330e+03
1.52360e+03
1.52380e+03
1.52400e+03
1.52410e+03
1.52430e+03
1.52440e+03
1.52450e+03
1.52490e+03
1.52530e+03
1.52560e+03
1.52580e+03
1.52600e+03
1.52610e+03
1.52640e+03
1.52650e+03
1.52690e+03
1.52710e+03
1.52730e+03
1.52750e+03
1.52770e+03
1.52800e+03
1.52810e+03
1.52840e+03
1.52850e+03
1.52880e+03
1.52890e+03
1.52900e+03
1.52920e+03
1.52950e+03
1.52980e+03
1.53000e+03
1.53020e+03
1.53040e+03
1.53060e+03
1.53090e+03
1.53120e+03
1.53140e+03
1.53160e+03
1.53180e+03
1.53200e+03
1.53220e+03
1.53240e+03
1.53260e+03
1.53290e+03
1.53320e+03
1.53340e+03
1.53360e+03
1.53380e+03
1.53400e+03
1.53410e+03
1.53440e+03
1.53450e+03
1.53490e+03
1.53530e+03
1.53560e+03
1.53580e+03
1.53600e+03
1.53610e+03
1.53630e+03
1.53650e+03
1.53670e+03
1.53710e+03
1.53720e+03
1.53730e+03
1.53740e+03
1.53750e+03
1.53770e+03
1.53800e+03
1.53810e+03
1.53840e+03
1.53850e+03
1.53860e+03
1.53870e+03
1.53890e+03
1.53900e+03
1.53920e+03
1.53940e+03
1.53970e+03
1.53990e+03
1.54010e+03
1.54030e+03
1.54050e+03
1.54080e+03
1.54160e+03
1.54190e+03
1.54200e+03
1.54210e+03
1.54230e+03
1.54250e+03
1.54280e+03
1.54360e+03
1.54390e+03
1.54430e+03
1.54450e+03
1.54480e+03
1.54560e+03
1.54590e+03
1.54600e+03
1.54610e+03
1.54630e+03
1.54650e+03
