0.00000e+00 0.0000000000e+00 0.0000000000e+00
1.00000e+00 4.9605129485e-01 4.9605129485e-01
2.00000e+00 1.0975766568e+00 6.0152536200e-01
3.00000e+00 1.7072429211e+00 1.2105901009e+00
4.00000e+00 2.3021172059e+00 1.2027284336e+00
5.00000e+00 2.9053622418e+00 1.1951044767e+00
6.00000e+00 3.4962586741e+00 1.1899315198e+00
7.00000e+00 4.0965110659e+00 1.1857489443e+00
8.00000e+00 4.6851616975e+00 1.1823173946e+00
9.00000e+00 5.3182590676e+00 6.3309737002e-01
1.00000e+01 5.9407072311e+00 1.1180034071e+00
1.10000e+01 6.5148329739e+00 4.2504006552e+00
1.20000e+01 7.0885594889e+00 5.3154320131e+00
1.30000e+01 7.6542447656e+00 1.1293499078e+00
1.40000e+01 8.2254672075e+00 1.1257164847e+00
1.50000e+01 8.8273073817e+00 1.7187255780e+00
1.60000e+01 9.4510682472e+00 4.2116129439e+00
1.70000e+01 1.0073472410e+01 4.1967081237e+00
1.80000e+01 1.0691755450e+01 5.3702056884e+00
1.90000e+01 1.1298293690e+01 5.3695335488e+00
2.00000e+01 1.1919927955e+01 1.2349970099e+00
2.10000e+01 1.2540649274e+01 2.2726367108e+00
2.20000e+01 1.3164760845e+01 2.2728413801e+00
2.30000e+01 1.3787820959e+01 1.2323497919e+00
2.40000e+01 1.4412882363e+01 1.2320672745e+00
2.50000e+01 1.5005722417e+01 3.4361038815e+00
2.60000e+01 1.5586846171e+01 4.7310782485e+00
2.70000e+01 1.6212253568e+01 1.2331824907e+00
2.80000e+01 1.6837006604e+01 1.2316409392e+00
2.90000e+01 1.7429165433e+01 2.4632848032e+00
3.00000e+01 1.8009765874e+01 1.2314259955e+00
3.10000e+01 1.8600210068e+01 1.2284799341e+00
3.20000e+01 1.9180214042e+01 1.1495898492e+00
3.30000e+01 1.9770605095e+01 1.1483871184e+00
3.40000e+01 2.0258988669e+01 1.1284059439e+00
3.50000e+01 2.0739102578e+01 5.8816202575e+00
3.60000e+01 2.1323247266e+01 1.1513794446e+00
3.70000e+01 2.1918426565e+01 1.1550163108e+00
3.80000e+01 2.2408606032e+01 4.6662897190e+00
3.90000e+01 2.2890097139e+01 1.1516052634e+00
4.00000e+01 2.3475863019e+01 1.1554824861e+00
4.10000e+01 2.4106845963e+01 1.2359848447e+00
4.20000e+01 2.4734919796e+01 3.4546071400e+00
4.30000e+01 2.5360273866e+01 3.4455236594e+00
4.40000e+01 2.5986633938e+01 1.2238268927e+00
4.50000e+01 2.6610737232e+01 1.2213522889e+00
4.60000e+01 2.7236118706e+01 1.2191523386e+00
4.70000e+01 2.7859366128e+01 1.2170773155e+00
4.80000e+01 2.8484005435e+01 1.2151180703e+00
4.90000e+01 2.9106588341e+01 1.2132384358e+00
5.00000e+01 2.9724688533e+01 7.0260094478e+00
5.10000e+01 3.0293676961e+01 1.2418243244e+00
5.20000e+01 3.0861718312e+01 2.4688980421e+00
5.30000e+01 3.1421870634e+01 1.0993380796e+00
5.40000e+01 3.1987670393e+01 1.0959971489e+00
5.50000e+01 3.2584319553e+01 1.0786958159e+01
5.60000e+01 3.3186050523e+01 4.9448544950e+00
5.70000e+01 3.3747180557e+01 1.0958788637e+00
5.80000e+01 3.4311973710e+01 2.6213958690e+00
5.90000e+01 3.4870303517e+01 2.6159742463e+00
6.00000e+01 3.5435032376e+01 1.0856744885e+00
6.10000e+01 3.5993372863e+01 1.0845994932e+00
6.20000e+01 3.6664121840e+01 4.9585401240e+00
6.30000e+01 3.7344781000e+01 7.1462454890e+00
6.40000e+01 3.8010897561e+01 2.2609098007e+00
6.50000e+01 3.8721045802e+01 1.2496111752e+00
6.60000e+01 3.9413130638e+01 2.2596075417e+00
6.70000e+01 4.0055366051e+01 1.3896867766e+00
6.80000e+01 4.0808382800e+01 8.6900188350e-02
6.90000e+01 4.1571433090e+01 1.4749962693e+00
7.00000e+01 4.2318810853e+01 1.4678822864e+00
7.10000e+01 4.3110698516e+01 2.3390873567e+00
7.20000e+01 4.3898301874e+01 5.1140527396e+00
7.30000e+01 4.4653703952e+01 1.4587661914e+00
7.40000e+01 4.5291667962e+01 2.5450471346e+00
7.50000e+01 4.5916138201e+01 1.5354625182e+00
7.60000e+01 4.6547715713e+01 1.5275405575e+00
7.70000e+01 4.7172814660e+01 1.2101242697e+00
7.80000e+01 4.7917639867e+01 1.4547548696e+00
7.90000e+01 4.8673544908e+01 1.4538030787e+00
8.00000e+01 4.9308903597e+01 1.2126953221e+00
8.10000e+01 4.9932123983e+01 1.2096040659e+00
8.20000e+01 5.0562924007e+01 1.2038357974e+00
8.30000e+01 5.1187329687e+01 1.2038172558e+00
8.40000e+01 5.1931807183e+01 1.4520015650e+00
8.50000e+01 5.2687245985e+01 2.1698437959e+00
8.60000e+01 5.3427807710e+01 2.1637581805e+00
8.70000e+01 5.4178496273e+01 1.4370837115e+00
8.80000e+01 5.4811387810e+01 1.2047049512e+00
8.90000e+01 5.5469951897e+01 5.1708536138e+00
9.00000e+01 5.6135218901e+01 6.5153283595e+00
9.10000e+01 5.6796604247e+01 4.8220893768e+00
9.20000e+01 5.7463070619e+01 1.2727495480e+00
9.30000e+01 5.8089062077e+01 1.4434197292e+00
9.40000e+01 5.8830843679e+01 1.4368665045e+00
9.50000e+01 5.9618830749e+01 7.7763892358e+00
9.60000e+01 6.0380529436e+01 2.6565844455e-01
9.70000e+01 6.1126556937e+01 1.6215117395e+00
9.80000e+01 6.1873178614e+01 1.4343870882e+00
9.90000e+01 6.2576386161e+01 1.5126457266e+00
1.00000e+02 6.3283197365e+01 3.0270290570e+00
1.01000e+02 6.3981523080e+01 1.3453568538e+00
1.02000e+02 6.4687044774e+01 1.3427219871e+00
1.03000e+02 6.5422227493e+01 1.4221079201e+00
1.04000e+02 6.6194470015e+01 7.5992983532e+00
1.05000e+02 6.6936193311e+01 4.1180823217e+00
1.06000e+02 6.7562416391e+01 6.4293280126e-02
1.07000e+02 6.8215089550e+01 8.2509559946e-02
1.08000e+02 6.8897670452e+01 2.9226207102e+00
1.09000e+02 6.9550764442e+01 1.5285829224e-01
1.10000e+02 7.0098208161e+01 9.3784694980e-02
1.11000e+02 7.0637279020e+01 1.0242045118e+00
1.12000e+02 7.1185051415e+01 1.0235089833e+00
1.13000e+02 7.1766277326e+01 2.6508594923e+00
1.14000e+02 7.2369854845e+01 2.3170881689e-01
1.15000e+02 7.2973729443e+01 4.0050626480e+00
1.16000e+02 7.3582410719e+01 1.1465844459e+00
1.17000e+02 7.4160643004e+01 8.5393285911e-01
1.18000e+02 7.4639078383e+01 1.4882695926e+00
1.19000e+02 7.5108928954e+01 2.4400465087e+00
1.20000e+02 7.5586223023e+01 8.7885854385e-01
1.21000e+02 7.6059759657e+01 8.8166574919e-01
1.22000e+02 7.6540327110e+01 8.8405746693e-01
1.23000e+02 7.7053997162e+01 8.4640489406e-01
1.24000e+02 7.7581850121e+01 8.0828316366e-02
1.25000e+02 7.8108849986e+01 9.8781563925e-01
1.26000e+02 7.8640988535e+01 5.5327682047e+00
1.27000e+02 7.9128025657e+01 8.9667389613e-01
1.28000e+02 7.9710711694e+01 5.9304717541e+00
1.29000e+02 8.0337723655e+01 2.0717275271e+00
1.30000e+02 8.0961565321e+01 3.1524723294e+00
1.31000e+02 8.1582414662e+01 1.1714418072e+00
1.32000e+02 8.2198061384e+01 9.7928539413e-01
1.33000e+02 8.2800417222e+01 3.1572581545e+00
1.34000e+02 8.3416378640e+01 1.1623901181e+00
1.35000e+02 8.4031097494e+01 1.1550972399e+00
1.36000e+02 8.4642775563e+01 1.3391295741e+00
1.37000e+02 8.5206690164e+01 7.6877479211e-02
1.38000e+02 8.5770316461e+01 2.3219342933e+00
1.39000e+02 8.6364027988e+01 1.1525834175e+00
1.40000e+02 8.6962404820e+01 1.1381295964e+00
1.41000e+02 8.7556511894e+01 1.1146514124e+00
1.42000e+02 8.8154343333e+01 1.1129913678e+00
1.43000e+02 8.8748123244e+01 1.1115512148e+00
1.44000e+02 8.9345634463e+01 1.1101194438e+00
1.45000e+02 8.9939163135e+01 1.1087580836e+00
1.46000e+02 9.0536467946e+01 1.1074429181e+00
1.47000e+02 9.1093463950e+01 2.3126937629e+00
1.48000e+02 9.1758252992e+01 4.4759713110e+00
1.49000e+02 9.2433770681e+01 6.9371384982e+00
1.50000e+02 9.2996068916e+01 4.4817285215e+00
1.51000e+02 9.3547625608e+01 4.4718074802e+00
1.52000e+02 9.4106288676e+01 1.0247273667e+00
1.53000e+02 9.4659304891e+01 1.0251621634e+00
1.54000e+02 9.5219192482e+01 1.0253615242e+00
1.55000e+02 9.5810723925e+01 1.1043382471e+00
1.56000e+02 9.6407805645e+01 2.0522764429e+00
1.57000e+02 9.6964643049e+01 1.0281573509e+00
1.58000e+02 9.7629856060e+01 1.2615274360e+00
1.59000e+02 9.8340104822e+01 6.5872331160e+00
1.60000e+02 9.9031092181e+01 1.1210348330e+00
1.61000e+02 9.9707781736e+01 3.2552960770e+00
1.62000e+02 1.0038447145e+02 1.2613483199e+00
1.63000e+02 1.0101827621e+02 7.6967355538e-02
1.64000e+02 1.0176662377e+02 5.4026769669e+00
1.65000e+02 1.0256028071e+02 2.4634089435e+00
1.66000e+02 1.0334806474e+02 1.0367356170e+01
1.67000e+02 1.0413319437e+02 1.4767575301e+00
1.68000e+02 1.0489825702e+02 8.8372936623e-02
1.69000e+02 1.0561064633e+02 1.4831454742e+00
1.70000e+02 1.0632218068e+02 2.7373286683e+00
1.71000e+02 1.0702374770e+02 1.3192081261e+00
1.72000e+02 1.0773172105e+02 1.3143279185e+00
1.73000e+02 1.0846887481e+02 2.8058360126e+00
1.74000e+02 1.0921193327e+02 2.7810259795e+00
1.75000e+02 1.0994906775e+02 1.3812254017e+00
1.76000e+02 1.1069100386e+02 1.3787218277e+00
1.77000e+02 1.1142720099e+02 1.3764057508e+00
1.78000e+02 1.1216819157e+02 1.3740838249e+00
1.79000e+02 1.1286734054e+02 1.3105955374e+00
1.80000e+02 1.1357096795e+02 3.9527620855e+00
1.81000e+02 1.1426664566e+02 3.9453380663e+00
1.82000e+02 1.1496988598e+02 1.2931825535e+00
1.83000e+02 1.1566530164e+02 1.2916273199e+00
1.84000e+02 1.1648858534e+02 4.0111624474e+00
1.85000e+02 1.1732290520e+02 1.4700085073e+01
1.86000e+02 1.1802881599e+02 1.2930061629e+00
1.87000e+02 1.1872093383e+02 1.2884153373e+00
1.88000e+02 1.1953979266e+02 5.4251913983e+00
1.89000e+02 1.2040577452e+02 4.2121497575e+00
1.90000e+02 1.2126563424e+02 6.9769727220e+00
1.91000e+02 1.2209401411e+02 1.5372348020e+00
1.92000e+02 1.2279776890e+02 1.2849709278e+00
1.93000e+02 1.2352428355e+02 4.2017254858e+00
1.94000e+02 1.2425741323e+02 4.1896628486e+00
1.95000e+02 1.2494966804e+02 1.2838229258e+00
1.96000e+02 1.2576518037e+02 1.5323510578e+00
1.97000e+02 1.2659299734e+02 1.5302558106e+00
1.98000e+02 1.2729427708e+02 1.2800640456e+00
1.99000e+02 1.2801978546e+02 1.3457686925e+00
2.00000e+02 1.2878202624e+02 2.9668041857e+00
2.01000e+02 1.2954556332e+02 5.7000908314e+00
2.02000e+02 1.3031203265e+02 1.4125175094e+00
2.03000e+02 1.3107916637e+02 1.4147016242e+00
2.04000e+02 1.3184757032e+02 1.4152215486e+00
2.05000e+02 1.3261571355e+02 1.4148158364e+00
2.06000e+02 1.3338466623e+02 1.4139497490e+00
2.07000e+02 1.3412306313e+02 6.9076952214e-01
2.08000e+02 1.3484835444e+02 5.6734814464e+00
2.09000e+02 1.3561955732e+02 1.4155954552e+00
2.10000e+02 1.3638865609e+02 1.4143259459e+00
2.11000e+02 1.3715712928e+02 1.4101819236e+00
2.12000e+02 1.3790811669e+02 1.3622806592e+00
2.13000e+02 1.3860798927e+02 6.1740201197e+00
2.14000e+02 1.3942417968e+02 2.9138507015e+00
2.15000e+02 1.4025169385e+02 7.8876724868e+00
2.16000e+02 1.4095302100e+02 6.1678935053e+00
2.17000e+02 1.4167799304e+02 7.2668848251e+00
2.18000e+02 1.4240963960e+02 7.2402770849e+00
2.19000e+02 1.4310033651e+02 2.9017611826e+00
2.20000e+02 1.4391407940e+02 1.5094875344e+00
2.21000e+02 1.4473998769e+02 1.5063721620e+00
2.22000e+02 1.4543948496e+02 2.8970295506e+00
2.23000e+02 1.4616319194e+02 1.3252689603e+00
2.24000e+02 1.4692346495e+02 4.4167468357e+00
2.25000e+02 1.4768501896e+02 4.4054109190e+00
2.26000e+02 1.4844952450e+02 1.3884371871e+00
2.27000e+02 1.4918473353e+02 9.0699261184e-02
2.28000e+02 1.4980568310e+02 7.8547695773e-02
2.29000e+02 1.5045200585e+02 4.3954605773e+00
2.30000e+02 1.5110543641e+02 5.6367928104e+00
2.31000e+02 1.5171959283e+02 1.4314375571e+00
2.32000e+02 1.5233904599e+02 4.2948001282e+00
2.33000e+02 1.5295254510e+02 3.9607037339e+00
2.34000e+02 1.5368528493e+02 2.8080674000e+00
2.35000e+02 1.5442942640e+02 3.9702934901e+00
2.36000e+02 1.5515929137e+02 2.4886351043e+00
2.37000e+02 1.5589964203e+02 1.3262539471e+00
2.38000e+02 1.5652342619e+02 1.0947836117e+00
2.39000e+02 1.5717345489e+02 1.1620171569e+00
2.40000e+02 1.5783047050e+02 1.1644401931e+00
2.41000e+02 1.5848404728e+02 1.1668238371e+00
2.42000e+02 1.5916445464e+02 3.7323394912e+00
2.43000e+02 1.5981509883e+02 8.9706470700e-02
2.44000e+02 1.6045659300e+02 1.1469401315e+00
2.45000e+02 1.6114457227e+02 5.0420811594e+00
2.46000e+02 1.6183226468e+02 1.2278864534e+00
2.47000e+02 1.6251937151e+02 1.2257861258e+00
2.48000e+02 1.6320815583e+02 1.2256522504e+00
2.49000e+02 1.6389606331e+02 1.2252272491e+00
2.50000e+02 1.6458544648e+02 1.2246008682e+00
2.51000e+02 1.6524345006e+02 1.1531525912e+00
2.52000e+02 1.6588933019e+02 3.7631664873e+00
2.53000e+02 1.6654565389e+02 3.7577234300e+00
2.54000e+02 1.6709481661e+02 1.1614381103e+00
2.55000e+02 1.6767175048e+02 5.0048387103e+00
2.56000e+02 1.6825543681e+02 6.0921616005e+00
2.57000e+02 1.6883667156e+02 1.0088887022e+00
2.58000e+02 1.6942272655e+02 1.0102484798e+00
2.59000e+02 1.6996952780e+02 6.1685434048e+00
2.60000e+02 1.7062373710e+02 1.1555137902e+00
2.61000e+02 1.7128926718e+02 1.1635646559e+00
2.62000e+02 1.7194151769e+02 1.1604422982e+00
2.63000e+02 1.7260377987e+02 1.1560139607e+00
2.64000e+02 1.7315658417e+02 6.0113552571e+00
2.65000e+02 1.7373696443e+02 1.0083837395e+00
2.66000e+02 1.7433918339e+02 3.3772794492e+00
2.67000e+02 1.7491059514e+02 9.0850429933e-02
2.68000e+02 1.7538383334e+02 9.2780925839e-01
2.69000e+02 1.7585003272e+02 2.8703477209e+00
2.70000e+02 1.7632432271e+02 7.7975542801e-01
2.71000e+02 1.7679518613e+02 7.8363970943e-01
2.72000e+02 1.7727323970e+02 7.8661965329e-01
2.73000e+02 1.7778447211e+02 1.2909282753e+00
2.74000e+02 1.7830976333e+02 1.6768731969e-01
2.75000e+02 1.7883420812e+02 4.2662961110e+00
2.76000e+02 1.7936381858e+02 8.9266497459e-01
2.77000e+02 1.7986192789e+02 2.1288157224e+00
2.78000e+02 1.8026746572e+02 7.2515739927e-02
2.79000e+02 1.8066590323e+02 6.4096390625e-01
2.80000e+02 1.8115972053e+02 3.0323520633e+00
2.81000e+02 1.8166444803e+02 8.3381972813e-01
2.82000e+02 1.8207264839e+02 6.4298548031e-01
2.83000e+02 1.8251135849e+02 6.5173035687e-01
2.84000e+02 1.8295625282e+02 3.0680973529e+00
2.85000e+02 1.8340004190e+02 9.8577944502e-01
2.86000e+02 1.8384745605e+02 7.2614678955e-01
2.87000e+02 1.8429320822e+02 7.2738373344e-01
2.88000e+02 1.8474195501e+02 1.9904634137e+00
2.89000e+02 1.8515857757e+02 8.8104936379e-02
2.90000e+02 1.8556880155e+02 6.6137576222e-01
2.91000e+02 1.8598947328e+02 6.6476356027e-01
2.92000e+02 1.8640224909e+02 6.6665061807e-01
2.93000e+02 1.8685905226e+02 2.8126036435e+00
2.94000e+02 1.8731773625e+02 7.4840115932e-01
2.95000e+02 1.8774283476e+02 6.7041075242e-01
2.96000e+02 1.8808177861e+02 1.3810268165e+00
2.97000e+02 1.8845166454e+02 9.5413836674e-01
2.98000e+02 1.8882712827e+02 1.6078901630e+00
2.99000e+02 1.8920228817e+02 5.8155163965e-01
3.00000e+02 1.8958050120e+02 5.8371939222e-01
3.01000e+02 1.8992136064e+02 2.1687650496e+00
3.02000e+02 1.9034667809e+02 6.8228198204e-01
3.03000e+02 1.9078146333e+02 6.9128643097e-01
3.04000e+02 1.9120508286e+02 6.8889723091e-01
3.05000e+02 1.9163706982e+02 6.8541004176e-01
3.06000e+02 1.9198003968e+02 1.5381803335e+00
3.07000e+02 1.9231761954e+02 1.3665284513e+00
3.08000e+02 1.9266145228e+02 5.4818343651e-01
3.09000e+02 1.9300240085e+02 5.1348324260e-01
3.10000e+02 1.9334867347e+02 5.1540962953e-01
3.11000e+02 1.9369145814e+02 5.1673032151e-01
3.12000e+02 1.9412297376e+02 6.9262072462e-01
3.13000e+02 1.9456293894e+02 1.0329869707e+00
3.14000e+02 1.9499103589e+02 1.0285353084e+00
3.15000e+02 1.9546100010e+02 1.9202271315e+00
3.16000e+02 1.9593120587e+02 2.9261538809e+00
3.17000e+02 1.9636687101e+02 6.9012609679e-01
3.18000e+02 1.9671456573e+02 5.1763569261e-01
3.19000e+02 1.9705537063e+02 6.9244635581e-01
3.20000e+02 1.9748417723e+02 6.9014562086e-01
3.21000e+02 1.9795651787e+02 1.7661908254e+00
3.22000e+02 1.9843174363e+02 2.3652705373e+00
3.23000e+02 1.9889747722e+02 3.0366146321e+00
3.24000e+02 1.9936228310e+02 7.5490032245e-01
3.25000e+02 1.9978654571e+02 7.7291319343e-01
3.26000e+02 2.0021246013e+02 1.5421138888e+00
3.27000e+02 2.0067027114e+02 7.4622283127e-01
3.28000e+02 2.0113197910e+02 7.4237870137e-01
3.29000e+02 2.0155428895e+02 6.7185546027e-01
3.30000e+02 2.0206925502e+02 1.6482294246e-01
3.31000e+02 2.0259343332e+02 1.4517768552e+00
3.32000e+02 2.0310473408e+02 1.3679962994e+00
3.33000e+02 2.0362433935e+02 8.5290516924e-01
3.34000e+02 2.0404659158e+02 7.3499434163e-01
3.35000e+02 2.0449843747e+02 7.3567120336e-01
3.36000e+02 2.0495771411e+02 2.9808841857e+00
3.37000e+02 2.0541571261e+02 2.9635611612e+00
3.38000e+02 2.0588496956e+02 7.4248450855e-01
3.39000e+02 2.0631004079e+02 8.6023958012e-01
3.40000e+02 2.0673461765e+02 7.9423104144e-01
3.41000e+02 2.0719085255e+02 8.8741970083e-01
3.42000e+02 2.0765277565e+02 7.3953018604e-01
3.43000e+02 2.0811254922e+02 7.4056571955e-01
3.44000e+02 2.0857739859e+02 7.4275142480e-01
3.45000e+02 2.0904033978e+02 7.4517629040e-01
3.46000e+02 2.0950689648e+02 7.4613844477e-01
3.47000e+02 2.0997079964e+02 7.4635427830e-01
3.48000e+02 2.1043793199e+02 7.4618357720e-01
3.49000e+02 2.1087119042e+02 5.8387112440e-01
3.50000e+02 2.1129475590e+02 3.7310648957e+00
3.51000e+02 2.1172709402e+02 3.0561955609e+00
3.52000e+02 2.1207188574e+02 7.4977626217e-01
3.53000e+02 2.1241128834e+02 3.6416651992e+00
3.54000e+02 2.1275697932e+02 2.8093613913e+00
3.55000e+02 2.1313710290e+02 2.8955177025e+00
3.56000e+02 2.1352182829e+02 3.6946229130e+00
3.57000e+02 2.1390537376e+02 5.8143249712e-01
3.58000e+02 2.1429151284e+02 5.8226475587e-01
3.59000e+02 2.1463972343e+02 5.0727063250e-01
3.60000e+02 2.1507281435e+02 6.7920414572e-01
3.61000e+02 2.1551503938e+02 6.8841184133e-01
3.62000e+02 2.1594566674e+02 6.8525987604e-01
3.63000e+02 2.1641830773e+02 1.9138683110e+00
3.64000e+02 2.1689504296e+02 9.0596153357e-02
3.65000e+02 2.1732649009e+02 9.4787345725e-01
3.66000e+02 2.1784641443e+02 6.4384928343e-01
3.67000e+02 2.1840886554e+02 1.8031568621e-01
3.68000e+02 2.1896506955e+02 8.6814660507e-01
3.69000e+02 2.1947298043e+02 7.1966918333e-01
3.70000e+02 2.1997917401e+02 2.3331410719e+00
3.71000e+02 2.2051485340e+02 1.6916004214e+00
3.72000e+02 2.2106362997e+02 2.1737340271e+00
3.73000e+02 2.2160997537e+02 9.0525593014e-01
3.74000e+02 2.2215979079e+02 9.0538952750e-01
3.75000e+02 2.2267701013e+02 2.2257399482e+00
3.76000e+02 2.2309923004e+02 9.8307800628e-02
3.77000e+02 2.2355008629e+02 8.7374418441e-01
3.78000e+02 2.2400769796e+02 4.9227209071e-01
3.79000e+02 2.2443292734e+02 6.2195433420e-03
3.80000e+02 2.2477361701e+02 7.9134019476e-01
3.81000e+02 2.2510983067e+02 1.5400267131e+00
3.82000e+02 2.2545306957e+02 4.8588400690e-01
3.83000e+02 2.2583141329e+02 4.1926728696e-01
3.84000e+02 2.2620925331e+02 7.3558324084e-02
3.85000e+02 2.2658537079e+02 1.1525512752e+00
3.86000e+02 2.2696818272e+02 5.6568145896e-01
3.87000e+02 2.2731799729e+02 1.2005321625e+00
3.88000e+02 2.2766011540e+02 2.6967006243e+00
3.89000e+02 2.2801122784e+02 4.9817973364e-01
3.90000e+02 2.2828208773e+02 7.2379009347e-02
3.91000e+02 2.2854960522e+02 9.1358381545e-01
3.92000e+02 2.2889875839e+02 5.0471661047e-01
3.93000e+02 2.2929113684e+02 5.8137674305e-01
3.94000e+02 2.2969403304e+02 3.0167986257e+00
3.95000e+02 2.3005317163e+02 5.9583299401e-01
3.96000e+02 2.3049333409e+02 9.1009296205e-02
3.97000e+02 2.3094131163e+02 6.9199527938e-01
3.98000e+02 2.3129655419e+02 1.5922900527e+00
3.99000e+02 2.3168184365e+02 1.5703804359e+00
4.00000e+02 2.3207187692e+02 5.8237422877e-01
4.01000e+02 2.3242395172e+02 5.1023357974e-01
4.02000e+02 2.3277836732e+02 5.0889640038e-01
4.03000e+02 2.3312872113e+02 5.0666651735e-01
4.04000e+02 2.3356782578e+02 6.9024546963e-01
4.05000e+02 2.3401522663e+02 9.3418989831e-01
4.06000e+02 2.3436962228e+02 5.0613989772e-01
4.07000e+02 2.3475458040e+02 5.8146050337e-01
4.08000e+02 2.3513958082e+02 2.7630511175e+00
4.09000e+02 2.3552254769e+02 2.7508764921e+00
4.10000e+02 2.3592350434e+02 1.0268065732e+00
4.11000e+02 2.3631768956e+02 1.1159196364e+00
4.12000e+02 2.3671125947e+02 6.6882874170e-01
4.13000e+02 2.3710214309e+02 5.8394554829e-01
4.14000e+02 2.3749467366e+02 5.8232225687e-01
4.15000e+02 2.3784865060e+02 5.0925689170e-01
4.16000e+02 2.3820453334e+02 1.2610641617e+00
4.17000e+02 2.3859352158e+02 5.7984454829e-01
4.18000e+02 2.3898626967e+02 5.7948223207e-01
4.19000e+02 2.3937713504e+02 5.8077988349e-01
4.20000e+02 2.3977012238e+02 5.8043834223e-01
4.21000e+02 2.4016118850e+02 5.8005866256e-01
4.22000e+02 2.4054794824e+02 5.6981767668e-01
4.23000e+02 2.4093274720e+02 2.3295798199e+00
4.24000e+02 2.4132366165e+02 2.3314049553e+00
4.25000e+02 2.4171226836e+02 5.7438142752e-01
4.26000e+02 2.4211784194e+02 5.9206484856e-01
4.27000e+02 2.4251517300e+02 5.9773771559e-01
4.28000e+02 2.4291116194e+02 5.8755533560e-01
4.29000e+02 2.4326758116e+02 1.2622453764e+00
4.30000e+02 2.4362539597e+02 2.3380144616e+00
4.31000e+02 2.4401600347e+02 5.8024421598e-01
4.32000e+02 2.4441018808e+02 5.7785964499e-01
4.33000e+02 2.4476577824e+02 2.3348473930e+00
4.34000e+02 2.4512339864e+02 5.7946955209e-01
4.35000e+02 2.4547670042e+02 5.7660169620e-01
4.36000e+02 2.4583453376e+02 5.0315791632e-01
4.37000e+02 2.4622547778e+02 5.7761830893e-01
4.38000e+02 2.4661547111e+02 5.7288592959e-01
4.39000e+02 2.4700264171e+02 1.1837125631e+00
4.40000e+02 2.4740727475e+02 5.8748911609e-01
4.41000e+02 2.4780472517e+02 5.9340803356e-01
4.42000e+02 2.4820133816e+02 5.8479458086e-01
4.43000e+02 2.4855853116e+02 5.0654597044e-01
4.44000e+02 2.4900027306e+02 5.5875374555e+00
4.45000e+02 2.4945071830e+02 5.3397829408e+00
4.46000e+02 2.4988909601e+02 6.7943447223e-01
4.47000e+02 2.5033529540e+02 6.7450919639e-01
4.48000e+02 2.5077113982e+02 6.7130139440e-01
4.49000e+02 2.5121553282e+02 6.6882369734e-01
4.50000e+02 2.5156992497e+02 6.6346915469e-01
4.51000e+02 2.5191842269e+02 1.4947702687e+00
4.52000e+02 2.5227296260e+02 1.3325523425e+00
4.53000e+02 2.5266154242e+02 5.7533917778e-01
4.54000e+02 2.5304982976e+02 3.2056110854e+00
4.55000e+02 2.5343571478e+02 2.5882842569e+00
4.56000e+02 2.5383920068e+02 1.3392774801e+00
4.57000e+02 2.5423576798e+02 1.4264459204e+00
4.58000e+02 2.5462528213e+02 5.6213455448e-01
4.59000e+02 2.5501228821e+02 5.6269348339e-01
4.60000e+02 2.5540504604e+02 5.6537446531e-01
4.61000e+02 2.5579535215e+02 5.6810912692e-01
4.62000e+02 2.5618991242e+02 5.6934345798e-01
4.63000e+02 2.5658131001e+02 5.6986559263e-01
4.64000e+02 2.5697657862e+02 5.7000406801e-01
4.65000e+02 2.5736847856e+02 5.6993640959e-01
4.66000e+02 2.5777658150e+02 6.7199578309e-01
4.67000e+02 2.5813989285e+02 5.0537357231e-01
4.68000e+02 2.5850133667e+02 6.7428263891e-01
4.69000e+02 2.5889445206e+02 2.2611377726e+00
4.70000e+02 2.5928561706e+02 5.6526286704e-01
4.71000e+02 2.5964220865e+02 1.0763668792e+00
4.72000e+02 2.5991958853e+02 2.1748127049e+00
4.73000e+02 2.6019309799e+02 2.7564443467e+00
4.74000e+02 2.6054868970e+02 3.4171439224e+00
4.75000e+02 2.6091367578e+02 2.2579529783e+00
4.76000e+02 2.6126857024e+02 5.0104653445e-01
4.77000e+02 2.6163157334e+02 4.9856251200e-01
4.78000e+02 2.6198571801e+02 4.9731415061e-01
4.79000e+02 2.6238225806e+02 5.6933771704e-01
4.80000e+02 2.6278048372e+02 1.0068683904e+00
4.81000e+02 2.6314376766e+02 4.9709766944e-01
4.82000e+02 2.6349806518e+02 4.9675342881e-01
4.83000e+02 2.6386052375e+02 4.9543131655e-01
4.84000e+02 2.6414123034e+02 3.3562742375e-01
4.85000e+02 2.6441777903e+02 1.5735788334e+00
4.86000e+02 2.6477619895e+02 4.9905828407e-01
4.87000e+02 2.6514361389e+02 5.0351559038e-01
4.88000e+02 2.6542640705e+02 1.5740918261e+00
4.89000e+02 2.6574151930e+02 1.4925559950e+00
4.90000e+02 2.6606164606e+02 4.0752064381e+00
4.91000e+02 2.6634497697e+02 5.0534143621e-01
4.92000e+02 2.6663051755e+02 5.0758352207e-01
4.93000e+02 2.6695016205e+02 8.3131821625e-01
4.94000e+02 2.6727330987e+02 5.0785714898e-01
4.95000e+02 2.6759548732e+02 5.0988224789e-01
4.96000e+02 2.6790631159e+02 1.4071471374e+00
4.97000e+02 2.6821462667e+02 2.3233765384e+00
4.98000e+02 2.6854797730e+02 4.3198344729e-01
4.99000e+02 2.6887571621e+02 4.3711291393e-01
5.00000e+02 2.6918876441e+02 3.9768921039e-01
5.01000e+02 2.6946685988e+02 2.5646718044e-01
5.02000e+02 2.6967338716e+02 7.7944312531e-01
5.03000e+02 2.6991430679e+02 4.9474492340e-02
5.04000e+02 2.7016051568e+02 3.0010903486e-01
5.05000e+02 2.7037120364e+02 1.0518073855e+00
5.06000e+02 2.7065251151e+02 8.2136529815e-01
5.07000e+02 2.7097570366e+02 6.7463274621e-01
5.08000e+02 2.7131596453e+02 3.3577614956e-01
5.09000e+02 2.7164939153e+02 6.9041188568e-01
5.10000e+02 2.7198093173e+02 4.3927663166e-01
5.11000e+02 2.7227313878e+02 8.1519089878e-02
5.12000e+02 2.7256595760e+02 7.2658799355e-01
5.13000e+02 2.7285461602e+02 7.2231277747e-01
5.14000e+02 2.7314685221e+02 3.5444810559e-01
5.15000e+02 2.7343516374e+02 3.5374677215e-01
5.16000e+02 2.7380511279e+02 7.6259928720e-01
5.17000e+02 2.7421600002e+02 8.6197280118e-01
5.18000e+02 2.7463484114e+02 7.9572468748e-01
5.19000e+02 2.7504454081e+02 1.3100389814e+00
5.20000e+02 2.7545227965e+02 5.8920289736e-01
5.21000e+02 2.7581940716e+02 7.8815982528e-02
5.22000e+02 2.7627114644e+02 9.4290105970e-01
5.23000e+02 2.7673086184e+02 2.3601720628e+00
5.24000e+02 2.7709638964e+02 1.0269898153e+00
5.25000e+02 2.7745445149e+02 1.0168971573e+00
5.26000e+02 2.7781770458e+02 4.9203754039e-01
5.27000e+02 2.7821422579e+02 5.7543523481e-01
5.28000e+02 2.7861045730e+02 2.3017406437e+00
5.29000e+02 2.7900383454e+02 1.3660326658e+00
5.30000e+02 2.7941394521e+02 5.7723163161e-01
5.31000e+02 2.7978046305e+02 5.0000149270e-01
5.32000e+02 2.8014573580e+02 5.0152114852e-01
5.33000e+02 2.8054292337e+02 5.7732076494e-01
5.34000e+02 2.8093876014e+02 6.8078350155e-01
5.35000e+02 2.8130004214e+02 1.6001611639e+00
5.36000e+02 2.8165455176e+02 2.1848197394e+00
5.37000e+02 2.8201829470e+02 4.8650129538e-01
5.38000e+02 2.8230006619e+02 7.4288243182e-02
5.39000e+02 2.8261502515e+02 8.2228602353e-02
5.40000e+02 2.8293549342e+02 4.0495466098e-01
5.41000e+02 2.8321948349e+02 9.0253220542e-01
5.42000e+02 2.8350594944e+02 7.4853463513e-01
5.43000e+02 2.8378950165e+02 3.3752184438e-01
5.44000e+02 2.8407747294e+02 3.3868966099e-01
5.45000e+02 2.8436222767e+02 3.3955348531e-01
5.46000e+02 2.8465132255e+02 3.4033752194e-01
5.47000e+02 2.8493706003e+02 3.4097993977e-01
5.48000e+02 2.8522700114e+02 3.4148518155e-01
5.49000e+02 2.8555075907e+02 4.1334867316e-01
5.50000e+02 2.8586635667e+02 1.3231583818e+00
5.51000e+02 2.8614684425e+02 1.2741961941e+00
5.52000e+02 2.8635474362e+02 8.2041734369e-02
5.53000e+02 2.8659731514e+02 8.1870178880e-01
5.54000e+02 2.8684531782e+02 1.7705581687e+00
5.55000e+02 2.8709452606e+02 8.7553613493e-01
5.56000e+02 2.8732536364e+02 1.1881619746e+00
5.57000e+02 2.8755372640e+02 2.9030516500e+00
5.58000e+02 2.8781475419e+02 2.7548036943e-01
5.59000e+02 2.8807205644e+02 3.2616841269e-01
5.60000e+02 2.8832804074e+02 3.2079875382e-01
5.61000e+02 2.8854631094e+02 1.9171672622e-01
5.62000e+02 2.8876535156e+02 5.9943875092e-01
5.63000e+02 2.8901877673e+02 2.7373134794e-01
5.64000e+02 2.8925579993e+02 2.3001467746e-01
5.65000e+02 2.8948907311e+02 2.8251885807e-01
5.66000e+02 2.8972975779e+02 2.8589781411e-01
5.67000e+02 2.8993546101e+02 4.4209526359e-01
5.68000e+02 2.9013466723e+02 2.1096987714e+00
5.69000e+02 2.9037483888e+02 2.4468660778e-01
5.70000e+02 2.9064158033e+02 2.8421477048e-01
5.71000e+02 2.9086771348e+02 8.3996015535e-01
5.72000e+02 2.9109208097e+02 4.4767457223e-01
5.73000e+02 2.9131255842e+02 2.0831330722e-01
5.74000e+02 2.9153585052e+02 2.0702960037e-01
5.75000e+02 2.9179315656e+02 2.8781143321e-01
5.76000e+02 2.9203446550e+02 2.4506618245e-01
5.77000e+02 2.9223968322e+02 6.5356396712e-01
5.78000e+02 2.9243997936e+02 5.8958810386e-01
5.79000e+02 2.9268171092e+02 2.4638102863e-01
5.80000e+02 2.9292778169e+02 3.4881809452e-01
5.81000e+02 2.9313797148e+02 1.7317900336e-01
5.82000e+02 2.9328136766e+02 7.9895918340e-02
5.83000e+02 2.9342243378e+02 2.9561818589e-01
5.84000e+02 2.9356818325e+02 2.9767585815e-01
5.85000e+02 2.9375004995e+02 4.7170863717e-01
5.86000e+02 2.9390893932e+02 8.5824419386e-02
5.87000e+02 2.9403158833e+02 3.8185556032e-02
5.88000e+02 2.9409694069e+02 6.0458028673e-03
5.89000e+02 2.9419997712e+02 6.9083212356e-03
5.90000e+02 2.9427439176e+02 1.2262209308e-01
5.91000e+02 2.9434554257e+02 1.4112764777e-01
5.92000e+02 2.9446351516e+02 6.1689309142e-01
5.93000e+02 2.9454463721e+02 4.5490921741e-03
5.94000e+02 2.9467806996e+02 6.7995058920e-02
5.95000e+02 2.9481795542e+02 3.5808299651e-02
5.96000e+02 2.9489348763e+02 1.7081260433e-02
5.97000e+02 2.9500492792e+02 8.2065176854e-03
5.98000e+02 2.9508728037e+02 4.3710296562e-02
5.99000e+02 2.9516526947e+02 1.1272738331e-01
6.00000e+02 2.9528877225e+02 2.6681167635e-03
6.01000e+02 2.9537472032e+02 2.1890196430e-02
6.02000e+02 2.9545842493e+02 2.5916554378e-05
6.03000e+02 2.9557705396e+02 4.5232975415e-03
6.04000e+02 2.9569696051e+02 9.2254971663e-04
6.05000e+02 2.9581762330e+02 2.9553908224e-03
6.06000e+02 2.9590391436e+02 3.9386072516e-03
6.07000e+02 2.9595331679e+02 8.5976834988e-02
6.08000e+02 2.9600002577e+02 6.5902656801e-02
6.09000e+02 2.9608685880e+02 7.1001117358e-03
6.10000e+02 2.9618001220e+02 9.9602763703e-04
6.11000e+02 2.9626820638e+02 1.3611480766e-03
6.12000e+02 2.9636300681e+02 3.0068199493e-03
6.13000e+02 2.9645232661e+02 1.1256139086e-03
6.14000e+02 2.9654803955e+02 2.0369919169e-03
6.15000e+02 2.9660577228e+02 8.3303008713e-03
6.16000e+02 2.9661116807e+02 7.0837605756e-02
6.17000e+02 2.9665333742e+02 7.8493438358e-02
6.18000e+02 2.9669882722e+02 1.4675776845e-01
6.19000e+02 2.9674702933e+02 4.6467525576e-02
6.20000e+02 2.9679496015e+02 2.4410158205e-03
6.21000e+02 2.9684492432e+02 1.7620617457e-03
6.22000e+02 2.9689421695e+02 1.3618168259e-03
6.23000e+02 2.9694533337e+02 1.1522440807e-03
6.24000e+02 2.9695420691e+02 8.6839397037e-02
6.25000e+02 2.9692579289e+02 1.5648970113e-01
6.26000e+02 2.9689586537e+02 6.7059209728e-02
6.27000e+02 2.9690549747e+02 2.1894053025e-01
6.28000e+02 2.9696329949e+02 8.5093865207e-03
6.29000e+02 2.9702152640e+02 7.4700331955e-02
6.30000e+02 2.9707697265e+02 2.3557658349e-03
6.31000e+02 2.9713307055e+02 4.4824121287e-03
6.32000e+02 2.9714681748e+02 2.1384820668e-01
6.33000e+02 2.9712267553e+02 3.8482571515e-03
6.34000e+02 2.9705484428e+02 1.4852049934e-01
6.35000e+02 2.9699015822e+02 2.8799513117e-01
6.36000e+02 2.9697084956e+02 2.0810272632e-01
6.37000e+02 2.9695785939e+02 1.3722020312e-01
6.38000e+02 2.9693814662e+02 4.0411199673e-04
6.39000e+02 2.9692390657e+02 1.2498745610e-03
6.40000e+02 2.9686032893e+02 1.2148110559e-01
6.41000e+02 2.9679980796e+02 1.9899818165e-01
6.42000e+02 2.9674298126e+02 6.7509435900e-03
6.43000e+02 2.9668731190e+02 1.1595810501e-02
6.44000e+02 2.9667572990e+02 8.1307657169e-03
6.45000e+02 2.9670169973e+02 1.8926055532e-02
6.46000e+02 2.9673124438e+02 3.4704848262e-02
6.47000e+02 2.9675360730e+02 3.6069080836e-03
6.48000e+02 2.9678201857e+02 4.7366788624e-03
6.49000e+02 2.9680363868e+02 7.4281369460e-04
6.50000e+02 2.9687348233e+02 1.1133732395e-01
6.51000e+02 2.9694117531e+02 9.9630913772e-02
6.52000e+02 2.9700480394e+02 1.0574629727e-01
6.53000e+02 2.9703144499e+02 8.2310410166e-02
6.54000e+02 2.9705644384e+02 1.7705741376e-02
6.55000e+02 2.9707980145e+02 7.0400700777e-03
6.56000e+02 2.9710413681e+02 6.6348195810e-04
6.57000e+02 2.9712706575e+02 4.2866404083e-04
6.58000e+02 2.9715122524e+02 1.7587776696e-04
6.59000e+02 2.9717406409e+02 9.0086242523e-05
6.60000e+02 2.9724847022e+02 1.0054989169e-01
6.61000e+02 2.9732771791e+02 7.5565022118e-02
6.62000e+02 2.9739772043e+02 4.4036142066e-03
6.63000e+02 2.9747263847e+02 8.7288507477e-03
6.64000e+02 2.9754021097e+02 2.4300176315e-03
6.65000e+02 2.9764632015e+02 1.0179541546e-01
6.66000e+02 2.9775682861e+02 1.0730911739e-02
6.67000e+02 2.9786128533e+02 1.2372640418e-02
6.68000e+02 2.9800606260e+02 8.1148635986e-02
6.69000e+02 2.9811082060e+02 1.7554168477e-01
6.70000e+02 2.9821198517e+02 7.7391964114e-02
6.71000e+02 2.9834671812e+02 4.2466910007e-02
6.72000e+02 2.9848191206e+02 3.2841108378e-02
6.73000e+02 2.9858010063e+02 6.5694184436e-03
6.74000e+02 2.9867762536e+02 3.8397723630e-02
6.75000e+02 2.9877284968e+02 4.3171549093e-03
6.76000e+02 2.9892721699e+02 5.2912247745e-03
6.77000e+02 2.9911997454e+02 1.8231471568e-01
6.78000e+02 2.9931365870e+02 2.4334025000e-01
6.79000e+02 2.9950063003e+02 1.4329680777e-01
6.80000e+02 2.9969163126e+02 1.4047057872e-01
6.81000e+02 2.9984457783e+02 8.2882350014e-02
6.82000e+02 2.9993542917e+02 6.6733875425e-03
6.83000e+02 3.0006066036e+02 3.1271963911e-01
6.84000e+02 3.0018894269e+02 3.0549531540e-01
6.85000e+02 3.0028170591e+02 9.1278022089e-03
6.86000e+02 3.0043060767e+02 2.9785251139e-01
6.87000e+02 3.0061917645e+02 1.5770423503e-01
6.88000e+02 3.0080940335e+02 1.5677220541e-01
6.89000e+02 3.0099337182e+02 1.3623843980e-01
6.90000e+02 3.0118176282e+02 1.3426630320e-01
6.91000e+02 3.0136431183e+02 1.3271257969e-01
6.92000e+02 3.0155157555e+02 1.3145258608e-01
6.93000e+02 3.0170114655e+02 2.8161173319e-01
6.94000e+02 3.0178950025e+02 3.0990927274e-01
6.95000e+02 3.0187579356e+02 3.0312945728e-01
6.96000e+02 3.0196567619e+02 1.5289314982e-03
6.97000e+02 3.0209164612e+02 4.2280734359e-01
6.98000e+02 3.0221961719e+02 4.2207327621e-01
6.99000e+02 3.0231172464e+02 7.3415352107e-03
7.00000e+02 3.0240393108e+02 4.2470834420e-01
7.01000e+02 3.0253156291e+02 1.7021192105e-02
7.02000e+02 3.0262873910e+02 9.0087530772e-02
7.03000e+02 3.0268846088e+02 3.5390716199e-01
7.04000e+02 3.0274507203e+02 3.3393799399e-01
7.05000e+02 3.0280911852e+02 4.3247148976e-03
7.06000e+02 3.0281786684e+02 6.6453944569e-02
7.07000e+02 3.0282853412e+02 2.7645597232e-01
7.08000e+02 3.0284363213e+02 6.3496932695e-03
7.09000e+02 3.0289628151e+02 7.4982462380e-02
7.10000e+02 3.0295097093e+02 1.3118495530e-01
7.11000e+02 3.0300766962e+02 1.0130741130e-01
7.12000e+02 3.0302342042e+02 8.1425392717e-02
7.13000e+02 3.0303431482e+02 1.5602796708e-01
7.14000e+02 3.0305488004e+02 2.7289992661e-03
7.15000e+02 3.0307059661e+02 4.8221690074e-03
7.16000e+02 3.0313631952e+02 9.0172618910e-02
7.17000e+02 3.0320092239e+02 7.6166052082e-02
7.18000e+02 3.0326211553e+02 4.7278028755e-02
7.19000e+02 3.0328685087e+02 2.0411404375e-02
7.20000e+02 3.0335888285e+02 7.8774021851e-03
7.21000e+02 3.0343659710e+02 4.6376385696e-02
7.22000e+02 3.0345519491e+02 1.9497104732e-01
7.23000e+02 3.0351035493e+02 9.4428537897e-03
7.24000e+02 3.0356856847e+02 1.7411393870e-02
7.25000e+02 3.0359191926e+02 4.3623197410e-02
7.26000e+02 3.0361497259e+02 3.9124061364e-02
7.27000e+02 3.0367411693e+02 3.9843249838e-03
7.28000e+02 3.0369516266e+02 4.5849505636e-02
7.29000e+02 3.0367797147e+02 1.3714409255e-01
7.30000e+02 3.0365856291e+02 2.3495171381e-01
7.31000e+02 3.0364608472e+02 1.8690936066e-01
7.32000e+02 3.0362893370e+02 2.2575507872e-03
7.33000e+02 3.0365076022e+02 9.8066898659e-02
7.34000e+02 3.0367905358e+02 1.8790235721e-01
7.35000e+02 3.0370160991e+02 1.5012549802e-02
7.36000e+02 3.0377219263e+02 3.1210390052e-02
7.37000e+02 3.0384123327e+02 8.2828913980e-02
7.38000e+02 3.0386684842e+02 1.7675742680e-02
7.39000e+02 3.0385348119e+02 8.8904505272e-04
7.40000e+02 3.0383739732e+02 1.1189922231e-01
7.41000e+02 3.0386028794e+02 3.0844891683e-02
7.42000e+02 3.0392949389e+02 1.3767690972e-03
7.43000e+02 3.0399840840e+02 1.5015142508e-03
7.44000e+02 3.0406420098e+02 3.4133702083e-03
7.45000e+02 3.0413017546e+02 6.3499924612e-03
7.46000e+02 3.0419447671e+02 1.4913313443e-03
7.47000e+02 3.0425959615e+02 2.3448704721e-03
7.48000e+02 3.0428317532e+02 3.2850035183e-02
7.49000e+02 3.0430143896e+02 1.0902175853e-02
7.50000e+02 3.0432884079e+02 7.0686052531e-03
7.51000e+02 3.0431872512e+02 3.2515629121e-03
7.52000e+02 3.0430437161e+02 3.9974965594e-02
7.53000e+02 3.0432857247e+02 5.9372281774e-03
7.54000e+02 3.0439887501e+02 6.0012867378e-03
7.55000e+02 3.0443224664e+02 1.8160151723e-01
7.56000e+02 3.0451145249e+02 9.9490655407e-02
7.57000e+02 3.0462853441e+02 9.8876335091e-02
7.58000e+02 3.0478048064e+02 2.6894694955e-02
7.59000e+02 3.0492837756e+02 6.1904960627e-02
7.60000e+02 3.0504039672e+02 1.8932607632e-01
7.61000e+02 3.0511342438e+02 8.3143331220e-02
7.62000e+02 3.0513290381e+02 5.0269218765e-02
7.63000e+02 3.0515268375e+02 6.3810651571e-02
7.64000e+02 3.0517604050e+02 3.8773170730e-03
7.65000e+02 3.0519937059e+02 7.4235952514e-03
7.66000e+02 3.0527506062e+02 9.5261631178e-02
7.67000e+02 3.0535622686e+02 1.0134693445e-02
7.68000e+02 3.0542863358e+02 3.2832997879e-03
7.69000e+02 3.0550631272e+02 6.7671262340e-03
7.70000e+02 3.0557689217e+02 1.8272743346e-03
7.71000e+02 3.0565343715e+02 2.9595932717e-03
7.72000e+02 3.0567248192e+02 4.3119830513e-03
7.73000e+02 3.0572913537e+02 7.3288714127e-02
7.74000e+02 3.0575125176e+02 8.9902773294e-02
7.75000e+02 3.0576841424e+02 1.2678723206e-01
7.76000e+02 3.0583624827e+02 9.5484566082e-02
7.77000e+02 3.0590393569e+02 7.8778905640e-02
7.78000e+02 3.0592893875e+02 8.7870722261e-02
7.79000e+02 3.0594821407e+02 9.3276242570e-02
7.80000e+02 3.0601807746e+02 7.6670771120e-02
7.81000e+02 3.0605064418e+02 5.2472787218e-02
7.82000e+02 3.0612870215e+02 8.3278875128e-02
7.83000e+02 3.0624491732e+02 3.2687969878e-02
7.84000e+02 3.0636307665e+02 9.3156269556e-02
7.85000e+02 3.0647411212e+02 8.7883414723e-02
7.86000e+02 3.0662481073e+02 9.4115826337e-02
7.87000e+02 3.0677132384e+02 8.4105966332e-02
7.88000e+02 3.0691387859e+02 6.2597389412e-02
7.89000e+02 3.0705513736e+02 4.5896828055e-02
7.90000e+02 3.0716239367e+02 1.0903019911e-02
7.91000e+02 3.0726434881e+02 4.2070833161e-02
7.92000e+02 3.0740944457e+02 4.8391951073e-02
7.93000e+02 3.0755194009e+02 4.9580309561e-02
7.94000e+02 3.0765874662e+02 3.2943769595e-02
7.95000e+02 3.0772760486e+02 5.5230570987e-02
7.96000e+02 3.0774396389e+02 2.4802225156e-02
7.97000e+02 3.0779781246e+02 8.8646948631e-02
7.98000e+02 3.0785543437e+02 1.2650142702e-01
7.99000e+02 3.0787888331e+02 3.1884185002e-02
8.00000e+02 3.0790250959e+02 8.1291045326e-02
8.01000e+02 3.0792563831e+02 6.0749413181e-02
8.02000e+02 3.0800077643e+02 3.0473701404e-02
8.03000e+02 3.0808145674e+02 6.6135271331e-03
8.04000e+02 3.0810238863e+02 2.6943923420e-03
8.05000e+02 3.0816010816e+02 7.3605065482e-02
8.06000e+02 3.0822109965e+02 7.0161876542e-02
8.07000e+02 3.0824729444e+02 3.3509299397e-02
8.08000e+02 3.0827330247e+02 6.8455329564e-02
8.09000e+02 3.0829849288e+02 1.0043755453e-03
8.10000e+02 3.0832530385e+02 8.0293958672e-04
8.11000e+02 3.0835112828e+02 6.3401754929e-04
8.12000e+02 3.0837855862e+02 6.1937339933e-04
8.13000e+02 3.0844188901e+02 5.6108596202e-03
8.14000e+02 3.0846768594e+02 8.1009590965e-02
8.15000e+02 3.0848757849e+02 1.9212362828e-01
8.16000e+02 3.0851642670e+02 7.8910702182e-02
8.17000e+02 3.0854005255e+02 3.4328739615e-02
8.18000e+02 3.0857105954e+02 2.1587704928e-03
8.19000e+02 3.0859611114e+02 1.4257488229e-03
8.20000e+02 3.0862810620e+02 9.8807772898e-04
8.21000e+02 3.0865392220e+02 7.6440740789e-04
8.22000e+02 3.0868649747e+02 5.8020696281e-04
8.23000e+02 3.0871278871e+02 4.7523620502e-04
8.24000e+02 3.0874575324e+02 3.8925280221e-04
8.25000e+02 3.0873985306e+02 8.6580489303e-02
8.26000e+02 3.0872912840e+02 2.5431866043e-01
8.27000e+02 3.0875670283e+02 1.2831878362e-03
8.28000e+02 3.0879021371e+02 8.5947549189e-02
8.29000e+02 3.0878510126e+02 1.2009374978e-01
8.30000e+02 3.0877514677e+02 5.3055218386e-02
8.31000e+02 3.0877085567e+02 8.2135677356e-04
8.32000e+02 3.0876112255e+02 2.2135905456e-04
8.33000e+02 3.0875732411e+02 4.9266398827e-04
8.34000e+02 3.0870379891e+02 7.5350293719e-02
8.35000e+02 3.0868952193e+02 1.9659798588e-01
8.36000e+02 3.0867872911e+02 1.3525262446e-01
8.37000e+02 3.0863428907e+02 2.6642088266e-01
8.38000e+02 3.0858942050e+02 1.8774475435e-01
8.39000e+02 3.0858151192e+02 1.1615077172e-01
8.40000e+02 3.0857438234e+02 2.3969920393e-01
8.41000e+02 3.0853248808e+02 1.0814318187e-01
8.42000e+02 3.0848956023e+02 1.1409389574e-01
8.43000e+02 3.0848326462e+02 1.6129784099e-03
8.44000e+02 3.0843156635e+02 1.3903454837e-01
8.45000e+02 3.0837360775e+02 3.4694770867e-01
8.46000e+02 3.0837327275e+02 8.4059501477e-03
8.47000e+02 3.0833714932e+02 5.7708343977e-03
8.48000e+02 3.0833952962e+02 5.2722143642e-02
8.49000e+02 3.0837925737e+02 9.7686350864e-02
8.50000e+02 3.0846143366e+02 8.2511286574e-02
8.51000e+02 3.0854112098e+02 5.2912590705e-02
8.52000e+02 3.0861650617e+02 5.9650781902e-02
8.53000e+02 3.0865427681e+02 2.1224645752e-02
8.54000e+02 3.0869011948e+02 2.7522206677e-02
8.55000e+02 3.0872384082e+02 4.0492998614e-03
8.56000e+02 3.0875835531e+02 1.3281780336e-03
8.57000e+02 3.0882810379e+02 9.9388371815e-03
8.58000e+02 3.0889850664e+02 1.4911242278e-02
8.59000e+02 3.0896960105e+02 1.3459275809e-03
8.60000e+02 3.0899993784e+02 1.7199502563e-02
8.61000e+02 3.0899231591e+02 2.4245681033e-01
8.62000e+02 3.0898213442e+02 1.9673831241e-01
8.63000e+02 3.0901103676e+02 6.3568865964e-03
8.64000e+02 3.0904651590e+02 1.7268364799e-01
8.65000e+02 3.0904380965e+02 1.0709491897e-01
8.66000e+02 3.0899360605e+02 9.3302413713e-02
8.67000e+02 3.0894491488e+02 2.7895408660e-01
8.68000e+02 3.0894214236e+02 1.3759493361e-02
8.69000e+02 3.0894522682e+02 6.4994525500e-02
8.70000e+02 3.0889625194e+02 1.2287253480e-03
8.71000e+02 3.0888567817e+02 1.7849152405e-01
8.72000e+02 3.0887818619e+02 2.5486327571e-01
8.73000e+02 3.0887360503e+02 5.2512704761e-02
8.74000e+02 3.0882137977e+02 8.7704405707e-02
8.75000e+02 3.0876367844e+02 3.4673133605e-01
8.76000e+02 3.0876388621e+02 4.4760443032e-02
8.77000e+02 3.0876506995e+02 8.1851794535e-02
8.78000e+02 3.0871604780e+02 2.3310259466e-01
8.79000e+02 3.0862783582e+02 9.1296446780e-02
8.80000e+02 3.0850177803e+02 3.8962607514e-01
8.81000e+02 3.0837983974e+02 5.9501389244e-02
8.82000e+02 3.0829676659e+02 4.0781147855e-01
8.83000e+02 3.0825181356e+02 1.4045376835e-01
8.84000e+02 3.0825775967e+02 7.6031606411e-02
8.85000e+02 3.0826377325e+02 2.2432781049e-01
8.86000e+02 3.0826577470e+02 7.7589699386e-02
8.87000e+02 3.0826832519e+02 7.1749401473e-03
8.88000e+02 3.0826844205e+02 1.8845841314e-03
8.89000e+02 3.0823288919e+02 3.2101822879e-01
8.90000e+02 3.0823810325e+02 8.8287208393e-02
8.91000e+02 3.0828091015e+02 8.0925068289e-03
8.92000e+02 3.0832671684e+02 3.6236954613e-03
8.93000e+02 3.0833270811e+02 2.2500149129e-01
8.94000e+02 3.0828941432e+02 1.4850725518e-01
8.95000e+02 3.0828320306e+02 5.1416806337e-03
8.96000e+02 3.0827941405e+02 1.6666861983e-01
8.97000e+02 3.0827816907e+02 4.9662807498e-03
8.98000e+02 3.0822914186e+02 2.4593654780e-01
8.99000e+02 3.0817451129e+02 3.3950800541e-01
9.00000e+02 3.0817749925e+02 1.1738280441e-02
9.01000e+02 3.0814461137e+02 9.0863905959e-02
9.02000e+02 3.0810835812e+02 6.8653134981e-03
9.03000e+02 3.0807085961e+02 4.6106307854e-03
9.04000e+02 3.0803377299e+02 8.3337098167e-04
9.05000e+02 3.0803288845e+02 2.3371800210e-01
9.06000e+02 3.0803236392e+02 8.0241244058e-02
9.07000e+02 3.0803349041e+02 9.6011331926e-03
9.08000e+02 3.0803286838e+02 9.7499067550e-05
9.09000e+02 3.0799692953e+02 1.5596562111e-03
9.10000e+02 3.0795957930e+02 7.5434260453e-02
9.11000e+02 3.0792165555e+02 1.9849053325e-03
9.12000e+02 3.0792826028e+02 2.2338581851e-01
9.13000e+02 3.0793938935e+02 2.1802463706e-01
9.14000e+02 3.0794206646e+02 2.2173423966e-01
9.15000e+02 3.0794929745e+02 8.9655381694e-02
9.16000e+02 3.0794985436e+02 4.9808251824e-02
9.17000e+02 3.0795572872e+02 1.3566384198e-03
9.18000e+02 3.0791018156e+02 1.0179847971e-02
9.19000e+02 3.0790342313e+02 7.8849287420e-03
9.20000e+02 3.0789989372e+02 3.3321976707e-03
9.21000e+02 3.0786228222e+02 3.1877715932e-01
9.22000e+02 3.0786676872e+02 3.9296007828e-03
9.23000e+02 3.0790934428e+02 9.7206126455e-02
9.24000e+02 3.0799433625e+02 8.5277900262e-02
9.25000e+02 3.0804053642e+02 8.3811672709e-02
9.26000e+02 3.0808271898e+02 8.6069565390e-02
9.27000e+02 3.0815883135e+02 8.2870797114e-02
9.28000e+02 3.0819702578e+02 1.5483794428e-01
9.29000e+02 3.0819606524e+02 1.0298805859e-01
9.30000e+02 3.0819187398e+02 8.8431157458e-02
9.31000e+02 3.0819402077e+02 6.0152447992e-03
9.32000e+02 3.0814598588e+02 7.4295268772e-03
9.33000e+02 3.0813715066e+02 2.3963068299e-01
9.34000e+02 3.0813182878e+02 1.5124509782e-01
9.35000e+02 3.0812964633e+02 6.6527651555e-03
9.36000e+02 3.0808025408e+02 8.7586684998e-02
9.37000e+02 3.0802549654e+02 3.3951528988e-01
9.38000e+02 3.0802842464e+02 8.2499751925e-03
9.39000e+02 3.0799564249e+02 1.6205789336e-01
9.40000e+02 3.0795964197e+02 2.2071056220e-01
9.41000e+02 3.0795941075e+02 8.5547869912e-02
9.42000e+02 3.0791383268e+02 2.3340353954e-01
9.43000e+02 3.0786177083e+02 5.5141965289e-02
9.44000e+02 3.0786663104e+02 1.5996372443e-01
9.45000e+02 3.0787207699e+02 2.1196423602e-01
9.46000e+02 3.0782747275e+02 9.7383871504e-04
9.47000e+02 3.0777637440e+02 1.5884027136e-01
9.48000e+02 3.0773470349e+02 2.9333277502e-03
9.49000e+02 3.0765453117e+02 8.2319102892e-02
9.50000e+02 3.0757085232e+02 3.9894209419e-01
9.51000e+02 3.0749266966e+02 2.2883021938e-01
9.52000e+02 3.0740991010e+02 2.2768210142e-01
9.53000e+02 3.0736510828e+02 6.2965322639e-03
9.54000e+02 3.0737204657e+02 2.0780862333e-03
9.55000e+02 3.0734335729e+02 2.2672699697e-01
9.56000e+02 3.0735402997e+02 9.4834336071e-02
9.57000e+02 3.0736885529e+02 9.3007987511e-02
9.58000e+02 3.0732981087e+02 3.0025849463e-01
9.59000e+02 3.0732792188e+02 5.2589426621e-03
9.60000e+02 3.0728383386e+02 2.2034029950e-01
9.61000e+02 3.0723365595e+02 3.3000789804e-03
9.62000e+02 3.0719304300e+02 3.4750654390e-03
9.63000e+02 3.0711406232e+02 3.9376424943e-01
9.64000e+02 3.0699514695e+02 8.2026687337e-02
9.65000e+02 3.0687931658e+02 3.8757929218e-01
9.66000e+02 3.0676630484e+02 2.8056749312e-03
9.67000e+02 3.0669167671e+02 7.2739123960e-02
9.68000e+02 3.0656533473e+02 1.8053869663e-01
9.69000e+02 3.0639952078e+02 8.7313223671e-02
9.70000e+02 3.0620302427e+02 1.5615114799e-01
9.71000e+02 3.0604902247e+02 7.9373674257e-02
9.72000e+02 3.0583843466e+02 8.4245824647e-02
9.73000e+02 3.0562199948e+02 1.6625726528e-01
9.74000e+02 3.0541799262e+02 1.5951005917e-01
9.75000e+02 3.0520812840e+02 6.5709582548e-03
9.76000e+02 3.0506844545e+02 5.2818014537e-01
9.77000e+02 3.0489543822e+02 5.7176859455e-02
9.78000e+02 3.0474617188e+02 3.2276241088e-01
9.79000e+02 3.0460041693e+02 2.1459783246e-01
9.80000e+02 3.0444798596e+02 3.1646288377e-03
9.81000e+02 3.0429913176e+02 3.0992455528e-03
9.82000e+02 3.0411258050e+02 6.9349048179e-02
9.83000e+02 3.0393101866e+02 3.1249114002e-01
9.84000e+02 3.0375190349e+02 7.4360885368e-03
9.85000e+02 3.0357477420e+02 1.1861202768e-02
9.86000e+02 3.0342756690e+02 5.2236623037e-03
9.87000e+02 3.0328390744e+02 5.6656304963e-02
9.88000e+02 3.0313351267e+02 3.1874664063e-03
9.89000e+02 3.0298674849e+02 3.1047169023e-03
9.90000e+02 3.0280187384e+02 5.7594770665e-03
9.91000e+02 3.0265841003e+02 5.1711398533e-01
9.92000e+02 3.0245889832e+02 1.1059541037e-02
9.93000e+02 3.0221909810e+02 9.8789758982e-02
9.94000e+02 3.0195542967e+02 5.9539065831e-01
9.95000e+02 3.0173541545e+02 7.6550403985e-02
9.96000e+02 3.0145167464e+02 8.4229099470e-02
9.97000e+02 3.0112781149e+02 1.0536829310e-01
9.98000e+02 3.0078851218e+02 1.4861607990e-01
9.99000e+02 3.0049486892e+02 7.3629043884e-02
1.00000e+03 3.0013016668e+02 8.0961425974e-02
1.00100e+03 2.9972492341e+02 8.1380123554e-02
1.00200e+03 2.9931195018e+02 7.3673921480e-02
1.00300e+03 2.9894637070e+02 7.1936216999e-02
1.00400e+03 2.9858352064e+02 8.1274917524e-01
1.00500e+03 2.9819132619e+02 2.4212423426e-01
1.00600e+03 2.9779683897e+02 1.3042233940e-01
1.00700e+03 2.9740675072e+02 2.1061933540e-03
1.00800e+03 2.9701528062e+02 3.0171256452e-03
1.00900e+03 2.9666421386e+02 2.6603229695e-01
1.01000e+03 2.9623025912e+02 6.9252507577e-02
1.01100e+03 2.9575360092e+02 7.1414921461e-02
1.01200e+03 2.9528044767e+02 3.2275847887e-01
1.01300e+03 2.9484242844e+02 1.1055352550e+00
1.01400e+03 2.9449357254e+02 2.2578385702e-01
1.01500e+03 2.9415362294e+02 5.8066099807e-02
1.01600e+03 2.9380830835e+02 3.5412971857e-03
1.01700e+03 2.9343045298e+02 3.1020282866e-01
1.01800e+03 2.9304835132e+02 3.1440586584e-01
1.01900e+03 2.9270558849e+02 2.8132208842e-03
1.02000e+03 2.9227952970e+02 8.5214095739e-01
1.02100e+03 2.9181023133e+02 3.1507589321e-01
1.02200e+03 2.9134384256e+02 1.0976652403e+00
1.02300e+03 2.9088126866e+02 9.0776669900e-01
1.02400e+03 2.9041006433e+02 9.1913073001e-02
1.02500e+03 2.8998673369e+02 7.6479628009e-01
1.02600e+03 2.8947820390e+02 3.2686380840e-01
1.02700e+03 2.8892670010e+02 1.8075106270e-01
1.02800e+03 2.8838039770e+02 1.4927566210e-01
1.02900e+03 2.8788353180e+02 7.3535265437e-02
1.03000e+03 2.8729360103e+02 8.1400986663e-02
1.03100e+03 2.8669481044e+02 8.4499981864e-01
1.03200e+03 2.8620296148e+02 4.5642699975e-01
1.03300e+03 2.8568552568e+02 1.2361480067e+00
1.03400e+03 2.8516288897e+02 7.3964992963e-01
1.03500e+03 2.8468098772e+02 4.4100592711e-01
1.03600e+03 2.8410083182e+02 8.3437994718e-01
1.03700e+03 2.8351009571e+02 4.4791609772e-01
1.03800e+03 2.8293409227e+02 3.0948995456e-01
1.03900e+03 2.8231439425e+02 1.5844946715e-01
1.04000e+03 2.8169785114e+02 1.4417773468e+00
1.04100e+03 2.8111422494e+02 7.1099178179e-03
1.04200e+03 2.8063231319e+02 1.1939433279e+00
1.04300e+03 2.8016158764e+02 1.1815736771e+00
1.04400e+03 2.7968428819e+02 2.6419017427e-02
1.04500e+03 2.7921277003e+02 2.7185214148e-02
1.04600e+03 2.7863944403e+02 1.2404551394e-01
1.04700e+03 2.7802132788e+02 7.9619954610e-01
1.04800e+03 2.7741434323e+02 5.5594417856e-01
1.04900e+03 2.7685700748e+02 8.5817581408e-02
1.05000e+03 2.7619885119e+02 8.4830292932e-02
1.05100e+03 2.7553080442e+02 1.3035625621e+00
1.05200e+03 2.7497572446e+02 7.7780513207e-02
1.05300e+03 2.7443313608e+02 6.2955365483e-02
1.05400e+03 2.7378175527e+02 8.2019593458e-01
1.05500e+03 2.7308454958e+02 6.3447776940e-01
1.05600e+03 2.7239293924e+02 1.3702234155e+00
1.05700e+03 2.7170364991e+02 7.9163560034e-03
1.05800e+03 2.7102604714e+02 7.0618130013e-02
1.05900e+03 2.7040019421e+02 8.3264547115e-02
1.06000e+03 2.6977505414e+02 7.0060107029e-02
1.06100e+03 2.6915971734e+02 5.9473922623e-02
1.06200e+03 2.6842863466e+02 5.5498944832e-01
1.06300e+03 2.6765197149e+02 1.5792135381e-01
1.06400e+03 2.6688238417e+02 7.7976982705e-02
1.06500e+03 2.6611498881e+02 9.2678094918e-03
1.06600e+03 2.6534983932e+02 4.4378381565e-03
1.06700e+03 2.6461599280e+02 2.1349253335e-01
1.06800e+03 2.6389770453e+02 2.0048463133e-01
1.06900e+03 2.6316883334e+02 4.9753357684e-03
1.07000e+03 2.6245345387e+02 7.8791550796e-03
1.07100e+03 2.6172657733e+02 1.9946458622e-03
1.07200e+03 2.6101294624e+02 3.7410318815e-03
1.07300e+03 2.6028762770e+02 1.5580034214e-03
1.07400e+03 2.5967651392e+02 1.4026294233e-02
1.07500e+03 2.5904015424e+02 1.5426410540e+00
1.07600e+03 2.5837680777e+02 1.0295656086e-01
1.07700e+03 2.5771181931e+02 1.0240689802e-01
1.07800e+03 2.5705405966e+02 1.4478955881e+00
1.07900e+03 2.5644473338e+02 2.0022782307e-02
1.08000e+03 2.5583425207e+02 1.4471034918e+00
1.08100e+03 2.5519458223e+02 1.4497578419e+00
1.08200e+03 2.5454889767e+02 3.2077844296e-02
1.08300e+03 2.5394470120e+02 1.4405265745e+00
1.08400e+03 2.5322783346e+02 6.2317100870e-03
1.08500e+03 2.5249882911e+02 1.4353299295e+00
1.08600e+03 2.5188774561e+02 1.4396882403e+00
1.08700e+03 2.5125191007e+02 3.5880066972e-02
1.08800e+03 2.5060912644e+02 1.4361851209e+00
1.08900e+03 2.4997101074e+02 1.4966905008e-01
1.09000e+03 2.4930884299e+02 9.0906296558e-03
1.09100e+03 2.4867597058e+02 1.3198874601e-01
1.09200e+03 2.4814750316e+02 8.2616087856e-02
1.09300e+03 2.4762846933e+02 1.4295804049e-01
1.09400e+03 2.4700071310e+02 8.9111512446e-02
1.09500e+03 2.4632551221e+02 1.5629217035e+00
1.09600e+03 2.4566567685e+02 1.5986680407e-01
1.09700e+03 2.4501958854e+02 1.1089314909e-03
1.09800e+03 2.4437234572e+02 1.2592534788e-02
1.09900e+03 2.4373163617e+02 5.3787613048e-03
1.10000e+03 2.4306833162e+02 1.5624955815e+00
1.10100e+03 2.4243482238e+02 8.8385567385e-02
1.10200e+03 2.4181198140e+02 1.4804508390e+00
1.10300e+03 2.4114266239e+02 1.4376867038e+00
1.10400e+03 2.4047492152e+02 7.1556376279e-02
1.10500e+03 2.3983806762e+02 1.2199614584e+00
1.10600e+03 2.3921401731e+02 1.2199508297e+00
1.10700e+03 2.3857882426e+02 1.6608516417e-03
1.10800e+03 2.3804922706e+02 1.4394486703e-01
1.10900e+03 2.3752960496e+02 1.2719835890e+00
1.11000e+03 2.3700190187e+02 6.5069279386e-02
1.11100e+03 2.3647963423e+02 6.7649749253e-02
1.11200e+03 2.3584880184e+02 5.1228897224e-03
1.11300e+03 2.3520635074e+02 2.1606318709e-01
1.11400e+03 2.3457816661e+02 2.1319886279e-01
1.11500e+03 2.3390486461e+02 3.9829857987e-03
1.11600e+03 2.3324597633e+02 7.8608848088e-02
1.11700e+03 2.3260084212e+02 1.4938729320e+00
1.11800e+03 2.3195463367e+02 1.2586504836e+00
1.11900e+03 2.3135118783e+02 8.1178206868e-02
1.12000e+03 2.3063666206e+02 8.6341640255e-02
1.12100e+03 2.2991036092e+02 8.3850029641e-02
1.12200e+03 2.2919983128e+02 7.9295156175e-02
1.12300e+03 2.2847876918e+02 5.2390432578e-03
1.12400e+03 2.2787274488e+02 1.4307485533e+00
1.12500e+03 2.2724166115e+02 1.4050483155e-02
1.12600e+03 2.2660356991e+02 7.2979817137e-02
1.12700e+03 2.2596997685e+02 2.5093277665e-03
1.12800e+03 2.2533103722e+02 8.4839618363e-04
1.12900e+03 2.2473310391e+02 1.4238052706e+00
1.13000e+03 2.2413039373e+02 1.2510798807e-01
1.13100e+03 2.2349739024e+02 5.8957106950e-04
1.13200e+03 2.2285792607e+02 1.2835766507e-01
1.13300e+03 2.2222348696e+02 1.4356186719e-03
1.13400e+03 2.2158400106e+02 1.4559172770e-03
1.13500e+03 2.2098580528e+02 1.2524535072e-01
1.13600e+03 2.2027553639e+02 5.0196603246e-03
1.13700e+03 2.1955307881e+02 1.5556961690e+00
1.13800e+03 2.1884609587e+02 1.4729588701e-03
1.13900e+03 2.1812834040e+02 4.7021095404e-03
1.14000e+03 2.1742429965e+02 2.9421977066e-03
1.14100e+03 2.1667385698e+02 1.2302035114e-01
1.14200e+03 2.1594467965e+02 8.9691422090e-02
1.14300e+03 2.1526656760e+02 7.9916264216e-02
1.14400e+03 2.1447411095e+02 2.1131324515e-01
1.14500e+03 2.1363493666e+02 8.8731612455e-02
1.14600e+03 2.1280331671e+02 1.8916400075e+00
1.14700e+03 2.1197325338e+02 1.5739713253e+00
1.14800e+03 2.1114580220e+02 1.3289751814e+00
1.14900e+03 2.1034881885e+02 7.9227879260e-02
1.15000e+03 2.0967262066e+02 7.4333208687e-02
1.15100e+03 2.0901169115e+02 5.7076345789e-02
1.15200e+03 2.0822955857e+02 1.4906113968e+00
1.15300e+03 2.0743403849e+02 7.2795603243e-02
1.15400e+03 2.0665397930e+02 7.0649428563e-02
1.15500e+03 2.0586225819e+02 3.7989730977e-03
1.15600e+03 2.0519127111e+02 5.2111080403e-03
1.15700e+03 2.0453352468e+02 8.3889794661e-03
1.15800e+03 2.0386712412e+02 4.5865212422e-03
1.15900e+03 2.0320788687e+02 3.0911185662e-03
1.16000e+03 2.0254004240e+02 1.4439132734e-03
1.16100e+03 2.0187978045e+02 2.4671652439e-03
1.16200e+03 2.0109574280e+02 1.8328190582e-04
1.16300e+03 2.0029940426e+02 3.7279274454e-03
1.16400e+03 1.9951933680e+02 7.6943847512e-03
1.16500e+03 1.9872797252e+02 4.9742663311e-03
1.16600e+03 1.9795092664e+02 7.9908716705e-03
1.16700e+03 1.9712664759e+02 5.7842894844e-03
1.16800e+03 1.9630701193e+02 1.3156727760e-01
1.16900e+03 1.9548746340e+02 4.7305111820e-03
1.17000e+03 1.9466940306e+02 1.5753299672e-03
1.17100e+03 1.9388115699e+02 3.1182046993e-03
1.17200e+03 1.9321231590e+02 9.9661961956e-04
1.17300e+03 1.9252084016e+02 1.6401189104e+00
1.17400e+03 1.9179729664e+02 9.7631898688e-02
1.17500e+03 1.9107117172e+02 9.3423608855e-02
1.17600e+03 1.9034237999e+02 4.3994323998e-03
1.17700e+03 1.8961202871e+02 4.2263632645e-03
1.17800e+03 1.8889485823e+02 1.5340791094e+00
1.17900e+03 1.8822849474e+02 7.0971677597e-03
1.18000e+03 1.8756123826e+02 1.5515914166e+00
1.18100e+03 1.8686546758e+02 1.5368399712e+00
1.18200e+03 1.8616318259e+02 7.7954179429e-03
1.18300e+03 1.8550285838e+02 1.5440005470e+00
1.18400e+03 1.8472356142e+02 8.6401560792e-04
1.18500e+03 1.8393146508e+02 1.5548857212e+00
1.18600e+03 1.8315532302e+02 2.1847023126e-04
1.18700e+03 1.8233278850e+02 1.6169406412e+00
1.18800e+03 1.8153828927e+02 1.6346707856e+00
1.18900e+03 1.8076055108e+02 2.2045750106e-01
1.19000e+03 1.7998101912e+02 1.4967276496e-02
1.19100e+03 1.7920958705e+02 6.3061155507e-03
1.19200e+03 1.7843297499e+02 2.9198995306e-03
1.19300e+03 1.7769948904e+02 7.3161742167e-02
1.19400e+03 1.7696075379e+02 1.6870238956e+00
1.19500e+03 1.7623104548e+02 2.2901435714e-01
1.19600e+03 1.7549286256e+02 2.1844566393e-01
1.19700e+03 1.7476354154e+02 3.8729476458e-04
1.19800e+03 1.7390308876e+02 1.6342681899e+00
1.19900e+03 1.7299513158e+02 2.3170026296e-01
1.20000e+03 1.7209525727e+02 1.7252621936e+00
1.20100e+03 1.7122574664e+02 1.9428402027e+00
1.20200e+03 1.7037340771e+02 2.8872094766e-01
1.20300e+03 1.6950937852e+02 3.2656731705e-02
1.20400e+03 1.6865995227e+02 2.9126905838e-03
1.20500e+03 1.6779784500e+02 1.9219092787e-03
1.20600e+03 1.6706214090e+02 2.4788168330e-03
1.20700e+03 1.6634096255e+02 1.6601530881e+00
1.20800e+03 1.6549048109e+02 1.0552166196e-03
1.20900e+03 1.6459049765e+02 1.4609154786e+00
1.21000e+03 1.6369743666e+02 1.7494760373e+00
1.21100e+03 1.6280436484e+02 6.9116132566e-03
1.21200e+03 1.6191364461e+02 9.2454705977e-03
1.21300e+03 1.6105199182e+02 2.9308271241e-03
1.21400e+03 1.6031664545e+02 3.5772064443e-04
1.21500e+03 1.5959737648e+02 2.2667468493e-03
1.21600e+03 1.5886943923e+02 7.4091242131e-03
1.21700e+03 1.5814923967e+02 6.4711191423e-03
1.21800e+03 1.5741982014e+02 1.4822757389e-03
1.21900e+03 1.5669841195e+02 2.6894150404e-03
1.22000e+03 1.5584626581e+02 1.4542145419e+00
1.22100e+03 1.5498103904e+02 2.7043045174e-03
1.22200e+03 1.5413253898e+02 3.6460821503e-03
1.22300e+03 1.5327204255e+02 4.7303357570e-03
1.22400e+03 1.5242634016e+02 2.7976756624e-03
1.22500e+03 1.5153246491e+02 8.0343201350e-04
1.22600e+03 1.5067299119e+02 3.7494824656e-01
1.22700e+03 1.4983133918e+02 1.9136824493e+00
1.22800e+03 1.4894915519e+02 7.7336036361e-03
1.22900e+03 1.4806482555e+02 3.6502767985e-01
1.23000e+03 1.4718061576e+02 2.1308485863e-01
1.23100e+03 1.4632426658e+02 4.1472434437e-03
1.23200e+03 1.4559346901e+02 1.6632290141e+00
1.23300e+03 1.4484075746e+02 8.8940463272e-02
1.23400e+03 1.4404901306e+02 9.6608486802e-02
1.23500e+03 1.4325395935e+02 8.9275928104e-02
1.23600e+03 1.4247718118e+02 1.5791554195e+00
1.23700e+03 1.4175073074e+02 1.6666080402e+00
1.23800e+03 1.4090355930e+02 2.0918765393e-01
1.23900e+03 1.4004293938e+02 1.6658365171e+00
1.24000e+03 1.3931119863e+02 1.6200945374e-01
1.24100e+03 1.3859424331e+02 1.5235231981e-01
1.24200e+03 1.3774831657e+02 6.7315328201e-02
1.24300e+03 1.3688840352e+02 1.6114057748e-01
1.24400e+03 1.3615752782e+02 8.6505134183e-04
1.24500e+03 1.3544110732e+02 1.3989961323e-03
1.24600e+03 1.3459540311e+02 2.2253819650e-04
1.24700e+03 1.3373568424e+02 1.0583617634e-03
1.24800e+03 1.3289197211e+02 1.9920723881e-03
1.24900e+03 1.3203594106e+02 3.6878330224e-03
1.25000e+03 1.3119437089e+02 2.1419608747e-03
1.25100e+03 1.3030445253e+02 1.6724409208e+00
1.25200e+03 1.2941969120e+02 1.8323454490e+00
1.25300e+03 1.2853430336e+02 4.5305274887e-03
1.25400e+03 1.2767719179e+02 2.4139967492e-01
1.25500e+03 1.2683880648e+02 1.9044082973e+00
1.25600e+03 1.2596127960e+02 1.1760443917e-02
1.25700e+03 1.2508145278e+02 2.3559725410e-01
1.25800e+03 1.2420152956e+02 8.8002490669e-02
1.25900e+03 1.2331980151e+02 1.9012287439e-03
1.26000e+03 1.2243924750e+02 6.3078891057e-04
1.26100e+03 1.2155754612e+02 2.6658769841e-05
1.26200e+03 1.2067728200e+02 2.8989945078e-04
1.26300e+03 1.1982564662e+02 4.3956561065e-03
1.26400e+03 1.1909867828e+02 1.6507701606e+00
1.26500e+03 1.1838730562e+02 1.4779344553e-01
1.26600e+03 1.1766706833e+02 1.4091461544e-01
1.26700e+03 1.1695428319e+02 1.4124796807e-03
1.26800e+03 1.1623209656e+02 3.3604061475e-03
1.26900e+03 1.1551767163e+02 1.6397898197e-03
1.27000e+03 1.1479399271e+02 3.1304355275e-03
1.27100e+03 1.1407831702e+02 1.2507541156e-03
1.27200e+03 1.1335353422e+02 2.3533898271e-03
1.27300e+03 1.1259921829e+02 8.4069375636e-02
1.27400e+03 1.1180490008e+02 9.0337160148e-02
1.27500e+03 1.1100874597e+02 8.5547279576e-02
1.27600e+03 1.1023194081e+02 1.7263154914e+00
1.27700e+03 1.0947031452e+02 1.7318995292e+00
1.27800e+03 1.0867627911e+02 2.8280198113e-04
1.27900e+03 1.0788016707e+02 1.7245471140e+00
1.28000e+03 1.0710284972e+02 5.1218969577e-04
1.28100e+03 1.0637669549e+02 1.0478547811e-02
1.28200e+03 1.0564896812e+02 1.3412626779e-02
1.28300e+03 1.0493077878e+02 7.9648844784e-03
1.28400e+03 1.0408373582e+02 1.7529301664e+00
1.28500e+03 1.0318885382e+02 9.9135132154e-02
1.28600e+03 1.0230153458e+02 9.3283828052e-02
1.28700e+03 1.0144439953e+02 1.8176273568e+00
1.28800e+03 1.0071437954e+02 5.6642921189e-03
1.28900e+03 9.9962913509e+01 9.6485765728e-03
1.29000e+03 9.9173010777e+01 1.7183932229e+00
1.29100e+03 9.8410911092e+01 1.0069399580e-01
1.29200e+03 9.7764363381e+01 8.3472279031e-02
1.29300e+03 9.7091986549e+01 7.9089198955e-02
1.29400e+03 9.6387215082e+01 1.8572456704e-01
1.29500e+03 9.5710013321e+01 1.6828672955e-01
1.29600e+03 9.5139997381e+01 7.6531771571e-02
1.29700e+03 9.4579223985e+01 1.3363677753e+00
1.29800e+03 9.3904224497e+01 1.3750545154e+00
1.29900e+03 9.3215000110e+01 6.4432614897e-02
1.30000e+03 9.2538898365e+01 6.3265925515e-02
1.30100e+03 9.1850680587e+01 1.0066078570e-03
1.30200e+03 9.1273456500e+01 1.3422395546e+00
1.30300e+03 9.0706650171e+01 1.3469302481e+00
1.30400e+03 9.0026014437e+01 3.5283873564e-03
1.30500e+03 8.9297315571e+01 1.6603663279e-01
1.30600e+03 8.8589095324e+01 1.5843181709e+00
1.30700e+03 8.7895447999e+01 1.6040043464e+00
1.30800e+03 8.7200068102e+01 1.0168702503e+00
1.30900e+03 8.6511582625e+01 3.6284329998e-02
1.31000e+03 8.5818274508e+01 2.0717799502e-03
1.31100e+03 8.5130892431e+01 1.1033996607e-03
1.31200e+03 8.4414725474e+01 2.2209673643e-01
1.31300e+03 8.3727263499e+01 1.3401415120e+00
1.31400e+03 8.3149324942e+01 1.3462977878e+00
1.31500e+03 8.2544618054e+01 3.0454982935e-01
1.31600e+03 8.1931758867e+01 8.0448929354e-02
1.31700e+03 8.1322064864e+01 4.9871150540e-03
1.31800e+03 8.0706389138e+01 2.8165386589e-03
1.31900e+03 8.0130770019e+01 2.3931064512e-01
1.32000e+03 7.9549923247e+01 2.4197954998e-01
1.32100e+03 7.8938004484e+01 2.2247599368e-03
1.32200e+03 7.8319285754e+01 2.4211433814e-01
1.32300e+03 7.7741190103e+01 2.4765323925e-03
1.32400e+03 7.7158076259e+01 4.7411271685e-03
1.32500e+03 7.6581717547e+01 1.7369387565e-03
1.32600e+03 7.5997718257e+01 8.4975594166e-04
1.32700e+03 7.5382942878e+01 2.8566171311e-03
1.32800e+03 7.4743817099e+01 1.6778031399e-01
1.32900e+03 7.4134931719e+01 1.5192125976e-01
1.33000e+03 7.3536156211e+01 1.6296126687e-01
1.33100e+03 7.2890801764e+01 1.4865735060e+00
1.33200e+03 7.2255716071e+01 1.7105816866e-02
1.33300e+03 7.1668837434e+01 1.7331823052e-01
1.33400e+03 7.0976234515e+01 1.3395766270e+00
1.33500e+03 7.0272023908e+01 1.4554039124e+00
1.33600e+03 6.9583087694e+01 2.3567101089e-01
1.33700e+03 6.8848699228e+01 8.9034019933e-02
1.33800e+03 6.8134335294e+01 1.5311668759e-01
1.33900e+03 6.7470901998e+01 1.2738350371e+00
1.34000e+03 6.6806808055e+01 1.5393309993e-01
1.34100e+03 6.6152302587e+01 1.4485133946e-01
1.34200e+03 6.5376800492e+01 1.7551086733e-01
1.34300e+03 6.4554853421e+01 8.7558604764e-02
1.34400e+03 6.3763060355e+01 7.7429131824e-02
1.34500e+03 6.3024647541e+01 8.3907345981e-02
1.34600e+03 6.2166090591e+01 1.7052590065e-01
1.34700e+03 6.1295941478e+01 3.1971767327e-01
1.34800e+03 6.0443736675e+01 6.3521468363e-03
1.34900e+03 5.9580586388e+01 6.9988267914e-03
1.35000e+03 5.8733115883e+01 4.7342985123e-03
1.35100e+03 5.7873694138e+01 3.7285413621e-03
1.35200e+03 5.7141077806e+01 6.8522389466e-02
1.35300e+03 5.6423334642e+01 4.7784216542e-02
1.35400e+03 5.5696817855e+01 6.0995455116e-03
1.35500e+03 5.4978317597e+01 5.3363515800e-03
1.35600e+03 5.4129848199e+01 9.9889345802e-04
1.35700e+03 5.3233309722e+01 7.4591405636e-02
1.35800e+03 5.2344345413e+01 1.9858583092e+00
1.35900e+03 5.1485591562e+01 6.1692527102e-02
1.36000e+03 5.0643594583e+01 6.8044395317e-02
1.36100e+03 4.9754540314e+01 1.4308368407e+00
1.36200e+03 4.8898890623e+01 6.3856625706e-02
1.36300e+03 4.8096862308e+01 8.3528057051e-02
1.36400e+03 4.7293417657e+01 7.6927864214e-02
1.36500e+03 4.6500899287e+01 6.7340990850e-02
1.36600e+03 4.5700062542e+01 2.6079060428e-03
1.36700e+03 4.4871278069e+01 1.8837354462e+00
1.36800e+03 4.3995353218e+01 1.3209506379e+00
1.36900e+03 4.3147711526e+01 6.3133478176e-02
1.37000e+03 4.2425107935e+01 1.7152880365e+00
1.37100e+03 4.1678681204e+01 8.2357742808e-02
1.37200e+03 4.0923515094e+01 1.6930376094e+00
1.37300e+03 4.0209336160e+01 4.0865166980e-01
1.37400e+03 3.9369030661e+01 1.3953689601e+00
1.37500e+03 3.8479683146e+01 1.7554305880e+00
1.37600e+03 3.7597020721e+01 6.9807918328e-02
1.37700e+03 3.6744078477e+01 1.7188733011e+00
1.37800e+03 3.5907401879e+01 1.7135255274e+00
1.37900e+03 3.5058592789e+01 4.1331540869e-03
1.38000e+03 3.4223761151e+01 5.9739806870e-03
1.38100e+03 3.3340442368e+01 6.0287320859e-03
1.38200e+03 3.2462006053e+01 1.7087992973e+00
1.38300e+03 3.1582850065e+01 4.1627957855e-03
1.38400e+03 3.0731254008e+01 1.0248508243e-01
1.38500e+03 2.9898209279e+01 1.8803451671e+00
1.38600e+03 2.9063244577e+01 3.8555652744e-01
1.38700e+03 2.8272612271e+01 1.3004297168e+00
1.38800e+03 2.7476608764e+01 1.7807722208e+00
1.38900e+03 2.6690192031e+01 1.7747758763e+00
1.39000e+03 2.5766807359e+01 8.8553033471e-02
1.39100e+03 2.4830036833e+01 1.8669528844e+00
1.39200e+03 2.3910889158e+01 5.8576981440e-02
1.39300e+03 2.2979483740e+01 5.3651078172e-03
1.39400e+03 2.2063682388e+01 3.3463243943e-03
1.39500e+03 2.1099160320e+01 5.7291964931e-01
1.39600e+03 2.0140976972e+01 7.1490773991e-01
1.39700e+03 1.9211650909e+01 2.0793548639e-03
1.39800e+03 1.8415018627e+01 1.7777642690e-01
1.39900e+03 1.7598062669e+01 3.6908220006e-01
1.40000e+03 1.6773120452e+01 1.8349675722e+00
1.40100e+03 1.5954286175e+01 1.8350109239e+00
1.40200e+03 1.5128151499e+01 1.2283327893e+00
1.40300e+03 1.4344301866e+01 1.7503154989e-01
1.40400e+03 1.3553881876e+01 1.7644976749e+00
1.40500e+03 1.2734519193e+01 2.8090742118e-01
1.40600e+03 1.1906927379e+01 1.7631365697e-01
1.40700e+03 1.1121982653e+01 6.3986140791e-02
1.40800e+03 1.0203470737e+01 5.7505729461e-01
1.40900e+03 9.2358601230e+00 2.1166001657e+00
1.41000e+03 8.2763292000e+00 1.2238357813e+00
1.41100e+03 7.3460652694e+00 8.1590980371e-01
1.41200e+03 6.5496407160e+00 6.9926718251e-02
1.41300e+03 5.7704724438e+00 5.6870578432e-01
1.41400e+03 4.8563636982e+00 2.0331789295e+00
1.41500e+03 3.9274751871e+00 1.1938412635e+00
1.41600e+03 3.0150416184e+00 7.5226288617e-02
1.41700e+03 2.0897216090e+00 3.5685017939e-03
1.41800e+03 1.1793814617e+00 2.0934214609e-03
1.41900e+03 2.5567322728e-01 1.6117748703e-03
1.42000e+03 -5.3612505481e-01 5.6351080728e-01
1.42100e+03 -1.3500159772e+00 1.1173910240e+00
1.42200e+03 -2.2102810547e+00 7.9272951377e-01
1.42300e+03 -3.0742359226e+00 1.0192070381e+00
1.42400e+03 -3.9133394026e+00 6.4357089851e-01
1.42500e+03 -4.7364762063e+00 6.5217320890e-01
1.42600e+03 -5.5628874683e+00 1.2692218024e-02
1.42700e+03 -6.3459172635e+00 1.7620255025e+00
1.42800e+03 -7.2609423497e+00 1.0228727699e+00
1.42900e+03 -8.1902286822e+00 5.6852539453e-01
1.43000e+03 -8.9840047399e+00 1.7622412526e+00
1.43100e+03 -9.7994052838e+00 2.0415785547e-02
1.43200e+03 -1.0623015096e+01 1.7574620276e+00
1.43300e+03 -1.1404417181e+01 1.3662636913e+00
1.43400e+03 -1.2319016480e+01 4.2578681322e-04
1.43500e+03 -1.3283143662e+01 9.9185825988e-01
1.43600e+03 -1.4239472459e+01 1.7745914491e+00
1.43700e+03 -1.5196104545e+01 1.4867713257e+00
1.43800e+03 -1.6117892553e+01 1.6506036116e-01
1.43900e+03 -1.6983758382e+01 8.4038384502e-02
1.44000e+03 -1.7982937292e+01 7.4491950883e-01
1.44100e+03 -1.8995632510e+01 1.8438878974e+00
1.44200e+03 -1.9865140663e+01 1.4261426097e-01
1.44300e+03 -2.0716467103e+01 5.2094522791e-01
1.44400e+03 -2.1710653661e+01 1.8108187057e+00
1.44500e+03 -2.2755189378e+01 2.5279893162e-01
1.44600e+03 -2.3790688050e+01 1.9212138840e+00
1.44700e+03 -2.4797488619e+01 1.3657699792e-01
1.44800e+03 -2.5663645146e+01 3.3516259178e-03
1.44900e+03 -2.6511070703e+01 7.2491581186e-03
1.45000e+03 -2.7367890333e+01 9.3368957741e-03
1.45100e+03 -2.8215503061e+01 9.1403882760e-03
1.45200e+03 -2.9207732435e+01 1.6071618899e-01
1.45300e+03 -3.0249850428e+01 2.4177241706e-03
1.45400e+03 -3.1241942117e+01 7.0303681887e-02
1.45500e+03 -3.2177451871e+01 8.7897025872e-02
1.45600e+03 -3.3114920817e+01 8.0649316270e-02
1.45700e+03 -3.4039894127e+01 7.0032222552e-02
1.45800e+03 -3.4974260070e+01 3.1030035325e-03
1.45900e+03 -3.5935398941e+01 2.1365715716e+00
1.46000e+03 -3.6905075509e+01 2.0213769310e+00
1.46100e+03 -3.7866127168e+01 1.9626272153e+00
1.46200e+03 -3.8834864895e+01 9.3884099850e-04
1.46300e+03 -3.9759204980e+01 3.7331247806e-03
1.46400e+03 -4.0831873247e+01 8.0438893621e-02
1.46500e+03 -4.1954933133e+01 2.1138896980e+00
1.46600e+03 -4.3067836520e+01 2.1384513626e-01
1.46700e+03 -4.4152632998e+01 1.4278884132e-01
1.46800e+03 -4.5217967776e+01 1.3531256274e-01
1.46900e+03 -4.6332375650e+01 4.7051214242e-02
1.47000e+03 -4.7438926603e+01 1.3629361871e-01
1.47100e+03 -4.8547289479e+01 6.0449990914e-03
1.47200e+03 -4.9607816846e+01 8.8060248065e-02
1.47300e+03 -5.0609904869e+01 7.7747938471e-02
1.47400e+03 -5.1759727497e+01 8.4487849582e-02
1.47500e+03 -5.2960424888e+01 1.8030670297e-01
1.47600e+03 -5.4149825210e+01 8.2849369044e-02
1.47700e+03 -5.5340433786e+01 1.0088814697e-02
1.47800e+03 -5.6525554205e+01 4.2799030893e-03
1.47900e+03 -5.7684230785e+01 7.3880102660e-02
1.48000e+03 -5.8689208563e+01 2.1883446858e+00
1.48100e+03 -5.9672234364e+01 2.1670941184e+00
1.48200e+03 -6.0811537826e+01 6.3287057157e-02
1.48300e+03 -6.2003574880e+01 1.4284773831e-03
1.48400e+03 -6.3185533874e+01 7.0644797841e-02
1.48500e+03 -6.4340696681e+01 2.1826425680e+00
1.48600e+03 -6.5342098730e+01 1.9737910076e+00
1.48700e+03 -6.6359838644e+01 2.0036366798e-01
1.48800e+03 -6.7444830679e+01 2.0834929653e+00
1.48900e+03 -6.8505463242e+01 1.9593665145e-01
1.49000e+03 -6.9551788689e+01 2.1022428998e+00
1.49100e+03 -7.0614002339e+01 1.6829314072e+00
1.49200e+03 -7.1661902981e+01 1.5751955446e-03
1.49300e+03 -7.2725336211e+01 1.2195800912e-03
1.49400e+03 -7.3645485964e+01 1.0630799231e-01
1.49500e+03 -7.4548267723e+01 1.9977748589e+00
1.49600e+03 -7.5600986246e+01 4.8178801110e-03
1.49700e+03 -7.6706221286e+01 8.6802013639e-02
1.49800e+03 -7.7756330917e+01 2.2447824968e+00
1.49900e+03 -7.8785158250e+01 2.2536251321e+00
1.50000e+03 -7.9817955783e+01 1.9658619692e+00
1.50100e+03 -8.0840633733e+01 1.8790062780e-01
1.50200e+03 -8.1929255489e+01 6.8324499687e-02
1.50300e+03 -8.2993055221e+01 1.0656818663e-01
1.50400e+03 -8.4041510814e+01 9.0978141191e-02
1.50500e+03 -8.5140984371e+01 2.3625700663e+00
1.50600e+03 -8.6188577807e+01 1.4795902673e-02
1.50700e+03 -8.7179860205e+01 8.8500638858e-02
1.50800e+03 -8.8319996713e+01 2.1483043077e+00
1.50900e+03 -8.9511477521e+01 9.2007250944e-02
1.51000e+03 -9.0639430514e+01 1.6877169467e-01
1.51100e+03 -9.1707977909e+01 7.7264998160e-02
1.51200e+03 -9.2932480293e+01 8.4365874698e-02
1.51300e+03 -9.4171944831e+01 1.7566480646e-01
1.51400e+03 -9.5247443714e+01 2.3167260848e+00
1.51500e+03 -9.6338415230e+01 3.7391852715e-05
1.51600e+03 -9.7438508742e+01 4.9328252018e-02
1.51700e+03 -9.8493208228e+01 2.3005614493e+00
1.51800e+03 -9.9556389731e+01 2.7803026960e-01
1.51900e+03 -1.0060783262e+02 1.4085972886e-01
1.52000e+03 -1.0182679581e+02 1.6994994904e-01
1.52100e+03 -1.0306157038e+02 2.5874716303e+00
1.52200e+03 -1.0413237426e+02 7.6223720452e-03
1.52300e+03 -1.0518160115e+02 1.3903467076e-01
1.52400e+03 -1.0624193251e+02 1.0472517515e-02
1.52500e+03 -1.0729090743e+02 1.0714027728e-02
1.52600e+03 -1.0835188769e+02 6.4890433087e-04
1.52700e+03 -1.0940133195e+02 1.1176056291e-03
1.52800e+03 -1.1061867807e+02 2.1839313593e-01
1.52900e+03 -1.1185179778e+02 3.8539045869e-03
1.53000e+03 -1.1292092515e+02 8.1471073899e-03
1.53100e+03 -1.1400650372e+02 5.3929387756e-03
1.53200e+03 -1.1510178411e+02 2.8014698046e-01
1.53300e+03 -1.1618794980e+02 5.8710555376e-04
1.53400e+03 -1.1728372282e+02 1.0791511443e-03
1.53500e+03 -1.1833455294e+02 9.5248208901e-03
1.53600e+03 -1.1939393703e+02 1.4544309594e-02
1.53700e+03 -1.2047980557e+02 2.9713781704e-04
1.53800e+03 -1.2164237362e+02 2.5260690350e+00
1.53900e+03 -1.2278046081e+02 1.0142332468e-01
1.54000e+03 -1.2376684375e+02 7.3297983102e-02
1.54100e+03 -1.2477253539e+02 2.2715332225e+00
1.54200e+03 -1.2578874318e+02 2.1893996163e+00
1.54300e+03 -1.2679783281e+02 1.7523082815e-01
1.54400e+03 -1.2781656565e+02 2.5817440991e-02
1.54500e+03 -1.2882764862e+02 1.9933444954e-03
1.54600e+03 -1.2984792745e+02 1.5459962602e-03
