0.00000e+00 0.0000000000e+00 0.0000000000e+00
1.00000e+00 3.0578273854e-01 3.0578273854e-01
2.00000e+00 6.4742438537e-01 3.4164164683e-01
3.00000e+00 1.0185391943e+00 3.7111480898e-01
4.00000e+00 1.3452187542e+00 6.3215651563e-01
5.00000e+00 1.6438326578e+00 3.3413117024e-01
6.00000e+00 1.9253104147e+00 9.2075175175e-01
7.00000e+00 2.2445062352e+00 9.5072017970e-01
8.00000e+00 2.5973496453e+00 7.2358710427e-01
9.00000e+00 2.9298430899e+00 1.2523244445e+00
1.00000e+01 3.2537707083e+00 1.2333580917e+00
1.10000e+01 3.5747161208e+00 6.4204570678e-01
1.20000e+01 3.8922831974e+00 3.4658478432e-01
1.30000e+01 4.2540425334e+00 1.3390267346e-01
1.40000e+01 4.6412283384e+00 1.5560744819e+00
1.50000e+01 5.0133960665e+00 2.2784348437e+00
1.60000e+01 5.3720228082e+00 8.1000845644e-01
1.70000e+01 5.7157509542e+00 1.2772389759e+00
1.80000e+01 6.0347405394e+00 9.6688878098e-01
1.90000e+01 6.3877089240e+00 1.5457274560e+00
2.00000e+01 6.7668517748e+00 7.4638136769e-01
2.10000e+01 7.1333238156e+00 7.3993929903e-01
2.20000e+01 7.4875056014e+00 1.5397367726e+00
2.30000e+01 7.8318200355e+00 6.5915264115e-01
2.40000e+01 8.1619828454e+00 2.1412625341e+00
2.50000e+01 8.5017211182e+00 2.6733767975e-02
2.60000e+01 8.8294148787e+00 6.6104323523e-01
2.70000e+01 9.1528106579e+00 6.4403969833e-01
2.80000e+01 9.4741602416e+00 6.3705148173e-01
2.90000e+01 9.7946479789e+00 6.3350638850e-01
3.00000e+01 1.0115635474e+01 3.3194290974e-02
3.10000e+01 1.0435545563e+01 2.0093733132e+00
3.20000e+01 1.0762036218e+01 6.3801395298e-01
3.30000e+01 1.1093820182e+01 2.1499598237e+00
3.40000e+01 1.1434209009e+01 2.7412474089e+00
3.50000e+01 1.1793459940e+01 6.7671678031e-01
3.60000e+01 1.2150054685e+01 2.7190112540e+00
3.70000e+01 1.2500035466e+01 6.9559136705e-01
3.80000e+01 1.2869042920e+01 4.2516799658e-02
3.90000e+01 1.3229098609e+01 1.3818054075e+00
4.00000e+01 1.3584213114e+01 6.9341553489e-01
4.10000e+01 1.3936647720e+01 6.9517594475e-01
4.20000e+01 1.4299078583e+01 1.3738470111e+00
4.30000e+01 1.4663175227e+01 1.2902639220e+00
4.40000e+01 1.5034255258e+01 2.0961078114e+00
4.50000e+01 1.5427406271e+01 5.8080218275e-02
4.60000e+01 1.5835134019e+01 4.5296884969e-02
4.70000e+01 1.6224472567e+01 2.1192536077e+00
4.80000e+01 1.6617080238e+01 7.9549778404e-02
4.90000e+01 1.6993085683e+01 4.9436791041e+00
5.00000e+01 1.7358082123e+01 7.2633077023e-01
5.10000e+01 1.7782145254e+01 7.6163704742e-02
5.20000e+01 1.8231861762e+01 1.4722978463e+00
5.30000e+01 1.8650983268e+01 8.3485762584e-01
5.40000e+01 1.9062993325e+01 4.7013616608e-02
5.50000e+01 1.9459890454e+01 7.9346272732e-01
5.60000e+01 1.9865677605e+01 4.9699413029e+00
5.70000e+01 2.0268870197e+01 7.9200483367e-01
5.80000e+01 2.0662951201e+01 7.7474021153e-01
5.90000e+01 2.1118635800e+01 1.5024470168e+00
6.00000e+01 2.1599393619e+01 1.6562769079e+00
6.10000e+01 2.2044598193e+01 5.5010309123e-02
6.20000e+01 2.2477372197e+01 8.7315498068e-01
6.30000e+01 2.2945901889e+01 3.9892577015e+00
6.40000e+01 2.3395584058e+01 2.4241026815e+00
6.50000e+01 2.3835601642e+01 1.6389536166e+00
6.60000e+01 2.4292675640e+01 9.0603993971e-01
6.70000e+01 2.4740477875e+01 8.6188115938e-01
6.80000e+01 2.5189734254e+01 1.7229108833e+00
6.90000e+01 2.5672572834e+01 9.4795489584e-01
7.00000e+01 2.6172812611e+01 4.3165778612e-02
7.10000e+01 2.6647187990e+01 8.8847761781e-01
7.20000e+01 2.7121134616e+01 9.7169718765e-01
7.30000e+01 2.7576431201e+01 3.5242783906e+00
7.40000e+01 2.8036127944e+01 1.7755311574e+00
7.50000e+01 2.8491658327e+01 9.5188049551e-01
7.60000e+01 2.8941036874e+01 8.8144358334e-01
7.70000e+01 2.9456790741e+01 7.6037900302e-02
7.80000e+01 2.9968553089e+01 3.5524134457e+00
7.90000e+01 3.0465428923e+01 1.8153434859e+00
8.00000e+01 3.0991999472e+01 1.8510993438e+00
8.10000e+01 3.1498837518e+01 9.3186980129e-01
8.20000e+01 3.1998004413e+01 1.0332666913e+00
8.30000e+01 3.2540181799e+01 6.0328277192e-02
8.40000e+01 3.3103756209e+01 9.6794179139e-01
8.50000e+01 3.3636701092e+01 1.0583402624e+00
8.60000e+01 3.4164910616e+01 8.9310577480e-02
8.70000e+01 3.4673061730e+01 2.0548713600e+00
8.80000e+01 3.5187589495e+01 2.9939794917e+00
8.90000e+01 3.5752918087e+01 3.8612775057e+00
9.00000e+01 3.6298878634e+01 1.0840958623e+00
9.10000e+01 3.6824000229e+01 1.0114923216e+00
9.20000e+01 3.7349560672e+01 1.0064211172e+00
9.30000e+01 3.7853437789e+01 1.0011406978e+00
9.40000e+01 3.8360161764e+01 1.0026770397e+00
9.50000e+01 3.8862433542e+01 9.7882454475e-01
9.60000e+01 3.9359254036e+01 9.7139960802e-01
9.70000e+01 3.9929287123e+01 2.0778413161e+00
9.80000e+01 4.0522618700e+01 1.9912697775e+00
9.90000e+01 4.1073105486e+01 9.2289207661e-02
1.00000e+02 4.1607133641e+01 1.0973468179e+00
1.01000e+02 4.2135418816e+01 1.0299736612e+00
1.02000e+02 4.2670876344e+01 1.0519075389e-01
1.03000e+02 4.3192269290e+01 2.0401193103e+00
1.04000e+02 4.3720806066e+01 1.0234523081e+00
1.05000e+02 4.4311686445e+01 3.0978420615e+00
1.06000e+02 4.4882729917e+01 1.1285573680e+00
1.07000e+02 4.5426345651e+01 1.0377594140e+00
1.08000e+02 4.5954918041e+01 1.0367572695e+00
1.09000e+02 4.6476265587e+01 1.0134523251e+00
1.10000e+02 4.7009555015e+01 1.9693573701e+00
1.11000e+02 4.7608101185e+01 3.1452204025e+00
1.12000e+02 4.8223940238e+01 2.0642512404e+00
1.13000e+02 4.8796918595e+01 5.1630811193e-02
1.14000e+02 4.9366121320e+01 1.2064630089e+00
1.15000e+02 4.9915405894e+01 2.2534464769e+00
1.16000e+02 5.0450775733e+01 1.0468104335e+00
1.17000e+02 5.1074571304e+01 2.0874363898e+00
1.18000e+02 5.1728000529e+01 8.9169352009e-02
1.19000e+02 5.2335130350e+01 1.2473205685e+00
1.20000e+02 5.2928450678e+01 1.0626561230e+00
1.21000e+02 5.3502063905e+01 2.1316857443e+00
1.22000e+02 5.4086311965e+01 2.3657669704e+00
1.23000e+02 5.4733320199e+01 3.3348238374e+00
1.24000e+02 5.5359662952e+01 1.2333677016e+00
1.25000e+02 5.5970303034e+01 1.1957661825e+00
1.26000e+02 5.6578797431e+01 1.1767220605e+00
1.27000e+02 5.7187594805e+01 1.1518996514e+00
1.28000e+02 5.7801612706e+01 1.1455459968e+00
1.29000e+02 5.8386230789e+01 1.1554053055e+00
1.30000e+02 5.8952336242e+01 1.1063374532e+00
1.31000e+02 5.9511916405e+01 1.0801931958e+00
1.32000e+02 6.0090897256e+01 1.2036841335e+00
1.33000e+02 6.0731987562e+01 1.2059955616e+00
1.34000e+02 6.1338895015e+01 1.1800290333e+01
1.35000e+02 6.1929718984e+01 4.5116117928e+00
1.36000e+02 6.2522773523e+01 1.1350359404e+00
1.37000e+02 6.3093924872e+01 1.1571187491e-02
1.38000e+02 6.3658532493e+01 1.1904163351e+00
1.39000e+02 6.4206666574e+01 2.3310430753e+00
1.40000e+02 6.4744235116e+01 1.0386797980e+00
1.41000e+02 6.5334264090e+01 3.1306631124e+00
1.42000e+02 6.5909641150e+01 4.2992046785e+00
1.43000e+02 6.6472746149e+01 1.0862570549e+00
1.44000e+02 6.7039485954e+01 2.6314734350e-02
1.45000e+02 6.7596325805e+01 1.2540430527e+00
1.46000e+02 6.8125619883e+01 3.1387099067e+00
1.47000e+02 6.8673568190e+01 1.5156692500e-02
1.48000e+02 6.9201558583e+01 7.6710359732e-02
1.49000e+02 6.9712202858e+01 3.0893756210e+00
1.50000e+02 7.0207355715e+01 4.9282756568e-02
1.51000e+02 7.0722878736e+01 3.2425286225e-02
1.52000e+02 7.1216217285e+01 3.0516344020e+00
1.53000e+02 7.1692090885e+01 8.4004149376e-02
1.54000e+02 7.2155875369e+01 6.3761234096e-02
1.55000e+02 7.2607605877e+01 3.9638777946e+00
1.56000e+02 7.3053959255e+01 5.2260756533e+00
1.57000e+02 7.3552203398e+01 4.1402490759e+00
1.58000e+02 7.4047794851e+01 9.3661571383e-01
1.59000e+02 7.4505092256e+01 8.4758110803e-01
1.60000e+02 7.4965097578e+01 8.5668478054e-01
1.61000e+02 7.5453849775e+01 2.8946552429e+00
1.62000e+02 7.5915455332e+01 3.3985896702e-02
1.63000e+02 7.6354595124e+01 1.8157612539e-02
1.64000e+02 7.6787226985e+01 2.0039231843e+00
1.65000e+02 7.7240486301e+01 6.9444792467e-02
1.66000e+02 7.7681039473e+01 3.7251977534e+00
1.67000e+02 7.8115982768e+01 2.8409601439e+00
1.68000e+02 7.8540354022e+01 7.9856193174e-01
1.69000e+02 7.8987733439e+01 8.2811850226e-01
1.70000e+02 7.9423021164e+01 2.6317832016e-02
1.71000e+02 7.9851280525e+01 1.6657408056e+00
1.72000e+02 8.0294935829e+01 8.7930001802e-01
1.73000e+02 8.0735408490e+01 8.0329273652e-01
1.74000e+02 8.1178968008e+01 2.6795641589e+00
1.75000e+02 8.1651370956e+01 9.2256430478e-01
1.76000e+02 8.2140929583e+01 8.4839276779e-01
1.77000e+02 8.2615823806e+01 1.7534798981e+00
1.78000e+02 8.3086739453e+01 2.6213447272e+00
1.79000e+02 8.3552002099e+01 8.7287244829e-01
1.80000e+02 8.4016806628e+01 8.6588845816e-01
1.81000e+02 8.4476618501e+01 2.7463280313e+00
1.82000e+02 8.4924793090e+01 1.7266222511e+00
1.83000e+02 8.5358622073e+01 1.7182519503e+00
1.84000e+02 8.5787240972e+01 1.7787006979e+00
1.85000e+02 8.6261768558e+01 8.7428750955e-01
1.86000e+02 8.6757732492e+01 1.7229390048e+00
1.87000e+02 8.7227434175e+01 3.9127712570e-02
1.88000e+02 8.7692023469e+01 9.0938361615e-01
1.89000e+02 8.8199987454e+01 8.5716152090e-01
1.90000e+02 8.8729481001e+01 7.2618197190e-02
1.91000e+02 8.9230345139e+01 9.3963668759e-01
1.92000e+02 8.9726730566e+01 8.8810049373e-01
1.93000e+02 9.0269433885e+01 1.0728491193e-01
1.94000e+02 9.0808973080e+01 1.9116298745e+00
1.95000e+02 9.1308264407e+01 3.5633167217e+00
1.96000e+02 9.1784840834e+01 9.0640326238e-01
1.97000e+02 9.2318152359e+01 1.0040557501e+00
1.98000e+02 9.2851666727e+01 9.9702686798e-01
1.99000e+02 9.3344491235e+01 8.9903003925e-01
2.00000e+02 9.3817136257e+01 8.9419960433e-01
2.01000e+02 9.4346879644e+01 9.9246170377e-01
2.02000e+02 9.4877616707e+01 9.8869193697e-01
2.03000e+02 9.5367710286e+01 8.9057447604e-01
2.04000e+02 9.5868503615e+01 1.8466086015e+00
2.05000e+02 9.6357364144e+01 2.6740110487e+00
2.06000e+02 9.6830123080e+01 8.8979781469e-01
2.07000e+02 9.7292289756e+01 8.6098111416e-01
2.08000e+02 9.7774388122e+01 2.6526420755e+00
2.09000e+02 9.8309718692e+01 4.8513786223e+00
2.10000e+02 9.8810254257e+01 1.4422472448e+00
2.11000e+02 9.9275078027e+01 1.0756601191e-02
2.12000e+02 9.9735214959e+01 3.5923890895e-01
2.13000e+02 1.0022395162e+02 1.3942110893e+00
2.14000e+02 1.0069907911e+02 5.3296852534e+00
2.15000e+02 1.0116334020e+02 1.2312877560e+00
2.16000e+02 1.0161527841e+02 1.3846181575e+00
2.17000e+02 1.0206047828e+02 1.3641723161e+00
2.18000e+02 1.0251377520e+02 8.5140396300e-01
2.19000e+02 1.0301946549e+02 3.2908250843e+00
2.20000e+02 1.0354478725e+02 8.6904166293e-01
2.21000e+02 1.0403664001e+02 4.6652892262e-02
2.22000e+02 1.0452441357e+02 1.8388163092e+00
2.23000e+02 1.0499510125e+02 2.6852944558e+00
2.24000e+02 1.0547356734e+02 8.9198150138e-01
2.25000e+02 1.0594881187e+02 9.2070910920e-01
2.26000e+02 1.0641738847e+02 9.0989892003e-01
2.27000e+02 1.0694409446e+02 1.7925118854e+00
2.28000e+02 1.0744812781e+02 2.6968527923e+00
2.29000e+02 1.0791760378e+02 8.6154949065e-01
2.30000e+02 1.0837365215e+02 7.0508818851e-03
2.31000e+02 1.0885887801e+02 8.9813324874e-01
2.32000e+02 1.0933145015e+02 1.8163574729e+00
2.33000e+02 1.0979279604e+02 8.4181873259e-01
2.34000e+02 1.1025543418e+02 1.7138220150e+00
2.35000e+02 1.1075498041e+02 2.6765696795e+00
2.36000e+02 1.1127344307e+02 4.5890519885e-02
2.37000e+02 1.1177618618e+02 9.3828962316e-01
2.38000e+02 1.1227445050e+02 1.7898545873e+00
2.39000e+02 1.1276036680e+02 8.6578731742e-01
2.40000e+02 1.1321445374e+02 9.2638447868e-01
2.41000e+02 1.1370846526e+02 9.0760228755e-01
2.42000e+02 1.1420171205e+02 9.0167715477e-01
2.43000e+02 1.1466325582e+02 9.0108556783e-01
2.44000e+02 1.1512726833e+02 1.8425505779e+00
2.45000e+02 1.1561595512e+02 1.7540115255e+00
2.46000e+02 1.1607692922e+02 3.2272692591e-02
2.47000e+02 1.1651698475e+02 3.7370879708e-02
2.48000e+02 1.1693278155e+02 8.6840454429e-01
2.49000e+02 1.1733756587e+02 7.7340580634e-01
2.50000e+02 1.1776377190e+02 1.7144510355e+00
2.51000e+02 1.1822570757e+02 5.8991537513e-02
2.52000e+02 1.1865566672e+02 7.0242661219e-01
2.53000e+02 1.1907612262e+02 1.4967036136e+00
2.54000e+02 1.1952127747e+02 2.5573685007e+00
2.55000e+02 1.1995874326e+02 7.9451381838e-01
2.56000e+02 1.2039368951e+02 7.8351069629e-01
2.57000e+02 1.2082678432e+02 7.7835621541e-01
2.58000e+02 1.2126197869e+02 7.6700056423e-01
2.59000e+02 1.2169380088e+02 9.1135300752e-01
2.60000e+02 1.2212358781e+02 9.0503421892e-01
2.61000e+02 1.2255463283e+02 9.3032026355e-01
2.62000e+02 1.2297229683e+02 1.5038225981e+00
2.63000e+02 1.2339659501e+02 7.6157940271e-01
2.64000e+02 1.2380715833e+02 1.5140127498e+00
2.65000e+02 1.2421923448e+02 5.0064936449e+00
2.66000e+02 1.2462155966e+02 7.4547899380e-01
2.67000e+02 1.2503967261e+02 7.3593747632e-01
2.68000e+02 1.2544899937e+02 7.3396497827e-01
2.69000e+02 1.2585286836e+02 7.1898704160e-01
2.70000e+02 1.2626078214e+02 2.1873138129e-02
2.71000e+02 1.2667013861e+02 2.2253637401e+00
2.72000e+02 1.2704921299e+02 3.8492474536e+00
2.73000e+02 1.2745393673e+02 2.2186312979e+00
2.74000e+02 1.2787836638e+02 7.3337094503e-01
2.75000e+02 1.2829049233e+02 7.4089453890e-01
2.76000e+02 1.2869619330e+02 2.2141998540e+00
2.77000e+02 1.2909769804e+02 6.8643462213e-01
2.78000e+02 1.2948219809e+02 2.1757981077e+00
2.79000e+02 1.2985539251e+02 2.8794740922e+00
2.80000e+02 1.3022365335e+02 6.4369249096e-01
2.81000e+02 1.3061904393e+02 1.6735370278e-02
2.82000e+02 1.3100325957e+02 1.3598713341e+00
2.83000e+02 1.3138108843e+02 1.3409497423e+00
2.84000e+02 1.3175883383e+02 2.7955569236e-02
2.85000e+02 1.3213473012e+02 2.0967762979e+00
2.86000e+02 1.3248310713e+02 2.7497303461e+00
2.87000e+02 1.3285791684e+02 2.0612350062e+00
2.88000e+02 1.3325379742e+02 6.7462339889e-01
2.89000e+02 1.3363508173e+02 1.2757345643e+00
2.90000e+02 1.3401422940e+02 4.5608069255e-02
2.91000e+02 1.3442645461e+02 7.1136426803e-01
2.92000e+02 1.3485888252e+02 6.4804770587e-01
2.93000e+02 1.3527000460e+02 7.5400225668e-02
2.94000e+02 1.3567938031e+02 7.4088094940e-01
2.95000e+02 1.3612726517e+02 6.8305931335e-01
2.96000e+02 1.3659520801e+02 1.1083975060e-01
2.97000e+02 1.3704775279e+02 1.5067932665e+00
2.98000e+02 1.3749639505e+02 7.9916070044e-01
2.99000e+02 1.3794694364e+02 7.7956657089e-01
3.00000e+02 1.3840173513e+02 7.2779203335e-01
3.01000e+02 1.3888473434e+02 9.4420480432e-01
3.02000e+02 1.3938232860e+02 4.8951998941e-02
3.03000e+02 1.3985579412e+02 7.4998116971e-01
3.04000e+02 1.4031762069e+02 2.9713675856e+00
3.05000e+02 1.4081024474e+02 8.8734385230e-01
3.06000e+02 1.4129059567e+02 4.4980690518e+00
3.07000e+02 1.4176179617e+02 8.4703741549e-01
3.08000e+02 1.4224647139e+02 8.7353747082e-01
3.09000e+02 1.4272457056e+02 8.3566723317e-01
3.10000e+02 1.4319074434e+02 8.3917876760e-01
3.11000e+02 1.4367892320e+02 8.6821874405e-01
3.12000e+02 1.4415726089e+02 8.4417713660e-01
3.13000e+02 1.4462773166e+02 8.4260322840e-01
3.14000e+02 1.4510979983e+02 8.6474348085e-01
3.15000e+02 1.4558276801e+02 8.4866805681e-01
3.16000e+02 1.4605381869e+02 8.3680188951e-01
3.17000e+02 1.4653800430e+02 8.4442603926e-01
3.18000e+02 1.4703284228e+02 2.6712580914e+00
3.19000e+02 1.4754793838e+02 9.6386704797e-01
3.20000e+02 1.4807264913e+02 5.3660073192e-02
3.21000e+02 1.4858124486e+02 9.2519905281e-01
3.22000e+02 1.4908644423e+02 9.0476246893e-01
3.23000e+02 1.4958714619e+02 8.9596393472e-01
3.24000e+02 1.5009744395e+02 1.8366238830e+00
3.25000e+02 1.5061152608e+02 4.9441353176e+00
3.26000e+02 1.5108725304e+02 9.4379215314e-01
3.27000e+02 1.5159185694e+02 9.4697192266e-01
3.28000e+02 1.5211446778e+02 9.1247944740e-01
3.29000e+02 1.5261883070e+02 1.9622393220e+00
3.30000e+02 1.5310961444e+02 2.9011897250e+00
3.31000e+02 1.5362778329e+02 9.2903386263e-01
3.32000e+02 1.5413462196e+02 9.1233266199e-01
3.33000e+02 1.5463297053e+02 8.9160003733e-01
3.34000e+02 1.5513831871e+02 9.4107537063e-01
3.35000e+02 1.5564217794e+02 1.8888519695e+00
3.36000e+02 1.5611543470e+02 1.8012862836e+00
3.37000e+02 1.5659872219e+02 1.5061064106e-02
3.38000e+02 1.5706448560e+02 8.3856321340e-01
3.39000e+02 1.5751956887e+02 1.7507090416e+00
3.40000e+02 1.5794685782e+02 3.5246932667e+00
3.41000e+02 1.5841013750e+02 1.7816630763e+00
3.42000e+02 1.5889666105e+02 8.5534730925e-01
3.43000e+02 1.5936409715e+02 3.4842417639e+00
3.44000e+02 1.5982614424e+02 3.4758146712e-02
3.45000e+02 1.6032742950e+02 8.9249753960e-01
3.46000e+02 1.6084918680e+02 1.6395029357e+00
3.47000e+02 1.6134534551e+02 6.3445997875e-02
3.48000e+02 1.6182841230e+02 1.6624157632e+00
3.49000e+02 1.6234500677e+02 2.5256623694e+00
3.50000e+02 1.6284772613e+02 1.8302944155e+00
3.51000e+02 1.6332909299e+02 1.6870369365e+00
3.52000e+02 1.6379137855e+02 8.3470374468e-01
3.53000e+02 1.6424217730e+02 1.6490819682e+00
3.54000e+02 1.6468707955e+02 7.7456461778e-01
3.55000e+02 1.6517256988e+02 3.1104147567e-02
3.56000e+02 1.6564025177e+02 1.6059323013e+00
3.57000e+02 1.6608467196e+02 1.5707124248e+00
3.58000e+02 1.6650272658e+02 3.2104991357e+00
3.59000e+02 1.6690963334e+02 7.0154321463e-01
3.60000e+02 1.6730977026e+02 6.8292398061e-01
3.61000e+02 1.6770714285e+02 6.7270688626e-01
3.62000e+02 1.6810109776e+02 6.6585216246e-01
3.63000e+02 1.6856690953e+02 2.4557781107e+00
3.64000e+02 1.6906558318e+02 1.6877317917e+00
3.65000e+02 1.6953061280e+02 2.8745049392e+00
3.66000e+02 1.6998002261e+02 5.5454902738e-02
3.67000e+02 1.7041482120e+02 7.5801175738e-01
3.68000e+02 1.7086376285e+02 2.8756698322e+00
3.69000e+02 1.7131019492e+02 7.6771259703e-01
3.70000e+02 1.7174541227e+02 7.4306128597e-01
3.71000e+02 1.7224891671e+02 8.7034855799e-01
3.72000e+02 1.7277902601e+02 3.6700109670e+00
3.73000e+02 1.7328914818e+02 5.3770168675e+00
3.74000e+02 1.7379398116e+02 8.8476725024e-01
3.75000e+02 1.7429283649e+02 8.7261563037e-01
3.76000e+02 1.7479038254e+02 8.6445608337e-01
3.77000e+02 1.7529633795e+02 7.0930867112e-02
3.78000e+02 1.7580709318e+02 7.5537878074e-02
3.79000e+02 1.7629150811e+02 8.6739691286e-01
3.80000e+02 1.7675985000e+02 8.2411617823e-01
3.81000e+02 1.7729445016e+02 5.4449107919e+00
3.82000e+02 1.7785323862e+02 6.1242413192e-02
3.83000e+02 1.7837721245e+02 9.1677281968e-01
3.84000e+02 1.7888532817e+02 2.6079055293e+00
3.85000e+02 1.7943299321e+02 9.7358251431e-01
3.86000e+02 1.7996542637e+02 7.1860479196e+00
3.87000e+02 1.8048669378e+02 9.1905816491e-01
3.88000e+02 1.8100827530e+02 9.0728747086e-01
3.89000e+02 1.8152562236e+02 9.0245982181e-01
3.90000e+02 1.8204561778e+02 8.9997127035e-01
3.91000e+02 1.8255553898e+02 2.5439340202e+00
3.92000e+02 1.8305676006e+02 9.6571429211e-01
3.93000e+02 1.8357381170e+02 2.6460478229e+00
3.94000e+02 1.8407484935e+02 3.5582598987e+00
3.95000e+02 1.8457045304e+02 2.6315141301e+00
3.96000e+02 1.8506670196e+02 4.4030993271e+00
3.97000e+02 1.8554086833e+02 2.6678057091e+00
3.98000e+02 1.8601791003e+02 2.6192223900e+00
3.99000e+02 1.8653678884e+02 8.7986759098e-01
4.00000e+02 1.8703934124e+02 8.8050246483e-01
4.01000e+02 1.8753156728e+02 8.5296919375e-01
4.02000e+02 1.8802418680e+02 8.0395978191e-01
4.03000e+02 1.8850919436e+02 8.8863239551e-01
4.04000e+02 1.8896098097e+02 1.6746171437e+00
4.05000e+02 1.8944911490e+02 2.6275205580e+00
4.06000e+02 1.8996089019e+02 8.6133912047e-01
4.07000e+02 1.9045776010e+02 8.6512163920e-01
4.08000e+02 1.9094725754e+02 1.7904352655e+00
4.09000e+02 1.9143108542e+02 8.5617173315e-01
4.10000e+02 1.9193104911e+02 8.5244492179e-01
4.11000e+02 1.9243180157e+02 3.4169032477e+00
4.12000e+02 1.9293243901e+02 1.8099799785e+00
4.13000e+02 1.9346187599e+02 8.9720157808e-01
4.14000e+02 1.9398713614e+02 1.7873826434e+00
4.15000e+02 1.9448210367e+02 2.6132812844e+00
4.16000e+02 1.9495386987e+02 8.6743313286e-01
4.17000e+02 1.9547540933e+02 8.9976575011e-01
4.18000e+02 1.9602677279e+02 5.1399767947e-02
4.19000e+02 1.9656030951e+02 1.7959225619e+00
4.20000e+02 1.9708837702e+02 1.7708306916e+00
4.21000e+02 1.9762025023e+02 2.7058564525e+00
4.22000e+02 1.9815178865e+02 9.5863820492e-01
4.23000e+02 1.9871410815e+02 9.5352499038e-01
4.24000e+02 1.9929225572e+02 5.0080062296e-02
4.25000e+02 1.9984438620e+02 9.7793683375e-01
4.26000e+02 2.0039503926e+02 9.7168610402e-01
4.27000e+02 2.0099128891e+02 8.3960143938e-02
4.28000e+02 2.0160585623e+02 9.5832978409e-01
4.29000e+02 2.0219993159e+02 1.9806850312e+00
4.30000e+02 2.0279026814e+02 2.0003900435e+00
4.31000e+02 2.0336698758e+02 2.8767115902e+00
4.32000e+02 2.0391940315e+02 6.4435653236e+00
4.33000e+02 2.0445470794e+02 1.9927295054e+00
4.34000e+02 2.0498719471e+02 9.5746562053e-01
4.35000e+02 2.0557830453e+02 1.0304748800e+00
4.36000e+02 2.0618959005e+02 1.9874549740e+00
4.37000e+02 2.0676585914e+02 4.0964296504e-02
4.38000e+02 2.0733595863e+02 1.7530140045e-01
4.39000e+02 2.0795900317e+02 1.9391589716e+00
4.40000e+02 2.0860235903e+02 7.2993668700e-02
4.41000e+02 2.0921009058e+02 1.2425595197e-01
4.42000e+02 2.0979933447e+02 1.1358258231e+00
4.43000e+02 2.1043263000e+02 2.0976083686e+00
4.44000e+02 2.1105306099e+02 2.9967586545e+00
4.45000e+02 2.1166021053e+02 1.0706426383e+00
4.46000e+02 2.1226701793e+02 1.0559484110e+00
4.47000e+02 2.1286868090e+02 1.0494058983e+00
4.48000e+02 2.1349393747e+02 1.1025456725e+00
4.49000e+02 2.1411400016e+02 1.0542276422e+00
4.50000e+02 2.1473034701e+02 4.1013956570e+00
4.51000e+02 2.1531950455e+02 5.2413666197e+00
4.52000e+02 2.1591046920e+02 1.0548941703e+00
4.53000e+02 2.1649327655e+02 3.0181424185e+00
4.54000e+02 2.1706715834e+02 2.9980414152e+00
4.55000e+02 2.1770437716e+02 2.0724327174e+00
4.56000e+02 2.1832528459e+02 3.0674352904e+00
4.57000e+02 2.1892137204e+02 1.0067649935e+00
4.58000e+02 2.1952365426e+02 1.0292236433e+00
4.59000e+02 2.2017351088e+02 2.1454952127e+00
4.60000e+02 2.2083839740e+02 1.0497373158e+00
4.61000e+02 2.2146656732e+02 6.6791989081e-02
4.62000e+02 2.2209325309e+02 1.1244650010e+00
4.63000e+02 2.2269742489e+02 2.1665492074e+00
4.64000e+02 2.2330540433e+02 1.1065810847e+00
4.65000e+02 2.2397503556e+02 3.1784015400e+00
4.66000e+02 2.2461689882e+02 4.2910832850e+00
4.67000e+02 2.2524283210e+02 2.1655672966e+00
4.68000e+02 2.2587029017e+02 1.0846753154e+00
4.69000e+02 2.2647796415e+02 3.5021916244e-03
4.70000e+02 2.2707644785e+02 1.0918198236e+00
4.71000e+02 2.2770118318e+02 2.1794978139e+00
4.72000e+02 2.2829965379e+02 2.8987466473e-02
4.73000e+02 2.2887382277e+02 1.0046474451e+00
4.74000e+02 2.2943538963e+02 2.1404014844e+00
4.75000e+02 2.2998181149e+02 4.2180060014e+00
4.76000e+02 2.3052147762e+02 2.0763820853e+00
4.77000e+02 2.3112437929e+02 1.0316005530e+00
4.78000e+02 2.3172281968e+02 1.0305387420e+00
4.79000e+02 2.3227567854e+02 2.1169509663e+00
4.80000e+02 2.3283108196e+02 9.2899066604e-01
4.81000e+02 2.3342300422e+02 9.6773664422e-01
4.82000e+02 2.3398658513e+02 9.5746655896e-01
4.83000e+02 2.3452149583e+02 9.1011351087e-01
4.84000e+02 2.3504860373e+02 3.3192753588e-03
4.85000e+02 2.3556256873e+02 8.9892077380e-01
4.86000e+02 2.3606845155e+02 2.8983150801e+00
4.87000e+02 2.3663596496e+02 1.9506290319e+00
4.88000e+02 2.3722846640e+02 5.1061499713e+00
4.89000e+02 2.3780148619e+02 1.8571979238e+00
4.90000e+02 2.3836647508e+02 9.5776034187e-01
4.91000e+02 2.3892281667e+02 9.4563076691e-01
4.92000e+02 2.3947998358e+02 9.3686315489e-01
4.93000e+02 2.4002798252e+02 8.7833550818e-01
4.94000e+02 2.4056779033e+02 1.8680406296e+00
4.95000e+02 2.4112568086e+02 9.5800832593e-01
4.96000e+02 2.4165759832e+02 2.5249450535e-02
4.97000e+02 2.4217095085e+02 9.6959486607e-01
4.98000e+02 2.4265607184e+02 1.8253206118e+00
4.99000e+02 2.4312786248e+02 7.7769212024e-01
5.00000e+02 2.4362217039e+02 9.1155041914e-01
5.01000e+02 2.4415666374e+02 4.8621388005e-02
5.02000e+02 2.4465874434e+02 1.6013259053e+00
5.03000e+02 2.4514915103e+02 2.4444917711e+00
5.04000e+02 2.4566523028e+02 1.8209890262e+00
5.05000e+02 2.4617233467e+02 1.5723356190e+00
5.06000e+02 2.4667363184e+02 8.1010108838e-01
5.07000e+02 2.4717233925e+02 1.1830162973e-01
5.08000e+02 2.4765340721e+02 1.5089505662e+00
5.09000e+02 2.4814634285e+02 7.9512224360e-01
5.10000e+02 2.4861700600e+02 3.0634018798e-02
5.11000e+02 2.4907482836e+02 1.4665565635e+00
5.12000e+02 2.4950671772e+02 2.3069561236e+00
5.13000e+02 2.4997548538e+02 7.5704857414e-01
5.14000e+02 2.5047145202e+02 2.3449777954e+00
5.15000e+02 2.5095363100e+02 7.9411524857e-01
5.16000e+02 2.5142593494e+02 7.7402961055e-01
5.17000e+02 2.5189107026e+02 7.1313564577e-01
5.18000e+02 2.5234275868e+02 1.5582687192e+00
5.19000e+02 2.5280698481e+02 1.7952852656e-02
5.20000e+02 2.5325812629e+02 7.3056106981e-01
5.21000e+02 2.5370788093e+02 5.7767531720e+00
5.22000e+02 2.5415868349e+02 7.3133572364e-01
5.23000e+02 2.5463793386e+02 1.5757885093e+00
5.24000e+02 2.5513473360e+02 7.7874681893e-01
5.25000e+02 2.5561046215e+02 2.5973906133e-02
5.26000e+02 2.5608493820e+02 8.6936639707e-01
5.27000e+02 2.5659961928e+02 8.1339879179e-01
5.28000e+02 2.5713401701e+02 6.3545917706e-02
5.29000e+02 2.5764104608e+02 7.7951418286e-01
5.30000e+02 2.5814479601e+02 8.4185927658e-01
5.31000e+02 2.5869396724e+02 9.7972515870e-02
5.32000e+02 2.5923974629e+02 2.5420504634e+00
5.33000e+02 2.5974631664e+02 2.4815538770e+00
5.34000e+02 2.6025106866e+02 1.5728998638e+00
5.35000e+02 2.6078701698e+02 2.5490108815e+00
5.36000e+02 2.6129631919e+02 6.8644264641e-01
5.37000e+02 2.6178100889e+02 2.1880653551e-02
5.38000e+02 2.6225625571e+02 9.7918550564e-01
5.39000e+02 2.6275508662e+02 6.4863879708e-01
5.40000e+02 2.6322992991e+02 5.6317700549e-02
5.41000e+02 2.6369632913e+02 1.4527305564e+00
5.42000e+02 2.6418441039e+02 2.3890990746e+00
5.43000e+02 2.6466456546e+02 7.7627018938e-01
5.44000e+02 2.6514089845e+02 7.5170682312e-01
5.45000e+02 2.6561704669e+02 9.5176074286e-01
5.46000e+02 2.6606154236e+02 1.6904899646e+00
5.47000e+02 2.6653711166e+02 8.6037749037e-01
5.48000e+02 2.6703707001e+02 7.8737100583e-01
5.49000e+02 2.6751972308e+02 2.5054408876e+00
5.50000e+02 2.6799521852e+02 6.8992502671e-01
5.51000e+02 2.6845283011e+02 1.3991957293e+00
5.52000e+02 2.6891925789e+02 1.4854256929e+00
5.53000e+02 2.6942806721e+02 8.1523788598e-01
5.54000e+02 2.6990878599e+02 1.6027741798e+00
5.55000e+02 2.7037868631e+02 1.4952501301e+00
5.56000e+02 2.7087121740e+02 8.0699539475e-01
5.57000e+02 2.7135543209e+02 7.5700461890e-01
5.58000e+02 2.7183616798e+02 1.4989953270e+00
5.59000e+02 2.7235153334e+02 1.3731796320e-01
5.60000e+02 2.7286407825e+02 9.2389038426e-01
5.61000e+02 2.7336644816e+02 8.1811811602e-01
5.62000e+02 2.7387293816e+02 8.1124509038e-01
5.63000e+02 2.7437437609e+02 8.0950186659e-01
5.64000e+02 2.7487994884e+02 8.0777510699e-01
5.65000e+02 2.7537389702e+02 1.5338329164e+00
5.66000e+02 2.7584285650e+02 1.7513965957e+00
5.67000e+02 2.7635223997e+02 8.1491287278e-01
5.68000e+02 2.7689307293e+02 6.0887494135e-02
5.69000e+02 2.7741205684e+02 3.2157028579e+00
5.70000e+02 2.7791775349e+02 8.5083512950e-01
5.71000e+02 2.7840465077e+02 2.5925785920e+00
5.72000e+02 2.7890335373e+02 4.0010099626e+00
5.73000e+02 2.7939713640e+02 8.2478304781e-01
5.74000e+02 2.7988107316e+02 7.6837063711e-01
5.75000e+02 2.8035559109e+02 7.5522291925e-01
5.76000e+02 2.8084657498e+02 8.1623918416e-01
5.77000e+02 2.8133559663e+02 7.7675296051e-01
5.78000e+02 2.8181253556e+02 7.4746986871e-01
5.79000e+02 2.8228183137e+02 7.4150027151e-01
5.80000e+02 2.8276932418e+02 7.7248513113e-01
5.81000e+02 2.8331948842e+02 3.2960580685e+00
5.82000e+02 2.8383553300e+02 3.1099267866e+00
5.83000e+02 2.8431036573e+02 4.4438877597e-02
5.84000e+02 2.8477916238e+02 1.8696160468e-02
5.85000e+02 2.8523876960e+02 7.2362074751e-01
5.86000e+02 2.8569108977e+02 7.0642064399e-01
5.87000e+02 2.8619419658e+02 3.0597594321e+00
5.88000e+02 2.8667572566e+02 9.8789306990e-03
5.89000e+02 2.8712675156e+02 6.6322992744e-01
5.90000e+02 2.8755211872e+02 1.3961481394e+00
5.91000e+02 2.8802562373e+02 3.0808074583e+00
5.92000e+02 2.8852845065e+02 6.2988700064e+00
5.93000e+02 2.8900438802e+02 1.3908576540e+00
5.94000e+02 2.8947035293e+02 1.2600627352e-01
5.95000e+02 2.8992038675e+02 7.9370147266e-01
5.96000e+02 2.9038156625e+02 1.3983261199e+00
5.97000e+02 2.9089078053e+02 8.0417360845e-01
5.98000e+02 2.9138404389e+02 7.9380587717e-01
5.99000e+02 2.9185833294e+02 7.2646620070e-01
6.00000e+02 2.9233071734e+02 7.1391873085e-01
6.01000e+02 2.9278454316e+02 7.1699680862e-01
6.02000e+02 2.9322687417e+02 6.8622642531e-01
6.03000e+02 2.9374127298e+02 1.6221029502e+00
6.04000e+02 2.9428466494e+02 5.6040839639e-01
6.05000e+02 2.9480816845e+02 1.3671492904e+00
6.06000e+02 2.9532049319e+02 2.3992517242e+00
6.07000e+02 2.9582449109e+02 8.0524240598e-01
6.08000e+02 2.9634799092e+02 8.3561022975e-01
6.09000e+02 2.9686640290e+02 8.4063368690e-01
6.10000e+02 2.9738108848e+02 1.0734935141e+00
6.11000e+02 2.9787327047e+02 1.7963163883e+00
6.12000e+02 2.9836916940e+02 1.6159615230e+00
6.13000e+02 2.9890978507e+02 8.5188676920e-01
6.14000e+02 2.9942346444e+02 1.5991729280e+00
6.15000e+02 2.9990777379e+02 7.8726419688e-03
6.16000e+02 3.0036513904e+02 7.2819603440e-01
6.17000e+02 3.0081133954e+02 6.8935899051e-01
6.18000e+02 3.0127793292e+02 8.2172932426e-01
6.19000e+02 3.0178780881e+02 9.8785469597e-01
6.20000e+02 3.0226584362e+02 6.4516029782e-01
6.21000e+02 3.0271370973e+02 1.6656081689e-03
6.22000e+02 3.0315618677e+02 9.6275051276e-01
6.23000e+02 3.0362424862e+02 6.0270108164e-01
6.24000e+02 3.0406742238e+02 3.3197098023e-02
6.25000e+02 3.0450253847e+02 2.1400431814e+00
6.26000e+02 3.0494030242e+02 6.5664338863e-01
6.27000e+02 3.0537540622e+02 6.5597445767e-01
6.28000e+02 3.0583619886e+02 2.3772929010e+00
6.29000e+02 3.0629360325e+02 2.5395225693e+00
6.30000e+02 3.0673791253e+02 6.8520425882e-01
6.31000e+02 3.0717384362e+02 6.6304575249e-01
6.32000e+02 3.0760702296e+02 6.5125277189e-01
6.33000e+02 3.0807800955e+02 7.1473075296e-01
6.34000e+02 3.0853352530e+02 6.7307028554e-01
6.35000e+02 3.0896771755e+02 2.1220890140e+00
6.36000e+02 3.0938566988e+02 1.5227011020e-02
6.37000e+02 3.0982327243e+02 5.5003000799e-01
6.38000e+02 3.1024076904e+02 7.6457609199e-01
6.39000e+02 3.1064287925e+02 4.7293820106e-02
6.40000e+02 3.1103403795e+02 4.9304600837e-01
6.41000e+02 3.1141552184e+02 1.0734954966e+00
6.42000e+02 3.1179273225e+02 2.6828991253e+00
6.43000e+02 3.1221449100e+02 1.4228636842e+00
6.44000e+02 3.1263468086e+02 6.2153884014e-01
6.45000e+02 3.1302108494e+02 5.4395900823e-01
6.46000e+02 3.1341024383e+02 5.5058254543e-01
6.47000e+02 3.1379221952e+02 5.5052376011e-01
6.48000e+02 3.1416532510e+02 6.6198728820e-01
6.49000e+02 3.1458883836e+02 6.2267180934e-01
6.50000e+02 3.1501155929e+02 6.2458020866e-01
6.51000e+02 3.1539689668e+02 6.6025860599e-01
6.52000e+02 3.1578718795e+02 5.5110561968e-01
6.53000e+02 3.1620391314e+02 1.9878070964e+00
6.54000e+02 3.1659331765e+02 3.3316416506e-02
6.55000e+02 3.1697542462e+02 5.4926622746e-01
6.56000e+02 3.1738072559e+02 3.1938236239e+00
6.57000e+02 3.1778040228e+02 5.6825552103e-01
6.58000e+02 3.1817679950e+02 1.1940577356e+00
6.59000e+02 3.1860342042e+02 6.7632836376e-01
6.60000e+02 3.1905075528e+02 4.2033888321e-02
6.61000e+02 3.1947708510e+02 8.4736780143e-01
6.62000e+02 3.1990044178e+02 7.0261149597e-01
6.63000e+02 3.2036303192e+02 7.7961072147e-02
6.64000e+02 3.2084643915e+02 5.6701637291e-01
6.65000e+02 3.2130342936e+02 7.3256927819e-01
6.66000e+02 3.2175669765e+02 1.0779472608e-01
6.67000e+02 3.2225353363e+02 6.0069519398e-01
6.68000e+02 3.2274777432e+02 2.0071827747e+00
6.69000e+02 3.2320387332e+02 2.0732211057e+00
6.70000e+02 3.2365849736e+02 2.2103771886e+00
6.71000e+02 3.2414169050e+02 2.0383604389e+00
6.72000e+02 3.2459841600e+02 4.6158239245e-02
6.73000e+02 3.2503226607e+02 5.5560737704e-01
6.74000e+02 3.2545738387e+02 7.4403512243e-01
6.75000e+02 3.2587228257e+02 1.3867428196e+00
6.76000e+02 3.2628084126e+02 5.9525560323e-01
6.77000e+02 3.2668835094e+02 5.8727133024e-01
6.78000e+02 3.2709697299e+02 1.1941734444e+00
6.79000e+02 3.2756066098e+02 7.7788407505e-01
6.80000e+02 3.2804616789e+02 2.7059765204e+00
6.81000e+02 3.2849887568e+02 4.5198114854e-02
6.82000e+02 3.2893938964e+02 6.6379224029e-01
6.83000e+02 3.2941647310e+02 1.9322408788e+00
6.84000e+02 3.2987785550e+02 6.9808967130e-01
6.85000e+02 3.3031529314e+02 2.0046674619e+00
6.86000e+02 3.3072625430e+02 2.0050018982e+00
6.87000e+02 3.3118065657e+02 1.8829527673e+00
6.88000e+02 3.3163510404e+02 1.8741348765e+00
6.89000e+02 3.3205628044e+02 6.0077872829e-01
6.90000e+02 3.3245936452e+02 5.9230088014e-01
6.91000e+02 3.3291186726e+02 6.7551429703e-01
6.92000e+02 3.3339628667e+02 7.3072237594e-01
6.93000e+02 3.3385522343e+02 1.8781059613e+00
6.94000e+02 3.3430207454e+02 1.3521588274e-01
6.95000e+02 3.3479335259e+02 9.1353132269e-02
6.96000e+02 3.3530923928e+02 1.2210381775e+00
6.97000e+02 3.3579676206e+02 1.6366668771e-01
6.98000e+02 3.3627696855e+02 1.2461715935e-01
6.99000e+02 3.3680407449e+02 1.2556450281e+00
7.00000e+02 3.3732866734e+02 2.0906353263e+00
7.01000e+02 3.3784111303e+02 8.0148948758e-01
7.02000e+02 3.3835784276e+02 7.9282488615e-01
7.03000e+02 3.3886833008e+02 7.9007368137e-01
7.04000e+02 3.3940817296e+02 1.8745921800e-01
7.05000e+02 3.3993907643e+02 1.6787323152e-01
7.06000e+02 3.4046181223e+02 2.8868903045e+00
7.07000e+02 3.4096202942e+02 3.8143259835e+00
7.08000e+02 3.4146858922e+02 2.2734820803e+00
7.09000e+02 3.4201976778e+02 3.6320856959e+00
7.10000e+02 3.4255291481e+02 2.2686838374e+00
7.11000e+02 3.4306862299e+02 2.8688081264e+00
7.12000e+02 3.4358411760e+02 7.7619882980e-01
7.13000e+02 3.4414088878e+02 8.9178898676e-01
7.14000e+02 3.4469352287e+02 1.7160851621e+00
7.15000e+02 3.4523405176e+02 8.5262166322e-01
7.16000e+02 3.4580231363e+02 7.9337982696e-01
7.17000e+02 3.4635727113e+02 1.7181480157e+00
7.18000e+02 3.4690701514e+02 8.4887896463e-01
7.19000e+02 3.4745057767e+02 8.5106372986e-01
7.20000e+02 3.4799323633e+02 8.4312731167e-01
7.21000e+02 3.4853338206e+02 8.3886739101e-01
7.22000e+02 3.4909539880e+02 9.5191974304e-01
7.23000e+02 3.4964743006e+02 1.6873880295e+00
7.24000e+02 3.5019544851e+02 1.6717023563e+00
7.25000e+02 3.5076126155e+02 8.2552749369e-01
7.26000e+02 3.5130912855e+02 5.5511120332e+00
7.27000e+02 3.5187077303e+02 8.6401991291e-01
7.28000e+02 3.5242575528e+02 8.5035210836e-01
7.29000e+02 3.5297032928e+02 3.5088011707e+00
7.30000e+02 3.5348711732e+02 8.3207692437e-01
7.31000e+02 3.5401973221e+02 2.9029584003e-02
7.32000e+02 3.5453781841e+02 8.0422308378e-01
7.33000e+02 3.5505226001e+02 3.4688951210e+00
7.34000e+02 3.5557338698e+02 3.5109247411e+00
7.35000e+02 3.5612536477e+02 1.6696575983e+00
7.36000e+02 3.5669039069e+02 8.5904705721e-01
7.37000e+02 3.5723049303e+02 2.5660748208e-02
7.38000e+02 3.5775701660e+02 8.1847739432e-01
7.39000e+02 3.5831804507e+02 1.6900204450e+00
7.40000e+02 3.5886891004e+02 1.6638706722e+00
7.41000e+02 3.5939848777e+02 1.6339074888e+00
7.42000e+02 3.5989593962e+02 1.6085984549e+00
7.43000e+02 3.6037937850e+02 7.3033934131e-01
7.44000e+02 3.6087760233e+02 8.2228827493e-01
7.45000e+02 3.6136905552e+02 1.5904757504e+00
7.46000e+02 3.6185220412e+02 7.2322203936e-01
7.47000e+02 3.6238935374e+02 2.3878851297e-02
7.48000e+02 3.6290480267e+02 1.5163035726e+00
7.49000e+02 3.6338850213e+02 7.6774719590e-01
7.50000e+02 3.6385854387e+02 1.3106864205e-02
7.51000e+02 3.6435644436e+02 1.4712331361e+00
7.52000e+02 3.6483232593e+02 7.2741208728e-01
7.53000e+02 3.6529952106e+02 3.0105722976e+00
7.54000e+02 3.6578718053e+02 2.2447635737e+00
7.55000e+02 3.6626871037e+02 6.9948171023e-01
7.56000e+02 3.6674854421e+02 2.1678330951e+00
7.57000e+02 3.6726144691e+02 5.1059446048e-02
7.58000e+02 3.6779309198e+02 4.3985593945e-02
7.59000e+02 3.6830046678e+02 1.4371173612e+00
7.60000e+02 3.6879455947e+02 2.1585134257e+00
7.61000e+02 3.6932284970e+02 8.0636789334e-01
7.62000e+02 3.6983870043e+02 7.7984020824e-01
7.63000e+02 3.7033291868e+02 2.1537799436e+00
7.64000e+02 3.7080770372e+02 1.9307651988e-02
7.65000e+02 3.7130491311e+02 6.9868605145e-01
7.66000e+02 3.7178217621e+02 1.3731674835e+00
7.67000e+02 3.7225154196e+02 2.1019658604e+00
7.68000e+02 3.7273937709e+02 1.4597389534e+00
7.69000e+02 3.7322295773e+02 7.0200000295e-01
7.70000e+02 3.7369359575e+02 6.9715098197e-01
7.71000e+02 3.7418678670e+02 1.3677758783e+00
7.72000e+02 3.7467051100e+02 1.3622972713e+00
7.73000e+02 3.7514922699e+02 6.9158917908e-01
7.74000e+02 3.7563839700e+02 2.1602084592e+00
7.75000e+02 3.7615785163e+02 7.6774185937e-01
7.76000e+02 3.7667247019e+02 1.4924383585e+00
7.77000e+02 3.7717682936e+02 7.5819748384e-01
7.78000e+02 3.7770484227e+02 4.4288611686e-02
7.79000e+02 3.7822095390e+02 7.7319589085e-01
7.80000e+02 3.7873504774e+02 1.5493372346e+00
7.81000e+02 3.7928561534e+02 4.6208427062e-02
7.82000e+02 3.7985426163e+02 7.6214749420e-01
7.83000e+02 3.8039563845e+02 1.5730530922e+00
7.84000e+02 3.8093457228e+02 7.1002202780e-02
7.85000e+02 3.8151952658e+02 6.6723436092e-02
7.86000e+02 3.8212332201e+02 1.6066291642e+00
7.87000e+02 3.8269470339e+02 1.0093576884e-01
7.88000e+02 3.8324963750e+02 3.2199312535e+00
7.89000e+02 3.8379696349e+02 8.3813657004e-01
7.90000e+02 3.8435567372e+02 8.6433111463e-02
7.91000e+02 3.8497953285e+02 1.6439273637e+00
7.92000e+02 3.8559566384e+02 2.6140540802e+00
7.93000e+02 3.8616130294e+02 3.9652976545e+00
7.94000e+02 3.8672309080e+02 8.4415217695e-01
7.95000e+02 3.8732292574e+02 4.2090299407e+00
7.96000e+02 3.8789571231e+02 4.3344422365e-02
7.97000e+02 3.8843878592e+02 8.2074254223e-01
7.98000e+02 3.8897007721e+02 9.4319693076e-01
7.99000e+02 3.8948800051e+02 1.7561590657e+00
8.00000e+02 3.8999741323e+02 7.5883084119e-01
8.01000e+02 3.9050529929e+02 7.4803476725e-01
8.02000e+02 3.9100936541e+02 7.4194013948e-01
8.03000e+02 3.9157194838e+02 8.0553058070e-02
8.04000e+02 3.9211681452e+02 7.8570918914e-01
8.05000e+02 3.9264756649e+02 1.6225959938e+00
8.06000e+02 3.9319657821e+02 3.3850392034e+00
8.07000e+02 3.9373266988e+02 7.6940381153e-01
8.08000e+02 3.9425365852e+02 7.8555692030e-01
8.09000e+02 3.9480547992e+02 2.4401129171e+00
8.10000e+02 3.9534746021e+02 8.2217272772e-01
8.11000e+02 3.9587909412e+02 7.8031360597e-01
8.12000e+02 3.9642149579e+02 3.2469482818e+00
8.13000e+02 3.9693973079e+02 3.2014566904e+00
8.14000e+02 3.9745474938e+02 7.7356324250e-01
8.15000e+02 3.9801769139e+02 8.3247116252e-01
8.16000e+02 3.9855764731e+02 3.1933450132e+00
8.17000e+02 3.9906752115e+02 7.6442851457e-01
8.18000e+02 3.9954889253e+02 3.0935452392e+00
8.19000e+02 4.0008107612e+02 3.1915832912e+00
8.20000e+02 4.0064088168e+02 8.4946396145e-01
8.21000e+02 4.0117245149e+02 1.4886403132e+00
8.22000e+02 4.0169484106e+02 7.4834365996e-02
8.23000e+02 4.0226593223e+02 1.8467196595e-01
8.24000e+02 4.0285947169e+02 1.4082104249e+00
8.25000e+02 4.0342117285e+02 1.0489087742e-01
8.26000e+02 4.0397655820e+02 2.1748307453e-01
8.27000e+02 4.0458372705e+02 1.4428798961e+00
8.28000e+02 4.0521187855e+02 1.3939802462e-01
8.29000e+02 4.0580492963e+02 2.4861551100e-01
8.30000e+02 4.0639183773e+02 1.4729597724e+00
8.31000e+02 4.0703294404e+02 1.7319608154e-01
8.32000e+02 4.0769465054e+02 2.8192189787e-01
8.33000e+02 4.0831874216e+02 1.5025273564e+00
8.34000e+02 4.0893674233e+02 2.0411494981e-01
8.35000e+02 4.0961140080e+02 3.1519213177e-01
8.36000e+02 4.1030581400e+02 1.5337315386e+00
8.37000e+02 4.1096091369e+02 2.3491889973e-01
8.38000e+02 4.1160982277e+02 3.4578584517e-01
8.39000e+02 4.1231695111e+02 1.5646676898e+00
8.40000e+02 4.1301781491e+02 4.6353152904e+00
8.41000e+02 4.1366935729e+02 3.1704461067e+00
8.42000e+02 4.1431665829e+02 3.7082957772e+00
8.43000e+02 4.1500426195e+02 5.4581917386e+00
8.44000e+02 4.1567302489e+02 2.1984290355e+00
8.45000e+02 4.1632249236e+02 1.0156177690e+00
8.46000e+02 4.1695267101e+02 1.9722729753e+00
8.47000e+02 4.1762364852e+02 1.0545874939e+00
8.48000e+02 4.1828608404e+02 3.8428283835e-02
8.49000e+02 4.1893505250e+02 2.1380707204e+00
8.50000e+02 4.1958321004e+02 2.1216546864e+00
8.51000e+02 4.2021955175e+02 2.6309099549e+00
8.52000e+02 4.2084015692e+02 1.0439594276e+00
8.53000e+02 4.2144053119e+02 2.9641229640e+00
8.54000e+02 4.2203526995e+02 3.6448653520e+00
8.55000e+02 4.2269556303e+02 1.0212541553e+00
8.56000e+02 4.2337681250e+02 1.9988521938e+00
8.57000e+02 4.2403501341e+02 1.9840767396e+00
8.58000e+02 4.2468858177e+02 1.0215788056e+00
8.59000e+02 4.2533525855e+02 1.0090330902e+00
8.60000e+02 4.2599095885e+02 1.0277756524e+00
8.61000e+02 4.2664467505e+02 1.0602899562e+00
8.62000e+02 4.2726462303e+02 2.9894595365e+00
8.63000e+02 4.2786298452e+02 2.9844572955e+00
8.64000e+02 4.2846055776e+02 1.0230673899e+00
8.65000e+02 4.2911906498e+02 2.0056951736e+00
8.66000e+02 4.2979513324e+02 1.9547128226e+00
8.67000e+02 4.3044877174e+02 1.9597198342e+00
8.68000e+02 4.3109914392e+02 1.9983613551e+00
8.69000e+02 4.3173519779e+02 2.9688077553e+00
8.70000e+02 4.3233205094e+02 2.9529943389e+00
8.71000e+02 4.3297755042e+02 1.9397503690e+00
8.72000e+02 4.3365006665e+02 1.0300192151e+00
8.73000e+02 4.3429521911e+02 9.8460095422e-01
8.74000e+02 4.3491927008e+02 1.9618631045e+00
8.75000e+02 4.3558418276e+02 1.0402633710e+00
8.76000e+02 4.3623601421e+02 1.9392698940e+00
8.77000e+02 4.3686149082e+02 1.9493239732e+00
8.78000e+02 4.3746512682e+02 1.0188081340e+00
8.79000e+02 4.3809834639e+02 3.1693112008e-02
8.80000e+02 4.3871077673e+02 9.2018787906e-01
8.81000e+02 4.3930001327e+02 9.8154926076e-01
8.82000e+02 4.3987338174e+02 6.1928953246e-02
8.83000e+02 4.4047326187e+02 8.5714141099e-01
8.84000e+02 4.4105125706e+02 9.4613255764e-01
8.85000e+02 4.4161866949e+02 2.7865694168e+00
8.86000e+02 4.4218788763e+02 8.3484910365e-01
8.87000e+02 4.4274772053e+02 9.1270669197e-02
8.88000e+02 4.4327892426e+02 3.7059190920e+00
8.89000e+02 4.4379485116e+02 1.6802936188e+00
8.90000e+02 4.4433536396e+02 8.2342859916e-01
8.91000e+02 4.4491792000e+02 1.7618765894e+00
8.92000e+02 4.4546721729e+02 7.2388692255e-01
8.93000e+02 4.4600362727e+02 1.5261748487e+00
8.94000e+02 4.4654286555e+02 7.7078188799e-01
8.95000e+02 4.4707780435e+02 7.6853991297e-01
8.96000e+02 4.4764295833e+02 3.5165984261e+00
8.97000e+02 4.4820489873e+02 3.6190011109e+00
8.98000e+02 4.4875721824e+02 2.3135358305e+00
8.99000e+02 4.4934305715e+02 5.0900111068e-02
9.00000e+02 4.4992505505e+02 8.6138020167e-01
9.01000e+02 4.5049597054e+02 8.4559541256e-01
9.02000e+02 4.5109802537e+02 3.6900846014e-02
9.03000e+02 4.5169033151e+02 2.3415880331e+00
9.04000e+02 4.5227301575e+02 9.2596376078e-01
9.05000e+02 4.5289469484e+02 5.0763584760e-02
9.06000e+02 4.5353729415e+02 2.3212574833e+00
9.07000e+02 4.5415153999e+02 9.4697750416e-01
9.08000e+02 4.5475920934e+02 7.5697916809e-02
9.09000e+02 4.5541674880e+02 8.8136789207e-01
9.10000e+02 4.5609454278e+02 9.8122518225e-01
9.11000e+02 4.5673771388e+02 1.0454748760e-01
9.12000e+02 4.5737410521e+02 9.0920850231e-01
9.13000e+02 4.5806513834e+02 1.0137376280e+00
9.14000e+02 4.5877632061e+02 1.3783123486e-01
9.15000e+02 4.5944931804e+02 9.3812561201e-01
9.16000e+02 4.6010098774e+02 6.1396455702e+00
9.17000e+02 4.6080110409e+02 4.4346981425e+00
9.18000e+02 4.6148935982e+02 2.8949308842e+00
9.19000e+02 4.6216241437e+02 1.0483059045e+00
9.20000e+02 4.6283469678e+02 1.0312842749e+00
9.21000e+02 4.6349344715e+02 5.3747349463e+00
9.22000e+02 4.6411671261e+02 2.0468556299e+00
9.23000e+02 4.6479149807e+02 1.0319838962e+00
9.24000e+02 4.6546383135e+02 1.0310027914e+00
9.25000e+02 4.6609761209e+02 1.0081092697e+00
9.26000e+02 4.6673707386e+02 1.4968156036e-01
9.27000e+02 4.6740889529e+02 2.9605209452e+00
9.28000e+02 4.6804936074e+02 3.1867835148e-02
9.29000e+02 4.6867639362e+02 9.5038324295e-01
9.30000e+02 4.6930585989e+02 9.3843368122e-01
9.31000e+02 4.6992270451e+02 1.6936120882e-02
9.32000e+02 4.7053563156e+02 2.9310256993e+00
9.33000e+02 4.7112859852e+02 4.0093259647e+00
9.34000e+02 4.7170955193e+02 8.5389307854e-01
9.35000e+02 4.7228669919e+02 8.3721948774e-01
9.36000e+02 4.7286682994e+02 1.9372500528e+00
9.37000e+02 4.7343347424e+02 2.8473865185e+00
9.38000e+02 4.7401143324e+02 8.3338787173e-01
9.39000e+02 4.7458597970e+02 8.2995367643e-01
9.40000e+02 4.7515201000e+02 1.7742039656e+00
9.41000e+02 4.7570930316e+02 8.2320335009e-01
9.42000e+02 4.7628368904e+02 8.2555059076e-01
9.43000e+02 4.7693110532e+02 8.8125413566e-01
9.44000e+02 4.7754547074e+02 2.5955837124e+00
9.45000e+02 4.7811295342e+02 8.3491455073e-01
9.46000e+02 4.7867200230e+02 1.5336999672e-02
9.47000e+02 4.7921959369e+02 7.8244831602e-01
9.48000e+02 4.7975901376e+02 1.6298495523e+00
9.49000e+02 4.8028774555e+02 7.4234502532e-01
9.50000e+02 4.8083251771e+02 7.6738914496e-01
9.51000e+02 4.8144246352e+02 2.5555176607e+00
9.52000e+02 4.8202146741e+02 1.5403207846e+00
9.53000e+02 4.8255856349e+02 8.3642799650e-03
9.54000e+02 4.8308809733e+02 8.5058135739e-02
9.55000e+02 4.8365494524e+02 1.4956825484e+00
9.56000e+02 4.8419729153e+02 2.8301677184e-02
9.57000e+02 4.8472841480e+02 4.9450808540e+00
9.58000e+02 4.8526247246e+02 7.3712434307e-01
9.59000e+02 4.8578195127e+02 3.7559996012e-02
9.60000e+02 4.8629785260e+02 1.4805543526e+00
9.61000e+02 4.8683571689e+02 6.7913023050e-01
9.62000e+02 4.8734773851e+02 2.2036040161e-02
9.63000e+02 4.8785029110e+02 6.8580253813e-01
9.64000e+02 4.8835542036e+02 6.7822437353e-01
9.65000e+02 4.8885751537e+02 6.7708856435e-01
9.66000e+02 4.8936388771e+02 6.7765455985e-01
9.67000e+02 4.8986375785e+02 1.4594651291e+00
9.68000e+02 4.9033890084e+02 2.7926227107e+00
9.69000e+02 4.9085174433e+02 6.8772539012e-01
9.70000e+02 4.9139639862e+02 9.4960824224e+00
9.71000e+02 4.9192150875e+02 3.5637663860e+00
9.72000e+02 4.9243238606e+02 7.2277199155e-01
9.73000e+02 4.9298496457e+02 3.9735014125e-02
9.74000e+02 4.9356197005e+02 1.3196193905e+00
9.75000e+02 4.9411259159e+02 7.4756063455e-01
9.76000e+02 4.9465435138e+02 7.0577751549e-02
9.77000e+02 4.9517662806e+02 2.0705419621e+00
9.78000e+02 4.9570801135e+02 2.7280143380e+00
9.79000e+02 4.9629208955e+02 2.1167424476e+00
9.80000e+02 4.9685858002e+02 8.1684248573e-01
9.81000e+02 4.9740375381e+02 7.4221032834e-01
9.82000e+02 4.9794767731e+02 7.3248910225e-01
9.83000e+02 4.9853678742e+02 1.5905767285e+00
9.84000e+02 4.9912172244e+02 2.3942817756e+00
9.85000e+02 4.9966635153e+02 7.5410901675e-01
9.86000e+02 5.0020834382e+02 7.5207711769e-01
9.87000e+02 5.0073819215e+02 7.3599958077e-01
9.88000e+02 5.0125925107e+02 7.1433021498e-01
9.89000e+02 5.0183608846e+02 1.6466272002e+00
9.90000e+02 5.0239928068e+02 1.6416823256e+00
9.91000e+02 5.0294114339e+02 7.2563026052e-01
9.92000e+02 5.0346917697e+02 7.3187929375e-01
9.93000e+02 5.0403551573e+02 7.9169964131e-01
9.94000e+02 5.0459327593e+02 2.7174823895e-02
9.95000e+02 5.0512704050e+02 2.1306181168e+00
9.96000e+02 5.0563856548e+02 2.9828800707e-01
9.97000e+02 5.0617668328e+02 2.8220953633e-02
9.98000e+02 5.0669612874e+02 1.9848668998e+00
9.99000e+02 5.0719546470e+02 2.6356110982e-01
1.00000e+03 5.0766646351e+02 3.0722152650e+00
1.00100e+03 5.0812504031e+02 5.8891153556e-01
1.00200e+03 5.0860249007e+02 6.2267955020e-02
1.00300e+03 5.0907388177e+02 1.5883368231e+00
1.00400e+03 5.0953357164e+02 5.7701368099e-01
1.00500e+03 5.1005862163e+02 2.7295166367e+00
1.00600e+03 5.1058098535e+02 8.5453843532e-01
1.00700e+03 5.1105790447e+02 5.9477897990e-01
1.00800e+03 5.1154007486e+02 1.3048652443e+00
1.00900e+03 5.1201304539e+02 6.1326282377e-01
1.01000e+03 5.1247437584e+02 5.9582478077e-01
1.01100e+03 5.1292662829e+02 5.7056229721e-01
1.01200e+03 5.1337176042e+02 5.5379341609e-01
1.01300e+03 5.1389736095e+02 8.5423443612e-01
1.01400e+03 5.1442211162e+02 1.1665628796e+00
1.01500e+03 5.1493203909e+02 1.1497232529e+00
1.01600e+03 5.1547917176e+02 2.6594498319e+00
1.01700e+03 5.1601328345e+02 3.1686102051e+00
1.01800e+03 5.1653560055e+02 6.8732953881e-01
1.01900e+03 5.1705111813e+02 6.9223232208e-01
1.02000e+03 5.1756758050e+02 6.8568536176e-01
1.02100e+03 5.1807728410e+02 6.1069076919e-01
1.02200e+03 5.1858050958e+02 1.8863520684e+00
1.02300e+03 5.1909909025e+02 1.3561108649e+00
1.02400e+03 5.1960229101e+02 2.5634702710e+00
1.02500e+03 5.2010039159e+02 1.9095957664e+00
1.02600e+03 5.2059663780e+02 1.4324172790e+00
1.02700e+03 5.2112542626e+02 1.3717095225e+00
1.02800e+03 5.2165066568e+02 1.3791148632e+00
1.02900e+03 5.2214394441e+02 1.4145599941e+00
1.03000e+03 5.2261498591e+02 1.3451330881e+00
1.03100e+03 5.2313739499e+02 6.9791740125e-01
1.03200e+03 5.2369120349e+02 5.0607733782e-02
1.03300e+03 5.2422767346e+02 1.3956250535e+00
1.03400e+03 5.2475262362e+02 6.9693021822e-01
1.03500e+03 5.2526532518e+02 1.3632107901e+00
1.03600e+03 5.2574683813e+02 7.0769094348e-01
1.03700e+03 5.2626899195e+02 6.9597801911e-01
1.03800e+03 5.2681976266e+02 1.3911916423e+00
1.03900e+03 5.2734840145e+02 2.7410498197e+00
1.04000e+03 5.2786032146e+02 3.4020420503e+00
1.04100e+03 5.2836480662e+02 6.6397476546e-01
1.04200e+03 5.2886524847e+02 6.5183263473e-01
1.04300e+03 5.2936447494e+02 6.4592211335e-01
1.04400e+03 5.2987227315e+02 7.2156729492e-01
1.04500e+03 5.3044487706e+02 9.0277615874e-02
1.04600e+03 5.3103593654e+02 1.9932390885e+00
1.04700e+03 5.3158612519e+02 5.0962178690e-02
1.04800e+03 5.3212025147e+02 7.2987183733e-01
1.04900e+03 5.3264871875e+02 7.0742060053e-01
1.05000e+03 5.3318638345e+02 1.2005382892e-01
1.05100e+03 5.3371012018e+02 2.7864695917e+00
1.05200e+03 5.3424008217e+02 7.0254888242e-01
1.05300e+03 5.3476756228e+02 7.0085915828e-01
1.05400e+03 5.3528878742e+02 1.9179867969e+00
1.05500e+03 5.3589130597e+02 2.0211604860e+00
1.05600e+03 5.3651743730e+02 1.4928545339e+00
1.05700e+03 5.3709595864e+02 5.1041238886e-02
1.05800e+03 5.3766352338e+02 1.3105257239e-01
1.05900e+03 5.3821299857e+02 8.4505711833e-01
1.06000e+03 5.3875003322e+02 7.2896899270e-01
1.06100e+03 5.3937855025e+02 1.5173601598e+00
1.06200e+03 5.4003855071e+02 8.4859328920e-02
1.06300e+03 5.4065086709e+02 8.7950739071e-01
1.06400e+03 5.4124189690e+02 1.6908442037e+00
1.06500e+03 5.4188477265e+02 4.4098485738e+00
1.06600e+03 5.4251490409e+02 9.1384650393e-01
1.06700e+03 5.4312257010e+02 8.3879063964e-01
1.06800e+03 5.4371363499e+02 8.3798692747e-01
1.06900e+03 5.4429511377e+02 8.1096170532e-01
1.07000e+03 5.4487388185e+02 7.9785393204e-01
1.07100e+03 5.4551475209e+02 9.1092715933e-01
1.07200e+03 5.4614250349e+02 1.5806349160e+00
1.07300e+03 5.4674448873e+02 8.1756253664e-01
1.07400e+03 5.4735926165e+02 8.3408199259e-01
1.07500e+03 5.4794859796e+02 3.2457471672e+00
1.07600e+03 5.4853268108e+02 8.2206001410e-01
1.07700e+03 5.4911097596e+02 7.9754760066e-01
1.07800e+03 5.4968966375e+02 2.4500725581e+00
1.07900e+03 5.5035146980e+02 2.6100504334e+00
1.08000e+03 5.5100672162e+02 7.0581935468e+00
1.08100e+03 5.5160346396e+02 8.2864398269e-01
1.08200e+03 5.5219885443e+02 8.0805740503e-01
1.08300e+03 5.5283987168e+02 2.5311401893e+00
1.08400e+03 5.5345348946e+02 6.6489862195e-01
1.08500e+03 5.5405343171e+02 1.5543088180e+00
1.08600e+03 5.5465603118e+02 8.3520354369e-01
1.08700e+03 5.5524023109e+02 7.9470691544e-01
1.08800e+03 5.5581796358e+02 2.2445731580e-01
1.08900e+03 5.5642131363e+02 1.4609348659e+00
1.09000e+03 5.5699838268e+02 2.5530425548e-02
1.09100e+03 5.5756451169e+02 7.7505020728e-01
1.09200e+03 5.5813294313e+02 7.6563755030e-01
1.09300e+03 5.5868964843e+02 1.9673824896e-01
1.09400e+03 5.5921783792e+02 2.3978140538e+00
1.09500e+03 5.5979140270e+02 7.7230768583e-01
1.09600e+03 5.6039698547e+02 3.2929156202e+00
1.09700e+03 5.6097804113e+02 2.3801634377e+00
1.09800e+03 5.6154433569e+02 8.0964044218e-01
1.09900e+03 5.6215833411e+02 1.4014836305e-01
1.10000e+03 5.6279679927e+02 7.0907643870e-01
1.10100e+03 5.6340409708e+02 8.3507294493e-01
1.10200e+03 5.6400206025e+02 1.7167683711e-01
1.10300e+03 5.6465291179e+02 7.4522047567e-01
1.10400e+03 5.6532576671e+02 8.6862763055e-01
1.10500e+03 5.6596287225e+02 2.0131289035e-01
1.10600e+03 5.6659200422e+02 7.7564405444e-01
1.10700e+03 5.6727744143e+02 9.0234466802e-01
1.10800e+03 5.6798387972e+02 2.3469495802e-01
1.10900e+03 5.6865136881e+02 8.0525195499e-01
1.11000e+03 5.6929758578e+02 4.0439486131e+00
1.11100e+03 5.6999313683e+02 2.7418693642e+00
1.11200e+03 5.7067589909e+02 1.0039079667e+00
1.11300e+03 5.7133822863e+02 9.3362029257e-01
1.11400e+03 5.7201063750e+02 9.4471922022e-01
1.11500e+03 5.7265468927e+02 4.1322457983e+00
1.11600e+03 5.7329419905e+02 9.2597947592e-01
1.11700e+03 5.7392682372e+02 8.9534863400e-01
1.11800e+03 5.7455098275e+02 8.7910253754e-01
1.11900e+03 5.7517593204e+02 8.7054805566e-01
1.12000e+03 5.7581091086e+02 9.0317903855e-01
1.12100e+03 5.7653418287e+02 1.2751991316e+00
1.12200e+03 5.7724833132e+02 3.9771021116e+00
1.12300e+03 5.7794172170e+02 1.0300379722e+00
1.12400e+03 5.7863938578e+02 1.0125235575e+00
1.12500e+03 5.7932710386e+02 1.0058387276e+00
1.12600e+03 5.8004979458e+02 2.5136086334e+00
1.12700e+03 5.8075661718e+02 3.5252706292e+00
1.12800e+03 5.8145749684e+02 1.0080484778e+00
1.12900e+03 5.8215315237e+02 1.8498860283e+00
1.13000e+03 5.8282377237e+02 1.9642036733e+00
1.13100e+03 5.8351345540e+02 5.5023646882e-01
1.13200e+03 5.8417937982e+02 3.4955241877e-02
1.13300e+03 5.8482422741e+02 1.9114315371e+00
1.13400e+03 5.8543330947e+02 3.7316594849e+00
1.13500e+03 5.8602565297e+02 8.1717784616e-01
1.13600e+03 5.8664195963e+02 4.9537289222e-01
1.13700e+03 5.8724831505e+02 2.8133275407e+00
1.13800e+03 5.8784254441e+02 1.1906854821e+00
1.13900e+03 5.8850415208e+02 6.2995644005e-02
1.14000e+03 5.8914301088e+02 2.1796956376e+00
1.14100e+03 5.8976485383e+02 3.0837609504e+00
1.14200e+03 5.9040942397e+02 2.7323936252e+00
1.14300e+03 5.9104140345e+02 2.1675772964e+00
1.14400e+03 5.9167215219e+02 8.6580586413e-01
1.14500e+03 5.9229795778e+02 8.4815246907e-01
1.14600e+03 5.9289937808e+02 8.9690523047e-01
1.14700e+03 5.9348076023e+02 1.6857254265e+00
1.14800e+03 5.9405217478e+02 7.6431965901e-01
1.14900e+03 5.9461963865e+02 7.4963705976e-01
1.15000e+03 5.9518276036e+02 7.4059459695e-01
1.15100e+03 5.9574552005e+02 7.3514982296e-01
1.15200e+03 5.9631985490e+02 1.6555293922e+00
1.15300e+03 5.9696848353e+02 8.9172574675e-01
1.15400e+03 5.9763374693e+02 3.1880350569e+00
1.15500e+03 5.9825286705e+02 5.6360435138e-02
1.15600e+03 5.9885338964e+02 8.2811961865e-01
1.15700e+03 5.9944754944e+02 8.0233117623e-01
1.15800e+03 6.0005338790e+02 9.2233763486e-01
1.15900e+03 6.0073427139e+02 2.3718513617e+00
1.16000e+03 6.0143270082e+02 8.9099895356e-01
1.16100e+03 6.0208324880e+02 5.6388171067e-02
1.16200e+03 6.0272736314e+02 2.4077553942e+00
1.16300e+03 6.0343456559e+02 9.1642691799e-01
1.16400e+03 6.0416240530e+02 8.5742061303e-02
1.16500e+03 6.0486593042e+02 4.2321569281e+00
1.16600e+03 6.0556662661e+02 4.2457714759e+00
1.16700e+03 6.0624753001e+02 4.2210442312e+00
1.16800e+03 6.0690249487e+02 1.9484354460e+00
1.16900e+03 6.0758603502e+02 9.0617995968e-01
1.17000e+03 6.0824814481e+02 2.4198849078e-02
1.17100e+03 6.0888509962e+02 9.6330116646e-01
1.17200e+03 6.0950501893e+02 8.7022822716e-01
1.17300e+03 6.1010779876e+02 2.7680768754e+00
1.17400e+03 6.1070543388e+02 1.8457566810e+00
1.17500e+03 6.1137219475e+02 9.4720500358e-01
1.17600e+03 6.1206060493e+02 2.7258792681e+00
1.17700e+03 6.1270887241e+02 4.5487644830e-02
1.17800e+03 6.1334800616e+02 4.1498627177e-02
1.17900e+03 6.1396597022e+02 8.5912754749e-01
1.18000e+03 6.1457004686e+02 8.2321131860e-01
1.18100e+03 6.1526853177e+02 1.8528871559e+00
1.18200e+03 6.1599858559e+02 8.7085796785e-02
1.18300e+03 6.1668038456e+02 8.6467988945e-01
1.18400e+03 6.1734492012e+02 1.0227571601e+00
1.18500e+03 6.1807602049e+02 1.1961416264e-01
1.18600e+03 6.1883212831e+02 8.8986921955e-01
1.18700e+03 6.1954480475e+02 1.0526118732e+00
1.18800e+03 6.2024608980e+02 1.5624402980e-01
1.18900e+03 6.2101247060e+02 9.2425979388e-01
1.19000e+03 6.2180079178e+02 1.0837726088e+00
1.19100e+03 6.2254488559e+02 1.8750515567e-01
1.19200e+03 6.2327950467e+02 9.5666956969e-01
1.19300e+03 6.2398889611e+02 3.0473505717e+00
1.19400e+03 6.2468103560e+02 9.9669530817e-01
1.19500e+03 6.2547961973e+02 1.1148921652e+00
1.19600e+03 6.2630967814e+02 2.2905487737e-01
1.19700e+03 6.2710806807e+02 4.1993309674e+00
1.19800e+03 6.2789675283e+02 5.0660868377e+00
1.19900e+03 6.2865987939e+02 1.0494337401e+00
1.20000e+03 6.2939951673e+02 4.3148496697e+00
1.20100e+03 6.3011685135e+02 2.2748050369e+00
1.20200e+03 6.3082070816e+02 1.0136548222e+00
1.20300e+03 6.3159478528e+02 9.2805210310e-01
1.20400e+03 6.3235129957e+02 9.4161146690e-01
1.20500e+03 6.3306685611e+02 1.3152238576e+00
1.20600e+03 6.3374264784e+02 2.3459451837e+00
1.20700e+03 6.3440266456e+02 9.2526553524e-01
1.20800e+03 6.3505225987e+02 8.9814384199e-01
1.20900e+03 6.3569848340e+02 8.8345250887e-01
1.21000e+03 6.3637998989e+02 2.2350321975e-02
1.21100e+03 6.3713640340e+02 9.2300623880e-01
1.21200e+03 6.3786824116e+02 2.9740815281e+00
1.21300e+03 6.3858125864e+02 1.0346766465e+00
1.21400e+03 6.3929451530e+02 3.0775603362e+00
1.21500e+03 6.3998757664e+02 4.6837813112e-02
1.21600e+03 6.4065584182e+02 1.8201726021e+00
1.21700e+03 6.4135443239e+02 1.9819831938e+00
1.21800e+03 6.4203736310e+02 2.9647361261e+00
1.21900e+03 6.4270881839e+02 9.3822600371e-01
1.22000e+03 6.4338076236e+02 9.2630104806e-01
1.22100e+03 6.4404828304e+02 9.2144014240e-01
1.22200e+03 6.4471763725e+02 9.1792893173e-01
1.22300e+03 6.4540383354e+02 2.8595538970e+00
1.22400e+03 6.4610058025e+02 9.7651143124e-01
1.22500e+03 6.4676220370e+02 9.4409703110e-01
1.22600e+03 6.4740196231e+02 8.8616483837e-01
1.22700e+03 6.4812096546e+02 7.9245094210e+00
1.22800e+03 6.4883410830e+02 3.8218711957e+00
1.22900e+03 6.4949738350e+02 8.8693042071e-01
1.23000e+03 6.5016186465e+02 3.8340236631e+00
1.23100e+03 6.5086744979e+02 1.9653777458e+00
1.23200e+03 6.5154503733e+02 3.5555300086e-02
1.23300e+03 6.5218994771e+02 1.8689846219e+00
1.23400e+03 6.5282373112e+02 1.9327146255e+00
1.23500e+03 6.5349183368e+02 7.3002318818e-02
1.23600e+03 6.5413595652e+02 3.3464696831e-02
1.23700e+03 6.5475258690e+02 1.9025019085e+00
1.23800e+03 6.5535742446e+02 1.0187516867e-01
1.23900e+03 6.5594631941e+02 5.4798703141e+00
1.24000e+03 6.5652845661e+02 4.5961371221e+00
1.24100e+03 6.5717847832e+02 8.7236987898e-01
1.24200e+03 6.5785169986e+02 2.6637305221e+00
1.24300e+03 6.5850352825e+02 1.6700100726e+00
1.24400e+03 6.5914950456e+02 1.8235708961e+00
1.24500e+03 6.5977804954e+02 7.8532423305e-01
1.24600e+03 6.6036963929e+02 7.9399146012e-01
1.24700e+03 6.6101173270e+02 1.8138190244e+00
1.24800e+03 6.6168378611e+02 8.9779179412e-01
1.24900e+03 6.6232787889e+02 1.7235782250e+00
1.25000e+03 6.6295798564e+02 1.1576337488e-01
1.25100e+03 6.6364062323e+02 8.3540633611e-01
1.25200e+03 6.6431922448e+02 1.7289811597e+00
1.25300e+03 6.6495470869e+02 9.1578430652e-01
1.25400e+03 6.6556340579e+02 8.1621250213e-01
1.25500e+03 6.6623857636e+02 9.2492300254e-01
1.25600e+03 6.6691365474e+02 9.2047520255e-01
1.25700e+03 6.6754342375e+02 8.0968109890e-01
1.25800e+03 6.6818412725e+02 2.5271007125e+00
1.25900e+03 6.6886301744e+02 2.7759005535e+00
1.26000e+03 6.6950902552e+02 2.9070286340e-02
1.26100e+03 6.7014081782e+02 8.4713523259e-01
1.26200e+03 6.7080260274e+02 2.7628561721e+00
1.26300e+03 6.7145537806e+02 9.3972644005e-01
1.26400e+03 6.7209629885e+02 1.7994586425e+00
1.26500e+03 6.7277922422e+02 9.8832286300e-01
1.26600e+03 6.7348418148e+02 4.3172335285e-02
1.26700e+03 6.7415831001e+02 1.8190123881e+00
1.26800e+03 6.7482400177e+02 1.0121055144e+00
1.26900e+03 6.7554388814e+02 8.0090159061e-02
1.27000e+03 6.7628542541e+02 8.4233016534e-01
1.27100e+03 6.7700404071e+02 1.8324906801e+00
1.27200e+03 6.7771924976e+02 1.9828336656e+00
1.27300e+03 6.7842339106e+02 9.8478681890e-01
1.27400e+03 6.7912713538e+02 9.7233730503e-01
1.27500e+03 6.7982441908e+02 2.8762672790e+00
1.27600e+03 6.8048434041e+02 1.0580416650e+00
1.27700e+03 6.8119325881e+02 9.7614207012e-01
1.27800e+03 6.8189975928e+02 9.7792207727e-01
1.27900e+03 6.8256892114e+02 1.0288617866e+00
1.28000e+03 6.8321111968e+02 9.5744314537e-01
1.28100e+03 6.8383934275e+02 9.1554690895e-01
1.28200e+03 6.8446093610e+02 8.1057398845e-01
1.28300e+03 6.8507859825e+02 7.9920249455e-01
1.28400e+03 6.8569229876e+02 7.9051045460e-01
1.28500e+03 6.8640788629e+02 9.8361328320e-01
1.28600e+03 6.8716566741e+02 1.0411518819e+00
1.28700e+03 6.8787497887e+02 4.6592290275e+00
1.28800e+03 6.8855465661e+02 6.5977231960e-02
1.28900e+03 6.8930179964e+02 3.1555499324e-02
1.29000e+03 6.9007873174e+02 3.6488127495e+00
1.29100e+03 6.9083109313e+02 4.7190207526e+00
1.29200e+03 6.9157462860e+02 1.6666174698e+00
1.29300e+03 6.9229800792e+02 9.6134836844e-01
1.29400e+03 6.9297835768e+02 9.6105904536e-01
1.29500e+03 6.9363939393e+02 8.9775491108e-01
1.29600e+03 6.9432667126e+02 8.5417636943e+00
1.29700e+03 6.9500282642e+02 2.0035096726e+00
1.29800e+03 6.9566171016e+02 8.7539112854e-01
1.29900e+03 6.9630930805e+02 9.9721837703e-01
1.30000e+03 6.9697776455e+02 8.9804535701e-01
1.30100e+03 6.9772679280e+02 3.3331362286e-03
1.30200e+03 6.9844007176e+02 2.8232088262e+00
1.30300e+03 6.9910106497e+02 9.1054263883e-01
1.30400e+03 6.9975324162e+02 1.6279849835e-02
1.30500e+03 7.0045183290e+02 1.8569780005e+00
1.30600e+03 7.0112418611e+02 8.6870635022e-01
1.30700e+03 7.0178148999e+02 5.2633349673e+00
1.30800e+03 7.0246640446e+02 2.8444135490e+00
1.30900e+03 7.0313896611e+02 8.7729023544e-01
1.31000e+03 7.0380130888e+02 2.7888576293e+00
1.31100e+03 7.0450922500e+02 1.1692874714e-01
1.31200e+03 7.0523851720e+02 4.4377729777e-02
1.31300e+03 7.0593414141e+02 1.7921065975e+00
1.31400e+03 7.0660754459e+02 2.6879539678e+00
1.31500e+03 7.0727135545e+02 8.8440862655e-01
1.31600e+03 7.0794872126e+02 1.3183485559e-01
1.31700e+03 7.0870332185e+02 9.1017822063e-02
1.31800e+03 7.0947477211e+02 2.6574846978e+00
1.31900e+03 7.1019645800e+02 5.7875021342e-02
1.32000e+03 7.1091071961e+02 1.2782260938e-01
1.32100e+03 7.1169197613e+02 2.6814831394e+00
1.32200e+03 7.1249371916e+02 8.8109911338e-02
1.32300e+03 7.1324910923e+02 3.3704193779e-02
1.32400e+03 7.1399600854e+02 2.7114393437e+00
1.32500e+03 7.1481016838e+02 1.2092512768e-01
1.32600e+03 7.1561737718e+02 4.0217454102e+00
1.32700e+03 7.1636916085e+02 4.8116966310e+00
1.32800e+03 7.1711691101e+02 1.0493588375e+00
1.32900e+03 7.1791309903e+02 4.9831580546e+00
1.33000e+03 7.1868958290e+02 2.2797719589e+00
1.33100e+03 7.1944118011e+02 2.0481108655e+00
1.33200e+03 7.2019104157e+02 1.0437614739e+00
1.33300e+03 7.2099710675e+02 2.2693975222e+00
1.33400e+03 7.2179595071e+02 2.2587632837e+00
1.33500e+03 7.2257794325e+02 1.1191644866e+00
1.33600e+03 7.2339460403e+02 4.0176909924e-02
1.33700e+03 7.2419301701e+02 2.2587294859e+00
1.33800e+03 7.2498884355e+02 1.1150279015e+00
1.33900e+03 7.2577521008e+02 1.1182868562e+00
1.34000e+03 7.2658035501e+02 2.2449549139e+00
1.34100e+03 7.2737317069e+02 1.1340122585e+00
1.34200e+03 7.2816244462e+02 1.1170072467e+00
1.34300e+03 7.2894771343e+02 1.1083433670e+00
1.34400e+03 7.2974968549e+02 1.1233140944e+00
1.34500e+03 7.3056531276e+02 1.1065613141e+00
1.34600e+03 7.3133657156e+02 6.7914532931e+00
1.34700e+03 7.3211830090e+02 3.5394577974e-03
1.34800e+03 7.3288142994e+02 3.8843021663e-02
1.34900e+03 7.3362919433e+02 4.6704869813e+00
1.35000e+03 7.3435324769e+02 5.0741347869e-02
1.35100e+03 7.3510275260e+02 3.2224439488e-02
1.35200e+03 7.3583081877e+02 2.1538614735e+00
1.35300e+03 7.3653627274e+02 9.3001017434e-02
1.35400e+03 7.3722380838e+02 6.8709947023e-02
1.35500e+03 7.3794070511e+02 2.0608991089e+00
1.35600e+03 7.3864028812e+02 3.0406541753e+00
1.35700e+03 7.3932737593e+02 5.5972263338e+00
1.35800e+03 7.4001578902e+02 5.6169148634e+00
1.35900e+03 7.4074769121e+02 4.1247361269e+00
1.36000e+03 7.4149429418e+02 4.7019951332e-02
1.36100e+03 7.4220858242e+02 1.0194803629e+00
1.36200e+03 7.4291931317e+02 2.0469127218e+00
1.36300e+03 7.4368592899e+02 8.1686554294e-02
1.36400e+03 7.4447065068e+02 3.8118729934e-02
1.36500e+03 7.4523143529e+02 1.0730476559e+00
1.36600e+03 7.4598872567e+02 1.0445433006e+00
1.36700e+03 7.4673860996e+02 1.0325984421e+00
1.36800e+03 7.4748934015e+02 1.0250056471e+00
1.36900e+03 7.4823560823e+02 1.0203644311e+00
1.37000e+03 7.4900285734e+02 2.0524748503e+00
1.37100e+03 7.4977872562e+02 3.0389188042e+00
1.37200e+03 7.5050884590e+02 5.2243073708e+00
1.37300e+03 7.5121153140e+02 4.2152004042e+00
1.37400e+03 7.5190194859e+02 9.1349560176e-01
1.37500e+03 7.5264875544e+02 5.3877677018e-04
1.37600e+03 7.5338464977e+02 8.9832517331e-01
1.37700e+03 7.5410394275e+02 2.0582371776e+00
1.37800e+03 7.5483783260e+02 1.9557024266e+00
1.37900e+03 7.5556355561e+02 9.3561960681e-01
1.38000e+03 7.5628919067e+02 2.1526881120e+00
1.38100e+03 7.5705628669e+02 2.0015497675e+00
1.38200e+03 7.5781513588e+02 3.1490020624e+00
1.38300e+03 7.5855945664e+02 1.0205411066e+00
1.38400e+03 7.5930801164e+02 1.0092263793e+00
1.38500e+03 7.6003994475e+02 3.0505842665e+00
1.38600e+03 7.6076573861e+02 9.7006066752e-01
1.38700e+03 7.6151822535e+02 4.0109601300e+00
1.38800e+03 7.6224289240e+02 2.3887943957e-02
1.38900e+03 7.6295327530e+02 9.5041523474e-01
1.39000e+03 7.6368928044e+02 3.0564039982e+00
1.39100e+03 7.6442066654e+02 9.7475370216e-01
1.39200e+03 7.6512645206e+02 2.0995963766e+00
1.39300e+03 7.6586606871e+02 9.8894398466e-01
1.39400e+03 7.6659351054e+02 9.7939173114e-01
1.39500e+03 7.6730961896e+02 2.0822190991e+00
1.39600e+03 7.6800707982e+02 9.7963038441e-01
1.39700e+03 7.6869119055e+02 9.4665306123e-01
1.39800e+03 7.6940109547e+02 3.9528034636e+00
1.39900e+03 7.7017932266e+02 2.0719347566e+00
1.40000e+03 7.7096676630e+02 9.5206428449e-01
1.40100e+03 7.7170783056e+02 5.6953537082e-02
1.40200e+03 7.7242646446e+02 9.7013209629e-01
1.40300e+03 7.7313571447e+02 9.3734770015e-01
1.40400e+03 7.7386480759e+02 2.0890510340e+00
1.40500e+03 7.7457537419e+02 5.0704621113e+00
1.40600e+03 7.7528715533e+02 9.2955759063e-01
1.40700e+03 7.7608046548e+02 1.9832180603e+00
1.40800e+03 7.7684721598e+02 4.0094410126e+00
1.40900e+03 7.7759291169e+02 1.9688096222e+00
1.41000e+03 7.7836250708e+02 1.0713241201e+00
1.41100e+03 7.7911231247e+02 9.6918342102e-01
1.41200e+03 7.7983641190e+02 9.8053252763e-01
1.41300e+03 7.8060590764e+02 1.0464383829e+00
1.41400e+03 7.8136388964e+02 1.0337785555e+00
1.41500e+03 7.8210840221e+02 1.0077616065e+00
1.41600e+03 7.8285487770e+02 9.9524732637e-01
1.41700e+03 7.8359538585e+02 9.9024766225e-01
1.41800e+03 7.8435891613e+02 1.0155906680e+00
1.41900e+03 7.8512724991e+02 1.8885186901e+00
1.42000e+03 7.8584238807e+02 2.8207051246e+00
1.42100e+03 7.8659918561e+02 2.0581226003e+00
1.42200e+03 7.8734939227e+02 2.0427408582e+00
1.42300e+03 7.8806650451e+02 9.3591137842e-01
1.42400e+03 7.8878154915e+02 2.1599996024e+00
1.42500e+03 7.8947571827e+02 3.0817553356e+00
1.42600e+03 7.9015600475e+02 8.7486102673e-01
1.42700e+03 7.9083304862e+02 8.5686090820e-01
1.42800e+03 7.9151744905e+02 1.1575074647e+00
1.42900e+03 7.9218727259e+02 1.9974041513e+00
1.43000e+03 7.9284265287e+02 1.7131168689e+00
1.43100e+03 7.9360685517e+02 1.0156571886e+00
1.43200e+03 7.9436523768e+02 1.7503128695e+00
1.43300e+03 7.9505796736e+02 8.4596699679e-01
1.43400e+03 7.9572383446e+02 8.5560785011e-01
1.43500e+03 7.9637960429e+02 8.1779239187e-01
1.43600e+03 7.9707311782e+02 8.6923109101e-01
1.43700e+03 7.9783754530e+02 2.7807343197e+00
1.43800e+03 7.9856266761e+02 1.6288354250e+00
1.43900e+03 7.9923748606e+02 1.9048618880e-02
1.44000e+03 7.9987959888e+02 8.1224988571e-01
1.44100e+03 8.0059314475e+02 3.3251127201e+00
1.44200e+03 8.0134463024e+02 3.7722210075e+00
1.44300e+03 8.0207347068e+02 1.5916195390e+00
1.44400e+03 8.0279079633e+02 9.2439983610e-01
1.44500e+03 8.0349699726e+02 9.1613049205e-01
1.44600e+03 8.0422936007e+02 1.5709052399e+00
1.44700e+03 8.0495935080e+02 2.5421975875e+00
1.44800e+03 8.0566171856e+02 2.6112125148e+00
1.44900e+03 8.0639912453e+02 9.6232708482e-01
1.45000e+03 8.0712650992e+02 9.2527409682e-01
1.45100e+03 8.0783975501e+02 9.3139298293e-01
1.45200e+03 8.0857081119e+02 9.6005812402e-01
1.45300e+03 8.0929650030e+02 9.8341081203e-01
1.45400e+03 8.1001925147e+02 2.8394812291e+00
1.45500e+03 8.1071152834e+02 3.6655378048e+00
1.45600e+03 8.1138500184e+02 8.5375171683e-01
1.45700e+03 8.1205142878e+02 8.2704803813e-01
1.45800e+03 8.1274291770e+02 9.5048592052e-01
1.45900e+03 8.1350591931e+02 9.8469369352e-01
1.46000e+03 8.1423402848e+02 2.6604357553e+00
1.46100e+03 8.1494220788e+02 2.6527096290e+00
1.46200e+03 8.1567895326e+02 9.8939820746e-01
1.46300e+03 8.1639925301e+02 2.6964379271e+00
1.46400e+03 8.1709357307e+02 2.6549323789e+00
1.46500e+03 8.1783082028e+02 2.5669855797e+00
1.46600e+03 8.1855632821e+02 2.5531811306e+00
1.46700e+03 8.1926476411e+02 8.8812175372e-01
1.46800e+03 8.1998265517e+02 1.7914450902e+00
1.46900e+03 8.2074752042e+02 1.0029826416e+00
1.47000e+03 8.2152447821e+02 5.1449863674e-02
1.47100e+03 8.2226318439e+02 9.1993832135e-01
1.47200e+03 8.2300014632e+02 1.0210505344e+00
1.47300e+03 8.2371116688e+02 2.8542767388e+00
1.47400e+03 8.2442455428e+02 1.8253193628e+00
1.47500e+03 8.2513059283e+02 9.8736185097e-01
1.47600e+03 8.2582644079e+02 9.6883504488e-01
1.47700e+03 8.2652343524e+02 8.7261862814e-01
1.47800e+03 8.2721513884e+02 8.6760164569e-01
1.47900e+03 8.2799883540e+02 1.0441445535e+00
1.48000e+03 8.2876796422e+02 2.8924421029e+00
1.48100e+03 8.2951459833e+02 1.9250217300e+00
1.48200e+03 8.3027998261e+02 2.7567726636e+00
1.48300e+03 8.3102332334e+02 9.1308031860e-01
1.48400e+03 8.3176333723e+02 1.9261486611e+00
1.48500e+03 8.3247470973e+02 1.9245744629e+00
1.48600e+03 8.3318701816e+02 9.3277207669e-01
1.48700e+03 8.3396928601e+02 2.7525871737e+00
1.48800e+03 8.3472622840e+02 1.9104634630e+00
1.48900e+03 8.3546437050e+02 1.9000609963e+00
1.49000e+03 8.3622689199e+02 1.0217260265e+00
1.49100e+03 8.3697275949e+02 9.3436608141e-01
1.49200e+03 8.3771138888e+02 1.8967764337e+00
1.49300e+03 8.3850046421e+02 5.0933227636e-02
1.49400e+03 8.3928302762e+02 1.0464748036e+00
1.49500e+03 8.4002038546e+02 1.9208649899e+00
1.49600e+03 8.4075293909e+02 9.5367691713e-01
1.49700e+03 8.4152864213e+02 2.0852550822e+00
1.49800e+03 8.4227744996e+02 8.6433477073e-01
1.49900e+03 8.4299195150e+02 2.2856299580e-02
1.50000e+03 8.4369276271e+02 1.2304172753e+00
1.50100e+03 8.4437497349e+02 2.1182533720e+00
1.50200e+03 8.4505025381e+02 8.6279013587e-01
1.50300e+03 8.4571114868e+02 9.8943732584e-01
1.50400e+03 8.4638729430e+02 8.2930982816e-01
1.50500e+03 8.4705852566e+02 8.1750110525e-01
1.50600e+03 8.4771890114e+02 8.0091346163e-01
1.50700e+03 8.4846696643e+02 8.3583269136e-01
1.50800e+03 8.4919464121e+02 9.4448139096e-01
1.50900e+03 8.4987185626e+02 1.6449132526e+00
1.51000e+03 8.5053130181e+02 9.2992948305e-04
1.51100e+03 8.5123857036e+02 9.0274016412e-01
1.51200e+03 8.5193102875e+02 3.7499410233e+00
1.51300e+03 8.5259995379e+02 7.9687722430e-01
1.51400e+03 8.5326931816e+02 2.6258002634e+00
1.51500e+03 8.5399067608e+02 3.6527864093e+00
1.51600e+03 8.5472955659e+02 7.7632719657e-01
1.51700e+03 8.5544689127e+02 1.6536851482e+00
1.51800e+03 8.5616496967e+02 1.7758324584e+00
1.51900e+03 8.5687263479e+02 8.9229567118e-01
1.52000e+03 8.5758026419e+02 8.8095437179e-01
1.52100e+03 8.5828394071e+02 8.7608481872e-01
1.52200e+03 8.5899108317e+02 8.7472180002e-01
1.52300e+03 8.5969471377e+02 8.7380115435e-01
1.52400e+03 8.6040237697e+02 8.7344808660e-01
1.52500e+03 8.6110861518e+02 8.4248790335e-01
1.52600e+03 8.6180946187e+02 1.7596078751e+00
1.52700e+03 8.6252731146e+02 2.7574476543e+00
1.52800e+03 8.6322511993e+02 3.6357445454e+00
1.52900e+03 8.6391122509e+02 8.4343163098e-01
1.53000e+03 8.6459625126e+02 8.2980590349e-01
1.53100e+03 8.6529406623e+02 1.7867381898e+00
1.53200e+03 8.6599540332e+02 2.8136726916e+00
1.53300e+03 8.6666307900e+02 2.7722964867e+00
1.53400e+03 8.6731065287e+02 7.7570641730e-01
1.53500e+03 8.6803829011e+02 2.6007334406e+00
1.53600e+03 8.6879149109e+02 6.8174808162e-02
1.53700e+03 8.6951911372e+02 9.3860019839e-01
1.53800e+03 8.7024142799e+02 9.0677489152e-01
1.53900e+03 8.7096408827e+02 2.6671805134e+00
1.54000e+03 8.7168598497e+02 1.8429858939e+00
1.54100e+03 8.7244867615e+02 1.0090286911e+00
1.54200e+03 8.7322501852e+02 5.4028100164e-02
1.54300e+03 8.7397860872e+02 9.8580975425e-01
1.54400e+03 8.7473387588e+02 3.6537563284e+00
1.54500e+03 8.7547718589e+02 2.6917079536e+00
1.54600e+03 8.7619118065e+02 5.5329120104e+00
1.54700e+03 8.7693080824e+02 9.0403899497e-01
1.54800e+03 8.7765048715e+02 3.5588253763e-02
1.54900e+03 8.7835702172e+02 8.8026639286e-01
1.55000e+03 8.7908470419e+02 1.8392990010e+00
1.55100e+03 8.7980016883e+02 8.9529514048e-01
1.55200e+03 8.8051800773e+02 8.7754613015e-01
1.55300e+03 8.8122932376e+02 9.5979221914e-01
1.55400e+03 8.8193895379e+02 9.5062354892e-01
1.55500e+03 8.8265424271e+02 1.0158798962e+00
1.55600e+03 8.8335399118e+02 1.7832885126e+00
1.55700e+03 8.8406795755e+02 8.6983248225e-01
1.55800e+03 8.8475653939e+02 2.1048194288e-02
1.55900e+03 8.8542704742e+02 1.7367243373e+00
1.56000e+03 8.8608321561e+02 8.2538237000e-01
1.56100e+03 8.8671929119e+02 5.4045214098e+00
1.56200e+03 8.8734842616e+02 3.5774430841e+00
1.56300e+03 8.8804338530e+02 8.3394670918e-01
1.56400e+03 8.8875949862e+02 2.4919872377e+00
1.56500e+03 8.8943833247e+02 4.2758274203e-02
1.56600e+03 8.9009532162e+02 7.8373036747e-01
1.56700e+03 8.9080223007e+02 1.6111065838e+00
1.56800e+03 8.9149729322e+02 8.4825141678e-01
1.56900e+03 8.9217293837e+02 7.7975793718e-01
1.57000e+03 8.9285704881e+02 6.4121630490e-02
1.57100e+03 8.9358814047e+02 2.5227273420e+00
1.57200e+03 8.9433234602e+02 4.9142397848e-02
1.57300e+03 8.9503964696e+02 3.1655791378e-02
1.57400e+03 8.9574490998e+02 2.5413571925e+00
1.57500e+03 8.9650811950e+02 8.1211122547e-02
1.57600e+03 8.9726421886e+02 3.5019648062e+00
1.57700e+03 8.9800374380e+02 9.3909018081e-01
1.57800e+03 8.9877684667e+02 2.8897321745e-02
1.57900e+03 8.9953109615e+02 1.7907776895e+00
1.58000e+03 9.0025754248e+02 2.6690464046e+00
1.58100e+03 9.0097001988e+02 8.8077612484e-01
1.58200e+03 9.0169752492e+02 1.0415230278e+00
1.58300e+03 9.0240498764e+02 4.4287689617e+00
1.58400e+03 9.0309471196e+02 8.3792769542e-01
1.58500e+03 9.0389155540e+02 5.7318494620e-02
1.58600e+03 9.0468201919e+02 1.8482239394e+00
1.58700e+03 9.0540646624e+02 8.5407410639e-01
1.58800e+03 9.0613703848e+02 8.8402126060e-01
1.58900e+03 9.0691953406e+02 3.7812340324e+00
1.59000e+03 9.0768195153e+02 3.7667673873e+00
1.59100e+03 9.0842841224e+02 9.4668369981e-01
1.59200e+03 9.0917870994e+02 8.1305394662e-01
1.59300e+03 9.0991750585e+02 2.7710467463e+00
1.59400e+03 9.1067360838e+02 9.3942208452e-01
1.59500e+03 9.1141818176e+02 9.3659532683e-01
1.59600e+03 9.1216630459e+02 1.0944335641e+00
1.59700e+03 9.1291840101e+02 2.7649355456e-02
1.59800e+03 9.1363898135e+02 2.9959581441e+00
1.59900e+03 9.1437643423e+02 7.1204998061e-03
1.60000e+03 9.1509608652e+02 8.9209511665e-01
1.60100e+03 9.1580443190e+02 8.6209551587e-01
1.60200e+03 9.1652290555e+02 2.9649188408e-02
1.60300e+03 9.1724144295e+02 2.8875173583e+00
1.60400e+03 9.1792727538e+02 8.1937212193e-01
1.60500e+03 9.1863137872e+02 4.2420341070e-03
1.60600e+03 9.1931694849e+02 1.7827392369e+00
1.60700e+03 9.1998433909e+02 7.6740593779e-01
1.60800e+03 9.2061515068e+02 4.4731973808e+00
1.60900e+03 9.2122895600e+02 6.7550979619e-01
1.61000e+03 9.2186566329e+02 5.3362920922e-02
1.61100e+03 9.2255363998e+02 8.2838607827e-01
1.61200e+03 9.2321022996e+02 1.4124930294e+00
1.61300e+03 9.2385079417e+02 3.9870472596e+00
1.61400e+03 9.2449374097e+02 7.1230109845e-01
1.61500e+03 9.2512258166e+02 1.5035373207e-02
1.61600e+03 9.2572125001e+02 1.3686353139e+00
1.61700e+03 9.2637032633e+02 7.2010090790e-01
1.61800e+03 9.2701861886e+02 7.2472653944e-01
1.61900e+03 9.2763129868e+02 1.3511058038e+00
1.62000e+03 9.2825561425e+02 8.1516596884e-01
1.62100e+03 9.2891169832e+02 2.8147785335e+00
1.62200e+03 9.2953618148e+02 2.3809380902e-02
1.62300e+03 9.3014729495e+02 6.6225339435e-01
1.62400e+03 9.3078752732e+02 4.4170971517e+00
1.62500e+03 9.3142225191e+02 6.7132611209e+00
1.62600e+03 9.3204521054e+02 1.4052622338e+00
1.62700e+03 9.3270613354e+02 7.9509127012e-01
1.62800e+03 9.3338847364e+02 4.2107730582e-02
1.62900e+03 9.3405241555e+02 7.7141964111e-01
1.63000e+03 9.3471210038e+02 1.4910889885e+00
1.63100e+03 9.3536175160e+02 1.4408283744e+00
1.63200e+03 9.3597306559e+02 7.8265154091e-01
1.63300e+03 9.3656608929e+02 7.2524136843e-01
1.63400e+03 9.3718145976e+02 3.5736668769e+00
1.63500e+03 9.3784522386e+02 7.0207270817e-01
1.63600e+03 9.3847651463e+02 5.9907225490e-01
1.63700e+03 9.3907453176e+02 5.4040268538e-02
1.63800e+03 9.3964274439e+02 6.3835117575e-01
1.63900e+03 9.4026681383e+02 1.3059357785e+00
1.64000e+03 9.4089023013e+02 6.6928906901e-01
1.64100e+03 9.4147555584e+02 5.7597456018e-01
1.64200e+03 9.4203876746e+02 6.1817629791e-01
1.64300e+03 9.4266237694e+02 6.6815982319e-01
1.64400e+03 9.4332471992e+02 1.4520217336e+00
1.64500e+03 9.4395702612e+02 3.4385784181e+00
1.64600e+03 9.4456785270e+02 7.1510661361e-01
1.64700e+03 9.4523197413e+02 4.0511951533e-02
1.64800e+03 9.4592336550e+02 1.2033634941e+00
1.64900e+03 9.4658115931e+02 7.3987912069e-01
1.65000e+03 9.4722558681e+02 7.4072368520e-02
1.65100e+03 9.4792651280e+02 7.2019089876e-01
1.65200e+03 9.4862288008e+02 1.5003847903e+00
1.65300e+03 9.4927298882e+02 1.4707309626e+00
1.65400e+03 9.4992394112e+02 2.6504068104e+00
1.65500e+03 9.5055908237e+02 7.0448822502e-01
1.65600e+03 9.5118237994e+02 6.9834078027e-01
1.65700e+03 9.5188414963e+02 8.1634176259e-01
1.65800e+03 9.5261251810e+02 1.4799000775e+00
1.65900e+03 9.5329554471e+02 9.2385307480e-02
1.66000e+03 9.5396424418e+02 8.6092731881e-01
1.66100e+03 9.5469748866e+02 6.9439690384e-01
1.66200e+03 9.5542596134e+02 1.5413333279e+00
1.66300e+03 9.5610299240e+02 1.5846311501e+00
1.66400e+03 9.5678039829e+02 8.2253024679e-01
1.66500e+03 9.5750331582e+02 4.3649228062e+00
1.66600e+03 9.5819679831e+02 3.2876093569e-02
1.66700e+03 9.5885436805e+02 1.9461327781e-02
1.66800e+03 9.5950168397e+02 1.6209369158e+00
1.66900e+03 9.6013229390e+02 2.3441070662e+00
1.67000e+03 9.6075421483e+02 6.9534838479e-01
1.67100e+03 9.6145150250e+02 8.7375628970e-01
1.67200e+03 9.6214376819e+02 8.0379944940e-01
1.67300e+03 9.6278327721e+02 1.5183966423e+00
1.67400e+03 9.6342696399e+02 6.8710693786e-01
1.67500e+03 9.6405621802e+02 6.8506393491e-01
1.67600e+03 9.6467362863e+02 6.5810269740e-01
1.67700e+03 9.6536133239e+02 8.0062509762e-01
1.67800e+03 9.6602828428e+02 6.6710632672e-01
1.67900e+03 9.6665401857e+02 1.3300896971e+00
1.68000e+03 9.6724647672e+02 2.8161750763e+00
1.68100e+03 9.6782614238e+02 5.8162152013e-01
1.68200e+03 9.6843027074e+02 1.3282239164e-02
1.68300e+03 9.6902725354e+02 1.2528635102e+00
1.68400e+03 9.6961008658e+02 5.7141478797e-01
1.68500e+03 9.7027779647e+02 1.4398570862e+00
1.68600e+03 9.7097274816e+02 4.3366286205e+00
1.68700e+03 9.7164352402e+02 2.6026553496e+00
1.68800e+03 9.7230556314e+02 1.9048867424e+00
1.68900e+03 9.7295608804e+02 1.9359590462e+00
1.69000e+03 9.7360774572e+02 7.5983923266e-01
1.69100e+03 9.7424731270e+02 6.3074469105e-01
1.69200e+03 9.7485363201e+02 7.9370694997e-01
1.69300e+03 9.7544282003e+02 7.4253428716e-01
1.69400e+03 9.7605987301e+02 2.0376868281e+00
1.69500e+03 9.7672835749e+02 7.0662583245e-01
1.69600e+03 9.7737588693e+02 1.4316485218e+00
1.69700e+03 9.7800933769e+02 6.8626593615e-01
1.69800e+03 9.7864179678e+02 5.8248643692e-01
1.69900e+03 9.7926195914e+02 6.1907759219e-02
1.70000e+03 9.7986072978e+02 1.3732165347e+00
1.70100e+03 9.8044104836e+02 2.7498691300e+00
1.70200e+03 9.8101130285e+02 5.5395266588e-01
1.70300e+03 9.8163543889e+02 9.3147177951e-03
1.70400e+03 9.8224312753e+02 3.7075397542e-02
1.70500e+03 9.8282033519e+02 1.8822873395e+00
1.70600e+03 9.8338094813e+02 9.6415501751e-03
1.70700e+03 9.8392785839e+02 5.1035848138e-01
1.70800e+03 9.8446698596e+02 4.8836275802e-01
1.70900e+03 9.8506197114e+02 2.9150861629e-02
1.71000e+03 9.8564100890e+02 1.8517541708e+00
1.71100e+03 9.8618894783e+02 4.4897375313e-01
1.71200e+03 9.8670687400e+02 2.9040675586e+00
1.71300e+03 9.8721275792e+02 4.2469054120e-01
1.71400e+03 9.8771144096e+02 4.0502271923e-01
1.71500e+03 9.8820761826e+02 3.9491107715e-01
1.71600e+03 9.8873384980e+02 1.2896034011e-02
1.71700e+03 9.8931623853e+02 1.7349485869e+00
1.71800e+03 9.8987946215e+02 2.2960603740e+00
1.71900e+03 9.9041794668e+02 1.3508119256e+00
1.72000e+03 9.9094961625e+02 4.2750270400e-01
1.72100e+03 9.9152877285e+02 3.6526128817e+00
1.72200e+03 9.9210505416e+02 1.2645503503e+00
1.72300e+03 9.9266924749e+02 7.0210325567e-01
1.72400e+03 9.9323881476e+02 5.3240466281e-01
1.72500e+03 9.9380248581e+02 5.3134997123e-01
1.72600e+03 9.9437156728e+02 5.3033281452e-01
1.72700e+03 9.9493641870e+02 5.3098285663e-01
1.72800e+03 9.9553444798e+02 7.8179719909e-01
1.72900e+03 9.9612891372e+02 4.8305640984e-01
1.73000e+03 9.9671043475e+02 1.6502406516e+00
1.73100e+03 9.9732699866e+02 5.1712490594e-02
1.73200e+03 9.9796458852e+02 5.2213392517e-01
1.73300e+03 9.9857614434e+02 1.6656804956e+00
1.73400e+03 9.9917991118e+02 7.3906588027e-02
1.73500e+03 9.9983184647e+02 3.5371374056e-02
1.73600e+03 1.0005041831e+03 1.6987615768e+00
1.73700e+03 1.0011427502e+03 1.0084396165e-01
1.73800e+03 1.0017739091e+03 6.2728062757e-02
1.73900e+03 1.0023825092e+03 2.3245864288e+00
1.74000e+03 1.0029976344e+03 3.6856860969e+00
1.74100e+03 1.0036749516e+03 3.6408376803e+00
1.74200e+03 1.0043238092e+03 1.3321007409e+00
1.74300e+03 1.0049329008e+03 5.8608184798e-01
1.74400e+03 1.0055098408e+03 1.1661527399e+00
1.74500e+03 1.0061484761e+03 1.3174686091e+00
1.74600e+03 1.0068186243e+03 7.4142872238e-01
1.74700e+03 1.0074681787e+03 7.1292462985e-01
1.74800e+03 1.0081085308e+03 6.7276962566e-01
1.74900e+03 1.0087332921e+03 5.9506600562e-01
1.75000e+03 1.0093406076e+03 1.3472759490e+00
1.75100e+03 1.0099292298e+03 1.9442395075e+00
1.75200e+03 1.0105107947e+03 5.9909585883e-01
1.75300e+03 1.0111576819e+03 6.8034875679e-01
1.75400e+03 1.0118270371e+03 1.2986282462e+00
1.75500e+03 1.0124747450e+03 1.2954830761e+00
1.75600e+03 1.0131163482e+03 6.8091954543e-01
1.75700e+03 1.0137410622e+03 7.6648514287e-01
1.75800e+03 1.0143459260e+03 1.2917359180e+00
1.75900e+03 1.0149328686e+03 1.2887646245e+00
1.76000e+03 1.0155143138e+03 7.6559885138e-01
1.76100e+03 1.0161613703e+03 1.2562695400e+00
1.76200e+03 1.0168301265e+03 1.2868768323e+00
1.76300e+03 1.0174605491e+03 4.3480010625e-02
1.76400e+03 1.0180815243e+03 7.0980166382e-01
1.76500e+03 1.0187600144e+03 1.3170235008e+00
1.76600e+03 1.0194603192e+03 7.4985186015e-02
1.76700e+03 1.0201220238e+03 4.6727140289e-02
1.76800e+03 1.0207626848e+03 7.0641194844e-01
1.76900e+03 1.0214537073e+03 1.4038147249e+00
1.77000e+03 1.0221334719e+03 2.6088812191e+00
1.77100e+03 1.0227812103e+03 2.0191740540e+00
1.77200e+03 1.0234053582e+03 7.1528304615e-01
1.77300e+03 1.0240645839e+03 6.3811394413e-01
1.77400e+03 1.0247041133e+03 9.0585112791e-03
1.77500e+03 1.0253170945e+03 6.7981060420e-01
1.77600e+03 1.0259135237e+03 6.0975715841e-01
1.77700e+03 1.0265408023e+03 4.0996660821e-02
1.77800e+03 1.0271534428e+03 1.2873324514e+00
1.77900e+03 1.0277527179e+03 1.9515459890e+00
1.78000e+03 1.0283351588e+03 5.6633421255e-01
1.78100e+03 1.0289076553e+03 5.3898928009e-01
1.78200e+03 1.0294772417e+03 5.2559566422e-01
1.78300e+03 1.0300451992e+03 5.2053114574e-01
1.78400e+03 1.0306302610e+03 1.9901006563e+00
1.78500e+03 1.0312869674e+03 1.3391716427e+00
1.78600e+03 1.0319350760e+03 1.3152349721e+00
1.78700e+03 1.0325304854e+03 1.6824134884e+00
1.78800e+03 1.0330996102e+03 1.6647941707e+00
1.78900e+03 1.0336588384e+03 5.1024533379e-01
1.79000e+03 1.0342446531e+03 5.3623900270e-01
1.79100e+03 1.0348898798e+03 1.3318678531e+00
1.79200e+03 1.0355151970e+03 1.6924156800e+00
1.79300e+03 1.0361128323e+03 5.7610419338e-01
1.79400e+03 1.0367052848e+03 5.3306273370e-01
1.79500e+03 1.0373497378e+03 1.6784698712e+00
1.79600e+03 1.0380147399e+03 6.1521296845e-01
1.79700e+03 1.0386429420e+03 5.6309652178e-01
1.79800e+03 1.0392518631e+03 1.1611679338e+00
1.79900e+03 1.0399098971e+03 1.6293924199e+00
1.80000e+03 1.0405572569e+03 1.6760426599e+00
1.80100e+03 1.0411737056e+03 1.2065035427e+00
1.80200e+03 1.0417548898e+03 1.1940286908e+00
1.80300e+03 1.0423216723e+03 5.2641511746e-01
1.80400e+03 1.0429074656e+03 1.1737065427e-01
1.80500e+03 1.0435483762e+03 4.0658037082e-02
1.80600e+03 1.0441702776e+03 7.0054861269e-01
1.80700e+03 1.0447783839e+03 6.0926243931e-01
1.80800e+03 1.0453857848e+03 5.9415268223e-01
1.80900e+03 1.0459944200e+03 1.1732677760e+00
1.81000e+03 1.0466065477e+03 5.5683218411e-01
1.81100e+03 1.0472544501e+03 1.9114537609e+00
1.81200e+03 1.0478959840e+03 1.9037163026e+00
1.81300e+03 1.0485252096e+03 6.4751059627e-01
1.81400e+03 1.0491823158e+03 4.3203075422e-01
1.81500e+03 1.0498255636e+03 1.2948874633e+00
1.81600e+03 1.0504667307e+03 6.4649625689e-01
1.81700e+03 1.0511010296e+03 6.5092299837e-01
1.81800e+03 1.0517511632e+03 9.0429455905e-01
1.81900e+03 1.0524041572e+03 6.0063416189e-01
1.82000e+03 1.0530349614e+03 1.9878740223e+00
1.82100e+03 1.0536913320e+03 6.8192431756e-01
1.82200e+03 1.0543403684e+03 6.5814135507e-01
1.82300e+03 1.0549726610e+03 1.5925682600e+00
1.82400e+03 1.0555673086e+03 1.5734955941e+00
1.82500e+03 1.0562088799e+03 6.6475575715e-01
1.82600e+03 1.0568743916e+03 6.9662035972e-01
1.82700e+03 1.0575126159e+03 1.5571523993e+00
1.82800e+03 1.0581419207e+03 6.9711440248e-01
1.82900e+03 1.0587486932e+03 1.2720364657e+00
1.83000e+03 1.0593627929e+03 1.2276571923e+00
1.83100e+03 1.0600354842e+03 7.1224439160e-01
1.83200e+03 1.0606806239e+03 1.2685016946e+00
1.83300e+03 1.0612884806e+03 1.0841789730e-03
1.83400e+03 1.0618837236e+03 1.2955614075e-01
1.83500e+03 1.0624647612e+03 6.9753004646e-01
1.83600e+03 1.0630401096e+03 5.5543401063e-01
1.83700e+03 1.0636861114e+03 1.2716636216e+00
1.83800e+03 1.0643272022e+03 6.5803568814e-01
1.83900e+03 1.0649526787e+03 6.3685237724e-01
1.84000e+03 1.0656130164e+03 1.2547778086e+00
1.84100e+03 1.0662586091e+03 1.8361199389e+00
1.84200e+03 1.0668974708e+03 6.3398647936e-01
1.84300e+03 1.0675276616e+03 5.7721272400e-01
1.84400e+03 1.0681377928e+03 1.8491720233e+00
1.84500e+03 1.0687684721e+03 6.1843916093e-01
1.84600e+03 1.0693761852e+03 3.1148628786e-02
1.84700e+03 1.0699635062e+03 1.3078739685e+00
1.84800e+03 1.0705188881e+03 1.8632350727e+00
1.84900e+03 1.0711230088e+03 5.8087911520e-01
1.85000e+03 1.0717257521e+03 5.8101477136e-01
1.85100e+03 1.0722935303e+03 4.9108519523e-01
1.85200e+03 1.0728688192e+03 5.8297839189e-01
1.85300e+03 1.0734747735e+03 5.2459126826e-01
1.85400e+03 1.0740641189e+03 2.3567593378e+00
1.85500e+03 1.0746401549e+03 2.4247166423e+00
1.85600e+03 1.0752115251e+03 5.0658241060e-01
1.85700e+03 1.0757602250e+03 4.8699758273e-01
1.85800e+03 1.0762956191e+03 4.5053454471e-01
1.85900e+03 1.0769088897e+03 1.1516220142e+00
1.86000e+03 1.0775517269e+03 5.3491773413e-02
1.86100e+03 1.0781725232e+03 6.3031861489e-01
1.86200e+03 1.0787883318e+03 6.0265973869e-01
1.86300e+03 1.0793979176e+03 5.9084653089e-01
1.86400e+03 1.0800121986e+03 1.1563217774e+00
1.86500e+03 1.0806224971e+03 5.1168262427e-01
1.86600e+03 1.0812052897e+03 1.7515144022e+00
1.86700e+03 1.0818052505e+03 9.6249975326e-03
1.86800e+03 1.0823851592e+03 3.0911915366e-01
1.86900e+03 1.0829552924e+03 8.5879981968e-01
1.87000e+03 1.0835265091e+03 5.0575759602e-01
1.87100e+03 1.0840913662e+03 8.1992895137e-01
1.87200e+03 1.0846481255e+03 3.5648639575e-02
1.87300e+03 1.0852219255e+03 7.2553280080e-01
1.87400e+03 1.0857711098e+03 2.8262711179e-01
1.87500e+03 1.0863027456e+03 6.8834253737e-02
1.87600e+03 1.0868242151e+03 6.8951738279e-01
1.87700e+03 1.0873665782e+03 2.5090766267e-01
1.87800e+03 1.0878860882e+03 9.8439740770e-02
1.87900e+03 1.0883876636e+03 6.5876739706e-01
1.88000e+03 1.0888623294e+03 1.8588948591e+00
1.88100e+03 1.0893791111e+03 6.3590347930e-01
1.88200e+03 1.0899241348e+03 1.4853194151e+00
1.88300e+03 1.0904479169e+03 2.6891745986e+00
1.88400e+03 1.0909555524e+03 7.3205587552e-01
1.88500e+03 1.0914967772e+03 4.4865767718e-01
1.88600e+03 1.0920234062e+03 6.6522766298e-01
1.88700e+03 1.0925290855e+03 7.3542778299e-01
1.88800e+03 1.0930201516e+03 1.6569390417e-02
1.88900e+03 1.0935344463e+03 8.9495016635e-02
1.89000e+03 1.0940281614e+03 7.0177845584e-01
1.89100e+03 1.0945041662e+03 4.6227367234e-02
1.89200e+03 1.0949697202e+03 1.6869371196e-02
1.89300e+03 1.0954554464e+03 6.7250818927e-01
1.89400e+03 1.0959285494e+03 1.1375294832e+00
1.89500e+03 1.0963947026e+03 2.9931720007e-01
1.89600e+03 1.0968619504e+03 7.2648514413e-02
1.89700e+03 1.0973274582e+03 6.3555709889e-03
1.89800e+03 1.0977729876e+03 9.5082892246e-01
1.89900e+03 1.0982293369e+03 9.8039364432e-03
1.90000e+03 1.0986669506e+03 2.3284845629e-02
1.90100e+03 1.0990982905e+03 1.5990874016e+00
1.90200e+03 1.0995472540e+03 2.6508427513e-01
1.90300e+03 1.0999970626e+03 1.2690774209e+00
1.90400e+03 1.1004464782e+03 1.3135028712e+00
1.90500e+03 1.1009217739e+03 3.0877506828e-01
1.90600e+03 1.1014138849e+03 3.0751501755e-01
1.90700e+03 1.1018925997e+03 5.9439217924e-01
1.90800e+03 1.1023675811e+03 9.8972669823e-01
1.90900e+03 1.1028365308e+03 9.5331995677e-01
1.91000e+03 1.1032760536e+03 2.9858114138e-01
1.91100e+03 1.1037489277e+03 3.0676861269e-01
1.91200e+03 1.1042455361e+03 3.3392769456e-01
1.91300e+03 1.1047243044e+03 2.9638074139e-01
1.91400e+03 1.1051961199e+03 3.3874689239e-01
1.91500e+03 1.1057061386e+03 3.6875568660e-01
1.91600e+03 1.1062367590e+03 3.4011942911e-02
1.91700e+03 1.1067424423e+03 3.6532310951e-01
1.91800e+03 1.1072431855e+03 3.9731461558e-01
1.91900e+03 1.1077876516e+03 6.8425296182e-02
1.92000e+03 1.1083522813e+03 3.6562124902e-01
1.92100e+03 1.1088989640e+03 8.0079520283e-01
1.92200e+03 1.1094403857e+03 8.0964592578e-01
1.92300e+03 1.1099690362e+03 1.0624472993e+00
1.92400e+03 1.1104776649e+03 1.4470973539e+00
1.92500e+03 1.1110052568e+03 5.8900941934e-02
1.92600e+03 1.1115189086e+03 4.7624666452e-01
1.92700e+03 1.1120263075e+03 8.4153661618e-01
1.92800e+03 1.1125361379e+03 3.9563102491e-01
1.92900e+03 1.1130794146e+03 8.3983659486e-01
1.93000e+03 1.1136183807e+03 8.3654114373e-01
1.93100e+03 1.1141248957e+03 4.2076829400e-01
1.93200e+03 1.1146271776e+03 3.6596574530e-01
1.93300e+03 1.1151575495e+03 8.3848454236e-01
1.93400e+03 1.1156733394e+03 8.3978416843e-01
1.93500e+03 1.1161800048e+03 3.7731206124e-01
1.93600e+03 1.1166858892e+03 3.6702919408e-01
1.93700e+03 1.1171996172e+03 3.7192889611e-01
1.93800e+03 1.1177189809e+03 5.3034321638e-01
1.93900e+03 1.1182128567e+03 4.6950528437e-01
1.94000e+03 1.1186914806e+03 3.2783345555e-01
1.94100e+03 1.1191642252e+03 3.0637443692e-01
1.94200e+03 1.1196301370e+03 2.9335599846e-01
1.94300e+03 1.1201741023e+03 1.2062952179e+00
1.94400e+03 1.1207475104e+03 6.7523719263e-02
1.94500e+03 1.1212828523e+03 7.5872689499e-01
1.94600e+03 1.1218002797e+03 1.1446706899e+00
1.94700e+03 1.1223602604e+03 4.8743354232e-01
1.94800e+03 1.1229036723e+03 1.2095348493e+00
1.94900e+03 1.1234190997e+03 7.4215840898e-01
1.95000e+03 1.1239185489e+03 2.4055307265e-01
1.95100e+03 1.1244460096e+03 3.4066849225e-01
1.95200e+03 1.1249602458e+03 7.6810203329e-01
1.95300e+03 1.1254635112e+03 6.1464909340e-01
1.95400e+03 1.1259536232e+03 3.4616590483e-01
1.95500e+03 1.1264740778e+03 3.8713942413e-01
1.95600e+03 1.1269858211e+03 3.8425945508e-01
1.95700e+03 1.1274876852e+03 3.4441842126e-01
1.95800e+03 1.1279996330e+03 7.8745225599e-01
1.95900e+03 1.1285463265e+03 1.2213934758e+00
1.96000e+03 1.1290880924e+03 1.2185260045e+00
1.96100e+03 1.1295954046e+03 5.7801708066e-01
1.96200e+03 1.1300959037e+03 3.8196407337e-01
1.96300e+03 1.1306260277e+03 8.3283141615e-01
1.96400e+03 1.1311333811e+03 3.4412496121e-02
1.96500e+03 1.1316179531e+03 3.5884188326e-01
1.96600e+03 1.1320911424e+03 8.0468885894e-01
1.96700e+03 1.1325877952e+03 6.7849397631e-02
1.96800e+03 1.1330715091e+03 7.3618765188e-01
1.96900e+03 1.1335470871e+03 1.1591801718e+00
1.97000e+03 1.1340105093e+03 2.8875228948e-01
1.97100e+03 1.1344663987e+03 2.6877498087e-01
1.97200e+03 1.1349205586e+03 2.5924385598e-01
1.97300e+03 1.1354184569e+03 3.3178838977e-01
1.97400e+03 1.1359040850e+03 2.1725305687e-02
1.97500e+03 1.1363657343e+03 1.3284096819e+00
1.97600e+03 1.1367999106e+03 2.1852318777e+00
1.97700e+03 1.1372773602e+03 6.6620757467e-01
1.97800e+03 1.1377788608e+03 6.5259382233e-01
1.97900e+03 1.1382651940e+03 6.4037603418e-01
1.98000e+03 1.1387481367e+03 3.1782720423e-01
1.98100e+03 1.1392272465e+03 3.1028606104e-01
1.98200e+03 1.1397105567e+03 1.2514820971e+00
1.98300e+03 1.1401890057e+03 9.7044996749e-01
1.98400e+03 1.1406772362e+03 3.1526359340e-01
1.98500e+03 1.1411697279e+03 5.3983852786e-01
1.98600e+03 1.1416652439e+03 4.4256054569e-01
1.98700e+03 1.1421373950e+03 6.9687155760e-01
1.98800e+03 1.1425954061e+03 2.7744893916e-01
1.98900e+03 1.1431143623e+03 3.5545553246e-01
1.99000e+03 1.1436572379e+03 5.4645045124e-02
1.99100e+03 1.1441692380e+03 7.3879800174e-01
1.99200e+03 1.1446657591e+03 1.3197190884e+00
1.99300e+03 1.1451991466e+03 4.2381636046e-01
1.99400e+03 1.1457181325e+03 7.7199672956e-01
1.99500e+03 1.1462263912e+03 3.7411254604e-01
1.99600e+03 1.1467352064e+03 3.6356766143e-01
1.99700e+03 1.1472401071e+03 3.5984617581e-01
1.99800e+03 1.1477676544e+03 6.1566881903e-01
1.99900e+03 1.1482853928e+03 6.7777459846e-01
2.00000e+03 1.1488000518e+03 4.5660401124e-01
