remeshing time
0.00000e+00
1.00000e-01
2.00000e-01
3.00000e-01
6.00000e-01
9.00000e-01
1.00000e+00
1.10000e+00
1.20000e+00
1.30000e+00
1.50000e+00
1.70000e+00
1.90000e+00
2.00000e+00
2.10000e+00
2.20000e+00
2.40000e+00
2.60000e+00
2.90000e+00
3.00000e+00
3.10000e+00
3.20000e+00
3.40000e+00
3.60000e+00
3.70000e+00
3.80000e+00
4.00000e+00
4.10000e+00
4.40000e+00
4.60000e+00
4.80000e+00
5.10000e+00
5.30000e+00
5.50000e+00
5.80000e+00
6.30000e+00
6.50000e+00
6.80000e+00
6.90000e+00
7.00000e+00
7.10000e+00
7.30000e+00
7.60000e+00
7.70000e+00
7.90000e+00
8.00000e+00
8.30000e+00
8.60000e+00
8.90000e+00
9.10000e+00
9.20000e+00
9.30000e+00
9.50000e+00
9.70000e+00
1.00000e+01
1.01000e+01
1.02000e+01
1.04000e+01
1.06000e+01
1.07000e+01
1.08000e+01
1.09000e+01
1.10000e+01
1.11000e+01
1.13000e+01
1.16000e+01
1.17000e+01
1.19000e+01
1.20000e+01
1.21000e+01
1.23000e+01
1.24000e+01
1.26000e+01
1.28000e+01
1.30000e+01
1.32000e+01
1.34000e+01
1.36000e+01
1.38000e+01
1.40000e+01
1.43000e+01
1.46000e+01
1.49000e+01
1.51000e+01
1.52000e+01
1.53000e+01
1.55000e+01
1.57000e+01
1.60000e+01
1.61000e+01
1.64000e+01
1.65000e+01
1.68000e+01
1.70000e+01
1.72000e+01
1.74000e+01
1.75000e+01
1.78000e+01
1.83000e+01
1.85000e+01
1.88000e+01
1.89000e+01
1.90000e+01
1.91000e+01
1.93000e+01
1.96000e+01
1.97000e+01
1.99000e+01
2.02000e+01
2.03000e+01
2.04000e+01
2.06000e+01
2.08000e+01
2.10000e+01
2.12000e+01
2.14000e+01
2.16000e+01
2.18000e+01
2.20000e+01
2.21000e+01
2.23000e+01
2.26000e+01
2.29000e+01
2.33000e+01
2.36000e+01
2.37000e+01
2.39000e+01
2.42000e+01
2.43000e+01
2.44000e+01
2.46000e+01
2.48000e+01
2.50000e+01
2.52000e+01
2.55000e+01
2.58000e+01
2.61000e+01
2.62000e+01
2.64000e+01
2.66000e+01
2.68000e+01
2.69000e+01
2.70000e+01
2.71000e+01
2.72000e+01
2.73000e+01
2.76000e+01
2.77000e+01
2.78000e+01
2.79000e+01
2.80000e+01
2.82000e+01
2.83000e+01
2.84000e+01
2.86000e+01
2.88000e+01
2.96000e+01
2.98000e+01
2.99000e+01
3.00000e+01
3.03000e+01
3.06000e+01
3.09000e+01
3.10000e+01
3.11000e+01
3.12000e+01
3.13000e+01
3.14000e+01
3.15000e+01
3.17000e+01
3.20000e+01
3.21000e+01
3.24000e+01
3.26000e+01
3.28000e+01
3.30000e+01
3.32000e+01
3.35000e+01
3.38000e+01
3.41000e+01
3.42000e+01
3.44000e+01
3.46000e+01
3.48000e+01
3.49000e+01
3.50000e+01
3.51000e+01
3.52000e+01
3.53000e+01
3.56000e+01
3.57000e+01
3.58000e+01
3.59000e+01
3.62000e+01
3.63000e+01
3.64000e+01
3.66000e+01
3.68000e+01
3.76000e+01
3.78000e+01
3.79000e+01
3.80000e+01
3.81000e+01
3.82000e+01
3.84000e+01
3.86000e+01
3.89000e+01
3.90000e+01
3.91000e+01
3.92000e+01
3.93000e+01
3.94000e+01
3.95000e+01
3.97000e+01
4.00000e+01
4.02000e+01
4.03000e+01
4.05000e+01
4.08000e+01
4.10000e+01
4.12000e+01
4.15000e+01
4.18000e+01
4.21000e+01
4.22000e+01
4.24000e+01
4.26000e+01
4.28000e+01
4.29000e+01
4.30000e+01
4.31000e+01
4.32000e+01
4.33000e+01
4.36000e+01
4.37000e+01
4.38000e+01
4.39000e+01
4.40000e+01
4.42000e+01
4.43000e+01
4.44000e+01
4.46000e+01
4.48000e+01
4.51000e+01
4.52000e+01
4.54000e+01
4.56000e+01
4.59000e+01
4.62000e+01
4.64000e+01
4.66000e+01
4.69000e+01
4.70000e+01
4.71000e+01
4.74000e+01
4.76000e+01
4.77000e+01
4.78000e+01
4.79000e+01
4.80000e+01
4.83000e+01
4.86000e+01
4.89000e+01
4.91000e+01
4.92000e+01
4.93000e+01
4.94000e+01
4.95000e+01
4.97000e+01
5.00000e+01
5.01000e+01
5.04000e+01
5.06000e+01
5.08000e+01
5.10000e+01
5.12000e+01
5.16000e+01
5.18000e+01
5.19000e+01
5.20000e+01
5.22000e+01
5.24000e+01
5.26000e+01
5.29000e+01
5.30000e+01
5.31000e+01
5.32000e+01
5.33000e+01
5.34000e+01
5.35000e+01
5.37000e+01
5.40000e+01
5.42000e+01
5.43000e+01
5.45000e+01
5.48000e+01
5.50000e+01
5.52000e+01
5.54000e+01
5.56000e+01
5.58000e+01
5.60000e+01
5.62000e+01
5.64000e+01
5.65000e+01
5.68000e+01
5.74000e+01
5.77000e+01
5.79000e+01
5.80000e+01
5.82000e+01
5.83000e+01
5.84000e+01
5.86000e+01
5.88000e+01
5.90000e+01
5.92000e+01
5.95000e+01
5.98000e+01
6.01000e+01
6.02000e+01
6.04000e+01
6.06000e+01
6.08000e+01
6.09000e+01
6.10000e+01
6.11000e+01
6.12000e+01
6.13000e+01
6.16000e+01
6.17000e+01
6.18000e+01
6.19000e+01
6.20000e+01
6.21000e+01
6.23000e+01
6.24000e+01
6.26000e+01
6.28000e+01
6.31000e+01
6.32000e+01
6.34000e+01
6.36000e+01
6.39000e+01
6.42000e+01
6.44000e+01
6.46000e+01
6.49000e+01
6.50000e+01
6.51000e+01
6.54000e+01
6.56000e+01
6.57000e+01
6.58000e+01
6.59000e+01
6.60000e+01
6.63000e+01
6.66000e+01
6.69000e+01
6.71000e+01
6.72000e+01
6.73000e+01
6.74000e+01
6.75000e+01
6.77000e+01
6.80000e+01
6.81000e+01
6.84000e+01
6.86000e+01
6.88000e+01
6.90000e+01
6.92000e+01
6.96000e+01
6.98000e+01
6.99000e+01
7.00000e+01
7.01000e+01
7.04000e+01
7.06000e+01
7.09000e+01
7.10000e+01
7.11000e+01
7.12000e+01
7.13000e+01
7.14000e+01
7.15000e+01
7.17000e+01
7.20000e+01
7.22000e+01
7.23000e+01
7.25000e+01
7.28000e+01
7.30000e+01
7.32000e+01
7.35000e+01
7.38000e+01
7.41000e+01
7.42000e+01
7.44000e+01
7.46000e+01
7.48000e+01
7.49000e+01
7.50000e+01
7.51000e+01
7.52000e+01
7.53000e+01
7.56000e+01
7.57000e+01
7.58000e+01
7.59000e+01
7.60000e+01
7.61000e+01
7.63000e+01
7.64000e+01
7.66000e+01
7.68000e+01
7.71000e+01
7.72000e+01
7.74000e+01
7.76000e+01
7.79000e+01
7.82000e+01
7.84000e+01
7.86000e+01
7.89000e+01
7.90000e+01
7.91000e+01
7.94000e+01
7.96000e+01
7.97000e+01
7.98000e+01
7.99000e+01
8.00000e+01
8.02000e+01
8.03000e+01
8.04000e+01
8.05000e+01
8.06000e+01
8.08000e+01
8.11000e+01
8.13000e+01
8.15000e+01
8.18000e+01
8.23000e+01
8.24000e+01
8.27000e+01
8.28000e+01
8.30000e+01
8.32000e+01
8.36000e+01
8.38000e+01
8.40000e+01
8.41000e+01
8.42000e+01
8.45000e+01
8.48000e+01
8.51000e+01
8.52000e+01
8.53000e+01
8.54000e+01
8.55000e+01
8.57000e+01
8.60000e+01
8.61000e+01
8.62000e+01
8.64000e+01
8.66000e+01
8.69000e+01
8.70000e+01
8.71000e+01
8.74000e+01
8.76000e+01
8.77000e+01
8.78000e+01
8.79000e+01
8.80000e+01
8.81000e+01
8.84000e+01
8.85000e+01
8.86000e+01
8.88000e+01
8.96000e+01
8.98000e+01
9.00000e+01
9.01000e+01
9.04000e+01
9.05000e+01
9.06000e+01
9.08000e+01
9.11000e+01
9.13000e+01
9.15000e+01
9.18000e+01
9.23000e+01
9.24000e+01
9.27000e+01
9.28000e+01
9.30000e+01
9.32000e+01
9.35000e+01
9.38000e+01
9.41000e+01
9.42000e+01
9.43000e+01
9.46000e+01
9.49000e+01
9.50000e+01
9.51000e+01
9.54000e+01
9.57000e+01
9.58000e+01
9.60000e+01
9.62000e+01
9.63000e+01
9.65000e+01
9.67000e+01
9.69000e+01
9.74000e+01
9.77000e+01
9.79000e+01
9.80000e+01
9.82000e+01
9.84000e+01
9.86000e+01
9.88000e+01
9.91000e+01
9.92000e+01
9.93000e+01
9.94000e+01
9.95000e+01
9.97000e+01
9.99000e+01
1.00000e+02
1.00100e+02
1.00400e+02
1.00700e+02
1.00800e+02
1.01000e+02
1.01200e+02
1.01600e+02
1.01800e+02
1.02000e+02
1.02300e+02
1.02600e+02
1.02900e+02
1.03100e+02
1.03200e+02
1.03300e+02
1.03400e+02
1.03500e+02
1.03700e+02
1.04000e+02
1.04100e+02
1.04200e+02
1.04400e+02
1.04600e+02
1.04900e+02
1.05000e+02
1.05100e+02
1.05400e+02
1.05600e+02
1.05700e+02
1.05800e+02
1.05900e+02
1.06000e+02
1.06100e+02
1.06400e+02
1.06500e+02
1.06600e+02
1.06800e+02
1.07100e+02
1.07300e+02
1.07500e+02
1.07800e+02
1.08100e+02
1.08200e+02
1.08300e+02
1.08600e+02
1.08900e+02
1.09000e+02
1.09100e+02
1.09400e+02
1.09700e+02
1.09800e+02
1.10000e+02
1.10200e+02
1.10400e+02
1.10600e+02
1.10800e+02
1.11500e+02
1.11700e+02
1.11800e+02
1.12000e+02
1.12100e+02
1.12400e+02
1.12600e+02
1.12800e+02
1.13600e+02
1.13800e+02
1.14000e+02
1.14200e+02
1.14400e+02
1.14600e+02
1.14800e+02
1.15100e+02
1.15200e+02
1.15300e+02
1.15400e+02
1.15500e+02
1.15700e+02
1.15900e+02
1.16000e+02
1.16100e+02
1.16400e+02
1.16700e+02
1.16800e+02
1.17000e+02
1.17200e+02
1.17600e+02
1.17800e+02
1.18000e+02
1.18300e+02
1.18600e+02
1.18900e+02
1.19400e+02
1.19600e+02
1.19700e+02
1.19800e+02
1.19900e+02
1.20000e+02
1.20100e+02
1.20300e+02
1.20400e+02
1.20500e+02
1.20600e+02
1.20800e+02
1.21100e+02
1.21300e+02
1.21500e+02
1.21800e+02
1.22100e+02
1.22200e+02
1.22300e+02
1.22600e+02
1.22900e+02
1.23000e+02
1.23100e+02
1.23400e+02
1.23700e+02
1.23800e+02
1.24000e+02
1.24100e+02
1.24400e+02
1.24600e+02
1.24800e+02
1.25100e+02
1.25200e+02
1.25400e+02
1.25600e+02
1.25800e+02
1.26300e+02
1.26500e+02
1.26600e+02
1.26800e+02
1.27000e+02
1.27200e+02
1.27400e+02
1.27600e+02
1.27800e+02
1.28100e+02
1.28200e+02
1.28400e+02
1.28500e+02
1.28700e+02
1.28800e+02
1.28900e+02
1.29000e+02
1.29100e+02
1.29400e+02
1.29500e+02
1.29700e+02
1.29900e+02
1.30000e+02
1.30100e+02
1.30300e+02
1.30500e+02
1.30800e+02
1.31100e+02
1.31300e+02
1.31600e+02
1.31800e+02
1.32100e+02
1.32200e+02
1.32400e+02
1.32500e+02
1.32800e+02
1.32900e+02
1.33000e+02
1.33100e+02
1.33400e+02
1.33700e+02
1.33800e+02
1.34000e+02
1.34100e+02
1.34200e+02
1.34400e+02
1.34600e+02
1.34800e+02
1.35100e+02
1.35200e+02
1.35300e+02
1.35500e+02
1.35700e+02
1.35900e+02
1.36000e+02
1.36100e+02
1.36400e+02
1.36600e+02
1.36800e+02
1.37000e+02
1.37400e+02
1.37700e+02
1.37900e+02
1.38000e+02
1.38200e+02
1.38400e+02
1.38600e+02
1.38700e+02
1.39000e+02
1.39100e+02
1.39200e+02
1.39300e+02
1.39500e+02
1.39700e+02
1.40000e+02
1.40100e+02
1.40400e+02
1.40700e+02
1.40800e+02
1.41000e+02
1.41400e+02
1.41700e+02
1.41900e+02
1.42000e+02
1.42200e+02
1.42400e+02
1.42600e+02
1.42800e+02
1.43100e+02
1.43200e+02
1.43300e+02
1.43400e+02
1.43500e+02
1.43700e+02
1.43900e+02
1.44000e+02
1.44100e+02
1.44400e+02
1.44700e+02
1.44800e+02
1.45000e+02
1.45200e+02
1.45600e+02
1.45800e+02
1.46000e+02
1.46300e+02
1.46600e+02
1.46900e+02
1.47400e+02
1.47600e+02
1.47700e+02
1.47800e+02
1.47900e+02
1.48000e+02
1.48200e+02
1.48300e+02
1.48400e+02
1.48500e+02
1.48600e+02
1.48800e+02
1.49100e+02
1.49300e+02
1.49500e+02
1.49800e+02
1.50100e+02
1.50200e+02
1.50300e+02
1.50600e+02
1.50900e+02
1.51000e+02
1.51100e+02
1.51400e+02
1.51700e+02
1.51800e+02
1.52000e+02
1.52100e+02
1.52400e+02
1.52600e+02
1.52800e+02
1.53100e+02
1.53200e+02
1.53400e+02
1.53600e+02
1.53800e+02
1.54100e+02
1.54200e+02
1.54400e+02
1.54500e+02
1.54700e+02
1.54800e+02
1.54900e+02
1.55000e+02
1.55100e+02
1.55400e+02
1.55500e+02
1.55700e+02
1.55900e+02
1.56000e+02
1.56100e+02
1.56300e+02
1.56500e+02
1.56800e+02
1.57100e+02
1.57300e+02
1.57600e+02
1.57800e+02
1.58100e+02
1.58200e+02
1.58400e+02
1.58500e+02
1.58800e+02
1.58900e+02
1.59000e+02
1.59100e+02
1.59400e+02
1.59700e+02
1.59800e+02
1.60000e+02
1.60100e+02
1.60300e+02
1.60500e+02
1.60600e+02
1.60700e+02
1.61200e+02
1.61500e+02
1.61800e+02
1.62000e+02
1.62100e+02
1.62200e+02
1.62400e+02
1.62600e+02
1.62800e+02
1.62900e+02
1.63000e+02
1.63100e+02
1.63200e+02
1.63300e+02
1.63500e+02
1.63700e+02
1.64000e+02
1.64100e+02
1.64300e+02
1.64500e+02
1.64600e+02
1.64700e+02
1.64800e+02
1.65000e+02
1.65400e+02
1.65600e+02
1.65800e+02
1.66000e+02
1.66100e+02
1.66200e+02
1.66400e+02
1.66600e+02
1.66700e+02
1.67400e+02
1.67600e+02
1.67800e+02
1.68000e+02
1.68100e+02
1.68300e+02
1.68600e+02
1.68800e+02
1.69100e+02
1.69200e+02
1.69300e+02
1.69500e+02
1.69700e+02
1.69900e+02
1.70000e+02
1.70100e+02
1.70400e+02
1.70600e+02
1.70700e+02
1.70800e+02
1.70900e+02
1.71000e+02
1.71200e+02
1.71400e+02
1.71600e+02
1.71800e+02
1.72100e+02
1.72200e+02
1.72400e+02
1.72500e+02
1.72800e+02
1.72900e+02
1.73000e+02
1.73100e+02
1.73400e+02
1.73700e+02
1.73800e+02
1.74000e+02
1.74100e+02
1.74300e+02
1.74500e+02
1.74600e+02
1.74700e+02
1.75200e+02
1.75500e+02
1.75800e+02
1.76000e+02
1.76100e+02
1.76200e+02
1.76400e+02
1.76600e+02
1.76800e+02
1.76900e+02
1.77000e+02
1.77100e+02
1.77400e+02
1.77700e+02
1.77800e+02
1.78000e+02
1.78200e+02
1.78400e+02
1.78500e+02
1.78800e+02
1.79100e+02
1.79300e+02
1.79500e+02
1.79800e+02
1.80000e+02
1.80100e+02
1.80200e+02
1.80400e+02
1.80600e+02
1.80900e+02
1.81000e+02
1.81100e+02
1.81400e+02
1.81700e+02
1.81800e+02
1.81900e+02
1.82200e+02
1.82500e+02
1.82700e+02
1.82800e+02
1.83100e+02
1.83300e+02
1.83400e+02
1.83600e+02
1.83800e+02
1.84100e+02
1.84200e+02
1.84400e+02
1.84600e+02
1.84800e+02
1.84900e+02
1.85000e+02
1.85100e+02
1.85400e+02
1.85600e+02
1.85800e+02
1.86000e+02
1.86100e+02
1.86300e+02
1.86500e+02
1.86700e+02
1.87000e+02
1.87100e+02
1.87300e+02
1.87600e+02
1.87900e+02
1.88400e+02
1.88700e+02
1.88800e+02
1.88900e+02
1.89000e+02
1.89100e+02
1.89300e+02
1.89600e+02
1.89800e+02
1.90000e+02
1.90100e+02
1.90300e+02
1.90500e+02
1.90700e+02
1.91100e+02
1.91300e+02
1.91500e+02
1.91800e+02
1.92000e+02
1.92100e+02
1.92200e+02
1.92400e+02
1.92600e+02
1.92800e+02
1.92900e+02
1.93000e+02
1.93100e+02
1.93200e+02
1.93400e+02
1.93600e+02
1.93800e+02
1.93900e+02
1.94000e+02
1.94100e+02
1.94300e+02
1.94500e+02
1.94700e+02
1.95100e+02
1.95300e+02
1.95500e+02
1.95600e+02
1.95700e+02
1.96000e+02
1.96100e+02
1.96200e+02
1.96400e+02
1.96600e+02
1.96800e+02
1.96900e+02
1.97000e+02
1.97100e+02
1.97400e+02
1.97600e+02
1.97700e+02
1.97800e+02
1.98000e+02
1.98100e+02
1.98400e+02
1.98600e+02
1.98800e+02
1.99100e+02
1.99200e+02
1.99500e+02
1.99700e+02
2.00000e+02
2.00100e+02
2.00200e+02
2.00400e+02
2.00600e+02
2.00900e+02
2.01000e+02
2.01100e+02
2.01200e+02
2.01300e+02
2.01600e+02
2.01800e+02
2.02000e+02
2.02100e+02
2.02300e+02
2.02500e+02
2.02800e+02
2.03100e+02
2.03300e+02
2.03600e+02
2.03800e+02
2.04000e+02
2.04100e+02
2.04300e+02
2.04500e+02
2.04700e+02
2.04800e+02
2.04900e+02
2.05200e+02
2.05400e+02
2.05700e+02
2.05900e+02
2.06000e+02
2.06100e+02
2.06200e+02
2.06400e+02
2.06600e+02
2.06900e+02
2.07000e+02
2.07100e+02
2.07200e+02
2.07300e+02
2.07500e+02
2.07700e+02
2.08000e+02
2.08100e+02
2.08300e+02
2.08500e+02
2.08800e+02
2.08900e+02
2.09100e+02
2.09200e+02
2.09600e+02
2.09700e+02
2.09900e+02
2.10100e+02
2.10200e+02
2.10500e+02
2.10800e+02
2.10900e+02
2.11100e+02
2.11200e+02
2.11300e+02
2.11500e+02
2.11700e+02
2.11900e+02
2.12000e+02
2.12100e+02
2.12200e+02
2.12300e+02
2.12500e+02
2.12600e+02
2.12800e+02
2.12900e+02
2.13300e+02
2.13400e+02
2.13700e+02
2.13900e+02
2.14100e+02
2.14300e+02
2.14500e+02
2.14800e+02
2.15100e+02
2.15200e+02
2.15300e+02
2.15500e+02
2.15700e+02
2.15900e+02
2.16000e+02
2.16100e+02
2.16200e+02
2.16400e+02
2.16600e+02
2.16800e+02
2.16900e+02
2.17000e+02
2.17100e+02
2.17200e+02
2.17400e+02
2.17600e+02
2.17800e+02
2.17900e+02
2.18000e+02
2.18100e+02
2.18300e+02
2.18500e+02
2.18700e+02
2.19100e+02
2.19300e+02
2.19500e+02
2.19600e+02
2.19700e+02
2.20000e+02
2.20100e+02
2.20200e+02
2.20300e+02
2.20500e+02
2.20600e+02
2.20800e+02
2.20900e+02
2.21300e+02
2.21400e+02
2.21700e+02
2.21900e+02
2.22000e+02
2.22100e+02
2.22300e+02
2.22500e+02
2.22800e+02
2.23100e+02
2.23200e+02
2.23300e+02
2.23500e+02
2.23700e+02
2.23900e+02
2.24000e+02
2.24100e+02
2.24300e+02
2.24500e+02
2.24600e+02
2.24800e+02
2.24900e+02
2.25100e+02
2.25400e+02
2.25700e+02
2.25900e+02
2.26000e+02
2.26100e+02
2.26300e+02
2.26600e+02
2.26700e+02
2.27000e+02
2.27100e+02
2.27200e+02
2.27300e+02
2.27500e+02
2.27700e+02
2.28000e+02
2.28200e+02
2.28500e+02
2.28700e+02
2.28800e+02
2.29000e+02
2.29200e+02
2.29600e+02
2.29800e+02
2.30000e+02
2.30100e+02
2.30200e+02
2.30500e+02
2.30700e+02
2.31000e+02
2.31100e+02
2.31200e+02
2.31300e+02
2.31500e+02
2.31700e+02
2.31900e+02
2.32000e+02
2.32100e+02
2.32300e+02
2.32500e+02
2.32800e+02
2.33000e+02
2.33200e+02
2.33400e+02
2.33700e+02
2.33900e+02
2.34000e+02
2.34200e+02
2.34500e+02
2.34700e+02
2.34800e+02
2.35100e+02
2.35300e+02
2.35400e+02
2.35600e+02
2.35800e+02
2.36100e+02
2.36200e+02
2.36400e+02
2.36600e+02
2.36800e+02
2.36900e+02
2.37000e+02
2.37100e+02
2.37400e+02
2.37600e+02
2.37800e+02
2.38000e+02
2.38100e+02
2.38300e+02
2.38500e+02
2.38700e+02
2.39000e+02
2.39100e+02
2.39300e+02
2.39600e+02
2.39900e+02
2.40400e+02
2.40700e+02
2.40800e+02
2.40900e+02
2.41000e+02
2.41100e+02
2.41500e+02
2.41700e+02
2.41800e+02
2.42000e+02
2.42100e+02
2.42300e+02
2.42500e+02
2.42700e+02
2.43000e+02
2.43200e+02
2.43500e+02
2.43800e+02
2.43900e+02
2.44000e+02
2.44100e+02
2.44300e+02
2.44600e+02
2.44700e+02
2.45000e+02
2.45100e+02
2.45200e+02
2.45300e+02
2.45500e+02
2.45700e+02
2.46000e+02
2.46100e+02
2.46300e+02
2.46500e+02
2.46700e+02
2.46800e+02
2.47000e+02
2.47200e+02
2.47600e+02
2.47800e+02
2.48000e+02
2.48100e+02
2.48300e+02
2.48500e+02
2.48700e+02
2.49000e+02
2.49100e+02
2.49300e+02
2.49600e+02
2.49900e+02
2.50300e+02
2.50500e+02
2.50700e+02
2.50800e+02
2.51000e+02
2.51100e+02
2.51300e+02
2.51600e+02
2.51900e+02
2.52300e+02
2.52500e+02
2.52700e+02
2.52800e+02
2.53000e+02
2.53200e+02
2.53600e+02
2.53800e+02
2.54000e+02
2.54100e+02
2.54200e+02
2.54500e+02
2.54700e+02
2.55000e+02
2.55100e+02
2.55200e+02
2.55300e+02
2.55500e+02
2.55700e+02
2.55900e+02
2.56000e+02
2.56200e+02
2.56400e+02
2.56700e+02
2.56900e+02
2.57300e+02
2.57700e+02
2.57900e+02
2.58000e+02
2.58200e+02
2.58500e+02
2.58700e+02
2.58800e+02
2.59100e+02
2.59300e+02
2.59400e+02
2.59600e+02
2.59800e+02
2.60100e+02
2.60200e+02
2.60400e+02
2.60600e+02
2.60800e+02
2.60900e+02
2.61000e+02
2.61100e+02
2.61400e+02
2.61600e+02
2.61800e+02
2.62000e+02
2.62100e+02
2.62300e+02
2.62500e+02
2.62700e+02
2.63000e+02
2.63100e+02
2.63300e+02
2.63600e+02
2.63900e+02
2.64400e+02
2.64700e+02
2.64800e+02
2.64900e+02
2.65000e+02
2.65100e+02
2.65500e+02
2.65700e+02
2.65800e+02
2.66000e+02
2.66100e+02
2.66300e+02
2.66500e+02
2.66700e+02
2.67200e+02
2.67500e+02
2.67800e+02
2.68000e+02
2.68100e+02
2.68200e+02
2.68400e+02
2.68600e+02
2.68800e+02
2.68900e+02
2.69000e+02
2.69100e+02
2.69200e+02
2.69400e+02
2.69600e+02
2.69700e+02
2.69800e+02
2.69900e+02
2.70000e+02
2.70200e+02
2.70400e+02
2.70600e+02
2.70900e+02
2.71000e+02
2.71100e+02
2.71200e+02
2.71300e+02
2.71500e+02
2.71700e+02
2.71900e+02
2.72000e+02
2.72100e+02
2.72200e+02
2.72400e+02
2.72600e+02
2.72800e+02
2.72900e+02
2.73000e+02
2.73100e+02
2.73200e+02
2.73400e+02
2.73600e+02
2.73700e+02
2.73800e+02
2.73900e+02
2.74000e+02
2.74200e+02
2.74400e+02
2.74500e+02
2.74700e+02
2.75400e+02
2.75700e+02
2.75900e+02
2.76000e+02
2.76100e+02
2.76200e+02
2.76400e+02
2.76600e+02
2.76900e+02
2.77000e+02
2.77100e+02
2.77200e+02
2.77300e+02
2.77500e+02
2.77700e+02
2.77900e+02
2.78000e+02
2.78200e+02
2.78400e+02
2.78600e+02
2.78800e+02
2.78900e+02
2.79100e+02
2.79400e+02
2.79700e+02
2.79900e+02
2.80000e+02
2.80100e+02
2.80300e+02
2.80500e+02
2.80700e+02
2.81200e+02
2.81500e+02
2.81800e+02
2.82000e+02
2.82100e+02
2.82200e+02
2.82400e+02
2.82600e+02
2.82800e+02
2.82900e+02
2.83000e+02
2.83100e+02
2.83200e+02
2.83400e+02
2.83600e+02
2.83700e+02
2.83800e+02
2.83900e+02
2.84200e+02
2.84400e+02
2.84500e+02
2.84700e+02
2.85100e+02
2.85300e+02
2.85500e+02
2.85600e+02
2.85700e+02
2.86000e+02
2.86100e+02
2.86200e+02
2.86400e+02
2.86600e+02
2.86800e+02
2.86900e+02
2.87000e+02
2.87100e+02
2.87200e+02
2.87300e+02
2.87500e+02
2.87700e+02
2.87900e+02
2.88000e+02
2.88100e+02
2.88200e+02
2.88300e+02
2.88500e+02
2.88600e+02
2.88800e+02
2.88900e+02
2.89300e+02
2.89400e+02
2.89700e+02
2.89900e+02
2.90000e+02
2.90100e+02
2.90200e+02
2.90400e+02
2.90500e+02
2.90700e+02
2.91400e+02
2.91700e+02
2.91900e+02
2.92000e+02
2.92200e+02
2.92400e+02
2.92600e+02
2.92900e+02
2.93000e+02
2.93100e+02
2.93200e+02
2.93400e+02
2.93600e+02
2.93700e+02
2.93800e+02
2.93900e+02
2.94000e+02
2.94100e+02
2.94300e+02
2.94500e+02
2.94700e+02
2.95100e+02
2.95300e+02
2.95500e+02
2.95600e+02
2.95700e+02
2.96000e+02
2.96200e+02
2.96400e+02
2.96600e+02
2.96800e+02
2.96900e+02
2.97000e+02
2.97100e+02
2.97400e+02
2.97600e+02
2.97700e+02
2.97800e+02
2.98000e+02
2.98100e+02
2.98300e+02
2.98500e+02
2.98800e+02
2.99100e+02
2.99200e+02
2.99500e+02
2.99700e+02
3.00000e+02
3.00300e+02
3.00600e+02
3.00900e+02
3.01000e+02
3.01100e+02
3.01200e+02
3.01300e+02
3.01600e+02
3.01800e+02
3.02000e+02
3.02100e+02
3.02300e+02
3.02500e+02
3.02800e+02
3.03400e+02
3.03700e+02
3.03900e+02
3.04100e+02
3.04300e+02
3.04500e+02
3.04600e+02
3.04900e+02
3.05000e+02
3.05100e+02
3.05200e+02
3.05300e+02
3.05500e+02
3.05700e+02
3.06000e+02
3.06100e+02
3.06200e+02
3.06400e+02
3.06600e+02
3.06900e+02
3.07000e+02
3.07100e+02
3.07200e+02
3.07300e+02
3.07600e+02
3.07800e+02
3.08000e+02
3.08100e+02
3.08300e+02
3.08500e+02
3.08800e+02
3.09100e+02
3.09300e+02
3.09600e+02
3.09800e+02
3.10000e+02
3.10100e+02
3.10200e+02
3.10400e+02
3.10600e+02
3.10900e+02
3.11000e+02
3.11100e+02
3.11200e+02
3.11300e+02
3.11600e+02
3.11800e+02
3.12000e+02
3.12100e+02
3.12400e+02
3.12600e+02
3.12800e+02
3.12900e+02
3.13000e+02
3.13100e+02
3.13200e+02
3.13300e+02
3.13500e+02
3.13700e+02
3.14000e+02
3.14100e+02
3.14300e+02
3.14500e+02
3.14700e+02
3.14800e+02
3.14900e+02
3.15200e+02
3.15400e+02
3.15700e+02
3.15900e+02
3.16000e+02
3.16100e+02
3.16200e+02
3.16400e+02
3.16600e+02
3.16900e+02
3.17000e+02
3.17100e+02
3.17200e+02
3.17300e+02
3.17500e+02
3.17700e+02
3.18000e+02
3.18200e+02
3.18300e+02
3.18500e+02
3.18800e+02
3.18900e+02
3.19100e+02
3.19200e+02
3.19600e+02
3.19900e+02
3.20100e+02
3.20200e+02
3.20500e+02
3.20800e+02
3.20900e+02
3.21100e+02
3.21200e+02
3.21300e+02
3.21500e+02
3.21700e+02
3.21900e+02
3.22000e+02
3.22100e+02
3.22200e+02
3.22300e+02
3.22500e+02
3.22600e+02
3.22800e+02
3.22900e+02
3.23300e+02
3.23400e+02
3.23700e+02
3.23900e+02
3.24200e+02
3.24400e+02
3.24500e+02
3.24700e+02
3.25100e+02
3.25300e+02
3.25500e+02
3.25600e+02
3.25700e+02
3.26000e+02
3.26100e+02
3.26200e+02
3.26400e+02
3.26600e+02
3.26800e+02
3.26900e+02
3.27000e+02
3.27100e+02
3.27400e+02
3.27600e+02
3.27700e+02
3.27800e+02
3.28000e+02
3.28100e+02
3.28400e+02
3.28600e+02
3.28800e+02
3.29100e+02
3.29200e+02
3.29500e+02
3.29700e+02
3.30000e+02
3.30300e+02
3.30600e+02
3.30900e+02
3.31000e+02
3.31100e+02
3.31200e+02
3.31300e+02
3.31600e+02
3.31800e+02
3.32000e+02
3.32100e+02
3.32300e+02
3.32500e+02
3.32800e+02
3.33100e+02
3.33300e+02
3.33600e+02
3.33800e+02
3.34000e+02
3.34100e+02
3.34200e+02
3.34400e+02
3.34600e+02
3.34900e+02
3.35000e+02
3.35100e+02
3.35200e+02
3.35300e+02
3.35600e+02
3.35800e+02
3.36000e+02
3.36100e+02
3.36300e+02
3.36500e+02
3.36700e+02
3.36900e+02
3.37500e+02
3.37700e+02
3.37900e+02
3.38000e+02
3.38200e+02
3.38400e+02
3.38600e+02
3.38800e+02
3.38900e+02
3.39000e+02
3.39100e+02
3.39200e+02
3.39300e+02
3.39500e+02
3.39700e+02
3.40000e+02
3.40100e+02
3.40300e+02
3.40500e+02
3.40700e+02
3.40800e+02
3.40900e+02
3.41200e+02
3.41400e+02
3.41700e+02
3.41900e+02
3.42000e+02
3.42100e+02
3.42200e+02
3.42400e+02
3.42600e+02
3.42900e+02
3.43000e+02
3.43100e+02
3.43200e+02
3.43300e+02
3.43600e+02
3.43800e+02
3.44000e+02
3.44100e+02
3.44300e+02
3.44500e+02
3.44800e+02
3.45100e+02
3.45300e+02
3.45600e+02
3.45800e+02
3.46000e+02
3.46100e+02
3.46200e+02
3.46400e+02
3.46600e+02
3.46900e+02
3.47000e+02
3.47100e+02
3.47200e+02
3.47300e+02
3.47600e+02
3.47800e+02
3.48000e+02
3.48100e+02
3.48300e+02
3.48500e+02
3.48700e+02
3.48900e+02
3.49500e+02
3.49700e+02
3.49900e+02
3.50000e+02
3.50200e+02
3.50400e+02
3.50600e+02
3.50800e+02
3.50900e+02
3.51000e+02
3.51100e+02
3.51200e+02
3.51300e+02
3.51600e+02
3.51800e+02
3.52000e+02
3.52100e+02
3.52300e+02
3.52500e+02
3.52700e+02
3.52900e+02
3.53100e+02
3.53200e+02
3.53500e+02
3.53800e+02
3.54100e+02
3.54200e+02
3.54400e+02
3.54500e+02
3.54700e+02
3.54800e+02
3.54900e+02
3.55000e+02
3.55100e+02
3.55200e+02
3.55300e+02
3.55500e+02
3.55700e+02
3.55800e+02
3.56000e+02
3.56100e+02
3.56300e+02
3.56500e+02
3.56700e+02
3.57100e+02
3.57400e+02
3.57700e+02
3.58000e+02
3.58100e+02
3.58200e+02
3.58400e+02
3.58600e+02
3.58800e+02
3.58900e+02
3.59000e+02
3.59100e+02
3.59200e+02
3.59300e+02
3.59500e+02
3.59800e+02
3.59900e+02
3.60000e+02
3.60100e+02
3.60200e+02
3.60400e+02
3.60600e+02
3.60800e+02
3.60900e+02
3.61000e+02
3.61100e+02
3.61200e+02
3.61500e+02
3.61700e+02
3.61800e+02
3.62000e+02
3.62100e+02
3.62300e+02
3.62500e+02
3.62800e+02
3.63000e+02
3.63200e+02
3.63500e+02
3.63800e+02
3.63900e+02
3.64400e+02
3.64700e+02
3.64900e+02
3.65000e+02
3.65200e+02
3.65400e+02
3.65700e+02
3.65900e+02
3.66200e+02
3.66400e+02
3.66600e+02
3.66900e+02
3.67000e+02
3.67100e+02
3.67200e+02
3.67300e+02
3.67500e+02
3.67800e+02
3.67900e+02
3.68000e+02
3.68100e+02
3.68300e+02
3.68500e+02
3.68600e+02
3.68800e+02
3.68900e+02
3.69300e+02
3.69500e+02
3.69800e+02
3.70000e+02
3.70100e+02
3.70200e+02
3.70500e+02
3.70600e+02
3.70800e+02
3.70900e+02
3.71000e+02
3.71100e+02
3.71200e+02
3.71300e+02
3.71500e+02
3.71700e+02
3.72100e+02
3.72300e+02
3.72500e+02
3.72800e+02
3.72900e+02
3.73000e+02
3.73200e+02
3.73400e+02
3.73700e+02
3.73900e+02
3.74000e+02
3.74200e+02
3.74400e+02
3.74600e+02
3.74800e+02
3.74900e+02
3.75000e+02
3.75100e+02
3.75200e+02
3.75300e+02
3.75500e+02
3.75700e+02
3.76000e+02
3.76100e+02
3.76300e+02
3.76500e+02
3.76700e+02
3.76800e+02
3.76900e+02
3.77200e+02
3.77400e+02
3.77700e+02
3.77900e+02
3.78100e+02
3.78300e+02
3.78600e+02
3.78900e+02
3.79000e+02
3.79100e+02
3.79200e+02
3.79300e+02
3.79600e+02
3.79800e+02
3.80000e+02
3.80100e+02
3.80300e+02
3.80500e+02
3.80800e+02
3.81400e+02
3.81700e+02
3.81900e+02
3.82100e+02
3.82200e+02
3.82400e+02
3.82600e+02
3.82900e+02
3.83000e+02
3.83100e+02
3.83200e+02
3.83300e+02
3.83500e+02
3.83700e+02
3.84000e+02
3.84100e+02
3.84300e+02
3.84500e+02
3.84800e+02
3.84900e+02
3.85100e+02
3.85200e+02
3.85600e+02
3.85800e+02
3.86000e+02
3.86100e+02
3.86300e+02
3.86500e+02
3.86800e+02
3.86900e+02
3.87100e+02
3.87200e+02
3.87300e+02
3.87500e+02
3.87700e+02
3.87900e+02
3.88000e+02
3.88200e+02
3.88300e+02
3.88500e+02
3.88600e+02
3.88800e+02
3.88900e+02
3.89300e+02
3.89400e+02
3.89700e+02
3.89900e+02
3.90000e+02
3.90200e+02
3.90400e+02
3.90500e+02
3.90700e+02
3.91100e+02
3.91300e+02
3.91500e+02
3.91600e+02
3.91700e+02
3.92000e+02
3.92200e+02
3.92400e+02
3.92600e+02
3.92800e+02
3.92900e+02
3.93000e+02
3.93100e+02
3.93400e+02
3.93600e+02
3.93700e+02
3.93800e+02
3.94000e+02
3.94100e+02
3.94200e+02
3.94500e+02
3.94800e+02
3.94900e+02
3.95100e+02
3.95200e+02
3.95300e+02
3.95500e+02
3.95700e+02
3.95900e+02
3.96000e+02
3.96100e+02
3.96200e+02
3.96300e+02
3.96500e+02
3.96600e+02
3.96800e+02
3.96900e+02
3.97300e+02
3.97400e+02
3.97700e+02
3.97900e+02
3.98100e+02
3.98200e+02
3.98400e+02
3.98600e+02
3.98900e+02
3.99000e+02
3.99100e+02
3.99200e+02
3.99400e+02
3.99600e+02
3.99700e+02
3.99800e+02
3.99900e+02
4.00200e+02
4.00400e+02
4.00500e+02
4.00700e+02
4.01100e+02
4.01300e+02
4.01500e+02
4.01600e+02
4.01700e+02
4.02000e+02
4.02100e+02
4.02200e+02
4.02400e+02
4.02600e+02
4.02800e+02
4.02900e+02
4.03000e+02
4.03100e+02
4.03400e+02
4.03600e+02
4.03700e+02
4.03800e+02
4.04000e+02
4.04100e+02
4.04300e+02
4.04500e+02
4.04800e+02
4.05600e+02
4.05800e+02
4.06000e+02
4.06100e+02
4.06300e+02
4.06500e+02
4.06800e+02
4.06900e+02
4.07100e+02
4.07200e+02
4.07300e+02
4.07500e+02
4.07700e+02
4.07900e+02
4.08000e+02
4.08100e+02
4.08200e+02
4.08300e+02
4.08500e+02
4.08600e+02
4.08800e+02
4.08900e+02
4.09300e+02
4.09500e+02
4.09600e+02
4.09700e+02
4.10000e+02
4.10100e+02
4.10200e+02
4.10400e+02
4.10600e+02
4.10800e+02
4.10900e+02
4.11000e+02
4.11100e+02
4.11400e+02
4.11600e+02
4.11700e+02
4.11800e+02
4.12000e+02
4.12100e+02
4.12300e+02
4.12500e+02
4.12800e+02
4.12900e+02
4.13400e+02
4.13600e+02
4.13700e+02
4.13800e+02
4.14000e+02
4.14100e+02
4.14300e+02
4.14500e+02
4.14800e+02
4.15100e+02
4.15200e+02
4.15500e+02
4.15700e+02
4.16000e+02
4.16100e+02
4.16200e+02
4.16400e+02
4.16700e+02
4.16900e+02
4.17000e+02
4.17100e+02
4.17200e+02
4.17300e+02
4.17600e+02
4.17800e+02
4.18000e+02
4.18100e+02
4.18300e+02
4.18500e+02
4.18800e+02
4.19100e+02
4.19300e+02
4.19600e+02
4.19800e+02
4.20000e+02
4.20200e+02
4.20400e+02
4.20600e+02
4.20900e+02
4.21000e+02
4.21100e+02
4.21200e+02
4.21300e+02
4.21600e+02
4.21800e+02
4.22000e+02
4.22100e+02
4.22400e+02
4.22500e+02
4.22700e+02
4.22900e+02
4.23100e+02
4.23200e+02
4.23500e+02
4.23800e+02
4.24100e+02
4.24200e+02
4.24400e+02
4.24500e+02
4.24700e+02
4.24800e+02
4.24900e+02
4.25000e+02
4.25100e+02
4.25200e+02
4.25300e+02
4.25500e+02
4.25600e+02
4.25800e+02
4.26000e+02
4.26100e+02
4.26300e+02
4.26500e+02
4.26700e+02
4.27100e+02
4.27400e+02
4.27700e+02
4.28000e+02
4.28100e+02
4.28200e+02
4.28400e+02
4.28600e+02
4.28800e+02
4.28900e+02
4.29000e+02
4.29100e+02
4.29200e+02
4.29500e+02
4.29700e+02
4.29800e+02
4.30000e+02
4.30100e+02
4.30300e+02
4.30500e+02
4.30800e+02
4.31000e+02
4.31200e+02
4.31500e+02
4.31800e+02
4.31900e+02
4.32100e+02
4.32200e+02
4.32400e+02
4.32600e+02
4.32900e+02
4.33000e+02
4.33100e+02
4.33200e+02
4.33500e+02
4.33700e+02
4.33800e+02
4.34000e+02
4.34200e+02
4.34400e+02
4.34600e+02
4.34800e+02
4.35600e+02
4.35800e+02
4.35900e+02
4.36000e+02
4.36100e+02
4.36300e+02
4.36500e+02
4.36700e+02
4.37000e+02
4.37100e+02
4.37200e+02
4.37300e+02
4.37500e+02
4.37700e+02
4.38000e+02
4.38100e+02
4.38400e+02
4.38700e+02
4.38900e+02
4.39000e+02
4.39200e+02
4.39400e+02
4.39700e+02
4.39900e+02
4.40200e+02
4.40400e+02
4.40600e+02
4.40900e+02
4.41000e+02
4.41100e+02
4.41200e+02
4.41300e+02
4.41500e+02
4.41800e+02
4.41900e+02
4.42000e+02
4.42200e+02
4.42400e+02
4.42600e+02
4.42800e+02
4.42900e+02
4.43000e+02
4.43100e+02
4.43200e+02
4.43500e+02
4.43700e+02
4.43800e+02
4.44000e+02
4.44100e+02
4.44300e+02
4.44500e+02
4.44800e+02
4.45000e+02
4.45200e+02
4.45400e+02
4.45700e+02
4.45900e+02
4.46000e+02
4.46100e+02
4.46300e+02
4.46500e+02
4.46700e+02
4.47000e+02
4.47100e+02
4.47200e+02
4.47300e+02
4.47500e+02
4.47800e+02
4.47900e+02
4.48000e+02
4.48200e+02
4.48400e+02
4.48700e+02
4.48800e+02
4.48900e+02
4.49300e+02
4.49500e+02
4.49800e+02
4.50000e+02
4.50100e+02
4.50300e+02
4.50500e+02
4.50700e+02
4.51100e+02
4.51400e+02
4.51700e+02
4.52000e+02
4.52100e+02
4.52200e+02
4.52400e+02
4.52600e+02
4.52800e+02
4.52900e+02
4.53000e+02
4.53100e+02
4.53200e+02
4.53500e+02
4.53700e+02
4.53800e+02
4.54000e+02
4.54100e+02
4.54300e+02
4.54500e+02
4.54800e+02
4.55000e+02
4.55200e+02
4.55500e+02
4.55800e+02
4.55900e+02
4.56100e+02
4.56200e+02
4.56400e+02
4.56600e+02
4.56900e+02
4.57000e+02
4.57100e+02
4.57200e+02
4.57500e+02
4.57700e+02
4.57800e+02
4.58000e+02
4.58100e+02
4.58300e+02
4.58400e+02
4.58600e+02
4.58800e+02
4.59100e+02
4.59400e+02
4.59700e+02
4.60000e+02
4.60100e+02
4.60200e+02
4.60400e+02
4.60600e+02
4.60900e+02
4.61000e+02
4.61100e+02
4.61200e+02
4.61300e+02
4.61500e+02
4.61700e+02
4.61900e+02
4.62000e+02
4.62100e+02
4.62200e+02
4.62400e+02
4.62600e+02
4.62900e+02
4.63000e+02
4.63100e+02
4.63200e+02
4.63400e+02
4.63600e+02
4.63700e+02
4.63800e+02
4.64000e+02
4.64300e+02
4.64500e+02
4.64700e+02
4.65100e+02
4.65200e+02
4.65300e+02
4.65500e+02
4.65700e+02
4.65900e+02
4.66000e+02
4.66100e+02
4.66400e+02
4.66700e+02
4.66800e+02
4.66900e+02
4.67300e+02
4.67500e+02
4.67800e+02
4.67900e+02
4.68100e+02
4.68300e+02
4.68500e+02
4.68700e+02
4.69000e+02
4.69100e+02
4.69200e+02
4.69300e+02
4.69500e+02
4.69700e+02
4.70000e+02
4.70100e+02
4.70300e+02
4.70500e+02
4.70700e+02
4.70900e+02
4.71000e+02
4.71200e+02
4.71400e+02
4.71700e+02
4.71900e+02
4.72200e+02
4.72400e+02
4.72600e+02
4.72900e+02
4.73000e+02
4.73100e+02
4.73200e+02
4.73300e+02
4.73500e+02
4.73800e+02
4.73900e+02
4.74000e+02
4.74100e+02
4.74300e+02
4.74500e+02
4.74600e+02
4.74800e+02
4.74900e+02
4.75300e+02
4.75600e+02
4.75900e+02
4.76300e+02
4.76400e+02
4.76600e+02
4.76800e+02
4.76900e+02
4.77000e+02
4.77100e+02
4.77200e+02
4.77500e+02
4.77700e+02
4.77800e+02
4.78000e+02
4.78100e+02
4.78300e+02
4.78500e+02
4.78800e+02
4.79000e+02
4.79200e+02
4.79500e+02
4.79800e+02
4.79900e+02
4.80400e+02
4.80700e+02
4.80900e+02
4.81000e+02
4.81200e+02
4.81500e+02
4.81800e+02
4.81900e+02
4.82100e+02
4.82200e+02
4.82400e+02
4.82600e+02
4.82900e+02
4.83000e+02
4.83100e+02
4.83200e+02
4.83500e+02
4.83700e+02
4.83800e+02
4.84000e+02
4.84100e+02
4.84300e+02
4.84400e+02
4.84600e+02
4.84800e+02
4.85100e+02
4.85300e+02
4.85500e+02
4.85800e+02
4.85900e+02
4.86400e+02
4.86700e+02
4.86800e+02
4.86900e+02
4.87300e+02
4.87600e+02
4.87800e+02
4.87900e+02
4.88000e+02
4.88100e+02
4.88300e+02
4.88500e+02
4.88700e+02
4.89000e+02
4.89100e+02
4.89200e+02
4.89300e+02
4.89500e+02
4.89700e+02
4.90000e+02
4.90100e+02
4.90400e+02
4.90700e+02
4.90900e+02
4.91000e+02
4.91200e+02
4.91400e+02
4.91700e+02
4.91900e+02
4.92000e+02
4.92100e+02
4.92200e+02
4.92400e+02
4.92600e+02
4.92900e+02
4.93000e+02
4.93100e+02
4.93200e+02
4.93300e+02
4.93500e+02
4.93800e+02
4.93900e+02
4.94000e+02
4.94200e+02
4.94400e+02
4.94700e+02
4.94800e+02
4.94900e+02
4.95300e+02
4.95500e+02
4.95800e+02
4.96000e+02
4.96100e+02
4.96200e+02
4.96500e+02
4.96600e+02
4.96800e+02
4.96900e+02
4.97000e+02
4.97100e+02
4.97200e+02
4.97300e+02
4.97500e+02
4.97700e+02
4.98100e+02
4.98300e+02
4.98500e+02
4.98800e+02
4.98900e+02
4.99000e+02
4.99200e+02
4.99500e+02
4.99800e+02
5.00500e+02
5.00800e+02
5.00900e+02
5.01000e+02
5.01200e+02
5.01400e+02
5.01700e+02
5.01900e+02
5.02000e+02
5.02200e+02
5.02400e+02
5.02600e+02
5.02800e+02
5.02900e+02
5.03000e+02
5.03100e+02
5.03200e+02
5.03300e+02
5.03500e+02
5.03700e+02
5.04000e+02
5.04200e+02
5.04400e+02
5.04600e+02
5.04900e+02
5.05000e+02
5.05100e+02
5.05200e+02
5.05300e+02
5.05500e+02
5.05700e+02
5.06000e+02
5.06100e+02
5.06300e+02
5.06500e+02
5.06700e+02
5.06800e+02
5.06900e+02
5.07200e+02
5.07400e+02
5.07700e+02
5.07900e+02
5.08100e+02
5.08200e+02
5.08400e+02
5.08600e+02
5.08900e+02
5.09000e+02
5.09100e+02
5.09200e+02
5.09300e+02
5.09600e+02
5.09800e+02
5.10000e+02
5.10100e+02
5.10300e+02
5.10500e+02
5.10600e+02
5.10900e+02
5.11000e+02
5.11100e+02
5.11200e+02
5.11300e+02
5.11500e+02
5.11700e+02
5.12000e+02
5.12200e+02
5.12300e+02
5.12500e+02
5.12800e+02
5.12900e+02
5.13100e+02
5.13200e+02
5.13600e+02
5.13800e+02
5.14000e+02
5.14200e+02
5.14500e+02
5.14800e+02
5.14900e+02
5.15400e+02
5.15600e+02
5.15700e+02
5.15800e+02
5.16000e+02
5.16100e+02
5.16400e+02
5.16600e+02
5.16800e+02
5.17100e+02
5.17200e+02
5.17500e+02
5.17700e+02
5.18000e+02
5.18100e+02
5.18300e+02
5.18500e+02
5.18800e+02
5.18900e+02
5.19200e+02
5.19500e+02
5.19700e+02
5.20000e+02
5.20100e+02
5.20200e+02
5.20400e+02
5.20700e+02
5.20900e+02
5.21000e+02
5.21100e+02
5.21200e+02
5.21300e+02
5.21600e+02
5.21800e+02
5.22000e+02
5.22100e+02
5.22300e+02
5.22500e+02
5.22800e+02
5.23100e+02
5.23300e+02
5.23600e+02
5.23800e+02
5.24000e+02
5.24100e+02
5.24200e+02
5.24400e+02
5.24600e+02
5.24900e+02
5.25000e+02
5.25100e+02
5.25200e+02
5.25300e+02
5.25600e+02
5.25800e+02
5.26000e+02
5.26200e+02
5.26400e+02
5.26500e+02
5.26700e+02
5.26900e+02
5.27200e+02
5.27500e+02
5.27800e+02
5.28100e+02
5.28200e+02
5.28400e+02
5.28500e+02
5.28700e+02
5.28800e+02
5.28900e+02
5.29000e+02
5.29100e+02
5.29200e+02
5.29300e+02
5.29500e+02
5.29700e+02
5.29800e+02
5.30000e+02
5.30100e+02
5.30300e+02
5.30500e+02
5.30700e+02
5.31100e+02
5.31400e+02
5.31700e+02
5.32000e+02
5.32100e+02
5.32200e+02
5.32400e+02
5.32600e+02
5.32800e+02
5.32900e+02
5.33000e+02
5.33100e+02
5.33200e+02
5.33500e+02
5.33700e+02
5.33800e+02
5.34000e+02
5.34100e+02
5.34300e+02
5.34500e+02
5.34800e+02
5.35000e+02
5.35200e+02
5.35400e+02
5.35700e+02
5.35900e+02
5.36000e+02
5.36100e+02
5.36300e+02
5.36500e+02
5.36700e+02
5.37000e+02
5.37100e+02
5.37200e+02
5.37300e+02
5.37500e+02
5.37800e+02
5.37900e+02
5.38000e+02
5.38100e+02
5.38300e+02
5.38500e+02
5.38600e+02
5.38800e+02
5.38900e+02
5.39300e+02
5.39500e+02
5.39800e+02
5.40000e+02
5.40100e+02
5.40200e+02
5.40500e+02
5.40600e+02
5.40800e+02
5.40900e+02
5.41000e+02
5.41100e+02
5.41200e+02
5.41300e+02
5.41500e+02
5.41700e+02
5.42100e+02
5.42300e+02
5.42500e+02
5.42800e+02
5.42900e+02
5.43000e+02
5.43200e+02
5.43400e+02
5.43700e+02
5.43900e+02
5.44000e+02
5.44100e+02
5.44300e+02
5.44500e+02
5.44800e+02
5.44900e+02
5.45000e+02
5.45100e+02
5.45200e+02
5.45300e+02
5.45500e+02
5.45700e+02
5.46000e+02
5.46100e+02
5.46200e+02
5.46400e+02
5.46600e+02
5.46900e+02
5.47000e+02
5.47100e+02
5.47200e+02
5.47300e+02
5.47500e+02
5.47700e+02
5.48000e+02
5.48100e+02
5.48300e+02
5.48500e+02
5.48700e+02
5.48800e+02
5.48900e+02
5.49200e+02
5.49400e+02
5.49700e+02
5.49900e+02
5.50300e+02
5.50500e+02
5.50800e+02
5.51100e+02
5.51300e+02
5.51600e+02
5.51800e+02
5.52000e+02
5.52100e+02
5.52200e+02
5.52400e+02
5.52600e+02
5.52900e+02
5.53000e+02
5.53100e+02
5.53200e+02
5.53300e+02
5.53600e+02
5.53800e+02
5.54000e+02
5.54100e+02
5.54300e+02
5.54500e+02
5.54700e+02
5.54900e+02
5.55100e+02
5.55200e+02
5.55500e+02
5.55800e+02
5.56100e+02
5.56200e+02
5.56400e+02
5.56500e+02
5.56700e+02
5.56800e+02
5.56900e+02
5.57000e+02
5.57100e+02
5.57200e+02
5.57300e+02
5.57500e+02
5.57700e+02
5.57800e+02
5.58000e+02
5.58100e+02
5.58300e+02
5.58500e+02
5.58700e+02
5.59100e+02
5.59400e+02
5.59700e+02
5.60000e+02
5.60100e+02
5.60200e+02
5.60400e+02
5.60600e+02
5.60800e+02
5.60900e+02
5.61000e+02
5.61100e+02
5.61200e+02
5.61500e+02
5.61700e+02
5.61800e+02
5.62000e+02
5.62100e+02
5.62300e+02
5.62500e+02
5.62800e+02
5.63000e+02
5.63200e+02
5.63500e+02
5.63800e+02
5.63900e+02
5.64100e+02
5.64200e+02
5.64400e+02
5.64600e+02
5.64900e+02
5.65000e+02
5.65100e+02
5.65200e+02
5.65500e+02
5.65700e+02
5.65800e+02
5.66000e+02
5.66200e+02
5.66400e+02
5.66600e+02
5.66800e+02
5.67100e+02
5.67300e+02
5.67500e+02
5.67800e+02
5.67900e+02
5.68100e+02
5.68200e+02
5.68400e+02
5.68600e+02
5.68900e+02
5.69000e+02
5.69100e+02
5.69200e+02
5.69400e+02
5.69600e+02
5.69700e+02
5.69800e+02
5.70000e+02
5.70100e+02
5.70300e+02
5.70400e+02
5.70500e+02
5.70800e+02
5.71100e+02
5.71300e+02
5.71600e+02
5.71900e+02
5.72100e+02
5.72200e+02
5.72400e+02
5.72600e+02
5.72800e+02
5.72900e+02
5.73000e+02
5.73100e+02
5.73200e+02
5.73300e+02
5.73600e+02
5.73800e+02
5.73900e+02
5.74000e+02
5.74100e+02
5.74300e+02
5.74400e+02
5.74600e+02
5.74800e+02
5.75100e+02
5.75400e+02
5.75700e+02
5.76000e+02
5.76100e+02
5.76200e+02
5.76300e+02
5.76500e+02
5.76700e+02
5.76800e+02
5.76900e+02
5.77000e+02
5.77100e+02
5.77300e+02
5.77600e+02
5.77800e+02
5.78000e+02
5.78100e+02
5.78400e+02
5.78600e+02
5.78700e+02
5.78800e+02
5.79100e+02
5.79300e+02
5.79600e+02
5.80000e+02
5.80300e+02
5.80600e+02
5.80700e+02
5.80800e+02
5.80900e+02
5.81000e+02
5.81100e+02
5.81400e+02
5.81600e+02
5.81700e+02
5.81800e+02
5.82000e+02
5.82100e+02
5.82300e+02
5.82600e+02
5.82900e+02
5.83100e+02
5.83200e+02
5.83300e+02
5.83500e+02
5.83800e+02
5.83900e+02
5.84000e+02
5.84200e+02
5.84500e+02
5.84800e+02
5.84900e+02
5.85100e+02
5.85400e+02
5.85700e+02
5.85900e+02
5.86100e+02
5.86400e+02
5.86600e+02
5.86900e+02
5.87300e+02
5.87600e+02
5.87800e+02
5.88000e+02
5.88100e+02
5.88400e+02
5.88600e+02
5.88700e+02
5.88800e+02
5.89100e+02
5.89300e+02
5.89600e+02
5.90000e+02
5.90300e+02
5.90600e+02
5.90700e+02
5.90800e+02
5.90900e+02
5.91000e+02
5.91100e+02
5.91400e+02
5.91600e+02
5.91700e+02
5.91800e+02
5.92000e+02
5.92200e+02
5.92400e+02
5.92500e+02
5.92700e+02
5.93000e+02
5.93100e+02
5.93200e+02
5.93300e+02
5.93500e+02
5.93800e+02
5.93900e+02
5.94000e+02
5.94200e+02
5.94500e+02
5.94800e+02
5.94900e+02
5.95100e+02
5.95400e+02
5.95700e+02
5.95900e+02
5.96000e+02
5.96200e+02
5.96400e+02
5.96600e+02
5.96900e+02
5.97200e+02
5.97300e+02
5.97500e+02
5.97800e+02
5.97900e+02
5.98000e+02
5.98100e+02
5.98400e+02
5.98700e+02
5.98900e+02
5.99000e+02
5.99200e+02
5.99500e+02
5.99700e+02
5.99900e+02
6.00200e+02
6.00500e+02
6.00800e+02
6.00900e+02
6.01000e+02
6.01100e+02
6.01200e+02
6.01300e+02
6.01600e+02
6.01800e+02
6.01900e+02
6.02000e+02
6.02100e+02
6.02200e+02
6.02500e+02
6.02800e+02
6.02900e+02
6.03000e+02
6.03100e+02
6.03200e+02
6.03300e+02
6.03500e+02
6.03800e+02
6.03900e+02
6.04000e+02
6.04100e+02
6.04400e+02
6.04500e+02
6.04700e+02
6.04800e+02
6.04900e+02
6.05000e+02
6.05200e+02
6.05600e+02
6.05900e+02
6.06000e+02
6.06300e+02
6.06500e+02
6.06700e+02
6.07100e+02
6.07200e+02
6.07300e+02
6.07500e+02
6.07700e+02
6.07900e+02
6.08000e+02
6.08100e+02
6.08400e+02
6.08700e+02
6.08800e+02
6.08900e+02
6.09300e+02
6.09500e+02
6.09800e+02
6.09900e+02
6.10100e+02
6.10300e+02
6.10500e+02
6.10700e+02
6.11000e+02
6.11100e+02
6.11200e+02
6.11500e+02
6.11700e+02
6.11800e+02
6.12000e+02
6.12200e+02
6.12400e+02
6.12600e+02
6.12800e+02
6.13100e+02
6.13400e+02
6.13700e+02
6.14000e+02
6.14100e+02
6.14200e+02
6.14400e+02
6.14600e+02
6.14900e+02
6.15000e+02
6.15100e+02
6.15200e+02
6.15400e+02
6.15600e+02
6.15700e+02
6.15800e+02
6.16000e+02
6.16100e+02
6.16200e+02
6.16500e+02
6.16700e+02
6.17100e+02
6.17200e+02
6.17300e+02
6.17500e+02
6.17700e+02
6.17900e+02
6.18000e+02
6.18100e+02
6.18200e+02
6.18400e+02
6.18600e+02
6.18900e+02
6.19000e+02
6.19100e+02
6.19200e+02
6.19400e+02
6.19600e+02
6.19700e+02
6.19800e+02
6.20000e+02
6.20100e+02
6.20300e+02
6.20400e+02
6.20500e+02
6.20800e+02
6.21100e+02
6.21300e+02
6.21600e+02
6.21900e+02
6.22100e+02
6.22200e+02
6.22400e+02
6.22600e+02
6.22800e+02
6.22900e+02
6.23000e+02
6.23100e+02
6.23200e+02
6.23300e+02
6.23600e+02
6.23800e+02
6.23900e+02
6.24000e+02
6.24100e+02
6.24300e+02
6.24400e+02
6.24600e+02
6.24800e+02
6.25100e+02
6.25400e+02
6.25700e+02
6.26000e+02
6.26200e+02
6.26300e+02
6.26500e+02
6.26700e+02
6.26800e+02
6.26900e+02
6.27000e+02
6.27100e+02
6.27300e+02
6.27600e+02
6.27800e+02
6.28000e+02
6.28100e+02
6.28400e+02
6.28600e+02
6.28700e+02
6.28800e+02
6.29100e+02
6.29300e+02
6.29600e+02
6.30000e+02
6.30300e+02
6.30600e+02
6.30700e+02
6.30800e+02
6.30900e+02
6.31000e+02
6.31100e+02
6.31400e+02
6.31600e+02
6.31700e+02
6.31800e+02
6.32000e+02
6.32200e+02
6.32400e+02
6.32600e+02
6.32800e+02
6.33100e+02
6.33300e+02
6.33600e+02
6.33900e+02
6.34100e+02
6.34200e+02
6.34400e+02
6.34500e+02
6.34700e+02
6.34800e+02
6.34900e+02
6.35000e+02
6.35100e+02
6.35400e+02
6.35600e+02
6.35900e+02
6.36000e+02
6.36200e+02
6.36500e+02
6.36600e+02
6.36800e+02
6.37500e+02
6.37800e+02
6.37900e+02
6.38000e+02
6.38100e+02
6.38300e+02
6.38500e+02
6.38700e+02
6.39000e+02
6.39100e+02
6.39200e+02
6.39300e+02
6.39500e+02
6.39700e+02
6.40000e+02
6.40100e+02
6.40400e+02
6.40700e+02
6.40800e+02
6.40900e+02
6.41300e+02
6.41400e+02
6.41700e+02
6.41900e+02
6.42200e+02
6.42400e+02
6.42500e+02
6.42700e+02
6.43000e+02
6.43100e+02
6.43400e+02
6.43600e+02
6.43700e+02
6.43800e+02
6.44000e+02
6.44100e+02
6.44200e+02
6.44400e+02
6.44500e+02
6.44700e+02
6.45000e+02
6.45100e+02
6.45200e+02
6.45300e+02
6.45500e+02
6.45800e+02
6.45900e+02
6.46000e+02
6.46200e+02
6.46500e+02
6.46800e+02
6.46900e+02
6.47300e+02
6.47600e+02
6.48000e+02
6.48300e+02
6.48600e+02
6.48700e+02
6.48800e+02
6.48900e+02
6.49000e+02
6.49100e+02
6.49400e+02
6.49600e+02
6.49700e+02
6.49800e+02
6.50000e+02
6.50100e+02
6.50300e+02
6.50500e+02
6.50800e+02
6.51100e+02
6.51300e+02
6.51600e+02
6.51900e+02
6.52100e+02
6.52200e+02
6.52400e+02
6.52500e+02
6.52700e+02
6.52800e+02
6.52900e+02
6.53000e+02
6.53100e+02
6.53400e+02
6.53600e+02
6.53900e+02
6.54000e+02
6.54100e+02
6.54200e+02
6.54500e+02
6.54600e+02
6.54800e+02
6.55100e+02
6.55400e+02
6.55600e+02
6.55900e+02
6.56100e+02
6.56200e+02
6.56400e+02
6.56600e+02
6.56700e+02
6.56800e+02
6.56900e+02
6.57000e+02
6.57100e+02
6.57200e+02
6.57300e+02
6.57400e+02
6.57500e+02
6.57700e+02
6.57900e+02
6.58000e+02
6.58100e+02
6.58400e+02
6.58700e+02
6.58800e+02
6.58900e+02
6.59000e+02
6.59200e+02
6.59500e+02
6.59800e+02
6.59900e+02
6.60000e+02
6.60200e+02
6.60500e+02
6.60700e+02
6.61000e+02
6.61100e+02
6.61200e+02
6.61300e+02
6.61500e+02
6.61700e+02
6.62000e+02
6.62100e+02
6.62400e+02
6.62700e+02
6.62800e+02
6.62900e+02
6.63300e+02
6.63600e+02
6.63900e+02
6.64100e+02
6.64200e+02
6.64400e+02
6.64500e+02
6.64700e+02
6.64800e+02
6.64900e+02
6.65000e+02
6.65100e+02
6.65400e+02
6.65600e+02
6.65900e+02
6.66000e+02
6.66200e+02
6.66500e+02
6.66600e+02
6.66800e+02
6.67100e+02
6.67400e+02
6.67600e+02
6.67900e+02
6.68100e+02
6.68200e+02
6.68400e+02
6.68600e+02
6.68700e+02
6.68800e+02
6.68900e+02
6.69000e+02
6.69100e+02
6.69400e+02
6.69600e+02
6.69700e+02
6.69800e+02
6.70000e+02
6.70100e+02
6.70200e+02
6.70400e+02
6.70500e+02
6.70800e+02
6.71100e+02
6.71200e+02
6.71400e+02
6.71600e+02
6.71900e+02
6.72400e+02
6.72600e+02
6.72700e+02
6.72900e+02
6.73000e+02
6.73200e+02
6.73400e+02
6.73700e+02
6.73800e+02
6.74000e+02
6.74200e+02
6.74400e+02
6.74600e+02
6.74900e+02
6.75100e+02
6.75200e+02
6.75300e+02
6.75400e+02
6.75500e+02
6.75700e+02
6.75900e+02
6.76000e+02
6.76100e+02
6.76400e+02
6.76700e+02
6.76800e+02
6.76900e+02
6.77000e+02
6.77200e+02
6.77500e+02
6.77800e+02
6.77900e+02
6.78000e+02
6.78200e+02
6.78500e+02
6.78700e+02
6.79000e+02
6.79100e+02
6.79200e+02
6.79300e+02
6.79500e+02
6.79700e+02
6.80000e+02
6.80100e+02
6.80400e+02
6.80700e+02
6.80800e+02
6.80900e+02
6.81300e+02
6.81400e+02
6.81700e+02
6.81900e+02
6.82100e+02
6.82300e+02
6.82500e+02
6.82700e+02
6.83000e+02
6.83100e+02
6.83200e+02
6.83300e+02
6.83500e+02
6.83800e+02
6.83900e+02
6.84000e+02
6.84100e+02
6.84400e+02
6.84700e+02
6.84800e+02
6.84900e+02
6.85100e+02
6.85400e+02
6.85700e+02
6.85900e+02
6.86000e+02
6.86100e+02
6.86400e+02
6.86600e+02
6.86900e+02
6.87200e+02
6.87300e+02
6.87500e+02
6.87800e+02
6.87900e+02
6.88000e+02
6.88100e+02
6.88400e+02
6.88700e+02
6.88900e+02
6.89000e+02
6.89200e+02
6.89500e+02
6.89700e+02
6.89900e+02
6.90000e+02
6.90100e+02
6.90200e+02
6.90400e+02
6.90600e+02
6.90900e+02
6.91000e+02
6.91100e+02
6.91200e+02
6.91300e+02
6.91500e+02
6.91800e+02
6.91900e+02
6.92000e+02
6.92100e+02
6.92400e+02
6.92500e+02
6.92700e+02
6.92800e+02
6.92900e+02
6.93000e+02
6.93200e+02
6.93600e+02
6.93900e+02
6.94000e+02
6.94100e+02
6.94200e+02
6.94500e+02
6.94700e+02
6.95600e+02
6.95700e+02
6.95800e+02
6.96000e+02
6.96200e+02
6.96400e+02
6.96500e+02
6.96800e+02
6.97100e+02
6.97400e+02
6.97700e+02
6.98000e+02
6.98100e+02
6.98200e+02
6.98400e+02
6.98600e+02
6.98800e+02
6.98900e+02
6.99000e+02
6.99100e+02
6.99200e+02
6.99300e+02
6.99600e+02
6.99800e+02
6.99900e+02
7.00000e+02
7.00100e+02
7.00300e+02
7.00400e+02
7.00600e+02
7.00800e+02
7.01100e+02
7.01400e+02
7.01700e+02
7.02000e+02
7.02200e+02
7.02300e+02
7.02500e+02
7.02700e+02
7.02800e+02
7.02900e+02
7.03000e+02
7.03100e+02
7.03300e+02
7.03600e+02
7.03800e+02
7.04000e+02
7.04100e+02
7.04400e+02
7.04600e+02
7.04700e+02
7.04800e+02
7.05400e+02
7.05700e+02
7.05900e+02
7.06000e+02
7.06200e+02
7.06400e+02
7.06600e+02
7.06900e+02
7.07300e+02
7.07600e+02
7.07800e+02
7.08000e+02
7.08100e+02
7.08400e+02
7.08600e+02
7.08700e+02
7.08800e+02
7.09100e+02
7.09300e+02
7.09600e+02
7.10000e+02
7.10200e+02
7.10400e+02
7.10600e+02
7.10700e+02
7.10800e+02
7.10900e+02
7.11000e+02
7.11100e+02
7.11400e+02
7.11600e+02
7.11700e+02
7.11800e+02
7.12000e+02
7.12200e+02
7.12400e+02
7.12500e+02
7.12700e+02
7.13000e+02
7.13100e+02
7.13200e+02
7.13300e+02
7.13500e+02
7.13800e+02
7.13900e+02
7.14000e+02
7.14300e+02
7.14600e+02
7.14700e+02
7.14800e+02
7.14900e+02
7.15000e+02
7.15100e+02
7.15400e+02
7.15600e+02
7.15700e+02
7.15800e+02
7.16000e+02
7.16100e+02
7.16400e+02
7.16600e+02
7.16800e+02
7.17400e+02
7.17700e+02
7.17900e+02
7.18400e+02
7.18600e+02
7.18800e+02
7.19400e+02
7.19700e+02
7.19900e+02
7.20100e+02
7.20200e+02
7.20400e+02
7.20500e+02
7.20700e+02
7.21000e+02
7.21100e+02
7.21200e+02
7.21300e+02
7.21500e+02
7.21800e+02
7.21900e+02
7.22000e+02
7.22200e+02
7.22500e+02
7.22800e+02
7.22900e+02
7.23300e+02
7.23500e+02
7.23800e+02
7.24000e+02
7.24200e+02
7.24500e+02
7.24800e+02
7.24900e+02
7.25100e+02
7.25400e+02
7.25700e+02
7.25900e+02
7.26000e+02
7.26100e+02
7.26400e+02
7.26600e+02
7.26700e+02
7.26800e+02
7.27100e+02
7.27300e+02
7.27500e+02
7.27800e+02
7.28000e+02
7.28300e+02
7.28600e+02
7.28700e+02
7.28800e+02
7.28900e+02
7.29000e+02
7.29100e+02
7.29400e+02
7.29600e+02
7.29700e+02
7.29800e+02
7.30000e+02
7.30200e+02
7.30400e+02
7.30600e+02
7.30800e+02
7.31100e+02
7.31300e+02
7.31600e+02
7.31900e+02
7.32100e+02
7.32200e+02
7.32400e+02
7.32500e+02
7.32700e+02
7.32800e+02
7.32900e+02
7.33000e+02
7.33100e+02
7.33400e+02
7.33600e+02
7.33900e+02
7.34200e+02
7.34500e+02
7.34600e+02
7.34800e+02
7.35100e+02
7.35400e+02
7.35600e+02
7.35900e+02
7.36400e+02
7.36700e+02
7.36800e+02
7.36900e+02
7.37000e+02
7.37200e+02
7.37500e+02
7.37800e+02
7.37900e+02
7.38000e+02
7.38200e+02
7.38500e+02
7.38700e+02
7.39000e+02
7.39100e+02
7.39200e+02
7.39300e+02
7.39500e+02
7.39700e+02
7.40000e+02
7.40100e+02
7.40400e+02
7.40700e+02
7.40800e+02
7.40900e+02
7.41300e+02
7.41600e+02
7.41900e+02
7.42100e+02
7.42200e+02
7.42400e+02
7.42500e+02
7.42700e+02
7.42800e+02
7.42900e+02
7.43000e+02
7.43100e+02
7.43400e+02
7.43600e+02
7.43900e+02
7.44000e+02
7.44100e+02
7.44300e+02
7.44400e+02
7.44600e+02
7.44800e+02
7.45100e+02
7.45400e+02
7.45600e+02
7.45900e+02
7.46100e+02
7.46200e+02
7.46400e+02
7.46600e+02
7.46700e+02
7.46800e+02
7.46900e+02
7.47000e+02
7.47100e+02
7.47200e+02
7.47500e+02
7.47700e+02
7.47800e+02
7.48000e+02
7.48100e+02
7.48200e+02
7.48400e+02
7.48500e+02
7.48800e+02
7.49100e+02
7.49200e+02
7.49400e+02
7.49600e+02
7.49900e+02
7.50100e+02
7.50200e+02
7.50400e+02
7.50600e+02
7.50800e+02
7.50900e+02
7.51000e+02
7.51100e+02
7.51200e+02
7.51600e+02
7.51800e+02
7.51900e+02
7.52000e+02
7.52200e+02
7.52400e+02
7.52500e+02
7.52900e+02
7.53100e+02
7.53300e+02
7.53500e+02
7.53700e+02
7.54000e+02
7.54200e+02
7.54400e+02
7.54500e+02
7.54700e+02
7.54800e+02
7.54900e+02
7.55000e+02
7.55100e+02
7.55400e+02
7.55600e+02
7.55700e+02
7.55800e+02
7.55900e+02
7.56000e+02
7.56200e+02
7.56400e+02
7.56500e+02
7.56900e+02
7.57100e+02
7.57300e+02
7.57600e+02
7.58000e+02
7.58100e+02
7.58200e+02
7.58300e+02
7.58700e+02
7.58800e+02
7.58900e+02
7.59000e+02
7.59100e+02
7.59400e+02
7.59600e+02
7.59700e+02
7.59800e+02
7.59900e+02
7.60000e+02
7.60100e+02
7.60300e+02
7.60500e+02
7.60800e+02
7.61000e+02
7.61200e+02
7.61400e+02
7.61600e+02
7.61900e+02
7.62100e+02
7.62200e+02
7.62500e+02
7.62700e+02
7.62900e+02
7.63000e+02
7.63100e+02
7.63300e+02
7.63600e+02
7.63800e+02
7.64000e+02
7.64100e+02
7.64300e+02
7.64500e+02
7.64800e+02
7.65000e+02
7.65200e+02
7.65600e+02
7.65700e+02
7.65900e+02
7.66100e+02
7.66200e+02
7.66500e+02
7.66800e+02
7.67000e+02
7.67100e+02
7.67200e+02
7.67300e+02
7.67500e+02
7.67700e+02
7.68000e+02
7.68100e+02
7.68300e+02
7.68500e+02
7.68700e+02
7.68800e+02
7.68900e+02
7.69300e+02
7.69400e+02
7.69600e+02
7.69700e+02
7.69900e+02
7.70000e+02
7.70200e+02
7.70400e+02
7.70500e+02
7.70800e+02
7.71100e+02
7.71200e+02
7.71300e+02
7.71500e+02
7.71700e+02
7.72000e+02
7.72100e+02
7.72300e+02
7.72500e+02
7.72800e+02
7.73000e+02
7.73200e+02
7.73600e+02
7.73800e+02
7.74000e+02
7.74200e+02
7.74400e+02
7.74500e+02
7.74900e+02
7.75100e+02
7.75300e+02
7.75600e+02
7.76000e+02
7.76200e+02
7.76300e+02
7.76700e+02
7.76800e+02
7.76900e+02
7.77000e+02
7.77100e+02
7.77200e+02
7.77300e+02
7.77500e+02
7.77700e+02
7.78000e+02
7.78100e+02
7.78300e+02
7.78500e+02
7.78800e+02
7.79000e+02
7.79200e+02
7.79600e+02
7.79800e+02
7.80000e+02
7.80100e+02
7.80200e+02
7.80500e+02
7.80700e+02
7.81100e+02
7.81200e+02
7.81300e+02
7.81400e+02
7.81500e+02
7.81700e+02
7.82100e+02
7.82400e+02
7.82500e+02
7.82800e+02
7.83000e+02
7.83200e+02
7.83400e+02
7.83600e+02
7.83900e+02
7.84100e+02
7.84200e+02
7.84400e+02
7.84500e+02
7.84700e+02
7.84800e+02
7.84900e+02
7.85000e+02
7.85100e+02
7.85400e+02
7.85600e+02
7.85700e+02
7.85800e+02
7.85900e+02
7.86000e+02
7.86100e+02
7.86300e+02
7.86400e+02
7.86500e+02
7.86900e+02
7.87100e+02
7.87300e+02
7.87600e+02
7.88000e+02
7.88100e+02
7.88200e+02
7.88300e+02
7.88700e+02
7.88800e+02
7.88900e+02
7.89000e+02
7.89100e+02
7.89400e+02
7.89600e+02
7.89700e+02
7.89800e+02
7.89900e+02
7.90000e+02
7.90100e+02
7.90300e+02
7.90500e+02
7.90800e+02
7.91000e+02
7.91200e+02
7.91400e+02
7.91600e+02
7.91900e+02
7.92100e+02
7.92200e+02
7.92400e+02
7.92600e+02
7.92700e+02
7.92900e+02
7.93000e+02
7.93100e+02
7.93300e+02
7.93600e+02
7.93800e+02
7.94000e+02
7.94100e+02
7.94300e+02
7.94500e+02
7.94800e+02
7.95000e+02
7.95200e+02
7.95400e+02
7.95600e+02
7.95900e+02
7.96300e+02
7.96700e+02
7.96800e+02
7.96900e+02
7.97000e+02
7.97100e+02
7.97300e+02
7.97400e+02
7.97600e+02
7.97700e+02
7.97900e+02
7.98000e+02
7.98100e+02
7.98200e+02
7.98400e+02
7.98600e+02
7.98800e+02
7.99100e+02
7.99300e+02
7.99400e+02
7.99600e+02
7.99800e+02
8.00100e+02
8.00200e+02
8.00500e+02
8.00700e+02
8.00800e+02
8.00900e+02
8.01000e+02
8.01100e+02
8.01400e+02
8.01600e+02
8.01700e+02
8.01800e+02
8.01900e+02
8.02000e+02
8.02300e+02
8.02500e+02
8.02700e+02
8.02900e+02
8.03100e+02
8.03200e+02
8.03300e+02
8.03500e+02
8.03800e+02
8.04500e+02
8.04700e+02
8.04800e+02
8.04900e+02
8.05000e+02
8.05100e+02
8.05400e+02
8.05600e+02
8.05700e+02
8.05800e+02
8.05900e+02
8.06000e+02
8.06100e+02
8.06200e+02
8.06500e+02
8.06800e+02
8.07100e+02
8.07300e+02
8.07600e+02
8.07900e+02
8.08300e+02
8.08500e+02
8.08700e+02
8.08800e+02
8.08900e+02
8.09000e+02
8.09100e+02
8.09200e+02
8.09300e+02
8.09400e+02
8.09600e+02
8.09900e+02
8.10000e+02
8.10100e+02
8.10200e+02
8.10500e+02
8.10800e+02
8.10900e+02
8.11300e+02
8.11600e+02
8.11800e+02
8.12000e+02
8.12100e+02
8.12300e+02
8.12500e+02
8.12700e+02
8.12900e+02
8.13400e+02
8.13600e+02
8.13700e+02
8.13800e+02
8.13900e+02
8.14000e+02
8.14200e+02
8.14500e+02
8.14800e+02
8.15100e+02
8.15300e+02
8.15600e+02
8.15900e+02
8.16300e+02
8.16500e+02
8.16700e+02
8.16800e+02
8.16900e+02
8.17000e+02
8.17100e+02
8.17200e+02
8.17400e+02
8.17600e+02
8.17700e+02
8.17800e+02
8.18000e+02
8.18100e+02
8.18300e+02
8.18500e+02
8.18700e+02
8.19000e+02
8.19100e+02
8.19200e+02
8.19300e+02
8.19400e+02
8.19600e+02
8.19900e+02
8.20000e+02
8.20100e+02
8.20200e+02
8.20500e+02
8.20800e+02
8.20900e+02
8.21300e+02
8.21600e+02
8.21800e+02
8.22000e+02
8.22100e+02
8.22200e+02
8.22500e+02
8.22800e+02
8.23100e+02
8.23300e+02
8.23600e+02
8.23900e+02
8.24300e+02
8.24500e+02
8.24700e+02
8.24800e+02
8.24900e+02
8.25000e+02
8.25100e+02
8.25200e+02
8.25300e+02
8.25400e+02
8.25600e+02
8.25900e+02
8.26000e+02
8.26100e+02
8.26200e+02
8.26500e+02
8.26800e+02
8.26900e+02
8.27300e+02
8.27600e+02
8.27800e+02
8.28000e+02
8.28100e+02
8.28300e+02
8.28500e+02
8.28800e+02
8.29100e+02
8.29300e+02
8.29600e+02
8.29900e+02
8.30300e+02
8.30500e+02
8.30700e+02
8.30800e+02
8.30900e+02
8.31000e+02
8.31100e+02
8.31200e+02
8.31400e+02
8.31600e+02
8.31700e+02
8.31800e+02
8.32000e+02
8.32200e+02
8.32500e+02
8.32800e+02
8.33100e+02
8.33300e+02
8.33600e+02
8.33900e+02
8.34000e+02
8.34100e+02
8.34200e+02
8.34400e+02
8.34600e+02
8.34700e+02
8.34800e+02
8.34900e+02
8.35000e+02
8.35100e+02
8.35400e+02
8.35600e+02
8.35800e+02
8.36000e+02
8.36100e+02
8.36200e+02
8.36500e+02
8.36800e+02
8.37100e+02
8.37300e+02
8.37400e+02
8.37600e+02
8.37900e+02
8.38300e+02
8.38600e+02
8.38900e+02
8.39000e+02
8.39100e+02
8.39200e+02
8.39400e+02
8.39600e+02
8.39800e+02
8.40000e+02
8.40200e+02
8.40400e+02
8.40600e+02
8.40900e+02
8.41200e+02
8.41400e+02
8.41600e+02
8.41900e+02
8.42300e+02
8.42500e+02
8.42700e+02
8.42900e+02
8.43000e+02
8.43100e+02
8.43200e+02
8.43500e+02
8.43700e+02
8.43800e+02
8.44000e+02
8.44100e+02
8.44300e+02
8.44500e+02
8.44900e+02
8.45200e+02
8.45500e+02
8.45800e+02
8.46000e+02
8.46100e+02
8.46200e+02
8.46400e+02
8.46600e+02
8.46900e+02
8.47000e+02
8.47100e+02
8.47200e+02
8.47500e+02
8.47600e+02
8.47900e+02
8.48000e+02
8.48100e+02
8.48200e+02
8.48500e+02
8.48600e+02
8.48800e+02
8.48900e+02
8.49200e+02
8.49500e+02
8.49800e+02
8.50100e+02
8.50200e+02
8.50400e+02
8.50600e+02
8.50800e+02
8.50900e+02
8.51000e+02
8.51100e+02
8.51200e+02
8.51500e+02
8.51700e+02
8.51900e+02
8.52000e+02
8.52200e+02
8.52400e+02
8.52600e+02
8.52700e+02
8.53500e+02
8.53600e+02
8.53800e+02
8.54000e+02
8.54100e+02
8.54200e+02
8.54500e+02
8.54800e+02
8.55000e+02
8.55100e+02
8.55200e+02
8.55300e+02
8.55400e+02
8.55500e+02
8.55700e+02
8.56200e+02
8.56400e+02
8.56500e+02
8.56600e+02
8.56700e+02
8.56900e+02
8.57300e+02
8.57400e+02
8.57600e+02
8.57800e+02
8.58000e+02
8.58100e+02
8.58200e+02
8.58500e+02
8.58600e+02
8.58900e+02
8.59000e+02
8.59100e+02
8.59200e+02
8.59300e+02
8.59400e+02
8.59500e+02
8.59700e+02
8.60000e+02
8.60200e+02
8.60400e+02
8.60500e+02
8.60600e+02
8.60700e+02
8.60800e+02
8.60900e+02
8.61200e+02
8.61500e+02
8.61800e+02
8.62000e+02
8.62200e+02
8.62400e+02
8.62600e+02
8.62900e+02
8.63000e+02
8.63100e+02
8.63200e+02
8.63500e+02
8.63600e+02
8.63900e+02
8.64100e+02
8.64200e+02
8.64500e+02
8.64600e+02
8.64800e+02
8.64900e+02
8.65200e+02
8.65500e+02
8.65800e+02
8.66100e+02
8.66200e+02
8.66400e+02
8.66600e+02
8.66800e+02
8.66900e+02
8.67000e+02
8.67100e+02
8.67200e+02
8.67300e+02
8.67400e+02
8.67500e+02
8.67700e+02
8.68200e+02
8.68400e+02
8.68500e+02
8.68600e+02
8.68700e+02
8.68900e+02
8.69300e+02
8.69400e+02
8.69600e+02
8.69800e+02
8.70000e+02
8.70200e+02
8.70500e+02
8.70600e+02
8.70900e+02
8.71000e+02
8.71100e+02
8.71200e+02
8.71300e+02
8.71400e+02
8.71500e+02
8.71700e+02
8.72000e+02
8.72100e+02
8.72300e+02
8.72500e+02
8.72600e+02
8.72700e+02
8.72800e+02
8.72900e+02
8.73100e+02
8.73400e+02
8.73600e+02
8.73800e+02
8.74000e+02
8.74100e+02
8.74200e+02
8.74500e+02
8.74900e+02
8.75100e+02
8.75200e+02
8.75500e+02
8.75800e+02
8.76000e+02
8.76100e+02
8.76300e+02
8.76500e+02
8.76700e+02
8.76800e+02
8.76900e+02
8.77100e+02
8.77400e+02
8.77600e+02
8.77800e+02
8.78000e+02
8.78100e+02
8.78200e+02
8.78500e+02
8.78800e+02
8.79000e+02
8.79100e+02
8.79200e+02
8.79300e+02
8.79500e+02
8.79800e+02
8.79900e+02
8.80000e+02
8.80100e+02
8.80300e+02
8.80500e+02
8.80600e+02
8.80800e+02
8.80900e+02
8.81100e+02
8.81400e+02
8.81600e+02
8.81800e+02
8.82000e+02
8.82200e+02
8.82500e+02
8.82800e+02
8.83100e+02
8.83200e+02
8.83300e+02
8.83500e+02
8.83900e+02
8.84000e+02
8.84100e+02
8.84200e+02
8.84300e+02
8.84600e+02
8.84900e+02
8.85000e+02
8.85100e+02
8.85200e+02
8.85300e+02
8.85500e+02
8.85900e+02
8.86000e+02
8.86100e+02
8.86200e+02
8.86500e+02
8.86600e+02
8.86800e+02
8.86900e+02
8.87300e+02
8.87700e+02
8.87900e+02
8.88000e+02
8.88200e+02
8.88500e+02
8.88600e+02
8.88900e+02
8.89100e+02
8.89200e+02
8.89300e+02
8.89500e+02
8.89700e+02
8.89900e+02
8.90000e+02
8.90400e+02
8.90600e+02
8.90700e+02
8.90900e+02
8.91300e+02
8.91600e+02
8.91800e+02
8.91900e+02
8.92300e+02
8.92500e+02
8.92700e+02
8.93000e+02
8.93100e+02
8.93200e+02
8.93300e+02
8.93400e+02
8.93600e+02
8.93900e+02
8.94000e+02
8.94100e+02
8.94200e+02
8.94500e+02
8.94800e+02
8.94900e+02
8.95300e+02
8.95600e+02
8.95800e+02
8.96000e+02
8.96100e+02
8.96300e+02
8.96500e+02
8.96800e+02
8.97600e+02
8.97800e+02
8.98000e+02
8.98300e+02
8.98500e+02
8.98700e+02
8.98900e+02
8.99100e+02
8.99200e+02
8.99300e+02
8.99500e+02
8.99800e+02
9.00200e+02
9.00300e+02
9.00500e+02
9.00700e+02
9.00900e+02
9.01000e+02
9.01200e+02
9.01400e+02
9.01700e+02
9.01900e+02
9.02000e+02
9.02200e+02
9.02400e+02
9.02500e+02
9.02800e+02
9.03000e+02
9.03100e+02
9.03200e+02
9.03300e+02
9.03500e+02
9.03700e+02
9.04000e+02
9.04100e+02
9.04200e+02
9.04400e+02
9.04700e+02
9.04900e+02
9.05300e+02
9.05500e+02
9.05600e+02
9.05700e+02
9.05900e+02
9.06100e+02
9.06200e+02
9.06500e+02
9.06800e+02
9.07000e+02
9.07100e+02
9.07300e+02
9.07600e+02
9.07800e+02
9.08000e+02
9.08100e+02
9.08200e+02
9.08400e+02
9.08600e+02
9.08800e+02
9.09000e+02
9.09200e+02
9.09400e+02
9.09600e+02
9.09900e+02
9.10300e+02
9.10700e+02
9.10800e+02
9.10900e+02
9.11000e+02
9.11100e+02
9.11200e+02
9.11300e+02
9.11500e+02
9.11700e+02
9.12000e+02
9.12100e+02
9.12200e+02
9.12400e+02
9.12700e+02
9.12900e+02
9.13300e+02
9.13500e+02
9.13600e+02
9.13700e+02
9.13900e+02
9.14000e+02
9.14100e+02
9.14200e+02
9.14500e+02
9.14800e+02
9.15000e+02
9.15100e+02
9.15200e+02
9.15300e+02
9.15500e+02
9.15700e+02
9.16000e+02
9.16100e+02
9.16300e+02
9.16500e+02
9.16700e+02
9.16800e+02
9.16900e+02
9.17300e+02
9.17400e+02
9.17600e+02
9.17700e+02
9.17900e+02
9.18000e+02
9.18200e+02
9.18400e+02
9.18500e+02
9.18800e+02
9.19100e+02
9.19200e+02
9.19300e+02
9.19500e+02
9.19700e+02
9.20000e+02
9.20100e+02
9.20200e+02
9.20300e+02
9.20700e+02
9.20800e+02
9.20900e+02
9.21000e+02
9.21100e+02
9.21400e+02
9.21600e+02
9.21700e+02
9.21800e+02
9.21900e+02
9.22000e+02
9.22100e+02
9.22200e+02
9.22500e+02
9.22800e+02
9.23000e+02
9.23200e+02
9.23400e+02
9.23600e+02
9.23900e+02
9.24100e+02
9.24200e+02
9.24400e+02
9.24600e+02
9.24700e+02
9.24900e+02
9.25000e+02
9.25100e+02
9.25300e+02
9.25600e+02
9.25800e+02
9.26000e+02
9.26100e+02
9.26200e+02
9.26400e+02
9.26600e+02
9.26800e+02
9.27000e+02
9.27200e+02
9.27400e+02
9.27600e+02
9.27900e+02
9.28300e+02
9.28700e+02
9.28800e+02
9.28900e+02
9.29000e+02
9.29100e+02
9.29300e+02
9.29400e+02
9.29600e+02
9.29700e+02
9.29900e+02
9.30000e+02
9.30200e+02
9.30400e+02
9.30600e+02
9.30800e+02
9.31100e+02
9.31300e+02
9.31400e+02
9.31600e+02
9.31800e+02
9.32100e+02
9.32200e+02
9.32500e+02
9.32700e+02
9.32800e+02
9.32900e+02
9.33000e+02
9.33100e+02
9.33400e+02
9.33600e+02
9.33700e+02
9.33800e+02
9.33900e+02
9.34000e+02
9.34200e+02
9.34500e+02
9.34800e+02
9.35100e+02
9.35300e+02
9.35600e+02
9.35900e+02
9.36300e+02
9.36500e+02
9.36700e+02
9.36800e+02
9.36900e+02
9.37000e+02
9.37100e+02
9.37200e+02
9.37400e+02
9.37600e+02
9.37700e+02
9.37800e+02
9.37900e+02
9.38000e+02
9.38200e+02
9.38500e+02
9.38800e+02
9.39100e+02
9.39300e+02
9.39600e+02
9.39900e+02
9.40000e+02
9.40400e+02
9.40600e+02
9.40700e+02
9.40800e+02
9.40900e+02
9.41000e+02
9.41100e+02
9.41200e+02
9.41300e+02
9.41500e+02
9.41700e+02
9.41900e+02
9.42000e+02
9.42100e+02
9.42300e+02
9.42500e+02
9.42600e+02
9.42700e+02
9.42900e+02
9.43300e+02
9.43600e+02
9.43800e+02
9.43900e+02
9.44100e+02
9.44300e+02
9.44500e+02
9.44700e+02
9.45000e+02
9.45100e+02
9.45200e+02
9.45400e+02
9.45600e+02
9.45700e+02
9.45800e+02
9.45900e+02
9.46000e+02
9.46200e+02
9.46400e+02
9.46600e+02
9.46800e+02
9.47100e+02
9.47400e+02
9.47500e+02
9.47800e+02
9.47900e+02
9.48000e+02
9.48400e+02
9.48600e+02
9.48700e+02
9.48900e+02
9.49000e+02
9.49100e+02
9.49400e+02
9.49600e+02
9.49800e+02
9.50000e+02
9.50100e+02
9.50200e+02
9.50500e+02
9.50600e+02
9.50900e+02
9.51100e+02
9.51200e+02
9.51300e+02
9.51500e+02
9.51700e+02
9.51900e+02
9.52000e+02
9.52100e+02
9.52300e+02
9.52500e+02
9.52600e+02
9.52700e+02
9.52900e+02
9.53300e+02
9.53600e+02
9.53800e+02
9.53900e+02
9.54200e+02
9.54400e+02
9.54500e+02
9.54700e+02
9.54900e+02
9.55000e+02
9.55100e+02
9.55200e+02
9.55300e+02
9.55400e+02
9.55600e+02
9.55900e+02
9.56000e+02
9.56100e+02
9.56200e+02
9.56500e+02
9.56800e+02
9.57000e+02
9.57200e+02
9.57600e+02
9.57800e+02
9.58000e+02
9.58300e+02
9.58500e+02
9.58700e+02
9.58900e+02
9.59100e+02
9.59200e+02
9.59300e+02
9.59500e+02
9.59800e+02
9.60200e+02
9.60300e+02
9.60500e+02
9.60700e+02
9.60900e+02
9.61000e+02
9.61200e+02
9.61400e+02
9.61700e+02
9.61900e+02
9.62000e+02
9.62100e+02
9.62200e+02
9.62400e+02
9.62500e+02
9.62800e+02
9.63000e+02
9.63100e+02
9.63300e+02
9.63400e+02
9.63600e+02
9.63700e+02
9.63900e+02
9.64000e+02
9.64200e+02
9.64400e+02
9.64600e+02
9.64800e+02
9.65400e+02
9.65700e+02
9.65900e+02
9.66000e+02
9.66100e+02
9.66300e+02
9.66500e+02
9.66800e+02
9.67000e+02
9.67100e+02
9.67300e+02
9.67400e+02
9.67600e+02
9.67700e+02
9.67900e+02
9.68000e+02
9.68100e+02
9.68200e+02
9.68400e+02
9.68600e+02
9.68800e+02
9.69100e+02
9.69300e+02
9.69400e+02
9.69600e+02
9.69800e+02
9.70100e+02
9.70200e+02
9.70500e+02
9.70700e+02
9.70800e+02
9.70900e+02
9.71000e+02
9.71100e+02
9.71400e+02
9.71600e+02
9.71700e+02
9.71800e+02
9.71900e+02
9.72000e+02
9.72100e+02
9.72300e+02
9.72500e+02
9.72800e+02
9.73100e+02
9.73300e+02
9.73600e+02
9.73900e+02
9.74300e+02
9.74600e+02
9.74800e+02
9.74900e+02
9.75000e+02
9.75100e+02
9.75200e+02
9.75300e+02
9.75400e+02
9.75600e+02
9.75900e+02
9.76000e+02
9.76100e+02
9.76200e+02
9.76500e+02
9.76800e+02
9.77000e+02
9.77200e+02
9.77600e+02
9.77800e+02
9.78000e+02
9.78300e+02
9.78500e+02
9.78700e+02
9.78900e+02
9.79100e+02
9.79200e+02
9.79300e+02
9.79500e+02
9.79800e+02
9.80200e+02
9.80300e+02
9.80500e+02
9.80700e+02
9.80900e+02
9.81000e+02
9.81200e+02
9.81400e+02
9.81700e+02
9.81900e+02
9.82000e+02
9.82100e+02
9.82300e+02
9.82500e+02
9.82800e+02
9.83000e+02
9.83100e+02
9.83300e+02
9.83400e+02
9.83600e+02
9.83700e+02
9.83900e+02
9.84000e+02
9.84200e+02
9.84400e+02
9.84600e+02
9.84800e+02
9.85100e+02
9.85300e+02
9.85400e+02
9.85600e+02
9.85800e+02
9.86100e+02
9.86200e+02
9.86500e+02
9.86700e+02
9.86800e+02
9.86900e+02
9.87000e+02
9.87100e+02
9.87400e+02
9.87600e+02
9.87700e+02
9.87800e+02
9.87900e+02
9.88000e+02
9.88100e+02
9.88200e+02
9.88500e+02
9.88800e+02
9.89100e+02
9.89300e+02
9.89600e+02
9.89900e+02
9.90300e+02
9.90600e+02
9.90800e+02
9.90900e+02
9.91000e+02
9.91100e+02
9.91200e+02
9.91400e+02
9.91600e+02
9.91700e+02
9.91800e+02
9.91900e+02
9.92000e+02
9.92200e+02
9.92500e+02
9.92800e+02
9.93100e+02
9.93300e+02
9.93600e+02
9.93900e+02
9.94000e+02
9.94100e+02
9.94200e+02
9.94400e+02
9.94600e+02
9.94700e+02
9.94800e+02
9.94900e+02
9.95000e+02
9.95100e+02
9.95400e+02
9.95600e+02
9.95800e+02
9.96000e+02
9.96100e+02
9.96300e+02
9.96400e+02
9.96500e+02
9.96800e+02
9.97100e+02
9.97300e+02
9.97400e+02
9.97600e+02
9.97900e+02
9.98300e+02
9.98600e+02
9.98900e+02
9.99000e+02
9.99100e+02
9.99200e+02
9.99400e+02
9.99600e+02
9.99800e+02
1.00000e+03
1.00010e+03
1.00020e+03
1.00050e+03
1.00080e+03
1.00110e+03
1.00120e+03
1.00130e+03
1.00150e+03
1.00190e+03
1.00200e+03
1.00210e+03
1.00220e+03
1.00250e+03
1.00260e+03
1.00280e+03
1.00290e+03
1.00330e+03
1.00340e+03
1.00370e+03
1.00400e+03
1.00410e+03
1.00420e+03
1.00450e+03
1.00460e+03
1.00480e+03
1.00490e+03
1.00530e+03
1.00560e+03
1.00570e+03
1.00590e+03
1.00600e+03
1.00610e+03
1.00630e+03
1.00640e+03
1.00650e+03
1.00680e+03
1.00710e+03
1.00730e+03
1.00740e+03
1.00760e+03
1.00790e+03
1.00830e+03
1.00860e+03
1.00890e+03
1.00900e+03
1.00910e+03
1.00920e+03
1.00930e+03
1.00950e+03
1.00990e+03
1.01000e+03
1.01020e+03
1.01050e+03
1.01060e+03
1.01080e+03
1.01090e+03
1.01130e+03
1.01160e+03
1.01170e+03
1.01190e+03
1.01200e+03
1.01210e+03
1.01220e+03
1.01250e+03
1.01260e+03
1.01290e+03
1.01340e+03
1.01360e+03
1.01380e+03
1.01400e+03
1.01410e+03
1.01420e+03
1.01450e+03
1.01460e+03
1.01490e+03
1.01510e+03
1.01520e+03
1.01530e+03
1.01550e+03
1.01570e+03
1.01590e+03
1.01600e+03
1.01610e+03
1.01630e+03
1.01650e+03
1.01660e+03
1.01670e+03
1.01690e+03
1.01730e+03
1.01760e+03
1.01790e+03
1.01800e+03
1.01810e+03
1.01820e+03
1.01840e+03
1.01860e+03
1.01870e+03
1.01880e+03
1.01890e+03
1.01900e+03
1.01910e+03
1.01920e+03
1.01930e+03
1.01950e+03
1.01970e+03
1.01990e+03
1.02000e+03
1.02010e+03
1.02030e+03
1.02050e+03
1.02060e+03
1.02070e+03
1.02090e+03
1.02130e+03
1.02170e+03
1.02190e+03
1.02220e+03
1.02250e+03
1.02280e+03
1.02310e+03
1.02330e+03
1.02360e+03
1.02390e+03
1.02400e+03
1.02410e+03
1.02420e+03
1.02440e+03
1.02460e+03
1.02470e+03
1.02480e+03
1.02490e+03
1.02500e+03
1.02510e+03
1.02530e+03
1.02550e+03
1.02560e+03
1.02580e+03
1.02600e+03
1.02610e+03
1.02630e+03
1.02640e+03
1.02650e+03
1.02680e+03
1.02710e+03
1.02730e+03
1.02740e+03
1.02760e+03
1.02800e+03
1.02810e+03
1.02820e+03
1.02830e+03
1.02860e+03
1.02890e+03
1.02900e+03
1.02910e+03
1.02920e+03
1.02940e+03
1.02960e+03
1.02980e+03
1.03000e+03
1.03010e+03
1.03020e+03
1.03040e+03
1.03060e+03
1.03090e+03
1.03120e+03
1.03140e+03
1.03160e+03
1.03190e+03
1.03230e+03
1.03250e+03
1.03270e+03
1.03290e+03
1.03300e+03
1.03310e+03
1.03320e+03
1.03330e+03
1.03350e+03
1.03380e+03
1.03390e+03
1.03400e+03
1.03410e+03
1.03430e+03
1.03450e+03
1.03460e+03
1.03480e+03
1.03490e+03
1.03520e+03
1.03540e+03
1.03560e+03
1.03590e+03
1.03630e+03
1.03650e+03
1.03670e+03
1.03690e+03
1.03700e+03
1.03710e+03
1.03720e+03
1.03730e+03
1.03750e+03
1.03780e+03
1.03790e+03
1.03800e+03
1.03810e+03
1.03830e+03
1.03850e+03
1.03860e+03
1.03880e+03
1.03890e+03
1.03910e+03
1.03940e+03
1.03960e+03
1.03980e+03
1.04000e+03
1.04010e+03
1.04040e+03
1.04060e+03
1.04090e+03
1.04120e+03
1.04140e+03
1.04160e+03
1.04190e+03
1.04230e+03
1.04250e+03
1.04270e+03
1.04290e+03
1.04300e+03
1.04310e+03
1.04320e+03
1.04350e+03
1.04370e+03
1.04380e+03
1.04400e+03
1.04410e+03
1.04430e+03
1.04450e+03
1.04490e+03
1.04510e+03
1.04520e+03
1.04550e+03
1.04580e+03
1.04600e+03
1.04610e+03
1.04620e+03
1.04640e+03
1.04660e+03
1.04690e+03
1.04700e+03
1.04710e+03
1.04720e+03
1.04750e+03
1.04760e+03
1.04790e+03
1.04810e+03
1.04820e+03
1.04850e+03
1.04880e+03
1.04890e+03
1.04920e+03
1.04950e+03
1.04980e+03
1.05010e+03
1.05020e+03
1.05040e+03
1.05060e+03
1.05080e+03
1.05090e+03
1.05100e+03
1.05110e+03
1.05120e+03
1.05150e+03
1.05170e+03
1.05190e+03
1.05200e+03
1.05210e+03
1.05240e+03
1.05260e+03
1.05270e+03
1.05300e+03
1.05320e+03
1.05330e+03
1.05350e+03
1.05380e+03
1.05400e+03
1.05410e+03
1.05420e+03
1.05440e+03
1.05460e+03
1.05490e+03
1.05500e+03
1.05510e+03
1.05520e+03
1.05530e+03
1.05560e+03
1.05580e+03
1.05590e+03
1.05610e+03
1.05620e+03
1.05640e+03
1.05660e+03
1.05680e+03
1.05700e+03
1.05720e+03
1.05730e+03
1.05750e+03
1.05770e+03
1.05800e+03
1.05810e+03
1.05830e+03
1.05840e+03
1.05870e+03
1.05890e+03
1.05900e+03
1.05920e+03
1.05930e+03
1.05950e+03
1.05970e+03
1.06000e+03
1.06010e+03
1.06030e+03
1.06040e+03
1.06070e+03
1.06090e+03
1.06100e+03
1.06120e+03
1.06160e+03
1.06180e+03
1.06200e+03
1.06210e+03
1.06230e+03
1.06250e+03
1.06280e+03
1.06290e+03
1.06300e+03
1.06310e+03
1.06320e+03
1.06330e+03
1.06360e+03
1.06380e+03
1.06390e+03
1.06400e+03
1.06420e+03
1.06440e+03
1.06460e+03
1.06480e+03
1.06500e+03
1.06520e+03
1.06530e+03
1.06550e+03
1.06570e+03
1.06600e+03
1.06610e+03
1.06620e+03
1.06640e+03
1.06660e+03
1.06690e+03
1.06700e+03
1.06710e+03
1.06720e+03
1.06750e+03
1.06770e+03
1.06800e+03
1.06820e+03
1.06850e+03
1.06880e+03
1.06900e+03
1.06920e+03
1.06930e+03
1.06960e+03
1.06970e+03
1.07000e+03
1.07020e+03
1.07040e+03
1.07060e+03
1.07080e+03
1.07090e+03
1.07100e+03
1.07110e+03
1.07120e+03
1.07140e+03
1.07160e+03
1.07180e+03
1.07190e+03
1.07200e+03
1.07210e+03
1.07220e+03
1.07250e+03
1.07280e+03
1.07300e+03
1.07320e+03
1.07340e+03
1.07350e+03
1.07380e+03
1.07390e+03
1.07410e+03
1.07420e+03
1.07440e+03
1.07460e+03
1.07490e+03
1.07500e+03
1.07510e+03
1.07520e+03
1.07550e+03
1.07570e+03
1.07590e+03
1.07620e+03
1.07650e+03
1.07670e+03
1.07700e+03
1.07720e+03
1.07750e+03
1.07760e+03
1.07790e+03
1.07830e+03
1.07850e+03
1.07860e+03
1.07880e+03
1.07890e+03
1.07910e+03
1.07920e+03
1.07950e+03
1.07960e+03
1.07990e+03
1.08000e+03
1.08010e+03
1.08030e+03
1.08060e+03
1.08080e+03
1.08100e+03
1.08120e+03
1.08150e+03
1.08160e+03
1.08190e+03
1.08210e+03
1.08220e+03
1.08230e+03
1.08260e+03
1.08280e+03
1.08290e+03
1.08300e+03
1.08310e+03
1.08320e+03
1.08330e+03
1.08340e+03
1.08360e+03
1.08390e+03
1.08400e+03
1.08420e+03
1.08440e+03
1.08460e+03
1.08470e+03
1.08490e+03
1.08510e+03
1.08520e+03
1.08550e+03
1.08560e+03
1.08590e+03
1.08600e+03
1.08610e+03
1.08630e+03
1.08660e+03
1.08690e+03
1.08700e+03
1.08710e+03
1.08720e+03
1.08730e+03
1.08740e+03
1.08760e+03
1.08780e+03
1.08790e+03
1.08800e+03
1.08810e+03
1.08830e+03
1.08850e+03
1.08860e+03
1.08890e+03
1.08900e+03
1.08920e+03
1.08950e+03
1.08980e+03
1.08990e+03
1.09000e+03
1.09010e+03
1.09020e+03
1.09050e+03
1.09060e+03
1.09090e+03
1.09100e+03
1.09110e+03
1.09120e+03
1.09130e+03
1.09140e+03
1.09150e+03
1.09160e+03
1.09190e+03
1.09200e+03
1.09210e+03
1.09230e+03
1.09250e+03
1.09280e+03
1.09290e+03
1.09310e+03
1.09350e+03
1.09370e+03
1.09380e+03
1.09400e+03
1.09430e+03
1.09460e+03
1.09490e+03
1.09500e+03
1.09510e+03
1.09520e+03
1.09540e+03
1.09550e+03
1.09570e+03
1.09600e+03
1.09610e+03
1.09620e+03
1.09650e+03
1.09680e+03
1.09700e+03
1.09720e+03
1.09730e+03
1.09760e+03
1.09770e+03
1.09800e+03
1.09820e+03
1.09840e+03
1.09860e+03
1.09880e+03
1.09890e+03
1.09900e+03
1.09910e+03
1.09920e+03
1.09940e+03
1.09960e+03
1.09980e+03
1.09990e+03
1.10020e+03
1.10050e+03
1.10080e+03
1.10100e+03
1.10120e+03
1.10140e+03
1.10150e+03
1.10180e+03
1.10190e+03
1.10210e+03
1.10220e+03
1.10240e+03
1.10260e+03
1.10290e+03
1.10300e+03
1.10310e+03
1.10320e+03
1.10330e+03
1.10340e+03
1.10360e+03
1.10380e+03
1.10390e+03
1.10400e+03
1.10410e+03
1.10430e+03
1.10450e+03
1.10460e+03
1.10490e+03
1.10500e+03
1.10520e+03
1.10550e+03
1.10580e+03
1.10590e+03
1.10600e+03
1.10620e+03
1.10650e+03
1.10680e+03
1.10700e+03
1.10720e+03
1.10740e+03
1.10770e+03
1.10790e+03
1.10810e+03
1.10820e+03
1.10840e+03
1.10860e+03
1.10890e+03
1.10900e+03
1.10910e+03
1.10920e+03
1.10950e+03
1.10970e+03
1.10990e+03
1.11010e+03
1.11030e+03
1.11060e+03
1.11080e+03
1.11100e+03
1.11120e+03
1.11150e+03
1.11160e+03
1.11190e+03
1.11210e+03
1.11220e+03
1.11230e+03
1.11260e+03
1.11280e+03
1.11290e+03
1.11300e+03
1.11310e+03
1.11330e+03
1.11350e+03
1.11370e+03
1.11400e+03
1.11420e+03
1.11440e+03
1.11460e+03
1.11480e+03
1.11500e+03
1.11520e+03
1.11540e+03
1.11560e+03
1.11590e+03
1.11610e+03
1.11620e+03
1.11640e+03
1.11660e+03
1.11680e+03
1.11690e+03
1.11700e+03
1.11710e+03
1.11720e+03
1.11730e+03
1.11760e+03
1.11780e+03
1.11800e+03
1.11810e+03
1.11830e+03
1.11850e+03
1.11870e+03
1.11900e+03
1.11910e+03
1.11930e+03
1.11960e+03
1.12000e+03
1.12010e+03
1.12020e+03
1.12040e+03
1.12060e+03
1.12080e+03
1.12090e+03
1.12100e+03
1.12110e+03
1.12120e+03
1.12130e+03
1.12160e+03
1.12180e+03
1.12190e+03
1.12200e+03
1.12210e+03
1.12230e+03
1.12250e+03
1.12280e+03
1.12360e+03
1.12380e+03
1.12400e+03
1.12410e+03
1.12430e+03
1.12450e+03
1.12480e+03
1.12510e+03
1.12530e+03
1.12540e+03
1.12560e+03
1.12600e+03
1.12610e+03
1.12620e+03
1.12640e+03
1.12660e+03
1.12680e+03
1.12690e+03
1.12700e+03
1.12710e+03
1.12720e+03
1.12730e+03
1.12750e+03
1.12770e+03
1.12790e+03
1.12800e+03
1.12810e+03
1.12830e+03
1.12840e+03
1.12850e+03
1.12880e+03
1.12890e+03
1.12900e+03
1.12920e+03
1.12960e+03
1.12980e+03
1.13000e+03
1.13010e+03
1.13030e+03
1.13050e+03
1.13070e+03
1.13100e+03
1.13110e+03
1.13120e+03
1.13130e+03
1.13160e+03
1.13180e+03
1.13190e+03
1.13200e+03
1.13220e+03
1.13240e+03
1.13250e+03
1.13280e+03
1.13310e+03
1.13330e+03
1.13340e+03
1.13360e+03
1.13400e+03
1.13410e+03
1.13420e+03
1.13440e+03
1.13460e+03
1.13480e+03
1.13490e+03
1.13500e+03
1.13510e+03
1.13540e+03
1.13550e+03
1.13570e+03
1.13590e+03
1.13600e+03
1.13620e+03
1.13640e+03
1.13650e+03
1.13680e+03
1.13700e+03
1.13720e+03
1.13750e+03
1.13780e+03
1.13810e+03
1.13820e+03
1.13830e+03
1.13850e+03
1.13870e+03
1.13890e+03
1.13900e+03
1.13910e+03
1.13940e+03
1.13950e+03
1.13970e+03
1.13980e+03
1.14000e+03
1.14020e+03
1.14050e+03
1.14080e+03
1.14100e+03
1.14120e+03
1.14150e+03
1.14180e+03
1.14240e+03
1.14260e+03
1.14270e+03
1.14280e+03
1.14290e+03
1.14300e+03
1.14310e+03
1.14330e+03
1.14360e+03
1.14370e+03
1.14390e+03
1.14400e+03
1.14420e+03
1.14440e+03
1.14460e+03
1.14480e+03
1.14530e+03
1.14560e+03
1.14570e+03
1.14590e+03
1.14600e+03
1.14620e+03
1.14650e+03
1.14660e+03
1.14680e+03
1.14710e+03
1.14730e+03
1.14750e+03
1.14770e+03
1.14780e+03
1.14840e+03
1.14860e+03
1.14870e+03
1.14880e+03
1.14890e+03
1.14900e+03
1.14910e+03
1.14940e+03
1.14960e+03
1.14970e+03
1.15000e+03
1.15020e+03
1.15040e+03
1.15050e+03
1.15070e+03
1.15100e+03
1.15120e+03
1.15160e+03
1.15180e+03
1.15190e+03
1.15200e+03
1.15220e+03
1.15240e+03
1.15250e+03
1.15270e+03
1.15300e+03
1.15320e+03
1.15340e+03
1.15350e+03
1.15370e+03
1.15400e+03
1.15420e+03
1.15440e+03
1.15460e+03
1.15480e+03
1.15490e+03
1.15500e+03
1.15510e+03
1.15530e+03
1.15560e+03
1.15570e+03
1.15590e+03
1.15600e+03
1.15620e+03
1.15630e+03
1.15640e+03
1.15660e+03
1.15680e+03
1.15710e+03
1.15730e+03
1.15740e+03
1.15770e+03
1.15800e+03
1.15810e+03
1.15820e+03
1.15850e+03
1.15870e+03
1.15890e+03
1.15900e+03
1.15910e+03
1.15930e+03
1.15950e+03
1.15970e+03
1.15990e+03
1.16020e+03
1.16050e+03
1.16070e+03
1.16100e+03
1.16120e+03
1.16140e+03
1.16160e+03
1.16190e+03
1.16230e+03
1.16250e+03
1.16260e+03
1.16270e+03
1.16290e+03
1.16300e+03
1.16320e+03
1.16340e+03
1.16360e+03
1.16390e+03
1.16430e+03
1.16440e+03
1.16460e+03
1.16480e+03
1.16490e+03
1.16500e+03
1.16510e+03
1.16520e+03
1.16540e+03
1.16570e+03
1.16600e+03
1.16620e+03
1.16640e+03
1.16660e+03
1.16680e+03
1.16710e+03
1.16730e+03
1.16760e+03
1.16790e+03
1.16830e+03
1.16860e+03
1.16880e+03
1.16890e+03
1.16900e+03
1.16910e+03
1.16920e+03
1.16950e+03
1.16970e+03
1.16990e+03
1.17000e+03
1.17030e+03
1.17040e+03
1.17050e+03
1.17080e+03
1.17110e+03
1.17140e+03
1.17170e+03
1.17180e+03
1.17240e+03
1.17260e+03
1.17270e+03
1.17300e+03
1.17320e+03
1.17340e+03
1.17370e+03
1.17380e+03
1.17440e+03
1.17460e+03
1.17470e+03
1.17500e+03
1.17520e+03
1.17560e+03
1.17580e+03
1.17590e+03
1.17630e+03
1.17640e+03
1.17650e+03
1.17680e+03
1.17710e+03
1.17740e+03
1.17760e+03
1.17770e+03
1.17780e+03
1.17810e+03
1.17820e+03
1.17840e+03
1.17860e+03
1.17870e+03
1.17890e+03
1.17900e+03
1.17910e+03
1.17920e+03
1.17940e+03
1.17960e+03
1.17980e+03
1.18000e+03
1.18010e+03
1.18030e+03
1.18040e+03
1.18050e+03
1.18080e+03
1.18110e+03
1.18130e+03
1.18140e+03
1.18170e+03
1.18220e+03
1.18240e+03
1.18260e+03
1.18280e+03
1.18290e+03
1.18300e+03
1.18310e+03
1.18320e+03
1.18340e+03
1.18350e+03
1.18370e+03
1.18380e+03
1.18400e+03
1.18420e+03
1.18440e+03
1.18460e+03
1.18470e+03
1.18490e+03
1.18500e+03
1.18520e+03
1.18550e+03
1.18580e+03
1.18590e+03
1.18600e+03
1.18630e+03
1.18660e+03
1.18680e+03
1.18690e+03
1.18700e+03
1.18710e+03
1.18720e+03
1.18750e+03
1.18770e+03
1.18780e+03
1.18800e+03
1.18820e+03
1.18850e+03
1.18880e+03
1.18910e+03
1.18930e+03
1.18950e+03
1.18980e+03
1.18990e+03
1.19000e+03
1.19010e+03
1.19020e+03
1.19030e+03
1.19060e+03
1.19080e+03
1.19090e+03
1.19100e+03
1.19110e+03
1.19120e+03
1.19130e+03
1.19160e+03
1.19180e+03
1.19200e+03
1.19220e+03
1.19240e+03
1.19250e+03
1.19280e+03
1.19300e+03
1.19320e+03
1.19330e+03
1.19350e+03
1.19380e+03
1.19400e+03
1.19410e+03
1.19420e+03
1.19440e+03
1.19460e+03
1.19470e+03
1.19490e+03
1.19500e+03
1.19510e+03
1.19520e+03
1.19540e+03
1.19570e+03
1.19590e+03
1.19620e+03
1.19630e+03
1.19650e+03
1.19680e+03
1.19710e+03
1.19730e+03
1.19740e+03
1.19750e+03
1.19780e+03
1.19820e+03
1.19840e+03
1.19870e+03
1.19890e+03
1.19900e+03
1.19910e+03
1.19920e+03
1.19940e+03
1.19960e+03
1.19980e+03
1.19990e+03
1.20020e+03
1.20050e+03
1.20090e+03
1.20120e+03
1.20150e+03
1.20160e+03
1.20190e+03
1.20200e+03
1.20210e+03
1.20220e+03
1.20240e+03
1.20270e+03
1.20290e+03
1.20300e+03
1.20310e+03
1.20320e+03
1.20340e+03
1.20360e+03
1.20370e+03
1.20390e+03
1.20400e+03
1.20420e+03
1.20450e+03
1.20480e+03
1.20500e+03
1.20510e+03
1.20530e+03
1.20550e+03
1.20580e+03
1.20590e+03
1.20610e+03
1.20620e+03
1.20640e+03
1.20650e+03
1.20670e+03
1.20690e+03
1.20700e+03
1.20710e+03
1.20720e+03
1.20740e+03
1.20770e+03
1.20780e+03
1.20800e+03
1.20820e+03
1.20840e+03
1.20860e+03
1.20880e+03
1.20900e+03
1.20920e+03
1.20950e+03
1.20980e+03
1.21020e+03
1.21040e+03
1.21070e+03
1.21090e+03
1.21100e+03
1.21110e+03
1.21140e+03
1.21170e+03
1.21180e+03
1.21190e+03
1.21200e+03
1.21220e+03
1.21240e+03
1.21260e+03
1.21280e+03
1.21300e+03
1.21320e+03
1.21340e+03
1.21360e+03
1.21400e+03
1.21430e+03
1.21440e+03
1.21470e+03
1.21480e+03
1.21490e+03
1.21500e+03
1.21510e+03
1.21520e+03
1.21530e+03
1.21550e+03
1.21570e+03
1.21580e+03
1.21590e+03
1.21600e+03
1.21610e+03
1.21620e+03
1.21640e+03
1.21670e+03
1.21680e+03
1.21690e+03
1.21700e+03
1.21710e+03
1.21740e+03
1.21750e+03
1.21770e+03
1.21790e+03
1.21820e+03
1.21840e+03
1.21860e+03
1.21880e+03
1.21900e+03
1.21920e+03
1.21950e+03
1.21960e+03
1.21990e+03
1.22010e+03
1.22020e+03
1.22040e+03
1.22070e+03
1.22090e+03
1.22100e+03
1.22110e+03
1.22140e+03
1.22170e+03
1.22190e+03
1.22200e+03
1.22220e+03
1.22240e+03
1.22250e+03
1.22270e+03
1.22310e+03
1.22330e+03
1.22350e+03
1.22370e+03
1.22400e+03
1.22410e+03
1.22420e+03
1.22430e+03
1.22460e+03
1.22480e+03
1.22490e+03
1.22500e+03
1.22510e+03
1.22540e+03
1.22560e+03
1.22590e+03
1.22600e+03
1.22610e+03
1.22630e+03
1.22650e+03
1.22680e+03
1.22700e+03
1.22720e+03
1.22740e+03
1.22760e+03
1.22790e+03
1.22820e+03
1.22840e+03
1.22860e+03
1.22880e+03
1.22890e+03
1.22900e+03
1.22910e+03
1.22930e+03
1.22960e+03
1.22970e+03
1.22990e+03
1.23020e+03
1.23050e+03
1.23080e+03
1.23100e+03
1.23120e+03
1.23130e+03
1.23140e+03
1.23170e+03
1.23200e+03
1.23210e+03
1.23220e+03
1.23230e+03
1.23270e+03
1.23290e+03
1.23300e+03
1.23310e+03
1.23330e+03
1.23360e+03
1.23370e+03
1.23380e+03
1.23400e+03
1.23420e+03
1.23440e+03
1.23450e+03
1.23490e+03
1.23520e+03
1.23550e+03
1.23570e+03
1.23590e+03
1.23620e+03
1.23630e+03
1.23660e+03
1.23680e+03
1.23690e+03
1.23700e+03
1.23710e+03
1.23740e+03
1.23750e+03
1.23770e+03
1.23790e+03
1.23800e+03
1.23820e+03
1.23840e+03
1.23860e+03
1.23880e+03
1.23900e+03
1.23920e+03
1.23950e+03
1.23980e+03
1.24000e+03
1.24020e+03
1.24040e+03
1.24060e+03
1.24080e+03
1.24100e+03
1.24120e+03
1.24140e+03
1.24160e+03
1.24190e+03
1.24210e+03
1.24220e+03
1.24240e+03
1.24270e+03
1.24290e+03
1.24300e+03
1.24310e+03
1.24320e+03
1.24340e+03
1.24370e+03
1.24390e+03
1.24400e+03
1.24420e+03
1.24440e+03
1.24470e+03
1.24500e+03
1.24510e+03
1.24520e+03
1.24530e+03
1.24550e+03
1.24570e+03
1.24600e+03
1.24610e+03
1.24620e+03
1.24640e+03
1.24670e+03
1.24690e+03
1.24700e+03
1.24710e+03
1.24720e+03
1.24740e+03
1.24770e+03
1.24790e+03
1.24800e+03
1.24820e+03
1.24840e+03
1.24850e+03
1.24880e+03
1.24900e+03
1.24920e+03
1.24940e+03
1.24980e+03
1.25020e+03
1.25030e+03
1.25070e+03
1.25100e+03
1.25110e+03
1.25140e+03
1.25170e+03
1.25190e+03
1.25200e+03
1.25220e+03
1.25240e+03
1.25250e+03
1.25280e+03
1.25300e+03
1.25310e+03
1.25330e+03
1.25360e+03
1.25380e+03
1.25400e+03
1.25410e+03
1.25430e+03
1.25450e+03
1.25480e+03
1.25500e+03
1.25510e+03
1.25520e+03
1.25560e+03
1.25570e+03
1.25590e+03
1.25600e+03
1.25620e+03
1.25640e+03
1.25670e+03
1.25700e+03
1.25710e+03
1.25740e+03
1.25770e+03
1.25790e+03
1.25800e+03
1.25820e+03
1.25840e+03
1.25870e+03
1.25900e+03
1.25910e+03
1.25920e+03
1.25930e+03
1.25950e+03
1.25980e+03
1.26000e+03
1.26010e+03
1.26030e+03
1.26050e+03
1.26070e+03
1.26080e+03
1.26100e+03
1.26130e+03
1.26150e+03
1.26170e+03
1.26190e+03
1.26200e+03
1.26220e+03
1.26240e+03
1.26250e+03
1.26280e+03
1.26300e+03
1.26320e+03
1.26340e+03
1.26380e+03
1.26400e+03
1.26410e+03
1.26430e+03
1.26450e+03
1.26470e+03
1.26480e+03
1.26500e+03
1.26530e+03
1.26550e+03
1.26570e+03
1.26590e+03
1.26600e+03
1.26620e+03
1.26640e+03
1.26670e+03
1.26700e+03
1.26710e+03
1.26720e+03
1.26740e+03
1.26770e+03
1.26790e+03
1.26800e+03
1.26820e+03
1.26840e+03
1.26850e+03
1.26880e+03
1.26900e+03
1.26920e+03
1.26940e+03
1.26970e+03
1.27000e+03
1.27010e+03
1.27020e+03
1.27030e+03
1.27070e+03
1.27100e+03
1.27110e+03
1.27140e+03
1.27170e+03
1.27190e+03
1.27200e+03
1.27220e+03
1.27240e+03
1.27250e+03
1.27260e+03
1.27280e+03
1.27300e+03
1.27310e+03
1.27330e+03
1.27360e+03
1.27380e+03
1.27400e+03
1.27410e+03
1.27420e+03
1.27430e+03
1.27460e+03
1.27480e+03
1.27490e+03
1.27500e+03
1.27510e+03
1.27520e+03
1.27540e+03
1.27560e+03
1.27580e+03
1.27590e+03
1.27600e+03
1.27620e+03
1.27650e+03
1.27660e+03
1.27680e+03
1.27700e+03
1.27710e+03
1.27730e+03
1.27750e+03
1.27780e+03
1.27800e+03
1.27810e+03
1.27820e+03
1.27830e+03
1.27860e+03
1.27880e+03
1.27890e+03
1.27900e+03
1.27910e+03
1.27920e+03
1.27930e+03
1.27950e+03
1.27960e+03
1.27980e+03
1.28000e+03
1.28020e+03
1.28050e+03
1.28090e+03
1.28140e+03
1.28170e+03
1.28190e+03
1.28200e+03
1.28220e+03
1.28250e+03
1.28280e+03
1.28350e+03
1.28360e+03
1.28380e+03
1.28400e+03
1.28420e+03
1.28450e+03
1.28480e+03
1.28550e+03
1.28560e+03
1.28580e+03
1.28600e+03
1.28620e+03
1.28650e+03
1.28690e+03
1.28710e+03
1.28730e+03
1.28760e+03
1.28780e+03
1.28830e+03
1.28850e+03
1.28870e+03
1.28890e+03
1.28900e+03
1.28910e+03
1.28930e+03
1.28940e+03
1.28950e+03
1.28980e+03
1.28990e+03
1.29000e+03
1.29010e+03
1.29020e+03
1.29040e+03
1.29060e+03
1.29080e+03
1.29100e+03
1.29120e+03
1.29140e+03
1.29160e+03
1.29190e+03
1.29240e+03
1.29260e+03
1.29280e+03
1.29300e+03
1.29320e+03
1.29340e+03
1.29360e+03
1.29390e+03
1.29430e+03
1.29450e+03
1.29470e+03
1.29490e+03
1.29500e+03
1.29510e+03
1.29520e+03
1.29550e+03
1.29580e+03
1.29600e+03
1.29620e+03
1.29640e+03
1.29670e+03
1.29700e+03
1.29710e+03
1.29720e+03
1.29730e+03
1.29750e+03
1.29770e+03
1.29800e+03
1.29810e+03
1.29820e+03
1.29830e+03
1.29850e+03
1.29870e+03
1.29890e+03
1.29900e+03
1.29910e+03
1.29920e+03
1.29950e+03
1.29980e+03
1.30000e+03
1.30020e+03
1.30050e+03
1.30070e+03
1.30100e+03
1.30120e+03
1.30140e+03
1.30160e+03
1.30190e+03
1.30230e+03
1.30250e+03
1.30260e+03
1.30280e+03
1.30290e+03
1.30300e+03
1.30310e+03
1.30320e+03
1.30330e+03
1.30350e+03
1.30370e+03
1.30400e+03
1.30420e+03
1.30460e+03
1.30470e+03
1.30480e+03
1.30490e+03
1.30530e+03
1.30550e+03
1.30570e+03
1.30590e+03
1.30600e+03
1.30610e+03
1.30630e+03
1.30660e+03
1.30690e+03
1.30700e+03
1.30710e+03
1.30720e+03
1.30730e+03
1.30750e+03
1.30770e+03
1.30800e+03
1.30810e+03
1.30840e+03
1.30860e+03
1.30880e+03
1.30900e+03
1.30910e+03
1.30950e+03
1.30980e+03
1.31000e+03
1.31020e+03
1.31050e+03
1.31070e+03
1.31100e+03
1.31110e+03
1.31120e+03
1.31130e+03
1.31150e+03
1.31170e+03
1.31220e+03
1.31240e+03
1.31260e+03
1.31280e+03
1.31290e+03
1.31330e+03
1.31340e+03
1.31370e+03
1.31390e+03
1.31400e+03
1.31420e+03
1.31450e+03
1.31480e+03
1.31510e+03
1.31520e+03
1.31530e+03
1.31550e+03
1.31580e+03
1.31590e+03
1.31600e+03
1.31610e+03
1.31630e+03
1.31660e+03
1.31680e+03
1.31700e+03
1.31730e+03
1.31760e+03
1.31770e+03
1.31800e+03
1.31820e+03
1.31850e+03
1.31870e+03
1.31900e+03
1.31910e+03
1.31920e+03
1.31930e+03
1.31950e+03
1.31970e+03
1.32000e+03
1.32010e+03
1.32030e+03
1.32050e+03
1.32080e+03
1.32100e+03
1.32110e+03
1.32120e+03
1.32160e+03
1.32170e+03
1.32190e+03
1.32220e+03
1.32250e+03
1.32280e+03
1.32310e+03
1.32320e+03
1.32330e+03
1.32350e+03
1.32380e+03
1.32400e+03
1.32410e+03
1.32430e+03
1.32450e+03
1.32470e+03
1.32480e+03
1.32500e+03
1.32530e+03
1.32550e+03
1.32570e+03
1.32600e+03
1.32620e+03
1.32640e+03
1.32670e+03
1.32700e+03
1.32710e+03
1.32720e+03
1.32730e+03
1.32750e+03
1.32770e+03
1.32800e+03
1.32810e+03
1.32840e+03
1.32860e+03
1.32880e+03
1.32890e+03
1.32900e+03
1.32920e+03
1.32950e+03
1.32980e+03
1.33000e+03
1.33020e+03
1.33040e+03
1.33060e+03
1.33080e+03
1.33100e+03
1.33120e+03
1.33140e+03
1.33160e+03
1.33190e+03
1.33210e+03
1.33220e+03
1.33240e+03
1.33270e+03
1.33290e+03
1.33300e+03
1.33310e+03
1.33320e+03
1.33340e+03
1.33370e+03
1.33390e+03
1.33400e+03
1.33420e+03
1.33440e+03
1.33470e+03
1.33500e+03
1.33510e+03
1.33520e+03
1.33530e+03
1.33550e+03
1.33570e+03
1.33600e+03
1.33610e+03
1.33640e+03
1.33660e+03
1.33680e+03
1.33690e+03
1.33700e+03
1.33720e+03
1.33750e+03
1.33780e+03
1.33800e+03
1.33820e+03
1.33850e+03
1.33880e+03
1.33910e+03
1.33920e+03
1.33930e+03
1.33950e+03
1.33970e+03
1.33990e+03
1.34000e+03
1.34010e+03
1.34030e+03
1.34040e+03
1.34070e+03
1.34080e+03
1.34100e+03
1.34120e+03
1.34150e+03
1.34180e+03
1.34200e+03
1.34220e+03
1.34240e+03
1.34250e+03
1.34290e+03
1.34320e+03
1.34340e+03
1.34370e+03
1.34390e+03
1.34420e+03
1.34430e+03
1.34460e+03
1.34480e+03
1.34490e+03
1.34500e+03
1.34510e+03
1.34540e+03
1.34550e+03
1.34570e+03
1.34590e+03
1.34620e+03
1.34640e+03
1.34660e+03
1.34680e+03
1.34700e+03
1.34720e+03
1.34740e+03
1.34760e+03
1.34790e+03
1.34840e+03
1.34860e+03
1.34880e+03
1.34890e+03
1.34900e+03
1.34920e+03
1.34950e+03
1.34980e+03
1.35000e+03
1.35020e+03
1.35050e+03
1.35080e+03
1.35110e+03
1.35120e+03
1.35130e+03
1.35150e+03
1.35170e+03
1.35190e+03
1.35200e+03
1.35210e+03
1.35230e+03
1.35240e+03
1.35270e+03
1.35280e+03
1.35300e+03
1.35320e+03
1.35350e+03
1.35380e+03
1.35400e+03
1.35420e+03
1.35440e+03
1.35470e+03
1.35500e+03
1.35510e+03
1.35530e+03
1.35560e+03
1.35570e+03
1.35580e+03
1.35600e+03
1.35620e+03
1.35640e+03
1.35650e+03
1.35690e+03
1.35720e+03
1.35740e+03
1.35770e+03
1.35790e+03
1.35820e+03
1.35830e+03
1.35860e+03
1.35880e+03
1.35890e+03
1.35900e+03
1.35910e+03
1.35920e+03
1.35930e+03
1.35950e+03
1.35970e+03
1.35990e+03
1.36000e+03
1.36010e+03
1.36030e+03
1.36040e+03
1.36070e+03
1.36080e+03
1.36100e+03
1.36120e+03
1.36150e+03
1.36180e+03
1.36200e+03
1.36220e+03
1.36240e+03
1.36270e+03
1.36300e+03
1.36310e+03
1.36320e+03
1.36330e+03
1.36350e+03
1.36370e+03
1.36400e+03
1.36410e+03
1.36440e+03
1.36460e+03
1.36480e+03
1.36500e+03
1.36520e+03
1.36530e+03
1.36540e+03
1.36570e+03
1.36600e+03
1.36610e+03
1.36620e+03
1.36630e+03
1.36670e+03
1.36690e+03
1.36700e+03
1.36710e+03
1.36730e+03
1.36760e+03
1.36770e+03
1.36780e+03
1.36800e+03
1.36820e+03
1.36840e+03
1.36850e+03
1.36890e+03
1.36920e+03
1.36940e+03
1.36970e+03
1.36990e+03
1.37020e+03
1.37030e+03
1.37060e+03
1.37080e+03
1.37090e+03
1.37100e+03
1.37110e+03
1.37140e+03
1.37150e+03
1.37170e+03
1.37190e+03
1.37200e+03
1.37220e+03
1.37240e+03
1.37260e+03
1.37280e+03
1.37300e+03
1.37320e+03
1.37340e+03
1.37360e+03
1.37390e+03
1.37410e+03
1.37420e+03
1.37440e+03
1.37470e+03
1.37490e+03
1.37500e+03
1.37510e+03
1.37520e+03
1.37540e+03
1.37570e+03
1.37590e+03
1.37600e+03
1.37620e+03
1.37640e+03
1.37670e+03
1.37700e+03
1.37710e+03
1.37720e+03
1.37730e+03
1.37750e+03
1.37770e+03
1.37800e+03
1.37810e+03
1.37840e+03
1.37860e+03
1.37880e+03
1.37890e+03
1.37900e+03
1.37920e+03
1.37950e+03
1.37980e+03
1.38000e+03
1.38020e+03
1.38050e+03
1.38080e+03
1.38110e+03
1.38120e+03
1.38130e+03
1.38150e+03
1.38170e+03
1.38190e+03
1.38200e+03
1.38210e+03
1.38230e+03
1.38240e+03
1.38270e+03
1.38280e+03
1.38300e+03
1.38320e+03
1.38350e+03
1.38380e+03
1.38400e+03
1.38420e+03
1.38440e+03
1.38470e+03
1.38500e+03
1.38510e+03
1.38520e+03
1.38530e+03
1.38550e+03
1.38570e+03
1.38600e+03
1.38610e+03
1.38640e+03
1.38660e+03
1.38680e+03
1.38700e+03
1.38720e+03
1.38760e+03
1.38770e+03
1.38790e+03
1.38800e+03
1.38820e+03
1.38850e+03
1.38880e+03
1.38900e+03
1.38920e+03
1.38930e+03
1.38940e+03
1.38970e+03
1.39000e+03
1.39010e+03
1.39020e+03
1.39030e+03
1.39070e+03
1.39090e+03
1.39100e+03
1.39110e+03
1.39130e+03
1.39160e+03
1.39170e+03
1.39180e+03
1.39200e+03
1.39220e+03
1.39240e+03
1.39250e+03
1.39290e+03
1.39350e+03
1.39380e+03
1.39400e+03
1.39420e+03
1.39440e+03
1.39470e+03
1.39500e+03
1.39510e+03
1.39530e+03
1.39560e+03
1.39570e+03
1.39580e+03
1.39600e+03
1.39620e+03
1.39640e+03
1.39650e+03
1.39690e+03
1.39720e+03
1.39750e+03
1.39770e+03
1.39790e+03
1.39820e+03
1.39830e+03
1.39860e+03
1.39880e+03
1.39890e+03
1.39900e+03
1.39910e+03
1.39940e+03
1.39950e+03
1.39970e+03
1.39990e+03
1.40000e+03
1.40020e+03
1.40040e+03
1.40060e+03
1.40080e+03
1.40100e+03
1.40120e+03
1.40140e+03
1.40160e+03
1.40190e+03
1.40210e+03
1.40220e+03
1.40240e+03
1.40270e+03
1.40290e+03
1.40300e+03
1.40310e+03
1.40320e+03
1.40340e+03
1.40370e+03
1.40390e+03
1.40400e+03
1.40420e+03
1.40440e+03
1.40450e+03
1.40480e+03
1.40500e+03
1.40520e+03
1.40540e+03
1.40580e+03
1.40620e+03
1.40630e+03
1.40670e+03
1.40700e+03
1.40710e+03
1.40740e+03
1.40770e+03
1.40790e+03
1.40800e+03
1.40820e+03
1.40840e+03
1.40850e+03
1.40860e+03
1.40880e+03
1.40900e+03
1.40910e+03
1.40930e+03
1.40960e+03
1.40980e+03
1.41000e+03
1.41010e+03
1.41020e+03
1.41030e+03
1.41060e+03
1.41080e+03
1.41090e+03
1.41100e+03
1.41110e+03
1.41120e+03
1.41130e+03
1.41150e+03
1.41170e+03
1.41200e+03
1.41210e+03
1.41230e+03
1.41250e+03
1.41280e+03
1.41300e+03
1.41310e+03
1.41330e+03
1.41360e+03
1.41380e+03
1.41400e+03
1.41410e+03
1.41420e+03
1.41430e+03
1.41460e+03
1.41480e+03
1.41490e+03
1.41500e+03
1.41510e+03
1.41520e+03
1.41540e+03
1.41560e+03
1.41580e+03
1.41590e+03
1.41600e+03
1.41620e+03
1.41650e+03
1.41660e+03
1.41680e+03
1.41700e+03
1.41710e+03
1.41730e+03
1.41750e+03
1.41780e+03
1.41800e+03
1.41810e+03
1.41830e+03
1.41860e+03
1.41880e+03
1.41900e+03
1.41930e+03
1.41960e+03
1.41980e+03
1.42000e+03
1.42020e+03
1.42050e+03
1.42060e+03
1.42080e+03
1.42100e+03
1.42110e+03
1.42130e+03
1.42150e+03
1.42180e+03
1.42200e+03
1.42210e+03
1.42220e+03
1.42230e+03
1.42260e+03
1.42280e+03
1.42290e+03
1.42300e+03
1.42310e+03
1.42320e+03
1.42330e+03
1.42350e+03
1.42360e+03
1.42380e+03
1.42400e+03
1.42420e+03
1.42440e+03
1.42460e+03
1.42480e+03
1.42500e+03
1.42540e+03
1.42570e+03
1.42590e+03
1.42600e+03
1.42620e+03
1.42650e+03
1.42680e+03
1.42710e+03
1.42720e+03
1.42730e+03
1.42750e+03
1.42780e+03
1.42790e+03
1.42800e+03
1.42810e+03
1.42830e+03
1.42860e+03
1.42880e+03
1.42900e+03
1.42910e+03
1.42930e+03
1.42950e+03
1.42980e+03
1.43000e+03
1.43030e+03
1.43060e+03
1.43080e+03
1.43090e+03
1.43100e+03
1.43110e+03
1.43120e+03
1.43130e+03
1.43150e+03
1.43160e+03
1.43180e+03
1.43200e+03
1.43220e+03
1.43250e+03
1.43290e+03
1.43310e+03
1.43330e+03
1.43360e+03
1.43380e+03
1.43430e+03
1.43450e+03
1.43470e+03
1.43490e+03
1.43500e+03
1.43510e+03
1.43530e+03
1.43540e+03
1.43550e+03
1.43580e+03
1.43590e+03
1.43600e+03
1.43610e+03
1.43630e+03
1.43650e+03
1.43670e+03
1.43690e+03
1.43720e+03
1.43740e+03
1.43760e+03
1.43790e+03
1.43830e+03
1.43850e+03
1.43870e+03
1.43890e+03
1.43900e+03
1.43910e+03
1.43920e+03
1.43950e+03
1.43980e+03
1.44000e+03
1.44020e+03
1.44050e+03
1.44070e+03
1.44100e+03
1.44120e+03
1.44140e+03
1.44160e+03
1.44190e+03
1.44230e+03
1.44250e+03
1.44260e+03
1.44280e+03
1.44290e+03
1.44300e+03
1.44310e+03
1.44320e+03
1.44340e+03
1.44370e+03
1.44380e+03
1.44400e+03
1.44430e+03
1.44440e+03
1.44470e+03
1.44500e+03
1.44510e+03
1.44520e+03
1.44540e+03
1.44570e+03
1.44580e+03
1.44600e+03
1.44620e+03
1.44650e+03
1.44680e+03
1.44700e+03
1.44720e+03
1.44750e+03
1.44780e+03
1.44790e+03
1.44830e+03
1.44840e+03
1.44870e+03
1.44890e+03
1.44900e+03
1.44910e+03
1.44920e+03
1.44930e+03
1.44940e+03
1.44950e+03
1.44970e+03
1.44990e+03
1.45000e+03
1.45010e+03
1.45020e+03
1.45040e+03
1.45070e+03
1.45090e+03
1.45100e+03
1.45110e+03
1.45120e+03
1.45150e+03
1.45180e+03
1.45200e+03
1.45210e+03
1.45220e+03
1.45240e+03
1.45260e+03
1.45280e+03
1.45300e+03
1.45320e+03
1.45350e+03
1.45380e+03
1.45390e+03
1.45410e+03
1.45420e+03
1.45440e+03
1.45470e+03
1.45490e+03
1.45500e+03
1.45510e+03
1.45520e+03
1.45530e+03
1.45550e+03
1.45580e+03
1.45600e+03
1.45610e+03
1.45620e+03
1.45650e+03
1.45680e+03
1.45700e+03
1.45740e+03
1.45780e+03
1.45800e+03
1.45820e+03
1.45840e+03
1.45870e+03
1.45900e+03
1.45910e+03
1.45920e+03
1.45930e+03
1.45950e+03
1.45980e+03
1.45990e+03
1.46000e+03
1.46010e+03
1.46030e+03
1.46050e+03
1.46070e+03
1.46080e+03
1.46100e+03
1.46120e+03
1.46150e+03
1.46180e+03
1.46190e+03
1.46210e+03
1.46220e+03
1.46240e+03
1.46270e+03
1.46290e+03
1.46300e+03
1.46310e+03
1.46320e+03
1.46330e+03
1.46350e+03
1.46380e+03
1.46390e+03
1.46400e+03
1.46410e+03
1.46430e+03
1.46450e+03
1.46470e+03
1.46480e+03
1.46500e+03
1.46520e+03
1.46560e+03
1.46580e+03
1.46600e+03
1.46610e+03
1.46620e+03
1.46640e+03
1.46670e+03
1.46700e+03
1.46710e+03
1.46720e+03
1.46730e+03
1.46740e+03
1.46750e+03
1.46770e+03
1.46790e+03
1.46800e+03
1.46820e+03
1.46830e+03
1.46850e+03
1.46860e+03
1.46870e+03
1.46880e+03
1.46900e+03
1.46920e+03
1.46950e+03
1.46970e+03
1.46990e+03
1.47000e+03
1.47020e+03
1.47030e+03
1.47040e+03
1.47070e+03
1.47100e+03
1.47110e+03
1.47120e+03
1.47130e+03
1.47150e+03
1.47170e+03
1.47200e+03
1.47210e+03
1.47240e+03
1.47260e+03
1.47270e+03
1.47280e+03
1.47290e+03
1.47330e+03
1.47350e+03
1.47370e+03
1.47390e+03
1.47400e+03
1.47420e+03
1.47450e+03
1.47470e+03
1.47500e+03
1.47520e+03
1.47540e+03
1.47560e+03
1.47590e+03
1.47630e+03
1.47650e+03
1.47660e+03
1.47680e+03
1.47690e+03
1.47700e+03
1.47710e+03
1.47720e+03
1.47740e+03
1.47770e+03
1.47780e+03
1.47800e+03
1.47820e+03
1.47850e+03
1.47880e+03
1.47900e+03
1.47920e+03
1.47950e+03
1.47980e+03
1.47990e+03
1.48040e+03
1.48050e+03
1.48060e+03
1.48070e+03
1.48080e+03
1.48100e+03
1.48120e+03
1.48150e+03
1.48170e+03
1.48190e+03
1.48220e+03
1.48250e+03
1.48280e+03
1.48300e+03
1.48320e+03
1.48350e+03
1.48380e+03
1.48390e+03
1.48430e+03
1.48440e+03
1.48470e+03
1.48490e+03
1.48500e+03
1.48510e+03
1.48520e+03
1.48550e+03
1.48580e+03
1.48600e+03
1.48620e+03
1.48640e+03
1.48670e+03
1.48700e+03
1.48710e+03
1.48720e+03
1.48730e+03
1.48740e+03
1.48750e+03
1.48770e+03
1.48790e+03
1.48800e+03
1.48810e+03
1.48840e+03
1.48850e+03
1.48860e+03
1.48870e+03
1.48880e+03
1.48900e+03
1.48920e+03
1.48950e+03
1.48970e+03
1.48990e+03
1.49000e+03
1.49030e+03
1.49040e+03
1.49070e+03
1.49100e+03
1.49110e+03
1.49120e+03
1.49130e+03
1.49150e+03
1.49170e+03
1.49200e+03
1.49220e+03
1.49260e+03
1.49270e+03
1.49280e+03
1.49290e+03
1.49330e+03
1.49360e+03
1.49390e+03
1.49430e+03
1.49450e+03
1.49460e+03
1.49480e+03
1.49490e+03
1.49500e+03
1.49510e+03
1.49520e+03
1.49540e+03
1.49570e+03
1.49580e+03
1.49600e+03
1.49620e+03
1.49650e+03
1.49680e+03
1.49700e+03
1.49720e+03
1.49750e+03
1.49780e+03
1.49790e+03
1.49830e+03
1.49840e+03
1.49870e+03
1.49890e+03
1.49900e+03
1.49910e+03
1.49920e+03
1.49950e+03
1.49960e+03
1.49980e+03
1.50000e+03
1.50010e+03
1.50030e+03
1.50050e+03
1.50080e+03
1.50100e+03
1.50120e+03
1.50150e+03
1.50180e+03
1.50190e+03
1.50210e+03
1.50220e+03
1.50240e+03
1.50270e+03
1.50290e+03
1.50300e+03
1.50310e+03
1.50320e+03
1.50330e+03
1.50350e+03
1.50380e+03
1.50400e+03
1.50420e+03
1.50440e+03
1.50470e+03
1.50500e+03
1.50510e+03
1.50520e+03
1.50530e+03
1.50550e+03
1.50580e+03
1.50590e+03
1.50600e+03
1.50610e+03
1.50630e+03
1.50650e+03
1.50670e+03
1.50680e+03
1.50700e+03
1.50720e+03
1.50760e+03
1.50780e+03
1.50800e+03
1.50810e+03
1.50830e+03
1.50840e+03
1.50870e+03
1.50900e+03
1.50910e+03
1.50920e+03
1.50940e+03
1.50950e+03
1.50970e+03
1.50980e+03
1.51000e+03
1.51010e+03
1.51030e+03
1.51050e+03
1.51080e+03
1.51100e+03
1.51120e+03
1.51160e+03
1.51180e+03
1.51200e+03
1.51220e+03
1.51240e+03
1.51270e+03
1.51300e+03
1.51310e+03
1.51320e+03
1.51350e+03
1.51370e+03
1.51380e+03
1.51400e+03
1.51410e+03
1.51420e+03
1.51440e+03
1.51460e+03
1.51480e+03
1.51500e+03
1.51520e+03
1.51550e+03
1.51580e+03
1.51590e+03
1.51610e+03
1.51620e+03
1.51640e+03
1.51670e+03
1.51690e+03
1.51700e+03
1.51710e+03
1.51720e+03
1.51730e+03
1.51750e+03
1.51780e+03
1.51800e+03
1.51810e+03
1.51820e+03
1.51850e+03
1.51880e+03
1.51900e+03
1.51920e+03
1.51940e+03
1.51970e+03
1.52000e+03
1.52020e+03
1.52040e+03
1.52070e+03
1.52090e+03
1.52100e+03
1.52110e+03
1.52120e+03
1.52130e+03
1.52150e+03
1.52180e+03
1.52190e+03
1.52200e+03
1.52220e+03
1.52250e+03
1.52270e+03
1.52310e+03
1.52330e+03
1.52350e+03
1.52380e+03
1.52410e+03
1.52420e+03
1.52430e+03
1.52450e+03
1.52460e+03
1.52480e+03
1.52490e+03
1.52500e+03
1.52510e+03
1.52520e+03
1.52550e+03
1.52580e+03
1.52590e+03
1.52600e+03
1.52620e+03
1.52650e+03
1.52670e+03
1.52700e+03
1.52720e+03
1.52730e+03
1.52760e+03
1.52790e+03
1.52810e+03
1.52820e+03
1.52840e+03
1.52860e+03
1.52880e+03
1.52890e+03
1.52900e+03
1.52910e+03
1.52920e+03
1.52940e+03
1.52960e+03
1.52980e+03
1.52990e+03
1.53020e+03
1.53050e+03
1.53080e+03
1.53110e+03
1.53140e+03
1.53160e+03
1.53190e+03
1.53210e+03
1.53220e+03
1.53240e+03
1.53260e+03
1.53280e+03
1.53290e+03
1.53300e+03
1.53310e+03
1.53330e+03
1.53360e+03
1.53370e+03
1.53390e+03
1.53400e+03
1.53430e+03
1.53450e+03
