0.00000e+00 0.0000000000e+00 0.0000000000e+00
1.00000e+00 1.3675608872e+02 1.3675608872e+02
2.00000e+00 2.5664220634e+02 1.1988611762e+02
3.00000e+00 3.7719354484e+02 2.4031757000e+02
4.00000e+00 5.1511890949e+02 2.7454469728e+02
5.00000e+00 6.5732365416e+02 1.4220474466e+02
6.00000e+00 7.9895674977e+02 2.8369563554e+02
7.00000e+00 9.3609035938e+02 2.7464767347e+02
8.00000e+00 1.0562691477e+03 2.4036992309e+02
9.00000e+00 1.1801027506e+03 4.0724554283e+02
1.00000e+01 1.3141558640e+03 2.6134983632e+02
1.10000e+01 1.4437965192e+03 7.8132677627e+01
1.20000e+01 1.5733822608e+03 3.4408794772e+02
1.30000e+01 1.7031252473e+03 2.5822055906e+02
1.40000e+01 1.8327942530e+03 2.5804560253e+02
1.50000e+01 1.9626025274e+03 2.5785284486e+02
1.60000e+01 2.0923251944e+03 2.5764865330e+02
1.70000e+01 2.2268560067e+03 5.3682649411e+02
1.80000e+01 2.3512710389e+03 5.3125332947e+02
1.90000e+01 2.4754443072e+03 2.6142815180e+02
2.00000e+01 2.6098197712e+03 5.9393422611e+02
2.10000e+01 2.7397315779e+03 2.5749453690e+02
2.20000e+01 2.8695493742e+03 2.5733217171e+02
2.30000e+01 3.0041720299e+03 5.9343213521e+02
2.40000e+01 3.1286655048e+03 2.6124516628e+02
2.50000e+01 3.2498580591e+03 1.2711423978e+03
2.60000e+01 3.3883864105e+03 1.8060189469e+01
2.70000e+01 3.5311048297e+03 8.0957634541e+00
2.80000e+01 3.6626824286e+03 8.4902761106e+02
2.90000e+01 3.7939068380e+03 1.1024352955e+03
3.00000e+01 3.9360324441e+03 2.8242448643e+02
3.10000e+01 4.0736255056e+03 2.8279822358e+02
3.20000e+01 4.1941500519e+03 1.5296063867e+03
3.30000e+01 4.3182897940e+03 7.0846672499e+00
3.40000e+01 4.4526485592e+03 2.5731128238e+02
3.50000e+01 4.5825672727e+03 4.7198867420e+02
3.60000e+01 4.6962423505e+03 1.3927050982e+01
3.70000e+01 4.8105143677e+03 4.7687149039e+02
3.80000e+01 4.9251250251e+03 2.2501840768e+02
3.90000e+01 5.0398442594e+03 2.2524060643e+02
4.00000e+01 5.1547384744e+03 2.2529892345e+02
4.10000e+01 5.2696549849e+03 2.2527090074e+02
4.20000e+01 5.4010320998e+03 7.3753124002e+02
4.30000e+01 5.5365368778e+03 5.3198239196e+02
4.40000e+01 5.6713819215e+03 4.7200296407e+02
4.50000e+01 5.8016512685e+03 4.3630452336e+02
4.60000e+01 5.9317966741e+03 4.3463650956e+02
4.70000e+01 6.0667193356e+03 4.7094884455e+02
4.80000e+01 6.1914591967e+03 9.1961787669e+02
4.90000e+01 6.3159299855e+03 9.1902930541e+02
5.00000e+01 6.4506099109e+03 4.3570310055e+02
5.10000e+01 6.5808039853e+03 2.5530339716e+02
5.20000e+01 6.6946963147e+03 4.6801019648e+02
5.30000e+01 6.8122161334e+03 1.8301300347e+01
5.40000e+01 6.9392272948e+03 2.4737932974e+02
5.50000e+01 7.0664832091e+03 6.7473260060e+02
5.60000e+01 7.1843825878e+03 2.5540896893e+02
5.70000e+01 7.2990015268e+03 4.6724461474e+02
5.80000e+01 7.4302388828e+03 5.0461509598e+02
5.90000e+01 7.5656816181e+03 8.1868210222e+00
6.00000e+01 7.7005071480e+03 2.6446805461e+02
6.10000e+01 7.8307815006e+03 5.0419075906e+02
6.20000e+01 7.9447532460e+03 2.2289033391e+02
6.30000e+01 8.0623457721e+03 5.1140824434e+02
6.40000e+01 8.1894299520e+03 2.3929153216e+02
6.50000e+01 8.3120838445e+03 7.6204600110e+00
6.60000e+01 8.4346849846e+03 2.3896246104e+02
6.70000e+01 8.5574221965e+03 2.3880681792e+02
6.80000e+01 8.6800861301e+03 2.3863080461e+02
6.90000e+01 8.8075449458e+03 4.9527190756e+02
7.00000e+01 8.9346242481e+03 2.4773887586e+02
7.10000e+01 9.0619232214e+03 2.4733129460e+02
7.20000e+01 9.1798843552e+03 5.1095859108e+02
7.30000e+01 9.2945725331e+03 7.6913187572e+02
7.40000e+01 9.4095616424e+03 7.6938010767e+02
7.50000e+01 9.5246113485e+03 2.2257706255e+02
7.60000e+01 9.6561502152e+03 2.7274747822e+02
7.70000e+01 9.7918204881e+03 8.3712995911e+00
7.80000e+01 9.9268300069e+03 2.6337710810e+02
7.90000e+01 1.0057261373e+04 5.1856105838e+02
8.00000e+01 1.0171357543e+04 2.2146154682e+02
8.10000e+01 1.0289061852e+04 7.4976889120e+02
8.20000e+01 1.0407183845e+04 7.4917998139e+02
8.30000e+01 1.0525095499e+04 2.2799442325e+02
8.40000e+01 1.0652457498e+04 2.3815950436e+02
8.50000e+01 1.0780005090e+04 4.9291239503e+02
8.60000e+01 1.0898132548e+04 2.2777189422e+02
8.70000e+01 1.1012950672e+04 2.2100850317e+02
8.80000e+01 1.1144387296e+04 5.0068016780e+02
8.90000e+01 1.1275333876e+04 5.0069470215e+02
9.00000e+01 1.1389710851e+04 2.9271804304e+02
9.10000e+01 1.1504557014e+04 3.2922663768e+02
9.20000e+01 1.1619662810e+04 2.5797648827e+02
9.30000e+01 1.1734814877e+04 2.2125114196e+02
9.40000e+01 1.1866457954e+04 2.5378800254e+02
9.50000e+01 1.2002224945e+04 2.2562925426e+02
9.60000e+01 1.2127515586e+04 4.8544074022e+02
9.70000e+01 1.2249368157e+04 3.9289480604e+01
9.80000e+01 1.2388534377e+04 7.5231420988e+00
9.90000e+01 1.2531823645e+04 4.9247757751e+02
1.00000e+02 1.2663869929e+04 4.6005833727e+01
1.01000e+02 1.2792471210e+04 1.4264328601e+01
1.02000e+02 1.2921295562e+04 2.8824870220e+02
1.03000e+02 1.3053140868e+04 7.7239290199e+02
1.04000e+02 1.3195783154e+04 9.7928146976e+02
1.05000e+02 1.3333822245e+04 5.1599820315e+02
1.06000e+02 1.3454710936e+04 2.3190703430e+02
1.07000e+02 1.3576136993e+04 4.7235576184e+02
1.08000e+02 1.3714930891e+04 5.1510988368e+02
1.09000e+02 1.3857925359e+04 2.7564223207e+02
1.10000e+02 1.3989755482e+04 4.8591731043e+02
1.11000e+02 1.4118177981e+04 4.2060229668e+01
1.12000e+02 1.4246852758e+04 2.8184496594e+02
1.13000e+02 1.4378567335e+04 4.8530066391e+02
1.14000e+02 1.4521084560e+04 2.7524152945e+02
1.15000e+02 1.4663684550e+04 2.7457181070e+02
1.16000e+02 1.4795300551e+04 2.5256053048e+02
1.17000e+02 1.4926630039e+04 2.5192288125e+02
1.18000e+02 1.5068909769e+04 2.7405974356e+02
1.19000e+02 1.5211347048e+04 2.7362297261e+02
1.20000e+02 1.5353346449e+04 2.7306902081e+02
1.21000e+02 1.5490891444e+04 5.1274415123e+02
1.22000e+02 1.5611452289e+04 4.5431351073e+02
1.23000e+02 1.5735668488e+04 3.0667247640e+02
1.24000e+02 1.5870138677e+04 7.5292112896e+00
1.25000e+02 1.6000185692e+04 4.4636121757e+02
1.26000e+02 1.6113986014e+04 2.9960528032e+02
1.27000e+02 1.6231443619e+04 1.4280275897e+01
1.28000e+02 1.6349358524e+04 5.3006967046e+02
1.29000e+02 1.6467095945e+04 2.2355533320e+02
1.30000e+02 1.6585222447e+04 2.2354337567e+02
1.31000e+02 1.6703118565e+04 2.2347852905e+02
1.32000e+02 1.6830455131e+04 1.7967448979e+02
1.33000e+02 1.6957975732e+04 6.9695294083e+02
1.34000e+02 1.7085121515e+04 5.0925709101e+02
1.35000e+02 1.7207818808e+04 2.9195595353e+02
1.36000e+02 1.7330493928e+04 1.4514753593e+03
1.37000e+02 1.7457994002e+04 2.4162677287e+02
1.38000e+02 1.7576087477e+04 2.2322202290e+02
1.39000e+02 1.7690884107e+04 1.4363980154e+03
1.40000e+02 1.7805969927e+04 6.6745386958e+02
1.41000e+02 1.7921108444e+04 2.1676862437e+02
1.42000e+02 1.8052741471e+04 2.5034305318e+02
1.43000e+02 1.8183823363e+04 7.0883698671e+02
1.44000e+02 1.8298294601e+04 2.1593727428e+02
1.45000e+02 1.8416271846e+04 2.4172842697e+02
1.46000e+02 1.8534613226e+04 4.5064729919e+02
1.47000e+02 1.8649653903e+04 2.1562349651e+02
1.48000e+02 1.8764924359e+04 2.1620709055e+02
1.49000e+02 1.8880210087e+04 2.1623593383e+02
1.50000e+02 1.8995610185e+04 2.1614933962e+02
1.51000e+02 1.9110983256e+04 2.1602053384e+02
1.52000e+02 1.9242826765e+04 2.4916960938e+02
1.53000e+02 1.9378766179e+04 4.3998749270e+02
1.54000e+02 1.9504194850e+04 6.5431937563e+02
1.55000e+02 1.9629226867e+04 1.0922679805e+03
1.56000e+02 1.9764439351e+04 6.8899935260e+02
1.57000e+02 1.9895105814e+04 6.1356400978e+02
1.58000e+02 2.0009384329e+04 4.4971386311e+02
1.59000e+02 2.0124205325e+04 4.4871207367e+02
1.60000e+02 2.0255667005e+04 6.1256861674e+02
1.61000e+02 2.0391341423e+04 6.5340006014e+02
1.62000e+02 2.0516593830e+04 4.4808709758e+02
1.63000e+02 2.0641492965e+04 4.4750612905e+02
1.64000e+02 2.0766742675e+04 2.3382349643e+02
1.65000e+02 2.0891700253e+04 2.3364811658e+02
1.66000e+02 2.1016982666e+04 2.3344717155e+02
1.67000e+02 2.1138903816e+04 7.1001546743e+00
1.68000e+02 2.1278135378e+04 2.3815447406e+02
1.69000e+02 2.1421486738e+04 9.2211934991e+02
1.70000e+02 2.1564141277e+04 1.5813859453e+03
1.71000e+02 2.1702205812e+04 4.9221144172e+02
1.72000e+02 2.1823158859e+04 6.8714762334e+02
1.73000e+02 2.1947715215e+04 5.0127179788e+02
1.74000e+02 2.2072695866e+04 5.0046876477e+02
1.75000e+02 2.2194395568e+04 6.8623902769e+02
1.76000e+02 2.2333436255e+04 9.2100635492e+02
1.77000e+02 2.2476633558e+04 4.9981423965e+02
1.78000e+02 2.2608621974e+04 7.0077646596e+00
1.79000e+02 2.2737185758e+04 2.7603817559e+02
1.80000e+02 2.2865990195e+04 5.0901870799e+02
1.81000e+02 2.2997829442e+04 2.4579264738e+02
1.82000e+02 2.3129896064e+04 2.4562506068e+02
1.83000e+02 2.3258552836e+04 2.3942858348e+02
1.84000e+02 2.3405243539e+04 5.0696444204e+02
1.85000e+02 2.3556022805e+04 2.5996215497e+02
1.86000e+02 2.3706062601e+04 7.6640187628e+02
1.87000e+02 2.3851506733e+04 1.4339224228e+03
1.88000e+02 2.3979092441e+04 2.4393133426e+02
1.89000e+02 2.4107230954e+04 2.6660362271e+02
1.90000e+02 2.4253493052e+04 2.7288287766e+02
1.91000e+02 2.4403943059e+04 2.8141702274e+02
1.92000e+02 2.4542475929e+04 2.6684235940e+02
1.93000e+02 2.4677603372e+04 2.7959892556e+02
1.94000e+02 2.4831542628e+04 2.7520347362e+02
1.95000e+02 2.4989593927e+04 7.6012914807e+00
1.96000e+02 2.5134918230e+04 2.8611075967e+02
1.97000e+02 2.5276810131e+04 2.8169272791e+02
1.98000e+02 2.5438245985e+04 1.5090288516e+01
1.99000e+02 2.5603762479e+04 2.7811908016e+02
2.00000e+02 2.5768498100e+04 5.8126608086e+02
2.01000e+02 2.5928643392e+04 5.7731462386e+02
2.02000e+02 2.6069454020e+04 8.3433139264e+02
2.03000e+02 2.6210826032e+04 2.6200442804e+02
2.04000e+02 2.6371798677e+04 3.0115409419e+02
2.05000e+02 2.6536937956e+04 3.0965371509e+02
2.06000e+02 2.6701361042e+04 3.0903152678e+02
2.07000e+02 2.6865912122e+04 3.0813429591e+02
2.08000e+02 2.7017331665e+04 5.4924869907e+02
2.09000e+02 2.7168507796e+04 1.4358699117e+03
2.10000e+02 2.7332870900e+04 3.0776617984e+02
2.11000e+02 2.7497370515e+04 3.0740694897e+02
2.12000e+02 2.7661366275e+04 3.0673219787e+02
2.13000e+02 2.7820921500e+04 3.0026287306e+02
2.14000e+02 2.7980351504e+04 8.9895078160e+02
2.15000e+02 2.8139948073e+04 8.9809317436e+02
2.16000e+02 2.8280317916e+04 6.1288678385e+02
2.17000e+02 2.8424344447e+04 6.0673427957e+02
2.18000e+02 2.8568879301e+04 9.5082800056e+02
2.19000e+02 2.8710140315e+04 9.5134465404e+02
2.20000e+02 2.8870939436e+04 2.9803338560e+02
2.21000e+02 2.9031193041e+04 2.9839238777e+02
2.22000e+02 2.9191020631e+04 2.9712246490e+02
2.23000e+02 2.9355548754e+04 5.7239329073e+02
2.24000e+02 2.9519529675e+04 5.9474342477e+02
2.25000e+02 2.9679044365e+04 2.9608642848e+02
2.26000e+02 2.9838418388e+04 2.9533677383e+02
2.27000e+02 3.0002629999e+04 3.2789285259e+02
2.28000e+02 3.0153750655e+04 6.5858018796e+00
2.29000e+02 3.0301592322e+04 8.9618278479e+02
2.30000e+02 3.0449803365e+04 1.5019359670e+03
2.31000e+02 3.0601079800e+04 6.0139858455e+02
2.32000e+02 3.0752658459e+04 8.8842522455e+02
2.33000e+02 3.0900830794e+04 2.7198081181e+02
2.34000e+02 3.1069223307e+04 1.7855743015e+01
2.35000e+02 3.1241687421e+04 5.7415915424e+02
2.36000e+02 3.1399967718e+04 2.7841046858e+02
2.37000e+02 3.1557877328e+04 8.5067188589e+02
2.38000e+02 3.1729646365e+04 8.8600070433e+02
2.39000e+02 3.1896825636e+04 5.7435616190e+02
2.40000e+02 3.2063733672e+04 5.7210051758e+02
2.41000e+02 3.2230748988e+04 3.1755220438e+02
2.42000e+02 3.2377759724e+04 5.6145087110e+02
2.43000e+02 3.2528408053e+04 3.3814712177e+01
2.44000e+02 3.2692241208e+04 3.0065832969e+02
2.45000e+02 3.2851596185e+04 2.3551292217e+02
2.46000e+02 3.2991739651e+04 2.6913627630e+01
2.47000e+02 3.3135551010e+04 2.9352070123e+02
2.48000e+02 3.3279880018e+04 6.0399913751e+02
2.49000e+02 3.3423996212e+04 2.6226630860e+02
2.50000e+02 3.3580497139e+04 2.2794518131e+02
2.51000e+02 3.3732487599e+04 1.9522195793e+01
2.52000e+02 3.3865993589e+04 5.4859374673e+02
2.53000e+02 3.4003156746e+04 6.9530364257e+00
2.54000e+02 3.4140818319e+04 2.4839052375e+02
2.55000e+02 3.4278271978e+04 2.4843263397e+02
2.56000e+02 3.4416149178e+04 2.4839982851e+02
2.57000e+02 3.4553764208e+04 2.4831280019e+02
2.58000e+02 3.4691768607e+04 2.4819168674e+02
2.59000e+02 3.4826428579e+04 1.1223089249e+03
2.60000e+02 3.4979848795e+04 5.4988647286e+02
2.61000e+02 3.5132711962e+04 5.4891786122e+02
2.62000e+02 3.5266781318e+04 4.8986597157e+02
2.63000e+02 3.5404379087e+04 2.4792623412e+02
2.64000e+02 3.5553632467e+04 5.6062406969e+02
2.65000e+02 3.5698387505e+04 4.8126797594e+02
2.66000e+02 3.5825381892e+04 2.4060333834e+02
2.67000e+02 3.5956022419e+04 6.9572420080e+00
2.68000e+02 3.6097626518e+04 4.7313742703e+02
2.69000e+02 3.6234799058e+04 2.3278023779e+02
2.70000e+02 3.6355011939e+04 1.3731790639e+01
2.71000e+02 3.6478894241e+04 2.4748821623e+02
2.72000e+02 3.6613014312e+04 2.2506342887e+02
2.73000e+02 3.6742732012e+04 2.1172898487e+01
2.74000e+02 3.6856254238e+04 2.4055007259e+02
2.75000e+02 3.6973452087e+04 2.1815391243e+02
2.76000e+02 3.7091121773e+04 6.8556979582e+02
2.77000e+02 3.7205577705e+04 9.3612626461e+02
2.78000e+02 3.7336627625e+04 1.2181810878e+03
2.79000e+02 3.7471889220e+04 2.2734459610e+03
2.80000e+02 3.7596778826e+04 7.2199206043e+00
2.81000e+02 3.7721328514e+04 2.2036395912e+02
2.82000e+02 3.7856056489e+04 4.4670301678e+02
2.83000e+02 3.7990948156e+04 2.4008696556e+02
2.84000e+02 3.8125426801e+04 2.3959754860e+02
2.85000e+02 3.8255454410e+04 2.4061943054e+02
2.86000e+02 3.8369257563e+04 4.3836028184e+02
2.87000e+02 3.8483668077e+04 4.3787650237e+02
2.88000e+02 3.8614723021e+04 7.0709874055e+02
2.89000e+02 3.8750028695e+04 2.3977195886e+02
2.90000e+02 3.8874976564e+04 4.1871205903e+02
2.91000e+02 3.8996543611e+04 2.6749031563e+02
2.92000e+02 3.9135438401e+04 2.4737203371e+02
2.93000e+02 3.9278490345e+04 7.7462689649e+00
2.94000e+02 3.9420874009e+04 2.5517572866e+02
2.95000e+02 3.9558688652e+04 9.5316739994e+02
2.96000e+02 3.9696360424e+04 2.4474412118e+02
2.97000e+02 3.9838816412e+04 2.5432459790e+02
2.98000e+02 3.9970333864e+04 2.7379240861e+02
2.99000e+02 4.0101588388e+04 7.3422753344e+02
3.00000e+02 4.0233257422e+04 2.6791186151e+02
3.01000e+02 4.0364658003e+04 2.3207927193e+02
3.02000e+02 4.0506968683e+04 2.5399728959e+02
3.03000e+02 4.0644746476e+04 2.4446252578e+02
3.04000e+02 4.0782366335e+04 2.4416615082e+02
3.05000e+02 4.0920090260e+04 2.4386811774e+02
3.06000e+02 4.1040753134e+04 9.7220021845e+02
3.07000e+02 4.1165040183e+04 1.4696545982e+01
3.08000e+02 4.1299571587e+04 4.6422138065e+02
3.09000e+02 4.1429669671e+04 7.6258413373e+00
3.10000e+02 4.1543511269e+04 7.8605742562e+00
3.11000e+02 4.1657957022e+04 7.2842472924e+02
3.12000e+02 4.1789053352e+04 2.2948250513e+02
3.13000e+02 4.1924403106e+04 7.1039421634e+02
3.14000e+02 4.2059174037e+04 2.3792269266e+02
3.15000e+02 4.2189422608e+04 2.2940350950e+02
3.16000e+02 4.2303391283e+04 2.1353405985e+02
3.17000e+02 4.2417945088e+04 2.2936107532e+02
3.18000e+02 4.2532827300e+04 2.3004525119e+02
3.19000e+02 4.2650859763e+04 6.9518734305e+02
3.20000e+02 4.2769170982e+04 9.2766338275e+02
3.21000e+02 4.2887209603e+04 2.0348987091e+02
3.22000e+02 4.3005583397e+04 2.0334895537e+02
3.23000e+02 4.3123688682e+04 2.0321227059e+02
3.24000e+02 4.3251228936e+04 7.2306781224e+00
3.25000e+02 4.3378932529e+04 6.3666793007e+02
3.26000e+02 4.3497188476e+04 2.0289121117e+02
3.27000e+02 4.3615178817e+04 2.0257337594e+02
3.28000e+02 4.3742656604e+04 6.3596879607e+02
3.29000e+02 4.3870331367e+04 2.2145122890e+02
3.30000e+02 4.3988577403e+04 2.0236089248e+02
3.31000e+02 4.4103515932e+04 1.9746835851e+02
3.32000e+02 4.4218736361e+04 8.6095791782e+02
3.33000e+02 4.4334005714e+04 8.6042778490e+02
3.34000e+02 4.4465778509e+04 1.1032388846e+03
3.35000e+02 4.4601674693e+04 1.9158821268e+02
3.36000e+02 4.4727081608e+04 2.0337942669e+02
3.37000e+02 4.4849052314e+04 5.1656402344e+01
3.38000e+02 4.4988351629e+04 1.9892314503e+02
3.39000e+02 4.5131774337e+04 2.1070257135e+02
3.40000e+02 4.5263941142e+04 5.8364635731e+01
3.41000e+02 4.5395717180e+04 4.7742654707e+02
3.42000e+02 4.5527831205e+04 2.2907304631e+02
3.43000e+02 4.5659622001e+04 2.2885873031e+02
3.44000e+02 4.5791731228e+04 2.2862507407e+02
3.45000e+02 4.5923510154e+04 2.2838458024e+02
3.46000e+02 4.6066191720e+04 6.3832204963e+02
3.47000e+02 4.6204305233e+04 1.3087248089e+03
3.48000e+02 4.6325277039e+04 9.3948656492e+02
3.49000e+02 4.6449849123e+04 7.2068434722e+00
3.50000e+02 4.6574846278e+04 2.1384448745e+02
3.51000e+02 4.6696566894e+04 8.9334193853e+02
3.52000e+02 4.6818546587e+04 2.0754458869e+02
3.53000e+02 4.6943602248e+04 2.1411422040e+02
3.54000e+02 4.7078751786e+04 2.4607248475e+01
3.55000e+02 4.7209347518e+04 8.9468707017e+02
3.56000e+02 4.7323569987e+04 7.5934567318e+00
3.57000e+02 4.7441402633e+04 7.2230146973e+00
3.58000e+02 4.7568747879e+04 8.8598809162e+02
3.59000e+02 4.7691660926e+04 1.5268548214e+01
3.60000e+02 4.7799036692e+04 7.0104708077e+00
3.61000e+02 4.7907010832e+04 1.7900124490e+02
3.62000e+02 4.8030909251e+04 1.1057693528e+03
3.63000e+02 4.8154391237e+04 2.1061353483e+02
3.64000e+02 4.8277614042e+04 2.0972730733e+02
3.65000e+02 4.8405546910e+04 1.1453357939e+03
3.66000e+02 4.8533047668e+04 2.1841430985e+02
3.67000e+02 4.8656068421e+04 2.0905634759e+02
3.68000e+02 4.8779043457e+04 2.0859952256e+02
3.69000e+02 4.8902151317e+04 2.0847802914e+02
3.70000e+02 4.9009680740e+04 1.7897590122e+02
3.71000e+02 4.9120833695e+04 6.4316450233e+02
3.72000e+02 4.9232402169e+04 8.3577697087e+02
3.73000e+02 4.9343781735e+04 1.8532361135e+02
3.74000e+02 4.9463903908e+04 3.8662910114e+02
3.75000e+02 4.9579568431e+04 7.4433363953e+00
3.76000e+02 4.9680405267e+04 6.3509276988e+02
3.77000e+02 4.9784874501e+04 1.9423514001e+02
3.78000e+02 4.9897390967e+04 1.5041600415e+01
3.79000e+02 5.0010185077e+04 5.7427305089e+02
3.80000e+02 5.0115089411e+04 3.7251505254e+02
3.81000e+02 5.0216715925e+04 8.0690697528e+02
3.82000e+02 5.0333519815e+04 3.8178949716e+02
3.83000e+02 5.0449875217e+04 3.8209858660e+02
3.84000e+02 5.0565963478e+04 1.9387387407e+02
3.85000e+02 5.0686733821e+04 1.9399985808e+02
3.86000e+02 5.0807071256e+04 3.8953745654e+02
3.87000e+02 5.0927576032e+04 2.0285872674e+02
3.88000e+02 5.1039393809e+04 6.9134431955e+00
3.89000e+02 5.1147906032e+04 4.0367537549e+02
3.90000e+02 5.1256681466e+04 5.7552500944e+02
3.91000e+02 5.1368562550e+04 3.8153320924e+02
3.92000e+02 5.1489083517e+04 2.0205575627e+02
3.93000e+02 5.1605078597e+04 3.7147949745e+02
3.94000e+02 5.1706174143e+04 7.3718055228e-02
3.95000e+02 5.1807822664e+04 1.7122247282e+02
3.96000e+02 5.1924657597e+04 3.7185468872e+02
3.97000e+02 5.2041058238e+04 1.9372857578e+02
3.98000e+02 5.2142377279e+04 1.6366857614e+02
3.99000e+02 5.2247229679e+04 1.9482501603e+02
4.00000e+02 5.2360103577e+04 3.5512357284e+02
4.01000e+02 5.2473209492e+04 5.4922328856e+02
4.02000e+02 5.2578364712e+04 5.6911931013e+02
4.03000e+02 5.2683265397e+04 3.5481673547e+02
4.04000e+02 5.2796207639e+04 1.8597176671e+02
4.05000e+02 5.2904705932e+04 7.9023473463e+00
4.06000e+02 5.2999098265e+04 3.7872032059e+02
4.07000e+02 5.3094063961e+04 5.3516368208e+02
4.08000e+02 5.3189302780e+04 1.4982797534e+02
4.09000e+02 5.3284661348e+04 1.5007101989e+02
4.10000e+02 5.3380147844e+04 1.5016862478e+02
4.11000e+02 5.3478734887e+04 1.7947215298e+02
4.12000e+02 5.3577523892e+04 6.4699814094e+02
4.13000e+02 5.3672991500e+04 1.5012749617e+02
4.14000e+02 5.3782851422e+04 3.7246326105e+02
4.15000e+02 5.3896892121e+04 4.6299620366e+02
4.16000e+02 5.4002655831e+04 1.5695207418e+02
4.17000e+02 5.4104979962e+04 6.8565229863e+00
4.18000e+02 5.4222444321e+04 4.7013764404e+02
4.19000e+02 5.4339379193e+04 8.5019488283e+02
4.20000e+02 5.4455982385e+04 1.9215244444e+02
4.21000e+02 5.4577220436e+04 1.6399247476e+02
4.22000e+02 5.4689573097e+04 1.3438617026e+01
4.23000e+02 5.4798542071e+04 3.9221698643e+02
4.24000e+02 5.4907722416e+04 5.6234565420e+02
4.25000e+02 5.5019968283e+04 4.6015474962e+02
4.26000e+02 5.5140859455e+04 6.6349574956e+02
4.27000e+02 5.5257196224e+04 3.6757335348e+02
4.28000e+02 5.5373410050e+04 3.6681641462e+02
4.29000e+02 5.5494366995e+04 2.2948040049e+02
4.30000e+02 5.5606525681e+04 3.9163079505e+02
4.31000e+02 5.5715343071e+04 3.6629801435e+02
4.32000e+02 5.5840079984e+04 8.5230861290e+00
4.33000e+02 5.5968992960e+04 1.8285886760e+02
4.34000e+02 5.6097278104e+04 3.9013577067e+02
4.35000e+02 5.6220978229e+04 2.0611635277e+02
4.36000e+02 5.6329011773e+04 3.6478491555e+02
4.37000e+02 5.6437587618e+04 1.7394015235e+02
4.38000e+02 5.6562103795e+04 2.0568950097e+02
4.39000e+02 5.6690839183e+04 2.1466521064e+02
4.40000e+02 5.6809846472e+04 5.4654653106e+02
4.41000e+02 5.6925441304e+04 4.6835664391e+01
4.42000e+02 5.7057669257e+04 3.1788104338e+01
4.43000e+02 5.7189355616e+04 2.4522636156e+02
4.44000e+02 5.7304363636e+04 2.2752951670e+02
4.45000e+02 5.7422865825e+04 9.4349547012e+02
4.46000e+02 5.7550869444e+04 4.3507382823e+02
4.47000e+02 5.7679050399e+04 4.3408432118e+02
4.48000e+02 5.7806840484e+04 2.1253189658e+02
4.49000e+02 5.7930166489e+04 1.4736863953e+02
4.50000e+02 5.8053451301e+04 4.2470709510e+02
4.51000e+02 5.8181544161e+04 2.1223127027e+02
4.52000e+02 5.8300156832e+04 1.9389246103e+02
4.53000e+02 5.8415458813e+04 4.5574585346e+02
4.54000e+02 5.8547427933e+04 2.2070334799e+02
4.55000e+02 5.8683579161e+04 8.0583674682e+00
4.56000e+02 5.8819090989e+04 2.2779108993e+02
4.57000e+02 5.8950034713e+04 4.9665375838e+02
4.58000e+02 5.9064594499e+04 4.5484187405e+02
4.59000e+02 5.9182762763e+04 5.4303030690e+02
4.60000e+02 5.9310473825e+04 2.0276283264e+02
4.61000e+02 5.9438412231e+04 4.2191054673e+02
4.62000e+02 5.9556912204e+04 5.4237457876e+02
4.63000e+02 5.9672116465e+04 2.2038492442e+02
4.64000e+02 5.9803990415e+04 4.2944377537e+02
4.65000e+02 5.9935377087e+04 4.2945727910e+02
4.66000e+02 6.0050151401e+04 2.3490994726e+02
4.67000e+02 6.0168446011e+04 2.0268641591e+02
4.68000e+02 6.0287112706e+04 2.0265045267e+02
4.69000e+02 6.0402485119e+04 4.2918248290e+02
4.70000e+02 6.0518090371e+04 4.1505335877e+02
4.71000e+02 6.0633711717e+04 1.8589893816e+02
4.72000e+02 6.0765854987e+04 2.1837210207e+02
4.73000e+02 6.0902106884e+04 2.0036776385e+02
4.74000e+02 6.1027824005e+04 4.0450215505e+02
4.75000e+02 6.1150096281e+04 3.9154655589e+01
4.76000e+02 6.1272582129e+04 2.3170913576e+02
4.77000e+02 6.1398100432e+04 6.0337561902e+02
4.78000e+02 6.1533724572e+04 4.3694089894e+02
4.79000e+02 6.1664762678e+04 4.1677886485e+02
4.80000e+02 6.1779359559e+04 1.5831604565e+02
4.81000e+02 6.1894494078e+04 3.4999367296e+02
4.82000e+02 6.2026299254e+04 4.1602399281e+02
4.83000e+02 6.2162313148e+04 4.0385965028e+02
4.84000e+02 6.2287868581e+04 3.8859749170e+02
4.85000e+02 6.2410018824e+04 6.5492263037e+01
4.86000e+02 6.2549537778e+04 7.7137779833e+00
4.87000e+02 6.2693191843e+04 3.9584906423e+02
4.88000e+02 6.2836155939e+04 7.8831357498e+02
4.89000e+02 6.2974532950e+04 2.3167923724e+02
4.90000e+02 6.3112749374e+04 3.6330900330e+02
4.91000e+02 6.3255736163e+04 2.3900112397e+02
4.92000e+02 6.3398268073e+04 2.3832993682e+02
4.93000e+02 6.3540998446e+04 2.3783519039e+02
4.94000e+02 6.3672821399e+04 7.1694291624e+01
4.95000e+02 6.3801357690e+04 3.7703780648e+02
4.96000e+02 6.3930209522e+04 6.3978115717e+02
4.97000e+02 6.4062142998e+04 8.7238407396e+02
4.98000e+02 6.4204933520e+04 2.3785596720e+02
4.99000e+02 6.4347826194e+04 2.3778041270e+02
5.00000e+02 6.4490252825e+04 2.3717874128e+02
5.01000e+02 6.4628209713e+04 5.7253865036e+02
5.02000e+02 6.4766082349e+04 7.1355832145e+02
5.03000e+02 6.4908772134e+04 2.3673867432e+02
5.04000e+02 6.5040520718e+04 6.2257188246e+02
5.05000e+02 6.5168971189e+04 7.1275894276e+02
5.06000e+02 6.5315561514e+04 2.4521962456e+02
5.07000e+02 6.5461637619e+04 7.5592530684e+02
5.08000e+02 6.5589616025e+04 7.1117275703e+02
5.09000e+02 6.5721121884e+04 4.7413205678e+02
5.10000e+02 6.5863600819e+04 4.8012171246e+02
5.11000e+02 6.6001586106e+04 8.0908188125e+00
5.12000e+02 6.6139437682e+04 2.2674599598e+02
5.13000e+02 6.6282087493e+04 4.7960161609e+02
5.14000e+02 6.6413792411e+04 4.7361425895e+02
5.15000e+02 6.6542194245e+04 4.7144501843e+02
5.16000e+02 6.6688729888e+04 2.5232133670e+02
5.17000e+02 6.6839431840e+04 8.0521415278e+00
5.18000e+02 6.6978179414e+04 4.7041900444e+02
5.19000e+02 6.7113514819e+04 2.5900258633e+02
5.20000e+02 6.7249111185e+04 7.3733511794e+02
5.21000e+02 6.7387735210e+04 6.9145962332e+02
5.22000e+02 6.7537924576e+04 2.5130906189e+02
5.23000e+02 6.7688182098e+04 2.5061332289e+02
5.24000e+02 6.7837928438e+04 2.4991968300e+02
5.25000e+02 6.7983197217e+04 7.0653677035e+02
5.26000e+02 6.8110690571e+04 8.1030118377e+00
5.27000e+02 6.8238782586e+04 2.0532671333e+02
5.28000e+02 6.8367232705e+04 2.0607815168e+02
5.29000e+02 6.8498811209e+04 2.8898212835e+02
5.30000e+02 6.8641249798e+04 1.9647841486e+02
5.31000e+02 6.8779152041e+04 1.9041062855e+02
5.32000e+02 6.8899964175e+04 4.4582005472e+01
5.33000e+02 6.9024404581e+04 1.8914383810e+02
5.34000e+02 6.9159110361e+04 1.8248740888e+02
5.35000e+02 6.9289386160e+04 3.6910979318e+01
5.36000e+02 6.9403390263e+04 1.8214666332e+02
5.37000e+02 6.9521053143e+04 1.7552739530e+02
5.38000e+02 6.9648251497e+04 2.9366641985e+01
5.39000e+02 6.9771049168e+04 1.7448638908e+02
5.40000e+02 6.9893817860e+04 8.3983220198e+02
5.41000e+02 7.0016743806e+04 1.9417652705e+02
5.42000e+02 7.0139613719e+04 1.9408357077e+02
5.43000e+02 7.0262618603e+04 1.9396842488e+02
5.44000e+02 7.0370064039e+04 1.6879320073e+02
5.45000e+02 7.0481146388e+04 2.2756744815e+01
5.46000e+02 7.0601017788e+04 5.5474175567e+02
5.47000e+02 7.0716492692e+04 7.5299794841e+00
5.48000e+02 7.0817196822e+04 1.5992681729e+01
5.49000e+02 7.0921561154e+04 5.4746899785e+02
5.50000e+02 7.1033986495e+04 1.4968509250e+01
5.51000e+02 7.1142039123e+04 7.4222763708e+00
5.52000e+02 7.1250115674e+04 1.6404379133e+02
5.53000e+02 7.1363018590e+04 1.1594727636e+03
5.54000e+02 7.1467990432e+04 1.4162713093e+03
5.55000e+02 7.1569672793e+04 9.5778184585e+02
5.56000e+02 7.1671619898e+04 5.4816450474e+02
5.57000e+02 7.1773649592e+04 1.8074728357e+02
5.58000e+02 7.1890735654e+04 1.8931094496e+02
5.59000e+02 7.2011983241e+04 1.8001445344e+02
5.60000e+02 7.2124233308e+04 1.5848675433e+02
5.61000e+02 7.2236105478e+04 3.2255234691e+02
5.62000e+02 7.2356708292e+04 3.6089849204e+02
5.63000e+02 7.2472802243e+04 3.6104270453e+02
5.64000e+02 7.2573988934e+04 3.2146938017e+02
5.65000e+02 7.2678776197e+04 2.3454636182e+01
5.66000e+02 7.2791617466e+04 7.2157553622e+00
5.67000e+02 7.2900043634e+04 3.0475844339e+02
5.68000e+02 7.3008457210e+04 4.7616142675e+02
5.69000e+02 7.3121668802e+04 1.7362327645e+02
5.70000e+02 7.3226896690e+04 1.8743026715e+02
5.71000e+02 7.3328814857e+04 4.8429542260e+02
5.72000e+02 7.3430981513e+04 3.1376982836e+02
5.73000e+02 7.3533214523e+04 1.5051186304e+02
5.74000e+02 7.3650511036e+04 8.8829366673e+00
5.75000e+02 7.3771956431e+04 1.7214563544e+02
5.76000e+02 7.3884374151e+04 4.4690986481e+02
5.77000e+02 7.3993353319e+04 6.7461583313e+00
5.78000e+02 7.4118211022e+04 4.7984859649e+01
5.79000e+02 7.4247209189e+04 4.5401572693e+02
5.80000e+02 7.4366405342e+04 1.3517844897e+01
5.81000e+02 7.4482151754e+04 6.7672441629e+00
5.82000e+02 7.4598092241e+04 1.7763507045e+02
5.83000e+02 7.4714010750e+04 1.7762953198e+02
5.84000e+02 7.4830013314e+04 1.7751398027e+02
5.85000e+02 7.4949015209e+04 6.3088520641e+02
5.86000e+02 7.5077376578e+04 8.1395916572e+02
5.87000e+02 7.5205821315e+04 2.0221698886e+02
5.88000e+02 7.5333817505e+04 2.0164959174e+02
5.89000e+02 7.5457312447e+04 6.8331873400e+02
5.90000e+02 7.5565204300e+04 8.1107107558e+00
5.91000e+02 7.5676718756e+04 3.8322659564e+02
5.92000e+02 7.5797046053e+04 7.6688927300e+00
5.93000e+02 7.5917620834e+04 1.8591676200e+02
5.94000e+02 7.6029507515e+04 5.5932877395e+02
5.95000e+02 7.6141150452e+04 1.6818389233e+02
5.96000e+02 7.6261589623e+04 1.8584271894e+02
5.97000e+02 7.6377577277e+04 1.5609887541e+01
5.98000e+02 7.6478703506e+04 5.4367595010e+02
5.99000e+02 7.6580406749e+04 6.9815087415e+02
6.00000e+02 7.6697320607e+04 8.3336348338e+02
6.01000e+02 7.6813812782e+04 5.4363679495e+02
6.02000e+02 7.6915222795e+04 1.4729493220e+02
6.03000e+02 7.7020173093e+04 3.2476029397e+00
6.04000e+02 7.7133161301e+04 3.2095233519e+02
6.05000e+02 7.7241715646e+04 1.3920980805e+02
6.06000e+02 7.7350245380e+04 4.5908977197e+02
6.07000e+02 7.7463565799e+04 4.9903389711e+02
6.08000e+02 7.7576538067e+04 1.7011562573e+02
6.09000e+02 7.7685047925e+04 1.6075901056e+02
6.10000e+02 7.7779489600e+04 6.9683383131e+00
6.11000e+02 7.7877572419e+04 4.8370941315e+02
6.12000e+02 7.7976055384e+04 6.4108205128e+02
6.13000e+02 7.8071325012e+04 3.0151752045e+02
6.14000e+02 7.8166827889e+04 3.4052011311e+02
6.15000e+02 7.8265466904e+04 1.4048003098e+02
6.16000e+02 7.8364324493e+04 1.4071417500e+02
6.17000e+02 7.8459867810e+04 1.7268841400e+02
6.18000e+02 7.8569819565e+04 1.6202027213e+02
6.19000e+02 7.8679276182e+04 1.7336148405e+02
6.20000e+02 7.8774310228e+04 1.3987072032e+02
6.21000e+02 7.8869793555e+04 1.3967085934e+02
6.22000e+02 7.8979704595e+04 1.7314740790e+02
6.23000e+02 7.9093824865e+04 4.5124265810e+02
6.24000e+02 7.9199676746e+04 1.4045874752e+02
6.25000e+02 7.9305150763e+04 2.8772675188e+02
6.26000e+02 7.9418643329e+04 4.5131171316e+02
6.27000e+02 7.9527632993e+04 1.6195083323e+02
6.28000e+02 7.9622428709e+04 2.8720069541e+02
6.29000e+02 7.9720817679e+04 2.2959769532e+01
6.30000e+02 7.9826535572e+04 5.9482007365e+00
6.31000e+02 7.9927841551e+04 2.5654287316e+02
6.32000e+02 8.0015778357e+04 1.6077899388e+01
6.33000e+02 8.0104293652e+04 2.9600728366e+02
6.34000e+02 8.0206552234e+04 4.1042275541e+02
6.35000e+02 8.0313093751e+04 1.6872660459e+02
6.36000e+02 8.0412170558e+04 2.8893620245e+02
6.37000e+02 8.0507847198e+04 1.3688529921e+02
6.38000e+02 8.0617951871e+04 7.8460913833e+00
6.39000e+02 8.0727562058e+04 1.6192822790e+02
6.40000e+02 8.0836882409e+04 1.6098197756e+02
6.41000e+02 8.0946172059e+04 1.6050045867e+02
6.42000e+02 8.1041178139e+04 2.6261758528e+02
6.43000e+02 8.1136687272e+04 1.6849173383e+02
6.44000e+02 8.1246655149e+04 1.6098748401e+02
6.45000e+02 8.1360846580e+04 2.6031011077e+02
6.46000e+02 8.1474477417e+04 5.8630553223e+02
6.47000e+02 8.1583532942e+04 1.6059237281e+02
6.48000e+02 8.1692518989e+04 1.5944994968e+02
6.49000e+02 8.1806256711e+04 3.3260532084e+02
6.50000e+02 8.1911923706e+04 3.1166184440e+02
6.51000e+02 8.2017298054e+04 5.9864685730e+02
6.52000e+02 8.2123011830e+04 1.7422343807e+02
6.53000e+02 8.2228480408e+04 1.5243459742e+02
6.54000e+02 8.2341979717e+04 1.6863340353e+02
6.55000e+02 8.2450986783e+04 1.5924204007e+02
6.56000e+02 8.2545806299e+04 4.9459549730e+02
6.57000e+02 8.2641175265e+04 4.5793250855e+02
6.58000e+02 8.2736799216e+04 1.3182019108e+02
6.59000e+02 8.2832525585e+04 1.3204577307e+02
6.60000e+02 8.2942611636e+04 1.6018280296e+02
6.61000e+02 8.3056870461e+04 1.6898587315e+02
6.62000e+02 8.3170542476e+04 1.6898959344e+02
6.63000e+02 8.3279625270e+04 2.6971977678e+02
6.64000e+02 8.3374509989e+04 1.3117449555e+02
6.65000e+02 8.3472985180e+04 1.7795161957e+02
6.66000e+02 8.3571824554e+04 4.0833724495e+02
6.67000e+02 8.3667420237e+04 1.3091263475e+02
6.68000e+02 8.3763225194e+04 1.3170195999e+02
6.69000e+02 8.3859089961e+04 1.3183934371e+02
6.70000e+02 8.3969298790e+04 2.6957283441e+02
6.71000e+02 8.4083659669e+04 3.9190655812e+02
6.72000e+02 8.4189699662e+04 2.6968984522e+02
6.73000e+02 8.4292292106e+04 6.7276758683e+00
6.74000e+02 8.4395050247e+04 1.4538163690e+02
6.75000e+02 8.4500865594e+04 4.9974421233e+02
6.76000e+02 8.4606858424e+04 1.5155226252e+02
6.77000e+02 8.4712532832e+04 1.5125977132e+02
6.78000e+02 8.4826213591e+04 3.9152339601e+02
6.79000e+02 8.4935372172e+04 4.0792562250e+02
6.80000e+02 8.5030309321e+04 2.8816599731e+02
6.81000e+02 8.5128833423e+04 7.1503058565e+00
6.82000e+02 8.5234695066e+04 2.5956674562e+02
6.83000e+02 8.5336139544e+04 2.8016372706e+02
6.84000e+02 8.5437583150e+04 6.7863603820e+02
6.85000e+02 8.5543813046e+04 4.1932416714e+02
6.86000e+02 8.5649709827e+04 2.7991870261e+02
6.87000e+02 8.5755800131e+04 2.7949919217e+02
6.88000e+02 8.5854666489e+04 1.3683888390e+02
6.89000e+02 8.5950234589e+04 5.6800131239e+02
6.90000e+02 8.6060278205e+04 1.5945511941e+02
6.91000e+02 8.6169863721e+04 3.0934827134e+02
6.92000e+02 8.6265032558e+04 2.7167800985e+02
6.93000e+02 8.6363712385e+04 2.8642879301e+02
6.94000e+02 8.6462713560e+04 2.8627718140e+02
6.95000e+02 8.6558441897e+04 1.5945590031e+02
6.96000e+02 8.6668615383e+04 1.5831368341e+02
6.97000e+02 8.6782977250e+04 1.4469144417e+02
6.98000e+02 8.6896753921e+04 3.1691881181e+02
6.99000e+02 8.7005939280e+04 1.5775521318e+02
7.00000e+02 8.7100913345e+04 1.5910167287e+02
7.01000e+02 8.7199474484e+04 3.1648320479e+02
7.02000e+02 8.7305378260e+04 1.4972456379e+02
7.03000e+02 8.7411534246e+04 3.2155097068e+02
7.04000e+02 8.7510443836e+04 3.1607513584e+02
7.05000e+02 8.7606048180e+04 1.5803137733e+02
7.06000e+02 8.7716128529e+04 3.0749922201e+02
7.07000e+02 8.7830424691e+04 8.1401767032e+00
7.08000e+02 8.7936436707e+04 7.1024258141e+00
7.09000e+02 8.8042071966e+04 1.5664896029e+02
7.10000e+02 8.8155742734e+04 1.6589392987e+02
7.11000e+02 8.8269579051e+04 1.6526819066e+02
7.12000e+02 8.8375345662e+04 1.5624690677e+02
7.13000e+02 8.8477768987e+04 3.1401070331e+02
7.14000e+02 8.8595399559e+04 1.8078518297e+02
7.15000e+02 8.8712533863e+04 4.9574506546e+02
7.16000e+02 8.8829357603e+04 1.7121262609e+02
7.17000e+02 8.8950829329e+04 7.6354091799e+00
7.18000e+02 8.9071835118e+04 3.4445740306e+02
7.19000e+02 8.9188315123e+04 1.7038711423e+02
7.20000e+02 8.9304727309e+04 1.6980517364e+02
7.21000e+02 8.9425906796e+04 3.4382070632e+02
7.22000e+02 8.9538276983e+04 1.5725813937e+02
7.23000e+02 8.9647309784e+04 5.2789065527e+02
7.24000e+02 8.9756585476e+04 1.0132344301e+03
7.25000e+02 8.9868946940e+04 5.1656718584e+02
7.26000e+02 8.9989985207e+04 1.7911767801e+02
7.27000e+02 9.0111152317e+04 1.7892618256e+02
7.28000e+02 9.0223505812e+04 5.2734607338e+02
7.29000e+02 9.0332517535e+04 1.5471351544e+02
7.30000e+02 9.0441768832e+04 1.5453440671e+02
7.31000e+02 9.0551052556e+04 1.5465187305e+02
7.32000e+02 9.0676154294e+04 1.9630528116e+02
7.33000e+02 9.0805374575e+04 1.5238143111e+02
7.34000e+02 9.0924764571e+04 3.1609252321e+02
7.35000e+02 9.1040704175e+04 6.6558805903e+00
7.36000e+02 9.1173284571e+04 1.5970770788e+02
7.37000e+02 9.1309980544e+04 3.2325212222e+02
7.38000e+02 9.1436088204e+04 1.3366888720e+01
7.39000e+02 9.1558738851e+04 5.3253553313e+01
7.40000e+02 9.1698768773e+04 3.3037839693e+02
7.41000e+02 9.1842898721e+04 2.0787495886e+01
7.42000e+02 9.1986307331e+04 6.9704222757e+02
7.43000e+02 9.2129773238e+04 2.2222293339e+02
7.44000e+02 9.2272767593e+04 2.2158645609e+02
7.45000e+02 9.2415939619e+04 2.2107098823e+02
7.46000e+02 9.2548140715e+04 5.9293736182e+01
7.47000e+02 9.2677036903e+04 3.3629355948e+02
7.48000e+02 9.2824104927e+04 4.7065543748e+02
7.49000e+02 9.2970641020e+04 1.3555812329e+03
7.50000e+02 9.3099016872e+04 5.6942856615e+02
7.51000e+02 9.3230900918e+04 1.1161711982e+03
7.52000e+02 9.3363172275e+04 5.8425303108e+02
7.53000e+02 9.3492113284e+04 4.7022960312e+02
7.54000e+02 9.3621293975e+04 4.7056421231e+02
7.55000e+02 9.3753513250e+04 1.9898660624e+02
7.56000e+02 9.3896589214e+04 4.4876619178e+02
7.57000e+02 9.4039746738e+04 4.4830292426e+02
7.58000e+02 9.4171863592e+04 2.2137936582e+02
7.59000e+02 9.4300641587e+04 1.9201446106e+02
7.60000e+02 9.4429705839e+04 1.9170600766e+02
7.61000e+02 9.4561833168e+04 2.4957410190e+02
7.62000e+02 9.4704822722e+04 2.1993354493e+02
7.63000e+02 9.4843232541e+04 3.7556550270e+02
7.64000e+02 9.4964471147e+04 2.6930185985e+01
7.65000e+02 9.5086262611e+04 2.1143102689e+02
7.66000e+02 9.5225476033e+04 5.9517000103e+02
7.67000e+02 9.5364213671e+04 2.1121087423e+02
7.68000e+02 9.5502614352e+04 2.1018692288e+02
7.69000e+02 9.5645714087e+04 2.1965582237e+02
7.70000e+02 9.5777769830e+04 4.0298093204e+02
7.71000e+02 9.5906485570e+04 4.0088081016e+02
7.72000e+02 9.6035486833e+04 5.8470635016e+02
7.73000e+02 9.6164494696e+04 1.9045723166e+02
7.74000e+02 9.6311507657e+04 8.6122797421e+00
7.75000e+02 9.6457919884e+04 4.0781643396e+02
7.76000e+02 9.6586155849e+04 1.8950147630e+02
7.77000e+02 9.6717889325e+04 3.7367603592e+02
7.78000e+02 9.6850004368e+04 5.9080600366e+02
7.79000e+02 9.6978786772e+04 1.8908651591e+02
7.80000e+02 9.7107810124e+04 1.8968481667e+02
7.81000e+02 9.7236819032e+04 1.8972163637e+02
7.82000e+02 9.7383821189e+04 4.0739781390e+02
7.83000e+02 9.7530215720e+04 3.7878941018e+02
7.84000e+02 9.7676172274e+04 3.7736501728e+02
7.85000e+02 9.7826779262e+04 7.5207872900e+02
7.86000e+02 9.7976835457e+04 1.1590555251e+03
7.87000e+02 9.8127056557e+04 4.1293910554e+02
7.88000e+02 9.8276853560e+04 2.3104090762e+02
7.89000e+02 9.8426883463e+04 2.3061866950e+02
7.90000e+02 9.8565291009e+04 3.8472184625e+02
7.91000e+02 9.8700426051e+04 2.2973565471e+02
7.92000e+02 9.8835898223e+04 4.2548665374e+02
7.93000e+02 9.8974445240e+04 1.2411635991e+03
7.94000e+02 9.9113269045e+04 4.6800124329e+02
7.95000e+02 9.9248697752e+04 2.0174531164e+02
7.96000e+02 9.9384351107e+04 2.3826024694e+02
7.97000e+02 9.9523020580e+04 2.0785796237e+02
7.98000e+02 9.9661930110e+04 2.0773582922e+02
7.99000e+02 9.9800474244e+04 2.0740275475e+02
8.00000e+02 9.9939343607e+04 2.0715518449e+02
8.01000e+02 1.0007481413e+05 2.3806379879e+02
8.02000e+02 1.0022908759e+05 4.7000505660e+02
8.03000e+02 1.0038744822e+05 6.3054235490e+02
8.04000e+02 1.0053303876e+05 6.7211851558e+00
8.05000e+02 1.0067518909e+05 3.6741224028e+01
8.06000e+02 1.0083690879e+05 6.3735805530e+02
8.07000e+02 1.0100270722e+05 1.4152265421e+01
8.08000e+02 1.0115498537e+05 6.6876031849e+00
8.09000e+02 1.0130687619e+05 2.3369009199e+02
8.10000e+02 1.0145914907e+05 2.3345113048e+02
8.11000e+02 1.0161106885e+05 2.3324664112e+02
8.12000e+02 1.0177612251e+05 8.8969463402e+02
8.13000e+02 1.0193656378e+05 1.3439120079e+03
8.14000e+02 1.0209673581e+05 2.4942046398e+02
8.15000e+02 1.0226167580e+05 2.5902040107e+02
8.16000e+02 1.0241340989e+05 2.3247460403e+02
8.17000e+02 1.0256183471e+05 8.9216623815e+02
8.18000e+02 1.0271060360e+05 1.1423843245e+03
8.19000e+02 1.0286241635e+05 2.3213510223e+02
8.20000e+02 1.0302728328e+05 2.5857465250e+02
8.21000e+02 1.0318753715e+05 4.7427241669e+02
8.22000e+02 1.0332841394e+05 7.8920915738e+00
8.23000e+02 1.0346985254e+05 2.1041836078e+02
8.24000e+02 1.0363090954e+05 4.7468311061e+02
8.25000e+02 1.0379146139e+05 2.4921763314e+02
8.26000e+02 1.0393247677e+05 2.1034652282e+02
8.27000e+02 1.0407399162e+05 2.5688009803e+02
8.28000e+02 1.0423509721e+05 2.4901700790e+02
8.29000e+02 1.0440036057e+05 2.5863945146e+02
8.30000e+02 1.0456490727e+05 7.0051495996e+02
8.31000e+02 1.0472958596e+05 6.9922978386e+02
8.32000e+02 1.0489379338e+05 2.5573689313e+02
8.33000e+02 1.0505357256e+05 2.4799531612e+02
8.34000e+02 1.0519414521e+05 2.5618049411e+02
8.35000e+02 1.0533839386e+05 9.9378570449e+02
8.36000e+02 1.0549514066e+05 7.4606198927e+00
8.37000e+02 1.0565210537e+05 2.4031400917e+02
8.38000e+02 1.0580864972e+05 2.3987123670e+02
8.39000e+02 1.0596079605e+05 7.6328431331e+00
8.40000e+02 1.0609453130e+05 5.0307278627e+02
8.41000e+02 1.0623196376e+05 2.2536200860e+02
8.42000e+02 1.0638115291e+05 7.3551819923e+00
8.43000e+02 1.0652592085e+05 4.5567997368e+02
8.44000e+02 1.0667059618e+05 6.7891614435e+02
8.45000e+02 1.0682012023e+05 2.2484287509e+02
8.46000e+02 1.0695804547e+05 1.4360226817e+03
8.47000e+02 1.0709270352e+05 9.2014841317e+02
8.48000e+02 1.0722771311e+05 4.1059242357e+02
8.49000e+02 1.0736582257e+05 2.0173565381e+02
8.50000e+02 1.0751550155e+05 2.2510784383e+02
8.51000e+02 1.0766529626e+05 2.2515340048e+02
8.52000e+02 1.0781462129e+05 2.2457430544e+02
8.53000e+02 1.0795950183e+05 4.1029443514e+02
8.54000e+02 1.0810430175e+05 4.1000872744e+02
8.55000e+02 1.0825394286e+05 2.2419613463e+02
8.56000e+02 1.0839196280e+05 2.0162862141e+02
8.57000e+02 1.0852670387e+05 4.0968173481e+02
8.58000e+02 1.0868030597e+05 7.3239717544e+01
8.59000e+02 1.0883808335e+05 8.1362705056e+00
8.60000e+02 1.0898320351e+05 3.9901977990e+02
8.61000e+02 1.0912492753e+05 8.0149431487e+01
8.62000e+02 1.0926694011e+05 4.9634432550e+02
8.63000e+02 1.0941198173e+05 6.0697990682e+02
8.64000e+02 1.0956931224e+05 2.4010555918e+02
8.65000e+02 1.0972203568e+05 5.0369087497e+02
8.66000e+02 1.0985614399e+05 1.2647980681e+02
8.67000e+02 1.0999081032e+05 3.2738139221e+02
8.68000e+02 1.1014434054e+05 4.3867776866e+02
8.69000e+02 1.1030206436e+05 3.5916818932e+02
8.70000e+02 1.1045911437e+05 4.3034101230e+02
8.71000e+02 1.1061163275e+05 2.2994828118e+02
8.72000e+02 1.1076399594e+05 2.2855130738e+02
8.73000e+02 1.1091649456e+05 2.2830299556e+02
8.74000e+02 1.1105046522e+05 1.9253227216e+02
8.75000e+02 1.1118808033e+05 3.0312785462e+02
8.76000e+02 1.1132618211e+05 5.1025971146e+02
8.77000e+02 1.1146406085e+05 1.9945872786e+02
8.78000e+02 1.1161361551e+05 4.5029766698e+02
8.79000e+02 1.1175866026e+05 7.4538611479e+00
8.80000e+02 1.1188591116e+05 3.0269430667e+02
8.81000e+02 1.1201680398e+05 2.4366635270e+02
8.82000e+02 1.1215868844e+05 1.5116602198e+01
8.83000e+02 1.1230080955e+05 7.2969754868e+02
8.84000e+02 1.1243208524e+05 4.3585586648e+02
8.85000e+02 1.1256009175e+05 4.8807153211e+02
8.86000e+02 1.1270622086e+05 4.2120293565e+02
8.87000e+02 1.1285654295e+05 2.0807019476e+02
8.88000e+02 1.1299496890e+05 7.1502612626e+00
8.89000e+02 1.1313305214e+05 1.9910126156e+02
8.90000e+02 1.1328281065e+05 4.2254491088e+02
8.91000e+02 1.1342803386e+05 4.2096018659e+02
8.92000e+02 1.1357307895e+05 2.1264646853e+02
8.93000e+02 1.1372291260e+05 2.2176471380e+02
8.94000e+02 1.1387228912e+05 2.2116096186e+02
8.95000e+02 1.1402189247e+05 2.2070948976e+02
8.96000e+02 1.1415992020e+05 1.9850393779e+02
8.97000e+02 1.1429468435e+05 4.7736461380e+02
8.98000e+02 1.1442979474e+05 6.6291613367e+02
8.99000e+02 1.1456799370e+05 4.3616556299e+02
9.00000e+02 1.1470647967e+05 4.3618763794e+02
9.01000e+02 1.1484463644e+05 1.9796485468e+02
9.02000e+02 1.1498314327e+05 1.9778775235e+02
9.03000e+02 1.1511827314e+05 1.9201196141e+02
9.04000e+02 1.1527218632e+05 4.4503146161e+02
9.05000e+02 1.1543020235e+05 4.0400969408e+02
9.06000e+02 1.1557549481e+05 6.7856308471e+00
9.07000e+02 1.1571735883e+05 2.5967432563e+02
9.08000e+02 1.1587877048e+05 4.1110415504e+02
9.09000e+02 1.1604427010e+05 1.4262432726e+01
9.10000e+02 1.1619628711e+05 3.7194659098e+01
9.11000e+02 1.1634487106e+05 4.1741299764e+02
9.12000e+02 1.1651374210e+05 2.1707553516e+01
9.13000e+02 1.1668199983e+05 1.1124336691e+03
9.14000e+02 1.1684975394e+05 2.5618707998e+02
9.15000e+02 1.1701748895e+05 2.5540817137e+02
9.16000e+02 1.1716507539e+05 8.8070624131e+02
9.17000e+02 1.1731624766e+05 2.5454177517e+02
9.18000e+02 1.1748061894e+05 1.1657941702e+03
9.19000e+02 1.1764514819e+05 7.6128214981e+02
9.20000e+02 1.1780919088e+05 2.4773550863e+02
9.21000e+02 1.1797347823e+05 2.4724587603e+02
9.22000e+02 1.1812472453e+05 4.1622488037e+02
9.23000e+02 1.1827577269e+05 9.7245870816e+02
9.24000e+02 1.1842731960e+05 7.7860839967e+02
9.25000e+02 1.1857554293e+05 2.7725610455e+02
9.26000e+02 1.1872406361e+05 7.7924202826e+02
9.27000e+02 1.1887561149e+05 2.2155534456e+02
9.28000e+02 1.1904017897e+05 2.4752341102e+02
9.29000e+02 1.1920480630e+05 2.4761586755e+02
9.30000e+02 1.1936889293e+05 2.4688740765e+02
9.31000e+02 1.1953319363e+05 2.4631389569e+02
9.32000e+02 1.1968443562e+05 2.2102885386e+02
9.33000e+02 1.1983241838e+05 7.1679779484e+02
9.34000e+02 1.2000074002e+05 1.2442188491e+03
9.35000e+02 1.2016852940e+05 1.2430290025e+03
9.36000e+02 1.2031604209e+05 2.2032579049e+02
9.37000e+02 1.2046404442e+05 5.2595583704e+02
9.38000e+02 1.2063235142e+05 2.5327279115e+02
9.39000e+02 1.2080480049e+05 8.1483631253e+00
9.40000e+02 1.2096310688e+05 5.2591256418e+02
9.41000e+02 1.2112107148e+05 7.5261119350e+02
9.42000e+02 1.2129292412e+05 5.0712100924e+02
9.43000e+02 1.2146020198e+05 2.5250799980e+02
9.44000e+02 1.2162722127e+05 2.5096777302e+02
9.45000e+02 1.2179435752e+05 2.5057518586e+02
9.46000e+02 1.2196128164e+05 2.5022944226e+02
9.47000e+02 1.2213301834e+05 5.0590152253e+02
9.48000e+02 1.2229089444e+05 2.3258013159e+02
9.49000e+02 1.2244549138e+05 7.6031015788e+02
9.50000e+02 1.2262115306e+05 8.7375570002e+00
9.51000e+02 1.2280094878e+05 2.0712637274e+02
9.52000e+02 1.2296586018e+05 5.3357471183e+02
9.53000e+02 1.2312737588e+05 1.5647573008e+01
9.54000e+02 1.2328922139e+05 1.3083627491e+03
9.55000e+02 1.2345101103e+05 2.3905316024e+02
9.56000e+02 1.2361298178e+05 2.3893934397e+02
9.57000e+02 1.2377789469e+05 7.7233700767e+02
9.58000e+02 1.2395726203e+05 5.1009480123e+02
9.59000e+02 1.2413663513e+05 5.3261851103e+02
9.60000e+02 1.2430130465e+05 2.5420416361e+02
9.61000e+02 1.2446569763e+05 2.5343002209e+02
9.62000e+02 1.2464473375e+05 4.9634223195e+02
9.63000e+02 1.2481920592e+05 7.4352357499e+02
9.64000e+02 1.2497290094e+05 2.3548009292e+02
9.65000e+02 1.2513024035e+05 1.2318584594e+01
9.66000e+02 1.2528810551e+05 2.4925771380e+02
9.67000e+02 1.2544266632e+05 4.6671618337e+02
9.68000e+02 1.2561823032e+05 7.4268237764e+02
9.69000e+02 1.2579790470e+05 5.0325969411e+02
9.70000e+02 1.2596269938e+05 2.1711691055e+02
9.71000e+02 1.2612409580e+05 3.6051070599e+01
9.72000e+02 1.2630724159e+05 2.6423162305e+02
9.73000e+02 1.2649446430e+05 2.2444812838e+02
9.74000e+02 1.2666602705e+05 4.2783087223e+01
9.75000e+02 1.2683417606e+05 2.7071997911e+02
9.76000e+02 1.2700265434e+05 5.4374118531e+02
9.77000e+02 1.2717105592e+05 2.5026716999e+02
9.78000e+02 1.2736180005e+05 2.3182201915e+02
9.79000e+02 1.2755184814e+05 7.9401797371e+02
9.80000e+02 1.2771930169e+05 2.4899217757e+02
9.81000e+02 1.2788720743e+05 2.4824733311e+02
9.82000e+02 1.2807760082e+05 3.1199970855e+02
9.83000e+02 1.2827208052e+05 4.9997287265e+01
9.84000e+02 1.2846572874e+05 1.0539426541e+03
9.85000e+02 1.2865483489e+05 2.9232138298e+02
9.86000e+02 1.2882172819e+05 2.4743883336e+02
9.87000e+02 1.2899227460e+05 1.0660957116e+03
9.88000e+02 1.2917822223e+05 2.8432846863e+02
9.89000e+02 1.2936432873e+05 8.3928325276e+02
9.90000e+02 1.2953514343e+05 8.1807916017e+02
9.91000e+02 1.2970269842e+05 2.4684065143e+02
9.92000e+02 1.2987067603e+05 2.4767811933e+02
9.93000e+02 1.3004170145e+05 2.8452314759e+02
9.94000e+02 1.3022793290e+05 2.8429558428e+02
9.95000e+02 1.3040953728e+05 4.4259993886e+02
9.96000e+02 1.3059083399e+05 7.2508971523e+02
9.97000e+02 1.3077694199e+05 2.8401278554e+02
9.98000e+02 1.3094774960e+05 2.8423152850e+02
9.99000e+02 1.3111528822e+05 5.2167699222e+02
1.00000e+03 1.3130533879e+05 1.3433705145e+02
1.00100e+03 1.3149950836e+05 8.0615714009e+00
1.00200e+03 1.3167734792e+05 4.4018050224e+02
1.00300e+03 1.3185180410e+05 1.4112026981e+02
1.00400e+03 1.3202662796e+05 6.6898071590e+02
1.00500e+03 1.3220444295e+05 7.0008181644e+02
1.00600e+03 1.3239818063e+05 2.9928851584e+02
1.00700e+03 1.3258724874e+05 6.7577545958e+02
1.00800e+03 1.3277596227e+05 5.4817945221e+02
1.00900e+03 1.3296946994e+05 4.0861906375e+02
1.01000e+03 1.3314691991e+05 2.6584359995e+02
1.01100e+03 1.3332414564e+05 2.6498850249e+02
1.01200e+03 1.3351748287e+05 5.4106253012e+02
1.01300e+03 1.3371093308e+05 4.3017227137e+02
1.01400e+03 1.3390380777e+05 2.9602701305e+02
1.01500e+03 1.3409694372e+05 2.9541673554e+02
1.01600e+03 1.3427415102e+05 2.6448083765e+02
1.01700e+03 1.3444813690e+05 5.4716098109e+02
1.01800e+03 1.3462258104e+05 5.4623408984e+02
1.01900e+03 1.3479702226e+05 2.5835802120e+02
1.02000e+03 1.3499454525e+05 6.0042033670e+02
1.02100e+03 1.3519609472e+05 8.4135138464e+00
1.02200e+03 1.3538053394e+05 4.2196784613e+02
1.02300e+03 1.3556462664e+05 6.9262921379e+02
1.02400e+03 1.3576551252e+05 3.1153761127e+02
1.02500e+03 1.3596178013e+05 8.9480459132e+02
1.02600e+03 1.3615769809e+05 3.0069387278e+02
1.02700e+03 1.3635842867e+05 3.1040718744e+02
1.02800e+03 1.3654238678e+05 2.7671955335e+02
1.02900e+03 1.3672308198e+05 6.4856438291e+02
1.03000e+03 1.3690422537e+05 9.1271474638e+02
1.03100e+03 1.3708839655e+05 2.7652130017e+02
1.03200e+03 1.3728922776e+05 3.1004211935e+02
1.03300e+03 1.3748540497e+05 5.6979439424e+02
1.03400e+03 1.3765859070e+05 7.9576647219e+00
1.03500e+03 1.3783541840e+05 1.1179257101e+02
1.03600e+03 1.3802835261e+05 5.4512461651e+02
1.03700e+03 1.3822144045e+05 8.4666882327e+02
1.03800e+03 1.3839853634e+05 3.8106333303e+02
1.03900e+03 1.3857238374e+05 2.5469412668e+02
1.04000e+03 1.3876947114e+05 8.6319456937e+02
1.04100e+03 1.3897068138e+05 8.1224048190e+00
1.04200e+03 1.3915486462e+05 2.4431638941e+02
1.04300e+03 1.3933568061e+05 6.0775804165e+02
1.04400e+03 1.3951689068e+05 8.6961405305e+02
1.04500e+03 1.3969803612e+05 2.6828442915e+02
1.04600e+03 1.3987940773e+05 2.6817768928e+02
1.04700e+03 1.4006370408e+05 5.5204813596e+02
1.04800e+03 1.4024830603e+05 8.7558513584e+02
1.04900e+03 1.4042941411e+05 2.6787215602e+02
1.05000e+03 1.4061080507e+05 2.6762362811e+02
1.05100e+03 1.4079512700e+05 8.3577394626e+02
1.05200e+03 1.4099606023e+05 3.0891383523e+02
1.05300e+03 1.4119229714e+05 1.3961199449e+03
1.05400e+03 1.4136551152e+05 1.7420578027e+00
1.05500e+03 1.4154234868e+05 7.4847733953e+00
1.05600e+03 1.4173527724e+05 1.0858043399e+03
1.05700e+03 1.4192834863e+05 1.3851845997e+03
1.05800e+03 1.4210542249e+05 2.6007620167e+02
1.05900e+03 1.4228229222e+05 5.5760766736e+02
1.06000e+03 1.4247525517e+05 2.9002479681e+02
1.06100e+03 1.4266367808e+05 9.5543093759e+00
1.06200e+03 1.4282994731e+05 5.4262761093e+02
1.06300e+03 1.4299988922e+05 2.8280694963e+02
1.06400e+03 1.4318519333e+05 7.6588412110e+00
1.06500e+03 1.4337068432e+05 2.7450318918e+02
1.06600e+03 1.4354096821e+05 8.3174145645e+02
1.06700e+03 1.4370801524e+05 7.9363961364e+02
1.06800e+03 1.4387550353e+05 2.8374321500e+02
1.06900e+03 1.4404606069e+05 2.4403121678e+02
1.07000e+03 1.4423179240e+05 2.7465628608e+02
1.07100e+03 1.4441291526e+05 8.1824440728e+02
1.07200e+03 1.4457258680e+05 2.3597042439e+02
1.07300e+03 1.4473590794e+05 1.6078464170e+01
1.07400e+03 1.4491384443e+05 2.3586709984e+02
1.07500e+03 1.4509197208e+05 5.0264952342e+02
1.07600e+03 1.4525562920e+05 2.5322280111e+02
1.07700e+03 1.4541604184e+05 5.1255954228e+02
1.07800e+03 1.4557688200e+05 2.2374296238e+02
1.07900e+03 1.4574079580e+05 2.3622389049e+02
1.08000e+03 1.4591915208e+05 2.5890434465e+02
1.08100e+03 1.4609758500e+05 2.5895071112e+02
1.08200e+03 1.4626145712e+05 2.3620265989e+02
1.08300e+03 1.4642509227e+05 2.5836679351e+02
1.08400e+03 1.4660332692e+05 2.5857012872e+02
1.08500e+03 1.4677703251e+05 4.5183640612e+02
1.08600e+03 1.4693006457e+05 2.7977603171e+02
1.08700e+03 1.4708676203e+05 2.5137387644e+02
1.08800e+03 1.4724400428e+05 5.0260105546e+02
1.08900e+03 1.4740101707e+05 2.1544710441e+02
1.09000e+03 1.4757184796e+05 7.4037627279e+00
1.09100e+03 1.4773814857e+05 2.7209126706e+02
1.09200e+03 1.4788452148e+05 4.5969502492e+02
1.09300e+03 1.4803455851e+05 6.9757683524e+00
1.09400e+03 1.4819774258e+05 1.9838061662e+02
1.09500e+03 1.4836114705e+05 4.5841488701e+02
1.09600e+03 1.4851157296e+05 2.0144653410e+02
1.09700e+03 1.4865875525e+05 9.4902045700e+02
1.09800e+03 1.4880633425e+05 1.9533921590e+02
1.09900e+03 1.4895395077e+05 1.9557810252e+02
1.10000e+03 1.4912168776e+05 2.8555870845e+03
1.10100e+03 1.4928883371e+05 6.5522455058e+02
1.10200e+03 1.4945551890e+05 4.0158848457e+02
1.10300e+03 1.4962222546e+05 2.3332523902e+02
1.10400e+03 1.4976892141e+05 1.9449948496e+02
1.10500e+03 1.4991618275e+05 2.3340944628e+02
1.10600e+03 1.5008371866e+05 2.3394263168e+02
1.10700e+03 1.5025543363e+05 2.0955558579e+02
1.10800e+03 1.5041310472e+05 6.3690567789e+02
1.10900e+03 1.5056740214e+05 2.4074476753e+02
1.11000e+03 1.5074267778e+05 7.7397344280e+00
1.11100e+03 1.5092205822e+05 6.4393424659e+02
1.11200e+03 1.5110065336e+05 1.1199764472e+03
1.11300e+03 1.5127470094e+05 2.4878169988e+02
1.11400e+03 1.5142804914e+05 4.8033231115e+02
1.11500e+03 1.5158504961e+05 1.1014740125e+03
1.11600e+03 1.5174257723e+05 4.7056856094e+02
1.11700e+03 1.5189680111e+05 2.0661010991e+02
1.11800e+03 1.5207199069e+05 2.4844686285e+02
1.11900e+03 1.5224660586e+05 2.4876600065e+02
1.12000e+03 1.5240024171e+05 2.3049566275e+02
1.12100e+03 1.5255436831e+05 2.3016788725e+02
1.12200e+03 1.5272948647e+05 2.4844581712e+02
1.12300e+03 1.5290874329e+05 4.6997436567e+02
1.12400e+03 1.5308724116e+05 4.6940712361e+02
1.12500e+03 1.5326121022e+05 2.4755126872e+02
1.12600e+03 1.5341450037e+05 2.0578750242e+02
1.12700e+03 1.5357144970e+05 4.6888657821e+02
1.12800e+03 1.5374230042e+05 5.0298192688e+01
1.12900e+03 1.5390867344e+05 1.3080670109e+02
1.13000e+03 1.5405513619e+05 2.5545709405e+02
1.13100e+03 1.5420527506e+05 4.3437430937e+01
1.13200e+03 1.5435595381e+05 5.0496281831e+02
1.13300e+03 1.5450336251e+05 4.5406545294e+02
1.13400e+03 1.5467100432e+05 3.7050325875e+02
1.13500e+03 1.5484278790e+05 4.9698461741e+02
1.13600e+03 1.5500050308e+05 1.5496933926e+02
1.13700e+03 1.5515483517e+05 6.9233901088e+00
1.13800e+03 1.5533014303e+05 3.1553245061e+02
1.13900e+03 1.5550955215e+05 1.6243990604e+02
1.14000e+03 1.5567409797e+05 1.3747110384e+01
1.14100e+03 1.5583523545e+05 2.9855066973e+02
1.14200e+03 1.5599669779e+05 5.1149507317e+02
1.14300e+03 1.5616115609e+05 3.8124069641e+02
1.14400e+03 1.5632590402e+05 2.9845421731e+02
1.14500e+03 1.5648719445e+05 2.1939124655e+02
1.14600e+03 1.5667013662e+05 1.6991177553e+02
1.14700e+03 1.5685711152e+05 3.1945491438e+02
1.14800e+03 1.5704323626e+05 9.3522923940e+02
1.14900e+03 1.5722478932e+05 7.8136526096e+02
1.15000e+03 1.5740607603e+05 3.1747999444e+02
1.15100e+03 1.5759217627e+05 2.6834232429e+02
1.15200e+03 1.5776296913e+05 2.2521678699e+02
1.15300e+03 1.5793048229e+05 2.7388881763e+02
1.15400e+03 1.5812049107e+05 2.7679605260e+02
1.15500e+03 1.5831460643e+05 8.0151280500e+00
1.15600e+03 1.5849238781e+05 2.8060345112e+02
1.15700e+03 1.5866983044e+05 8.1645450803e+02
1.15800e+03 1.5886332939e+05 2.8345530263e+02
1.15900e+03 1.5905221807e+05 5.5152096382e+02
1.16000e+03 1.5924077860e+05 2.7275177611e+02
1.16100e+03 1.5942946827e+05 2.7228001571e+02
1.16200e+03 1.5959598737e+05 7.4845277858e+02
1.16300e+03 1.5976616492e+05 3.9809333801e+01
1.16400e+03 1.5995171327e+05 5.3025004841e+02
1.16500e+03 1.6013276142e+05 7.6415186531e+00
1.16600e+03 1.6029241811e+05 3.2907112459e+01
1.16700e+03 1.6045270532e+05 5.4177232672e+02
1.16800e+03 1.6063476786e+05 2.5787587111e+02
1.16900e+03 1.6082102202e+05 8.0503044865e+02
1.17000e+03 1.6099178928e+05 5.3421642580e+02
1.17100e+03 1.6115920583e+05 2.6474734480e+02
1.17200e+03 1.6134907606e+05 2.8146633584e+02
1.17300e+03 1.6153835880e+05 5.4703744526e+02
1.17400e+03 1.6170518160e+05 5.2250050356e+02
1.17500e+03 1.6187555032e+05 5.2991096574e+02
1.17600e+03 1.6204642308e+05 2.7863477955e+02
1.17700e+03 1.6221393979e+05 2.8128501775e+02
1.17800e+03 1.6240386596e+05 2.7288770590e+02
1.17900e+03 1.6259317722e+05 2.7264334144e+02
1.18000e+03 1.6278195053e+05 2.7121783700e+02
1.18100e+03 1.6297075039e+05 2.7043521654e+02
1.18200e+03 1.6315922775e+05 2.6986883846e+02
1.18300e+03 1.6335250508e+05 2.4226729520e+02
1.18400e+03 1.6354521796e+05 1.0885565447e+03
1.18500e+03 1.6373819099e+05 8.5191955039e+02
1.18600e+03 1.6391524912e+05 2.7314243144e+02
1.18700e+03 1.6408908217e+05 8.1947675319e+02
1.18800e+03 1.6426337023e+05 1.1071262645e+03
1.18900e+03 1.6443765286e+05 2.4039761427e+02
1.19000e+03 1.6463499691e+05 2.8659210289e+02
1.19100e+03 1.6483636495e+05 8.3950129623e+00
1.19200e+03 1.6502063963e+05 1.0660310394e+03
1.19300e+03 1.6520151146e+05 5.2946678736e+01
1.19400e+03 1.6540629484e+05 1.5825940383e+01
1.19500e+03 1.6561043205e+05 5.8705194584e+02
1.19600e+03 1.6581397217e+05 2.9910960691e+02
1.19700e+03 1.6601752984e+05 2.9823095926e+02
1.19800e+03 1.6622071692e+05 2.9757967930e+02
1.19900e+03 1.6642870489e+05 4.9223038835e+02
1.20000e+03 1.6661918118e+05 5.9095339707e+01
1.20100e+03 1.6680638910e+05 6.1823879311e+02
1.20200e+03 1.6699405210e+05 9.2404644689e+02
1.20300e+03 1.6718472473e+05 1.6524186022e+03
1.20400e+03 1.6739277120e+05 8.9973121085e+02
1.20500e+03 1.6759614391e+05 5.6195935056e+02
1.20600e+03 1.6779912800e+05 5.6119440888e+02
1.20700e+03 1.6800692396e+05 4.1302901003e+02
1.20800e+03 1.6821412467e+05 5.6055162835e+02
1.20900e+03 1.6842160479e+05 5.5967524081e+02
1.21000e+03 1.6861172540e+05 6.1726487453e+02
1.21100e+03 1.6879863987e+05 5.6033977039e+02
1.21200e+03 1.6901026503e+05 3.1242779401e+02
1.21300e+03 1.6922600206e+05 8.2569080747e+00
1.21400e+03 1.6942325007e+05 5.6690683692e+02
1.21500e+03 1.6962018912e+05 1.1892539530e+03
1.21600e+03 1.6983537737e+05 3.2002291224e+02
1.21700e+03 1.7004594070e+05 6.1507699616e+02
1.21800e+03 1.7025612101e+05 3.0923034101e+02
1.21900e+03 1.7047113574e+05 3.1898058888e+02
1.22000e+03 1.7066795661e+05 2.8233846460e+02
1.22100e+03 1.7086153188e+05 6.2769727128e+02
1.22200e+03 1.7108053513e+05 2.5058007416e+01
1.22300e+03 1.7129893889e+05 3.4179448107e+02
1.22400e+03 1.7151674851e+05 3.2402399581e+02
1.22500e+03 1.7173929714e+05 2.3869881332e+02
1.22600e+03 1.7194284920e+05 3.5103515264e+02
1.22700e+03 1.7214618072e+05 6.3913271990e+02
1.22800e+03 1.7236852645e+05 6.5103671851e+02
1.22900e+03 1.7258626681e+05 3.2303657096e+02
1.23000e+03 1.7277887838e+05 1.4859871904e+03
1.23100e+03 1.7297516161e+05 6.1488356861e+01
1.23200e+03 1.7317207983e+05 3.4898265614e+02
1.23300e+03 1.7336871187e+05 2.8044582655e+02
1.23400e+03 1.7358353774e+05 3.1519367735e+02
1.23500e+03 1.7379841839e+05 7.2643126762e+02
1.23600e+03 1.7399507790e+05 2.7990666431e+02
1.23700e+03 1.7418847686e+05 5.6751741612e+02
1.23800e+03 1.7440728062e+05 6.3994146240e+02
1.23900e+03 1.7463016596e+05 2.5285000168e+02
1.24000e+03 1.7483383568e+05 7.0102091727e+00
1.24100e+03 1.7503719690e+05 2.9335914153e+02
1.24200e+03 1.7525952506e+05 5.7633323074e+02
1.24300e+03 1.7547721988e+05 6.3925598676e+02
1.24400e+03 1.7566977519e+05 6.3460177339e+02
1.24500e+03 1.7586599262e+05 3.1676460393e+02
1.24600e+03 1.7608048743e+05 6.1952437303e+01
1.24700e+03 1.7629511332e+05 3.8454262371e+02
1.24800e+03 1.7649158379e+05 6.0231437508e+02
1.24900e+03 1.7668482367e+05 6.3380809437e+02
1.25000e+03 1.7690347008e+05 6.3659787938e+02
1.25100e+03 1.7712153402e+05 6.3633040407e+02
1.25200e+03 1.7731426771e+05 3.1662621979e+02
1.25300e+03 1.7751058589e+05 2.7790441841e+02
1.25400e+03 1.7772514400e+05 6.3575737535e+02
1.25500e+03 1.7793513704e+05 8.0709032578e+00
1.25600e+03 1.7812080660e+05 2.7056237791e+02
1.25700e+03 1.7830711172e+05 5.7966665214e+02
1.25800e+03 1.7849393779e+05 2.5744567992e+02
1.25900e+03 1.7868384548e+05 4.1279794666e+02
1.26000e+03 1.7889110772e+05 1.5358699912e+01
1.26100e+03 1.7909841761e+05 6.1246227906e+02
1.26200e+03 1.7928826602e+05 6.8338960093e+02
1.26300e+03 1.7947790455e+05 2.6322861364e+02
1.26400e+03 1.7966813104e+05 2.6334346144e+02
1.26500e+03 1.7985499057e+05 2.5774264303e+02
1.26600e+03 1.8006641873e+05 6.0463156584e+02
1.26700e+03 1.8028189084e+05 5.5008344617e+02
1.26800e+03 1.8049646946e+05 8.5544061091e+02
1.26900e+03 1.8070653216e+05 6.0409659282e+02
1.27000e+03 1.8091629537e+05 5.4786842017e+02
1.27100e+03 1.8112624753e+05 5.4721001182e+02
1.27200e+03 1.8131192939e+05 4.1791715821e+02
1.27300e+03 1.8149825924e+05 7.2936299128e+02
1.27400e+03 1.8168511197e+05 5.6822803915e+02
1.27500e+03 1.8187198716e+05 2.5581171667e+02
1.27600e+03 1.8208335733e+05 3.0363801770e+02
1.27700e+03 1.8229407710e+05 3.0410198999e+02
1.27800e+03 1.8248017241e+05 2.5479848132e+02
1.27900e+03 1.8266677841e+05 2.5427449530e+02
1.28000e+03 1.8287800912e+05 3.0365842779e+02
1.28100e+03 1.8308865352e+05 3.0327940626e+02
1.28200e+03 1.8327470837e+05 2.5397975530e+02
1.28300e+03 1.8346128903e+05 2.5370043321e+02
1.28400e+03 1.8364832325e+05 2.5442611290e+02
1.28500e+03 1.8383839110e+05 5.7617337291e+02
1.28600e+03 1.8402884649e+05 1.3303089267e+03
1.28700e+03 1.8421584892e+05 2.5459346356e+02
1.28800e+03 1.8440317857e+05 2.5463429032e+02
1.28900e+03 1.8459345675e+05 1.0165250136e+03
1.29000e+03 1.8480103347e+05 9.0180316995e+02
1.29100e+03 1.8500859302e+05 1.3210660634e+03
1.29200e+03 1.8519862428e+05 2.6060153143e+02
1.29300e+03 1.8538535874e+05 2.5411168219e+02
1.29400e+03 1.8557253876e+05 2.5370794355e+02
1.29500e+03 1.8576272770e+05 2.6025168762e+02
1.29600e+03 1.8597024193e+05 4.1087744080e+02
1.29700e+03 1.8617309309e+05 9.1105901558e+02
1.29800e+03 1.8635228260e+05 4.8301548842e+00
1.29900e+03 1.8653512108e+05 2.7361868767e+01
1.30000e+03 1.8673474238e+05 4.9131510310e+02
1.30100e+03 1.8693451329e+05 7.7808839357e+02
1.30200e+03 1.8711762543e+05 2.8040683200e+02
1.30300e+03 1.8730055247e+05 4.9091233780e+02
1.30400e+03 1.8748406469e+05 4.9082150015e+02
1.30500e+03 1.8766422998e+05 2.5171039077e+02
1.30600e+03 1.8786823160e+05 1.4839972670e+03
1.30700e+03 1.8807629330e+05 2.5321178866e+02
1.30800e+03 1.8828348841e+05 5.3863465086e+02
1.30900e+03 1.8848617086e+05 5.6349229349e+02
1.31000e+03 1.8866529829e+05 5.1769384856e+02
1.31100e+03 1.8884505591e+05 5.5842800528e+02
1.31200e+03 1.8904874977e+05 2.8451877176e+02
1.31300e+03 1.8925659391e+05 2.9295746642e+02
1.31400e+03 1.8944676587e+05 2.8541140167e+02
1.31500e+03 1.8963359073e+05 2.9130149630e+02
1.31600e+03 1.8984503497e+05 2.6854693150e+02
1.31700e+03 1.9006054258e+05 7.6634659671e+00
1.31800e+03 1.9027516221e+05 3.0774483289e+02
1.31900e+03 1.9048526398e+05 5.5993196114e+02
1.32000e+03 1.9069506142e+05 2.9692866964e+02
1.32100e+03 1.9090972357e+05 3.0659162799e+02
1.32200e+03 1.9110624206e+05 2.9735673194e+02
1.32300e+03 1.9130257511e+05 8.5893911498e+02
1.32400e+03 1.9149951362e+05 2.8873833229e+02
1.32500e+03 1.9169307798e+05 5.7164962390e+02
1.32600e+03 1.9188701818e+05 1.1556526079e+03
1.32700e+03 1.9208391717e+05 2.7058878878e+02
1.32800e+03 1.9229885507e+05 3.0660331145e+02
1.32900e+03 1.9250909799e+05 5.6046594505e+02
1.33000e+03 1.9269492305e+05 8.1151428446e+00
1.33100e+03 1.9288439084e+05 2.8842658690e+01
1.33200e+03 1.9309137572e+05 5.3658709291e+02
1.33300e+03 1.9329849653e+05 8.3480587935e+02
1.33400e+03 1.9348821415e+05 2.9191112490e+02
1.33500e+03 1.9367774505e+05 5.3611362450e+02
1.33600e+03 1.9388479343e+05 2.8949445193e+02
1.33700e+03 1.9409196012e+05 2.8925083489e+02
1.33800e+03 1.9429853241e+05 2.8848549776e+02
1.33900e+03 1.9450539706e+05 2.8789497054e+02
1.34000e+03 1.9469497807e+05 5.3544090187e+02
1.34100e+03 1.9488136568e+05 2.4840927614e+02
1.34200e+03 1.9509242180e+05 1.4271637739e+03
1.34300e+03 1.9530760537e+05 8.3189206557e+00
1.34400e+03 1.9552194637e+05 3.0368638577e+02
1.34500e+03 1.9573180279e+05 1.1616570625e+03
1.34600e+03 1.9591740231e+05 5.5172432604e+02
1.34700e+03 1.9610670318e+05 8.8055463683e+02
1.34800e+03 1.9631354190e+05 2.7868290788e+02
1.34900e+03 1.9651587607e+05 7.5222539010e+00
1.35000e+03 1.9669468716e+05 8.7288566173e+02
1.35100e+03 1.9687415385e+05 1.4162644578e+03
1.35200e+03 1.9705413864e+05 2.3255879543e+02
1.35300e+03 1.9723722346e+05 2.7218818064e+02
1.35400e+03 1.9743691336e+05 1.4663551645e+01
1.35500e+03 1.9763200460e+05 4.7811809859e+02
1.35600e+03 1.9782678712e+05 7.4834744745e+02
1.35700e+03 1.9802642059e+05 5.5158793455e+02
1.35800e+03 1.9822551672e+05 4.7704621583e+02
1.35900e+03 1.9842025382e+05 2.6188392584e+02
1.36000e+03 1.9859232004e+05 3.2612317972e+01
1.36100e+03 1.9876812811e+05 4.5464352638e+02
1.36200e+03 1.9896000706e+05 2.5440485916e+02
1.36300e+03 1.9915209614e+05 7.2317523421e+02
1.36400e+03 1.9934369347e+05 2.5527430891e+02
1.36500e+03 1.9953094601e+05 7.4845526933e+00
1.36600e+03 1.9971807603e+05 5.0952546058e+02
1.36700e+03 1.9991013683e+05 2.5499075617e+02
1.36800e+03 2.0010173599e+05 2.5473759614e+02
1.36900e+03 2.0028900112e+05 5.0902852314e+02
1.37000e+03 2.0045436482e+05 4.4748635798e+02
1.37100e+03 2.0062042835e+05 9.9017708406e+02
1.37200e+03 2.0078700661e+05 4.9568170381e+02
1.37300e+03 2.0095672225e+05 7.5755991748e+02
1.37400e+03 2.0112684812e+05 2.3431261795e+03
1.37500e+03 2.0129360263e+05 2.0424157149e+02
1.37600e+03 2.0148269118e+05 2.5669429756e+02
1.37700e+03 2.0167117899e+05 2.5766028259e+02
1.37800e+03 2.0185915257e+05 2.4703839460e+02
1.37900e+03 2.0204717287e+05 2.4632384588e+02
1.38000e+03 2.0223489231e+05 2.4582337723e+02
1.38100e+03 2.0242275209e+05 2.4541703954e+02
1.38200e+03 2.0261036436e+05 2.4506445308e+02
1.38300e+03 2.0280282581e+05 4.6510533873e+02
1.38400e+03 2.0299476459e+05 7.3974212485e+02
1.38500e+03 2.0318232603e+05 2.4452103942e+02
1.38600e+03 2.0334792620e+05 2.6135712846e+02
1.38700e+03 2.0351420106e+05 7.8959566294e+02
1.38800e+03 2.0370294341e+05 2.4540659289e+02
1.38900e+03 2.0389588645e+05 5.2926214680e+02
1.39000e+03 2.0408809268e+05 2.5423805612e+02
1.39100e+03 2.0428049534e+05 2.5344342677e+02
1.39200e+03 2.0447240879e+05 2.5289721547e+02
1.39300e+03 2.0465995921e+05 2.4515016827e+02
1.39400e+03 2.0484736344e+05 2.6154596538e+02
1.39500e+03 2.0503967728e+05 2.5255550232e+02
1.39600e+03 2.0523150767e+05 2.5221988329e+02
1.39700e+03 2.0542365347e+05 2.5179962381e+02
1.39800e+03 2.0561538059e+05 2.5144454206e+02
1.39900e+03 2.0580278799e+05 2.6114140593e+02
1.40000e+03 2.0596828187e+05 7.3040189073e+02
1.40100e+03 2.0613752251e+05 1.7483162852e+03
1.40200e+03 2.0632210195e+05 7.1476734442e+00
1.40300e+03 2.0650223563e+05 7.2737311861e+00
1.40400e+03 2.0666110799e+05 1.0094382681e+03
1.40500e+03 2.0682064380e+05 1.2023817312e+03
1.40600e+03 2.0700190114e+05 4.9770388742e+02
1.40700e+03 2.0718737543e+05 2.3738105683e+02
1.40800e+03 2.0735746197e+05 1.9316481934e+03
1.40900e+03 2.0752727016e+05 3.9171465420e+02
1.41000e+03 2.0771233960e+05 2.3763367124e+02
1.41100e+03 2.0789753181e+05 3.9800555693e+02
1.41200e+03 2.0808218034e+05 3.9718664723e+02
1.41300e+03 2.0826242746e+05 7.0278862152e+02
1.41400e+03 2.0842143773e+05 3.9146085814e+02
1.41500e+03 2.0858416137e+05 2.2881330596e+02
1.41600e+03 2.0876147818e+05 7.3317218526e+00
1.41700e+03 2.0893434416e+05 3.8368826522e+02
1.41800e+03 2.0908667177e+05 2.2190182258e+02
1.41900e+03 2.0924270411e+05 1.4015682224e+01
1.42000e+03 2.0941258484e+05 1.7498707952e+02
1.42100e+03 2.0957803120e+05 2.1426029241e+02
1.42200e+03 2.0972369334e+05 2.0667129065e+01
1.42300e+03 2.0987306207e+05 1.6814848749e+02
1.42400e+03 2.1002299543e+05 5.6861335742e+02
1.42500e+03 2.1016968877e+05 5.7926038081e+02
1.42600e+03 2.1033656296e+05 1.0168372618e+03
1.42700e+03 2.1050760169e+05 5.5389126029e+02
1.42800e+03 2.1066466435e+05 7.1293107221e+00
1.42900e+03 2.1082141261e+05 1.7916087611e+02
1.43000e+03 2.1097861535e+05 1.7912179856e+02
1.43100e+03 2.1113245874e+05 2.2539862617e+02
1.43200e+03 2.1128659760e+05 3.9154485509e+02
1.43300e+03 2.1144375513e+05 1.7935194509e+02
1.43400e+03 2.1160120373e+05 1.7941844632e+02
1.43500e+03 2.1175827987e+05 1.7915764555e+02
1.43600e+03 2.1192908076e+05 3.7183436674e+02
1.43700e+03 2.1209528623e+05 3.7126596968e+02
1.43800e+03 2.1224153162e+05 3.1415152167e+02
1.43900e+03 2.1238835518e+05 4.7972227688e+02
1.44000e+03 2.1255541535e+05 3.7108068461e+02
1.44100e+03 2.1272666318e+05 3.6551298385e+02
1.44200e+03 2.1288391995e+05 3.3598421718e+02
1.44300e+03 2.1304086119e+05 3.3551332925e+02
1.44400e+03 2.1319825238e+05 1.7811467811e+02
1.44500e+03 2.1335533235e+05 1.7807529798e+02
1.44600e+03 2.1352617021e+05 3.6518444094e+02
1.44700e+03 2.1369710022e+05 5.1326697496e+02
1.44800e+03 2.1385421757e+05 1.7762338276e+02
1.44900e+03 2.1400803503e+05 6.9939061104e+00
1.45000e+03 2.1416222451e+05 5.2101912575e+02
1.45100e+03 2.1431947126e+05 1.7761253767e+02
1.45200e+03 2.1449039431e+05 5.1283889924e+02
1.45300e+03 2.1466138381e+05 2.0511949433e+02
1.45400e+03 2.1483182747e+05 2.0443498378e+02
1.45500e+03 2.1499783210e+05 8.3413463361e+02
1.45600e+03 2.1514400501e+05 1.6941836485e+02
1.45700e+03 2.1529386441e+05 2.2445742300e+02
1.45800e+03 2.1545685950e+05 7.4485608046e+00
1.45900e+03 2.1561540659e+05 1.6179139868e+02
1.46000e+03 2.1575484464e+05 2.1749810740e+02
1.46100e+03 2.1589796896e+05 1.4176189384e+01
1.46200e+03 2.1605348637e+05 1.1866339551e+02
1.46300e+03 2.1620457718e+05 2.0982432377e+02
1.46400e+03 2.1635556119e+05 1.1884684500e+03
1.46500e+03 2.1651140934e+05 3.0019281441e+02
1.46600e+03 2.1666685060e+05 2.0953833554e+02
1.46700e+03 2.1681790358e+05 1.6418199484e+02
1.46800e+03 2.1695066580e+05 2.0837838458e+01
1.46900e+03 2.1708408506e+05 1.0508492667e+03
1.47000e+03 2.1723630849e+05 1.6525722573e+02
1.47100e+03 2.1739278617e+05 2.0995832988e+02
1.47200e+03 2.1754864367e+05 1.7430166579e+02
1.47300e+03 2.1770467647e+05 1.7368248074e+02
1.47400e+03 2.1784846937e+05 6.8758339834e+02
1.47500e+03 2.1798900162e+05 1.7220496302e+02
1.47600e+03 2.1814905072e+05 1.9120207524e+02
1.47700e+03 2.1831327081e+05 8.1872908934e+00
1.47800e+03 2.1846419245e+05 1.7916149636e+02
1.47900e+03 2.1861477985e+05 6.4893756803e+02
1.48000e+03 2.1876579153e+05 1.6294394503e+02
1.48100e+03 2.1891343404e+05 1.9812112736e+02
1.48200e+03 2.1908125709e+05 1.5953060733e+01
1.48300e+03 2.1924848089e+05 3.8821076269e+02
1.48400e+03 2.1939544841e+05 6.9756303718e+02
1.48500e+03 2.1954593736e+05 1.6268254202e+02
1.48600e+03 2.1969686792e+05 1.6243873719e+02
1.48700e+03 2.1984445846e+05 1.5567385176e+02
1.48800e+03 2.2001224418e+05 1.9622970415e+02
1.48900e+03 2.2018412665e+05 4.7219326663e+02
1.49000e+03 2.2034189864e+05 3.4908857462e+01
1.49100e+03 2.2049625784e+05 6.3013419930e+01
1.49200e+03 2.2065092437e+05 2.2616758856e+02
1.49300e+03 2.2080553918e+05 1.6995227042e+02
1.49400e+03 2.2096032042e+05 1.6989702892e+02
1.49500e+03 2.2111805774e+05 2.0439861867e+02
1.49600e+03 2.2128945764e+05 6.6895137501e+02
1.49700e+03 2.2146087977e+05 2.0329120249e+02
1.49800e+03 2.2161840186e+05 2.3248282266e+02
1.49900e+03 2.2177259418e+05 1.6930464132e+02
1.50000e+03 2.2192713906e+05 1.6889897233e+02
1.50100e+03 2.2208472017e+05 2.3209413009e+02
1.50200e+03 2.2225599627e+05 2.0296411486e+02
1.50300e+03 2.2242732406e+05 2.0266680521e+02
1.50400e+03 2.2258477899e+05 1.7518894341e+02
1.50500e+03 2.2274197168e+05 1.7462533319e+02
1.50600e+03 2.2289963792e+05 1.7466202288e+02
1.50700e+03 2.2305700273e+05 1.7465948182e+02
1.50800e+03 2.2322816064e+05 2.0234594415e+02
1.50900e+03 2.2339473926e+05 7.0354216308e+02
1.51000e+03 2.2354132701e+05 3.4709917241e+02
1.51100e+03 2.2369154836e+05 7.1434582963e+00
1.51200e+03 2.2384227868e+05 1.6041258791e+02
1.51300e+03 2.2398971371e+05 5.0872485505e+02
1.51400e+03 2.2415736305e+05 7.0270224264e+02
1.51500e+03 2.2432445494e+05 3.4726534685e+02
1.51600e+03 2.2449109950e+05 3.4591329848e+02
1.51700e+03 2.2466244945e+05 3.7038704671e+02
1.51800e+03 2.2481992362e+05 1.6704000014e+02
1.51900e+03 2.2497408147e+05 1.9938380987e+02
1.52000e+03 2.2514923199e+05 9.7720038437e+00
1.52100e+03 2.2532850237e+05 1.7479338893e+02
1.52200e+03 2.2549293210e+05 2.0613998080e+02
1.52300e+03 2.2565395994e+05 1.6632229022e+01
1.52400e+03 2.2583669093e+05 1.8219905721e+02
1.52500e+03 2.2602349393e+05 2.1346646585e+02
1.52600e+03 2.2619467524e+05 2.3367171559e+01
1.52700e+03 2.2636243858e+05 1.8875235661e+02
1.52800e+03 2.2653052787e+05 5.7902499996e+02
1.52900e+03 2.2670159428e+05 5.7724783770e+02
1.53000e+03 2.2688781059e+05 7.7294665948e+02
1.53100e+03 2.2707402646e+05 2.3055848423e+02
1.53200e+03 2.2725961222e+05 2.2969737251e+02
1.53300e+03 2.2744073504e+05 5.9247690283e+02
1.53400e+03 2.2760048910e+05 3.6755875825e+00
1.53500e+03 2.2776086999e+05 1.9029534629e+02
1.53600e+03 2.2794302234e+05 4.4300229757e+02
1.53700e+03 2.2812466812e+05 2.4907635279e+02
1.53800e+03 2.2828466794e+05 1.7833999336e+02
1.53900e+03 2.2844518984e+05 2.4502251329e+02
1.54000e+03 2.2862743900e+05 2.2134294021e+02
1.54100e+03 2.2881383012e+05 2.2964293862e+02
1.54200e+03 2.2899944752e+05 2.2944493134e+02
1.54300e+03 2.2918054750e+05 2.2057579943e+02
1.54400e+03 2.2934025915e+05 2.4448932143e+02
1.54500e+03 2.2950058731e+05 2.2092785570e+02
1.54600e+03 2.2968267628e+05 2.2019504126e+02
1.54700e+03 2.2986425737e+05 2.2045595768e+02
1.54800e+03 2.3002419932e+05 2.2093722056e+02
1.54900e+03 2.3018466454e+05 2.2011190871e+02
1.55000e+03 2.3036685251e+05 2.2033449861e+02
1.55100e+03 2.3054849915e+05 2.2017971820e+02
1.55200e+03 2.3070848291e+05 2.1993361222e+02
1.55300e+03 2.3086897825e+05 2.2014427167e+02
1.55400e+03 2.3105119076e+05 2.1998408733e+02
1.55500e+03 2.3123754122e+05 2.2917481536e+02
1.55600e+03 2.3140836091e+05 1.2836073824e+03
1.55700e+03 2.3157580337e+05 2.2671122531e+02
1.55800e+03 2.3176567962e+05 7.6637396038e+00
1.55900e+03 2.3195495077e+05 2.3504469030e+02
1.56000e+03 2.3214368465e+05 2.3366726582e+02
1.56100e+03 2.3233711984e+05 6.2292352653e+02
1.56200e+03 2.3251445430e+05 2.3299929122e+02
1.56300e+03 2.3268847827e+05 2.4767118831e+02
1.56400e+03 2.3288570697e+05 8.4948183457e+00
1.56500e+03 2.3308701659e+05 2.4064072607e+02
1.56600e+03 2.3327125789e+05 2.5433035302e+02
1.56700e+03 2.3345515765e+05 1.7819994381e+03
1.56800e+03 2.3365582944e+05 1.1067007220e+03
1.56900e+03 2.3385188077e+05 2.4870010545e+02
1.57000e+03 2.3404757942e+05 2.4692135634e+02
1.57100e+03 2.3424808727e+05 2.5618716435e+02
1.57200e+03 2.3443184169e+05 2.2242794690e+02
1.57300e+03 2.3461232950e+05 2.6162459806e+02
1.57400e+03 2.3479326172e+05 9.7614359160e+02
1.57500e+03 2.3497721548e+05 2.2225952411e+02
1.57600e+03 2.3517779849e+05 2.5584219814e+02
1.57700e+03 2.3537372470e+05 4.6244656617e+02
1.57800e+03 2.3556929062e+05 4.6185139760e+02
1.57900e+03 2.3576499058e+05 2.4526603798e+02
1.58000e+03 2.3596041594e+05 2.4488021477e+02
1.58100e+03 2.3616068767e+05 2.5535022608e+02
1.58200e+03 2.3634425350e+05 2.2184867156e+02
1.58300e+03 2.3652457338e+05 7.0585695144e+02
1.58400e+03 2.3670535327e+05 7.0499876870e+02
1.58500e+03 2.3688917163e+05 2.2149141721e+02
1.58600e+03 2.3708962126e+05 4.9493837772e+02
1.58700e+03 2.3729009285e+05 4.9464330340e+02
1.58800e+03 2.3747376650e+05 5.2166979366e+02
1.58900e+03 2.3765720253e+05 5.2076579733e+02
1.59000e+03 2.3785743282e+05 2.5395243756e+02
1.59100e+03 2.3805309564e+05 4.5876434791e+02
1.59200e+03 2.3824844848e+05 4.5823305973e+02
1.59300e+03 2.3844864337e+05 2.5342179205e+02
1.59400e+03 2.3863214030e+05 2.1977625749e+02
1.59500e+03 2.3881239191e+05 4.5770656051e+02
1.59600e+03 2.3901659267e+05 5.7882490140e+01
1.59700e+03 2.3922490195e+05 1.8601014035e+02
1.59800e+03 2.3941546440e+05 2.4436140564e+02
1.59900e+03 2.3960265545e+05 6.4764037056e+01
1.60000e+03 2.3981448597e+05 1.9345389802e+02
1.60100e+03 2.4003036507e+05 2.5168686166e+02
1.60200e+03 2.4024534013e+05 7.0517244552e+02
1.60300e+03 2.4045578330e+05 5.0947407773e+02
1.60400e+03 2.4064187853e+05 5.2726345962e+02
1.60500e+03 2.4082859794e+05 2.2483127728e+02
1.60600e+03 2.4104001523e+05 2.7369266944e+02
1.60700e+03 2.4125087540e+05 2.7383597045e+02
1.60800e+03 2.4143713893e+05 2.2477475038e+02
1.60900e+03 2.4162698906e+05 7.5254210082e+02
1.61000e+03 2.4183436194e+05 2.8863067892e+02
1.61100e+03 2.4204184645e+05 5.6240193970e+02
1.61200e+03 2.4223187579e+05 5.1396056533e+02
1.61300e+03 2.4241865382e+05 2.4143513267e+02
1.61400e+03 2.4263010513e+05 5.3920282923e+02
1.61500e+03 2.4284097242e+05 5.3867075287e+02
1.61600e+03 2.4302722607e+05 2.4118380857e+02
1.61700e+03 2.4321399873e+05 5.3865825604e+02
1.61800e+03 2.4342541962e+05 2.7249498002e+02
1.61900e+03 2.4364093998e+05 8.0358456213e+00
1.62000e+03 2.4383798968e+05 5.6114569327e+02
1.62100e+03 2.4403167600e+05 2.7913614026e+02
1.62200e+03 2.4422578630e+05 8.2483326244e+02
1.62300e+03 2.4441981581e+05 2.3758160372e+02
1.62400e+03 2.4463905792e+05 7.8212221403e+00
1.62500e+03 2.4485757936e+05 5.1711504436e+02
1.62600e+03 2.4505064825e+05 2.3630260177e+02
1.62700e+03 2.4524419797e+05 2.3558651060e+02
1.62800e+03 2.4546311936e+05 5.1627721003e+02
1.62900e+03 2.4568609863e+05 5.1069353494e+02
1.63000e+03 2.4588983719e+05 7.5824081330e+02
1.63100e+03 2.4609020144e+05 5.7084147250e+01
1.63200e+03 2.4629099771e+05 3.0010538193e+02
1.63300e+03 2.4649169472e+05 2.4986840842e+02
1.63400e+03 2.4671833430e+05 7.7181915653e+00
1.63500e+03 2.4694891564e+05 7.6508464948e+02
1.63600e+03 2.4717849880e+05 1.5703471730e+03
1.63700e+03 2.4740353579e+05 5.4238712827e+02
1.63800e+03 2.4762820634e+05 5.3987570840e+02
1.63900e+03 2.4785773282e+05 3.0700476472e+02
1.64000e+03 2.4808662437e+05 3.0600614569e+02
1.64100e+03 2.4831115333e+05 2.9700262761e+02
1.64200e+03 2.4851001073e+05 2.4767965680e+02
1.64300e+03 2.4870956123e+05 2.9636415319e+02
1.64400e+03 2.4893529319e+05 2.9776703875e+02
1.64500e+03 2.4916516607e+05 3.0604652691e+02
1.64600e+03 2.4937516203e+05 6.0897079296e+02
1.64700e+03 2.4958488258e+05 2.1826894355e+03
1.64800e+03 2.4981430626e+05 3.0627261020e+02
1.64900e+03 2.5003910798e+05 2.9774202459e+02
1.65000e+03 2.5023807057e+05 5.6828906158e+02
1.65100e+03 2.5044071105e+05 2.9888626976e+02
1.65200e+03 2.5066235596e+05 2.2370756814e+01
1.65300e+03 2.5087946137e+05 2.1247651536e+02
1.65400e+03 2.5107154623e+05 2.9170965790e+02
1.65500e+03 2.5126733932e+05 1.5500986207e+01
1.65600e+03 2.5148140266e+05 2.0468247697e+02
1.65700e+03 2.5169096112e+05 2.8387100266e+02
1.65800e+03 2.5190023118e+05 7.7683354355e+02
1.65900e+03 2.5211440441e+05 5.1709287290e+02
1.66000e+03 2.5231051806e+05 5.7230663800e+02
1.66100e+03 2.5250343449e+05 1.0668919138e+03
1.66200e+03 2.5272174987e+05 9.0453236816e+00
1.66300e+03 2.5293950194e+05 2.8169581463e+02
1.66400e+03 2.5315669363e+05 2.8029043113e+02
1.66500e+03 2.5337865106e+05 4.1328080924e+01
1.66600e+03 2.5359996199e+05 5.7224883504e+02
1.66700e+03 2.5381689390e+05 2.7918999423e+02
1.66800e+03 2.5400890888e+05 4.9505167568e+02
1.66900e+03 2.5420466375e+05 7.7611616137e+02
1.67000e+03 2.5440109505e+05 7.7565769363e+02
1.67100e+03 2.5459422240e+05 2.8925733191e+02
1.67200e+03 2.5478777709e+05 2.9724368345e+02
1.67300e+03 2.5498433173e+05 2.3754909898e+02
1.67400e+03 2.5518127404e+05 2.3782254992e+02
1.67500e+03 2.5537475509e+05 2.3834441116e+02
1.67600e+03 2.5559349131e+05 2.8045534015e+02
1.67700e+03 2.5581154694e+05 2.8129859332e+02
1.67800e+03 2.5602896638e+05 2.7970050529e+02
1.67900e+03 2.5625110356e+05 1.0126465180e+03
1.68000e+03 2.5645427599e+05 6.2301204863e+00
1.68100e+03 2.5665417189e+05 3.2801983106e+02
1.68200e+03 2.5688018118e+05 2.1074334588e+02
1.68300e+03 2.5711025039e+05 1.4155916360e+01
1.68400e+03 2.5733939220e+05 7.8405422573e+02
1.68500e+03 2.5756403219e+05 4.9653776962e+02
1.68600e+03 2.5776291864e+05 5.6439374311e+02
1.68700e+03 2.5796550514e+05 5.5255270337e+02
1.68800e+03 2.5818709811e+05 2.7219714921e+02
1.68900e+03 2.5840881851e+05 5.6628837117e+02
1.69000e+03 2.5862992365e+05 2.8548827585e+02
1.69100e+03 2.5885134304e+05 2.8490176622e+02
1.69200e+03 2.5905403195e+05 5.5151663466e+02
1.69300e+03 2.5925354776e+05 2.4184428617e+02
1.69400e+03 2.5947920973e+05 8.6413338589e+02
1.69500e+03 2.5970898209e+05 8.3529696635e+00
1.69600e+03 2.5991886943e+05 1.8551157720e+01
1.69700e+03 2.6012846889e+05 5.6414070467e+02
1.69800e+03 2.6035774822e+05 3.0113566369e+02
1.69900e+03 2.6058240011e+05 8.6328115870e+02
1.70000e+03 2.6078122489e+05 7.9376460802e+02
1.70100e+03 2.6098067339e+05 8.3151016564e+02
1.70200e+03 2.6120625125e+05 2.9174080664e+02
1.70300e+03 2.6143594705e+05 3.0075797478e+02
1.70400e+03 2.6164577162e+05 8.3061587988e+02
1.70500e+03 2.6185226022e+05 2.9848917147e+02
1.70600e+03 2.6208556347e+05 2.4702307134e+01
1.70700e+03 2.6232290129e+05 2.4625051720e+02
1.70800e+03 2.6253955019e+05 3.0501500875e+02
1.70900e+03 2.6275282876e+05 3.1467577817e+01
1.71000e+03 2.6299365098e+05 2.5352323404e+02
1.71100e+03 2.6323378850e+05 5.8488200735e+02
1.71200e+03 2.6344632759e+05 6.2179592191e+02
1.71300e+03 2.6366242662e+05 8.5065257844e+02
1.71400e+03 2.6389894043e+05 8.7501190215e+02
1.71500e+03 2.6413083329e+05 4.9264430886e+00
1.71600e+03 2.6433617888e+05 2.3452681219e+02
1.71700e+03 2.6454521037e+05 3.2375086408e+02
1.71800e+03 2.6477396597e+05 2.8366915463e+00
1.71900e+03 2.6499817662e+05 2.2661007051e+02
1.72000e+03 2.6519665717e+05 3.1656207092e+02
1.72100e+03 2.6539885380e+05 9.6687083106e+00
1.72200e+03 2.6562004030e+05 2.1881436433e+02
1.72300e+03 2.6584137998e+05 8.3529194277e+02
1.72400e+03 2.6604391353e+05 5.7280916415e+02
1.72500e+03 2.6624324123e+05 8.0302772569e+02
1.72600e+03 2.6646868243e+05 8.1907563726e+02
1.72700e+03 2.6669354830e+05 5.7144839073e+02
1.72800e+03 2.6689241485e+05 2.3746327915e+02
1.72900e+03 2.6709488459e+05 2.4452490446e+02
1.73000e+03 2.6731629708e+05 5.7110293100e+02
1.73100e+03 2.6753314803e+05 8.0149165026e+00
1.73200e+03 2.6774965353e+05 2.7209860425e+02
1.73300e+03 2.6797103871e+05 5.7057733545e+02
1.73400e+03 2.6819185213e+05 2.8036647976e+02
1.73500e+03 2.6841299982e+05 2.7984861641e+02
1.73600e+03 2.6861545569e+05 2.4665862078e+02
1.73700e+03 2.6881779881e+05 8.2483508243e+02
1.73800e+03 2.6903913271e+05 2.8008924666e+02
1.73900e+03 2.6925592833e+05 2.7177117314e+02
1.74000e+03 2.6944773603e+05 8.1449546855e+02
1.74100e+03 2.6964020340e+05 1.0440464601e+03
1.74200e+03 2.6985805484e+05 5.6988715968e+02
1.74300e+03 2.7008005936e+05 2.8066599550e+02
1.74400e+03 2.7030123790e+05 2.8022996952e+02
1.74500e+03 2.7052263361e+05 2.7934092477e+02
1.74600e+03 2.7074347925e+05 2.7872868508e+02
1.74700e+03 2.7096466328e+05 2.7823827895e+02
1.74800e+03 2.7118536397e+05 2.7781509312e+02
1.74900e+03 2.7140177692e+05 5.6893460241e+02
1.75000e+03 2.7159337737e+05 2.2124083846e+02
1.75100e+03 2.7178875427e+05 1.1087799086e+03
1.75200e+03 2.7198483270e+05 1.9228480025e+03
1.75300e+03 2.7217762705e+05 2.2134658688e+02
1.75400e+03 2.7239571771e+05 8.3764616274e+02
1.75500e+03 2.7261788708e+05 5.0515191953e+02
1.75600e+03 2.7282092245e+05 6.9569458837e+00
1.75700e+03 2.7302061124e+05 6.6746801774e+02
1.75800e+03 2.7322075576e+05 8.9646985897e+02
1.75900e+03 2.7342388339e+05 2.4133000587e+02
1.76000e+03 2.7362739844e+05 2.4156835369e+02
1.76100e+03 2.7382742389e+05 2.3533647395e+02
1.76200e+03 2.7402778984e+05 2.3960734283e+02
1.76300e+03 2.7423107621e+05 2.4148553439e+02
1.76400e+03 2.7445308879e+05 5.0595865976e+02
1.76500e+03 2.7467038257e+05 1.3120569002e+03
1.76600e+03 2.7488723128e+05 7.4341979503e+02
1.76700e+03 2.7510421978e+05 2.6800354848e+02
1.76800e+03 2.7529620762e+05 2.3286594420e+02
1.76900e+03 2.7549188633e+05 2.2938968609e+01
1.77000e+03 2.7570580360e+05 4.9965519427e+02
1.77100e+03 2.7591986941e+05 7.6987537854e+02
1.77200e+03 2.7613335058e+05 2.6091888989e+02
1.77300e+03 2.7634248255e+05 7.8565296077e+00
1.77400e+03 2.7652750751e+05 1.5953159215e+01
1.77500e+03 2.7671629249e+05 7.5291977859e+02
1.77600e+03 2.7692260629e+05 7.1673715104e+00
1.77700e+03 2.7712445011e+05 7.2881550714e+00
1.77800e+03 2.7730284625e+05 7.4553803717e+02
1.77900e+03 2.7748191946e+05 1.2117782704e+03
1.78000e+03 2.7766152921e+05 1.9116837582e+02
1.78100e+03 2.7784425871e+05 1.3215686730e+01
1.78200e+03 2.7804357141e+05 7.0010929792e+00
1.78300e+03 2.7823830045e+05 9.0891638291e+02
1.78400e+03 2.7843273530e+05 1.1381996194e+03
1.78500e+03 2.7863203250e+05 2.3173506407e+02
1.78600e+03 2.7881474215e+05 1.1854763073e+03
1.78700e+03 2.7899422960e+05 4.1242170308e+02
1.78800e+03 2.7917419772e+05 4.1236765762e+02
1.78900e+03 2.7935416798e+05 1.9140783659e+02
1.79000e+03 2.7953441419e+05 1.9149451802e+02
1.79100e+03 2.7971763239e+05 4.0157960138e+02
1.79200e+03 2.7991738218e+05 6.3196002473e+02
1.79300e+03 2.8011714367e+05 6.3179235367e+02
1.79400e+03 2.8031626924e+05 2.3051673373e+02
1.79500e+03 2.8051098025e+05 6.0324028659e+02
1.79600e+03 2.8068299086e+05 8.2356026758e+00
1.79700e+03 2.8085872090e+05 4.4604112795e+02
1.79800e+03 2.8103507099e+05 6.3725630530e+02
1.79900e+03 2.8120813538e+05 1.7616979289e+02
1.80000e+03 2.8140429273e+05 6.0435954638e+02
1.80100e+03 2.8159987427e+05 2.2239765579e+02
1.80200e+03 2.8179494123e+05 2.2108486620e+02
1.80300e+03 2.8199007313e+05 2.2041414100e+02
1.80400e+03 2.8218489946e+05 2.1995309689e+02
1.80500e+03 2.8238455771e+05 4.1327273491e+02
1.80600e+03 2.8256756700e+05 1.4226266820e+02
1.80700e+03 2.8274733014e+05 6.7705017243e+02
1.80800e+03 2.8295098888e+05 8.8324084092e+00
1.80900e+03 2.8315407919e+05 2.3651513478e+02
1.81000e+03 2.8333334333e+05 8.5962026848e+02
1.81100e+03 2.8351618146e+05 3.3231825632e+02
1.81200e+03 2.8371575050e+05 1.0505871676e+03
1.81300e+03 2.8391077432e+05 1.7151915991e+02
1.81400e+03 2.8410550976e+05 3.9870296098e+02
1.81500e+03 2.8430510254e+05 8.6638135091e+02
1.81600e+03 2.8448806933e+05 6.7633062769e+02
1.81700e+03 2.8467085387e+05 7.2427282699e+02
1.81800e+03 2.8485422305e+05 2.4396028931e+02
1.81900e+03 2.8503424516e+05 4.0738680619e+02
1.82000e+03 2.8521463277e+05 4.0810289164e+02
1.82100e+03 2.8539495722e+05 1.8927852193e+02
1.82200e+03 2.8557551595e+05 1.8926036532e+02
1.82300e+03 2.8575901393e+05 1.9575764405e+02
1.82400e+03 2.8595905152e+05 2.2869928272e+02
1.82500e+03 2.8615441342e+05 5.9710397610e+02
1.82600e+03 2.8632685662e+05 8.1155315156e+00
1.82700e+03 2.8650293744e+05 2.6009221752e+01
1.82800e+03 2.8669504158e+05 5.3169032828e+02
1.82900e+03 2.8688263390e+05 1.5877002098e+01
1.83000e+03 2.8704817728e+05 6.8998171752e+00
1.83100e+03 2.8721435957e+05 1.5992861267e+02
1.83200e+03 2.8740298012e+05 5.7453085091e+02
1.83300e+03 2.8759579192e+05 7.5284825017e+02
1.83400e+03 2.8778786222e+05 2.1243778134e+02
1.83500e+03 2.8798012677e+05 2.1167809071e+02
1.83600e+03 2.8815652491e+05 5.0530840308e+02
1.83700e+03 2.8833274117e+05 7.4351941513e+02
1.83800e+03 2.8852499154e+05 2.1164649018e+02
1.83900e+03 2.8871271232e+05 2.0414491172e+02
1.84000e+03 2.8890017091e+05 4.3863720533e+02
1.84100e+03 2.8909248436e+05 2.1148374563e+02
1.84200e+03 2.8926890155e+05 4.5206059618e+02
1.84300e+03 2.8944207890e+05 6.5610299907e+02
1.84400e+03 2.8961570852e+05 8.2330181514e+02
1.84500e+03 2.8979239469e+05 2.1190475062e+02
1.84600e+03 2.8996944616e+05 2.1232713665e+02
1.84700e+03 2.9014612171e+05 1.8027062904e+02
1.84800e+03 2.9032321867e+05 1.8013584325e+02
1.84900e+03 2.9049688905e+05 1.7386360230e+02
1.85000e+03 2.9067086419e+05 1.8872338274e+02
1.85100e+03 2.9084780876e+05 1.8022472029e+02
1.85200e+03 2.9104057404e+05 2.1178717020e+02
1.85300e+03 2.9123334641e+05 3.6069585593e+02
1.85400e+03 2.9142549043e+05 3.5971389834e+02
1.85500e+03 2.9161319667e+05 8.0008926929e+02
1.85600e+03 2.9177889310e+05 1.7176578349e+02
1.85700e+03 2.9194523911e+05 3.5280430702e+02
1.85800e+03 2.9211206257e+05 1.5884592422e+02
1.85900e+03 2.9228199342e+05 2.0367890391e+02
1.86000e+03 2.9245230968e+05 3.7673901731e+02
1.86100e+03 2.9262228656e+05 1.6571568660e+02
1.86200e+03 2.9280745161e+05 6.9789732706e+00
1.86300e+03 2.9298802297e+05 3.2314622210e+02
1.86400e+03 2.9314720258e+05 2.0366245178e+02
1.86500e+03 2.9331003374e+05 7.1457188609e+00
1.86600e+03 2.9348742723e+05 3.0687488081e+02
1.86700e+03 2.9366034280e+05 1.9580299581e+02
1.86800e+03 2.9381269839e+05 1.3962589623e+01
1.86900e+03 2.9396569517e+05 3.3484800469e+02
1.87000e+03 2.9411914653e+05 1.3144118773e+02
1.87100e+03 2.9427267582e+05 1.3184225939e+02
1.87200e+03 2.9444702075e+05 1.0687473990e+03
1.87300e+03 2.9462547623e+05 4.9597174573e+02
1.87400e+03 2.9478918532e+05 4.1386006740e+02
1.87500e+03 2.9494951366e+05 6.1471467257e+01
1.87600e+03 2.9513149347e+05 7.6348672902e+00
1.87700e+03 2.9531757070e+05 2.8714161233e+02
1.87800e+03 2.9550284573e+05 4.7556533851e+02
1.87900e+03 2.9568825187e+05 1.9489883243e+02
1.88000e+03 2.9585844081e+05 6.7889845769e+01
1.88100e+03 2.9602535754e+05 1.4215618532e+01
1.88200e+03 2.9621471059e+05 4.7415378751e+02
1.88300e+03 2.9640349613e+05 6.6921035797e+02
1.88400e+03 2.9659177149e+05 2.0068292148e+02
1.88500e+03 2.9678476511e+05 7.5874691388e+00
1.88600e+03 2.9696171451e+05 2.0961870977e+01
1.88700e+03 2.9713536295e+05 6.8089357717e+02
1.88800e+03 2.9733218383e+05 8.5455099648e+00
1.88900e+03 2.9753309576e+05 7.9183182776e+00
1.89000e+03 2.9771698659e+05 6.8715410401e+02
1.89100e+03 2.9789748564e+05 1.5387581347e+01
1.89200e+03 2.9810186258e+05 7.5560626401e+00
1.89300e+03 2.9831028232e+05 5.8716770042e+02
1.89400e+03 2.9850090076e+05 2.2099801695e+01
1.89500e+03 2.9868811239e+05 1.4261086135e+01
1.89600e+03 2.9889993490e+05 4.0775578807e+02
1.89700e+03 2.9911109506e+05 6.4629035859e+02
1.89800e+03 2.9932162787e+05 2.4404415152e+02
1.89900e+03 2.9953686061e+05 2.8890704597e+01
1.90000e+03 2.9975140216e+05 1.0713751331e+03
1.90100e+03 2.9996150578e+05 2.4274357442e+02
1.90200e+03 3.0014733888e+05 9.4953525373e+02
1.90300e+03 3.0033687294e+05 1.7060227855e+03
1.90400e+03 3.0054396159e+05 2.3504793596e+02
1.90500e+03 3.0074653189e+05 7.5333178423e+00
1.90600e+03 3.0092554435e+05 6.4999718835e+02
1.90700e+03 3.0110520007e+05 8.3783001055e+02
1.90800e+03 3.0130879668e+05 2.2803884502e+02
1.90900e+03 3.0151655607e+05 6.9590569426e+02
1.91000e+03 3.0170666053e+05 8.5072503579e+02
1.91100e+03 3.0189342495e+05 4.0681717805e+01
1.91200e+03 3.0210480877e+05 2.5154990995e+02
1.91300e+03 3.0232026113e+05 1.5418823223e+02
1.91400e+03 3.0253482901e+05 3.9775018811e+02
1.91500e+03 3.0274955002e+05 2.5012582207e+02
1.91600e+03 3.0296368482e+05 2.4944261160e+02
1.91700e+03 3.0317344315e+05 4.8629719795e+02
1.91800e+03 3.0335900296e+05 2.2736274597e+02
1.91900e+03 3.0354523820e+05 2.5076918370e+02
1.92000e+03 3.0375615967e+05 4.0344738714e+02
1.92100e+03 3.0396655726e+05 4.0368320310e+02
1.92200e+03 3.0417643472e+05 2.4037396967e+02
1.92300e+03 3.0439108837e+05 2.4912581755e+02
1.92400e+03 3.0458756053e+05 2.9752714027e+02
1.92500e+03 3.0478382709e+05 8.8809099767e+02
1.92600e+03 3.0499833662e+05 2.4925141909e+02
1.92700e+03 3.0520826858e+05 2.3966796617e+02
1.92800e+03 3.0541785322e+05 2.3913548031e+02
1.92900e+03 3.0562761534e+05 2.3872649906e+02
1.93000e+03 3.0583709723e+05 2.3838502596e+02
1.93100e+03 3.0604678122e+05 2.3806850483e+02
1.93200e+03 3.0625620099e+05 2.3776831729e+02
1.93300e+03 3.0647051459e+05 2.4866211828e+02
1.93400e+03 3.0666674303e+05 4.1562537661e+02
1.93500e+03 3.0685976041e+05 1.3645332186e+03
1.93600e+03 3.0707817348e+05 8.9932912960e+00
1.93700e+03 3.0730068867e+05 8.2015882821e+00
1.93800e+03 3.0752233328e+05 7.1542287640e+02
1.93900e+03 3.0773949489e+05 2.5399247632e+02
1.94000e+03 3.0793166260e+05 1.6202949983e+03
1.94100e+03 3.0812753427e+05 9.6331472251e+02
1.94200e+03 3.0834167173e+05 2.4623133765e+02
1.94300e+03 3.0855595611e+05 9.5246175220e+02
1.94400e+03 3.0875212986e+05 9.6229672522e+02
1.94500e+03 3.0894508137e+05 2.0312175669e+02
1.94600e+03 3.0916341791e+05 4.9975181781e+02
1.94700e+03 3.0938585647e+05 8.1541758512e+00
1.94800e+03 3.0960742594e+05 2.6166788235e+02
1.94900e+03 3.0982451431e+05 4.9917881630e+02
1.95000e+03 3.1004130491e+05 2.5104384514e+02
1.95100e+03 3.1026298079e+05 2.6064353673e+02
1.95200e+03 3.1046582584e+05 1.9453811209e+02
1.95300e+03 3.1066850530e+05 5.1419911585e+02
1.95400e+03 3.1089017173e+05 2.6047985627e+02
1.95500e+03 3.1110726851e+05 2.5080121016e+02
1.95600e+03 3.1132400743e+05 2.5049872255e+02
1.95700e+03 3.1154561451e+05 2.6015058269e+02
1.95800e+03 3.1174839376e+05 3.2575229925e+02
1.95900e+03 3.1195100751e+05 2.6015367009e+02
1.96000e+03 3.1217260376e+05 2.5982025224e+02
1.96100e+03 3.1238963401e+05 2.5018169869e+02
1.96200e+03 3.1260631028e+05 2.4986886879e+02
1.96300e+03 3.1282785805e+05 2.5950111297e+02
1.96400e+03 3.1303058667e+05 2.5984289444e+02
1.96500e+03 3.1323315273e+05 2.5951273922e+02
1.96600e+03 3.1345469896e+05 2.5919158748e+02
1.96700e+03 3.1367634846e+05 2.5903412519e+02
1.96800e+03 3.1387912554e+05 2.5930168624e+02
1.96900e+03 3.1408171775e+05 2.5895854156e+02
1.97000e+03 3.1430327935e+05 2.5879046556e+02
1.97100e+03 3.1452493643e+05 2.5853925343e+02
1.97200e+03 3.1474595631e+05 2.5773899671e+02
1.97300e+03 3.1496260989e+05 2.4924232504e+02
1.97400e+03 3.1517903878e+05 5.5139768075e+02
1.97500e+03 3.1540039948e+05 2.5718487752e+02
1.97600e+03 3.1560299139e+05 2.5851440716e+02
1.97700e+03 3.1580239174e+05 1.6130038857e+03
1.97800e+03 3.1600233397e+05 1.8220840290e+03
1.97900e+03 3.1620531640e+05 5.1640316198e+02
1.98000e+03 3.1640872362e+05 5.1670207317e+02
1.98100e+03 3.1661172326e+05 2.2075139618e+02
1.98200e+03 3.1683355553e+05 2.5774007742e+02
1.98300e+03 3.1705072207e+05 7.6506615160e+02
1.98400e+03 3.1726747562e+05 4.6197376906e+02
1.98500e+03 3.1748906555e+05 2.5771157305e+02
1.98600e+03 3.1769181099e+05 2.1986885856e+02
1.98700e+03 3.1789437855e+05 2.1921691527e+02
1.98800e+03 3.1811591390e+05 2.5715693887e+02
1.98900e+03 3.1833287715e+05 2.4760159865e+02
1.99000e+03 3.1852481271e+05 4.3968199412e+02
1.99100e+03 3.1872044051e+05 6.7059171263e+01
1.99200e+03 3.1891671883e+05 2.7952269030e+02
1.99300e+03 3.1910967598e+05 6.4650601231e+02
1.99400e+03 3.1932791901e+05 2.4884348104e+02
1.99500e+03 3.1955021977e+05 4.6285483394e+02
1.99600e+03 3.1977163041e+05 4.6226727575e+02
1.99700e+03 3.1998855008e+05 2.4855106083e+02
1.99800e+03 3.2020516844e+05 2.6614574548e+02
1.99900e+03 3.2042199598e+05 2.6578747122e+02
2.00000e+03 3.2061387645e+05 1.9811575823e+02
