0 0 2 2.5927423673e-01 -2.8531944758e-01 2.4858127126e-01 5.4973874042e-01 -2.0248505792e+00 2.1407807367e+00 5.3395804874e+00 -8.4601594420e-02 1.4146400219e-01 4.2013242078e-01
2 1 3 -3.6822644580e-03 -3.8549725313e-01 1.9398499674e-01 8.4474595378e-01 -3.6756255872e+00 2.5085206103e+00 7.7654757275e+00 -2.8531944758e-01 2.4858127126e-01 5.4973874042e-01
3 1 2 3.7903203676e-03 -2.7848628208e-01 2.7352590841e-01 5.4047222485e-01 -3.6516840641e+00 2.6761494685e+00 7.6665700129e+00 -3.8549725313e-01 1.9398499674e-01 8.4474595378e-01
2 0 0 -2.5952034183e-01 -7.3233985377e-02 1.4340636485e-01 4.0598403554e-01 -1.9132528175e+00 2.2580477332e+00 5.1661472667e+00 -2.7848628208e-01 2.7352590841e-01 5.4047222485e-01
0 1 1 -2.5865757396e-01 -1.8660627415e-01 6.8553058984e-02 6.7737881432e-01 -1.4197135759e+00 1.1987765968e+00 6.0179086625e+00 -7.3233985377e-02 1.4340636485e-01 4.0598403554e-01
1 0 3 3.8544167697e-03 -4.2248354293e-01 1.6864445363e-01 7.8920731319e-01 -3.3701214775e+00 1.2922514481e+00 8.0514358187e+00 -1.8660627415e-01 6.8553058984e-02 6.7737881432e-01
3 1 2 3.6887446138e-03 -3.0876881078e-01 2.4665777951e-01 5.0855588351e-01 -4.0123479038e+00 2.3872613182e+00 7.2177152963e+00 -4.2248354293e-01 1.6864445363e-01 7.8920731319e-01
2 0 0 -2.5941670536e-01 -9.9140493911e-02 1.1967490645e-01 3.7842923843e-01 -2.2282178068e+00 1.9733321146e+00 4.8431116188e+00 -3.0876881078e-01 2.4665777951e-01 5.0855588351e-01
0 0 2 2.5928354309e-01 -3.0734898513e-01 2.2017069916e-01 5.1036203542e-01 -2.2284848781e+00 1.8539926774e+00 4.8866607483e+00 -9.9140493911e-02 1.1967490645e-01 3.7842923843e-01
2 1 3 -3.6850211989e-03 -4.1044900707e-01 1.6504319941e-01 8.0330250739e-01 -3.9357605649e+00 2.1891213904e+00 7.3124639452e+00 -3.0734898513e-01 2.2017069916e-01 5.1036203542e-01
3 1 2 3.6301541252e-03 -3.0428292024e-01 2.4565915844e-01 5.0905919183e-01 -3.9306380845e+00 2.3547971672e+00 7.2628353743e+00 -4.1044900707e-01 1.6504319941e-01 8.0330250739e-01
2 0 0 -2.5941195446e-01 -9.7560962772e-02 1.2019210468e-01 3.7888668919e-01 -2.1967473682e+00 1.9734578266e+00 4.8486288405e+00 -3.0428292024e-01 2.4565915844e-01 5.0905919183e-01
0 1 1 -2.5873216350e-01 -2.1092510830e-01 4.5295572558e-02 6.4472997117e-01 -1.6852189900e+00 9.4398952783e-01 5.6819838274e+00 -9.7560962772e-02 1.2019210468e-01 3.7888668919e-01
1 1 0 2.5913613306e-01 -1.0426539361e-01 1.3410559960e-01 3.8861660452e-01 -1.7469222724e+00 1.0395465083e+00 5.7163230274e+00 -2.1092510830e-01 4.5295572558e-02 6.4472997117e-01
0 0 2 2.5928851988e-01 -3.0855519612e-01 2.2309339594e-01 5.1301157217e-01 -2.2561322466e+00 1.9246276240e+00 4.9345436609e+00 -1.0426539361e-01 1.3410559960e-01 3.8861660452e-01
2 1 3 -3.6849697514e-03 -4.1051899636e-01 1.6660267553e-01 8.0522366699e-01 -3.9416268736e+00 2.2130032493e+00 7.3378836659e+00 -3.0855519612e-01 2.2309339594e-01 5.1301157217e-01
3 0 1 -3.6140256308e-03 -1.8217885840e-01 6.9655872229e-02 6.7283554943e-01 -3.2643912983e+00 1.2908498837e+00 8.0898942361e+00 -4.1051899636e-01 1.6660267553e-01 8.0522366699e-01
1 0 3 3.6100295362e-03 -4.1561543838e-01 1.7563339691e-01 7.8509712712e-01 -3.2831752529e+00 1.3741067498e+00 7.9956776779e+00 -1.8217885840e-01 6.9655872229e-02 6.7283554943e-01
3 1 2 3.6888052136e-03 -3.0405484992e-01 2.4934766267e-01 5.0870787198e-01 -3.9504470662e+00 2.4387958571e+00 7.2031382127e+00 -4.1561543838e-01 1.7563339691e-01 7.8509712712e-01
2 0 0 -2.5947268539e-01 -9.6168424313e-02 1.2156411691e-01 3.7884755337e-01 -2.1849339607e+00 1.9986877654e+00 4.8459232775e+00 -3.0405484992e-01 2.4934766267e-01 5.0870787198e-01
0 1 1 -2.5859285555e-01 -2.0993640598e-01 4.6191264558e-02 6.4348153824e-01 -1.6725315646e+00 9.5606744774e-01 5.6738286788e+00 -9.6168424313e-02 1.2156411691e-01 3.7884755337e-01
1 1 0 2.5913581341e-01 -1.0352464069e-01 1.3450677694e-01 3.8840174573e-01 -1.7373945359e+00 1.0467192891e+00 5.7091063172e+00 -2.0993640598e-01 4.6191264558e-02 6.4348153824e-01
0 0 2 2.5923862271e-01 -3.0775304649e-01 2.2320574411e-01 5.1252056399e-01 -2.2474735638e+00 1.9273551840e+00 4.9304875150e+00 -1.0352464069e-01 1.3450677694e-01 3.8840174573e-01
2 0 0 -2.5939542001e-01 -9.8114385214e-02 1.2134796462e-01 3.8338102192e-01 -2.2098079126e+00 1.9348437926e+00 4.9110267123e+00 -3.0775304649e-01 2.2320574411e-01 5.1252056399e-01
0 1 1 -2.5859200924e-01 -2.1193530863e-01 4.5748379456e-02 6.4942174280e-01 -1.6958141873e+00 9.5282849436e-01 5.7367295020e+00 -9.8114385214e-02 1.2134796462e-01 3.8338102192e-01
1 0 3 3.5632813743e-03 -4.5107906552e-01 1.4264689390e-01 7.5944282198e-01 -3.6718462589e+00 1.0194308610e+00 7.7331830728e+00 -2.1193530863e-01 4.5748379456e-02 6.4942174280e-01
3 1 2 3.6589406927e-03 -3.3597876459e-01 2.2214427391e-01 4.8293739538e-01 -4.3170024247e+00 2.1021974206e+00 6.9068381456e+00 -4.5107906552e-01 1.4264689390e-01 7.5944282198e-01
2 0 0 -2.5931023238e-01 -1.2326569781e-01 9.8035187011e-02 3.5479181210e-01 -2.5176292371e+00 1.7147857275e+00 4.5752188667e+00 -3.3597876459e-01 2.2214427391e-01 4.8293739538e-01
0 1 1 -2.5906527884e-01 -2.3669047333e-01 2.2313490113e-02 6.1519959600e-01 -1.9664107359e+00 6.9638542961e-01 5.3810248497e+00 -1.2326569781e-01 9.8035187011e-02 3.5479181210e-01
1 1 0 2.5925003340e-01 -1.2780964613e-01 1.1241352505e-01 3.6374112640e-01 -2.0153175334e+00 7.8612691653e-01 5.4127997943e+00 -2.3669047333e-01 2.2313490113e-02 6.1519959600e-01
0 0 2 2.5911869972e-01 -3.3679109578e-01 2.0040797123e-01 4.8738686656e-01 -2.5467051632e+00 1.6812001521e+00 4.6581448788e+00 -1.2780964613e-01 1.1241352505e-01 3.6374112640e-01
2 1 3 -3.6501172532e-03 -4.3906524432e-01 1.4078491642e-01 7.7524846901e-01 -4.2537985453e+00 1.9417610388e+00 7.0267123964e+00 -3.3679109578e-01 2.0040797123e-01 4.8738686656e-01
3 0 1 -3.7266821995e-03 -2.0689815666e-01 4.5503533200e-02 6.4453913455e-01 -3.5633401810e+00 1.0088316820e+00 7.7716013387e+00 -4.3906524432e-01 1.4078491642e-01 7.7524846901e-01
1 0 3 3.5632821285e-03 -4.4379126316e-01 1.4965803221e-01 7.5606410173e-01 -3.5761105580e+00 1.0970661501e+00 7.6804217534e+00 -2.0689815666e-01 4.5503533200e-02 6.4453913455e-01
3 1 2 3.6611529916e-03 -3.3118405300e-01 2.2514357752e-01 4.8366913192e-01 -4.2528571399e+00 2.1557595668e+00 6.8994650794e+00 -4.4379126316e-01 1.4965803221e-01 7.5606410173e-01
2 0 0 -2.5943312354e-01 -1.2016866703e-01 1.0020863060e-01 3.5576539275e-01 -2.4732925410e+00 1.7435976057e+00 4.5843918528e+00 -3.3118405300e-01 2.2514357752e-01 4.8366913192e-01
0 1 1 -2.5869220777e-01 -2.3427169779e-01 2.4167100657e-02 6.1551861887e-01 -1.9364729634e+00 7.1831130180e-01 5.3879886021e+00 -1.2016866703e-01 1.0020863060e-01 3.5576539275e-01
1 1 0 2.5934059016e-01 -1.2610895883e-01 1.1361300835e-01 3.6450165798e-01 -1.9930802463e+00 8.0311301670e-01 5.4193412320e+00 -2.3427169779e-01 2.4167100657e-02 6.1551861887e-01
0 0 2 2.5918070304e-01 -3.3501583411e-01 2.0129176298e-01 4.8787397568e-01 -2.5270400448e+00 1.6924992686e+00 4.6648760460e+00 -1.2610895883e-01 1.1361300835e-01 3.6450165798e-01
2 1 3 -3.6484154554e-03 -4.3755573778e-01 1.4179017768e-01 7.7553658058e-01 -4.2357989804e+00 1.9523360467e+00 7.0309487859e+00 -3.3501583411e-01 2.0129176298e-01 4.8787397568e-01
3 0 1 -4.0443514782e-03 -2.0580929793e-01 4.6397727895e-02 6.4491355538e-01 -3.5488682018e+00 1.0195934205e+00 7.7752547985e+00 -4.3755573778e-01 1.4179017768e-01 7.7553658058e-01
1 0 3 3.5654275317e-03 -4.4268449424e-01 1.5041825326e-01 7.5636582803e-01 -3.5639152986e+00 1.1061553074e+00 7.6841409843e+00 -2.0580929793e-01 4.6397727895e-02 6.4491355538e-01
3 1 2 3.6660649017e-03 -3.3024942395e-01 2.2571557005e-01 4.8406025106e-01 -4.2417132884e+00 2.1631974614e+00 6.9034416726e+00 -4.4268449424e-01 1.5041825326e-01 7.5636582803e-01
2 0 0 -2.5930583150e-01 -1.1947073189e-01 1.0074472909e-01 3.5618119553e-01 -2.4641150135e+00 1.7497961105e+00 4.5886991752e+00 -3.3024942395e-01 2.2571557005e-01 4.8406025106e-01
0 1 1 -2.5904879193e-01 -2.3362005729e-01 2.4677811735e-02 6.1584689118e-01 -1.9291859991e+00 7.2393974257e-01 5.3920289456e+00 -1.1947073189e-01 1.0074472909e-01 3.5618119553e-01
1 0 3 3.5966625661e-03 -4.7695206913e-01 1.1747375721e-01 7.2705058468e-01 -3.9374087588e+00 7.6071068286e-01 7.3712477319e+00 -2.3362005729e-01 2.4677811735e-02 6.1584689118e-01
3 1 2 3.6604844003e-03 -3.6136418230e-01 1.9795216766e-01 4.5667078089e-01 -4.5975489090e+00 1.8228733691e+00 6.5785985595e+00 -4.7695206913e-01 1.1747375721e-01 7.2705058468e-01
2 0 0 -2.5932502789e-01 -1.4624912142e-01 7.7045751574e-02 3.3126213349e-01 -2.7905862546e+00 1.4623747681e+00 4.3047121938e+00 -3.6136418230e-01 1.9795216766e-01 4.5667078089e-01
0 0 2 2.5923088659e-01 -3.6083231926e-01 1.7563522104e-01 4.5959615542e-01 -2.7850983255e+00 1.3769351939e+00 4.3447584684e+00 -1.4624912142e-01 7.7045751574e-02 3.3126213349e-01
2 1 3 -3.7550396116e-03 -4.6493941154e-01 1.1449812245e-01 7.4358913104e-01 -4.5293549152e+00 1.6573325052e+00 6.6939236308e+00 -3.6083231926e-01 1.7563522104e-01 4.5959615542e-01
3 0 1 -3.6896117619e-03 -2.3033784120e-01 2.1645802536e-02 6.1515470731e-01 -3.8411905793e+00 7.2666763748e-01 7.4380103751e+00 -4.6493941154e-01 1.1449812245e-01 7.4358913104e-01
1 1 0 2.5912504546e-01 -1.2044167627e-01 1.1954075515e-01 3.6916513706e-01 -1.9271408926e+00 8.6995671161e-01 5.4770221156e+00 -2.3033784120e-01 2.1645802536e-02 6.1515470731e-01
0 0 2 2.5922871797e-01 -3.3006577699e-01 2.0404807588e-01 4.8906743941e-01 -2.4667686579e+00 1.7373505433e+00 4.6907831492e+00 -1.2044167627e-01 1.1954075515e-01 3.6916513706e-01
2 1 3 -3.6500547115e-03 -4.3392100200e-01 1.4435149019e-01 7.7619031154e-01 -4.1891680331e+00 1.9816996741e+00 7.0402543423e+00 -3.3006577699e-01 2.0404807588e-01 4.8906743941e-01
3 0 1 -4.0443340841e-03 -2.0330150310e-01 4.8503308292e-02 6.4586137365e-01 -3.5145371114e+00 1.0459246852e+00 7.7842304119e+00 -4.3392100200e-01 1.4435149019e-01 7.7619031154e-01
1 1 0 2.5913654451e-01 -9.5584293428e-02 1.4305251578e-01 3.9580164122e-01 -1.6451375654e+00 1.1520699147e+00 5.8005117147e+00 -2.0330150310e-01 4.8503308292e-02 6.4586137365e-01
0 0 2 2.5903592427e-01 -3.0077922345e-01 2.2800487497e-01 5.1574347355e-01 -2.1631288922e+00 1.9974749203e+00 4.9819943163e+00 -9.5584293428e-02 1.4305251578e-01 3.9580164122e-01
2 0 0 -2.5945436093e-01 -9.3288166907e-02 1.2518131248e-01 3.8645115907e-01 -2.1439603217e+00 1.9833943761e+00 4.9454443001e+00 -3.0077922345e-01 2.2800487497e-01 5.1574347355e-01
0 1 1 -2.5884290181e-01 -2.0786780753e-01 4.9153062517e-02 6.5205685762e-01 -1.6475225998e+00 9.9224099287e-01 5.7684890511e+00 -9.3288166907e-02 1.2518131248e-01 3.8645115907e-01
1 0 3 3.5606696531e-03 -4.4711751714e-01 1.4583818304e-01 7.6167941525e-01 -3.6268055369e+00 1.0563008764e+00 7.7599049082e+00 -2.0786780753e-01 4.9153062517e-02 6.5205685762e-01
3 1 2 3.6643373092e-03 -3.3263405034e-01 2.2465486790e-01 4.8505693083e-01 -4.2772071281e+00 2.1341547234e+00 6.9314877587e+00 -4.4711751714e-01 1.4583818304e-01 7.6167941525e-01
2 0 0 -2.5931929308e-01 -1.2066912865e-01 1.0016205653e-01 3.5671499135e-01 -2.4841789186e+00 1.7408386810e+00 4.5971302582e+00 -3.3263405034e-01 2.2465486790e-01 4.8505693083e-01
0 1 1 -2.5871896071e-01 -2.3426626539e-01 2.4366783918e-02 6.1707388121e-01 -1.9389585501e+00 7.1926991587e-01 5.4024708739e+00 -1.2066912865e-01 1.0016205653e-01 3.5671499135e-01
1 0 3 3.5953838511e-03 -4.7726200381e-01 1.1755823259e-01 7.2820432212e-01 -3.9428155133e+00 7.5951890547e-01 7.3843929798e+00 -2.3426626539e-01 2.4366783918e-02 6.1707388121e-01
3 1 2 3.6995310954e-03 -3.6144997292e-01 1.9826937154e-01 4.5733353397e-01 -4.5996440901e+00 1.8253483712e+00 6.5885346994e+00 -4.7726200381e-01 1.1755823259e-01 7.2820432212e-01
2 0 0 -2.5933034330e-01 -1.4615235796e-01 7.7266350400e-02 3.3173835799e-01 -2.7904947150e+00 1.4652551030e+00 4.3108690160e+00 -3.6144997292e-01 1.9826937154e-01 4.5733353397e-01
0 0 2 2.5922916196e-01 -3.6066117563e-01 1.7597339427e-01 4.6015180292e-01 -2.7836488595e+00 1.3800427454e+00 4.3504940629e+00 -1.4615235796e-01 7.7266350400e-02 3.3173835799e-01
2 1 3 -3.7626776696e-03 -4.6469411130e-01 1.1485050733e-01 7.4425839649e-01 -4.5270513403e+00 1.6611926830e+00 6.7008540317e+00 -3.6066117563e-01 1.7597339427e-01 4.6015180292e-01
3 0 1 -3.6432097406e-03 -2.3007080399e-01 2.1962222185e-02 6.1571539336e-01 -3.8382663873e+00 7.3042178824e-01 7.4447484360e+00 -4.6469411130e-01 1.1485050733e-01 7.4425839649e-01
1 1 0 2.5920705568e-01 -1.2014840011e-01 1.1986895151e-01 3.6958171910e-01 -1.9241170881e+00 8.7357508310e-01 5.4825140449e+00 -2.3007080399e-01 2.1962222185e-02 6.1571539336e-01
0 0 2 2.5927696639e-01 -3.2971221634e-01 2.0438890748e-01 4.8949808404e-01 -2.4630793586e+00 1.7409844485e+00 4.6954962672e+00 -1.2014840011e-01 1.1986895151e-01 3.6958171910e-01
2 1 3 -3.6615109982e-03 -4.3355416420e-01 1.4472406243e-01 7.7667505909e-01 -4.1852067874e+00 1.9856961234e+00 7.0454205878e+00 -3.2971221634e-01 2.0438890748e-01 4.8949808404e-01
3 0 1 -4.0443421430e-03 -2.0297272521e-01 4.8840574900e-02 6.4629173751e-01 -3.5106282495e+00 1.0499228431e+00 7.7892180565e+00 -4.3355416420e-01 1.4472406243e-01 7.7667505909e-01
1 0 3 3.5632992613e-03 -4.3996081894e-01 1.5247217493e-01 7.5760129560e-01 -3.5330930991e+00 1.1307862075e+00 7.6985147423e+00 -2.0297272521e-01 4.8840574900e-02 6.4629173751e-01
3 1 2 3.6606030035e-03 -3.2796695224e-01 2.2729221193e-01 4.8532209865e-01 -4.2144185038e+00 2.1834737549e+00 6.9176299418e+00 -4.3996081894e-01 1.5247217493e-01 7.5760129560e-01
2 0 0 -2.5930768865e-01 -1.1773752623e-01 1.0211784472e-01 3.5737235270e-01 -2.4415291968e+00 1.7664109264e+00 4.6020077001e+00 -3.2796695224e-01 2.2729221193e-01 4.8532209865e-01
0 1 1 -2.5872096555e-01 -2.3197370128e-01 2.6031273983e-02 6.1701627592e-01 -1.9106810672e+00 7.3886797939e-01 5.4053653569e+00 -1.1773752623e-01 1.0211784472e-01 3.5737235270e-01
1 0 3 3.5965652253e-03 -4.7517866023e-01 1.1883376703e-01 7.2809436493e-01 -3.9182217883e+00 7.7589956701e-01 7.3834048008e+00 -2.3197370128e-01 2.6031273983e-02 6.1701627592e-01
3 1 2 3.6974704255e-03 -3.5981288682e-01 1.9908520699e-01 4.5765659901e-01 -4.5794086673e+00 1.8368831848e+00 6.5900369584e+00 -4.7517866023e-01 1.1883376703e-01 7.2809436493e-01
2 0 0 -2.5936665508e-01 -1.4502496686e-01 7.8039616086e-02 3.3217661227e-01 -2.7749387373e+00 1.4743541620e+00 4.3150460324e+00 -3.5981288682e-01 1.9908520699e-01 4.5765659901e-01
0 1 1 -2.5886213149e-01 -2.5886272440e-01 1.7896368948e-03 5.8750054751e-01 -2.2063226922e+00 4.7426053696e-01 5.0986028921e+00 -1.4502496686e-01 7.8039616086e-02 3.3217661227e-01
1 0 3 3.5967012335e-03 -5.0573834960e-01 9.1636553333e-02 6.9826073047e-01 -4.2394374098e+00 4.8832205667e-01 7.0573209518e+00 -2.5886272440e-01 1.7896368948e-03 5.8750054751e-01
3 0 1 -3.8571701595e-03 -2.5781615124e-01 -2.8962927105e-03 5.8329004735e-01 -4.2081257972e+00 4.5739870004e-01 7.0390782526e+00 -5.0573834960e-01 9.1636553333e-02 6.9826073047e-01
1 1 0 2.5907727258e-01 -1.4454991326e-01 9.7384061153e-02 3.4332993062e-01 -2.2060905220e+00 6.0843370896e-01 5.1553148783e+00 -2.5781615124e-01 -2.8962927105e-03 5.8329004735e-01
0 0 2 2.5913022433e-01 -3.5887549317e-01 1.8095100254e-01 4.6274187026e-01 -2.7638800033e+00 1.4890386714e+00 4.4051985102e+00 -1.4454991326e-01 9.7384061153e-02 3.4332993062e-01
2 1 3 -3.7545485627e-03 -4.6287862973e-01 1.1821870341e-01 7.4579577515e-01 -4.5066419159e+00 1.7064750630e+00 6.7225535907e+00 -3.5887549317e-01 1.8095100254e-01 4.6274187026e-01
3 1 2 3.6038363548e-03 -3.5518335342e-01 2.0054892445e-01 4.6134306307e-01 -4.4975306955e+00 1.8363399389e+00 6.6771582052e+00 -4.6287862973e-01 1.1821870341e-01 7.4579577515e-01
2 0 0 -2.5936674066e-01 -1.4272692125e-01 7.9861936280e-02 3.3470825968e-01 -2.7382748318e+00 1.4944259161e+00 4.3486495355e+00 -3.5518335342e-01 2.0054892445e-01 4.6134306307e-01
0 1 1 -2.5870459585e-01 -2.5698645077e-01 3.4568473508e-03 5.9043322988e-01 -2.1835206001e+00 4.9346907788e-01 5.1299500332e+00 -1.4272692125e-01 7.9861936280e-02 3.3470825968e-01
1 1 0 2.5915896777e-01 -1.4730752214e-01 9.4048178840e-02 3.4236490977e-01 -2.2326229592e+00 5.7457685169e-01 5.1544809517e+00 -2.5698645077e-01 3.4568473508e-03 5.9043322988e-01
0 1 1 -2.5841466012e-01 -2.5939951566e-01 4.5972592683e-03 5.9256309101e-01 -2.2183801384e+00 5.4852308239e-01 5.1639445607e+00 -1.4730752214e-01 9.4048178840e-02 3.4236490977e-01
1 0 3 3.5963723184e-03 -5.0600450223e-01 9.4271886814e-02 7.0241671844e-01 -4.2445732132e+00 5.1836883315e-01 7.1081761974e+00 -2.5939951566e-01 4.5972592683e-03 5.9256309101e-01
3 0 1 -3.8570846003e-03 -2.5716546751e-01 -1.3428764647e-03 5.8651511392e-01 -4.2052922481e+00 4.8002969350e-01 7.0794421953e+00 -5.0600450223e-01 9.4271886814e-02 7.0241671844e-01
1 0 3 3.4256103290e-03 -5.0049183622e-01 9.8806641788e-02 6.9752565896e-01 -4.1697448581e+00 5.5737342044e-01 7.0393695873e+00 -2.5716546751e-01 -1.3428764647e-03 5.8651511392e-01
3 1 2 3.8644115446e-03 -3.8505477130e-01 1.7750949371e-01 4.3404609300e-01 -4.8571971184e+00 1.6000127428e+00 6.2929870990e+00 -5.0049183622e-01 9.8806641788e-02 6.9752565896e-01
2 0 0 -2.5930049318e-01 -1.6747911013e-01 5.8181827917e-02 3.1029452952e-01 -3.0436806828e+00 1.2415818538e+00 4.0674815704e+00 -3.8505477130e-01 1.7750949371e-01 4.3404609300e-01
0 1 1 -2.5873827026e-01 -2.8224133248e-01 -1.9152948378e-02 5.6051857340e-01 -2.4569987834e+00 2.5043349414e-01 4.8242700825e+00 -1.6747911013e-01 5.8181827917e-02 3.1029452952e-01
1 1 0 2.5903757882e-01 -1.7059548209e-01 7.2517101934e-02 3.1748265428e-01 -2.4970266719e+00 3.2389502994e-01 4.8491464859e+00 -2.8224133248e-01 -1.9152948378e-02 5.6051857340e-01
0 0 2 2.5914656115e-01 -3.8877890751e-01 1.5819553533e-01 4.3941294858e-01 -3.0781792487e+00 1.2305045984e+00 4.1421526324e+00 -1.7059548209e-01 7.2517101934e-02 3.1748265428e-01
2 1 3 -3.6185871031e-03 -4.9233266044e-01 9.2543034032e-02 7.1882544424e-01 -4.8323880741e+00 1.4359912266e+00 6.4425538729e+00 -3.8877890751e-01 1.5819553533e-01 4.3941294858e-01
3 0 1 -3.8286280787e-03 -2.5321227045e-01 1.7947628302e-04 5.9111606572e-01 -4.1223337881e+00 4.8076464545e-01 7.1714490762e+00 -4.9233266044e-01 9.2543034032e-02 7.1882544424e-01
1 1 0 2.5907946900e-01 -1.4143758048e-01 1.0038752643e-01 3.4766187789e-01 -2.1655592747e+00 6.4254475017e-01 5.2203217950e+00 -2.5321227045e-01 1.7947628302e-04 5.9111606572e-01
0 0 2 2.5922587412e-01 -3.5570121930e-01 1.8402105032e-01 4.6684432205e-01 -2.7282417601e+00 1.5224813158e+00 4.4517852291e+00 -1.4143758048e-01 1.0038752643e-01 3.4766187789e-01
2 1 3 -3.7613584085e-03 -4.6023215954e-01 1.2120536794e-01 7.4993607769e-01 -4.4748199834e+00 1.7403466383e+00 6.7690720237e+00 -3.5570121930e-01 1.8402105032e-01 4.6684432205e-01
3 1 2 3.6134723586e-03 -3.5282315963e-01 2.0317757796e-01 4.6427737283e-01 -4.4701873814e+00 1.8680093240e+00 6.7161667140e+00 -4.6023215954e-01 1.2120536794e-01 7.4993607769e-01
2 0 0 -2.5936669743e-01 -1.4067287989e-01 8.1874518042e-02 3.3705534389e-01 -2.7133595826e+00 1.5202473472e+00 4.3772426080e+00 -3.5282315963e-01 2.0317757796e-01 4.6427737283e-01
0 1 1 -2.5844440858e-01 -2.5516822061e-01 5.2862443221e-03 5.9304903359e-01 -2.1623730486e+00 5.1455157266e-01 5.1579913525e+00 -1.4067287989e-01 8.1874518042e-02 3.3705534389e-01
1 0 3 3.5958472939e-03 -5.0229792616e-01 9.5327484583e-02 7.0308439958e-01 -4.1994034863e+00 5.2849627578e-01 7.1142531723e+00 -2.5516822061e-01 5.2862443221e-03 5.9304903359e-01
3 1 2 3.8646608986e-03 -3.8566383082e-01 1.7710613188e-01 4.3542499883e-01 -4.8688290999e+00 1.5803751921e+00 6.3247500040e+00 -5.0229792616e-01 9.5327484583e-02 7.0308439958e-01
2 0 0 -2.5929810395e-01 -1.6762793149e-01 5.8274389149e-02 3.1128642689e-01 -3.0481169931e+00 1.2403131213e+00 4.0805057728e+00 -3.8566383082e-01 1.7710613188e-01 4.3542499883e-01
0 0 2 2.5914910082e-01 -3.8561661453e-01 1.5612571030e-01 4.3798382627e-01 -3.0405795949e+00 1.1674922947e+00 4.1145208251e+00 -1.6762793149e-01 5.8274389149e-02 3.1128642689e-01
2 0 0 -2.5929946579e-01 -1.6719432872e-01 5.9458588757e-02 3.1513767194e-01 -3.0343055060e+00 1.2044073671e+00 4.1325199086e+00 -3.8561661453e-01 1.5612571030e-01 4.3798382627e-01
0 1 1 -2.5838215383e-01 -2.8260990683e-01 -1.8396258334e-02 5.6677573581e-01 -2.4598944100e+00 2.6143725814e-01 4.8900713879e+00 -1.6719432872e-01 5.9458588757e-02 3.1513767194e-01
1 1 0 2.5921441360e-01 -1.7021570857e-01 7.3887793681e-02 3.2042710230e-01 -2.4969077167e+00 3.3639083511e-01 4.8977834014e+00 -2.8260990683e-01 -1.8396258334e-02 5.6677573581e-01
0 0 2 2.5909980814e-01 -3.8840256793e-01 1.5985042368e-01 4.4227427959e-01 -3.0741594468e+00 1.2471383877e+00 4.1741921613e+00 -1.7021570857e-01 7.3887793681e-02 3.2042710230e-01
2 1 3 -3.6185457569e-03 -4.9182078506e-01 9.3977765279e-02 7.2186827536e-01 -4.8274462491e+00 1.4532163141e+00 6.4759802389e+00 -3.8840256793e-01 1.5985042368e-01 4.4227427959e-01
3 0 1 -3.8239788576e-03 -2.5250542799e-01 1.2708130738e-03 5.9344241920e-01 -4.1154280904e+00 4.9480367872e-01 7.2005516437e+00 -4.9182078506e-01 9.3977765279e-02 7.2186827536e-01
1 1 0 2.5907730211e-01 -1.4063046171e-01 1.0148640828e-01 3.4925077469e-01 -2.1573103872e+00 6.5504350545e-01 5.2421554691e+00 -2.5250542799e-01 1.2708130738e-03 5.9344241920e-01
0 0 2 2.5922760208e-01 -3.5490718953e-01 1.8517094789e-01 4.6840032672e-01 -2.7192886397e+00 1.5347877356e+00 4.4690023288e+00 -1.4063046171e-01 1.0148640828e-01 3.4925077469e-01
2 0 0 -2.5922834634e-01 -1.3973032056e-01 8.4566318483e-02 3.4246868046e-01 -2.7067231693e+00 1.5096868996e+00 4.4475377195e+00 -3.5490718953e-01 1.8517094789e-01 4.6840032672e-01
0 1 1 -2.5866089978e-01 -2.5555297259e-01 6.6070322607e-03 5.9870013227e-01 -2.1623191665e+00 5.3594260800e-01 5.2225030113e+00 -1.3973032056e-01 8.4566318483e-02 3.4246868046e-01
1 0 3 3.5963582730e-03 -5.0276307483e-01 9.7121663794e-02 7.0719773037e-01 -4.2048463451e+00 5.4593185941e-01 7.1672313883e+00 -2.5555297259e-01 6.6070322607e-03 5.9870013227e-01
3 1 2 3.8673081099e-03 -3.8555289137e-01 1.7886912952e-01 4.3796132079e-01 -4.8705348855e+00 1.6007853096e+00 6.3615247603e+00 -5.0276307483e-01 9.7121663794e-02 7.0719773037e-01
2 0 0 -2.5937447153e-01 -1.6702261618e-01 5.9324997995e-02 3.1301485463e-01 -3.0437741483e+00 1.2555377823e+00 4.1034667720e+00 -3.8555289137e-01 1.7886912952e-01 4.3796132079e-01
0 1 1 -2.5837730823e-01 -2.8152107438e-01 -1.7972865495e-02 5.6428504154e-01 -2.4503883339e+00 2.6335987504e-01 4.8613413837e+00 -1.6702261618e-01 5.9324997995e-02 3.1301485463e-01
1 0 3 3.7070529630e-03 -5.3242264175e-01 6.9130438024e-02 6.7413249739e-01 -4.5155155250e+00 2.5194076148e-01 6.7970012275e+00 -2.8152107438e-01 -1.7972865495e-02 5.6428504154e-01
3 0 1 -3.8077463629e-03 -2.8027425963e-01 -2.4273316595e-02 5.5951546524e-01 -4.4823060413e+00 2.1030234473e-01 6.7760892640e+00 -5.3242264175e-01 6.9130438024e-02 6.7413249739e-01
1 0 3 3.7545820325e-03 -5.2714024998e-01 7.4086749129e-02 6.7022177313e-01 -4.4452994092e+00 2.9373816376e-01 6.7410929479e+00 -2.8027425963e-01 -2.4273316595e-02 5.5951546524e-01
3 1 2 3.6604493661e-03 -4.1085791219e-01 1.5454822171e-01 4.1041406600e-01 -5.1441882019e+00 1.3311064191e+00 6.0067633005e+00 -5.2714024998e-01 7.4086749129e-02 6.7022177313e-01
2 0 0 -2.5951098289e-01 -1.9034194748e-01 3.7917579895e-02 2.8849005538e-01 -3.3181713153e+00 9.9967545521e-01 3.8206015758e+00 -4.1085791219e-01 1.5454822171e-01 4.1041406600e-01
0 1 1 -2.5876637282e-01 -3.0549862311e-01 -4.0093617217e-02 5.3426362827e-01 -2.7088624578e+00 2.4563220634e-02 4.5548268352e+00 -1.9034194748e-01 3.7917579895e-02 2.8849005538e-01
1 0 3 3.5786583194e-03 -5.6047557064e-01 4.3431624681e-02 6.4380944947e-01 -4.8063050989e+00 -1.5501086028e-02 6.4653822266e+00 -3.0549862311e-01 -4.0093617217e-02 5.3426362827e-01
3 1 2 3.5879541610e-03 -4.4097889106e-01 1.2840192809e-01 3.8493158435e-01 -5.4889917678e+00 1.0124613645e+00 5.7095287234e+00 -5.6047557064e-01 4.3431624681e-02 6.4380944947e-01
2 0 0 -2.5942064891e-01 -2.1619390660e-01 1.5235113238e-02 2.6486815546e-01 -3.6337732875e+00 7.2655769162e-01 3.5538000985e+00 -4.4097889106e-01 1.2840192809e-01 3.8493158435e-01
0 0 2 2.5931609423e-01 -4.4098611019e-01 1.1170583829e-01 3.8840457158e-01 -3.6162929030e+00 6.8890291715e-01 3.5833592055e+00 -2.1619390660e-01 1.5235113238e-02 2.6486815546e-01
2 1 3 -3.5906985267e-03 -5.4671164994e-01 4.1309066939e-02 6.6021863416e-01 -5.4194677802e+00 8.9051076162e-01 5.8294669181e+00 -4.4098611019e-01 1.1170583829e-01 3.8840457158e-01
3 0 1 -3.6672093967e-03 -3.0114828706e-01 -4.7131735908e-02 5.3582669720e-01 -4.6976577153e+00 -7.4617042991e-02 6.5492877726e+00 -5.4671164994e-01 4.1309066939e-02 6.6021863416e-01
1 1 0 2.5869478101e-01 -1.8611800414e-01 5.8207395085e-02 2.9960132300e-01 -2.6690439376e+00 1.4078589031e-01 4.6374399992e+00 -3.0114828706e-01 -4.7131735908e-02 5.3582669720e-01
0 0 2 2.5921614726e-01 -4.0922992946e-01 1.4039545200e-01 4.1797309078e-01 -3.2789230692e+00 1.0521075209e+00 3.9218195031e+00 -1.8611800414e-01 5.8207395085e-02 2.9960132300e-01
2 1 3 -3.4724460282e-03 -5.1496315989e-01 7.1600705601e-02 6.9315035386e-01 -5.0701495324e+00 1.2191074139e+00 6.1777907956e+00 -4.0922992946e-01 1.4039545200e-01 4.1797309078e-01
3 0 1 -3.6384865330e-03 -2.7352729274e-01 -1.9826302690e-02 5.6679227087e-01 -4.3636494085e+00 2.4974362533e-01 6.8982730746e+00 -5.1496315989e-01 7.1600705601e-02 6.9315035386e-01
1 1 0 2.5905740116e-01 -1.6083340843e-01 8.2042705512e-02 3.2653495730e-01 -2.3816475099e+00 4.2721811792e-01 4.9640805297e+00 -2.7352729274e-01 -1.9826302690e-02 5.6679227087e-01
0 0 2 2.5915054335e-01 -3.7949138692e-01 1.6464541597e-01 4.4492136204e-01 -2.9700742417e+00 1.3156240721e+00 4.2161664288e+00 -1.6083340843e-01 8.2042705512e-02 3.2653495730e-01
2 1 3 -3.6186310928e-03 -4.8488753683e-01 9.8969664172e-02 7.2401512302e-01 -4.7410570481e+00 1.5077141470e+00 6.5016275346e+00 -3.7949138692e-01 1.6464541597e-01 4.4492136204e-01
3 0 1 -3.8239392963e-03 -2.4751217284e-01 5.5903688097e-03 5.9601927700e-01 -4.0487274328e+00 5.4749687039e-01 7.2266710424e+00 -4.8488753683e-01 9.8969664172e-02 7.2401512302e-01
1 1 0 2.5907731242e-01 -1.3682556050e-01 1.0453830480e-01 3.5199906050e-01 -2.1098084319e+00 6.9567490832e-01 5.2726509127e+00 -2.4751217284e-01 5.5903688097e-03 5.9601927700e-01
0 0 2 2.5922639781e-01 -3.5076103058e-01 1.8782399656e-01 4.7075944633e-01 -2.6744907555e+00 1.5660098532e+00 4.4967664305e+00 -1.3682556050e-01 1.0453830480e-01 3.5199906050e-01
2 0 0 -2.5922383430e-01 -1.3662915447e-01 8.7034825080e-02 3.4470899856e-01 -2.6663661760e+00 1.5388297319e+00 4.4725768659e+00 -3.5076103058e-01 1.8782399656e-01 4.7075944633e-01
0 1 1 -2.5886181418e-01 -2.5262658979e-01 9.0515242349e-03 6.0098514072e-01 -2.1293672549e+00 5.6284929676e-01 5.2478775537e+00 -1.3662915447e-01 8.7034825080e-02 3.4470899856e-01
1 0 3 3.5973054929e-03 -4.9965530156e-01 9.9624922814e-02 7.0931275596e-01 -4.1709462802e+00 5.7362974746e-01 7.1914044409e+00 -2.5262658979e-01 9.0515242349e-03 6.0098514072e-01
3 1 2 3.8644178032e-03 -3.8282456758e-01 1.8099203842e-01 4.3989476093e-01 -4.8387074888e+00 1.6268025066e+00 6.3843305151e+00 -4.9965530156e-01 9.9624922814e-02 7.0931275596e-01
2 0 0 -2.5937850269e-01 -1.6481763362e-01 6.1173804031e-02 3.1479803778e-01 -3.0159930697e+00 1.2778473141e+00 4.1236466524e+00 -3.8282456758e-01 1.8099203842e-01 4.3989476093e-01
0 1 1 -2.5837899734e-01 -2.7941080532e-01 -1.6142875280e-02 5.6618776895e-01 -2.4268170449e+00 2.8351037940e-01 4.8820614251e+00 -1.6481763362e-01 6.1173804031e-02 3.1479803778e-01
1 0 3 3.7160836062e-03 -5.3013555036e-01 7.1066150607e-02 6.7592475930e-01 -4.4908494772e+00 2.7301954208e-01 6.8173086848e+00 -2.7941080532e-01 -1.6142875280e-02 5.6618776895e-01
3 1 2 3.6625115349e-03 -4.1191933893e-01 1.5443645578e-01 4.1213561206e-01 -5.1642424236e+00 1.3155716798e+00 6.0419131797e+00 -5.3013555036e-01 7.1066150607e-02 6.7592475930e-01
2 0 0 -2.5935836288e-01 -1.9053307286e-01 3.8147181522e-02 2.8973687706e-01 -3.3251258103e+00 1.0005465687e+00 3.8368323151e+00 -4.1191933893e-01 1.5443645578e-01 4.1213561206e-01
0 1 1 -2.5850279040e-01 -3.0522959846e-01 -3.9621238158e-02 5.3627601985e-01 -2.7081641791e+00 2.8617962127e-02 4.5735170850e+00 -1.9053307286e-01 3.8147181522e-02 2.8973687706e-01
1 0 3 3.5785499780e-03 -5.5984174329e-01 4.4332913927e-02 6.4576096158e-01 -4.8012721213e+00 -7.7568752435e-03 6.4872307937e+00 -3.0522959846e-01 -3.9621238158e-02 5.3627601985e-01
3 1 2 3.5879119139e-03 -4.4021816773e-01 1.2943913621e-01 3.8630022787e-01 -5.4813234596e+00 1.0235818600e+00 5.7279314885e+00 -5.5984174329e-01 4.4332913927e-02 6.4576096158e-01
2 0 0 -2.5941894287e-01 -2.1538179402e-01 1.6084155381e-02 2.6599717243e-01 -3.6248781336e+00 7.3700707717e-01 3.5673471307e+00 -4.4021816773e-01 1.2943913621e-01 3.8630022787e-01
0 1 1 -2.5840352592e-01 -3.3038773096e-01 -6.2316409702e-02 5.0784160661e-01 -2.9814654073e+00 -2.1677029142e-01 4.2805275310e+00 -2.1538179402e-01 1.6084155381e-02 2.6599717243e-01
1 0 3 3.4467568894e-03 -5.8902263447e-01 1.8423035885e-02 6.1679879702e-01 -5.1052404488e+00 -2.7951925183e-01 6.1713854622e+00 -3.3038773096e-01 -6.2316409702e-02 5.0784160661e-01
3 1 2 3.7215443740e-03 -4.6796542098e-01 1.0517002877e-01 3.6133208956e-01 -5.7924864197e+00 7.4028176565e-01 5.4250562666e+00 -5.8902263447e-01 1.8423035885e-02 6.1679879702e-01
2 1 3 -3.5803783077e-03 -5.7278606306e-01 1.3933221228e-02 6.2414337310e-01 -5.7002502584e+00 6.3955247769e-01 5.4329508547e+00 -4.6796542098e-01 1.0517002877e-01 3.6133208956e-01
3 0 1 -3.8184896224e-03 -3.2520084418e-01 -7.1579818806e-02 5.0517013841e-01 -4.9824868697e+00 -3.6666565505e-01 6.1887920844e+00 -5.7278606306e-01 1.3933221228e-02 6.2414337310e-01
1 1 0 2.5909700997e-01 -2.0855464085e-01 3.6452438953e-02 2.7419098676e-01 -2.9216062294e+00 -1.1835909847e-01 4.3226842832e+00 -3.2520084418e-01 -7.1579818806e-02 5.0517013841e-01
0 1 1 -2.5865806819e-01 -3.2635370469e-01 -5.6745702932e-02 5.1040752625e-01 -2.9275260063e+00 -1.0515745936e-01 4.3234355213e+00 -2.0855464085e-01 3.6452438953e-02 2.7419098676e-01
1 1 0 2.5894171347e-01 -2.1147816781e-01 3.5368880209e-02 2.7481394618e-01 -2.9599030113e+00 -1.0180659892e-01 4.3318463974e+00 -3.2635370469e-01 -5.6745702932e-02 5.1040752625e-01
0 0 2 2.5938141446e-01 -4.3908926609e-01 1.1845642451e-01 3.9466327844e-01 -3.5902845353e+00 8.0809889989e-01 3.6632618020e+00 -2.1147816781e-01 3.5368880209e-02 2.7481394618e-01
2 1 3 -3.5946340472e-03 -5.4416245657e-01 4.6587109325e-02 6.6592025973e-01 -5.3941464540e+00 9.5680647207e-01 5.8962214076e+00 -4.3908926609e-01 1.1845642451e-01 3.9466327844e-01
3 0 1 -3.7084265020e-03 -2.9814736976e-01 -4.3317780361e-02 5.4068494465e-01 -4.6652855966e+00 -2.4158417302e-02 6.6069011208e+00 -5.4416245657e-01 4.6587109325e-02 6.6592025973e-01
1 0 3 3.6008415065e-03 -5.4899803094e-01 5.3573664899e-02 6.4885504868e-01 -4.6644665515e+00 7.5148899086e-02 6.5197072345e+00 -2.9814736976e-01 -4.3317780361e-02 5.4068494465e-01
3 1 2 3.5894759209e-03 -4.3290576423e-01 1.3522988301e-01 3.9074103893e-01 -5.3852026094e+00 1.1067236079e+00 5.7752880375e+00 -5.4899803094e-01 5.3573664899e-02 6.4885504868e-01
2 0 0 -2.5941851678e-01 -2.1017258571e-01 2.0407142747e-02 2.6975082527e-01 -3.5547568315e+00 7.9319393247e-01 3.6114496650e+00 -4.3290576423e-01 1.3522988301e-01 3.9074103893e-01
0 1 1 -2.5840319913e-01 -3.2609464164e-01 -5.8544790975e-02 5.1126526775e-01 -2.9298306392e+00 -1.7262893307e-01 4.3206277837e+00 -2.1017258571e-01 2.0407142747e-02 2.6975082527e-01
1 0 3 3.4465196857e-03 -5.8501201874e-01 2.2019312808e-02 6.1978424531e-01 -5.0586494723e+00 -2.3835338039e-01 6.2065235720e+00 -3.2609464164e-01 -5.8544790975e-02 5.1126526775e-01
