0.00000e+00 0.0000000000e+00 0.0000000000e+00
1.00000e+00 1.4536989042e-01 1.4536989042e-01
2.00000e+00 3.4655925417e-01 2.0118936375e-01
3.00000e+00 5.4904555648e-01 4.0347447669e-01
4.00000e+00 7.1028162644e-01 3.0646059050e-01
5.00000e+00 8.6322682198e-01 3.1372943502e-01
6.00000e+00 1.0135635226e+00 3.0251633628e-01
7.00000e+00 1.1625094441e+00 2.9821454586e-01
8.00000e+00 1.3107968015e+00 2.9586698806e-01
9.00000e+00 1.4813644011e+00 1.7056759957e-01
1.00000e+01 1.6536358730e+00 9.2882802942e-01
1.10000e+01 1.8221957598e+00 9.2589148854e-01
1.20000e+01 2.0086661021e+00 5.8954134456e-01
1.30000e+01 2.1626276429e+00 6.5442613502e-01
1.40000e+01 2.3005412278e+00 3.2843229913e-01
1.50000e+01 2.4268993789e+00 6.0108721754e-01
1.60000e+01 2.5478846673e+00 2.4475176220e-01
1.70000e+01 2.6834634036e+00 3.2981150473e-02
1.80000e+01 2.8307345442e+00 6.1457250718e-01
1.90000e+01 2.9464180415e+00 5.3433283369e-01
2.00000e+01 3.0625279560e+00 1.5055617628e+00
2.10000e+01 3.1822726227e+00 2.3255559668e-01
2.20000e+01 3.2874870005e+00 1.5770910583e-02
2.30000e+01 3.3842986647e+00 4.4345495076e-01
2.40000e+01 3.5042400481e+00 2.3615450984e-01
2.50000e+01 3.6480374027e+00 1.3467070926e+00
2.60000e+01 3.7855265897e+00 7.5633958832e-01
2.70000e+01 3.9195127085e+00 7.4577201277e-01
2.80000e+01 4.0526405826e+00 2.6306106036e-01
2.90000e+01 4.1837624350e+00 2.5993373294e-01
3.00000e+01 4.3151928244e+00 2.5797631445e-01
3.10000e+01 4.4450458922e+00 2.5644955353e-01
3.20000e+01 4.5756189952e+00 2.5533581752e-01
3.30000e+01 4.7048058887e+00 2.5441430753e-01
3.40000e+01 4.8349111753e+00 2.5369207682e-01
3.50000e+01 4.9637262900e+00 2.5306660582e-01
3.60000e+01 5.1081617973e+00 1.0156616615e+00
3.70000e+01 5.2658631414e+00 2.9680803526e-01
3.80000e+01 5.4311069076e+00 1.3355650916e+00
3.90000e+01 5.5963870086e+00 1.6156833162e+00
4.00000e+01 5.7443821092e+00 7.8230344586e-01
4.10000e+01 5.8837352257e+00 2.0634033694e+00
4.20000e+01 6.0279661421e+00 5.9074409303e-01
4.30000e+01 6.1629099022e+00 5.9628199447e-01
4.40000e+01 6.2965054374e+00 2.6124540721e-01
4.50000e+01 6.4274853400e+00 2.5702030427e-01
4.60000e+01 6.5590048532e+00 2.5468726201e-01
4.70000e+01 6.6866621808e+00 3.7622773375e-02
4.80000e+01 6.8164886754e+00 8.1703172480e-01
4.90000e+01 6.9503009513e+00 2.5726494806e-01
5.00000e+01 7.0819967682e+00 2.5718398681e-01
5.10000e+01 7.2124908721e+00 2.5360863077e-01
5.20000e+01 7.3432283725e+00 2.5239670571e-01
5.30000e+01 7.4728557839e+00 2.5127761649e-01
5.40000e+01 7.6171319067e+00 1.3235408575e+00
5.50000e+01 7.7760420151e+00 2.1516529839e+00
5.60000e+01 7.9214550069e+00 2.1469192221e+00
5.70000e+01 8.0624959282e+00 1.6163290021e+00
5.80000e+01 8.2034161074e+00 1.6113567295e+00
5.90000e+01 8.3447295933e+00 2.7261106754e-01
6.00000e+01 8.4863157882e+00 2.7300447213e-01
6.10000e+01 8.6249812103e+00 2.7543661714e-01
6.20000e+01 8.7565967280e+00 7.5094133939e-01
6.30000e+01 8.8847103512e+00 7.3963859917e-01
6.40000e+01 9.0458913482e+00 7.9274354661e-01
6.50000e+01 9.2328174368e+00 6.0236864771e-01
6.60000e+01 9.4044244270e+00 2.7934212292e-01
6.70000e+01 9.5756173271e+00 5.8167366270e-01
6.80000e+01 9.7468184848e+00 3.3136482894e-01
6.90000e+01 9.9182672063e+00 3.3128928543e-01
7.00000e+01 1.0101672321e+01 9.0546023222e-01
7.10000e+01 1.0260558684e+01 1.8933154299e+00
7.20000e+01 1.0409139312e+01 9.2901509560e-01
7.30000e+01 1.0551575222e+01 2.9012811189e-02
7.40000e+01 1.0692475250e+01 2.7167306813e-01
7.50000e+01 1.0827791685e+01 9.3528889219e-01
7.60000e+01 1.0985159361e+01 5.9795295755e-01
7.70000e+01 1.1166919569e+01 8.7633175937e-01
7.80000e+01 1.1336677325e+01 3.2946647223e-01
7.90000e+01 1.1506070614e+01 3.4076853731e-02
8.00000e+01 1.1700446421e+01 9.1246355903e-01
8.10000e+01 1.1917238274e+01 3.6416865170e-01
8.20000e+01 1.2118706866e+01 6.5753612177e-02
8.30000e+01 1.2320433900e+01 3.5923286648e-01
8.40000e+01 1.2550122391e+01 3.9911716704e-01
8.50000e+01 1.2801184982e+01 9.9958595477e-02
8.60000e+01 1.3034393469e+01 3.9061352933e-01
8.70000e+01 1.3267800641e+01 4.3039818777e-01
8.80000e+01 1.3531513399e+01 1.3388290428e-01
8.90000e+01 1.3815877735e+01 4.2352466096e-01
9.00000e+01 1.4080336736e+01 4.6121830325e-01
9.10000e+01 1.4344757082e+01 1.6476219560e-01
9.20000e+01 1.4597537796e+01 1.3633066650e+00
9.30000e+01 1.4842901434e+01 4.8352045728e-01
9.40000e+01 1.5085373882e+01 4.7272867137e-01
9.50000e+01 1.5324159678e+01 4.6567810159e-01
9.60000e+01 1.5561712407e+01 4.6029270357e-01
9.70000e+01 1.5820712680e+01 1.6337706229e+00
9.80000e+01 1.6108870149e+01 1.8669720381e+00
9.90000e+01 1.6360880744e+01 3.3152420240e+00
1.00000e+02 1.6606877358e+01 1.9171296589e+00
1.01000e+02 1.6874556094e+01 5.4135884784e-01
1.02000e+02 1.7134565113e+01 1.1083968117e+00
1.03000e+02 1.7391006094e+01 1.1047291231e+00
1.04000e+02 1.7660257916e+01 1.4928390187e+00
1.05000e+02 1.7920420958e+01 1.4838304859e+00
1.06000e+02 1.8180616819e+01 4.9960835005e-01
1.07000e+02 1.8445219077e+01 9.6619588208e-01
1.08000e+02 1.8694834706e+01 9.7729258677e-01
1.09000e+02 1.8946950737e+01 4.9478379160e-01
1.10000e+02 1.9219493455e+01 5.1471037489e-01
1.11000e+02 1.9479230896e+01 5.1377006223e-01
1.12000e+02 1.9735786224e+01 4.9064847567e-01
1.13000e+02 1.9988252088e+01 4.9678188339e-01
1.14000e+02 2.0251450240e+01 5.0391172548e-01
1.15000e+02 2.0496975871e+01 9.6983033076e-01
1.16000e+02 2.0740065165e+01 1.0217684495e+00
1.17000e+02 2.0983795612e+01 5.2318321249e-01
1.18000e+02 2.1217665456e+01 5.0902014694e-01
1.19000e+02 2.1435668617e+01 9.7414758403e-01
1.20000e+02 2.1645421079e+01 4.2429012199e-01
1.21000e+02 2.1866327298e+01 4.7184816845e-01
1.22000e+02 2.2085825431e+01 9.3060422595e-01
1.23000e+02 2.2302475345e+01 4.1573527993e-01
1.24000e+02 2.2519586421e+01 4.1293248843e-01
1.25000e+02 2.2730558370e+01 4.0036735047e-01
1.26000e+02 2.2934320851e+01 4.3229837905e-01
1.27000e+02 2.3133974407e+01 4.2054768736e-01
1.28000e+02 2.3332054762e+01 3.7612363721e-01
1.29000e+02 2.3549988053e+01 4.1380293319e-01
1.30000e+02 2.3791351463e+01 4.4501001776e-01
1.31000e+02 2.3998628775e+01 1.1785590211e+00
1.32000e+02 2.4202111738e+01 1.6046188916e+00
1.33000e+02 2.4408555839e+01 3.8716890555e-01
1.34000e+02 2.4599454768e+01 2.4401940918e-02
1.35000e+02 2.4778615566e+01 7.4325687155e-01
1.36000e+02 2.4985211419e+01 3.8989462674e-01
1.37000e+02 2.5217618026e+01 1.3085881209e+00
1.38000e+02 2.5441417515e+01 1.5465982784e+00
1.39000e+02 2.5651385654e+01 3.9302876956e-01
1.40000e+02 2.5853091358e+01 7.2173702332e-01
1.41000e+02 2.6037772226e+01 3.9502480199e-01
1.42000e+02 2.6245288427e+01 3.9355608845e-01
1.43000e+02 2.6475558475e+01 1.1549689880e+00
1.44000e+02 2.6697739655e+01 4.2846828419e-01
1.45000e+02 2.6907922092e+01 3.9337683102e-01
1.46000e+02 2.7111500030e+01 3.9650201080e-01
1.47000e+02 2.7303677599e+01 1.5593896407e+00
1.48000e+02 2.7498618496e+01 3.2829231782e-01
1.49000e+02 2.7671208474e+01 3.7592459343e-02
1.50000e+02 2.7839258071e+01 4.1674188554e-01
1.51000e+02 2.8000415690e+01 2.9694407550e-01
1.52000e+02 2.8158745274e+01 2.2090850207e+00
1.53000e+02 2.8316668683e+01 2.9053233716e-01
1.54000e+02 2.8474263415e+01 2.8950695275e-01
1.55000e+02 2.8632089694e+01 2.8912031488e-01
1.56000e+02 2.8790201361e+01 2.8934812968e-01
1.57000e+02 2.8943408994e+01 7.4884339469e-01
1.58000e+02 2.9121264851e+01 3.2576824304e-01
1.59000e+02 2.9301585046e+01 3.9488431463e-01
1.60000e+02 2.9457618061e+01 8.6370354816e-01
1.61000e+02 2.9605577322e+01 8.5759147267e-01
1.62000e+02 2.9749828894e+01 2.6505663238e-01
1.63000e+02 2.9892445892e+01 2.5944931350e-01
1.64000e+02 3.0033721138e+01 2.5621353755e-01
1.65000e+02 3.0194148925e+01 2.9166029069e-01
1.66000e+02 3.0369577358e+01 3.3742210063e-01
1.67000e+02 3.0532386879e+01 1.5605860896e+00
1.68000e+02 3.0695705354e+01 5.4123474645e-01
1.69000e+02 3.0857339136e+01 5.4189950687e-01
1.70000e+02 3.1017499976e+01 2.9354066383e-01
1.71000e+02 3.1173714468e+01 2.6955481776e-01
1.72000e+02 3.1322559149e+01 3.0426773417e-01
1.73000e+02 3.1468004811e+01 2.9319463621e-01
1.74000e+02 3.1648526188e+01 1.2437132881e+00
1.75000e+02 3.1831708721e+01 1.6904145483e+00
1.76000e+02 3.1987219851e+01 2.7215485541e-01
1.77000e+02 3.2148545782e+01 2.9293927126e-01
1.78000e+02 3.2309910217e+01 2.9384992734e-01
1.79000e+02 3.2461288665e+01 2.7781548663e-01
1.80000e+02 3.2607050862e+01 2.6778873780e-01
1.81000e+02 3.2750609397e+01 2.5970103558e-01
1.82000e+02 3.2931373798e+01 8.4240881979e-01
1.83000e+02 3.3141205190e+01 1.1745185835e+00
1.84000e+02 3.3341452467e+01 2.0447212474e+00
1.85000e+02 3.3536495709e+01 3.6543356711e-01
1.86000e+02 3.3729507244e+01 3.5783239054e-01
1.87000e+02 3.3919763716e+01 3.5268778890e-01
1.88000e+02 3.4119529707e+01 5.4822263515e-01
1.89000e+02 3.4323337092e+01 6.0248850580e-02
1.90000e+02 3.4541617626e+01 1.0860976371e+00
1.91000e+02 3.4759936311e+01 1.4549198443e+00
1.92000e+02 3.4974018576e+01 4.0068515161e-01
1.93000e+02 3.5190125369e+01 3.9807257395e-01
1.94000e+02 3.5390072038e+01 3.7381440868e-01
1.95000e+02 3.5584720624e+01 1.0645750084e+00
1.96000e+02 3.5786812769e+01 1.1639736339e+00
1.97000e+02 3.5978628452e+01 1.1643688710e+00
1.98000e+02 3.6173591366e+01 5.4888627691e-01
1.99000e+02 3.6366946200e+01 1.1615159088e+00
2.00000e+02 3.6564272935e+01 3.5588116924e-01
2.01000e+02 3.6743945720e+01 3.6434007205e-02
2.02000e+02 3.6918915011e+01 1.6288777665e+00
2.03000e+02 3.7083519761e+01 3.2677520388e-01
2.04000e+02 3.7248369798e+01 3.2476697601e-02
2.05000e+02 3.7404139734e+01 2.8703532043e-01
2.06000e+02 3.7559164290e+01 2.7692280403e-01
2.07000e+02 3.7711789019e+01 2.7350067380e-01
2.08000e+02 3.7877760126e+01 1.4578110143e+00
2.09000e+02 3.8043520041e+01 2.9748894796e-01
2.10000e+02 3.8205477729e+01 2.9317804011e-01
2.11000e+02 3.8368882792e+01 2.9053000939e-01
2.12000e+02 3.8536050393e+01 2.8537021799e-01
2.13000e+02 3.8694867446e+01 3.5120930886e-01
2.14000e+02 3.8860098618e+01 2.9351296282e-01
2.15000e+02 3.9025666440e+01 2.9538220928e-01
2.16000e+02 3.9191333044e+01 3.4935710320e-01
2.17000e+02 3.9349702994e+01 2.9277234627e-01
2.18000e+02 3.9507149953e+01 2.8425992784e-01
2.19000e+02 3.9658281342e+01 6.9148357791e-01
2.20000e+02 3.9810515353e+01 1.8997859595e+00
2.21000e+02 3.9969684725e+01 2.8063124997e-01
2.22000e+02 4.0132207468e+01 2.9237839837e-01
2.23000e+02 4.0298120397e+01 2.9243112668e-01
2.24000e+02 4.0464449196e+01 2.8923246011e-01
2.25000e+02 4.0623779725e+01 2.8910438394e-01
2.26000e+02 4.0781972889e+01 2.8067964352e-01
2.27000e+02 4.0935643581e+01 1.1804005029e+00
2.28000e+02 4.1092870669e+01 1.4833626869e+00
2.29000e+02 4.1232614799e+01 3.4185055517e+00
2.30000e+02 4.1384337053e+01 5.6865414137e-01
2.31000e+02 4.1536760644e+01 5.6683838540e-01
2.32000e+02 4.1673798795e+01 2.3993807442e-01
2.33000e+02 4.1807973994e+01 5.2535026898e-01
2.34000e+02 4.1941973680e+01 7.8844055801e-01
2.35000e+02 4.2072187954e+01 2.5453750732e-01
2.36000e+02 4.2196215950e+01 2.5168775170e-01
2.37000e+02 4.2330490188e+01 2.3066315766e-01
2.38000e+02 4.2466099597e+01 2.3204221647e-01
2.39000e+02 4.2600789618e+01 2.3222595746e-01
2.40000e+02 4.2742861829e+01 2.5063960760e-01
2.41000e+02 4.2858368950e+01 1.9015036788e-01
2.42000e+02 4.2966892708e+01 4.4692198808e-01
2.43000e+02 4.3065908552e+01 6.4234347341e-01
2.44000e+02 4.3159688278e+01 1.5411593447e-01
2.45000e+02 4.3251746985e+01 1.4700468201e-01
2.46000e+02 4.3341838289e+01 1.4316925612e-01
2.47000e+02 4.3448046466e+01 2.8481844996e-02
2.48000e+02 4.3561072227e+01 1.6091376728e-01
2.49000e+02 4.3643255772e+01 7.1013939578e-01
2.50000e+02 4.3726694211e+01 1.0978662180e+00
2.51000e+02 4.3813365158e+01 1.3072594476e-01
2.52000e+02 4.3889307716e+01 1.4148745898e-02
2.53000e+02 4.3965259742e+01 3.0256151035e-02
2.54000e+02 4.4042966067e+01 4.8980829277e-01
2.55000e+02 4.4115057350e+01 2.4929720435e-01
2.56000e+02 4.4202762662e+01 1.3486209288e-01
2.57000e+02 4.4294694688e+01 1.3998830950e-01
2.58000e+02 4.4368625057e+01 2.4703571780e-01
2.59000e+02 4.4445966759e+01 4.9070816129e-01
2.60000e+02 4.4526202008e+01 9.4708228460e-01
2.61000e+02 4.4598177686e+01 1.5503211365e+00
2.62000e+02 4.4678099662e+01 2.5126355814e-01
2.63000e+02 4.4759032181e+01 1.4356846671e-01
2.64000e+02 4.4832436594e+01 1.4289894302e-01
2.65000e+02 4.4903158255e+01 1.0423349820e-01
2.66000e+02 4.4995753320e+01 2.5691531516e-01
2.67000e+02 4.5112934086e+01 4.5205088050e-02
2.68000e+02 4.5221227756e+01 2.7592585626e-01
2.69000e+02 4.5329222075e+01 1.7948670292e-01
2.70000e+02 4.5458112809e+01 8.1455551693e-02
2.71000e+02 4.5609464326e+01 1.5524872978e-01
2.72000e+02 4.5749183490e+01 2.1073271075e-01
2.73000e+02 4.5890513801e+01 8.0117281159e-01
2.74000e+02 4.6032585094e+01 2.4263503198e-01
2.75000e+02 4.6175491166e+01 2.4396815785e-01
2.76000e+02 4.6319032467e+01 2.4519419800e-01
2.77000e+02 4.6457989911e+01 1.1233722085e-01
2.78000e+02 4.6621891554e+01 1.9010439019e-01
2.79000e+02 4.6809492518e+01 7.3411282569e-01
2.80000e+02 4.6982398599e+01 2.9364780444e-02
2.81000e+02 4.7153679775e+01 2.2223801720e-01
2.82000e+02 4.7350797443e+01 7.6659473857e-01
2.83000e+02 4.7569880475e+01 6.0817482738e-02
2.84000e+02 4.7779453363e+01 1.2359036224e+00
2.85000e+02 4.7984477211e+01 3.7233176387e-01
2.86000e+02 4.8186914071e+01 3.6482340343e-01
2.87000e+02 4.8383516393e+01 1.3984452219e+00
2.88000e+02 4.8578000481e+01 8.8852324857e-01
2.89000e+02 4.8752220527e+01 7.6876701432e-01
2.90000e+02 4.8916980303e+01 5.8850750434e-01
2.91000e+02 4.9088065962e+01 1.0533135334e+00
2.92000e+02 4.9268852074e+01 2.1650747630e-02
2.93000e+02 4.9422452197e+01 2.5322095263e-01
2.94000e+02 4.9575312826e+01 5.5994815058e-01
2.95000e+02 4.9730098985e+01 2.6435108683e-01
2.96000e+02 4.9884665040e+01 2.6579216113e-01
2.97000e+02 5.0041123143e+01 2.6719831240e-01
2.98000e+02 5.0197115628e+01 2.6835754522e-01
2.99000e+02 5.0354757047e+01 2.6927250320e-01
3.00000e+02 5.0511815902e+01 2.7006960039e-01
3.01000e+02 5.0670335950e+01 2.7067816033e-01
3.02000e+02 5.0816933636e+01 4.1586631376e-01
3.03000e+02 5.0957256831e+01 5.2391561696e-02
3.04000e+02 5.1096611530e+01 9.6636966741e-01
3.05000e+02 5.1233197965e+01 1.3251696789e+00
3.06000e+02 5.1363054909e+01 8.7307536355e-01
3.07000e+02 5.1489642880e+01 2.1107413419e-01
3.08000e+02 5.1614049379e+01 2.0541261482e-01
3.09000e+02 5.1753587821e+01 2.3539811604e-01
3.10000e+02 5.1894557479e+01 1.1546332955e+00
3.11000e+02 5.2033676203e+01 1.1530589435e+00
3.12000e+02 5.2182471108e+01 1.2099264490e+00
3.13000e+02 5.2321227333e+01 1.6662233898e+00
3.14000e+02 5.2458248067e+01 4.1086533966e-01
3.15000e+02 5.2591795838e+01 2.2430101276e-01
3.16000e+02 5.2725674212e+01 2.2093435140e-01
3.17000e+02 5.2857190713e+01 2.1868214749e-01
3.18000e+02 5.3001826815e+01 2.3771670903e-01
3.19000e+02 5.3146519643e+01 4.5579698842e-01
3.20000e+02 5.3287756500e+01 4.5194194668e-01
3.21000e+02 5.3430344055e+01 2.3664084015e-01
3.22000e+02 5.3571943813e+01 2.3676710072e-01
3.23000e+02 5.3714349876e+01 2.3634884245e-01
3.24000e+02 5.3856419746e+01 2.3658260570e-01
3.25000e+02 5.3995646824e+01 2.1784630793e-01
3.26000e+02 5.4127295931e+01 1.1691507588e+00
3.27000e+02 5.4268889093e+01 2.3553312204e-01
3.28000e+02 5.4420316075e+01 2.3601207386e-01
3.29000e+02 5.4560407424e+01 7.2019731706e-01
3.30000e+02 5.4698404970e+01 7.0604768343e-01
3.31000e+02 5.4832808762e+01 2.2380767090e-01
3.32000e+02 5.4977594370e+01 2.3801332669e-01
3.33000e+02 5.5122151010e+01 2.4073879135e-01
3.34000e+02 5.5264352557e+01 2.2778786408e-01
3.35000e+02 5.5399428374e+01 2.2823210150e-01
3.36000e+02 5.5534072301e+01 2.2044624955e-01
3.37000e+02 5.5660850103e+01 1.5625191620e+00
3.38000e+02 5.5790394086e+01 4.7369051760e-01
3.39000e+02 5.5904384453e+01 1.6159617245e+00
3.40000e+02 5.6010377874e+01 1.7071987106e-01
3.41000e+02 5.6112317497e+01 1.5849840736e-01
3.42000e+02 5.6211167712e+01 1.5119670255e-01
3.43000e+02 5.6308473445e+01 1.4641161528e-01
3.44000e+02 5.6404174505e+01 1.4311604815e-01
3.45000e+02 5.6515446084e+01 4.0622073160e-01
3.46000e+02 5.6634716071e+01 1.5373939530e-02
3.47000e+02 5.6742547917e+01 1.7762326659e-01
3.48000e+02 5.6849260967e+01 1.6488870605e-01
3.49000e+02 5.6952233266e+01 1.5986427037e-01
3.50000e+02 5.7056148725e+01 1.5690681442e-01
3.51000e+02 5.7157563023e+01 1.5519190642e-01
3.52000e+02 5.7272532475e+01 7.0955744265e-01
3.53000e+02 5.7388757538e+01 3.1106864266e-01
3.54000e+02 5.7502299273e+01 2.1626882229e-01
3.55000e+02 5.7617553587e+01 1.7830873727e-01
3.56000e+02 5.7731776700e+01 1.6534436987e-01
3.57000e+02 5.7824814315e+01 9.0404422863e-01
3.58000e+02 5.7919843560e+01 2.7368091764e+00
3.59000e+02 5.8016343455e+01 2.0548882373e-01
3.60000e+02 5.8113598667e+01 1.4317482456e-01
3.61000e+02 5.8212227025e+01 1.4516011294e-01
3.62000e+02 5.8300610927e+01 3.8850981113e-01
3.63000e+02 5.8381032299e+01 5.1420987273e-01
3.64000e+02 5.8457342106e+01 1.0579459876e-01
3.65000e+02 5.8531117076e+01 9.9042402637e-02
3.66000e+02 5.8603072034e+01 9.4588511398e-02
3.67000e+02 5.8686948421e+01 3.1377926348e-02
3.68000e+02 5.8772985274e+01 3.6743760116e-01
3.69000e+02 5.8848495137e+01 9.6228815297e-02
3.70000e+02 5.8944269381e+01 1.4353398490e-01
3.71000e+02 5.9066034093e+01 5.6670006404e-01
3.72000e+02 5.9181738240e+01 5.6761439751e-01
3.73000e+02 5.9281338753e+01 2.4421799006e-01
3.74000e+02 5.9374022840e+01 1.1686171532e-01
3.75000e+02 5.9460025548e+01 5.5507264326e-01
3.76000e+02 5.9544655672e+01 3.1074023201e-02
3.77000e+02 5.9606336735e+01 7.8825404023e-02
3.78000e+02 5.9666978999e+01 1.7818455896e-01
3.79000e+02 5.9723868848e+01 6.0155808198e-02
3.80000e+02 5.9781366112e+01 2.1772372545e-01
3.81000e+02 5.9840533625e+01 6.4950456536e-02
3.82000e+02 5.9893564114e+01 1.0951161574e-02
3.83000e+02 5.9939241242e+01 1.4141841718e-01
3.84000e+02 5.9986864263e+01 9.3318733993e-02
3.85000e+02 6.0020536629e+01 1.4999767771e-01
3.86000e+02 6.0057607453e+01 4.1386461101e-01
3.87000e+02 6.0104803162e+01 4.3011414672e-02
3.88000e+02 6.0155607199e+01 5.8192279956e-02
3.89000e+02 6.0217112481e+01 2.9959078095e-01
3.90000e+02 6.0272295599e+01 8.3605662568e-02
3.91000e+02 6.0324402631e+01 5.5279672761e-02
3.92000e+02 6.0395658176e+01 3.4184721088e-02
3.93000e+02 6.0488612919e+01 6.2400288075e-02
3.94000e+02 6.0573520613e+01 1.7360300461e-01
3.95000e+02 6.0662693854e+01 2.6156921683e-01
3.96000e+02 6.0755176274e+01 1.5016569091e-01
3.97000e+02 6.0826118880e+01 1.2079229588e-01
3.98000e+02 6.0898563242e+01 1.2186032094e-01
3.99000e+02 6.0972607571e+01 9.4312796919e-02
4.00000e+02 6.1036959036e+01 1.8620103944e-01
4.01000e+02 6.1094034809e+01 1.9098357998e-01
4.02000e+02 6.1166665331e+01 9.4404643291e-02
4.03000e+02 6.1258489401e+01 1.7229872870e-01
4.04000e+02 6.1345329883e+01 1.6648449126e-01
4.05000e+02 6.1420150390e+01 9.5579943281e-02
4.06000e+02 6.1495732781e+01 9.8436232481e-02
4.07000e+02 6.1571662917e+01 9.8953899044e-02
4.08000e+02 6.1637982921e+01 7.0952835701e-02
4.09000e+02 6.1696162084e+01 9.8947660275e-02
4.10000e+02 6.1750669593e+01 8.7036217363e-02
4.11000e+02 6.1810322208e+01 9.6742251004e-02
4.12000e+02 6.1872501821e+01 2.6691322873e-01
4.13000e+02 6.1935876116e+01 1.4410511861e-01
4.14000e+02 6.2000441279e+01 7.5159062097e-02
4.15000e+02 6.2065969697e+01 7.7238025693e-02
4.16000e+02 6.2132094340e+01 7.8720266826e-02
4.17000e+02 6.2189186248e+01 5.8899539478e-02
4.18000e+02 6.2241163585e+01 1.4740412835e-01
4.19000e+02 6.2306627912e+01 7.8577455615e-02
4.20000e+02 6.2373313362e+01 1.6276302166e-01
4.21000e+02 6.2409909070e+01 1.6790909039e-01
4.22000e+02 6.2449070469e+01 2.3017513444e-01
4.23000e+02 6.2506047793e+01 3.8552501873e-01
4.24000e+02 6.2563888472e+01 7.0214915270e-02
4.25000e+02 6.2626924773e+01 1.7590255753e-01
4.26000e+02 6.2684006030e+01 8.9736915503e-02
4.27000e+02 6.2748318327e+01 6.8992670114e-02
4.28000e+02 6.2814723830e+01 2.0194149258e-01
4.29000e+02 6.2872127472e+01 7.0657240051e-02
4.30000e+02 6.2929941758e+01 6.1995366237e-02
4.31000e+02 6.2973075783e+01 9.6185495109e-02
4.32000e+02 6.3016822656e+01 4.9455176452e-02
4.33000e+02 6.3050721763e+01 8.7214264796e-02
4.34000e+02 6.3079490910e+01 9.3597629310e-03
4.35000e+02 6.3106147592e+01 2.1079788454e-03
4.36000e+02 6.3148603037e+01 1.0836088772e-01
4.37000e+02 6.3194740569e+01 6.1759631094e-02
4.38000e+02 6.3224651451e+01 3.2476066180e-03
4.39000e+02 6.3256955432e+01 3.0011276242e-02
4.40000e+02 6.3293105792e+01 7.7214622592e-02
4.41000e+02 6.3322980617e+01 6.4625017602e-03
4.42000e+02 6.3366063380e+01 5.3347657319e-02
4.43000e+02 6.3433875575e+01 8.7459739389e-02
4.44000e+02 6.3497706757e+01 9.3389175890e-02
4.45000e+02 6.3545631449e+01 3.7632135364e-02
4.46000e+02 6.3588157369e+01 1.9071076741e-02
4.47000e+02 6.3621619548e+01 3.6187969530e-02
4.48000e+02 6.3667524165e+01 4.0416357718e-02
4.49000e+02 6.3716457411e+01 4.1384495056e-02
4.50000e+02 6.3749905939e+01 2.7074390218e-02
4.51000e+02 6.3783311321e+01 9.4397187288e-02
4.52000e+02 6.3820460318e+01 9.5301427671e-02
4.53000e+02 6.3852772705e+01 3.9226149015e-02
4.54000e+02 6.3880934660e+01 4.9946300542e-02
4.55000e+02 6.3908340302e+01 1.8112373244e-02
4.56000e+02 6.3954619924e+01 4.1718115795e-02
4.57000e+02 6.4005093030e+01 4.3216257229e-02
4.58000e+02 6.4036995132e+01 5.7884579365e-03
4.59000e+02 6.4065538556e+01 1.9795061453e-02
4.60000e+02 6.4113108471e+01 4.4463333243e-02
4.61000e+02 6.4183683281e+01 9.7968740932e-02
4.62000e+02 6.4249678607e+01 1.0003491666e-01
4.63000e+02 6.4311651488e+01 7.4304796342e-02
4.64000e+02 6.4373386208e+01 6.9969885330e-02
4.65000e+02 6.4432366496e+01 6.6907323836e-02
4.66000e+02 6.4492157424e+01 6.4896624114e-02
4.67000e+02 6.4549616917e+01 6.3310931506e-02
4.68000e+02 6.4618832225e+01 5.3889887574e-02
4.69000e+02 6.4696379214e+01 9.3422435541e-02
4.70000e+02 6.4764707156e+01 1.4953011866e-01
4.71000e+02 6.4833743142e+01 2.7029712832e-01
4.72000e+02 6.4903497568e+01 7.3211118930e-02
4.73000e+02 6.4949360553e+01 1.3189585859e-01
4.74000e+02 6.4993185509e+01 1.3037125516e-01
4.75000e+02 6.5029171762e+01 1.8076725654e-01
4.76000e+02 6.5060650639e+01 1.3366169195e-02
4.77000e+02 6.5090366261e+01 7.0821723998e-03
4.78000e+02 6.5137313792e+01 2.1410820151e-01
4.79000e+02 6.5187956760e+01 1.4837367004e-01
4.80000e+02 6.5221363802e+01 9.0032553523e-03
4.81000e+02 6.5257224473e+01 3.9962593319e-02
4.82000e+02 6.5294203131e+01 3.2482904270e-02
4.83000e+02 6.5323384615e+01 7.7310320603e-02
4.84000e+02 6.5353692872e+01 5.3039367701e-03
4.85000e+02 6.5380640630e+01 3.0649075967e-03
4.86000e+02 6.5419417437e+01 2.5768738355e-01
4.87000e+02 6.5462958010e+01 2.2819202864e-02
4.88000e+02 6.5513144074e+01 8.3533386448e-02
4.89000e+02 6.5582245786e+01 4.2153954067e-02
4.90000e+02 6.5646499654e+01 4.1138152508e-02
4.91000e+02 6.5716214062e+01 7.8842732798e-02
4.92000e+02 6.5780330989e+01 1.3227015886e-01
4.93000e+02 6.5850324610e+01 9.5719381296e-02
4.94000e+02 6.5924624827e+01 8.9165602625e-02
4.95000e+02 6.5972629356e+01 1.3849370168e-01
4.96000e+02 6.6015869639e+01 1.9677963567e-02
4.97000e+02 6.6051820735e+01 2.6047392918e-02
4.98000e+02 6.6083605826e+01 1.3367472923e-02
4.99000e+02 6.6124144340e+01 3.5783953173e-02
5.00000e+02 6.6167227350e+01 9.4539882735e-02
5.01000e+02 6.6211237958e+01 3.2678376329e-02
5.02000e+02 6.6256217225e+01 3.4541954867e-02
5.03000e+02 6.6290458288e+01 1.1644072522e-02
5.04000e+02 6.6320114106e+01 4.1441929138e-02
5.05000e+02 6.6364081413e+01 3.4464113140e-02
5.06000e+02 6.6406973159e+01 4.9798756094e-02
5.07000e+02 6.6419286452e+01 5.9492860243e-04
5.08000e+02 6.6434872478e+01 8.8124656393e-02
5.09000e+02 6.6453611200e+01 6.4254290894e-03
5.10000e+02 6.6462374991e+01 1.3537621662e-02
5.11000e+02 6.6471727594e+01 3.4614704772e-02
5.12000e+02 6.6477672196e+01 3.1122472573e-02
5.13000e+02 6.6460194014e+01 2.2692820499e-02
5.14000e+02 6.6447299454e+01 4.4731709942e-02
5.15000e+02 6.6447610453e+01 8.3999419150e-02
5.16000e+02 6.6450210055e+01 4.2530106426e-02
5.17000e+02 6.6463224211e+01 3.8826022981e-02
5.18000e+02 6.6470536717e+01 1.7485748256e-03
5.19000e+02 6.6472255726e+01 4.1079566309e-02
5.20000e+02 6.6485663557e+01 2.0980103833e-02
5.21000e+02 6.6503328618e+01 3.8348569455e-02
5.22000e+02 6.6514780497e+01 2.5370113296e-02
5.23000e+02 6.6531862072e+01 2.4792008483e-04
5.24000e+02 6.6543943755e+01 1.4784472009e-02
5.25000e+02 6.6548071284e+01 1.6676506212e-02
5.26000e+02 6.6564161718e+01 4.0992823608e-02
5.27000e+02 6.6581193116e+01 2.5978405669e-02
5.28000e+02 6.6604151180e+01 3.5852623781e-02
5.29000e+02 6.6648593194e+01 7.9392218550e-02
5.30000e+02 6.6690123838e+01 7.0617120011e-02
5.31000e+02 6.6717317572e+01 1.9327172226e-02
5.32000e+02 6.6740729710e+01 1.3992168211e-02
5.33000e+02 6.6756881851e+01 5.4847381239e-02
5.34000e+02 6.6767071032e+01 3.1341463222e-02
5.35000e+02 6.6755456899e+01 5.2786042104e-02
5.36000e+02 6.6746527863e+01 2.8470299540e-03
5.37000e+02 6.6733890277e+01 6.0099849111e-02
5.38000e+02 6.6710644134e+01 3.3435323097e-02
5.39000e+02 6.6680849818e+01 7.4236330355e-02
5.40000e+02 6.6654458685e+01 7.7307084584e-02
5.41000e+02 6.6613520471e+01 2.6479898508e-02
5.42000e+02 6.6577982831e+01 6.1796807808e-02
5.43000e+02 6.6536011632e+01 2.9492260884e-02
5.44000e+02 6.6497448161e+01 8.0606331909e-02
5.45000e+02 6.6455822711e+01 8.2235162440e-02
5.46000e+02 6.6410162328e+01 6.4437057088e-02
5.47000e+02 6.6364848264e+01 3.6886133937e-03
5.48000e+02 6.6317473103e+01 1.7147785624e-03
5.49000e+02 6.6270970462e+01 1.1885777130e-03
5.50000e+02 6.6231890783e+01 9.5031676837e-02
5.51000e+02 6.6216802218e+01 6.5819974335e-02
5.52000e+02 6.6200306204e+01 1.6989776707e-02
5.53000e+02 6.6166563746e+01 1.0018520903e-01
5.54000e+02 6.6130264572e+01 1.1075987482e-02
5.55000e+02 6.6088990826e+01 8.9707750519e-02
5.56000e+02 6.6045427650e+01 7.2640019553e-03
5.57000e+02 6.6001109784e+01 3.0441196855e-03
5.58000e+02 6.5965810433e+01 6.1973826033e-02
5.59000e+02 6.5951704121e+01 9.8225269333e-04
5.60000e+02 6.5935671436e+01 3.1783528255e-02
5.61000e+02 6.5928479969e+01 7.7497737568e-02
5.62000e+02 6.5924688653e+01 6.5178870015e-02
5.63000e+02 6.5914892925e+01 1.7890582375e-02
5.64000e+02 6.5914162339e+01 3.5550035281e-02
5.65000e+02 6.5918622817e+01 2.1571379736e-02
5.66000e+02 6.5908217524e+01 4.4262357046e-02
5.67000e+02 6.5895557110e+01 1.2630496757e-02
5.68000e+02 6.5881519452e+01 3.6323656277e-03
5.69000e+02 6.5866969838e+01 1.8891997128e-03
5.70000e+02 6.5867564847e+01 1.3255937692e-03
5.71000e+02 6.5872316588e+01 8.1502801064e-03
5.72000e+02 6.5876043602e+01 3.1320057295e-03
5.73000e+02 6.5894757868e+01 1.4099500775e-02
5.74000e+02 6.5911323314e+01 1.8911929690e-02
5.75000e+02 6.5925509607e+01 2.3420990623e-02
5.76000e+02 6.5944028548e+01 2.2310256782e-02
5.77000e+02 6.5969962297e+01 4.4936504676e-02
5.78000e+02 6.6005723372e+01 5.4489100438e-03
5.79000e+02 6.6044786257e+01 3.1996556918e-02
5.80000e+02 6.6067704343e+01 3.7265021461e-02
5.81000e+02 6.6088253918e+01 6.3203099074e-03
5.82000e+02 6.6112574516e+01 6.1109340602e-03
5.83000e+02 6.6133037968e+01 1.0776699553e-02
5.84000e+02 6.6149254220e+01 1.3325100050e-02
5.85000e+02 6.6164467418e+01 5.3873131268e-03
5.86000e+02 6.6197259863e+01 1.7689544993e-02
5.87000e+02 6.6253859451e+01 4.2413294878e-02
5.88000e+02 6.6303256379e+01 1.8453063615e-02
5.89000e+02 6.6357409441e+01 4.9378527495e-02
5.90000e+02 6.6413441803e+01 5.5964583126e-02
5.91000e+02 6.6470942905e+01 5.9256658080e-02
5.92000e+02 6.6529143711e+01 6.1365845534e-02
5.93000e+02 6.6587896253e+01 6.2555919988e-02
5.94000e+02 6.6646935600e+01 6.3331904680e-02
5.95000e+02 6.6706213801e+01 6.3794232626e-02
5.96000e+02 6.6765604679e+01 6.4081968279e-02
5.97000e+02 6.6814234254e+01 5.1088232884e-02
5.98000e+02 6.6857359966e+01 2.6165981274e-01
5.99000e+02 6.6914489485e+01 6.1869203581e-02
6.00000e+02 6.6973422255e+01 6.1349227137e-02
6.01000e+02 6.7031774024e+01 6.2510128893e-02
6.02000e+02 6.7087123941e+01 5.7757782613e-02
6.03000e+02 6.7112572718e+01 2.3460932902e-01
6.04000e+02 6.7135079249e+01 1.0363577188e-01
6.05000e+02 6.7152119215e+01 3.0249410894e-01
6.06000e+02 6.7179152039e+01 2.2861509832e-01
6.07000e+02 6.7229752340e+01 3.1556318953e-01
6.08000e+02 6.7276755008e+01 5.0517516105e-02
6.09000e+02 6.7325328696e+01 3.1533721664e-02
6.10000e+02 6.7369027750e+01 3.7393582792e-02
6.11000e+02 6.7421670399e+01 4.4757878187e-02
6.12000e+02 6.7476266548e+01 3.1449385919e-01
6.13000e+02 6.7502668636e+01 1.4184163591e-01
6.14000e+02 6.7531457609e+01 1.4345594346e-01
6.15000e+02 6.7562621357e+01 5.0207240097e-03
6.16000e+02 6.7583485787e+01 5.6774369115e-03
6.17000e+02 6.7602966757e+01 3.3161679329e-02
6.18000e+02 6.7619606475e+01 6.1734526428e-03
6.19000e+02 6.7613229058e+01 3.2128469121e-02
6.20000e+02 6.7607858264e+01 5.4747285246e-02
6.21000e+02 6.7599919533e+01 2.1402506746e-02
6.22000e+02 6.7582310882e+01 6.6344708561e-02
6.23000e+02 6.7541686667e+01 3.9659494280e-02
6.24000e+02 6.7506952081e+01 1.0263773989e-01
6.25000e+02 6.7474454872e+01 4.1152835838e-02
6.26000e+02 6.7444406343e+01 4.6860567004e-03
6.27000e+02 6.7415732590e+01 3.8234559698e-03
6.28000e+02 6.7388495056e+01 2.8109953797e-03
6.29000e+02 6.7362269557e+01 2.4482544549e-03
6.30000e+02 6.7337039292e+01 2.0072682206e-03
6.31000e+02 6.7312608656e+01 1.7948630479e-03
6.32000e+02 6.7273825282e+01 3.3412580077e-02
6.33000e+02 6.7232834653e+01 1.3460807340e-01
6.34000e+02 6.7192111304e+01 2.7937536483e-02
6.35000e+02 6.7151967038e+01 3.8222728990e-02
6.36000e+02 6.7107030279e+01 3.9361652398e-02
6.37000e+02 6.7056060496e+01 5.1103086049e-02
6.38000e+02 6.7017901125e+01 1.3314304539e-01
6.39000e+02 6.6987589743e+01 8.9750576338e-02
6.40000e+02 6.6959002587e+01 6.0719183648e-02
6.41000e+02 6.6925212755e+01 3.1804793473e-03
6.42000e+02 6.6887532058e+01 1.0861055134e-01
6.43000e+02 6.6850281480e+01 3.4607462063e-03
6.44000e+02 6.6811025891e+01 5.0321761224e-03
6.45000e+02 6.6772554876e+01 1.2204375335e-03
6.46000e+02 6.6732617167e+01 1.9013376275e-03
6.47000e+02 6.6693648246e+01 4.9790572760e-04
6.48000e+02 6.6665084779e+01 5.4385184608e-02
6.49000e+02 6.6641454568e+01 9.7290818708e-02
6.50000e+02 6.6604129530e+01 2.1152635481e-03
6.51000e+02 6.6571078591e+01 2.7395569037e-03
6.52000e+02 6.6543795517e+01 7.0471267453e-03
6.53000e+02 6.6519882637e+01 9.1380585583e-03
6.54000e+02 6.6497409114e+01 4.8095513776e-03
6.55000e+02 6.6463605242e+01 4.9165750580e-02
6.56000e+02 6.6426106320e+01 4.7999998378e-03
6.57000e+02 6.6402695434e+01 5.0199405892e-04
6.58000e+02 6.6369114371e+01 3.9696287003e-02
6.59000e+02 6.6327240764e+01 1.3014387411e-01
6.60000e+02 6.6288686555e+01 1.1175415795e-01
6.61000e+02 6.6245562023e+01 5.7914579004e-02
6.62000e+02 6.6216750201e+01 1.0462923348e-02
6.63000e+02 6.6194580227e+01 1.0553179255e-01
6.64000e+02 6.6173247775e+01 3.7512591267e-02
6.65000e+02 6.6154500997e+01 3.4051882847e-02
6.66000e+02 6.6135851136e+01 2.6825913177e-03
6.67000e+02 6.6106507433e+01 4.4601687939e-03
6.68000e+02 6.6072736307e+01 3.6306965035e-02
6.69000e+02 6.6039837254e+01 3.5553489697e-03
6.70000e+02 6.6004596986e+01 5.0209352423e-03
6.71000e+02 6.5983361658e+01 1.9135900092e-04
6.72000e+02 6.5965223718e+01 1.4158357915e-03
6.73000e+02 6.5933341370e+01 1.0167035857e-03
6.74000e+02 6.5906447587e+01 1.0511132782e-01
6.75000e+02 6.5885882564e+01 1.0194102861e-01
6.76000e+02 6.5865661152e+01 7.4417011327e-02
6.77000e+02 6.5848029315e+01 1.4655265419e-02
6.78000e+02 6.5816225163e+01 4.4518028768e-03
6.79000e+02 6.5783139207e+01 1.1935092384e-01
6.80000e+02 6.5749400078e+01 9.8115542060e-02
6.81000e+02 6.5715341758e+01 6.2173858526e-02
6.82000e+02 6.5680261822e+01 1.3408067175e-03
6.83000e+02 6.5655160653e+01 2.4514205075e-03
6.84000e+02 6.5624111708e+01 7.3584119343e-02
6.85000e+02 6.5584958309e+01 3.9862076676e-02
6.86000e+02 6.5548607446e+01 4.0692233272e-02
6.87000e+02 6.5507937273e+01 1.5167741474e-03
6.88000e+02 6.5469956351e+01 1.6300589639e-03
6.89000e+02 6.5428493089e+01 7.9308976432e-04
6.90000e+02 6.5389561386e+01 9.5077968805e-04
6.91000e+02 6.5338047316e+01 9.0636376747e-02
6.92000e+02 6.5291035824e+01 6.8919848833e-02
6.93000e+02 6.5243877379e+01 3.3799772767e-02
6.94000e+02 6.5189909360e+01 2.1337051756e-02
6.95000e+02 6.5132575349e+01 8.2746803241e-02
6.96000e+02 6.5073958425e+01 4.6489055359e-03
6.97000e+02 6.5013997154e+01 7.2715172193e-03
6.98000e+02 6.4962070346e+01 4.9153168201e-03
6.99000e+02 6.4914316722e+01 2.6555150085e-02
7.00000e+02 6.4854241528e+01 1.4582697205e-03
7.01000e+02 6.4792975273e+01 3.6165086206e-02
7.02000e+02 6.4738739736e+01 1.6984036535e-01
7.03000e+02 6.4681411017e+01 1.1757407672e-03
7.04000e+02 6.4628244254e+01 1.2399543986e-03
7.05000e+02 6.4597997825e+01 1.1666904085e-01
7.06000e+02 6.4566566885e+01 1.1579106221e-01
7.07000e+02 6.4531236035e+01 4.6869072067e-02
7.08000e+02 6.4496887157e+01 3.0466422067e-02
7.09000e+02 6.4449809530e+01 7.8081458304e-04
7.10000e+02 6.4406341439e+01 1.3518221705e-01
7.11000e+02 6.4362802177e+01 3.5383651601e-03
7.12000e+02 6.4310324180e+01 2.8531723746e-02
7.13000e+02 6.4254560254e+01 2.6938399310e-02
7.14000e+02 6.4197795294e+01 4.2869637590e-03
7.15000e+02 6.4141639959e+01 1.6455960515e-01
7.16000e+02 6.4077875288e+01 2.6660999904e-02
7.17000e+02 6.4007943669e+01 3.4600768888e-02
7.18000e+02 6.3941531307e+01 2.6476905753e-03
7.19000e+02 6.3859316028e+01 7.1461886783e-02
7.20000e+02 6.3780918954e+01 1.8388211379e-01
7.21000e+02 6.3697056900e+01 2.7706719705e-02
7.22000e+02 6.3618265775e+01 1.8680558833e-01
7.23000e+02 6.3536354358e+01 1.4211919747e-01
7.24000e+02 6.3451289210e+01 3.6492131958e-02
7.25000e+02 6.3374942965e+01 1.2609014796e-01
7.26000e+02 6.3302250881e+01 1.3587803760e-01
7.27000e+02 6.3219434031e+01 9.0543258437e-04
7.28000e+02 6.3134641276e+01 9.4384518151e-02
7.29000e+02 6.3076200702e+01 1.2211491190e-01
7.30000e+02 6.3021872630e+01 1.7459485145e-02
7.31000e+02 6.2977148107e+01 3.1621722054e-02
7.32000e+02 6.2921904078e+01 6.0222092336e-02
7.33000e+02 6.2860028691e+01 6.3596682707e-02
7.34000e+02 6.2812524298e+01 2.5507268872e-02
7.35000e+02 6.2771797859e+01 5.6163786224e-02
7.36000e+02 6.2715731479e+01 8.2235098742e-04
7.37000e+02 6.2634439789e+01 2.0505557289e-01
7.38000e+02 6.2559625489e+01 1.7554742753e-01
7.39000e+02 6.2497503624e+01 1.0680083585e-03
7.40000e+02 6.2439606170e+01 2.9076650801e-02
7.41000e+02 6.2391740821e+01 7.3513341489e-02
7.42000e+02 6.2349734223e+01 3.1740762004e-02
7.43000e+02 6.2312268071e+01 2.9650828993e-02
7.44000e+02 6.2275202329e+01 4.9408559929e-03
7.45000e+02 6.2239452240e+01 1.7160627588e-03
7.46000e+02 6.2188887895e+01 1.1598077703e-01
7.47000e+02 6.2134941690e+01 1.4041295006e-02
7.48000e+02 6.2077994776e+01 1.7267761248e-01
7.49000e+02 6.2000508732e+01 1.5760075127e-01
7.50000e+02 6.1925741632e+01 3.8230009119e-02
7.51000e+02 6.1847437481e+01 1.3825331802e-01
7.52000e+02 6.1756213368e+01 3.4277200011e-02
7.53000e+02 6.1643132741e+01 4.4282022526e-02
7.54000e+02 6.1537908238e+01 5.2445944518e-02
7.55000e+02 6.1431057415e+01 2.8546672794e-02
7.56000e+02 6.1307124309e+01 3.2708992358e-02
7.57000e+02 6.1178164505e+01 1.8073331154e-01
7.58000e+02 6.1069542140e+01 1.2416473925e-01
7.59000e+02 6.0971230668e+01 1.1550122350e-01
7.60000e+02 6.0851229513e+01 1.7662062752e-01
7.61000e+02 6.0706863072e+01 3.1285813770e-02
7.62000e+02 6.0571605820e+01 2.7874408804e-01
7.63000e+02 6.0438871339e+01 7.0265877869e-02
7.64000e+02 6.0300999545e+01 3.2647291610e-02
7.65000e+02 6.0165425426e+01 3.2677348783e-01
7.66000e+02 6.0030615115e+01 2.5696888786e-01
7.67000e+02 5.9896323829e+01 1.6267002871e-01
7.68000e+02 5.9760257729e+01 8.0884835954e-04
7.69000e+02 5.9629697830e+01 1.9520096285e-01
7.70000e+02 5.9492286080e+01 2.6014389633e-03
7.71000e+02 5.9353807980e+01 4.0166627794e-02
7.72000e+02 5.9204967406e+01 2.8839419803e-02
7.73000e+02 5.9035112202e+01 3.9295304767e-02
7.74000e+02 5.8874136625e+01 2.4909476999e-02
7.75000e+02 5.8722209514e+01 1.4700788198e-01
7.76000e+02 5.8573351981e+01 1.4687783204e-01
7.77000e+02 5.8423326108e+01 1.9012382741e-03
7.78000e+02 5.8275720356e+01 3.1511183248e-03
7.79000e+02 5.8125870172e+01 1.7568956232e-04
7.80000e+02 5.7985015155e+01 3.3238948453e-01
7.81000e+02 5.7858264732e+01 3.2032941775e-01
7.82000e+02 5.7736138890e+01 1.7006806559e-01
7.83000e+02 5.7608786655e+01 1.8753555697e-02
7.84000e+02 5.7479655705e+01 2.3937770426e-01
7.85000e+02 5.7352792367e+01 4.8889645608e-04
7.86000e+02 5.7222473467e+01 1.1412934563e-01
7.87000e+02 5.7098433387e+01 9.3084660740e-02
7.88000e+02 5.6967554246e+01 1.2597833567e-03
7.89000e+02 5.6838436242e+01 2.0636254173e-02
7.90000e+02 5.6698207740e+01 7.5527637907e-03
7.91000e+02 5.6552905840e+01 3.3823227331e-01
7.92000e+02 5.6412451372e+01 3.0698965601e-01
7.93000e+02 5.6253490244e+01 3.4921047888e-02
7.94000e+02 5.6099426413e+01 2.3184690053e-02
7.95000e+02 5.5942753641e+01 1.7918409254e-01
7.96000e+02 5.5793653713e+01 4.5220480570e-02
7.97000e+02 5.5641007876e+01 1.3979771467e-01
7.98000e+02 5.5478911675e+01 3.6967134266e-01
7.99000e+02 5.5324634650e+01 2.1452432479e-01
8.00000e+02 5.5174627367e+01 1.2088917627e-02
8.01000e+02 5.5033829788e+01 1.9984547408e-01
8.02000e+02 5.4893252533e+01 1.3113524383e-01
8.03000e+02 5.4770696225e+01 1.1339166654e-01
8.04000e+02 5.4654528738e+01 2.4409767774e-02
8.05000e+02 5.4543749458e+01 1.1777027767e-02
8.06000e+02 5.4434578719e+01 6.9967481302e-03
8.07000e+02 5.4328374528e+01 7.2789612005e-03
8.08000e+02 5.4222413352e+01 3.2095621295e-03
8.09000e+02 5.4101561395e+01 1.8741454752e-01
8.10000e+02 5.3977719942e+01 2.9666267219e-01
8.11000e+02 5.3869012192e+01 7.0279305671e-04
8.12000e+02 5.3763490745e+01 1.8678740308e-01
8.13000e+02 5.3660461903e+01 2.3131612295e-04
8.14000e+02 5.3557381649e+01 2.4411935106e-03
8.15000e+02 5.3455847678e+01 1.4948704303e-03
8.16000e+02 5.3353801966e+01 1.0345418177e-03
8.17000e+02 5.3253007061e+01 7.3906675362e-04
8.18000e+02 5.3151531920e+01 5.7057086235e-04
8.19000e+02 5.3051167730e+01 4.3071460563e-04
8.20000e+02 5.2918582972e+01 2.2290627048e-01
8.21000e+02 5.2779566234e+01 2.7720016113e-01
8.22000e+02 5.2647605833e+01 1.7795590477e-02
8.23000e+02 5.2510336335e+01 1.7472393065e-03
8.24000e+02 5.2391946058e+01 1.6915136658e-02
8.25000e+02 5.2283625319e+01 2.0150290209e-01
8.26000e+02 5.2152394508e+01 7.2959037197e-04
8.27000e+02 5.2015116601e+01 1.6906630463e-02
8.28000e+02 5.1883263329e+01 6.2246151313e-04
8.29000e+02 5.1729743177e+01 1.3725954137e-01
8.30000e+02 5.1582657559e+01 3.5226619282e-01
8.31000e+02 5.1436673914e+01 1.5081308746e-01
8.32000e+02 5.1293484064e+01 1.3262919556e-01
8.33000e+02 5.1150736801e+01 3.2363816976e-03
8.34000e+02 5.1009758805e+01 2.2118540459e-03
8.35000e+02 5.0868911339e+01 1.8997977663e-03
8.36000e+02 5.0713128066e+01 3.1941819838e-02
8.37000e+02 5.0560366123e+01 3.6018587377e-01
8.38000e+02 5.0414073801e+01 5.3143256284e-03
8.39000e+02 5.0271790148e+01 3.3346065927e-02
8.40000e+02 5.0118678596e+01 2.7543895664e-01
8.41000e+02 4.9967521467e+01 2.7355870377e-01
8.42000e+02 4.9818344680e+01 3.9347649131e-03
8.43000e+02 4.9669414830e+01 6.1581096815e-03
8.44000e+02 4.9520124955e+01 2.9975531638e-03
8.45000e+02 4.9376177951e+01 2.7289603799e-01
8.46000e+02 4.9235296520e+01 8.4084439160e-03
8.47000e+02 4.9100262652e+01 2.2440386455e-03
8.48000e+02 4.8966217032e+01 2.7359779778e-01
8.49000e+02 4.8831302697e+01 1.1953277620e-04
8.50000e+02 4.8699532602e+01 2.9149049501e-01
8.51000e+02 4.8582404145e+01 3.0000672306e-01
8.52000e+02 4.8452295023e+01 4.0559110275e-03
8.53000e+02 4.8302093208e+01 6.2548114646e-03
8.54000e+02 4.8159916325e+01 1.0657560239e-03
8.55000e+02 4.8019366345e+01 9.6518350275e-03
8.56000e+02 4.7870397022e+01 2.9949925224e-01
8.57000e+02 4.7723203246e+01 1.7811457499e-02
8.58000e+02 4.7577154539e+01 2.9206155192e-03
8.59000e+02 4.7431112689e+01 1.1519258570e-03
8.60000e+02 4.7284477967e+01 5.8601486851e-04
8.61000e+02 4.7138443254e+01 7.1362652108e-06
8.62000e+02 4.6989739480e+01 6.5268914178e-03
8.63000e+02 4.6859533048e+01 2.8649110089e-01
8.64000e+02 4.6730939595e+01 2.8468894036e-01
8.65000e+02 4.6587308302e+01 2.9149209184e-02
8.66000e+02 4.6442352426e+01 1.6788457980e-03
8.67000e+02 4.6296780467e+01 6.0576100826e-03
8.68000e+02 4.6151910295e+01 2.8237100718e-01
8.69000e+02 4.6011288188e+01 2.6611323822e-01
8.70000e+02 4.5873424431e+01 7.0064147468e-03
8.71000e+02 4.5740697712e+01 2.5202871072e-03
8.72000e+02 4.5604219013e+01 3.0441531997e-01
8.73000e+02 4.5486282819e+01 3.0491864188e-01
8.74000e+02 4.5375218159e+01 4.6414744174e-02
8.75000e+02 4.5260832886e+01 2.3793573749e-01
8.76000e+02 4.5146219091e+01 2.0732194736e-02
8.77000e+02 4.5053761033e+01 2.6901671486e-01
8.78000e+02 4.4962607565e+01 2.1287374808e-01
8.79000e+02 4.4883009551e+01 3.3163709739e-02
8.80000e+02 4.4807404207e+01 4.8678669204e-02
8.81000e+02 4.4735182329e+01 7.3761363781e-03
8.82000e+02 4.4663802797e+01 1.1594572246e-02
8.83000e+02 4.4580062350e+01 4.5389483282e-02
8.84000e+02 4.4492998480e+01 2.0622241043e-01
8.85000e+02 4.4419043885e+01 1.7327167908e-03
8.86000e+02 4.4347992450e+01 2.6002261227e-04
8.87000e+02 4.4278674675e+01 4.6368202612e-03
8.88000e+02 4.4209389042e+01 4.7350749731e-03
8.89000e+02 4.4124055120e+01 1.5934733956e-03
8.90000e+02 4.4035302427e+01 2.4288659581e-01
8.91000e+02 4.3975326982e+01 3.2482612894e-02
8.92000e+02 4.3915580379e+01 1.6996848524e-01
8.93000e+02 4.3850620442e+01 1.7478300806e-01
8.94000e+02 4.3786955646e+01 8.7775144815e-02
8.95000e+02 4.3706070928e+01 1.4627879867e-01
8.96000e+02 4.3626165020e+01 1.0059161266e-02
8.97000e+02 4.3541618573e+01 2.0388033445e-01
8.98000e+02 4.3443869266e+01 1.2483578487e-01
8.99000e+02 4.3340037558e+01 5.7724916218e-02
9.00000e+02 4.3253262431e+01 2.2050646761e-02
9.01000e+02 4.3175289217e+01 1.5455363071e-02
9.02000e+02 4.3098948510e+01 1.0434420042e-02
9.03000e+02 4.3025720521e+01 1.5169210106e-02
9.04000e+02 4.2952552746e+01 3.1729327541e-03
9.05000e+02 4.2867066221e+01 2.1086434817e-01
9.06000e+02 4.2777868120e+01 2.1325451416e-01
9.07000e+02 4.2690693933e+01 3.3619626242e-02
9.08000e+02 4.2602744299e+01 1.9673628190e-01
9.09000e+02 4.2520542681e+01 2.0430905780e-01
9.10000e+02 4.2440044469e+01 5.1654772477e-03
9.11000e+02 4.2373031222e+01 2.8383609895e-02
9.12000e+02 4.2305213526e+01 1.9405108932e-01
9.13000e+02 4.2246584451e+01 1.5256418284e-01
9.14000e+02 4.2186613096e+01 2.9226745470e-02
9.15000e+02 4.2126651366e+01 2.7864863821e-02
9.16000e+02 4.2075096179e+01 5.7298250510e-02
9.17000e+02 4.2027744965e+01 8.1821417813e-02
9.18000e+02 4.1966805159e+01 9.6845022971e-04
9.19000e+02 4.1907451155e+01 1.6806657780e-01
9.20000e+02 4.1843059779e+01 4.0459666493e-03
9.21000e+02 4.1754253463e+01 4.1455102843e-02
9.22000e+02 4.1670954258e+01 3.1744017565e-02
9.23000e+02 4.1589262147e+01 1.1626769822e-02
9.24000e+02 4.1509471999e+01 3.5090570328e-03
9.25000e+02 4.1436578688e+01 1.8694846677e-01
9.26000e+02 4.1363901814e+01 1.9504701580e-01
9.27000e+02 4.1282646328e+01 4.3662432527e-04
9.28000e+02 4.1204679547e+01 1.8493815128e-01
9.29000e+02 4.1126349245e+01 2.9251836740e-03
9.30000e+02 4.1049429883e+01 1.0474184893e-03
9.31000e+02 4.0974453103e+01 1.4872103935e-02
9.32000e+02 4.0898972891e+01 1.4146598163e-02
9.33000e+02 4.0818913371e+01 1.7292181286e-03
9.34000e+02 4.0742237000e+01 1.2827756880e-02
9.35000e+02 4.0666408314e+01 8.5190710464e-04
9.36000e+02 4.0586739880e+01 1.7974924896e-01
9.37000e+02 4.0527183251e+01 5.6238138166e-04
9.38000e+02 4.0476797251e+01 2.6290371311e-02
9.39000e+02 4.0430567019e+01 3.3829288303e-02
9.40000e+02 4.0384746604e+01 3.8361042792e-02
9.41000e+02 4.0345242018e+01 1.4324539934e-01
9.42000e+02 4.0298647034e+01 3.3073450616e-02
9.43000e+02 4.0267900701e+01 2.8810296201e-02
9.44000e+02 4.0235428172e+01 1.1272599877e-01
9.45000e+02 4.0205243144e+01 1.2610686206e-01
9.46000e+02 4.0170860031e+01 7.3165068768e-02
9.47000e+02 4.0113595461e+01 1.2364761107e-01
9.48000e+02 4.0061159613e+01 1.3013939611e-01
9.49000e+02 4.0019290029e+01 5.4100621876e-02
9.50000e+02 3.9978032422e+01 3.2042612846e-02
9.51000e+02 3.9948096947e+01 1.1180241586e-01
9.52000e+02 3.9915227911e+01 1.1208711914e-01
9.53000e+02 3.9881084921e+01 1.1618254637e-01
9.54000e+02 3.9858082081e+01 2.9433008341e-02
9.55000e+02 3.9854983422e+01 4.7356252572e-02
9.56000e+02 3.9847074448e+01 1.1933735898e-01
9.57000e+02 3.9843641524e+01 3.0710066153e-02
9.58000e+02 3.9837039478e+01 1.4728388017e-02
9.59000e+02 3.9829122760e+01 1.9197453529e-02
9.60000e+02 3.9837149276e+01 7.6373584904e-02
9.61000e+02 3.9866682478e+01 2.4046533913e-02
9.62000e+02 3.9889022936e+01 3.0249431921e-02
9.63000e+02 3.9917304320e+01 8.1891654394e-02
9.64000e+02 3.9947792944e+01 8.9957929253e-02
9.65000e+02 3.9972056925e+01 1.0577343501e-01
9.66000e+02 3.9991577980e+01 1.0793286345e-01
9.67000e+02 4.0009747853e+01 2.8138086476e-02
9.68000e+02 4.0025765295e+01 3.5036136556e-03
9.69000e+02 4.0041334249e+01 6.1010286666e-03
9.70000e+02 4.0055276483e+01 2.0752073604e-03
9.71000e+02 4.0069097417e+01 3.8211528520e-03
9.72000e+02 4.0103303512e+01 5.0202067232e-02
9.73000e+02 4.0162900536e+01 3.9518281095e-02
9.74000e+02 4.0216879261e+01 7.3683355346e-02
9.75000e+02 4.0251989594e+01 8.9430812680e-02
9.76000e+02 4.0279688066e+01 1.3756238145e-02
9.77000e+02 4.0302460436e+01 6.8100657273e-02
9.78000e+02 4.0327165279e+01 6.2248776156e-02
9.79000e+02 4.0345574289e+01 2.6080988818e-02
9.80000e+02 4.0359144661e+01 5.3904457065e-02
9.81000e+02 4.0371642973e+01 4.0189423240e-02
9.82000e+02 4.0381929663e+01 3.2836818267e-03
9.83000e+02 4.0405112477e+01 4.1044354198e-04
9.84000e+02 4.0431087397e+01 1.6801096127e-03
9.85000e+02 4.0457254945e+01 2.9847347318e-03
9.86000e+02 4.0477233157e+01 3.4000513525e-02
9.87000e+02 4.0467256661e+01 2.2671057871e-03
9.88000e+02 4.0456301477e+01 1.7850091685e-02
9.89000e+02 4.0448217534e+01 3.4541745200e-02
9.90000e+02 4.0442611623e+01 5.5333578112e-02
9.91000e+02 4.0439024804e+01 2.9179134612e-02
9.92000e+02 4.0435777150e+01 2.3582580040e-03
9.93000e+02 4.0433716281e+01 1.5259490480e-03
9.94000e+02 4.0431681102e+01 1.2124752971e-03
9.95000e+02 4.0416703987e+01 4.8588066304e-02
9.96000e+02 4.0406496478e+01 4.9348413864e-03
9.97000e+02 4.0402720555e+01 1.1631667644e-02
9.98000e+02 4.0399074274e+01 6.5612284319e-03
9.99000e+02 4.0398116554e+01 2.8182020255e-03
1.00000e+03 4.0382753375e+01 6.6540730469e-02
1.00100e+03 4.0365455785e+01 2.5683196252e-02
1.00200e+03 4.0361504036e+01 3.0546785996e-04
1.00300e+03 4.0361125012e+01 2.3089187095e-02
1.00400e+03 4.0360030701e+01 2.8574379244e-03
1.00500e+03 4.0372041884e+01 1.7397142190e-02
1.00600e+03 4.0382073095e+01 2.7326746626e-02
1.00700e+03 4.0389930611e+01 2.2188489919e-02
1.00800e+03 4.0397896351e+01 2.4231772325e-02
1.00900e+03 4.0403542448e+01 2.2114196517e-03
1.01000e+03 4.0410103372e+01 3.6140239694e-03
1.01100e+03 4.0414386832e+01 1.3626370553e-03
1.01200e+03 4.0429418664e+01 1.8331229122e-02
1.01300e+03 4.0450881391e+01 1.2824125197e-02
1.01400e+03 4.0472116060e+01 6.6084637009e-03
1.01500e+03 4.0493495311e+01 4.1226259884e-02
1.01600e+03 4.0508965002e+01 3.3219150507e-02
1.01700e+03 4.0522332681e+01 8.0115721786e-03
1.01800e+03 4.0532924839e+01 1.2881092321e-02
1.01900e+03 4.0553525639e+01 7.4637821219e-03
1.02000e+03 4.0571000757e+01 9.5529192557e-03
1.02100e+03 4.0559931912e+01 7.8352396419e-03
1.02200e+03 4.0548124838e+01 2.2399232765e-02
1.02300e+03 4.0531987157e+01 2.9505360142e-02
1.02400e+03 4.0522920830e+01 5.1088545718e-02
1.02500e+03 4.0517834929e+01 4.1737055900e-02
1.02600e+03 4.0500191395e+01 2.0486800895e-02
1.02700e+03 4.0480475483e+01 5.4615688083e-02
1.02800e+03 4.0473257673e+01 1.8485174781e-03
1.02900e+03 4.0485883612e+01 1.6572274206e-02
1.03000e+03 4.0493845072e+01 2.0729527292e-02
1.03100e+03 4.0509882403e+01 7.1878958767e-03
1.03200e+03 4.0523799597e+01 2.0113626102e-02
1.03300e+03 4.0515252646e+01 4.9318385820e-03
1.03400e+03 4.0510282893e+01 1.4307645755e-02
1.03500e+03 4.0517435929e+01 2.6181700030e-02
1.03600e+03 4.0524095397e+01 3.3413244011e-02
1.03700e+03 4.0520559495e+01 9.2822895766e-03
1.03800e+03 4.0515304771e+01 5.2081031694e-03
1.03900e+03 4.0502013636e+01 5.5211855435e-03
1.04000e+03 4.0485092870e+01 1.1666042292e-02
1.04100e+03 4.0470543027e+01 4.8671544662e-02
1.04200e+03 4.0459564353e+01 7.4743716063e-02
1.04300e+03 4.0451360001e+01 2.9043481892e-02
1.04400e+03 4.0431396407e+01 2.6623061694e-02
1.04500e+03 4.0404406351e+01 9.6128503485e-02
1.04600e+03 4.0392049285e+01 2.0477061739e-02
1.04700e+03 4.0379782763e+01 5.2390660334e-04
1.04800e+03 4.0362358473e+01 6.7701684080e-02
1.04900e+03 4.0352891839e+01 2.7858720323e-02
1.05000e+03 4.0335203806e+01 2.9259014746e-02
1.05100e+03 4.0290301942e+01 4.1365960967e-02
1.05200e+03 4.0248118412e+01 2.4759240960e-02
1.05300e+03 4.0207289593e+01 6.0591940844e-02
1.05400e+03 4.0169952809e+01 2.4456334901e-02
1.05500e+03 4.0135835979e+01 6.7119894232e-03
1.05600e+03 4.0083774744e+01 7.5697796497e-02
1.05700e+03 4.0025295875e+01 8.9060837925e-02
1.05800e+03 3.9984911312e+01 3.0477793640e-03
1.05900e+03 3.9951121260e+01 3.1060222175e-02
1.06000e+03 3.9900350991e+01 1.2909662936e-03
1.06100e+03 3.9843375247e+01 1.5416059562e-03
1.06200e+03 3.9790356530e+01 2.2484480921e-03
1.06300e+03 3.9733362477e+01 1.8310146665e-05
1.06400e+03 3.9679400949e+01 9.4281089126e-04
1.06500e+03 3.9622131881e+01 2.7501438115e-04
1.06600e+03 3.9567548023e+01 6.2232996827e-04
1.06700e+03 3.9510038842e+01 2.4011228570e-04
1.06800e+03 3.9455026261e+01 4.2872377519e-04
1.06900e+03 3.9397324742e+01 1.9233857830e-04
1.07000e+03 3.9353248458e+01 3.6917201670e-03
1.07100e+03 3.9318390416e+01 2.2591520211e-02
1.07200e+03 3.9278661722e+01 2.0114091869e-02
1.07300e+03 3.9241226949e+01 7.3327499524e-03
1.07400e+03 3.9207043704e+01 1.2675890297e-02
1.07500e+03 3.9175924968e+01 6.3471772355e-03
1.07600e+03 3.9128370948e+01 7.4585614019e-03
1.07700e+03 3.9054893064e+01 2.8576021092e-02
1.07800e+03 3.8988189074e+01 1.8929636930e-01
1.07900e+03 3.8934856078e+01 1.1982719669e-02
1.08000e+03 3.8886153088e+01 1.4519744876e-02
1.08100e+03 3.8849628567e+01 1.9911010965e-02
1.08200e+03 3.8816182790e+01 1.5257213764e-02
1.08300e+03 3.8778121774e+01 1.2681908574e-01
1.08400e+03 3.8736060453e+01 1.2902489394e-01
1.08500e+03 3.8703749435e+01 1.9455461061e-02
1.08600e+03 3.8660044426e+01 2.4698433838e-02
1.08700e+03 3.8588632656e+01 1.8704095925e-01
1.08800e+03 3.8521261190e+01 1.3295537659e-02
1.08900e+03 3.8452302738e+01 9.6388397003e-02
1.09000e+03 3.8384496815e+01 9.8935321517e-02
1.09100e+03 3.8321187720e+01 6.8584473751e-02
1.09200e+03 3.8248860479e+01 4.9557743810e-03
1.09300e+03 3.8177916292e+01 3.8633170411e-02
1.09400e+03 3.8099225436e+01 1.3281923427e-01
1.09500e+03 3.8014545336e+01 3.0610373265e-02
1.09600e+03 3.7945054781e+01 1.8931697545e-01
1.09700e+03 3.7878574853e+01 7.9159444189e-02
1.09800e+03 3.7808914386e+01 3.5927763604e-02
1.09900e+03 3.7746572168e+01 1.7287606024e-01
1.10000e+03 3.7687921154e+01 1.3795282182e-01
1.10100e+03 3.7619932077e+01 1.8707566999e-02
1.10200e+03 3.7551726885e+01 3.0979032024e-02
1.10300e+03 3.7490145899e+01 3.9114545503e-02
1.10400e+03 3.7419527052e+01 1.6843960343e-01
1.10500e+03 3.7353256713e+01 3.9281200698e-03
1.10600e+03 3.7293042594e+01 2.0251965495e-02
1.10700e+03 3.7236800877e+01 1.0028621108e-02
1.10800e+03 3.7181742963e+01 6.0286454960e-03
1.10900e+03 3.7114974256e+01 2.9727683365e-02
1.11000e+03 3.7044629778e+01 1.1468083100e-03
1.11100e+03 3.6988272955e+01 1.1510580897e-04
1.11200e+03 3.6934884571e+01 1.5545388968e-03
1.11300e+03 3.6883315022e+01 4.7872736434e-03
1.11400e+03 3.6832028628e+01 6.8844760891e-03
1.11500e+03 3.6781828469e+01 1.3693908876e-03
1.11600e+03 3.6731484118e+01 2.3100642862e-03
1.11700e+03 3.6682070258e+01 7.8629843649e-04
1.11800e+03 3.6632337412e+01 1.3970173476e-03
1.11900e+03 3.6583422620e+01 4.9906814958e-04
1.12000e+03 3.6534126935e+01 9.3572985246e-04
1.12100e+03 3.6467560727e+01 2.0249959347e-04
1.12200e+03 3.6396990452e+01 7.0938010194e-03
1.12300e+03 3.6344421901e+01 3.6537583411e-03
1.12400e+03 3.6274241238e+01 2.2069571545e-02
1.12500e+03 3.6171580557e+01 5.3334330020e-02
1.12600e+03 3.6076226033e+01 2.7149331989e-02
1.12700e+03 3.5998333863e+01 1.9673760096e-01
1.12800e+03 3.5926956849e+01 2.5731433648e-02
1.12900e+03 3.5868478621e+01 2.7957179182e-02
1.13000e+03 3.5813600953e+01 1.1429876359e-02
1.13100e+03 3.5750730614e+01 2.3426313653e-02
1.13200e+03 3.5684320600e+01 2.7419064569e-02
1.13300e+03 3.5619294620e+01 2.1556416698e-03
1.13400e+03 3.5557632280e+01 1.6284867868e-01
1.13500e+03 3.5520668927e+01 4.0928816069e-02
1.13600e+03 3.5482672081e+01 1.2346915796e-01
1.13700e+03 3.5425812052e+01 1.2937515331e-01
1.13800e+03 3.5366488158e+01 7.0861190633e-03
1.13900e+03 3.5304547899e+01 1.2680772057e-01
1.14000e+03 3.5231951640e+01 3.4599412747e-02
1.14100e+03 3.5152940662e+01 1.9995812652e-01
1.14200e+03 3.5077531027e+01 1.9571926159e-01
1.14300e+03 3.4985068662e+01 2.8523303871e-02
1.14400e+03 3.4897586390e+01 5.9823119933e-02
1.14500e+03 3.4806619979e+01 1.8862626047e-01
1.14600e+03 3.4714851197e+01 1.8897672434e-01
1.14700e+03 3.4639405317e+01 2.0589620494e-04
1.14800e+03 3.4566156615e+01 1.4505194568e-01
1.14900e+03 3.4505407058e+01 1.8205199913e-01
1.15000e+03 3.4434430752e+01 2.6246454219e-03
1.15100e+03 3.4340925878e+01 6.0805805404e-02
1.15200e+03 3.4253790344e+01 4.4275587960e-03
1.15300e+03 3.4168291147e+01 8.0056774427e-03
1.15400e+03 3.4075291366e+01 1.9395514359e-01
1.15500e+03 3.3982039095e+01 1.8665047732e-01
1.15600e+03 3.3893897348e+01 1.0062130887e-03
1.15700e+03 3.3820889548e+01 1.4246881396e-01
1.15800e+03 3.3747320653e+01 7.6776722837e-02
1.15900e+03 3.3671019954e+01 3.2928992112e-03
1.16000e+03 3.3600750843e+01 1.7889035643e-01
1.16100e+03 3.3540124777e+01 3.1620998804e-02
1.16200e+03 3.3477102154e+01 5.8471324457e-02
1.16300e+03 3.3413489020e+01 2.9870679104e-03
1.16400e+03 3.3356817334e+01 4.2714074596e-02
1.16500e+03 3.3304500544e+01 1.5680672072e-01
1.16600e+03 3.3252855207e+01 6.6405467328e-02
1.16700e+03 3.3202574132e+01 6.0149198752e-02
1.16800e+03 3.3152556886e+01 1.6280911337e-03
1.16900e+03 3.3109482705e+01 9.2941102419e-02
1.17000e+03 3.3060328792e+01 2.1115197810e-02
1.17100e+03 3.3026459003e+01 7.5112929664e-02
1.17200e+03 3.2991148230e+01 2.7711849364e-02
1.17300e+03 3.2954859689e+01 2.5265385145e-02
1.17400e+03 3.2931573642e+01 6.6116961831e-02
1.17500e+03 3.2912173480e+01 5.8565049660e-02
1.17600e+03 3.2892040911e+01 9.2009769555e-03
1.17700e+03 3.2873253732e+01 6.1298269998e-04
1.17800e+03 3.2853945931e+01 1.4371374586e-03
1.17900e+03 3.2835389487e+01 2.3073646055e-04
1.18000e+03 3.2800056560e+01 2.2154293216e-05
1.18100e+03 3.2762072242e+01 1.7179082486e-03
1.18200e+03 3.2738475767e+01 4.0581686642e-03
1.18300e+03 3.2729849072e+01 3.4447485641e-02
1.18400e+03 3.2718042919e+01 6.8104198308e-02
1.18500e+03 3.2695171227e+01 4.3373808794e-03
1.18600e+03 3.2674281315e+01 3.0229227056e-02
1.18700e+03 3.2653307139e+01 1.8975163298e-03
1.18800e+03 3.2620446417e+01 2.4722052739e-03
1.18900e+03 3.2583414054e+01 3.4216877826e-03
1.19000e+03 3.2545276094e+01 5.2772378648e-03
1.19100e+03 3.2505397794e+01 8.1178986028e-03
1.19200e+03 3.2477746574e+01 6.7613078923e-03
1.19300e+03 3.2467959650e+01 3.2609990941e-02
1.19400e+03 3.2455357143e+01 3.0756442876e-02
1.19500e+03 3.2439325266e+01 6.2449533122e-03
1.19600e+03 3.2427936224e+01 3.7764870851e-02
1.19700e+03 3.2424150313e+01 3.6092389661e-02
1.19800e+03 3.2415862346e+01 2.9849993648e-02
1.19900e+03 3.2405450259e+01 2.3193967877e-02
1.20000e+03 3.2409051098e+01 1.2919694820e-03
1.20100e+03 3.2416173368e+01 5.5114362370e-02
1.20200e+03 3.2422228674e+01 5.7513715260e-02
1.20300e+03 3.2440635795e+01 7.2166104878e-02
1.20400e+03 3.2456615183e+01 9.1819832622e-02
1.20500e+03 3.2462581338e+01 1.1561155074e-03
1.20600e+03 3.2469990931e+01 9.5329777220e-03
1.20700e+03 3.2483189508e+01 5.2085442785e-03
1.20800e+03 3.2493582082e+01 2.1781615624e-02
1.20900e+03 3.2514485106e+01 1.6477863039e-02
1.21000e+03 3.2532642035e+01 3.0257938348e-03
1.21100e+03 3.2545025864e+01 2.0945085999e-02
1.21200e+03 3.2558294958e+01 1.6036305675e-02
1.21300e+03 3.2568296927e+01 2.3818602400e-03
1.21400e+03 3.2579531667e+01 4.4138322094e-03
1.21500e+03 3.2582500249e+01 2.9975733432e-03
1.21600e+03 3.2588912804e+01 1.7608636057e-03
1.21700e+03 3.2584785618e+01 4.5257977984e-03
1.21800e+03 3.2575549909e+01 1.5648263952e-02
1.21900e+03 3.2563225258e+01 2.3830080169e-02
1.22000e+03 3.2548543389e+01 5.4461604144e-03
1.22100e+03 3.2532736151e+01 8.9233015660e-03
1.22200e+03 3.2515398712e+01 2.6555695583e-03
1.22300e+03 3.2497765170e+01 3.9641810155e-03
1.22400e+03 3.2478946626e+01 1.4811059266e-03
1.22500e+03 3.2470885847e+01 2.8963802522e-02
1.22600e+03 3.2466554120e+01 6.0120523801e-02
1.22700e+03 3.2463478365e+01 2.1497839172e-02
1.22800e+03 3.2461481133e+01 1.9141846339e-02
1.22900e+03 3.2446329777e+01 2.4821854404e-03
1.23000e+03 3.2438859648e+01 1.5383950217e-03
1.23100e+03 3.2458759371e+01 1.6585109174e-02
1.23200e+03 3.2476131828e+01 1.0430806947e-02
1.23300e+03 3.2488545742e+01 1.7906184553e-02
1.23400e+03 3.2501403625e+01 1.3615602588e-02
1.23500e+03 3.2510529951e+01 1.6889575430e-02
1.23600e+03 3.2530021975e+01 2.1489256022e-02
1.23700e+03 3.2554181751e+01 3.7774275351e-02
1.23800e+03 3.2584425514e+01 1.2044339462e-02
1.23900e+03 3.2632683233e+01 3.9131393211e-02
1.24000e+03 3.2677261103e+01 4.5152313010e-02
1.24100e+03 3.2718239158e+01 3.7827496845e-02
1.24200e+03 3.2764913189e+01 3.5722824723e-02
1.24300e+03 3.2818443932e+01 4.1403262533e-02
1.24400e+03 3.2864566638e+01 6.4432748617e-02
1.24500e+03 3.2913302649e+01 7.2896563773e-02
1.24600e+03 3.2963948004e+01 6.8254173071e-02
1.24700e+03 3.3007868858e+01 4.2268326550e-02
1.24800e+03 3.3066529026e+01 7.9638400723e-02
1.24900e+03 3.3128777311e+01 1.2436359406e-01
1.25000e+03 3.3188666508e+01 7.4246264037e-02
1.25100e+03 3.3250528430e+01 7.3785654487e-02
1.25200e+03 3.3295606542e+01 4.1181463748e-02
1.25300e+03 3.3335135241e+01 9.7460409651e-02
1.25400e+03 3.3372152843e+01 8.9302439052e-02
1.25500e+03 3.3416745002e+01 4.7411893059e-02
1.25600e+03 3.3464071499e+01 1.1334916059e-01
1.25700e+03 3.3502447944e+01 2.7348600433e-02
1.25800e+03 3.3536684269e+01 2.4539974825e-02
1.25900e+03 3.3583363330e+01 1.1532271366e-01
1.26000e+03 3.3631010855e+01 1.8758842893e-01
1.26100e+03 3.3668849516e+01 1.8426144646e-01
1.26200e+03 3.3707029473e+01 2.7880512413e-02
1.26300e+03 3.3727925426e+01 1.2050320420e-02
1.26400e+03 3.3751285522e+01 7.4530848707e-02
1.26500e+03 3.3775401773e+01 2.4660326818e-02
1.26600e+03 3.3791365572e+01 3.1007653897e-04
1.26700e+03 3.3801692669e+01 1.7906115266e-02
1.26800e+03 3.3823941000e+01 1.1117657321e-03
1.26900e+03 3.3848999963e+01 1.6794195994e-04
1.27000e+03 3.3859099801e+01 5.8639604379e-03
1.27100e+03 3.3868148070e+01 1.2831124070e-02
1.27200e+03 3.3876424743e+01 2.9903283895e-02
1.27300e+03 3.3862119353e+01 3.9364352892e-02
1.27400e+03 3.3848138432e+01 1.1262466810e-02
1.27500e+03 3.3831253320e+01 5.5806761028e-02
1.27600e+03 3.3817462857e+01 1.5907499698e-02
1.27700e+03 3.3806913607e+01 6.3358615711e-03
1.27800e+03 3.3782635163e+01 3.2555116930e-02
1.27900e+03 3.3733331775e+01 3.4997998479e-02
1.28000e+03 3.3689100965e+01 4.3762574835e-02
1.28100e+03 3.3642092247e+01 5.8446469598e-02
1.28200e+03 3.3597533819e+01 6.6806758092e-02
1.28300e+03 3.3573110050e+01 9.6805740678e-02
1.28400e+03 3.3549748237e+01 4.5480092229e-02
1.28500e+03 3.3535993781e+01 3.5727768378e-02
1.28600e+03 3.3525441494e+01 9.6697546752e-03
1.28700e+03 3.3518085452e+01 6.3984141123e-03
1.28800e+03 3.3498936415e+01 7.0000499554e-02
1.28900e+03 3.3454270226e+01 6.2102752023e-02
1.29000e+03 3.3412963234e+01 5.5464205191e-02
1.29100e+03 3.3368652999e+01 6.4041468053e-02
1.29200e+03 3.3327418669e+01 9.3384837751e-02
1.29300e+03 3.3306451147e+01 5.5596016399e-02
1.29400e+03 3.3284488141e+01 6.4854618339e-02
1.29500e+03 3.3259125004e+01 4.3956145036e-03
1.29600e+03 3.3234962837e+01 2.1991610366e-03
1.29700e+03 3.3198900969e+01 6.0912189911e-02
1.29800e+03 3.3166405718e+01 5.1192560241e-02
1.29900e+03 3.3133830729e+01 3.4868791797e-03
1.30000e+03 3.3093367251e+01 5.9772301322e-03
1.30100e+03 3.3049293296e+01 7.5251483159e-02
1.30200e+03 3.3003845236e+01 4.9845811641e-03
1.30300e+03 3.2959468597e+01 9.6072860024e-02
1.30400e+03 3.2919905642e+01 1.3180819985e-01
1.30500e+03 3.2875558089e+01 5.2531947538e-03
1.30600e+03 3.2828183749e+01 9.7903068086e-02
1.30700e+03 3.2790738988e+01 7.0933083460e-02
1.30800e+03 3.2742560050e+01 4.3486788824e-02
1.30900e+03 3.2666888643e+01 1.1801272764e-01
1.31000e+03 3.2595523252e+01 6.5595119479e-02
1.31100e+03 3.2522849273e+01 9.2291886768e-02
1.31200e+03 3.2451698617e+01 3.8655405077e-02
1.31300e+03 3.2400890748e+01 1.4675299564e-01
1.31400e+03 3.2351941202e+01 8.0248740678e-02
1.31500e+03 3.2313725606e+01 4.4214137502e-02
1.31600e+03 3.2279185591e+01 2.9760392456e-02
1.31700e+03 3.2238216268e+01 6.9120938201e-03
1.31800e+03 3.2201651486e+01 1.1202036755e-01
1.31900e+03 3.2170952538e+01 5.4396770602e-02
1.32000e+03 3.2140781206e+01 6.3934488858e-03
1.32100e+03 3.2112633192e+01 2.5509349125e-03
1.32200e+03 3.2084505359e+01 2.0434996878e-03
1.32300e+03 3.2066107110e+01 3.2409618999e-02
1.32400e+03 3.2046466776e+01 8.5690429534e-02
1.32500e+03 3.2025288603e+01 8.8384662049e-02
1.32600e+03 3.2004441989e+01 8.9502557612e-02
1.32700e+03 3.1975239466e+01 1.0545094136e-03
1.32800e+03 3.1945626530e+01 3.1675549840e-02
1.32900e+03 3.1904295603e+01 1.2338258300e-01
1.33000e+03 3.1866854978e+01 2.8577381257e-02
1.33100e+03 3.1834002684e+01 2.0070170229e-02
1.33200e+03 3.1785647252e+01 2.7508818160e-02
1.33300e+03 3.1714530773e+01 7.3557830185e-02
1.33400e+03 3.1650263169e+01 9.2058839932e-02
1.33500e+03 3.1597200264e+01 9.5096048314e-02
1.33600e+03 3.1548361431e+01 1.1398208545e-02
1.33700e+03 3.1511092305e+01 8.8696156257e-02
1.33800e+03 3.1479967510e+01 4.6456179518e-02
1.33900e+03 3.1453127144e+01 4.4276112728e-02
1.34000e+03 3.1426607209e+01 4.8836697315e-02
1.34100e+03 3.1401386635e+01 1.6197916627e-03
1.34200e+03 3.1361686724e+01 1.2437120624e-01
1.34300e+03 3.1317890672e+01 2.2330568284e-02
1.34400e+03 3.1280602811e+01 7.7056488609e-02
1.34500e+03 3.1248271778e+01 3.0831217459e-02
1.34600e+03 3.1217548584e+01 6.5646670507e-03
1.34700e+03 3.1179737282e+01 1.0121430119e-01
1.34800e+03 3.1138046469e+01 8.4124596224e-02
1.34900e+03 3.1096965393e+01 3.2697741779e-03
1.35000e+03 3.1063280429e+01 5.5468578872e-03
1.35100e+03 3.1034547514e+01 1.0972577691e-01
1.35200e+03 3.1005964316e+01 5.6150205592e-02
1.35300e+03 3.0991707257e+01 1.4877202404e-02
1.35400e+03 3.0974205844e+01 6.8911911793e-02
1.35500e+03 3.0965046472e+01 2.9713662770e-02
1.35600e+03 3.0967724898e+01 1.6399298347e-02
1.35700e+03 3.0989909007e+01 3.6441168196e-02
1.35800e+03 3.1006053409e+01 3.3645815686e-02
1.35900e+03 3.1027153035e+01 4.6641897071e-02
1.36000e+03 3.1044370995e+01 5.8908774208e-02
1.36100e+03 3.1068306222e+01 5.6266259103e-02
1.36200e+03 3.1095184948e+01 6.6944316313e-02
1.36300e+03 3.1123101422e+01 7.5026958925e-03
1.36400e+03 3.1151908310e+01 9.4233557457e-03
1.36500e+03 3.1181233407e+01 1.0822556086e-02
1.36600e+03 3.1210757869e+01 1.1529306822e-02
1.36700e+03 3.1240520814e+01 1.1955625677e-02
1.36800e+03 3.1270260757e+01 1.2159150628e-02
1.36900e+03 3.1300135413e+01 1.2258702895e-02
1.37000e+03 3.1329868693e+01 1.2239781247e-02
1.37100e+03 3.1346782605e+01 4.1857141039e-03
1.37200e+03 3.1372937849e+01 5.9881545863e-02
1.37300e+03 3.1426741903e+01 8.0447637524e-02
1.37400e+03 3.1476675609e+01 2.0200426050e-02
1.37500e+03 3.1530761944e+01 5.6619445734e-02
1.37600e+03 3.1586001709e+01 6.1868885897e-02
1.37700e+03 3.1642167759e+01 6.3886731991e-02
1.37800e+03 3.1698545125e+01 6.4960445741e-02
1.37900e+03 3.1755104407e+01 6.5288716767e-02
1.38000e+03 3.1811576873e+01 6.5318528735e-02
1.38100e+03 3.1857067497e+01 8.8398376285e-02
1.38200e+03 3.1915089144e+01 1.1223359246e-01
1.38300e+03 3.1977345123e+01 2.2322076095e-01
1.38400e+03 3.2037144975e+01 7.4502073511e-02
1.38500e+03 3.2115312629e+01 2.3649953801e-01
1.38600e+03 3.2188173020e+01 1.6387924934e-02
1.38700e+03 3.2266519702e+01 1.0341214754e-01
1.38800e+03 3.2345886507e+01 3.7089391527e-01
1.38900e+03 3.2417782328e+01 1.0328755775e-01
1.39000e+03 3.2496669337e+01 1.0933535307e-01
1.39100e+03 3.2577625116e+01 2.2201408583e-01
1.39200e+03 3.2649908751e+01 4.4269054282e-01
1.39300e+03 3.2727533056e+01 1.0850364100e-01
1.39400e+03 3.2806348807e+01 1.0832387938e-01
1.39500e+03 3.2876429095e+01 1.8148891844e-01
1.39600e+03 3.2963435632e+01 2.9393012518e-01
1.39700e+03 3.3074803030e+01 1.6372529555e-01
1.39800e+03 3.3177502440e+01 2.3883659185e-02
1.39900e+03 3.3282313693e+01 1.5926227907e-01
1.40000e+03 3.3390759667e+01 2.9582500970e-01
1.40100e+03 3.3490662514e+01 1.5981091458e-01
1.40200e+03 3.3596061303e+01 1.6180239579e-01
1.40300e+03 3.3702669251e+01 1.3779944578e-01
1.40400e+03 3.3821141932e+01 3.5467881773e-01
1.40500e+03 3.3941432689e+01 7.8042268245e-01
1.40600e+03 3.4058553705e+01 1.8835448149e-01
1.40700e+03 3.4191264689e+01 4.7033040841e-02
1.40800e+03 3.4319149463e+01 3.6879605040e-01
1.40900e+03 3.4437274029e+01 1.8599993589e-01
1.41000e+03 3.4555038940e+01 1.8645783125e-01
1.41100e+03 3.4680638554e+01 3.4709098123e-01
1.41200e+03 3.4803065490e+01 1.9856591265e-01
1.41300e+03 3.4923420236e+01 1.9312247896e-01
1.41400e+03 3.5052418327e+01 2.3599301969e-02
1.41500e+03 3.5191687597e+01 7.6142296097e-01
1.41600e+03 3.5340606654e+01 2.4229331771e-01
1.41700e+03 3.5503038152e+01 4.2076750900e-02
1.41800e+03 3.5658163243e+01 2.6766218621e-01
1.41900e+03 3.5805254691e+01 4.5728928058e-01
1.42000e+03 3.5951662991e+01 2.4318206165e-01
1.42100e+03 3.6104470148e+01 2.5777018453e-01
1.42200e+03 3.6256288538e+01 7.4791381825e-01
1.42300e+03 3.6411351286e+01 1.0318563096e+00
1.42400e+03 3.6564509702e+01 3.0707096046e-01
1.42500e+03 3.6719381495e+01 2.5735032000e-01
1.42600e+03 3.6879076396e+01 2.6208222411e-01
1.42700e+03 3.7029865258e+01 2.5980184561e-01
1.42800e+03 3.7185292405e+01 2.5936170011e-01
1.42900e+03 3.7340841728e+01 2.5977986848e-01
1.43000e+03 3.7493401760e+01 2.5665297406e-01
1.43100e+03 3.7648598591e+01 5.0091746528e-01
1.43200e+03 3.7794652333e+01 1.8887057730e+00
1.43300e+03 3.7935432898e+01 5.5737747216e-01
1.43400e+03 3.8072898666e+01 2.2630467696e-01
1.43500e+03 3.8207965022e+01 2.2036416298e-01
1.43600e+03 3.8377481598e+01 3.3650458977e-01
1.43700e+03 3.8548584548e+01 1.0648224925e+00
1.43800e+03 3.8713584693e+01 7.4584492547e-01
1.43900e+03 3.8899433923e+01 5.4628016210e-01
1.44000e+03 3.9078996573e+01 1.0297711493e+00
1.44100e+03 3.9254745724e+01 5.0742150580e-01
1.44200e+03 3.9428716917e+01 2.9669515182e-01
1.44300e+03 3.9600135042e+01 2.9206743060e-01
1.44400e+03 3.9771000908e+01 2.8867003747e-01
1.44500e+03 3.9939785085e+01 2.8574741890e-01
1.44600e+03 4.0122556405e+01 4.8524773706e-01
1.44700e+03 4.0303740936e+01 1.3843329386e+00
1.44800e+03 4.0479625648e+01 9.2102554845e-01
1.44900e+03 4.0656419156e+01 2.9817457971e-01
1.45000e+03 4.0831199056e+01 2.9677159271e-01
1.45100e+03 4.1008621739e+01 3.2575138211e-01
1.45200e+03 4.1207974860e+01 9.1387662096e-01
1.45300e+03 4.1406923777e+01 1.2242037656e+00
1.45400e+03 4.1600167469e+01 3.3734648883e-01
1.45500e+03 4.1810376219e+01 6.4046499658e-01
1.45600e+03 4.2013834620e+01 9.5787873749e-01
1.45700e+03 4.2208757026e+01 3.3298263198e-01
1.45800e+03 4.2402202817e+01 3.3285174782e-01
1.45900e+03 4.2594658322e+01 3.3005199437e-01
1.46000e+03 4.2779378465e+01 1.4931867352e+00
1.46100e+03 4.2949789059e+01 1.5754786938e+00
1.46200e+03 4.3140463200e+01 3.2695029293e-01
1.46300e+03 4.3331625196e+01 3.2532983350e-01
1.46400e+03 4.3502730203e+01 6.5992514840e-01
1.46500e+03 4.3672869743e+01 6.4770128854e-01
1.46600e+03 4.3841421217e+01 6.6731185875e-01
1.46700e+03 4.4008830296e+01 3.0603364987e-01
1.46800e+03 4.4176224798e+01 2.7808394760e-01
1.46900e+03 4.4343186973e+01 2.7735896020e-01
1.47000e+03 4.4520076942e+01 6.6443904903e-01
1.47100e+03 4.4687352620e+01 9.7872197394e-01
1.47200e+03 4.4857311501e+01 2.7964597920e-01
1.47300e+03 4.5026194367e+01 2.8128702458e-01
1.47400e+03 4.5192734395e+01 2.7758688540e-01
1.47500e+03 4.5359849905e+01 2.7554194125e-01
1.47600e+03 4.5526404987e+01 2.7528145352e-01
1.47700e+03 4.5691019868e+01 3.2082762905e-01
1.47800e+03 4.5879451058e+01 6.0949732282e-01
1.47900e+03 4.6068928361e+01 6.0720313350e-01
1.48000e+03 4.6233768498e+01 1.1063297867e+00
1.48100e+03 4.6389550503e+01 1.0548401730e+00
1.48200e+03 4.6573622571e+01 3.1550103746e-01
1.48300e+03 4.6759917385e+01 4.5160273320e-01
1.48400e+03 4.6941318654e+01 4.4848033183e-01
1.48500e+03 4.7143664761e+01 7.8954759826e-01
1.48600e+03 4.7340054291e+01 1.0949933825e+00
1.48700e+03 4.7525603295e+01 3.0768635560e-01
1.48800e+03 4.7709828315e+01 3.1020241941e-01
1.48900e+03 4.7893790366e+01 3.0830526363e-01
1.49000e+03 4.8069356877e+01 2.7242385207e-01
1.49100e+03 4.8231751470e+01 6.2493696998e-01
1.49200e+03 4.8387148473e+01 6.0414252511e-01
1.49300e+03 4.8538635036e+01 2.4645739854e-01
1.49400e+03 4.8687299822e+01 2.3947872386e-01
1.49500e+03 4.8834145205e+01 2.3459806566e-01
1.49600e+03 4.8979472387e+01 2.3102586321e-01
1.49700e+03 4.9123843015e+01 2.2832008254e-01
1.49800e+03 4.9306076976e+01 3.0600590009e-01
1.49900e+03 4.9515831795e+01 3.4682993060e-01
1.50000e+03 4.9715378643e+01 6.0078618558e-01
1.50100e+03 4.9909245537e+01 5.8429747566e-01
1.50200e+03 5.0106272919e+01 1.6251479811e+00
1.50300e+03 5.0302997230e+01 5.2353682154e-02
1.50400e+03 5.0518159725e+01 3.6549594579e-01
1.50500e+03 5.0752207608e+01 7.2409720241e-01
1.50600e+03 5.0977430890e+01 1.0816169508e+00
1.50700e+03 5.1192152759e+01 7.5815932854e-01
1.50800e+03 5.1399542245e+01 3.4245539591e-01
1.50900e+03 5.1588480818e+01 3.3432720318e-01
1.51000e+03 5.1769017970e+01 3.0714054117e-01
1.51100e+03 5.1944629347e+01 2.9350620430e-01
1.51200e+03 5.2154955310e+01 7.1853657192e-01
1.51300e+03 5.2389268850e+01 3.9688477747e-01
1.51400e+03 5.2613382119e+01 3.9537787986e-01
1.51500e+03 5.2832559743e+01 3.7984658538e-01
1.51600e+03 5.3055465985e+01 7.0538576238e-01
1.51700e+03 5.3280497284e+01 6.1722448727e-02
1.51800e+03 5.3492157199e+01 3.8599618794e-01
1.51900e+03 5.3706864868e+01 2.7377227868e+00
1.52000e+03 5.3920855910e+01 4.5188727923e-01
1.52100e+03 5.4128239402e+01 3.5565985865e-01
1.52200e+03 5.4370353884e+01 8.0774315088e-01
1.52300e+03 5.4612923331e+01 1.4960318547e+00
1.52400e+03 5.4825643146e+01 4.0020165300e-01
1.52500e+03 5.5027254510e+01 4.2785561512e-01
1.52600e+03 5.5224225963e+01 3.6784184260e-01
1.52700e+03 5.5418412191e+01 3.2622257265e-01
1.52800e+03 5.5655826955e+01 4.1534212629e-01
1.52900e+03 5.5921164132e+01 4.1067369993e-01
1.53000e+03 5.6174546933e+01 8.2877811392e-01
1.53100e+03 5.6422295691e+01 4.4584676986e-01
1.53200e+03 5.6666989687e+01 4.2693330070e-01
1.53300e+03 5.6904498538e+01 4.0986618846e-01
1.53400e+03 5.7140229360e+01 4.3393816354e-01
1.53500e+03 5.7374680393e+01 4.3044640684e-01
1.53600e+03 5.7602680315e+01 3.5692481890e-01
1.53700e+03 5.7820387829e+01 1.2574555489e+00
1.53800e+03 5.8041519069e+01 3.8028742168e-01
1.53900e+03 5.8252008152e+01 7.6915382650e-01
1.54000e+03 5.8459932393e+01 3.5132749645e-01
1.54100e+03 5.8660990461e+01 3.3392965604e-02
1.54200e+03 5.8863565244e+01 5.2128640022e-01
1.54300e+03 5.9050468519e+01 7.0007906381e-01
1.54400e+03 5.9235254315e+01 2.3138445036e-02
1.54500e+03 5.9399588754e+01 3.2582607848e-01
1.54600e+03 5.9564560315e+01 6.9762541173e-01
1.54700e+03 5.9730634186e+01 3.3611751188e-01
1.54800e+03 5.9891103973e+01 6.5727398815e-01
1.54900e+03 6.0045213287e+01 5.5909267243e-02
1.55000e+03 6.0197010553e+01 1.8375299446e+00
1.55100e+03 6.0348483008e+01 2.3534600240e-01
1.55200e+03 6.0499639579e+01 2.3446996115e-01
1.55300e+03 6.0647422201e+01 1.4875461156e+00
1.55400e+03 6.0788158958e+01 2.2023501720e-01
1.55500e+03 6.0925763603e+01 2.0983680510e-01
1.55600e+03 6.1095010551e+01 2.6766296600e-01
1.55700e+03 6.1266444070e+01 5.4761306529e-01
1.55800e+03 6.1413035994e+01 2.1548213438e-01
1.55900e+03 6.1552444873e+01 2.1707088619e-01
1.56000e+03 6.1720176723e+01 5.4555035443e-01
1.56100e+03 6.1913651538e+01 7.8306494758e-01
1.56200e+03 6.2094153456e+01 5.1653687871e-01
1.56300e+03 6.2271757848e+01 9.3075550096e-02
1.56400e+03 6.2441472099e+01 3.3295861723e-01
1.56500e+03 6.2607100644e+01 2.6576977504e-01
1.56600e+03 6.2770914981e+01 2.5960409125e-01
1.56700e+03 6.2951452070e+01 7.7932046696e-01
1.56800e+03 6.3150375439e+01 8.2459060338e-01
1.56900e+03 6.3317601743e+01 8.0302958320e-01
1.57000e+03 6.3482264768e+01 7.9915772824e-01
1.57100e+03 6.3649566485e+01 2.6134387466e-01
1.57200e+03 6.3815783479e+01 2.6263649903e-01
1.57300e+03 6.3984538586e+01 2.6382725263e-01
1.57400e+03 6.4152281379e+01 2.6508922499e-01
1.57500e+03 6.4336136655e+01 5.0640080306e-01
1.57600e+03 6.4515821940e+01 1.3076344261e+00
1.57700e+03 6.4693347566e+01 1.1355244590e+00
1.57800e+03 6.4878429931e+01 3.6306692778e-01
1.57900e+03 6.5070817913e+01 1.0745703841e+00
1.58000e+03 6.5250356707e+01 1.0892202706e+00
1.58100e+03 6.5430971029e+01 1.1419313419e+00
1.58200e+03 6.5623079939e+01 2.9766330446e-01
1.58300e+03 6.5804505199e+01 3.0126527553e-01
1.58400e+03 6.5983147809e+01 2.8749770902e-01
1.58500e+03 6.6152983486e+01 5.6556929571e-01
1.58600e+03 6.6322885585e+01 5.8836299501e-01
1.58700e+03 6.6492348884e+01 2.8773766393e-01
1.58800e+03 6.6656085261e+01 1.5645684347e-02
1.58900e+03 6.6806843373e+01 5.4614476209e-01
1.59000e+03 6.6950667026e+01 5.2552916107e-01
1.59100e+03 6.7090640279e+01 2.1047869210e-01
1.59200e+03 6.7259841180e+01 2.6554876592e-01
1.59300e+03 6.7451958890e+01 2.9790266105e-01
1.59400e+03 6.7635590515e+01 3.0259377412e-01
1.59500e+03 6.7805643045e+01 2.6587244778e-01
1.59600e+03 6.7968518017e+01 2.2931953280e-01
1.59700e+03 6.8116537418e+01 2.3713636134e-01
1.59800e+03 6.8284096368e+01 2.6396462441e-01
1.59900e+03 6.8472169697e+01 2.9824679886e-01
1.60000e+03 6.8650399780e+01 2.0594095869e+00
1.60100e+03 6.8828897715e+01 1.2760835417e+00
1.60200e+03 6.9006839600e+01 2.8190993627e-01
1.60300e+03 6.9184389955e+01 1.0816106696e-01
1.60400e+03 6.9354410229e+01 5.2624266116e-01
1.60500e+03 6.9533047739e+01 2.8176760097e-01
1.60600e+03 6.9727813840e+01 3.0908302836e-01
1.60700e+03 6.9910902503e+01 6.6797625595e-01
1.60800e+03 7.0090558517e+01 6.5219819261e-01
1.60900e+03 7.0258847199e+01 7.0902311809e-01
1.61000e+03 7.0426670518e+01 7.3126941966e-01
1.61100e+03 7.0605635804e+01 2.8323564188e-01
1.61200e+03 7.0785394331e+01 2.8330247572e-01
1.61300e+03 7.0972144809e+01 7.3973827241e-01
1.61400e+03 7.1147841509e+01 5.7052973103e-01
1.61500e+03 7.1317198760e+01 2.6911413100e-01
1.61600e+03 7.1519460494e+01 3.1739082155e-01
1.61700e+03 7.1722780836e+01 6.3555693468e-01
1.61800e+03 7.1900094313e+01 2.7046179441e-01
1.61900e+03 7.2068029184e+01 2.6876895247e-01
1.62000e+03 7.2266757337e+01 3.2574443398e-01
1.62100e+03 7.2490148335e+01 4.4425711782e-02
1.62200e+03 7.2698264232e+01 8.4907004202e-01
1.62300e+03 7.2903715853e+01 1.2331018012e-01
1.62400e+03 7.3100314083e+01 4.1097180620e-01
1.62500e+03 7.3305843921e+01 1.1581324731e+00
1.62600e+03 7.3511835848e+01 3.3413769831e-01
1.62700e+03 7.3708427102e+01 3.1590703705e-01
1.62800e+03 7.3899195448e+01 3.0976124604e-01
1.62900e+03 7.4086414858e+01 3.0007964117e-01
1.63000e+03 7.4272435653e+01 2.9503200964e-01
1.63100e+03 7.4456913723e+01 2.9199563724e-01
1.63200e+03 7.4688596713e+01 3.2954837598e-02
1.63300e+03 7.4921756207e+01 1.2842137088e+00
1.63400e+03 7.5146817477e+01 1.2763077739e+00
1.63500e+03 7.5375475381e+01 3.7449589300e-01
1.63600e+03 7.5581080068e+01 3.1128753372e-01
1.63700e+03 7.5789121620e+01 3.3631527506e-01
1.63800e+03 7.6008959340e+01 2.3094630192e+00
1.63900e+03 7.6201688621e+01 3.5928623806e-02
1.64000e+03 7.6392183324e+01 3.0366213663e-01
1.64100e+03 7.6584765108e+01 3.0321097741e-01
1.64200e+03 7.6776420123e+01 3.0406807711e-01
1.64300e+03 7.6985341041e+01 2.2926834767e+00
1.64400e+03 7.7190575851e+01 6.9324241674e-01
1.64500e+03 7.7395993435e+01 1.1268449015e+00
1.64600e+03 7.7599207897e+01 7.6567713396e-01
1.64700e+03 7.7802927120e+01 3.2629340153e-01
1.64800e+03 7.8006129673e+01 3.2595519912e-01
1.64900e+03 7.8209299773e+01 1.0048119965e+00
1.65000e+03 7.8403997313e+01 1.0827574434e+00
1.65100e+03 7.8607342083e+01 3.2525478988e-01
1.65200e+03 7.8829597816e+01 3.5086118518e-01
1.65300e+03 7.9039523041e+01 6.5462531265e-01
1.65400e+03 7.9246926524e+01 3.2913046590e-01
1.65500e+03 7.9451426888e+01 3.2995692968e-01
1.65600e+03 7.9664121908e+01 6.4440997415e-01
1.65700e+03 7.9857738647e+01 7.1132993050e-01
1.65800e+03 8.0049851233e+01 7.3585635930e-01
1.65900e+03 8.0256029186e+01 3.3690761006e-01
1.66000e+03 8.0460570345e+01 3.2676464806e-01
1.66100e+03 8.0670939898e+01 7.4231995577e-01
1.66200e+03 8.0869734698e+01 6.5865376768e-01
1.66300e+03 8.1061865241e+01 3.1116656652e-01
1.66400e+03 8.1250682423e+01 2.9804150503e-01
1.66500e+03 8.1436514813e+01 2.9144531092e-01
1.66600e+03 8.1664158095e+01 3.7210139847e-01
1.66700e+03 8.1893034669e+01 9.9099841131e-01
1.66800e+03 8.2114790256e+01 6.2276882852e-01
1.66900e+03 8.2339942861e+01 3.6300234797e-01
1.67000e+03 8.2561654270e+01 3.6259516724e-01
1.67100e+03 8.2803924285e+01 3.5067639956e-01
1.67200e+03 8.3038496413e+01 6.2920395722e-01
1.67300e+03 8.3271261377e+01 9.8327723688e-01
1.67400e+03 8.3515145709e+01 1.3590558835e+00
1.67500e+03 8.3740966941e+01 3.6290119881e-01
1.67600e+03 8.3964374363e+01 3.6423431071e-01
1.67700e+03 8.4201075538e+01 1.0375436500e+00
1.67800e+03 8.4435594337e+01 3.8306764285e-01
1.67900e+03 8.4668886361e+01 4.1506479764e-01
1.68000e+03 8.4909882694e+01 3.9264796125e-01
1.68100e+03 8.5135379080e+01 3.6354523033e-01
1.68200e+03 8.5354403447e+01 1.1191317543e+00
1.68300e+03 8.5560471017e+01 3.6503085904e-01
1.68400e+03 8.5761951963e+01 7.4627770808e-01
1.68500e+03 8.5961014804e+01 1.1312430735e+00
1.68600e+03 8.6151806221e+01 3.3643287741e-01
1.68700e+03 8.6351491997e+01 3.1504116171e-01
1.68800e+03 8.6566975615e+01 3.0467130682e-01
1.68900e+03 8.6754759670e+01 3.2356777192e-01
1.69000e+03 8.6930827142e+01 3.0000217658e-01
1.69100e+03 8.7094354710e+01 6.0026334537e-01
1.69200e+03 8.7251772269e+01 2.3396234642e-01
1.69300e+03 8.7422326683e+01 2.9131362928e-02
1.69400e+03 8.7592915420e+01 5.3644617076e-01
1.69500e+03 8.7752483161e+01 2.2976855793e-01
1.69600e+03 8.7941135259e+01 6.5167056545e-01
1.69700e+03 8.8132488183e+01 5.3699942708e-01
1.69800e+03 8.8298328202e+01 2.3796124904e-01
1.69900e+03 8.8469046857e+01 5.3607396590e-01
1.70000e+03 8.8650265549e+01 8.2544170636e-01
1.70100e+03 8.8821479931e+01 1.4557514203e+00
1.70200e+03 8.8994925934e+01 2.5668066723e-01
1.70300e+03 8.9167459752e+01 2.5068936446e-01
1.70400e+03 8.9357820806e+01 8.0257639892e-01
1.70500e+03 8.9550184259e+01 5.5909258571e-01
1.70600e+03 8.9721227171e+01 2.5564156815e-01
1.70700e+03 8.9892749428e+01 2.7245382156e-01
1.70800e+03 9.0073184258e+01 5.5774963151e-01
1.70900e+03 9.0244006796e+01 5.5680003776e-01
1.71000e+03 9.0412872631e+01 2.5054576347e-01
1.71100e+03 9.0571546889e+01 3.3689194552e-02
1.71200e+03 9.0729461367e+01 3.2898869768e-02
1.71300e+03 9.0871695648e+01 2.9005923259e-01
1.71400e+03 9.1029285726e+01 5.2347226046e-01
1.71500e+03 9.1188576524e+01 5.2356532784e-01
1.71600e+03 9.1345469431e+01 2.2657432726e-01
1.71700e+03 9.1520020185e+01 2.5402343414e-01
1.71800e+03 9.1690405930e+01 2.5528932155e-01
1.71900e+03 9.1852324084e+01 2.2897510866e-01
1.72000e+03 9.2014185456e+01 2.3371459865e-01
1.72100e+03 9.2185467691e+01 2.5176551323e-01
1.72200e+03 9.2353949925e+01 2.4961023569e-01
1.72300e+03 9.2517991103e+01 2.3560390870e-01
1.72400e+03 9.2682699052e+01 2.3821488146e-01
1.72500e+03 9.2846412303e+01 2.3764873901e-01
1.72600e+03 9.3005386307e+01 2.4480139558e-01
1.72700e+03 9.3151214676e+01 1.2243481798e+00
1.72800e+03 9.3314617888e+01 2.3610635271e-01
1.72900e+03 9.3478865370e+01 2.3640447795e-01
1.73000e+03 9.3625395796e+01 1.2106802539e+00
1.73100e+03 9.3763204844e+01 2.2785092423e-01
1.73200e+03 9.3896803930e+01 2.1469173304e-01
1.73300e+03 9.4027957645e+01 1.7311666777e-01
1.73400e+03 9.4190317889e+01 2.3512510607e-01
1.73500e+03 9.4354797526e+01 2.3512213509e-01
1.73600e+03 9.4495320790e+01 1.7986772911e-01
1.73700e+03 9.4639735087e+01 1.2847737982e+00
1.73800e+03 9.4792631626e+01 8.7898325970e-01
1.73900e+03 9.4935856013e+01 1.0994070540e+00
1.74000e+03 9.5082792395e+01 2.1131040717e+00
1.74100e+03 9.5229355889e+01 8.8025347298e-01
1.74200e+03 9.5377839428e+01 1.9932569290e-01
1.74300e+03 9.5519214180e+01 1.9727673227e-01
1.74400e+03 9.5667313261e+01 2.9659261738e-01
1.74500e+03 9.5815670016e+01 2.0386798664e-01
1.74600e+03 9.5964135641e+01 1.9706154159e-01
1.74700e+03 9.6094714387e+01 9.0668989557e-02
1.74800e+03 9.6223053040e+01 4.8690942640e-01
1.74900e+03 9.6343233187e+01 1.6573951306e-01
1.75000e+03 9.6460648066e+01 3.1050746051e-02
1.75100e+03 9.6556543123e+01 4.5173882795e-01
1.75200e+03 9.6654696802e+01 7.1254585833e-01
1.75300e+03 9.6766225375e+01 1.3599860520e-01
1.75400e+03 9.6876398016e+01 1.3380502388e-01
1.75500e+03 9.6979033502e+01 1.0758134398e-01
1.75600e+03 9.7082694253e+01 1.4089587105e-01
1.75700e+03 9.7174337553e+01 7.4114677334e-02
1.75800e+03 9.7260722033e+01 8.3685601788e-02
1.75900e+03 9.7327699926e+01 4.2564664872e-03
1.76000e+03 9.7397960914e+01 8.3833281742e-02
1.76100e+03 9.7469739550e+01 4.8636132227e-02
1.76200e+03 9.7543149834e+01 5.1736791154e-02
1.76300e+03 9.7617932315e+01 5.4688900300e-02
1.76400e+03 9.7693599941e+01 5.6891552816e-02
1.76500e+03 9.7770494607e+01 5.8946845451e-02
1.76600e+03 9.7837231025e+01 3.7116231003e-02
1.76700e+03 9.7897243278e+01 8.8807899474e-01
1.76800e+03 9.7973238182e+01 5.9215177634e-02
1.76900e+03 9.8065953366e+01 1.9845974648e-01
1.77000e+03 9.8153759815e+01 1.6778378444e-01
1.77100e+03 9.8238867995e+01 1.6000899637e-01
1.77200e+03 9.8323745157e+01 7.6160753518e-02
1.77300e+03 9.8402937763e+01 6.1453902461e-02
1.77400e+03 9.8483473365e+01 1.6228172534e-01
1.77500e+03 9.8550874493e+01 6.6544838328e-02
1.77600e+03 9.8628487556e+01 8.0708198792e-02
1.77700e+03 9.8721511414e+01 8.4000270858e-02
1.77800e+03 9.8810199455e+01 8.7727149832e-02
1.77900e+03 9.8896260211e+01 8.0676320222e-02
1.78000e+03 9.8982310320e+01 7.7957712463e-02
1.78100e+03 9.9066708986e+01 7.6217665015e-02
1.78200e+03 9.9151964241e+01 7.5346592431e-02
1.78300e+03 9.9235790790e+01 7.4699129336e-02
1.78400e+03 9.9333028396e+01 6.0737781578e-01
1.78500e+03 9.9441653581e+01 1.2185154755e-01
1.78600e+03 9.9539678565e+01 2.0569737121e-01
1.78700e+03 9.9631833089e+01 9.6081013114e-02
1.78800e+03 9.9720477977e+01 8.6604837250e-02
1.78900e+03 9.9806620896e+01 8.0506627431e-02
1.79000e+03 9.9918554569e+01 3.4959840275e-01
1.79100e+03 1.0005239447e+02 5.0013348973e-02
1.79200e+03 1.0017514349e+02 3.2365216528e-01
1.79300e+03 1.0029829499e+02 1.8718747529e-01
1.79400e+03 1.0041498092e+02 2.9546745197e-01
1.79500e+03 1.0053933092e+02 6.6623800167e-01
1.79600e+03 1.0066542197e+02 1.9034231848e-01
1.79700e+03 1.0079091217e+02 1.9129218384e-01
1.79800e+03 1.0092492477e+02 1.7334511166e-01
1.79900e+03 1.0104947870e+02 2.4630437633e-01
1.80000e+03 1.0117733512e+02 1.5833615462e-01
1.80100e+03 1.0130485948e+02 1.4936594491e-01
1.80200e+03 1.0142310698e+02 1.5813234812e-01
1.80300e+03 1.0153715876e+02 1.4450164871e-01
1.80400e+03 1.0167931185e+02 3.2624082319e-01
1.80500e+03 1.0184562905e+02 1.9994109261e-01
1.80600e+03 1.0200391188e+02 4.7006945301e-01
1.80700e+03 1.0214731311e+02 8.1999949836e-01
1.80800e+03 1.0228218390e+02 1.5362623421e-01
1.80900e+03 1.0240327327e+02 1.6051019439e-01
1.81000e+03 1.0251817112e+02 1.4037674537e-01
1.81100e+03 1.0262983818e+02 1.3081405182e-01
1.81200e+03 1.0273925965e+02 1.2520686577e-01
1.81300e+03 1.0284738966e+02 1.2154460319e-01
1.81400e+03 1.0295436435e+02 1.1897628004e-01
1.81500e+03 1.0307843063e+02 3.8575686772e-01
1.81600e+03 1.0321423688e+02 2.2476579334e-02
1.81700e+03 1.0333815309e+02 1.6414789341e-01
1.81800e+03 1.0346007282e+02 1.5009722411e-01
1.81900e+03 1.0356647031e+02 4.7769692061e-01
1.82000e+03 1.0366994394e+02 3.5010627227e-03
1.82100e+03 1.0376659472e+02 1.0007752824e-01
1.82200e+03 1.0386225786e+02 5.1726564618e-01
1.82300e+03 1.0395843315e+02 1.5977688545e-01
1.82400e+03 1.0405387057e+02 2.7719472808e-01
1.82500e+03 1.0414148388e+02 3.9056175311e-01
1.82600e+03 1.0423781920e+02 9.6178922593e-02
1.82700e+03 1.0433576463e+02 1.1843529962e-01
1.82800e+03 1.0443261798e+02 1.1883489254e-01
1.82900e+03 1.0452626974e+02 1.0088149692e-01
1.83000e+03 1.0461319583e+02 1.9727606714e-01
1.83100e+03 1.0469769636e+02 1.8792756277e-01
1.83200e+03 1.0480648640e+02 7.2053304583e-01
1.83300e+03 1.0494071220e+02 1.4474613517e-01
1.83400e+03 1.0506455517e+02 1.0168624957e-01
1.83500e+03 1.0518616736e+02 4.8642286736e-02
1.83600e+03 1.0532966347e+02 1.7930745268e-01
1.83700e+03 1.0547571582e+02 4.2389486829e-01
1.83800e+03 1.0561774590e+02 1.9090939659e-01
1.83900e+03 1.0577826035e+02 1.2787321316e-01
1.84000e+03 1.0593369558e+02 4.8346877962e-01
1.84100e+03 1.0607888484e+02 1.8985538927e-01
1.84200e+03 1.0622324517e+02 1.9199578349e-01
1.84300e+03 1.0636739892e+02 1.9076827494e-01
1.84400e+03 1.0650201744e+02 1.7098270985e-01
1.84500e+03 1.0662852603e+02 5.1154847527e-01
1.84600e+03 1.0675396539e+02 4.3793668407e-01
1.84700e+03 1.0687989027e+02 1.5364793309e-01
1.84800e+03 1.0700569687e+02 1.5386152558e-01
1.84900e+03 1.0713207665e+02 1.5416256430e-01
1.85000e+03 1.0725851104e+02 1.5463619275e-01
1.85100e+03 1.0738522677e+02 1.5481750431e-01
1.85200e+03 1.0751213895e+02 1.5514047199e-01
1.85300e+03 1.0763922102e+02 1.5535167079e-01
1.85400e+03 1.0776650337e+02 1.5556649643e-01
1.85500e+03 1.0788720183e+02 5.6073669210e-01
1.85600e+03 1.0800130066e+02 9.8458864724e-01
1.85700e+03 1.0812783790e+02 1.5486610184e-01
1.85800e+03 1.0826355909e+02 3.6052900047e-01
1.85900e+03 1.0836932297e+02 5.4284486937e-01
1.86000e+03 1.0846633888e+02 1.3762831621e-01
1.86100e+03 1.0856379503e+02 2.9081086883e-02
1.86200e+03 1.0866031974e+02 5.0310554172e-01
1.86300e+03 1.0874852880e+02 1.0737326210e+00
1.86400e+03 1.0884559119e+02 9.5439274062e-02
1.86500e+03 1.0894443525e+02 9.6731735706e-02
1.86600e+03 1.0903931426e+02 8.3838041842e-02
1.86700e+03 1.0911325524e+02 1.0566778780e-01
1.86800e+03 1.0918974776e+02 7.7057384547e-01
1.86900e+03 1.0926811430e+02 5.5503408868e-02
1.87000e+03 1.0933922900e+02 4.1681786787e-02
1.87100e+03 1.0940324745e+02 7.1312325914e-01
1.87200e+03 1.0946313629e+02 3.3957664013e-02
1.87300e+03 1.0953072653e+02 4.7110338783e-02
1.87400e+03 1.0960030825e+02 1.1621755766e-01
1.87500e+03 1.0967078165e+02 4.0620337603e-02
1.87600e+03 1.0974220765e+02 4.2424000254e-02
1.87700e+03 1.0980508505e+02 2.3344923405e-02
1.87800e+03 1.0988306540e+02 5.6935725474e-02
1.87900e+03 1.0996547809e+02 6.0924936051e-02
1.88000e+03 1.1002990903e+02 4.7001525370e-02
1.88100e+03 1.1009007112e+02 4.4239207775e-02
1.88200e+03 1.1014789848e+02 1.8453545258e-02
1.88300e+03 1.1021822058e+02 4.2230284485e-02
1.88400e+03 1.1029211527e+02 1.1540597801e-01
1.88500e+03 1.1033723020e+02 4.3009649413e-03
1.88600e+03 1.1037803232e+02 1.0569006356e-04
1.88700e+03 1.1042008369e+02 6.9010739677e-03
1.88800e+03 1.1045719960e+02 4.1075439416e-02
1.88900e+03 1.1048698183e+02 1.0544613900e-01
1.89000e+03 1.1051876346e+02 5.3342834811e-03
1.89100e+03 1.1054746764e+02 1.0780522065e-03
1.89200e+03 1.1057849591e+02 7.5335984253e-04
1.89300e+03 1.1060715931e+02 4.0779375183e-05
1.89400e+03 1.1063805935e+02 1.2822910435e-04
1.89500e+03 1.1066066791e+02 2.2400786444e-02
1.89600e+03 1.1068845553e+02 6.1203276422e-03
1.89700e+03 1.1070550355e+02 3.0687599468e-02
1.89800e+03 1.1071717512e+02 1.6116058766e-02
1.89900e+03 1.1073159424e+02 6.2804046555e-02
1.90000e+03 1.1074871835e+02 5.9901685290e-02
1.90100e+03 1.1075997396e+02 2.1892357377e-02
1.90200e+03 1.1076724129e+02 6.7145470021e-02
1.90300e+03 1.1077444042e+02 1.4944706241e-02
1.90400e+03 1.1079584613e+02 2.2385677601e-02
1.90500e+03 1.1082174711e+02 5.2173249584e-02
1.90600e+03 1.1084690445e+02 1.7406327381e-03
1.90700e+03 1.1087480052e+02 2.5620053042e-04
1.90800e+03 1.1088793554e+02 5.8676842007e-03
1.90900e+03 1.1090098231e+02 1.3444574548e-02
1.91000e+03 1.1091397429e+02 4.5778711164e-02
1.91100e+03 1.1092012578e+02 8.0317051695e-02
1.91200e+03 1.1092786564e+02 5.1624995076e-02
1.91300e+03 1.1092211389e+02 3.3647819805e-02
1.91400e+03 1.1091869968e+02 2.9980362643e-02
1.91500e+03 1.1090778016e+02 4.2220829295e-02
1.91600e+03 1.1090258552e+02 1.1033901620e-01
1.91700e+03 1.1090072296e+02 5.2287292985e-02
1.91800e+03 1.1088768961e+02 9.6191343565e-03
1.91900e+03 1.1087210333e+02 7.0452751604e-02
1.92000e+03 1.1085541970e+02 3.6502931699e-03
1.92100e+03 1.1084444774e+02 7.1788288290e-02
1.92200e+03 1.1083778301e+02 1.1699569881e-01
1.92300e+03 1.1083392757e+02 4.2420222013e-02
1.92400e+03 1.1083159263e+02 3.8048003971e-02
1.92500e+03 1.1081917911e+02 4.7388160777e-04
1.92600e+03 1.1080307704e+02 1.1351273666e-01
1.92700e+03 1.1080061583e+02 1.3942346625e-03
1.92800e+03 1.1079073915e+02 5.1480413639e-02
1.92900e+03 1.1077252857e+02 1.2736436627e-01
1.93000e+03 1.1075723523e+02 5.7401958110e-02
1.93100e+03 1.1073774805e+02 5.5199602013e-02
1.93200e+03 1.1072107931e+02 1.3754018218e-03
1.93300e+03 1.1069005175e+02 8.3217199361e-02
1.93400e+03 1.1066276791e+02 9.7889242249e-03
1.93500e+03 1.1062876263e+02 6.2387803365e-02
1.93600e+03 1.1059819286e+02 1.6074412419e-01
1.93700e+03 1.1057104100e+02 7.8506611778e-02
1.93800e+03 1.1053393758e+02 9.8195837432e-03
1.93900e+03 1.1049581374e+02 1.4101455690e-01
1.94000e+03 1.1046358021e+02 1.0647388639e-01
1.94100e+03 1.1043583019e+02 5.5782218953e-03
1.94200e+03 1.1040967631e+02 6.0796467508e-03
1.94300e+03 1.1037508567e+02 9.2777443228e-02
1.94400e+03 1.1033688208e+02 1.3640106936e-01
1.94500e+03 1.1029975890e+02 7.0923843250e-02
1.94600e+03 1.1026076053e+02 7.9476892903e-04
1.94700e+03 1.1023479258e+02 1.7820740365e-03
1.94800e+03 1.1021231137e+02 5.1879800321e-02
1.94900e+03 1.1017724474e+02 2.0565501134e-03
1.95000e+03 1.1014702541e+02 4.6911673157e-02
1.95100e+03 1.1012333559e+02 1.2160378788e-01
1.95200e+03 1.1008798352e+02 5.4265927142e-03
1.95300e+03 1.1005232664e+02 4.7455016456e-02
1.95400e+03 1.1002763156e+02 5.5242567957e-03
1.95500e+03 1.1000724430e+02 8.8212903234e-03
1.95600e+03 1.0998681711e+02 4.2678883033e-03
1.95700e+03 1.0998028669e+02 8.1611760624e-03
1.95800e+03 1.0996965749e+02 1.1852002974e-02
1.95900e+03 1.0996801781e+02 4.3799566140e-02
1.96000e+03 1.0997957737e+02 4.0139760823e-02
1.96100e+03 1.0999518653e+02 8.0359664010e-02
1.96200e+03 1.1000981655e+02 3.0704571404e-03
1.96300e+03 1.1002612628e+02 3.7679618520e-03
1.96400e+03 1.1002601684e+02 3.5242621180e-02
1.96500e+03 1.1002287111e+02 2.2822227281e-02
1.96600e+03 1.1002486175e+02 3.5419243839e-02
1.96700e+03 1.1003055519e+02 8.8391716059e-03
1.96800e+03 1.1002878551e+02 1.0734401999e-01
1.96900e+03 1.1000307145e+02 4.2023795369e-02
1.97000e+03 1.0998209043e+02 3.5611041068e-02
1.97100e+03 1.0996323789e+02 2.7261870664e-02
1.97200e+03 1.0993605565e+02 4.5569332454e-03
1.97300e+03 1.0990610251e+02 1.3574878488e-01
1.97400e+03 1.0988121973e+02 1.5365612023e-01
1.97500e+03 1.0986055426e+02 2.1531948589e-03
1.97600e+03 1.0982660475e+02 3.2179831612e-02
1.97700e+03 1.0976848909e+02 3.4710751192e-02
1.97800e+03 1.0971664246e+02 3.0865601423e-02
1.97900e+03 1.0966718092e+02 8.6541203787e-03
1.98000e+03 1.0961095060e+02 1.6251007210e-01
1.98100e+03 1.0955266751e+02 6.9765268691e-02
1.98200e+03 1.0948657280e+02 3.2145202409e-02
1.98300e+03 1.0941501205e+02 2.3652771637e-01
1.98400e+03 1.0934696012e+02 1.6514939364e-01
1.98500e+03 1.0927572607e+02 8.1780587967e-02
1.98600e+03 1.0921846793e+02 3.7974472728e-02
1.98700e+03 1.0917051016e+02 1.4183152058e-01
1.98800e+03 1.0910697131e+02 4.5130831459e-03
1.98900e+03 1.0903820921e+02 3.5464551321e-02
1.99000e+03 1.0898634069e+02 5.3896184048e-03
1.99100e+03 1.0894234654e+02 9.3478491592e-03
1.99200e+03 1.0888131353e+02 2.5058397597e-03
1.99300e+03 1.0879782979e+02 7.0861344274e-02
1.99400e+03 1.0872206798e+02 2.7281650501e-02
1.99500e+03 1.0864519412e+02 3.2879710061e-02
1.99600e+03 1.0855189773e+02 1.0305386592e-01
1.99700e+03 1.0845283573e+02 2.4915662957e-02
1.99800e+03 1.0835863463e+02 9.0471343098e-04
1.99900e+03 1.0824785557e+02 2.7295313245e-02
2.00000e+03 1.0814401459e+02 2.8079177220e-02
