0.00000e+00 0.0000000000e+00 0.0000000000e+00
1.00000e+00 2.5490141239e+00 2.5490141239e+00
2.00000e+00 4.9823461272e+00 2.4333320033e+00
3.00000e+00 7.7390041334e+00 2.7566580062e+00
4.00000e+00 1.0653946157e+01 5.4614071334e+00
5.00000e+00 1.3521901041e+01 8.3239006105e+00
6.00000e+00 1.6372494753e+01 5.7047632885e+00
7.00000e+00 1.9218831073e+01 5.6774399611e+00
8.00000e+00 2.2034877451e+01 5.5699477258e+00
9.00000e+00 2.4806867982e+01 1.1170336777e+01
1.00000e+01 2.7586408888e+01 1.1122660968e+01
1.10000e+01 3.0043298819e+01 4.8877886027e+00
1.20000e+01 3.2512193327e+01 1.6456233739e+01
1.30000e+01 3.4969869458e+01 1.6348439513e+01
1.40000e+01 3.7306400113e+01 1.3816266440e+01
1.50000e+01 4.0029074856e+01 5.4715960445e+00
1.60000e+01 4.2921303253e+01 1.0604614158e+01
1.70000e+01 4.5716625569e+01 3.3764618479e-01
1.80000e+01 4.8470767210e+01 5.5137726233e+00
1.90000e+01 5.1198995887e+01 5.4411652111e+00
2.00000e+01 5.3916158669e+01 5.3987451873e+00
2.10000e+01 5.6626631855e+01 5.3755909514e+00
2.20000e+01 5.9331006304e+01 5.3574270276e+00
2.30000e+01 6.2033043562e+01 5.3436336730e+00
2.40000e+01 6.4616272260e+01 5.7128224910e+00
2.50000e+01 6.7190944662e+01 3.0380336198e+01
2.60000e+01 6.9727534258e+01 1.5807025338e+01
2.70000e+01 7.2294261710e+01 5.0302794772e+00
2.80000e+01 7.4995112699e+01 5.3347665789e+00
2.90000e+01 7.7688015920e+01 5.3202977751e+00
3.00000e+01 8.0252750216e+01 5.0533938977e+00
3.10000e+01 8.2816644691e+01 5.0455075258e+00
3.20000e+01 8.5510035208e+01 5.3075170058e+00
3.30000e+01 8.8362255037e+01 1.0599893053e+01
3.40000e+01 9.1164415137e+01 2.1706447165e+01
3.50000e+01 9.3963466035e+01 2.1631571786e+01
3.60000e+01 9.6731233058e+01 3.1373726221e+01
3.70000e+01 9.9464300102e+01 3.1352744797e+01
3.80000e+01 1.0221275113e+02 5.3827003977e+00
3.90000e+01 1.0463527651e+02 4.0370728007e-01
4.00000e+01 1.0693102253e+02 1.0173490142e+01
4.10000e+01 1.0924255935e+02 9.5072517172e+00
4.20000e+01 1.1168442505e+02 5.2599761403e+00
4.30000e+01 1.1425422205e+02 9.7325778684e+00
4.40000e+01 1.1677829420e+02 1.4956258302e+01
4.50000e+01 1.1927761126e+02 1.4726863609e+01
4.60000e+01 1.2166229988e+02 4.5879742396e+00
4.70000e+01 1.2438760375e+02 1.0349024803e+01
4.80000e+01 1.2715842125e+02 1.0361042256e+01
4.90000e+01 1.2989742596e+02 5.3849117691e+00
5.00000e+01 1.3266288343e+02 5.3741668222e+00
5.10000e+01 1.3509529805e+02 4.7042640657e+00
5.20000e+01 1.3740183165e+02 1.1141015977e+01
5.30000e+01 1.4011358455e+02 5.3415408459e+00
5.40000e+01 1.4287729897e+02 5.3344562652e+00
5.50000e+01 1.4529735040e+02 1.1117511763e+01
5.60000e+01 1.4774772855e+02 9.7313577449e+00
5.70000e+01 1.5031603877e+02 2.1047108897e+01
5.80000e+01 1.5284322737e+02 2.1029178234e+01
5.90000e+01 1.5534835218e+02 1.5719068984e+01
6.00000e+01 1.5773831051e+02 5.4196240237e+00
6.10000e+01 1.6008462932e+02 5.3404717919e+00
6.20000e+01 1.6238683481e+02 4.4979622402e+00
6.30000e+01 1.6511541955e+02 1.0284977316e+01
6.40000e+01 1.6801388147e+02 3.7127332002e-01
6.50000e+01 1.7080739193e+02 1.0196054325e+01
6.60000e+01 1.7346184380e+02 6.0412236430e+00
6.70000e+01 1.7606888716e+02 1.0789371244e+01
6.80000e+01 1.7862493800e+02 4.9912035827e+00
6.90000e+01 1.8120455351e+02 4.9587845209e+00
7.00000e+01 1.8391448057e+02 2.5626547588e+01
7.10000e+01 1.8677874784e+02 5.6058827574e+00
7.20000e+01 1.8951942017e+02 2.0295080584e+01
7.30000e+01 1.9192667417e+02 1.7236150378e-01
7.40000e+01 1.9421030298e+02 4.5092145701e+00
7.50000e+01 1.9651510161e+02 4.4022499782e+00
7.60000e+01 1.9879111198e+02 4.3902292802e+00
7.70000e+01 2.0150565963e+02 1.5321724759e+01
7.80000e+01 2.0439335494e+02 5.5895102604e+00
7.90000e+01 2.0717488772e+02 1.9899961524e+01
8.00000e+01 2.0991615406e+02 1.9911400845e+01
8.10000e+01 2.1263332158e+02 5.2532783795e+00
8.20000e+01 2.1522841559e+02 1.3563977458e+00
8.30000e+01 2.1823054512e+02 2.8758187054e-01
8.40000e+01 2.2127819285e+02 5.8572423837e+00
8.50000e+01 2.2395580465e+02 1.0076295866e+01
8.60000e+01 2.2665541360e+02 5.2063677100e+00
8.70000e+01 2.2934268199e+02 5.1712622216e+00
8.80000e+01 2.3202354205e+02 5.1473420611e+00
8.90000e+01 2.3470630389e+02 5.1376881625e+00
9.00000e+01 2.3727163144e+02 8.9991390070e+00
9.10000e+01 2.3983137325e+02 1.0225486085e+01
9.20000e+01 2.4251934054e+02 5.1396577045e+00
9.30000e+01 2.4520164907e+02 5.1340647395e+00
9.40000e+01 2.4775846861e+02 1.0206752586e+01
9.50000e+01 2.5031456221e+02 5.1308698260e+00
9.60000e+01 2.5300061083e+02 5.1270120128e+00
9.70000e+01 2.5584517448e+02 2.0796541319e+01
9.80000e+01 2.5857086688e+02 2.3760655397e+01
9.90000e+01 2.6096442245e+02 4.9593469799e+00
1.00000e+02 2.6337973254e+02 2.7073853291e-01
1.01000e+02 2.6591903225e+02 2.3431630794e+01
1.02000e+02 2.6835368090e+02 4.6633438864e+00
1.03000e+02 2.7077731465e+02 3.3668464651e+01
1.04000e+02 2.7323253405e+02 4.6183685735e+00
1.05000e+02 2.7567083898e+02 4.6284213738e+00
1.06000e+02 2.7823377296e+02 4.3859182623e+01
1.07000e+02 2.8077788081e+02 9.2772388870e+00
1.08000e+02 2.8331685829e+02 9.2440051420e+00
1.09000e+02 2.8585335768e+02 4.7056080628e+00
1.10000e+02 2.8827016874e+02 1.9161708881e+01
1.11000e+02 2.9100777188e+02 5.1077331199e+00
1.12000e+02 2.9378678001e+02 1.0050207062e+01
1.13000e+02 2.9653245003e+02 5.2397888364e+00
1.14000e+02 2.9930298829e+02 5.2260791760e+00
1.15000e+02 3.0204424583e+02 5.2164406191e+00
1.16000e+02 3.0480953967e+02 5.2059797636e+00
1.17000e+02 3.0724649589e+02 1.3810272113e+01
1.18000e+02 3.0955656724e+02 1.5441658908e+01
1.19000e+02 3.1188060739e+02 1.5313301173e+01
1.20000e+02 3.1417183449e+02 4.3056160745e+00
1.21000e+02 3.1649215382e+02 4.2975896484e+00
1.22000e+02 3.1878264406e+02 4.2925551953e+00
1.23000e+02 3.2110403578e+02 4.2893350237e+00
1.24000e+02 3.2356063772e+02 1.4196878658e+01
1.25000e+02 3.2601195074e+02 3.7967943237e+01
1.26000e+02 3.2845794902e+02 2.8464687281e+01
1.27000e+02 3.3090763962e+02 4.5641523483e+00
1.28000e+02 3.3323966787e+02 4.3265837024e+00
1.29000e+02 3.3597091838e+02 5.1907667447e+00
1.30000e+02 3.3886871217e+02 3.3393695453e+01
1.31000e+02 3.4172029011e+02 3.8476206752e+01
1.32000e+02 3.4455651940e+02 5.3412869075e+00
1.33000e+02 3.4738951929e+02 5.3173675674e+00
1.34000e+02 3.5019353998e+02 1.2941524927e+01
1.35000e+02 3.5266873747e+02 4.7195805310e+00
1.36000e+02 3.5512941425e+02 1.5289168300e+01
1.37000e+02 3.5769280540e+02 2.6960873224e-01
1.38000e+02 3.6021804645e+02 4.7317228290e+00
1.39000e+02 3.6274825970e+02 4.6938132030e+00
1.40000e+02 3.6528064417e+02 4.6962628109e+00
1.41000e+02 3.6781797614e+02 1.5361520504e+01
1.42000e+02 3.7032608217e+02 4.6786866251e+00
1.43000e+02 3.7280505727e+02 4.6156510669e+00
1.44000e+02 3.7516544458e+02 4.7432200138e+00
1.45000e+02 3.7750898034e+02 1.9816225338e+01
1.46000e+02 3.7981449726e+02 1.9741538719e+01
1.47000e+02 3.8214678207e+02 4.2576183241e+00
1.48000e+02 3.8461154989e+02 4.5676972054e+00
1.49000e+02 3.8706950153e+02 4.5421060504e+00
1.50000e+02 3.8952157810e+02 4.5248726959e+00
1.51000e+02 3.9197636766e+02 4.5171857380e+00
1.52000e+02 3.9431326952e+02 4.2847456466e+00
1.53000e+02 3.9664610730e+02 4.8151610398e+00
1.54000e+02 3.9910729052e+02 4.5217752040e+00
1.55000e+02 4.0170093744e+02 4.7550002140e+00
1.56000e+02 4.0417467815e+02 3.3244696663e+01
1.57000e+02 4.0663167697e+02 4.5865783681e+01
1.58000e+02 4.0920829508e+02 1.3916978674e+01
1.59000e+02 4.1176647471e+02 1.3867594403e+01
1.60000e+02 4.1431963932e+02 4.7077734919e+00
1.61000e+02 4.1687732776e+02 4.7025745339e+00
1.62000e+02 4.1940549543e+02 4.5821461137e+00
1.63000e+02 4.2162842231e+02 4.4073425196e+00
1.64000e+02 4.2371002743e+02 9.0827682888e+00
1.65000e+02 4.2580225800e+02 3.8915886161e+00
1.66000e+02 4.2802148886e+02 9.1871466009e+00
1.67000e+02 4.3023629632e+02 1.3455230785e+01
1.68000e+02 4.3232839453e+02 3.7734061459e+00
1.69000e+02 4.3479498418e+02 4.9371390667e+00
1.70000e+02 4.3742864238e+02 8.7910421498e+00
1.71000e+02 4.4002135615e+02 8.8172764367e+00
1.72000e+02 4.4255804688e+02 4.9407249885e+00
1.73000e+02 4.4506035309e+02 8.8179676696e+00
1.74000e+02 4.4766254289e+02 4.7643141609e+00
1.75000e+02 4.5021884281e+02 3.4149245971e-01
1.76000e+02 4.5274371022e+02 9.1140957077e+00
1.77000e+02 4.5534783312e+02 4.7709589671e+00
1.78000e+02 4.5784968171e+02 8.7743075702e+00
1.79000e+02 4.6032870287e+02 4.7362647945e+00
1.80000e+02 4.6283059891e+02 4.7315759699e+00
1.81000e+02 4.6502451622e+02 1.4362342886e+01
1.82000e+02 4.6710141134e+02 1.4694764014e+01
1.83000e+02 4.6919488386e+02 4.0886010532e+00
1.84000e+02 4.7125924215e+02 3.7099890579e+00
1.85000e+02 4.7335292859e+02 3.7064929945e+00
1.86000e+02 4.7541971295e+02 3.7052125710e+00
1.87000e+02 4.7790105066e+02 4.5386932464e+00
1.88000e+02 4.8043083059e+02 7.4531962815e+00
1.89000e+02 4.8292979030e+02 7.4633650828e+00
1.90000e+02 4.8555400176e+02 4.7882096687e+00
1.91000e+02 4.8814912340e+02 1.1973118521e+01
1.92000e+02 4.9073265413e+02 1.1920464672e+01
1.93000e+02 4.9331621118e+02 4.6982812979e+00
1.94000e+02 4.9589492414e+02 4.6887652501e+00
1.95000e+02 4.9847603101e+02 4.6816263116e+00
1.96000e+02 5.0102803164e+02 4.5869645818e+00
1.97000e+02 5.0327442290e+02 3.8542121724e+00
1.98000e+02 5.0551180644e+02 2.5810377240e+01
1.99000e+02 5.0774025248e+02 3.4561694598e+01
2.00000e+02 5.0985108310e+02 4.6087901365e+00
2.01000e+02 5.1232280045e+02 9.3666800198e+00
2.02000e+02 5.1484524013e+02 9.3277523872e+00
2.03000e+02 5.1733993621e+02 4.5298586016e+00
2.04000e+02 5.1986113833e+02 4.5240911884e+00
2.05000e+02 5.2235650374e+02 4.5202364274e+00
2.06000e+02 5.2497326766e+02 8.6896358393e+00
2.07000e+02 5.2756429522e+02 9.0363676688e+00
2.08000e+02 5.3010568352e+02 4.5359023648e+00
2.09000e+02 5.3261245953e+02 4.5427770684e+00
2.10000e+02 5.3513158217e+02 4.5159686297e+00
2.11000e+02 5.3762484328e+02 4.4979377568e+00
2.12000e+02 5.4023595936e+02 5.0470432666e+00
2.13000e+02 5.4279685075e+02 3.3244534787e-01
2.14000e+02 5.4523058371e+02 2.7752934722e+01
2.15000e+02 5.4761518681e+02 3.2467574979e+01
2.16000e+02 5.5011027586e+02 9.2850368070e+00
2.17000e+02 5.5272524805e+02 9.0667637537e+00
2.18000e+02 5.5521874858e+02 8.7585068167e+00
2.19000e+02 5.5769338751e+02 8.7311261308e+00
2.20000e+02 5.6019443438e+02 4.4392522405e+00
2.21000e+02 5.6267401112e+02 4.4397507942e+00
2.22000e+02 5.6518002234e+02 4.4402753990e+00
2.23000e+02 5.6737595341e+02 1.8867203981e-01
2.24000e+02 5.6959913181e+02 8.7857863487e+00
2.25000e+02 5.7181787920e+02 1.7799484543e+01
2.26000e+02 5.7403829694e+02 4.0006492051e+00
2.27000e+02 5.7626048516e+02 3.9112131720e+00
2.28000e+02 5.7836732122e+02 1.2830809158e+01
2.29000e+02 5.8047115418e+02 1.2725880241e+01
2.30000e+02 5.8254518961e+02 3.6248534103e+00
2.31000e+02 5.8503116868e+02 4.4422374613e+00
2.32000e+02 5.8756636354e+02 4.4669788527e+00
2.33000e+02 5.8976593747e+02 3.7169695377e+00
2.34000e+02 5.9200057508e+02 3.9215218226e+00
2.35000e+02 5.9433637577e+02 2.1803736794e+01
2.36000e+02 5.9655685779e+02 2.6183985519e+00
2.37000e+02 5.9849079874e+02 2.6563299286e-01
2.38000e+02 6.0045757716e+02 1.3603362050e+01
2.39000e+02 6.0250549177e+02 2.3278940654e+00
2.40000e+02 6.0451861090e+02 3.2567199264e+01
2.41000e+02 6.0654868327e+02 1.7315243143e+01
2.42000e+02 6.0847696166e+02 3.3021281677e+00
2.43000e+02 6.1070442991e+02 1.0309401151e+01
2.44000e+02 6.1297828446e+02 7.4193528996e+00
2.45000e+02 6.1494466802e+02 5.0083670367e+00
2.46000e+02 6.1680556772e+02 7.5639690394e+00
2.47000e+02 6.1868418571e+02 5.7915411120e+00
2.48000e+02 6.2069354564e+02 3.4692881752e+00
2.49000e+02 6.2278857915e+02 7.4590524559e+00
2.50000e+02 6.2483629997e+02 7.4861950926e+00
2.51000e+02 6.2689059663e+02 5.9035309648e+00
2.52000e+02 6.2893814781e+02 6.3886441596e+00
2.53000e+02 6.3096597366e+02 3.9422969148e+00
2.54000e+02 6.3287698153e+02 3.2078686859e+00
2.55000e+02 6.3477730131e+02 3.9904695129e+00
2.56000e+02 6.3664644319e+02 3.9446130504e+00
2.57000e+02 6.3854130685e+02 3.1711054184e+00
2.58000e+02 6.4056929557e+02 3.4659666784e+00
2.59000e+02 6.4268426118e+02 3.5763273900e+00
2.60000e+02 6.4474891223e+02 3.5896812988e+00
2.61000e+02 6.4681751238e+02 3.5032750109e+00
2.62000e+02 6.4877920520e+02 3.2604852532e+00
2.63000e+02 6.5104298734e+02 1.1101114402e+01
2.64000e+02 6.5335013809e+02 1.1123309485e+01
2.65000e+02 6.5534363264e+02 3.3558556540e+00
2.66000e+02 6.5722860174e+02 3.2757760746e+00
2.67000e+02 6.5912982538e+02 3.1802293904e+00
2.68000e+02 6.6116077556e+02 3.5027331951e+00
2.69000e+02 6.6318723147e+02 6.2016416582e+00
2.70000e+02 6.6521338515e+02 6.1906435168e+00
2.71000e+02 6.6732189637e+02 7.5493364950e+00
2.72000e+02 6.6931612757e+02 5.4387899864e+00
2.73000e+02 6.7130012523e+02 9.1232659847e+00
2.74000e+02 6.7331056318e+02 3.3786399292e+00
2.75000e+02 6.7504010664e+02 3.2682172710e+00
2.76000e+02 6.7680868319e+02 2.5757713378e-01
2.77000e+02 6.7858168505e+02 2.9291238404e+00
2.78000e+02 6.8036392123e+02 2.9398543474e+00
2.79000e+02 6.8214702283e+02 2.9470142249e+00
2.80000e+02 6.8393876898e+02 2.9535771880e+00
2.81000e+02 6.8578176172e+02 8.5430940048e+00
2.82000e+02 6.8758606723e+02 1.5815992522e+01
2.83000e+02 6.8940053035e+02 2.9933351557e+00
2.84000e+02 6.9121370456e+02 2.9992105243e+00
2.85000e+02 6.9307452403e+02 3.0283414785e+00
2.86000e+02 6.9483353794e+02 6.4135271502e+00
2.87000e+02 6.9654620656e+02 5.6133437090e+00
2.88000e+02 6.9837133032e+02 3.6218057270e+00
2.89000e+02 7.0018788455e+02 3.5739186870e+00
2.90000e+02 7.0200497959e+02 2.9992010714e+00
2.91000e+02 7.0381851384e+02 2.9931818840e+00
2.92000e+02 7.0563691820e+02 2.9914980202e+00
2.93000e+02 7.0745151546e+02 2.9895695292e+00
2.94000e+02 7.0914795573e+02 5.4476726056e+00
2.95000e+02 7.1084027518e+02 9.5825431437e+00
2.96000e+02 7.1266172410e+02 2.9896245132e+00
2.97000e+02 7.1454418314e+02 3.0642072367e+00
2.98000e+02 7.1637776944e+02 9.0044105245e+00
2.99000e+02 7.1823422407e+02 3.0284922669e+00
3.00000e+02 7.2008976882e+02 3.0595596108e+00
3.01000e+02 7.2196671233e+02 8.9898905835e+00
3.02000e+02 7.2373474068e+02 1.4840797247e+01
3.03000e+02 7.2525158202e+02 5.8676568275e+00
3.04000e+02 7.2667138852e+02 1.5158115999e+01
3.05000e+02 7.2841149288e+02 1.8144850189e+01
3.06000e+02 7.3020426326e+02 5.8865312005e+00
3.07000e+02 7.3172156257e+02 2.2766111584e+00
3.08000e+02 7.3328831778e+02 2.5620803511e-01
3.09000e+02 7.3489580490e+02 5.4236625168e+00
3.10000e+02 7.3638413639e+02 1.9698956672e+00
3.11000e+02 7.3764238950e+02 2.5904619723e-01
3.12000e+02 7.3881860763e+02 1.7719590187e+00
3.13000e+02 7.4001872950e+02 1.7120558150e+00
3.14000e+02 7.4120297928e+02 1.7183754191e+00
3.15000e+02 7.4241529609e+02 1.7288519841e+00
3.16000e+02 7.4376423477e+02 5.2004223256e+00
3.17000e+02 7.4511385968e+02 8.3126676308e+00
3.18000e+02 7.4634202227e+02 1.7710359398e+00
3.19000e+02 7.4757401848e+02 1.7889442976e+00
3.20000e+02 7.4878645564e+02 1.7714299220e+00
3.21000e+02 7.5002391858e+02 1.7751252309e+00
3.22000e+02 7.5124199862e+02 1.7789929927e+00
3.23000e+02 7.5248518760e+02 1.7829400323e+00
3.24000e+02 7.5370827113e+02 1.7861605836e+00
3.25000e+02 7.5525321278e+02 7.4658819752e+00
3.26000e+02 7.5695186816e+02 1.1194887813e+01
3.27000e+02 7.5863230278e+02 7.4313215275e+00
3.28000e+02 7.6020248791e+02 3.4710159425e-01
3.29000e+02 7.6204156403e+02 3.8167827067e+00
3.30000e+02 7.6402453729e+02 7.7082080978e+00
3.31000e+02 7.6597424973e+02 6.1603230740e-01
3.32000e+02 7.6790750322e+02 1.1477155888e+01
3.33000e+02 7.6986247075e+02 1.3538554317e+01
3.34000e+02 7.7170005459e+02 8.8695946278e+00
3.35000e+02 7.7352059216e+02 7.6819613518e+00
3.36000e+02 7.7544300279e+02 3.1870283203e+00
3.37000e+02 7.7735136200e+02 3.1372329690e+00
3.38000e+02 7.7924970623e+02 3.1100293423e+00
3.39000e+02 7.8118581196e+02 3.1810784859e+00
3.40000e+02 7.8301332512e+02 5.5900219249e+00
3.41000e+02 7.8478915220e+02 8.2481989263e+00
3.42000e+02 7.8651998458e+02 2.8105760460e+00
3.43000e+02 7.8860127412e+02 6.5515125708e+00
3.44000e+02 7.9083969578e+02 3.4007742270e-01
3.45000e+02 7.9303621376e+02 3.7348154324e+00
3.46000e+02 7.9516593695e+02 1.2169794303e+01
3.47000e+02 7.9700999237e+02 2.8759938057e+00
3.48000e+02 7.9872804255e+02 3.6249220323e+00
3.49000e+02 8.0078232403e+02 3.4774327363e+00
3.50000e+02 8.0288366147e+02 3.4455695535e+00
3.51000e+02 8.0468740209e+02 3.5809823193e+00
3.52000e+02 8.0653147431e+02 9.4081697601e+00
3.53000e+02 8.0843523569e+02 6.3140708516e+00
3.54000e+02 8.1021874193e+02 3.1783120647e-01
3.55000e+02 8.1199541641e+02 2.8470036193e+00
3.56000e+02 8.1379807493e+02 2.8633089033e+00
3.57000e+02 8.1558495346e+02 2.8706496365e+00
3.58000e+02 8.1748268557e+02 9.6981478500e+00
3.59000e+02 8.1937815110e+02 9.3581214049e+00
3.60000e+02 8.2126906635e+02 6.3545998118e+00
3.61000e+02 8.2313739875e+02 6.3211120795e+00
3.62000e+02 8.2488572698e+02 9.2161689418e+00
3.63000e+02 8.2662164919e+02 9.1391343605e+00
3.64000e+02 8.2848222669e+02 3.0060060994e+00
3.65000e+02 8.3033582749e+02 2.9882684910e+00
3.66000e+02 8.3218927106e+02 2.9781462883e+00
3.67000e+02 8.3409980066e+02 3.0883904725e+00
3.68000e+02 8.3589288986e+02 5.6151289124e+00
3.69000e+02 8.3767740485e+02 5.6071502443e+00
3.70000e+02 8.3948687739e+02 2.8610071927e+00
3.71000e+02 8.4102870213e+02 3.5053155083e+00
3.72000e+02 8.4247742014e+02 5.9591192280e+00
3.73000e+02 8.4394624282e+02 2.1807450706e+00
3.74000e+02 8.4539333204e+02 2.1769355340e+00
3.75000e+02 8.4686748757e+02 2.1800914486e+00
3.76000e+02 8.4832063091e+02 2.1839654758e+00
3.77000e+02 8.5011941883e+02 2.8724191211e+00
3.78000e+02 8.5196490451e+02 5.0496751575e+00
3.79000e+02 8.5378473234e+02 5.0656653931e+00
3.80000e+02 8.5562603060e+02 2.9122969876e+00
3.81000e+02 8.5718765227e+02 2.2692476466e+00
3.82000e+02 8.5865321175e+02 2.9289005392e+00
3.83000e+02 8.6013711302e+02 2.8482512414e+00
3.84000e+02 8.6159745235e+02 2.1906768461e+00
3.85000e+02 8.6308377455e+02 2.1909070918e+00
3.86000e+02 8.6454783670e+02 2.1924390102e+00
3.87000e+02 8.6603802951e+02 2.1941171826e+00
3.88000e+02 8.6766186689e+02 2.2960619150e-01
3.89000e+02 8.6933342091e+02 1.5644004521e+01
3.90000e+02 8.7095370314e+02 1.8436212725e+01
3.91000e+02 8.7258012807e+02 2.4896673112e+00
3.92000e+02 8.7420084362e+02 2.4876109606e+00
3.93000e+02 8.7587660084e+02 1.6712316174e+01
3.94000e+02 8.7755200341e+02 1.6747169050e+01
3.95000e+02 8.7920064360e+02 2.5589366496e+00
3.96000e+02 8.8072986709e+02 2.2570843971e+00
3.97000e+02 8.8254775509e+02 7.9273646178e+00
3.98000e+02 8.8441164552e+02 7.9420294193e+00
3.99000e+02 8.8624980967e+02 2.9344437881e+00
4.00000e+02 8.8810822972e+02 2.9260389606e+00
4.01000e+02 8.8994278086e+02 2.9194999085e+00
4.02000e+02 8.9188382438e+02 4.3930933623e+00
4.03000e+02 8.9381607233e+02 2.8360775467e-01
4.04000e+02 8.9563843228e+02 7.4841272314e+00
4.05000e+02 8.9774134545e+02 2.6836202302e-01
4.06000e+02 8.9999177622e+02 5.9271139276e-01
4.07000e+02 9.0219196828e+02 7.4133608525e+00
4.08000e+02 9.0436639950e+02 1.0744678009e+01
4.09000e+02 9.0658560672e+02 8.9151861922e+00
4.10000e+02 9.0869038802e+02 3.4310353320e+00
4.11000e+02 9.1051567545e+02 1.3655081642e+01
4.12000e+02 9.1236581745e+02 3.2428923333e-01
4.13000e+02 9.1427201815e+02 3.1145977929e+00
4.14000e+02 9.1613805993e+02 7.2772756741e+00
4.15000e+02 9.1803159771e+02 2.9578973663e+00
4.16000e+02 9.1982246421e+02 6.4189423352e+00
4.17000e+02 9.2157458407e+02 2.7508392300e+00
4.18000e+02 9.2328865750e+02 2.6712953218e+00
4.19000e+02 9.2502332146e+02 2.6511681154e+00
4.20000e+02 9.2673019862e+02 2.6413206794e+00
4.21000e+02 9.2880415553e+02 6.3845805360e+00
4.22000e+02 9.3103796968e+02 3.0669946700e+00
4.23000e+02 9.3323063316e+02 6.3363229453e+00
4.24000e+02 9.3540357054e+02 3.5698875508e+00
4.25000e+02 9.3758827328e+02 8.7464400935e+00
4.26000e+02 9.3975018240e+02 1.2004400253e+01
4.27000e+02 9.4188007599e+02 3.4823115661e+00
4.28000e+02 9.4400264700e+02 3.4394911465e+00
4.29000e+02 9.4611309845e+02 3.4166095211e+00
4.30000e+02 9.4822081297e+02 3.3983364153e+00
4.31000e+02 9.5040069103e+02 3.5535322443e+00
4.32000e+02 9.5246785398e+02 1.1541329122e+01
4.33000e+02 9.5425966521e+02 1.3063937089e+01
4.34000e+02 9.5594574108e+02 1.3030071866e+01
4.35000e+02 9.5797871583e+02 8.5028731314e+00
4.36000e+02 9.6017534052e+02 1.2022638809e+01
4.37000e+02 9.6233947793e+02 1.1994875522e+01
4.38000e+02 9.6444300044e+02 1.3087232708e+01
4.39000e+02 9.6651822005e+02 1.3116390337e+01
4.40000e+02 9.6860547367e+02 3.3297506417e+00
4.41000e+02 9.7066948307e+02 3.3152106892e+00
4.42000e+02 9.7284250696e+02 3.5103070539e+00
4.43000e+02 9.7499734263e+02 6.2942584078e+00
4.44000e+02 9.7709978120e+02 3.3270804394e+00
4.45000e+02 9.7917313160e+02 3.3330943485e+00
4.46000e+02 9.8125754245e+02 3.3117335318e+00
4.47000e+02 9.8331887378e+02 3.2964027308e+00
4.48000e+02 9.8540035857e+02 3.2901802593e+00
4.49000e+02 9.8719956181e+02 2.6563233523e+00
4.50000e+02 9.8889380031e+02 1.3288945220e+01
4.51000e+02 9.9060407684e+02 1.3186729560e+01
4.52000e+02 9.9228817120e+02 2.5362831216e+00
4.53000e+02 9.9399845815e+02 2.5337572588e+00
4.54000e+02 9.9584264122e+02 9.5583405646e+00
4.55000e+02 9.9768283120e+02 2.1583011051e+01
4.56000e+02 9.9939783965e+02 2.5621375950e+00
4.57000e+02 1.0014494953e+03 3.2772144119e+00
4.58000e+02 1.0036620045e+03 1.8067005474e+01
4.59000e+02 1.0058226647e+03 2.8800456627e+00
4.60000e+02 1.0079633910e+03 1.4913264887e+01
4.61000e+02 1.0100791968e+03 3.3843695938e+00
4.62000e+02 1.0120721917e+03 2.7798639481e-01
4.63000e+02 1.0144059699e+03 5.6152324512e+00
4.64000e+02 1.0168972841e+03 6.5369558109e+00
4.65000e+02 1.0193180518e+03 3.0496187153e-01
4.66000e+02 1.0217072969e+03 3.9341609650e+00
4.67000e+02 1.0240684553e+03 3.8706175118e+00
4.68000e+02 1.0263047309e+03 4.0491843750e+00
4.69000e+02 1.0289029688e+03 6.7948784331e+00
4.70000e+02 1.0315438762e+03 1.6231060618e+01
4.71000e+02 1.0338438811e+03 1.0508744185e+01
4.72000e+02 1.0360236262e+03 6.7315530121e+00
4.73000e+02 1.0382171079e+03 3.5816911336e+00
4.74000e+02 1.0403766186e+03 3.4621233486e+00
4.75000e+02 1.0425625286e+03 3.4510894324e+00
4.76000e+02 1.0448811041e+03 3.7960772783e+00
4.77000e+02 1.0473152281e+03 2.6413183139e+01
4.78000e+02 1.0496219150e+03 6.5957754404e+00
4.79000e+02 1.0516285148e+03 1.7931009962e-01
4.80000e+02 1.0536653054e+03 3.9358743055e+00
4.81000e+02 1.0557882945e+03 6.2780448002e+00
4.82000e+02 1.0578738632e+03 1.4255084386e+01
4.83000e+02 1.0599701326e+03 7.4593306358e+00
4.84000e+02 1.0619618440e+03 3.1007082230e+00
4.85000e+02 1.0642570027e+03 1.3937750110e+01
4.86000e+02 1.0667077619e+03 3.6519050179e-01
4.87000e+02 1.0691209005e+03 3.9553235520e+00
4.88000e+02 1.0714762010e+03 7.0424299615e+00
4.89000e+02 1.0737982901e+03 3.7619692480e+00
4.90000e+02 1.0761316282e+03 3.7362448615e+00
4.91000e+02 1.0781654006e+03 3.1247800445e+00
4.92000e+02 1.0800835500e+03 1.0857592429e+01
4.93000e+02 1.0820161712e+03 1.0745583698e+01
4.94000e+02 1.0839195813e+03 2.9105996772e+00
4.95000e+02 1.0858498780e+03 2.9053644945e+00
4.96000e+02 1.0879137745e+03 1.0250240963e+01
4.97000e+02 1.0899728765e+03 1.6237519913e+01
4.98000e+02 1.0920311645e+03 9.2267509420e+00
4.99000e+02 1.0941759867e+03 6.8344056275e+00
5.00000e+02 1.0962063004e+03 5.5247737191e+00
5.01000e+02 1.0982256272e+03 8.9489952066e+00
5.02000e+02 1.1003578719e+03 1.2865213167e+01
5.03000e+02 1.1024776104e+03 5.7245422068e+00
5.04000e+02 1.1045497346e+03 3.1540586184e+00
5.05000e+02 1.1063464124e+03 3.0492087530e+00
5.06000e+02 1.1080227517e+03 5.7876363833e+00
5.07000e+02 1.1100356024e+03 3.1444285043e+00
5.08000e+02 1.1120994326e+03 3.1329901171e+00
5.09000e+02 1.1141409799e+03 3.1585536391e+00
5.10000e+02 1.1162075646e+03 3.1581495770e+00
5.11000e+02 1.1182523048e+03 3.1581844124e+00
5.12000e+02 1.1203195704e+03 3.1557071139e+00
5.13000e+02 1.1221011401e+03 2.5839129756e+00
5.14000e+02 1.1237796495e+03 9.4538755149e+00
5.15000e+02 1.1258026064e+03 3.1307681321e+00
5.16000e+02 1.1278756985e+03 3.1334638390e+00
5.17000e+02 1.1296531593e+03 9.4403128333e+00
5.18000e+02 1.1314744120e+03 3.0769940843e+00
5.19000e+02 1.1333583633e+03 1.5252470726e+01
5.20000e+02 1.1352007426e+03 1.8261382374e+01
5.21000e+02 1.1370517450e+03 2.7219140906e+00
5.22000e+02 1.1388553813e+03 2.6945571746e-01
5.23000e+02 1.1404058252e+03 2.2701693882e-01
5.24000e+02 1.1419787297e+03 1.7708062189e+01
5.25000e+02 1.1435559364e+03 2.3465203515e+01
5.26000e+02 1.1450206919e+03 2.9138835481e+00
5.27000e+02 1.1464858097e+03 8.6355022679e+00
5.28000e+02 1.1480822152e+03 2.1947995445e+00
5.29000e+02 1.1496772419e+03 2.2104247239e+00
5.30000e+02 1.1512782448e+03 2.2128116301e+00
5.31000e+02 1.1528778761e+03 2.2152034241e+00
5.32000e+02 1.1543606520e+03 7.7848674550e+00
5.33000e+02 1.1561489775e+03 5.6505619426e+00
5.34000e+02 1.1579873275e+03 7.8015607357e+00
5.35000e+02 1.1598022318e+03 4.7962886893e+00
5.36000e+02 1.1616396966e+03 2.6686714659e+00
5.37000e+02 1.1632003046e+03 4.4986938185e+00
5.38000e+02 1.1646649611e+03 4.4760757810e+00
5.39000e+02 1.1664558897e+03 2.6420270497e+00
5.40000e+02 1.1682954767e+03 2.6415072365e+00
5.41000e+02 1.1701121833e+03 2.6646437400e+00
5.42000e+02 1.1719515891e+03 2.6617979623e+00
5.43000e+02 1.1735146015e+03 2.0380243791e+00
5.44000e+02 1.1751182247e+03 2.2156085469e+00
5.45000e+02 1.1767641353e+03 1.2528622837e+01
5.46000e+02 1.1783690508e+03 1.4997822530e+01
5.47000e+02 1.1799845078e+03 2.2186565279e+00
5.48000e+02 1.1815967185e+03 2.2237330131e+00
5.49000e+02 1.1832670691e+03 2.2841122943e+00
5.50000e+02 1.1849375535e+03 8.2068923160e+00
5.51000e+02 1.1865818100e+03 8.1725912232e+00
5.52000e+02 1.1881073774e+03 3.5376365903e+00
5.53000e+02 1.1896202930e+03 8.3263614897e+00
5.54000e+02 1.1912577867e+03 2.2732250114e+00
5.55000e+02 1.1929310993e+03 2.2793649091e+00
5.56000e+02 1.1945551564e+03 2.3180621555e+00
5.57000e+02 1.1962177119e+03 2.2892508189e+00
5.58000e+02 1.1977808672e+03 6.9148836330e+00
5.59000e+02 1.1996053214e+03 9.4532473210e+00
5.60000e+02 1.2015789429e+03 2.6365259080e+00
5.61000e+02 1.2035197641e+03 5.2171420983e+00
5.62000e+02 1.2053953479e+03 9.4799719455e+00
5.63000e+02 1.2072426790e+03 2.7070053511e+00
5.64000e+02 1.2090994730e+03 2.6855086386e+00
5.65000e+02 1.2106860194e+03 2.3445826881e+00
5.66000e+02 1.2121717903e+03 5.1934122322e+00
5.67000e+02 1.2139777094e+03 2.6414111105e+00
5.68000e+02 1.2158316311e+03 2.6358973212e+00
5.69000e+02 1.2176623919e+03 2.6581031497e+00
5.70000e+02 1.2195154351e+03 2.6545666535e+00
5.71000e+02 1.2213460489e+03 2.6517650515e+00
5.72000e+02 1.2232854607e+03 2.8616236029e+00
5.73000e+02 1.2252081809e+03 8.0001346405e+00
5.74000e+02 1.2270739974e+03 2.6618865273e+00
5.75000e+02 1.2286774227e+03 4.9997552421e+00
5.76000e+02 1.2301657001e+03 7.9458345711e+00
5.77000e+02 1.2316665848e+03 7.8353481276e+00
5.78000e+02 1.2332943502e+03 1.3165200939e+01
5.79000e+02 1.2349192577e+03 1.3114387743e+01
5.80000e+02 1.2364216253e+03 1.9644719200e+00
5.81000e+02 1.2382339836e+03 2.6409691727e+00
5.82000e+02 1.2400950456e+03 2.6335736613e+00
5.83000e+02 1.2419316760e+03 2.6552122197e+00
5.84000e+02 1.2437902671e+03 2.6500861199e+00
5.85000e+02 1.2456257441e+03 2.6462826069e+00
5.86000e+02 1.2475691213e+03 1.0209405472e+01
5.87000e+02 1.2494954668e+03 7.9412261823e+00
5.88000e+02 1.2513653365e+03 2.6549149538e+00
5.89000e+02 1.2532082095e+03 2.6596559603e+00
5.90000e+02 1.2550614423e+03 2.6403594747e+00
5.91000e+02 1.2566459359e+03 2.0461163205e+00
5.92000e+02 1.2581306546e+03 8.6234871720e+00
5.93000e+02 1.2596314517e+03 8.5311671376e+00
5.94000e+02 1.2612608270e+03 7.9348949627e+00
5.95000e+02 1.2628876860e+03 1.0348052007e+01
5.96000e+02 1.2643916815e+03 1.9448468647e+00
5.97000e+02 1.2658965572e+03 1.9469807154e+00
5.98000e+02 1.2673773588e+03 1.9218398319e+00
5.99000e+02 1.2688831914e+03 1.9208748537e+00
6.00000e+02 1.2705222311e+03 4.6273889811e+00
6.01000e+02 1.2721573688e+03 3.8710986483e+00
6.02000e+02 1.2736674024e+03 1.9481859530e+00
6.03000e+02 1.2754928658e+03 2.6203096179e+00
6.04000e+02 1.2774760961e+03 1.4244784649e+01
6.05000e+02 1.2794245408e+03 2.2595448067e+00
6.06000e+02 1.2812561921e+03 3.2161771565e-01
6.07000e+02 1.2830476300e+03 2.5531391935e+00
6.08000e+02 1.2847968221e+03 2.4681268314e+00
6.09000e+02 1.2865642843e+03 2.4416829788e+00
6.10000e+02 1.2883009357e+03 2.4267006301e+00
6.11000e+02 1.2900605504e+03 2.4164264304e+00
6.12000e+02 1.2917915397e+03 2.4083479023e+00
6.13000e+02 1.2938970516e+03 6.3227307691e+00
6.14000e+02 1.2960453579e+03 1.3488468576e+01
6.15000e+02 1.2978791365e+03 2.4801034582e+00
6.16000e+02 1.2996096358e+03 2.4771333801e+00
6.17000e+02 1.3016966517e+03 7.4138017226e+00
6.18000e+02 1.3039432247e+03 2.5206279334e+00
6.19000e+02 1.3061509257e+03 1.9046314715e+01
6.20000e+02 1.3082942123e+03 3.1420704377e+00
6.21000e+02 1.3101491217e+03 2.4957870418e+00
6.22000e+02 1.3118786908e+03 2.4923610146e+00
6.23000e+02 1.3136199209e+03 2.3761894090e+00
6.24000e+02 1.3154877576e+03 1.4638340801e+01
6.25000e+02 1.3174214362e+03 2.8649058760e+00
6.26000e+02 1.3192279839e+03 3.8608988322e+00
6.27000e+02 1.3210267793e+03 6.7077458908e+00
6.28000e+02 1.3229375499e+03 1.0811269480e+01
6.29000e+02 1.3248380734e+03 3.8238829070e+00
6.30000e+02 1.3267319760e+03 3.8031911804e+00
6.31000e+02 1.3286343042e+03 2.6914939833e+00
6.32000e+02 1.3305315103e+03 2.6921059009e+00
6.33000e+02 1.3324372985e+03 2.6928738614e+00
6.34000e+02 1.3343026428e+03 2.5621970237e+00
6.35000e+02 1.3359111045e+03 1.3276839645e-01
6.36000e+02 1.3375304458e+03 1.1812588006e+01
6.37000e+02 1.3391487545e+03 2.2488905291e+01
6.38000e+02 1.3407748412e+03 2.1270473549e+00
6.39000e+02 1.3424270292e+03 2.5360020498e-01
6.40000e+02 1.3439643932e+03 3.2798032105e-01
6.41000e+02 1.3454989430e+03 5.1148576211e+00
6.42000e+02 1.3471419531e+03 4.5562869012e+00
6.43000e+02 1.3487799927e+03 4.5375821911e+00
6.44000e+02 1.3503657468e+03 5.1581328608e+00
6.45000e+02 1.3517122568e+03 1.2100316693e+01
6.46000e+02 1.3530855223e+03 1.9065748610e+00
6.47000e+02 1.3544721554e+03 2.5140649321e-01
6.48000e+02 1.3557426159e+03 4.0271439700e+00
6.49000e+02 1.3568045722e+03 1.6201145456e+00
6.50000e+02 1.3577908258e+03 1.5204572879e+01
6.51000e+02 1.3590562418e+03 5.7598370756e+00
6.52000e+02 1.3604794305e+03 1.6884195378e+00
6.53000e+02 1.3618845429e+03 1.7052105092e+00
6.54000e+02 1.3632762593e+03 1.6720330505e+00
6.55000e+02 1.3646782975e+03 1.6672867344e+00
6.56000e+02 1.3660278665e+03 1.6976028918e+00
6.57000e+02 1.3671543852e+03 9.8699409755e-01
6.58000e+02 1.3683091643e+03 2.8994832883e+00
6.59000e+02 1.3694703638e+03 6.4690631178e+00
6.60000e+02 1.3706459442e+03 1.2060296255e+00
6.61000e+02 1.3718008387e+03 2.4714359951e-01
6.62000e+02 1.3729161156e+03 2.5744082638e+00
6.63000e+02 1.3740474187e+03 2.5482423724e+00
6.64000e+02 1.3751737600e+03 1.1246338048e+00
6.65000e+02 1.3763917974e+03 1.2616615144e+00
6.66000e+02 1.3775218286e+03 1.1297847060e+00
6.67000e+02 1.3786136412e+03 3.1442696702e+00
6.68000e+02 1.3798197913e+03 1.2909695314e+00
6.69000e+02 1.3810117564e+03 1.1841711830e+00
6.70000e+02 1.3821546246e+03 1.1995139013e+00
6.71000e+02 1.3833713883e+03 1.2884049132e+00
6.72000e+02 1.3846052859e+03 1.3148639791e+00
6.73000e+02 1.3857956698e+03 1.1967332456e+00
6.74000e+02 1.3868668789e+03 3.8487725637e+00
6.75000e+02 1.3879380548e+03 6.5792690692e+00
6.76000e+02 1.3891074850e+03 1.2220985702e+00
6.77000e+02 1.3902767445e+03 1.1997519818e+00
6.78000e+02 1.3913869964e+03 2.2777454337e+00
6.79000e+02 1.3922900591e+03 2.4144776716e+00
6.80000e+02 1.3932309190e+03 1.8500911650e+00
6.81000e+02 1.3941457818e+03 2.5439668221e-01
6.82000e+02 1.3950218333e+03 6.5103111272e-01
6.83000e+02 1.3959947362e+03 2.9179294441e+00
6.84000e+02 1.3969951391e+03 8.3142570332e-01
6.85000e+02 1.3979309960e+03 6.7137410721e-01
6.86000e+02 1.3988256761e+03 1.0446537836e+00
6.87000e+02 1.3998180478e+03 8.5006298966e-01
6.88000e+02 1.4008345412e+03 8.6530341976e-01
6.89000e+02 1.4018294333e+03 8.6695855150e-01
6.90000e+02 1.4027058109e+03 5.2995350402e+00
6.91000e+02 1.4035736955e+03 3.5080953999e+00
6.92000e+02 1.4045686709e+03 8.4457361738e-01
6.93000e+02 1.4055586254e+03 8.3879138337e-01
6.94000e+02 1.4064248392e+03 3.4944235049e+00
6.95000e+02 1.4075294469e+03 2.9482975987e+00
6.96000e+02 1.4086816099e+03 3.7198589886e+00
6.97000e+02 1.4098146000e+03 1.8724432184e+00
6.98000e+02 1.4109649879e+03 1.1361971013e+00
6.99000e+02 1.4120963825e+03 1.1334654483e+00
7.00000e+02 1.4133212767e+03 2.8834711489e+00
7.01000e+02 1.4145393031e+03 4.3049005321e+00
7.02000e+02 1.4156944055e+03 1.1370464426e+00
7.03000e+02 1.4166341439e+03 9.1558278353e-01
7.04000e+02 1.4174831102e+03 2.2530566343e+00
7.05000e+02 1.4183465183e+03 1.9190868891e+00
7.06000e+02 1.4191908076e+03 5.5685382398e-01
7.07000e+02 1.4200562418e+03 5.5832312153e-01
7.08000e+02 1.4210533870e+03 2.2321385667e+00
7.09000e+02 1.4220486234e+03 2.5569960075e+00
7.10000e+02 1.4230532818e+03 1.1699360603e+00
7.11000e+02 1.4240206566e+03 8.8525774954e-01
7.12000e+02 1.4249432529e+03 2.2521411908e+00
7.13000e+02 1.4258799550e+03 9.8477280305e-01
7.14000e+02 1.4267533311e+03 8.3756938929e-01
7.15000e+02 1.4274378948e+03 6.6608784772e-01
7.16000e+02 1.4280444245e+03 9.8542706153e-01
7.17000e+02 1.4286686403e+03 7.7135291275e-02
7.18000e+02 1.4294221796e+03 4.5461858503e-01
7.19000e+02 1.4301784838e+03 1.0621902679e+00
7.20000e+02 1.4308155373e+03 1.0758191095e-01
7.21000e+02 1.4314556575e+03 3.3258516353e-01
7.22000e+02 1.4322280922e+03 3.7428577882e-01
7.23000e+02 1.4329991368e+03 3.8865194551e-01
7.24000e+02 1.4337829468e+03 3.9963849262e-01
7.25000e+02 1.4345028662e+03 2.1678263988e-01
7.26000e+02 1.4350923587e+03 7.9084887606e-01
7.27000e+02 1.4355187629e+03 5.5943446627e-01
7.28000e+02 1.4360144354e+03 2.8813749150e-01
7.29000e+02 1.4365284964e+03 1.4559408178e-01
7.30000e+02 1.4370672976e+03 1.0231976820e-01
7.31000e+02 1.4375181927e+03 3.4232003348e-01
7.32000e+02 1.4379285542e+03 7.9170797373e-01
7.33000e+02 1.4384684929e+03 7.6339758490e-02
7.34000e+02 1.4389344143e+03 7.1999547035e-01
7.35000e+02 1.4395628421e+03 2.4393043145e+00
7.36000e+02 1.4403312911e+03 2.8182417081e-01
7.37000e+02 1.4411641203e+03 4.1987584776e-01
7.38000e+02 1.4419082839e+03 2.7824224104e-01
7.39000e+02 1.4428359294e+03 5.8076005552e-01
7.40000e+02 1.4438993139e+03 7.1439145937e-01
7.41000e+02 1.4450004454e+03 5.4626638143e-01
7.42000e+02 1.4461130668e+03 1.4627328311e+00
7.43000e+02 1.4471629175e+03 1.7737469523e+00
7.44000e+02 1.4480823599e+03 1.1529661064e+00
7.45000e+02 1.4488111463e+03 1.3735854264e+00
7.46000e+02 1.4494656631e+03 1.2825649892e+00
7.47000e+02 1.4503563032e+03 6.7667166908e-01
7.48000e+02 1.4512927613e+03 1.1250864497e+00
7.49000e+02 1.4522128168e+03 1.1303985230e+00
7.50000e+02 1.4531493899e+03 6.9730736430e-01
7.51000e+02 1.4538670260e+03 2.1381151768e-01
7.52000e+02 1.4545162198e+03 6.9186941694e-01
7.53000e+02 1.4551847653e+03 6.4208692598e-01
7.54000e+02 1.4558374224e+03 1.6131343086e-01
7.55000e+02 1.4567403328e+03 6.7946502493e-01
7.56000e+02 1.4577896052e+03 9.4187521115e-01
7.57000e+02 1.4588723029e+03 2.1151782739e+00
7.58000e+02 1.4599704116e+03 2.0985504808e+00
7.59000e+02 1.4610445935e+03 1.0106446747e+00
7.60000e+02 1.4621225167e+03 9.8944851461e-01
7.61000e+02 1.4631850026e+03 9.7676302134e-01
7.62000e+02 1.4641242184e+03 8.0749416758e-01
7.63000e+02 1.4650564042e+03 2.4324119928e+00
7.64000e+02 1.4659655407e+03 1.8789648337e+00
7.65000e+02 1.4668914944e+03 6.6992084525e-01
7.66000e+02 1.4679466965e+03 9.5306519130e-01
7.67000e+02 1.4689791263e+03 1.7801722754e+00
7.68000e+02 1.4699577221e+03 3.6175395354e+00
7.69000e+02 1.4709460244e+03 2.7131346456e+00
7.70000e+02 1.4718687792e+03 3.2432623189e+00
7.71000e+02 1.4727810070e+03 3.2493364702e+00
7.72000e+02 1.4737754134e+03 8.1640804883e-01
7.73000e+02 1.4747696263e+03 8.2150225757e-01
7.74000e+02 1.4757024858e+03 6.7789664160e-01
7.75000e+02 1.4766213489e+03 6.8385407409e-01
7.76000e+02 1.4775494312e+03 6.7839307145e-01
7.77000e+02 1.4784620435e+03 6.7146391312e-01
7.78000e+02 1.4794633974e+03 8.2762821881e-01
7.79000e+02 1.4804627399e+03 1.0272283467e+00
7.80000e+02 1.4814515178e+03 1.0136251573e+00
7.81000e+02 1.4824521819e+03 8.1863497444e-01
7.82000e+02 1.4833926712e+03 6.8319943900e-01
7.83000e+02 1.4841385857e+03 9.5919973585e-02
7.84000e+02 1.4849219369e+03 3.1934447832e+00
7.85000e+02 1.4857139388e+03 3.8718794769e+00
7.86000e+02 1.4865230961e+03 4.2851795783e-01
7.87000e+02 1.4873241773e+03 4.3716884597e-01
7.88000e+02 1.4881396327e+03 4.4302979928e-01
7.89000e+02 1.4888876969e+03 2.5260000552e-01
7.90000e+02 1.4895070828e+03 3.2110332553e-01
7.91000e+02 1.4901362971e+03 5.3391531751e-01
7.92000e+02 1.4908617776e+03 1.3939625299e+00
7.93000e+02 1.4916728910e+03 4.5261894468e-01
7.94000e+02 1.4924101712e+03 3.0525306551e+00
7.95000e+02 1.4931197286e+03 4.0245704468e+00
7.96000e+02 1.4938025893e+03 1.5068144319e+00
7.97000e+02 1.4947248849e+03 1.6856499179e+00
7.98000e+02 1.4957916733e+03 7.9347423372e-01
7.99000e+02 1.4968342048e+03 2.4797166464e+00
8.00000e+02 1.4977969432e+03 2.5606982019e+00
8.01000e+02 1.4985559859e+03 2.6738427801e-01
8.02000e+02 1.4993548422e+03 1.3688468174e+00
8.03000e+02 1.5001122495e+03 2.8512404958e-01
8.04000e+02 1.5007424079e+03 1.8819364482e-01
8.05000e+02 1.5013809172e+03 5.0889441902e-01
8.06000e+02 1.5020414706e+03 3.9439404499e-01
8.07000e+02 1.5025094596e+03 8.5852527844e-01
8.08000e+02 1.5029206988e+03 8.5316221071e-01
8.09000e+02 1.5033545137e+03 3.4174182849e-02
8.10000e+02 1.5037772326e+03 2.2660424016e-02
8.11000e+02 1.5042216656e+03 1.0618262459e-02
8.12000e+02 1.5047987698e+03 5.0659109330e-01
8.13000e+02 1.5053768479e+03 8.1453503998e-01
8.14000e+02 1.5058332393e+03 4.4280195012e-02
8.15000e+02 1.5064904855e+03 1.4203993367e-01
8.16000e+02 1.5071950849e+03 5.1418133200e-01
8.17000e+02 1.5078843014e+03 5.4563742828e-01
8.18000e+02 1.5085888094e+03 2.1676304350e-01
8.19000e+02 1.5092771699e+03 2.1569019434e-01
8.20000e+02 1.5099792879e+03 2.1308447917e-01
8.21000e+02 1.5104756779e+03 2.2371475261e-01
8.22000e+02 1.5110343698e+03 1.4686758930e-01
8.23000e+02 1.5115446149e+03 8.1922553901e-01
8.24000e+02 1.5119252648e+03 3.2146811875e-01
8.25000e+02 1.5123181851e+03 4.0371532257e-01
8.26000e+02 1.5128049933e+03 8.8686676186e-01
8.27000e+02 1.5133906224e+03 5.1786871672e-02
8.28000e+02 1.5140214374e+03 7.2524958930e-01
8.29000e+02 1.5145557556e+03 1.5633480179e-01
8.30000e+02 1.5149602665e+03 3.7945052816e-01
8.31000e+02 1.5152154082e+03 3.9958392633e-01
8.32000e+02 1.5154168191e+03 7.9287292569e-02
8.33000e+02 1.5156384573e+03 3.3503487653e-02
8.34000e+02 1.5158506468e+03 2.2691260287e-02
8.35000e+02 1.5162628656e+03 1.6003710989e-01
8.36000e+02 1.5167202286e+03 2.1272908400e-01
8.37000e+02 1.5169891198e+03 4.7252997278e-02
8.38000e+02 1.5173307450e+03 4.4536824170e-01
8.39000e+02 1.5176004216e+03 2.6464159929e-01
8.40000e+02 1.5178261157e+03 6.8166956165e-01
8.41000e+02 1.5181871106e+03 2.8724780298e-02
8.42000e+02 1.5184766228e+03 1.2452840817e-01
8.43000e+02 1.5187450426e+03 4.4539425050e-01
8.44000e+02 1.5189937257e+03 4.1363926111e-02
8.45000e+02 1.5192553199e+03 6.8256214055e-03
8.46000e+02 1.5196456694e+03 2.1565264454e-01
8.47000e+02 1.5199449711e+03 2.7766830489e-01
8.48000e+02 1.5200999282e+03 3.0240593974e-01
8.49000e+02 1.5202687259e+03 8.5281799861e-01
8.50000e+02 1.5205271013e+03 1.7685067718e-01
8.51000e+02 1.5209002164e+03 2.0258442038e-01
8.52000e+02 1.5213255529e+03 2.4240372404e-01
8.53000e+02 1.5216318070e+03 2.9515116675e-01
8.54000e+02 1.5218910301e+03 2.0153414326e-01
8.55000e+02 1.5222867224e+03 2.2577171072e-02
8.56000e+02 1.5226071693e+03 3.7946900014e-01
8.57000e+02 1.5230694246e+03 2.9345756872e-01
8.58000e+02 1.5236667550e+03 3.6066192040e-01
8.59000e+02 1.5242484262e+03 2.7541700008e-01
8.60000e+02 1.5247454067e+03 1.0920938816e-01
8.61000e+02 1.5250731812e+03 3.9141808105e-01
8.62000e+02 1.5253309148e+03 1.7028147187e-01
8.63000e+02 1.5256024324e+03 5.6256809020e-02
8.64000e+02 1.5259996852e+03 4.7798066810e-02
8.65000e+02 1.5263974673e+03 2.8855414931e-01
8.66000e+02 1.5266736460e+03 1.8445086133e-02
8.67000e+02 1.5271259296e+03 9.9267845005e-02
8.68000e+02 1.5276243862e+03 2.0526069821e-01
8.69000e+02 1.5279337406e+03 9.9134656911e-03
8.70000e+02 1.5283130620e+03 1.7931392500e-02
8.71000e+02 1.5286182689e+03 3.6576036423e-01
8.72000e+02 1.5288778079e+03 6.1093176085e-01
8.73000e+02 1.5291561823e+03 2.5169205212e-01
8.74000e+02 1.5293586364e+03 2.9600242782e-01
8.75000e+02 1.5295612410e+03 7.7024490216e-01
8.76000e+02 1.5297756127e+03 2.3847652057e-01
8.77000e+02 1.5299811236e+03 8.6848596165e-02
8.78000e+02 1.5302647160e+03 8.9281936997e-03
8.79000e+02 1.5305575750e+03 3.6205738607e-01
8.80000e+02 1.5307811521e+03 9.2054220435e-03
8.81000e+02 1.5309997907e+03 2.2046984981e-02
8.82000e+02 1.5312272727e+03 3.9048345966e-03
8.83000e+02 1.5312856543e+03 2.6888629969e-01
8.84000e+02 1.5312976518e+03 8.8236118881e-01
8.85000e+02 1.5313311724e+03 2.4861016442e-02
8.86000e+02 1.5313559729e+03 1.2033245978e-02
8.87000e+02 1.5313991018e+03 9.6083632830e-03
8.88000e+02 1.5314325917e+03 1.8288155374e-02
8.89000e+02 1.5316454715e+03 5.7588100434e-03
8.90000e+02 1.5319001426e+03 2.5666566077e-01
8.91000e+02 1.5319775378e+03 3.4266265606e-02
8.92000e+02 1.5321298708e+03 6.0750820281e-01
8.93000e+02 1.5322996758e+03 8.5279123925e-01
8.94000e+02 1.5323559385e+03 5.7004885456e-02
8.95000e+02 1.5325679089e+03 9.0946131547e-04
8.96000e+02 1.5328261427e+03 3.7794685492e-02
8.97000e+02 1.5330719450e+03 3.3832058101e-02
8.98000e+02 1.5334002792e+03 5.5326876962e-01
8.99000e+02 1.5338300474e+03 2.5996320817e-01
9.00000e+02 1.5343057782e+03 2.6883743942e-01
9.01000e+02 1.5347594858e+03 2.4462919146e-01
9.02000e+02 1.5352241183e+03 1.6873547612e-02
9.03000e+02 1.5356701505e+03 2.4532196682e-02
9.04000e+02 1.5359924308e+03 2.6601760693e-01
9.05000e+02 1.5364837092e+03 1.1748141186e-01
9.06000e+02 1.5371179172e+03 3.0587387984e-01
9.07000e+02 1.5377344713e+03 7.6547571386e-02
9.08000e+02 1.5382654750e+03 2.7276999216e-01
9.09000e+02 1.5386238066e+03 4.9381105760e-01
9.10000e+02 1.5389103756e+03 4.6013321151e-01
9.11000e+02 1.5392102009e+03 1.7608486693e-01
9.12000e+02 1.5394945145e+03 2.2554386389e-03
9.13000e+02 1.5397951388e+03 7.9905429311e-04
9.14000e+02 1.5402249239e+03 4.1623580035e-02
9.15000e+02 1.5406524972e+03 2.3123161629e-02
9.16000e+02 1.5409560411e+03 1.9230281918e-02
9.17000e+02 1.5412598951e+03 4.4811655580e-02
9.18000e+02 1.5415493692e+03 1.4069818895e-02
9.19000e+02 1.5418536061e+03 3.8284475249e-04
9.20000e+02 1.5421429020e+03 1.7818504875e-04
9.21000e+02 1.5426373612e+03 2.7567807684e-01
9.22000e+02 1.5431723436e+03 1.4504085786e-01
9.23000e+02 1.5436890071e+03 1.2269153615e-01
9.24000e+02 1.5442173963e+03 1.2916211229e-01
9.25000e+02 1.5445476998e+03 2.6066656955e-02
9.26000e+02 1.5448206245e+03 1.3646232835e-01
9.27000e+02 1.5453022203e+03 4.6859137251e-02
9.28000e+02 1.5458263652e+03 5.1056534440e-02
9.29000e+02 1.5461547830e+03 1.8857751778e-03
9.30000e+02 1.5464283125e+03 4.6207468041e-02
9.31000e+02 1.5467210158e+03 3.5714428546e-02
9.32000e+02 1.5470005331e+03 5.9878084804e-03
9.33000e+02 1.5472983604e+03 5.1240564263e-03
9.34000e+02 1.5475827043e+03 4.8266278818e-03
9.35000e+02 1.5478841033e+03 3.5716291483e-03
9.36000e+02 1.5481712017e+03 2.7544833326e-03
9.37000e+02 1.5486668610e+03 1.4063376217e-02
9.38000e+02 1.5492029642e+03 2.6007583680e-02
9.39000e+02 1.5495391571e+03 3.4793948879e-02
9.40000e+02 1.5499440477e+03 2.4894467178e-02
9.41000e+02 1.5503625346e+03 3.3955979466e-02
9.42000e+02 1.5506654332e+03 2.9849511501e-02
9.43000e+02 1.5509690481e+03 5.7447602981e-02
9.44000e+02 1.5512588225e+03 1.3124266949e-02
9.45000e+02 1.5515640185e+03 1.5811499783e-03
9.46000e+02 1.5518547098e+03 9.1695393905e-04
9.47000e+02 1.5523520024e+03 1.6333647890e-03
9.48000e+02 1.5528900915e+03 3.6176356459e-03
9.49000e+02 1.5534100728e+03 2.2688636770e-02
9.50000e+02 1.5539418749e+03 1.6378959128e-02
9.51000e+02 1.5544562442e+03 5.6119404649e-03
9.52000e+02 1.5550505572e+03 3.6575981159e-02
9.53000e+02 1.5556452491e+03 1.4677262278e-02
9.54000e+02 1.5562263430e+03 1.4434817042e-03
9.55000e+02 1.5569220358e+03 2.7720587816e-01
9.56000e+02 1.5576462557e+03 3.3399191969e-01
9.57000e+02 1.5583432794e+03 3.3498881994e-01
9.58000e+02 1.5590475330e+03 2.2654360914e-01
9.59000e+02 1.5596589030e+03 1.8120145487e-02
9.60000e+02 1.5601356008e+03 6.0710616705e-02
9.61000e+02 1.5604589680e+03 5.7814616823e-01
9.62000e+02 1.5607254635e+03 2.1055858644e-01
9.63000e+02 1.5611910105e+03 1.0840870157e-02
9.64000e+02 1.5617028879e+03 2.5124270319e-01
9.65000e+02 1.5620260713e+03 1.8386388422e-04
9.66000e+02 1.5624200783e+03 3.1024657831e-01
9.67000e+02 1.5627445052e+03 2.5687177517e-01
9.68000e+02 1.5630247184e+03 5.4370640949e-02
9.69000e+02 1.5634375756e+03 3.6778578537e-01
9.70000e+02 1.5637773397e+03 7.3085016052e-02
9.71000e+02 1.5642668120e+03 5.3996643146e-02
9.72000e+02 1.5648931871e+03 2.1256187382e-02
9.73000e+02 1.5655043702e+03 2.8675629262e-01
9.74000e+02 1.5660929514e+03 1.3107077631e-01
9.75000e+02 1.5667962492e+03 2.9044064697e-01
9.76000e+02 1.5674157984e+03 2.7978500341e-01
9.77000e+02 1.5679983196e+03 2.7489742237e-02
9.78000e+02 1.5685503194e+03 4.0087054540e-02
9.79000e+02 1.5693190033e+03 3.0452878906e-01
9.80000e+02 1.5702272361e+03 4.4093707447e-01
9.81000e+02 1.5711813482e+03 2.8885563199e-01
9.82000e+02 1.5721515604e+03 7.8750415798e-01
9.83000e+02 1.5730942218e+03 7.3722464296e-01
9.84000e+02 1.5739107062e+03 3.6847974078e-01
9.85000e+02 1.5749394097e+03 7.0051570634e-01
9.86000e+02 1.5760079833e+03 1.3877852247e+00
9.87000e+02 1.5768466791e+03 9.6480300591e-01
9.88000e+02 1.5777407058e+03 6.6030187562e-01
9.89000e+02 1.5786009486e+03 1.6354571252e+00
9.90000e+02 1.5794127128e+03 1.4160675902e+00
9.91000e+02 1.5802362928e+03 4.5740455950e-01
9.92000e+02 1.5810479472e+03 4.5683729124e-01
9.93000e+02 1.5818742196e+03 4.5907287933e-01
9.94000e+02 1.5826377414e+03 1.4502415165e-01
9.95000e+02 1.5833881989e+03 1.5927860320e+00
9.96000e+02 1.5842148440e+03 4.7360454615e-01
9.97000e+02 1.5850421907e+03 4.7420517750e-01
9.98000e+02 1.5858581219e+03 4.6301709715e-01
9.99000e+02 1.5867804160e+03 6.3927426732e-01
1.00000e+03 1.5877235622e+03 1.9258935014e+00
1.00100e+03 1.5885804951e+03 4.9214020607e-01
1.00200e+03 1.5893897621e+03 4.8498392184e-01
1.00300e+03 1.5902102595e+03 4.4806351382e-01
1.00400e+03 1.5910180173e+03 4.4610619676e-01
1.00500e+03 1.5918399393e+03 4.4708468383e-01
1.00600e+03 1.5926498116e+03 4.4875210715e-01
1.00700e+03 1.5934732942e+03 4.4986389259e-01
1.00800e+03 1.5942343497e+03 1.4286991979e+00
1.00900e+03 1.5949810334e+03 2.3103736565e+00
1.01000e+03 1.5957340017e+03 2.2999760687e+00
1.01100e+03 1.5962907716e+03 2.3016832328e+00
1.01200e+03 1.5969045146e+03 1.5059119738e+00
1.01300e+03 1.5975318326e+03 3.1333974744e+00
1.01400e+03 1.5981785079e+03 8.9742279277e-02
1.01500e+03 1.5988165997e+03 1.0042641715e-01
1.01600e+03 1.5994699992e+03 1.0705020377e-01
1.01700e+03 1.6000371035e+03 5.9094047408e-02
1.01800e+03 1.6004725744e+03 3.1749743293e-01
1.01900e+03 1.6007606166e+03 1.4322741657e+00
1.02000e+03 1.6009968400e+03 4.0188107330e+00
1.02100e+03 1.6012546262e+03 3.0256093235e-02
1.02200e+03 1.6016439764e+03 2.6404926627e-01
1.02300e+03 1.6019498594e+03 5.7669359570e-01
1.02400e+03 1.6022087922e+03 5.5610511081e-02
1.02500e+03 1.6024881492e+03 2.9028909815e-02
1.02600e+03 1.6027566978e+03 9.6158879045e-03
1.02700e+03 1.6030470137e+03 2.0565194609e-02
1.02800e+03 1.6033266446e+03 1.1082250830e-02
1.02900e+03 1.6036264723e+03 2.0582967615e-02
1.03000e+03 1.6038572899e+03 2.0465330923e-01
1.03100e+03 1.6040837965e+03 4.4394483240e-01
1.03200e+03 1.6043190708e+03 3.4774390264e-02
1.03300e+03 1.6045444661e+03 1.1112940373e-03
1.03400e+03 1.6047829035e+03 3.1631663127e-03
1.03500e+03 1.6050112449e+03 2.9460362894e-03
1.03600e+03 1.6052531220e+03 3.4396784861e-03
1.03700e+03 1.6054846583e+03 3.1949261192e-03
1.03800e+03 1.6057947020e+03 3.0412872504e-02
1.03900e+03 1.6062105591e+03 3.7907683431e-01
1.04000e+03 1.6066772004e+03 3.0140666967e-01
1.04100e+03 1.6071250850e+03 2.6907777209e-01
1.04200e+03 1.6074536958e+03 5.3156341825e-02
1.04300e+03 1.6077750387e+03 5.0133376645e-01
1.04400e+03 1.6080792303e+03 4.2366432939e-01
1.04500e+03 1.6085811062e+03 3.0072198978e-01
1.04600e+03 1.6092227343e+03 2.7252670879e-01
1.04700e+03 1.6099298535e+03 2.5923465216e-01
1.04800e+03 1.6106627855e+03 2.5645743691e-01
1.04900e+03 1.6113700204e+03 2.5631662565e-01
1.05000e+03 1.6119523148e+03 5.7852409730e-01
1.05100e+03 1.6127247909e+03 1.6538666545e-03
1.05200e+03 1.6135379731e+03 4.7082898746e-01
1.05300e+03 1.6141392872e+03 5.3617214611e-01
1.05400e+03 1.6146732051e+03 8.5250825437e-02
1.05500e+03 1.6154325863e+03 3.8860295076e-01
1.05600e+03 1.6162326968e+03 3.7514268717e-01
1.05700e+03 1.6170133697e+03 3.9605916038e-01
1.05800e+03 1.6178836811e+03 7.0032364405e-01
1.05900e+03 1.6188159338e+03 2.2501790633e-01
1.06000e+03 1.6196645988e+03 9.6334489710e-01
1.06100e+03 1.6207059891e+03 2.6071747484e-01
1.06200e+03 1.6217813502e+03 9.3137043072e-01
1.06300e+03 1.6228312270e+03 9.3892554625e-01
1.06400e+03 1.6239722263e+03 4.9548077766e-01
1.06500e+03 1.6251558599e+03 1.1650424998e+00
1.06600e+03 1.6262465274e+03 1.4404459103e+00
1.06700e+03 1.6275473635e+03 2.5095925050e-01
1.06800e+03 1.6289837701e+03 1.4592848023e+00
1.06900e+03 1.6303879534e+03 3.5149179174e+00
1.07000e+03 1.6317136359e+03 1.4390163886e+00
1.07100e+03 1.6328095146e+03 2.8472317206e+00
1.07200e+03 1.6339319339e+03 3.6853101419e+00
1.07300e+03 1.6350549623e+03 2.7073580501e+00
1.07400e+03 1.6361874028e+03 1.0635795922e+00
1.07500e+03 1.6372865763e+03 1.8703794794e-01
1.07600e+03 1.6383402305e+03 2.3218982297e+00
1.07700e+03 1.6394765793e+03 1.0758364305e+00
1.07800e+03 1.6405224871e+03 9.5258356802e-01
1.07900e+03 1.6417751351e+03 3.2169179465e+00
1.08000e+03 1.6430671690e+03 3.1800523748e+00
1.08100e+03 1.6441180728e+03 2.3464988494e+00
1.08200e+03 1.6450877281e+03 2.3908136214e+00
1.08300e+03 1.6460716714e+03 8.8161955807e-01
1.08400e+03 1.6470336850e+03 7.5018244325e-01
1.08500e+03 1.6482747702e+03 1.3377808469e+00
1.08600e+03 1.6495581247e+03 1.3277637212e+00
1.08700e+03 1.6505929180e+03 8.0028223224e-01
1.08800e+03 1.6515493504e+03 7.9390079034e-01
1.08900e+03 1.6527798055e+03 1.3158058304e+00
1.09000e+03 1.6540539139e+03 1.3052439082e+00
1.09100e+03 1.6553059089e+03 1.3254786258e+00
1.09200e+03 1.6565744563e+03 1.3185921434e+00
1.09300e+03 1.6576005438e+03 7.8440110720e-01
1.09400e+03 1.6585466085e+03 2.4074123235e+00
1.09500e+03 1.6597652505e+03 1.2839205621e+00
1.09600e+03 1.6611323698e+03 1.3882256996e+00
1.09700e+03 1.6624749533e+03 7.3679304216e+00
1.09800e+03 1.6637431599e+03 1.2822958290e+00
1.09900e+03 1.6649906846e+03 1.3098962257e+00
1.10000e+03 1.6662465886e+03 1.2962837280e+00
1.10100e+03 1.6672680006e+03 2.4003294648e+00
1.10200e+03 1.6683366525e+03 6.4300664209e+00
1.10300e+03 1.6694133127e+03 6.3639476645e+00
1.10400e+03 1.6703747728e+03 2.6066183887e+00
1.10500e+03 1.6713351690e+03 2.5429959639e+00
1.10600e+03 1.6722757195e+03 6.9208621779e-01
1.10700e+03 1.6732362004e+03 6.9147875474e-01
1.10800e+03 1.6743279598e+03 9.6159684387e-01
1.10900e+03 1.6754045836e+03 2.3100413000e+00
1.11000e+03 1.6764291016e+03 7.3842244500e+00
1.11100e+03 1.6774640449e+03 8.4900436027e-01
1.11200e+03 1.6784891751e+03 8.4876749485e-01
1.11300e+03 1.6795290254e+03 8.5282579610e-01
1.11400e+03 1.6805598227e+03 8.5764004978e-01
1.11500e+03 1.6816884855e+03 1.8198963174e+00
1.11600e+03 1.6828317656e+03 3.1208909289e+00
1.11700e+03 1.6839073054e+03 8.9247192755e-01
1.11800e+03 1.6848609272e+03 1.1015008355e+00
1.11900e+03 1.6856274376e+03 2.1165411317e+00
1.12000e+03 1.6863198169e+03 2.5570406951e+00
1.12100e+03 1.6870297535e+03 1.8739824324e-01
1.12200e+03 1.6877240823e+03 1.8916026766e-01
1.12300e+03 1.6886692468e+03 3.5880132345e+00
1.12400e+03 1.6897629786e+03 9.5451403193e-01
1.12500e+03 1.6908350474e+03 9.5008847607e-01
1.12600e+03 1.6918297858e+03 2.3427520658e+00
1.12700e+03 1.6926196209e+03 2.6886954311e-01
1.12800e+03 1.6934499768e+03 1.5277937575e+00
1.12900e+03 1.6942432792e+03 2.7876642603e-01
1.13000e+03 1.6949945699e+03 3.2820959420e-01
1.13100e+03 1.6957628844e+03 3.0289354278e-01
1.13200e+03 1.6964654558e+03 2.3566384793e-02
1.13300e+03 1.6971626122e+03 1.0334327855e+00
1.13400e+03 1.6979423602e+03 3.3104794722e-01
1.13500e+03 1.6988052571e+03 3.5710116574e+00
1.13600e+03 1.6997014181e+03 5.4123399390e-01
1.13700e+03 1.7005210680e+03 3.8205224649e-01
1.13800e+03 1.7012143601e+03 6.3352615845e-01
1.13900e+03 1.7017383225e+03 1.3681430178e+00
1.14000e+03 1.7021984665e+03 1.4011907010e+00
1.14100e+03 1.7026774264e+03 4.5002473488e-02
1.14200e+03 1.7031440936e+03 3.8434187339e-02
1.14300e+03 1.7036313702e+03 8.3165810860e-03
1.14400e+03 1.7041057868e+03 1.6057699623e-02
1.14500e+03 1.7048097320e+03 3.3750567191e-01
1.14600e+03 1.7055572257e+03 7.4152192489e-01
1.14700e+03 1.7062876090e+03 6.0983320494e-01
1.14800e+03 1.7070328576e+03 2.5682606975e-01
1.14900e+03 1.7077615627e+03 2.5489100407e-01
1.15000e+03 1.7085765343e+03 4.8654957664e-01
1.15100e+03 1.7094601449e+03 5.6140638944e-01
1.15200e+03 1.7103751593e+03 5.7969842903e-01
1.15300e+03 1.7112687319e+03 5.8908071891e-01
1.15400e+03 1.7120413719e+03 8.1193079053e-01
1.15500e+03 1.7128040823e+03 8.5455261826e-01
1.15600e+03 1.7136913992e+03 5.6079404940e-01
1.15700e+03 1.7145335723e+03 8.6248753306e-01
1.15800e+03 1.7153228597e+03 1.1236523858e+00
1.15900e+03 1.7161236067e+03 7.2720134265e-01
1.16000e+03 1.7168550677e+03 5.8083925832e-01
1.16100e+03 1.7175783593e+03 7.6321395159e-01
1.16200e+03 1.7183127239e+03 4.2536369427e-01
1.16300e+03 1.7190337562e+03 2.3430996547e-01
1.16400e+03 1.7197696381e+03 2.3559295098e-01
1.16500e+03 1.7203030661e+03 3.3095083453e-01
1.16600e+03 1.7207752039e+03 6.9602413547e-01
1.16700e+03 1.7212680614e+03 6.9944202979e-02
1.16800e+03 1.7217477716e+03 7.5724312489e-03
1.16900e+03 1.7224582652e+03 2.2481875086e-01
1.17000e+03 1.7233134338e+03 4.3498796287e-01
1.17100e+03 1.7241495386e+03 5.0728443552e-01
1.17200e+03 1.7249645128e+03 4.6658280205e-01
1.17300e+03 1.7258771681e+03 6.9739563395e-01
1.17400e+03 1.7267026296e+03 5.7034527987e-01
1.17500e+03 1.7274904301e+03 8.7228281484e-01
1.17600e+03 1.7283907915e+03 8.8892845855e-01
1.17700e+03 1.7292423143e+03 4.4416065248e-01
1.17800e+03 1.7299535922e+03 5.9076487015e-01
1.17900e+03 1.7304902560e+03 5.0951673055e-02
1.18000e+03 1.7310899958e+03 1.4309493342e-01
1.18100e+03 1.7317038884e+03 6.1414901828e-01
1.18200e+03 1.7322058094e+03 1.6333770049e-02
1.18300e+03 1.7327095485e+03 1.1002709524e-01
1.18400e+03 1.7331996869e+03 9.8134381716e-02
1.18500e+03 1.7337078849e+03 4.4590013140e-03
1.18600e+03 1.7342016410e+03 8.0722703264e-03
1.18700e+03 1.7349256550e+03 6.0369444966e-01
1.18800e+03 1.7356923564e+03 2.6773922276e-01
1.18900e+03 1.7364406525e+03 2.9175369541e-01
1.19000e+03 1.7372029579e+03 2.8706588087e-01
1.19100e+03 1.7377536140e+03 4.2458031469e-02
1.19200e+03 1.7383650434e+03 1.1689664050e-02
1.19300e+03 1.7389305534e+03 4.2966894591e-01
1.19400e+03 1.7393657177e+03 3.2714099952e-01
1.19500e+03 1.7398117520e+03 3.4229698681e-01
1.19600e+03 1.7403514282e+03 5.9765774427e-01
1.19700e+03 1.7409862958e+03 3.2653069244e-02
1.19800e+03 1.7416645615e+03 4.9607549416e-01
1.19900e+03 1.7423238561e+03 5.2000633859e-01
1.20000e+03 1.7429948953e+03 1.0627362963e-01
1.20100e+03 1.7435769538e+03 1.0207318974e-01
1.20200e+03 1.7440262163e+03 3.2785652415e-01
1.20300e+03 1.7443245655e+03 3.6111780338e-01
1.20400e+03 1.7445690481e+03 1.5389880165e-01
1.20500e+03 1.7450138100e+03 2.0691977817e-01
1.20600e+03 1.7455065267e+03 3.4827439499e-01
1.20700e+03 1.7459882828e+03 3.6994150455e-02
1.20800e+03 1.7464863463e+03 5.3468326690e-03
1.20900e+03 1.7467931888e+03 8.4933667314e-03
1.21000e+03 1.7470467281e+03 1.7541482234e-02
1.21100e+03 1.7475088272e+03 1.9656913162e-02
1.21200e+03 1.7481103461e+03 1.7534278766e-01
1.21300e+03 1.7487003203e+03 1.8308307488e-01
1.21400e+03 1.7492093088e+03 1.9409910760e-02
1.21500e+03 1.7497087463e+03 2.1250571716e-01
1.21600e+03 1.7502846706e+03 2.5594507734e-02
1.21700e+03 1.7508638774e+03 3.6336258638e-02
1.21800e+03 1.7514310133e+03 8.7884947548e-03
1.21900e+03 1.7521161489e+03 1.3200838696e-01
1.22000e+03 1.7528306849e+03 1.7537324120e-01
1.22100e+03 1.7535186199e+03 1.7799721655e-01
1.22200e+03 1.7540847862e+03 4.3564801996e-01
1.22300e+03 1.7548366234e+03 2.1805118932e-01
1.22400e+03 1.7557320598e+03 6.3799615491e-01
1.22500e+03 1.7566060348e+03 9.2334657970e-01
1.22600e+03 1.7573974563e+03 6.2328701810e-01
1.22700e+03 1.7581729957e+03 6.6106031603e-01
1.22800e+03 1.7589544797e+03 6.5046173683e-01
1.22900e+03 1.7595319644e+03 4.4584000392e-01
1.23000e+03 1.7601656742e+03 6.4084947663e-01
1.23100e+03 1.7607487984e+03 4.0384528831e-02
1.23200e+03 1.7612017305e+03 3.2855188566e-01
1.23300e+03 1.7615023774e+03 3.6337087209e-01
1.23400e+03 1.7618737310e+03 2.2201212280e-01
1.23500e+03 1.7621733871e+03 6.1169132074e-01
1.23600e+03 1.7624338877e+03 6.3493585272e-01
1.23700e+03 1.7628321645e+03 1.2876035467e-01
1.23800e+03 1.7631597976e+03 6.3969925348e-01
1.23900e+03 1.7634667149e+03 2.1551972258e-01
1.24000e+03 1.7638952180e+03 3.9841948197e-01
1.24100e+03 1.7642316615e+03 3.6787321279e-02
1.24200e+03 1.7644268288e+03 2.5776480889e-01
1.24300e+03 1.7644886813e+03 4.2728409026e-01
1.24400e+03 1.7645064903e+03 3.0982413751e-01
1.24500e+03 1.7645464431e+03 2.3770152680e-01
1.24600e+03 1.7645798143e+03 1.5562146806e-02
1.24700e+03 1.7646328842e+03 1.3117240223e-02
1.24800e+03 1.7648183699e+03 2.4301743738e-01
1.24900e+03 1.7648977714e+03 5.1454902647e-01
1.25000e+03 1.7648330039e+03 2.5993485146e-01
1.25100e+03 1.7646519474e+03 3.1229241378e-01
1.25200e+03 1.7644366534e+03 2.4866514523e-01
1.25300e+03 1.7642453953e+03 1.7481013097e-01
1.25400e+03 1.7641870560e+03 2.4382494781e-01
1.25500e+03 1.7640030595e+03 5.2307286690e-01
1.25600e+03 1.7637719777e+03 3.6295076232e-01
1.25700e+03 1.7637099513e+03 1.1849066668e+00
1.25800e+03 1.7637073296e+03 1.0996267737e+00
1.25900e+03 1.7636874512e+03 4.2147934809e-02
1.26000e+03 1.7635492897e+03 7.7132451594e-02
1.26100e+03 1.7635336966e+03 1.3053023720e+00
1.26200e+03 1.7636588176e+03 7.8541317185e-01
1.26300e+03 1.7638956635e+03 3.3377966721e-01
1.26400e+03 1.7641759151e+03 6.3004752048e-01
1.26500e+03 1.7644317205e+03 1.8959513817e-02
1.26600e+03 1.7645636457e+03 1.0339103918e+00
1.26700e+03 1.7648393273e+03 2.9127461598e-01
1.26800e+03 1.7651571093e+03 6.3046418685e-01
1.26900e+03 1.7652988572e+03 3.7968466173e-01
1.27000e+03 1.7655111111e+03 4.9057191041e-02
1.27100e+03 1.7657363828e+03 7.8547988211e-01
1.27200e+03 1.7659824775e+03 3.3227398445e-01
1.27300e+03 1.7662154824e+03 2.7019711370e-01
1.27400e+03 1.7664656014e+03 4.0243504340e-03
1.27500e+03 1.7667004794e+03 1.8730930144e-03
1.27600e+03 1.7668132683e+03 2.7184706256e-01
1.27700e+03 1.7670764640e+03 6.4231957016e-01
1.27800e+03 1.7674827009e+03 2.6738754381e-01
1.27900e+03 1.7679791614e+03 5.3315770158e-01
1.28000e+03 1.7685093866e+03 2.8010612732e-01
1.28100e+03 1.7690133691e+03 7.5220780361e-03
1.28200e+03 1.7695255180e+03 1.8076235902e-02
1.28300e+03 1.7700173108e+03 1.2189793786e-02
1.28400e+03 1.7705196590e+03 9.8006449950e-03
1.28500e+03 1.7709080342e+03 5.7462101990e-02
1.28600e+03 1.7711591673e+03 7.0832609345e-01
1.28700e+03 1.7712740566e+03 8.2221886872e-02
1.28800e+03 1.7713397829e+03 6.8873984214e-01
1.28900e+03 1.7715852437e+03 3.8812758652e-01
1.29000e+03 1.7719690437e+03 7.9841641076e-02
1.29100e+03 1.7723447140e+03 4.6285929021e-01
1.29200e+03 1.7727003200e+03 1.2946305823e-01
1.29300e+03 1.7731861806e+03 7.5521442066e-02
1.29400e+03 1.7737072498e+03 2.1539883773e-01
1.29500e+03 1.7742015398e+03 2.0675410331e-01
1.29600e+03 1.7747053507e+03 2.2380554827e-01
1.29700e+03 1.7750928425e+03 1.1751206738e-01
1.29800e+03 1.7754315266e+03 2.9891515964e-01
1.29900e+03 1.7759041152e+03 2.4528321259e-01
1.30000e+03 1.7764142051e+03 1.9024960821e-01
1.30100e+03 1.7769001818e+03 1.6630839808e-01
1.30200e+03 1.7772644497e+03 5.4199795949e-02
1.30300e+03 1.7777944031e+03 5.2732547978e-02
1.30400e+03 1.7784669713e+03 1.3735546735e-01
1.30500e+03 1.7792100344e+03 2.4672368756e-01
1.30600e+03 1.7798628575e+03 2.8855502238e-01
1.30700e+03 1.7806854894e+03 2.9267859660e-01
1.30800e+03 1.7815415475e+03 4.5689157635e-01
1.30900e+03 1.7821818377e+03 7.1470701585e-02
1.31000e+03 1.7827507682e+03 1.2081563340e-01
1.31100e+03 1.7835453257e+03 4.2836017904e-01
1.31200e+03 1.7844787392e+03 2.9267092130e-01
1.31300e+03 1.7854569242e+03 6.0030028687e-01
1.31400e+03 1.7863402983e+03 7.4237539665e-01
1.31500e+03 1.7874185787e+03 2.8372296590e-01
1.31600e+03 1.7885295484e+03 9.6628270704e-01
1.31700e+03 1.7894055454e+03 1.0980346184e+00
1.31800e+03 1.7903334811e+03 1.0493712718e+00
1.31900e+03 1.7912296558e+03 1.8023043064e+00
1.32000e+03 1.7919915881e+03 9.6780811654e-02
1.32100e+03 1.7925746757e+03 2.9290937490e-01
1.32200e+03 1.7930927111e+03 8.1899441723e-02
1.32300e+03 1.7936299906e+03 1.0429773208e-01
1.32400e+03 1.7942967883e+03 9.0783859313e-01
1.32500e+03 1.7949071029e+03 3.8254425872e-01
1.32600e+03 1.7954682040e+03 1.0142023647e+00
1.32700e+03 1.7960453330e+03 3.3185559239e-02
1.32800e+03 1.7966112194e+03 2.8367109278e-02
1.32900e+03 1.7971954930e+03 7.1446032352e-03
1.33000e+03 1.7977688158e+03 1.4573864966e-02
1.33100e+03 1.7983592700e+03 6.1806303647e-03
1.33200e+03 1.7988846035e+03 4.8885548077e-01
1.33300e+03 1.7994002066e+03 2.3940655836e-01
1.33400e+03 1.7999898903e+03 2.2535303903e-02
1.33500e+03 1.8006764844e+03 1.2984832936e+00
1.33600e+03 1.8012906518e+03 3.3529913445e-01
1.33700e+03 1.8018744370e+03 9.5343649048e-01
1.33800e+03 1.8025729923e+03 1.5996593226e-01
1.33900e+03 1.8032030121e+03 4.4702238464e-03
1.34000e+03 1.8036911700e+03 7.7075424707e-01
1.34100e+03 1.8041864944e+03 3.2788673449e-01
1.34200e+03 1.8047013590e+03 2.6706617466e-02
1.34300e+03 1.8052062469e+03 3.6243342173e-02
1.34400e+03 1.8057964846e+03 5.3076454648e-01
1.34500e+03 1.8064755089e+03 1.5223614161e-01
1.34600e+03 1.8070837080e+03 5.6279436660e-01
1.34700e+03 1.8078658284e+03 4.5513379726e-01
1.34800e+03 1.8087827239e+03 4.7874163709e-01
1.34900e+03 1.8097479226e+03 2.8617446443e-01
1.35000e+03 1.8106182623e+03 5.1182250452e-01
1.35100e+03 1.8116801950e+03 7.5807514407e-01
1.35200e+03 1.8127753071e+03 1.5872466562e+00
1.35300e+03 1.8138441381e+03 9.3639356744e-01
1.35400e+03 1.8149232506e+03 9.1945756125e-01
1.35500e+03 1.8157726015e+03 7.4381305409e-01
1.35600e+03 1.8166724357e+03 6.3925106408e-01
1.35700e+03 1.8175441511e+03 3.0982257272e+00
1.35800e+03 1.8183694559e+03 2.3167766829e+00
1.35900e+03 1.8192075777e+03 4.3283282793e-01
1.36000e+03 1.8199772891e+03 3.0940107679e-01
1.36100e+03 1.8205655979e+03 5.9128276672e-02
1.36200e+03 1.8212009533e+03 2.2904002495e+00
1.36300e+03 1.8217808062e+03 2.5826879640e-01
1.36400e+03 1.8223199177e+03 1.1180389560e-01
1.36500e+03 1.8228787337e+03 1.3272897177e-01
1.36600e+03 1.8234285460e+03 1.2189538137e-01
1.36700e+03 1.8239982675e+03 1.1086806951e-01
1.36800e+03 1.8245581236e+03 1.0071337751e-01
1.36900e+03 1.8252459037e+03 2.6493029960e+00
1.37000e+03 1.8259635330e+03 1.7404847968e-01
1.37100e+03 1.8266546538e+03 1.7721518882e-01
1.37200e+03 1.8273547024e+03 1.5945732020e-01
1.37300e+03 1.8280372494e+03 1.5072407139e-01
1.37400e+03 1.8287306976e+03 1.4397284903e-01
1.37500e+03 1.8294093980e+03 1.3998224773e-01
1.37600e+03 1.8301001324e+03 1.3712859082e-01
1.37700e+03 1.8307023703e+03 6.8096265774e-02
1.37800e+03 1.8312592470e+03 1.0576127984e+00
1.37900e+03 1.8318331974e+03 1.0282676959e+00
1.38000e+03 1.8323957800e+03 5.7058867477e-03
1.38100e+03 1.8330861388e+03 1.4864983285e-01
1.38200e+03 1.8336973452e+03 1.4336410299e+00
1.38300e+03 1.8342741848e+03 2.8906333815e+00
1.38400e+03 1.8348228497e+03 1.6848833080e+00
1.38500e+03 1.8355890515e+03 1.8105125648e+00
1.38600e+03 1.8363958870e+03 1.8458261234e+00
1.38700e+03 1.8369908079e+03 1.8081268765e-02
1.38800e+03 1.8376482879e+03 1.1524677924e-01
1.38900e+03 1.8382549185e+03 3.7866539244e-01
1.39000e+03 1.8388150400e+03 2.7444463472e-01
1.39100e+03 1.8393910547e+03 3.0615928518e-02
1.39200e+03 1.8399554952e+03 2.6266247998e-02
1.39300e+03 1.8406439294e+03 1.1320690096e-01
1.39400e+03 1.8413632021e+03 1.7488642663e-01
1.39500e+03 1.8419781726e+03 3.8955768094e-02
1.39600e+03 1.8425466691e+03 4.2972782426e-02
1.39700e+03 1.8431301220e+03 3.1517483293e-02
1.39800e+03 1.8437008228e+03 2.1438147947e-02
1.39900e+03 1.8443981047e+03 1.8355926955e-01
1.40000e+03 1.8451243440e+03 1.9034226787e-01
1.40100e+03 1.8457428756e+03 3.5078689055e-02
1.40200e+03 1.8462324421e+03 3.1726909456e-01
1.40300e+03 1.8467271017e+03 2.0988051451e-03
1.40400e+03 1.8472392689e+03 2.0504022052e-02
1.40500e+03 1.8477412152e+03 7.2866691722e-03
1.40600e+03 1.8483277408e+03 1.9920050541e-01
1.40700e+03 1.8490051787e+03 1.7030795977e-01
1.40800e+03 1.8497227376e+03 1.6145724408e-01
1.40900e+03 1.8504193173e+03 1.8043750629e-01
1.41000e+03 1.8511256396e+03 1.6902049633e-01
1.41100e+03 1.8517440762e+03 1.2806460847e-01
1.41200e+03 1.8523152867e+03 3.3507966159e-01
1.41300e+03 1.8529015522e+03 3.0257341414e-01
1.41400e+03 1.8534752205e+03 2.4578363361e-03
1.41500e+03 1.8540659978e+03 6.9672535328e-03
1.41600e+03 1.8546446446e+03 4.9784561245e-03
1.41700e+03 1.8553499753e+03 1.7760249809e-01
1.41800e+03 1.8560830273e+03 2.0415459328e-01
1.41900e+03 1.8567879696e+03 2.0356209503e-01
1.42000e+03 1.8573710536e+03 1.0087892209e-01
1.42100e+03 1.8581382843e+03 8.0645910098e-01
1.42200e+03 1.8590496923e+03 7.1354461287e-01
1.42300e+03 1.8599400068e+03 1.0173417552e+00
1.42400e+03 1.8607482651e+03 1.1090231795e+00
1.42500e+03 1.8613667138e+03 1.0376204791e+00
1.42600e+03 1.8620272300e+03 6.9696094902e-01
1.42700e+03 1.8626295641e+03 2.8798043127e-01
1.42800e+03 1.8631879856e+03 7.4540624700e-02
1.42900e+03 1.8637637122e+03 1.0107357919e-01
1.43000e+03 1.8642687937e+03 1.2064325043e-01
1.43100e+03 1.8646133483e+03 4.2236989113e-01
1.43200e+03 1.8648918002e+03 1.1055017364e+00
1.43300e+03 1.8653667573e+03 3.4609130456e-01
1.43400e+03 1.8658879211e+03 4.3802993285e-01
1.43500e+03 1.8663973187e+03 5.4257584278e-02
1.43600e+03 1.8669225152e+03 4.0326760155e-03
1.43700e+03 1.8672562564e+03 1.0813362600e-02
1.43800e+03 1.8676569924e+03 6.4844518769e-01
1.43900e+03 1.8679936054e+03 2.1526793023e-01
1.44000e+03 1.8681989793e+03 3.3062512612e-01
1.44100e+03 1.8684189924e+03 3.0920153043e-01
1.44200e+03 1.8687307596e+03 5.2510014236e-01
1.44300e+03 1.8690535082e+03 3.4415888256e-01
1.44400e+03 1.8693073556e+03 4.8473389220e-02
1.44500e+03 1.8694114406e+03 8.4170570721e-01
1.44600e+03 1.8694591075e+03 7.4420992329e-01
1.44700e+03 1.8696846793e+03 2.5246504524e-01
1.44800e+03 1.8700478155e+03 5.1368946979e-02
1.44900e+03 1.8705027460e+03 2.0154454790e-01
1.45000e+03 1.8708820583e+03 7.9432847026e-02
1.45100e+03 1.8712369625e+03 2.1507185552e-01
1.45200e+03 1.8715678724e+03 8.0425307236e-02
1.45300e+03 1.8719097593e+03 1.3017185522e-02
1.45400e+03 1.8722342669e+03 1.9406519934e-02
1.45500e+03 1.8727644092e+03 3.0457038689e-01
1.45600e+03 1.8734329168e+03 1.0402846588e-01
1.45700e+03 1.8740815947e+03 3.7435430864e-01
1.45800e+03 1.8747055675e+03 1.4939401156e-01
1.45900e+03 1.8754386953e+03 2.7819735145e-01
1.46000e+03 1.8761962400e+03 2.5591154488e-01
1.46100e+03 1.8768506532e+03 4.3670623061e-02
1.46200e+03 1.8774547010e+03 6.4065371785e-02
1.46300e+03 1.8781725368e+03 2.4036360225e-01
1.46400e+03 1.8788057318e+03 4.9712970608e-01
1.46500e+03 1.8796027112e+03 3.6877380934e-01
1.46600e+03 1.8805352252e+03 5.6858940406e-01
1.46700e+03 1.8814454288e+03 8.8781255074e-01
1.46800e+03 1.8822734044e+03 4.9196413716e-01
1.46900e+03 1.8829091530e+03 5.4951735145e-01
1.47000e+03 1.8835852428e+03 7.6510651635e-01
1.47100e+03 1.8842684105e+03 7.2967326296e-01
1.47200e+03 1.8849672148e+03 1.4521999566e-01
1.47300e+03 1.8855854306e+03 2.9198779672e-01
1.47400e+03 1.8861581883e+03 3.6918728443e-01
1.47500e+03 1.8868478865e+03 1.5160526371e-01
1.47600e+03 1.8875703750e+03 1.7513785463e-01
1.47700e+03 1.8881933157e+03 3.7354298802e-01
1.47800e+03 1.8887704393e+03 1.5581956194e-01
1.47900e+03 1.8894664656e+03 1.8129083346e-01
1.48000e+03 1.8900806146e+03 3.4935902543e-01
1.48100e+03 1.8906646214e+03 1.0326370438e+00
1.48200e+03 1.8912219984e+03 9.6695297309e-01
1.48300e+03 1.8917908616e+03 1.5143597659e-02
1.48400e+03 1.8923404385e+03 2.2928652968e-02
1.48500e+03 1.8931190720e+03 1.0741568798e+00
1.48600e+03 1.8939382046e+03 1.0642397409e+00
1.48700e+03 1.8947367858e+03 3.8015588751e-01
1.48800e+03 1.8955481507e+03 3.7200807812e-01
1.48900e+03 1.8961452561e+03 2.8242137359e-02
1.49000e+03 1.8968011807e+03 1.1454564069e-01
1.49100e+03 1.8974701806e+03 8.7404682345e-02
1.49200e+03 1.8980246047e+03 4.4910924507e-01
1.49300e+03 1.8985789581e+03 2.8718890175e-01
1.49400e+03 1.8992630276e+03 1.1546213046e-01
1.49500e+03 1.8998855583e+03 8.8709811536e-01
1.49600e+03 1.9003672885e+03 3.2963475898e-01
1.49700e+03 1.9006912197e+03 2.3042217846e-01
1.49800e+03 1.9010861201e+03 1.3612972113e-01
1.49900e+03 1.9014989243e+03 4.8554606111e-03
1.50000e+03 1.9019364099e+03 4.2585188805e-02
1.50100e+03 1.9023663903e+03 5.9718849132e-02
1.50200e+03 1.9028155014e+03 1.1625417855e-02
1.50300e+03 1.9032537366e+03 1.9868626866e-02
1.50400e+03 1.9037095368e+03 6.6891749024e-03
1.50500e+03 1.9041531007e+03 1.2011086840e-02
1.50600e+03 1.9046134575e+03 4.5565723711e-03
1.50700e+03 1.9049628070e+03 6.0248630457e-01
1.50800e+03 1.9051790435e+03 2.6549366868e-01
1.50900e+03 1.9054107150e+03 7.8980692579e-01
1.51000e+03 1.9057327406e+03 9.9985208824e-02
1.51100e+03 1.9061693571e+03 2.3954016594e-03
1.51200e+03 1.9066562142e+03 3.1453505702e-01
1.51300e+03 1.9070272815e+03 2.4351041623e-01
1.51400e+03 1.9072667192e+03 3.3613692204e-01
1.51500e+03 1.9075157344e+03 2.0082138177e-02
1.51600e+03 1.9078515215e+03 1.1368456478e-02
1.51700e+03 1.9081959406e+03 5.2716954500e-02
1.51800e+03 1.9085298704e+03 1.8572735387e-03
1.51900e+03 1.9089989958e+03 6.8712420041e-02
1.52000e+03 1.9095064777e+03 4.8018934143e-02
1.52100e+03 1.9099887446e+03 1.3141469755e-02
1.52200e+03 1.9104820378e+03 1.0603201558e-03
1.52300e+03 1.9108598609e+03 3.1548539713e-02
1.52400e+03 1.9111902521e+03 5.9053994823e-02
1.52500e+03 1.9116553737e+03 1.7145231213e-02
1.52600e+03 1.9120431454e+03 5.2599056391e-01
1.52700e+03 1.9125768400e+03 2.3518616386e-01
1.52800e+03 1.9132463878e+03 3.2202850652e-01
1.52900e+03 1.9139870463e+03 1.3507637635e-02
1.53000e+03 1.9146384860e+03 2.6366803702e-01
1.53100e+03 1.9154594251e+03 6.0895093506e-01
1.53200e+03 1.9163140361e+03 1.0087252144e+00
1.53300e+03 1.9171445764e+03 4.4672949818e-01
1.53400e+03 1.9180623319e+03 2.6170190202e-01
1.53500e+03 1.9189696312e+03 1.2293161287e+00
1.53600e+03 1.9198587160e+03 7.3330279879e-01
1.53700e+03 1.9207552376e+03 5.4610371409e-01
1.53800e+03 1.9216356316e+03 5.3686683695e-01
1.53900e+03 1.9225254860e+03 5.2966276195e-01
1.54000e+03 1.9233510610e+03 4.1724673217e-01
1.54100e+03 1.9241586877e+03 1.0702977626e+00
1.54200e+03 1.9249704518e+03 1.0554165859e+00
1.54300e+03 1.9257643786e+03 3.6427945044e-01
1.54400e+03 1.9266422098e+03 5.2657032146e-01
1.54500e+03 1.9275901856e+03 2.0731716944e-01
1.54600e+03 1.9284567427e+03 2.4880946982e+00
1.54700e+03 1.9295137465e+03 4.1114145325e-01
1.54800e+03 1.9307068427e+03 3.1526504832e-01
1.54900e+03 1.9319281501e+03 2.7589073552e+00
1.55000e+03 1.9331556715e+03 3.6938523988e+00
1.55100e+03 1.9343542786e+03 1.1818825621e+00
1.55200e+03 1.9354266021e+03 6.1649671345e-01
1.55300e+03 1.9364837927e+03 4.1613886352e+00
1.55400e+03 1.9376621147e+03 1.1315013873e+00
1.55500e+03 1.9388203912e+03 1.1094155646e+00
1.55600e+03 1.9399236486e+03 2.2174558382e+00
1.55700e+03 1.9411003175e+03 1.1084316591e+00
1.55800e+03 1.9422919455e+03 1.1206292195e+00
1.55900e+03 1.9434301101e+03 2.1951265361e+00
1.56000e+03 1.9445217113e+03 1.0956669171e+00
1.56100e+03 1.9456227854e+03 1.0574807670e+00
1.56200e+03 1.9466611967e+03 2.4748123469e+00
1.56300e+03 1.9476853513e+03 3.5919101480e+00
1.56400e+03 1.9487907471e+03 9.5683760280e-01
1.56500e+03 1.9499574969e+03 1.1095895014e+00
1.56600e+03 1.9510376931e+03 3.5961909747e+00
1.56700e+03 1.9523252285e+03 1.2192616228e+00
1.56800e+03 1.9537516328e+03 4.8644553898e-01
1.56900e+03 1.9551910896e+03 1.0267206331e+00
1.57000e+03 1.9566299752e+03 2.3814314186e+00
1.57100e+03 1.9580376678e+03 1.7484583592e+00
1.57200e+03 1.9593193089e+03 3.5760706587e+00
1.57300e+03 1.9605908141e+03 1.3000973588e+00
1.57400e+03 1.9618782910e+03 1.3046331213e+00
1.57500e+03 1.9631474679e+03 1.3010001116e+00
1.57600e+03 1.9645120974e+03 1.5194980323e+00
1.57700e+03 1.9658682182e+03 2.0819251577e+00
1.57800e+03 1.9672120409e+03 2.0590364397e+00
1.57900e+03 1.9686263263e+03 1.5998649849e+00
1.58000e+03 1.9700439623e+03 2.6141725332e+00
1.58100e+03 1.9714216130e+03 1.4629889343e+00
1.58200e+03 1.9727524618e+03 1.4485520292e+00
1.58300e+03 1.9740905331e+03 1.4075240761e+00
1.58400e+03 1.9754180738e+03 1.4028084839e+00
1.58500e+03 1.9768247527e+03 2.6039517425e+00
1.58600e+03 1.9781342977e+03 4.0458875652e+00
1.58700e+03 1.9793978900e+03 7.4468885614e+00
1.58800e+03 1.9807710392e+03 2.8231557046e+00
1.58900e+03 1.9821400380e+03 1.4323331443e+00
1.59000e+03 1.9833745537e+03 2.7548422201e+00
1.59100e+03 1.9843974984e+03 2.5796849714e+00
1.59200e+03 1.9853411273e+03 3.7192933935e+00
1.59300e+03 1.9863036435e+03 6.4006001608e-01
1.59400e+03 1.9872485648e+03 6.4071241181e-01
1.59500e+03 1.9884737874e+03 4.2460139338e+00
1.59600e+03 1.9898509053e+03 1.4804780304e+00
1.59700e+03 1.9912021024e+03 1.4611958031e+00
1.59800e+03 1.9925331449e+03 1.4136592511e+00
1.59900e+03 1.9939305570e+03 4.1516261316e+00
1.60000e+03 1.9953316787e+03 2.9186079543e+00
1.60100e+03 1.9967037305e+03 1.5497686994e+00
1.60200e+03 1.9979531681e+03 3.0451638682e-01
1.60300e+03 1.9994575438e+03 3.1703961746e+00
1.60400e+03 2.0011115649e+03 1.8245847666e+00
1.60500e+03 2.0027605061e+03 2.7688940094e-01
1.60600e+03 2.0044027542e+03 2.0193451596e+00
1.60700e+03 2.0060166743e+03 1.9823047064e+00
1.60800e+03 2.0075047648e+03 2.9230169641e+00
1.60900e+03 2.0092740912e+03 2.0877110121e+00
1.61000e+03 2.0111934549e+03 2.5222774400e+00
1.61100e+03 2.0130861135e+03 2.7873859902e-01
1.61200e+03 2.0148588476e+03 2.3702668673e+00
1.61300e+03 2.0165870786e+03 6.9979888687e+00
1.61400e+03 2.0184246533e+03 2.4541088807e+00
1.61500e+03 2.0202480493e+03 2.3823920687e+00
1.61600e+03 2.0219405867e+03 2.1408068176e+00
1.61700e+03 2.0239536025e+03 2.7634444534e+00
1.61800e+03 2.0261209760e+03 2.9064793494e+00
1.61900e+03 2.0282468076e+03 9.4329684155e+00
1.62000e+03 2.0303053169e+03 1.1571187220e+01
1.62100e+03 2.0323300490e+03 2.9152892840e+00
1.62200e+03 2.0343616487e+03 2.8854644190e+00
1.62300e+03 2.0363657458e+03 2.7463477369e+00
1.62400e+03 2.0384735919e+03 2.9469974559e+00
1.62500e+03 2.0405647724e+03 1.9545432825e+00
1.62600e+03 2.0425400378e+03 6.4783809075e+00
1.62700e+03 2.0444682007e+03 8.8105005762e+00
1.62800e+03 2.0465056576e+03 5.5864165884e+00
1.62900e+03 2.0486108021e+03 2.9233633153e+00
1.63000e+03 2.0505865654e+03 5.2938021352e+00
1.63100e+03 2.0522917884e+03 2.2293999974e-01
1.63200e+03 2.0540309204e+03 2.6221151504e+00
1.63300e+03 2.0558206173e+03 4.7959929586e+00
1.63400e+03 2.0574943805e+03 5.2471705560e-01
1.63500e+03 2.0589266377e+03 2.3130384948e-01
1.63600e+03 2.0604032966e+03 4.5287237593e+00
1.63700e+03 2.0618885315e+03 1.0431813892e+01
1.63800e+03 2.0632614337e+03 1.5498843048e+00
1.63900e+03 2.0646362943e+03 4.4667984353e+00
1.64000e+03 2.0659902297e+03 4.4433648844e+00
1.64100e+03 2.0676721745e+03 4.4421636380e+00
1.64200e+03 2.0694024277e+03 4.2877490591e+00
1.64300e+03 2.0708549238e+03 1.4990344992e+00
1.64400e+03 2.0722188951e+03 1.5075712697e+00
1.64500e+03 2.0739018382e+03 4.2844597076e+00
1.64600e+03 2.0757414666e+03 9.0992282389e+00
1.64700e+03 2.0775501876e+03 3.9977124839e+00
1.64800e+03 2.0792915606e+03 2.1144373701e+00
1.64900e+03 2.0807744689e+03 1.5364758692e+00
1.65000e+03 2.0822788158e+03 4.0214028454e+00
1.65100e+03 2.0838068073e+03 1.6121741327e+00
1.65200e+03 2.0852164271e+03 5.9740401730e-01
1.65300e+03 2.0864037388e+03 7.9432214520e-01
1.65400e+03 2.0876402558e+03 1.3427320620e+00
1.65500e+03 2.0888863396e+03 3.1489887166e-01
1.65600e+03 2.0900147741e+03 5.1234259677e-01
1.65700e+03 2.0909444149e+03 1.0837184297e+00
1.65800e+03 2.0919332270e+03 6.6879041549e-02
1.65900e+03 2.0929376995e+03 4.9448205134e+00
1.66000e+03 2.0939629562e+03 7.1326868035e-01
1.66100e+03 2.0949576322e+03 2.6042247410e-01
1.66200e+03 2.0959147892e+03 4.0574043242e+00
1.66300e+03 2.0969637993e+03 7.5709310231e-01
1.66400e+03 2.0979295347e+03 3.0128660939e+00
1.66500e+03 2.0988679574e+03 7.8814948021e-01
1.66600e+03 2.0997802664e+03 7.3393490247e-01
1.66700e+03 2.1009607325e+03 3.7702892539e+00
1.66800e+03 2.1022918768e+03 1.1303232661e+00
1.66900e+03 2.1036389685e+03 8.3046010533e-01
1.67000e+03 2.1049925638e+03 1.9143042989e+00
1.67100e+03 2.1063158225e+03 2.5095820905e+00
1.67200e+03 2.1075151361e+03 2.1147129255e+00
1.67300e+03 2.1087086718e+03 1.1422624785e+00
1.67400e+03 2.1099210805e+03 1.1542152832e+00
1.67500e+03 2.1111182151e+03 1.0882588005e+00
1.67600e+03 2.1124115961e+03 1.2963112355e+00
1.67700e+03 2.1136994361e+03 1.2595962288e+00
1.67800e+03 2.1149772104e+03 1.2427299658e+00
1.67900e+03 2.1163297544e+03 1.3854638038e+00
1.68000e+03 2.1175878739e+03 2.7479390594e+00
1.68100e+03 2.1188031780e+03 3.5544510048e+00
1.68200e+03 2.1199816541e+03 1.0691246659e+00
1.68300e+03 2.1211741304e+03 1.0452278179e+00
1.68400e+03 2.1224934554e+03 1.7285110358e+00
1.68500e+03 2.1238167635e+03 1.2769553910e+00
1.68600e+03 2.1250031398e+03 3.2540887034e+00
1.68700e+03 2.1259776242e+03 2.1799185274e-01
1.68800e+03 2.1268764447e+03 5.4675305444e-01
1.68900e+03 2.1277961232e+03 4.9140030773e-01
1.69000e+03 2.1288474171e+03 1.0076474628e+00
1.69100e+03 2.1298853941e+03 1.5136610977e+00
1.69200e+03 2.1307902460e+03 8.3892210311e-03
1.69300e+03 2.1317016509e+03 2.9567240598e+00
1.69400e+03 2.1326378114e+03 5.1899016361e-01
1.69500e+03 2.1335646667e+03 5.3392165231e-01
1.69600e+03 2.1345869882e+03 2.5323730506e+00
1.69700e+03 2.1356098384e+03 7.1572156347e-01
1.69800e+03 2.1366249193e+03 7.0776529406e-01
1.69900e+03 2.1376538344e+03 7.1312245408e-01
1.70000e+03 2.1386252090e+03 5.6860187881e-01
1.70100e+03 2.1393995528e+03 1.4533465249e-01
1.70200e+03 2.1400883108e+03 1.3019158929e+00
1.70300e+03 2.1410125933e+03 9.2524262800e-01
1.70400e+03 2.1419835093e+03 9.2385887003e-01
1.70500e+03 2.1429395127e+03 5.9487362418e-01
1.70600e+03 2.1439932700e+03 7.5108574336e-01
1.70700e+03 2.1450990510e+03 4.0332924042e+00
1.70800e+03 2.1462270099e+03 3.0162275924e+00
1.70900e+03 2.1473040020e+03 7.9841162046e-01
1.71000e+03 2.1483345569e+03 7.7441073060e-01
1.71100e+03 2.1493751656e+03 7.3725299982e-01
1.71200e+03 2.1504052706e+03 7.3606592482e-01
1.71300e+03 2.1514489611e+03 7.3841161736e-01
1.71400e+03 2.1524345335e+03 6.0893512304e-01
1.71500e+03 2.1534046007e+03 1.7102119459e+00
1.71600e+03 2.1543827661e+03 1.7010946695e+00
1.71700e+03 2.1551498494e+03 2.7599316384e+00
1.71800e+03 2.1558448684e+03 3.2333588551e+00
1.71900e+03 2.1565581674e+03 1.7097630381e+00
1.72000e+03 2.1572551139e+03 7.3795816198e-02
1.72100e+03 2.1582039023e+03 5.9029290174e-01
1.72200e+03 2.1591973936e+03 6.0502856559e-01
1.72300e+03 2.1601727662e+03 6.3100766952e-01
1.72400e+03 2.1611648516e+03 6.2897073546e-01
1.72500e+03 2.1621392799e+03 6.2739758407e-01
1.72600e+03 2.1632054367e+03 7.7372493575e-01
1.72700e+03 2.1642666175e+03 1.8618272652e+00
1.72800e+03 2.1652629357e+03 6.3100293613e-01
1.72900e+03 2.1660550973e+03 1.5258462534e-01
1.73000e+03 2.1668868124e+03 3.8355238075e+00
1.73100e+03 2.1676831182e+03 3.6549692307e-01
1.73200e+03 2.1683538466e+03 3.2558969475e-01
1.73300e+03 2.1690333529e+03 1.0185681976e-02
1.73400e+03 2.1698104780e+03 1.9360652528e+00
1.73500e+03 2.1705928290e+03 2.1841667551e-01
1.73600e+03 2.1713113731e+03 5.7991177467e-02
1.73700e+03 2.1720214301e+03 5.8818632934e-01
1.73800e+03 2.1728128734e+03 2.3251639666e-01
1.73900e+03 2.1736076755e+03 2.4473510189e-01
1.74000e+03 2.1743932714e+03 2.3864291646e-01
1.74100e+03 2.1752852698e+03 5.0844838931e+00
1.74200e+03 2.1760941299e+03 2.4846683827e+00
1.74300e+03 2.1768667782e+03 2.4626703857e+00
1.74400e+03 2.1776088281e+03 1.7307478055e-01
1.74500e+03 2.1783631806e+03 1.5460593945e-01
1.74600e+03 2.1790964641e+03 1.4568497737e-01
1.74700e+03 2.1798464561e+03 1.4117875019e-01
1.74800e+03 2.1805769871e+03 1.3828496227e-01
1.74900e+03 2.1815626274e+03 7.4627153319e-01
1.75000e+03 2.1825893801e+03 1.6413319896e+00
1.75100e+03 2.1833839534e+03 1.8272797392e-01
1.75200e+03 2.1841077902e+03 2.0345717681e-01
1.75300e+03 2.1850839560e+03 6.5982566499e-01
1.75400e+03 2.1862043769e+03 3.3482500497e-01
1.75500e+03 2.1873544051e+03 1.4056359050e+00
1.75600e+03 2.1884077442e+03 9.8866818216e-01
1.75700e+03 2.1894279750e+03 1.4165908075e+00
1.75800e+03 2.1905621507e+03 2.0896375916e+00
1.75900e+03 2.1916749581e+03 1.2257096186e+00
1.76000e+03 2.1927333104e+03 1.1624153181e+00
1.76100e+03 2.1937993347e+03 7.7965985402e-01
1.76200e+03 2.1948535694e+03 7.7476261116e-01
1.76300e+03 2.1959997107e+03 9.8379262684e-01
1.76400e+03 2.1971601457e+03 1.0702665095e+00
1.76500e+03 2.1982568201e+03 8.0463793576e-01
1.76600e+03 2.1993073558e+03 8.0013428109e-01
1.76700e+03 2.2003681837e+03 7.6348772070e-01
1.76800e+03 2.2013663669e+03 1.3589986079e+00
1.76900e+03 2.2021688527e+03 8.0371348217e-01
1.77000e+03 2.2030098284e+03 1.2470981882e+00
1.77100e+03 2.2038588252e+03 1.9701651176e+00
1.77200e+03 2.2047249020e+03 3.6554022466e-01
1.77300e+03 2.2055319452e+03 2.5378474503e-01
1.77400e+03 2.2062967455e+03 8.1742801264e-01
1.77500e+03 2.2070787383e+03 7.9156017644e-01
1.77600e+03 2.2077953892e+03 5.2137742306e-01
1.77700e+03 2.2083373727e+03 1.3505234688e+00
1.77800e+03 2.2088066798e+03 2.2964530583e+00
1.77900e+03 2.2094928036e+03 2.9263334055e+00
1.78000e+03 2.2102267786e+03 1.4094191885e+00
1.78100e+03 2.2109484013e+03 1.0562886298e-01
1.78200e+03 2.2117638413e+03 2.4743818280e-01
1.78300e+03 2.2125775550e+03 2.7891158406e-01
1.78400e+03 2.2133793890e+03 2.6502673741e-01
1.78500e+03 2.2141943151e+03 2.6597421595e-01
1.78600e+03 2.2149974445e+03 2.6700351175e-01
1.78700e+03 2.2158143509e+03 2.6871685268e-01
1.78800e+03 2.2166192946e+03 2.7026248379e-01
1.78900e+03 2.2175356542e+03 4.3253749869e-01
1.79000e+03 2.2184720462e+03 1.0799028281e+00
1.79100e+03 2.2193789062e+03 1.0693233073e+00
1.79200e+03 2.2202914507e+03 4.6692387582e-01
1.79300e+03 2.2211326025e+03 2.9423750583e-01
1.79400e+03 2.2218437178e+03 8.2663487895e-02
1.79500e+03 2.2225597810e+03 9.7299182603e-01
1.79600e+03 2.2232958927e+03 9.9701517349e-01
1.79700e+03 2.2238360057e+03 1.5434094038e+00
1.79800e+03 2.2243152181e+03 1.5517712669e+00
1.79900e+03 2.2248150382e+03 4.0292954332e-02
1.80000e+03 2.2254444414e+03 2.8314136379e-01
1.80100e+03 2.2260764535e+03 9.1249098608e-02
1.80200e+03 2.2265883996e+03 7.5189808956e-03
1.80300e+03 2.2273048769e+03 1.0046170062e-01
1.80400e+03 2.2280689930e+03 4.0915363595e-01
1.80500e+03 2.2288174811e+03 4.4075535838e-01
1.80600e+03 2.2296584816e+03 4.3567035507e-01
1.80700e+03 2.2305653259e+03 2.7483214611e-01
1.80800e+03 2.2313907416e+03 4.7299631558e-01
1.80900e+03 2.2324091134e+03 2.6988361082e-01
1.81000e+03 2.2335633716e+03 5.8781501801e-01
1.81100e+03 2.2347476911e+03 6.9195713488e-01
1.81200e+03 2.2359404776e+03 1.4380479193e+00
1.81300e+03 2.2371051837e+03 1.0025146320e+00
1.81400e+03 2.2382704042e+03 9.7394609012e-01
1.81500e+03 2.2393942062e+03 1.3051121812e+00
1.81600e+03 2.2404686516e+03 1.6129644192e+00
1.81700e+03 2.2416234064e+03 9.6302088508e-01
1.81800e+03 2.2426854055e+03 5.0619704983e-01
1.81900e+03 2.2439531556e+03 2.3743994708e+00
1.82000e+03 2.2452590406e+03 3.3429344177e+00
1.82100e+03 2.2463218121e+03 2.6896751968e+00
1.82200e+03 2.2473019202e+03 2.2901341185e+00
1.82300e+03 2.2485504454e+03 1.1953454450e+00
1.82400e+03 2.2499459468e+03 1.2831139356e+00
1.82500e+03 2.2513142486e+03 3.1376819494e+00
1.82600e+03 2.2526609516e+03 1.3544902238e+00
1.82700e+03 2.2540729254e+03 1.0556537262e+00
1.82800e+03 2.2554865441e+03 2.6137447170e+00
1.82900e+03 2.2568595667e+03 1.3578566625e+00
1.83000e+03 2.2581107895e+03 1.1394878158e+00
1.83100e+03 2.2593534431e+03 1.4145247005e+00
1.83200e+03 2.2606910390e+03 1.3473916327e+00
1.83300e+03 2.2620707745e+03 1.7804578804e+00
1.83400e+03 2.2633571490e+03 2.9135266234e+00
1.83500e+03 2.2646057016e+03 3.8948290050e+00
1.83600e+03 2.2659667427e+03 1.3774093459e+00
1.83700e+03 2.2673180412e+03 1.3475948969e+00
1.83800e+03 2.2686709780e+03 1.3381429450e+00
1.83900e+03 2.2700148337e+03 1.3293620413e+00
1.84000e+03 2.2712365669e+03 1.1048526766e+00
1.84100e+03 2.2724526838e+03 1.5824840887e+00
1.84200e+03 2.2737957844e+03 1.3181965163e+00
1.84300e+03 2.2751327501e+03 1.3099882395e+00
1.84400e+03 2.2763436745e+03 1.5700928145e+00
1.84500e+03 2.2775525810e+03 1.3096679940e+00
1.84600e+03 2.2788897610e+03 1.3027575918e+00
1.84700e+03 2.2802217901e+03 1.2965182941e+00
1.84800e+03 2.2815582032e+03 1.2944549318e+00
1.84900e+03 2.2828910012e+03 1.3058195675e+00
1.85000e+03 2.2841778314e+03 5.3009024507e+00
1.85100e+03 2.2854744673e+03 5.2594394470e+00
1.85200e+03 2.2867629523e+03 1.2086804803e+00
1.85300e+03 2.2881315682e+03 1.3297472192e+00
1.85400e+03 2.2895083611e+03 1.3687972232e+00
1.85500e+03 2.2908573129e+03 1.3477644110e+00
1.85600e+03 2.2922083876e+03 1.3206984492e+00
1.85700e+03 2.2935450596e+03 1.3070979033e+00
1.85800e+03 2.2947602680e+03 1.3126423326e+00
1.85900e+03 2.2959675025e+03 5.2797495112e+00
1.86000e+03 2.2971494094e+03 5.2411682528e+00
1.86100e+03 2.2983503465e+03 1.0000102352e+00
1.86200e+03 2.2995281621e+03 9.9491888411e-01
1.86300e+03 2.3007267153e+03 9.9154011521e-01
1.86400e+03 2.3020558820e+03 1.2838828036e+00
1.86500e+03 2.3033800212e+03 1.9876988956e+00
1.86600e+03 2.3047081190e+03 1.9846422404e+00
1.86700e+03 2.3060337480e+03 1.2364649194e+00
1.86800e+03 2.3073130991e+03 4.7501765408e+00
1.86900e+03 2.3086022561e+03 4.7089544147e+00
1.87000e+03 2.3098833009e+03 1.1818571152e+00
1.87100e+03 2.3112446140e+03 1.3021987439e+00
1.87200e+03 2.3125125193e+03 1.0806383419e+00
1.87300e+03 2.3137377913e+03 1.2917436427e+00
1.87400e+03 2.3149265303e+03 1.2112855479e+00
1.87500e+03 2.3164067022e+03 1.4012737426e+01
1.87600e+03 2.3179295915e+03 1.5683501441e+01
1.87700e+03 2.3194266344e+03 1.6274218276e+00
1.87800e+03 2.3209406643e+03 1.6169349537e+00
1.87900e+03 2.3224311406e+03 1.6087514624e+00
1.88000e+03 2.3239377641e+03 1.5997363129e+00
1.88100e+03 2.3254221689e+03 1.5920650870e+00
1.88200e+03 2.3269232316e+03 1.5849121558e+00
1.88300e+03 2.3284030263e+03 1.5787170888e+00
1.88400e+03 2.3299826872e+03 4.1934922072e-01
1.88500e+03 2.3315502482e+03 7.8664118042e+00
1.88600e+03 2.3330573448e+03 1.5831723594e+00
1.88700e+03 2.3343258953e+03 1.0678856022e+00
1.88800e+03 2.3354908157e+03 7.7622202305e+00
1.88900e+03 2.3369372257e+03 1.5482045448e+00
1.89000e+03 2.3384302382e+03 1.5325722028e+00
1.89100e+03 2.3399023149e+03 1.5567063277e+00
1.89200e+03 2.3413941337e+03 1.5539558753e+00
1.89300e+03 2.3428651700e+03 1.5513614874e+00
1.89400e+03 2.3443541804e+03 1.5470018107e+00
1.89500e+03 2.3455918491e+03 7.7235762243e+00
1.89600e+03 2.3467434716e+03 4.6383182274e+00
1.89700e+03 2.3481864084e+03 1.5173553016e+00
1.89800e+03 2.3497831524e+03 7.7548954175e+00
1.89900e+03 2.3513533327e+03 6.2131048536e+00
1.90000e+03 2.3528525309e+03 1.5260257113e+00
1.90100e+03 2.3543291131e+03 1.5581450858e+00
1.90200e+03 2.3558156511e+03 1.5439267345e+00
1.90300e+03 2.3570545990e+03 4.6349591151e+00
1.90400e+03 2.3583363382e+03 1.5199242037e+01
1.90500e+03 2.3596268087e+03 2.7871727672e+00
1.90600e+03 2.3607944796e+03 3.1886716207e-01
1.90700e+03 2.3617581372e+03 1.4960074470e+00
1.90800e+03 2.3627771947e+03 2.5217039954e+00
1.90900e+03 2.3638089639e+03 1.7373681174e+01
1.91000e+03 2.3647297721e+03 2.8416105224e+00
1.91100e+03 2.3656535065e+03 2.4792590701e+00
1.91200e+03 2.3667097814e+03 6.6443521799e-01
1.91300e+03 2.3677482988e+03 5.7050144858e-01
1.91400e+03 2.3687395921e+03 9.0130444113e+00
1.91500e+03 2.3697448314e+03 1.7706713317e+00
1.91600e+03 2.3706876610e+03 1.6493647944e+00
1.91700e+03 2.3714375465e+03 4.8992183536e-01
1.91800e+03 2.3722325641e+03 3.1049448652e-01
1.91900e+03 2.3729911870e+03 2.4661634928e-01
1.92000e+03 2.3737118776e+03 5.4779496786e-02
1.92100e+03 2.3745404893e+03 7.7079724119e-01
1.92200e+03 2.3754019027e+03 2.6467043220e-01
1.92300e+03 2.3762448083e+03 2.7869970315e-01
1.92400e+03 2.3769711838e+03 2.1692052691e+00
1.92500e+03 2.3776917723e+03 5.4529275919e-01
1.92600e+03 2.3783938531e+03 5.2045277572e-01
1.92700e+03 2.3793422967e+03 2.5543699387e+00
1.92800e+03 2.3804389069e+03 1.0989849298e+00
1.92900e+03 2.3815688722e+03 2.8705973685e-01
1.93000e+03 2.3827126130e+03 8.4752099158e-01
1.93100e+03 2.3838033724e+03 1.4847471387e+00
1.93200e+03 2.3848449903e+03 7.0520478490e-01
1.93300e+03 2.3859689000e+03 8.4061777604e-01
1.93400e+03 2.3871091114e+03 8.3624779132e-01
1.93500e+03 2.3882241117e+03 8.2650223130e-01
1.93600e+03 2.3893442135e+03 8.0556617869e-01
1.93700e+03 2.3904491760e+03 7.9472282478e-01
1.93800e+03 2.3914322082e+03 2.8095129120e-01
1.93900e+03 2.3924083516e+03 2.7424005900e+00
1.94000e+03 2.3933618835e+03 2.7101579873e+00
1.94100e+03 2.3943329422e+03 4.9308448102e-01
1.94200e+03 2.3954340236e+03 7.7490767954e-01
1.94300e+03 2.3965297913e+03 7.6493791884e-01
1.94400e+03 2.3974996405e+03 5.0890867623e-01
1.94500e+03 2.3984686858e+03 5.0638646755e-01
1.94600e+03 2.3994167460e+03 4.8409107071e-01
1.94700e+03 2.4003843599e+03 4.8217548290e-01
1.94800e+03 2.4014828519e+03 7.6158356839e-01
1.94900e+03 2.4025769192e+03 7.5912158458e-01
1.95000e+03 2.4035453817e+03 5.0209568270e-01
1.95100e+03 2.4045134718e+03 5.0206982040e-01
1.95200e+03 2.4056111392e+03 7.5753783727e-01
1.95300e+03 2.4067045428e+03 7.5611665424e-01
1.95400e+03 2.4078053749e+03 7.5852524130e-01
1.95500e+03 2.4088761247e+03 6.8448993567e-01
1.95600e+03 2.4098189561e+03 5.7555718538e+00
1.95700e+03 2.4105695041e+03 8.4019010451e-01
1.95800e+03 2.4113795782e+03 2.9075801576e-01
1.95900e+03 2.4122034739e+03 1.9779160312e-01
1.96000e+03 2.4129161813e+03 1.0851624189e+00
1.96100e+03 2.4136318009e+03 8.5833366555e-03
1.96200e+03 2.4143324915e+03 2.0591442867e-02
1.96300e+03 2.4152869303e+03 5.5448528333e+00
1.96400e+03 2.4163901415e+03 4.5230396620e+00
1.96500e+03 2.4175256819e+03 6.0788604799e-01
1.96600e+03 2.4185646273e+03 3.3825483568e-01
1.96700e+03 2.4198193130e+03 1.0822914469e+00
1.96800e+03 2.4211104713e+03 1.8908835946e+00
1.96900e+03 2.4223755486e+03 1.1173397437e+00
1.97000e+03 2.4237361027e+03 8.6462105580e-01
1.97100e+03 2.4251251526e+03 5.9142617292e-01
1.97200e+03 2.4264165272e+03 2.0804329517e+00
1.97300e+03 2.4279383856e+03 2.5678116263e-01
1.97400e+03 2.4294951948e+03 1.6383977021e+00
1.97500e+03 2.4307870377e+03 2.9719214622e+00
1.97600e+03 2.4321230129e+03 1.9216078917e+00
1.97700e+03 2.4334658668e+03 7.5343281824e+00
1.97800e+03 2.4346799182e+03 5.4166344336e-01
1.97900e+03 2.4356819547e+03 2.8980632330e-01
1.98000e+03 2.4366056236e+03 4.8372342571e-01
1.98100e+03 2.4377987903e+03 1.8491893907e+00
1.98200e+03 2.4391443119e+03 3.1268423273e+00
1.98300e+03 2.4404684879e+03 1.2250865131e+00
1.98400e+03 2.4417750705e+03 1.1849223900e+00
1.98500e+03 2.4431509447e+03 2.5484164573e+00
1.98600e+03 2.4444297891e+03 1.6076109772e+00
1.98700e+03 2.4459279140e+03 2.1913383428e+00
1.98800e+03 2.4475664267e+03 3.3193002829e-01
1.98900e+03 2.4491734817e+03 1.7982146442e+00
1.99000e+03 2.4507585630e+03 1.7429850524e+00
1.99100e+03 2.4523454617e+03 1.7210857242e+00
1.99200e+03 2.4539187979e+03 1.7076196107e+00
1.99300e+03 2.4554974243e+03 1.6976396065e+00
1.99400e+03 2.4570252061e+03 3.4657963637e+00
1.99500e+03 2.4583178833e+03 2.3798837716e+00
1.99600e+03 2.4596275822e+03 8.9603481618e+00
1.99700e+03 2.4609371597e+03 7.6090271147e+00
1.99800e+03 2.4622555668e+03 1.1693698292e+00
1.99900e+03 2.4635666161e+03 1.1696722703e+00
2.00000e+03 2.4648859979e+03 1.1694773421e+00
